[name]
unknown

[dist]
# distance from previous block
# <min> <max>
1	774

[block]
# block no. 0 follows, 293 sequences, length 37
# corresponding to MSA columns:
# 1016-1021,1025,1026,1033-1040,1043,1054-1063,1098-1103,1105-1108
name=unknown_A
#
# <colnr> <probs for GDERKNQSTAVLIFYWHMCP>
#	G	D	E	R	K	N	Q	S	T	A	V	L	I	F	Y	W	H	M	C	P
0	0.08347	0.00180	0.00197	0.00178	0.00226	0.00190	0.00137	0.06545	0.29871	0.08993	0.13532	0.05596	0.12449	0.06381	0.00157	0.03460	0.00082	0.02160	0.01183	0.00135
1	0.01976	0.00218	0.00245	0.00210	0.00276	0.00234	0.00166	0.09023	0.50184	0.25315	0.00427	0.03771	0.00318	0.01125	0.00116	0.00037	0.00090	0.00125	0.05972	0.00172
2	0.05708	0.00122	0.00139	0.00135	0.00149	0.00121	0.00087	0.00208	0.00187	0.08070	0.02220	0.04621	0.00413	0.70696	0.01367	0.00091	0.00104	0.04551	0.00926	0.00085
3	0.50067	0.00205	0.00190	0.00173	0.02028	0.03736	0.00134	0.04111	0.02412	0.13502	0.04727	0.01914	0.00703	0.02107	0.04025	0.00041	0.00098	0.00957	0.08740	0.00131
4	0.00151	0.00101	0.00136	0.00158	0.00168	0.00094	0.00108	0.00172	0.00219	0.03803	0.00607	0.89719	0.00717	0.00340	0.00142	0.00045	0.00067	0.03054	0.00105	0.00095
5	0.86104	0.00216	0.00175	0.00153	0.00223	0.00246	0.00126	0.03687	0.00210	0.06351	0.00180	0.00200	0.00135	0.00107	0.00073	0.00034	0.00088	0.00066	0.01499	0.00127
6	0.00253	0.00196	0.00220	0.00201	0.01648	0.00215	0.00154	0.06252	0.47395	0.04746	0.15857	0.02612	0.07754	0.00202	0.03851	0.00042	0.01905	0.00146	0.06201	0.00149
7	0.00195	0.00102	0.00152	0.00150	0.00150	0.00105	0.00102	0.00150	0.00146	0.00196	0.00192	0.00335	0.00192	0.00380	0.00433	0.93338	0.03482	0.00097	0.00048	0.00051
8	0.00263	0.00301	0.00658	0.00470	0.00583	0.00282	0.94982	0.00357	0.00263	0.00357	0.00226	0.00301	0.00169	0.00094	0.00132	0.00038	0.00188	0.00132	0.00056	0.00150
9	0.00185	0.00126	0.00155	0.00148	0.00180	0.00117	0.00111	0.01275	0.04813	0.07634	0.47781	0.12905	0.18583	0.02076	0.02452	0.00602	0.00068	0.00565	0.00114	0.00111
10	0.01078	0.02871	0.04972	0.06348	0.16225	0.02368	0.31401	0.02100	0.01176	0.00797	0.03422	0.02671	0.02104	0.09318	0.07428	0.00054	0.03815	0.01653	0.00063	0.00136
11	0.00211	0.00198	0.00334	0.95814	0.00768	0.00248	0.00310	0.00285	0.00223	0.00285	0.00198	0.00297	0.00149	0.00111	0.00111	0.00037	0.00149	0.00099	0.00050	0.00124
12	0.00186	0.00158	0.00251	0.44280	0.04190	0.00184	0.00219	0.00941	0.00215	0.00286	0.00334	0.24526	0.00338	0.00312	0.16973	0.02107	0.01218	0.03104	0.00067	0.00111
13	0.05673	0.04608	0.06740	0.14968	0.18095	0.03017	0.25288	0.03111	0.01416	0.01884	0.00230	0.00325	0.00192	0.07908	0.02978	0.00998	0.01418	0.00949	0.00060	0.00142
14	0.00226	0.05278	0.08873	0.01577	0.02391	0.00159	0.04431	0.02409	0.00957	0.00251	0.00210	0.00333	0.00197	0.00322	0.00355	0.71679	0.00115	0.00100	0.00055	0.00084
15	0.00276	0.00265	0.00452	0.00684	0.95387	0.00265	0.00342	0.00342	0.00254	0.00364	0.00210	0.00276	0.00177	0.00099	0.00110	0.00033	0.00132	0.00099	0.00055	0.00177
16	0.00187	0.00173	0.05442	0.03907	0.07677	0.00154	0.02598	0.04040	0.07668	0.00800	0.12142	0.29469	0.18509	0.00251	0.01391	0.00041	0.00088	0.04317	0.01027	0.00119
17	0.10349	0.21087	0.19624	0.06323	0.10372	0.12682	0.06710	0.02046	0.02675	0.06482	0.00208	0.00240	0.00161	0.00107	0.00098	0.00032	0.00509	0.00083	0.00061	0.00151
18	0.00161	0.00123	0.01569	0.00187	0.03018	0.00112	0.02511	0.00195	0.01389	0.02744	0.04421	0.69040	0.02831	0.00313	0.00140	0.00044	0.00076	0.10921	0.00102	0.00101
19	0.00141	0.00114	0.00127	0.00135	0.01007	0.00100	0.00098	0.00174	0.01504	0.00312	0.07727	0.19477	0.61837	0.01233	0.00139	0.00040	0.00062	0.05572	0.00104	0.00096
20	0.00641	0.14854	0.38559	0.02381	0.09918	0.03199	0.05818	0.02248	0.01622	0.18441	0.00245	0.00266	0.00177	0.00114	0.00423	0.00034	0.00739	0.00090	0.00069	0.00165
21	0.00535	0.12862	0.30217	0.09506	0.11062	0.06213	0.06669	0.01858	0.02309	0.01430	0.00696	0.00904	0.00185	0.01629	0.08571	0.00048	0.04011	0.01091	0.00056	0.00147
22	0.00190	0.00151	0.00226	0.30574	0.02198	0.00167	0.01675	0.02914	0.00676	0.02193	0.02076	0.35189	0.02243	0.04964	0.03656	0.00049	0.02144	0.06062	0.02541	0.00110
23	0.01336	0.03648	0.34842	0.09226	0.17273	0.02552	0.10666	0.03384	0.07893	0.03673	0.01491	0.00284	0.00534	0.00115	0.00117	0.00331	0.02315	0.00099	0.00062	0.00160
24	0.02043	0.13188	0.16995	0.12335	0.13983	0.07944	0.03177	0.13157	0.03012	0.08921	0.00698	0.00645	0.00474	0.00122	0.00606	0.00381	0.00787	0.01028	0.00347	0.00158
25	0.01067	0.00862	0.03164	0.43024	0.14195	0.01835	0.08875	0.02313	0.01157	0.02236	0.01781	0.09259	0.04044	0.00147	0.00121	0.00037	0.01819	0.02806	0.01124	0.00133
26	0.00184	0.00141	0.00173	0.02206	0.00214	0.00144	0.00633	0.02848	0.17497	0.01708	0.05317	0.48119	0.08178	0.00870	0.01107	0.00044	0.00691	0.07539	0.00440	0.01947
27	0.01931	0.03843	0.11839	0.05118	0.09349	0.08093	0.04867	0.08987	0.13355	0.08910	0.07119	0.05884	0.02346	0.00159	0.01339	0.00037	0.03929	0.01325	0.00720	0.00847
28	0.04805	0.01982	0.09363	0.14580	0.05700	0.00590	0.05262	0.10266	0.02857	0.23383	0.00345	0.07028	0.01490	0.01481	0.00122	0.00038	0.00588	0.07827	0.00090	0.02204
29	0.01665	0.10826	0.36606	0.03995	0.02189	0.00740	0.03457	0.03214	0.04039	0.01720	0.02260	0.00620	0.00183	0.00105	0.00098	0.00029	0.00482	0.00084	0.00061	0.27628
30	0.02249	0.00199	0.01562	0.00179	0.02591	0.00154	0.00140	0.01074	0.01261	0.03267	0.05194	0.00299	0.03580	0.00101	0.00089	0.00020	0.00083	0.00082	0.00073	0.77802
31	0.00156	0.00127	0.01780	0.01353	0.00186	0.00114	0.00897	0.00660	0.01350	0.01045	0.29743	0.21185	0.31189	0.00722	0.02167	0.00042	0.01575	0.04151	0.00105	0.01455
32	0.01084	0.16411	0.08416	0.03937	0.03031	0.04498	0.02523	0.03770	0.02573	0.07913	0.03133	0.02912	0.01635	0.00448	0.00097	0.00027	0.00109	0.00821	0.00072	0.36591
33	0.01183	0.00110	0.00852	0.01501	0.01978	0.00102	0.00112	0.00172	0.00216	0.00974	0.03815	0.72545	0.04634	0.04004	0.01467	0.03021	0.00074	0.01154	0.01991	0.00093
34	0.01888	0.01376	0.04682	0.00194	0.01114	0.08606	0.00671	0.02697	0.05110	0.01776	0.00761	0.04383	0.02019	0.01543	0.01509	0.01305	0.00757	0.01445	0.00071	0.58093
35	0.02328	0.10297	0.10322	0.03180	0.06945	0.04027	0.04656	0.11048	0.03542	0.08774	0.03398	0.11225	0.02980	0.01917	0.00601	0.00035	0.00939	0.00417	0.00080	0.13292
36	0.05342	0.28157	0.02506	0.08737	0.03156	0.11979	0.01579	0.03540	0.04747	0.02825	0.03695	0.08629	0.04164	0.02442	0.00847	0.02100	0.01941	0.00939	0.00070	0.02608

[dist]
# distance from previous block
# <min> <max>
0	58

[block]
# block no. 1 follows, 293 sequences, length 16
# corresponding to MSA columns:
# 1301-1314,1318,1319
name=unknown_B
#
# <colnr> <probs for GDERKNQSTAVLIFYWHMCP>
#	G	D	E	R	K	N	Q	S	T	A	V	L	I	F	Y	W	H	M	C	P
0	0.02751	0.19895	0.20131	0.02764	0.02366	0.04966	0.02151	0.14008	0.05411	0.04833	0.01568	0.03836	0.00214	0.03032	0.01386	0.00035	0.01034	0.00097	0.00072	0.09449
1	0.00200	0.06856	0.03657	0.02072	0.01801	0.04291	0.01536	0.03245	0.02059	0.02021	0.02624	0.32841	0.03482	0.20325	0.02010	0.00756	0.00102	0.06765	0.00084	0.03272
2	0.02167	0.14078	0.52766	0.01075	0.03264	0.00266	0.00838	0.01973	0.05215	0.05056	0.03011	0.00290	0.02370	0.01344	0.01050	0.00035	0.00138	0.00091	0.00062	0.04911
3	0.01426	0.00132	0.00178	0.00171	0.00188	0.00150	0.00127	0.00213	0.03048	0.01469	0.00304	0.00497	0.00302	0.27901	0.53121	0.01276	0.06999	0.00128	0.00064	0.02306
4	0.00224	0.01213	0.02982	0.66711	0.01728	0.00974	0.04709	0.01392	0.10195	0.00317	0.00240	0.02257	0.00188	0.00134	0.01804	0.00039	0.01936	0.00107	0.02718	0.00132
5	0.00225	0.00207	0.00331	0.47052	0.19636	0.00224	0.03153	0.01248	0.01475	0.00326	0.02031	0.04168	0.01761	0.00125	0.00111	0.00034	0.00127	0.02966	0.00061	0.14737
6	0.00169	0.00118	0.00150	0.01012	0.00175	0.00110	0.00107	0.00220	0.01633	0.03684	0.70044	0.03886	0.10643	0.04373	0.01072	0.00040	0.00061	0.01134	0.01262	0.00106
7	0.00240	0.00773	0.05111	0.20278	0.13703	0.01160	0.01538	0.08659	0.07435	0.03952	0.06301	0.09320	0.05854	0.02315	0.07563	0.00050	0.04431	0.01100	0.00078	0.00137
8	0.00205	0.00124	0.00157	0.00149	0.00180	0.00117	0.00112	0.01079	0.03354	0.11405	0.47183	0.17167	0.03353	0.01731	0.00131	0.00037	0.00063	0.01714	0.11624	0.00114
9	0.00258	0.04759	0.13854	0.29095	0.12470	0.01904	0.06030	0.07765	0.14385	0.01038	0.01824	0.00315	0.00888	0.00995	0.00820	0.00732	0.01366	0.00104	0.01247	0.00150
10	0.93066	0.00215	0.00168	0.00149	0.00218	0.00247	0.00122	0.00336	0.00195	0.04249	0.00166	0.00189	0.00127	0.00105	0.00071	0.00034	0.00087	0.00062	0.00072	0.00123
11	0.00236	0.01149	0.07721	0.20391	0.13430	0.00241	0.07529	0.04288	0.14151	0.00370	0.11959	0.01045	0.01905	0.01708	0.02336	0.00042	0.07906	0.02284	0.01169	0.00142
12	0.00162	0.00107	0.00131	0.00134	0.00137	0.00109	0.00082	0.00165	0.00170	0.00229	0.01787	0.09873	0.00414	0.66236	0.11313	0.08519	0.00124	0.00167	0.00069	0.00072
13	0.00261	0.55852	0.02776	0.12522	0.02638	0.01867	0.05212	0.00306	0.00232	0.00970	0.02594	0.10911	0.01480	0.00135	0.00096	0.00030	0.01185	0.00741	0.00059	0.00134
14	0.01073	0.02550	0.07648	0.01821	0.00307	0.03560	0.00236	0.00297	0.03010	0.03168	0.01094	0.01082	0.00176	0.00204	0.04899	0.00050	0.62701	0.00098	0.00056	0.05972
15	0.03762	0.27048	0.14252	0.00935	0.04953	0.02734	0.01255	0.33624	0.02243	0.05297	0.01346	0.00249	0.00182	0.00118	0.00102	0.00031	0.01538	0.00087	0.00078	0.00165

[dist]
# distance from previous block
# <min> <max>
0	1

[block]
# block no. 2 follows, 293 sequences, length 11
# corresponding to MSA columns:
# 1321-1331
name=unknown_C
#
# <colnr> <probs for GDERKNQSTAVLIFYWHMCP>
#	G	D	E	R	K	N	Q	S	T	A	V	L	I	F	Y	W	H	M	C	P
0	0.01625	0.02001	0.05573	0.17481	0.28113	0.04052	0.11042	0.04375	0.01620	0.01450	0.00242	0.03751	0.00211	0.00164	0.04279	0.00043	0.09740	0.04031	0.00061	0.00146
1	0.00255	0.03419	0.64279	0.01486	0.00432	0.00270	0.01427	0.09727	0.12556	0.01464	0.00246	0.01513	0.00182	0.00117	0.00107	0.00035	0.00146	0.00093	0.00064	0.02182
2	0.00177	0.00130	0.00168	0.02388	0.00208	0.00126	0.01904	0.03644	0.01605	0.02204	0.13129	0.18068	0.19915	0.07420	0.01383	0.00049	0.00085	0.25250	0.02043	0.00104
3	0.00173	0.00138	0.02224	0.01057	0.01861	0.00137	0.00132	0.03115	0.03040	0.00300	0.02329	0.37903	0.04121	0.12646	0.27590	0.00091	0.01660	0.00207	0.00085	0.01189
4	0.00145	0.00111	0.00132	0.00136	0.00162	0.00100	0.00100	0.00179	0.00261	0.00342	0.30626	0.20801	0.36515	0.03375	0.01794	0.00044	0.00065	0.04909	0.00108	0.00097
5	0.59871	0.00210	0.02701	0.01437	0.00240	0.00226	0.00829	0.03952	0.04510	0.02613	0.01263	0.08485	0.00233	0.00165	0.02840	0.01097	0.01497	0.04578	0.00078	0.03176
6	0.00235	0.00204	0.00229	0.00171	0.00263	0.03165	0.00136	0.01952	0.00240	0.00362	0.00239	0.02551	0.01879	0.00102	0.00089	0.00020	0.00087	0.03502	0.00069	0.84505
7	0.00217	0.00205	0.00346	0.86330	0.10202	0.00249	0.00313	0.00291	0.00226	0.00293	0.00199	0.00295	0.00151	0.00110	0.00111	0.00037	0.00147	0.00099	0.00050	0.00129
8	0.02707	0.00236	0.00273	0.00235	0.03349	0.01054	0.01955	0.32675	0.18479	0.04906	0.08367	0.05328	0.03838	0.00163	0.00125	0.00035	0.04403	0.03056	0.00102	0.08714
9	0.03213	0.03670	0.00269	0.29108	0.02114	0.05675	0.02004	0.00289	0.00231	0.09507	0.00315	0.14476	0.01689	0.03560	0.04515	0.02295	0.04299	0.03207	0.01279	0.08286
10	0.01403	0.20116	0.06443	0.03207	0.00272	0.04498	0.00169	0.06552	0.02207	0.01442	0.13110	0.05615	0.09959	0.03244	0.00122	0.00033	0.00991	0.04177	0.00080	0.16359

[dist]
# distance from previous block
# <min> <max>
0	34

[block]
# block no. 3 follows, 293 sequences, length 14
# corresponding to MSA columns:
# 1371-1384
name=unknown_D
#
# <colnr> <probs for GDERKNQSTAVLIFYWHMCP>
#	G	D	E	R	K	N	Q	S	T	A	V	L	I	F	Y	W	H	M	C	P
0	0.34175	0.02540	0.01202	0.01670	0.01591	0.04516	0.01431	0.16041	0.12268	0.05694	0.03929	0.02032	0.01121	0.00132	0.00100	0.00830	0.00709	0.01477	0.00086	0.08456
1	0.02066	0.02064	0.27991	0.04469	0.13363	0.04028	0.06204	0.06479	0.07617	0.02372	0.03733	0.01768	0.01310	0.00707	0.00114	0.00033	0.01713	0.00101	0.00068	0.13801
2	0.03612	0.05803	0.01625	0.00812	0.02229	0.15297	0.09286	0.16544	0.11048	0.05985	0.03104	0.03135	0.06330	0.00892	0.00906	0.00036	0.03174	0.05619	0.00086	0.04474
3	0.96870	0.00216	0.00164	0.00147	0.00216	0.00250	0.00121	0.00328	0.00190	0.00500	0.00155	0.00181	0.00121	0.00103	0.00069	0.00034	0.00086	0.00060	0.00069	0.00121
4	0.06194	0.01902	0.00193	0.00173	0.00207	0.00842	0.00133	0.01999	0.01074	0.16876	0.02284	0.02073	0.00306	0.13805	0.44194	0.04287	0.00827	0.01426	0.01092	0.00113
5	0.00224	0.04000	0.00808	0.01113	0.00249	0.14566	0.04865	0.00259	0.02170	0.00280	0.02104	0.18012	0.02001	0.11510	0.14138	0.02307	0.15957	0.03920	0.01406	0.00108
6	0.00161	0.00117	0.00149	0.00144	0.00169	0.00111	0.00107	0.00206	0.00290	0.01690	0.66729	0.10710	0.12480	0.00242	0.00139	0.00037	0.03387	0.00210	0.02815	0.00104
7	0.00148	0.00116	0.00139	0.00136	0.00164	0.00107	0.00102	0.00187	0.00270	0.00357	0.41134	0.05045	0.39254	0.02428	0.06910	0.00049	0.01829	0.01419	0.00107	0.00099
8	0.00289	0.00250	0.02626	0.00231	0.00298	0.02057	0.01611	0.04961	0.76858	0.04454	0.01814	0.01958	0.00341	0.00154	0.00114	0.00038	0.00095	0.01569	0.00111	0.00172
9	0.00243	0.00191	0.00227	0.00166	0.00258	0.00146	0.00132	0.00291	0.00240	0.06685	0.04090	0.03214	0.00226	0.00100	0.00088	0.00019	0.00082	0.00082	0.00074	0.83444
10	0.00153	0.00105	0.00129	0.00142	0.00148	0.00102	0.00092	0.00167	0.00194	0.00262	0.00491	0.42504	0.01859	0.41982	0.02032	0.00075	0.00089	0.05947	0.03446	0.00082
11	0.00228	0.03424	0.20139	0.12091	0.12336	0.01040	0.04185	0.02656	0.04264	0.01809	0.11791	0.03209	0.04337	0.01247	0.05174	0.00045	0.08738	0.03075	0.00071	0.00138
12	0.01490	0.03645	0.00228	0.28999	0.00368	0.01057	0.00942	0.02646	0.04302	0.00338	0.03782	0.23151	0.05588	0.00186	0.00112	0.00035	0.00096	0.01258	0.14762	0.07012
13	0.07311	0.08443	0.18633	0.01733	0.02327	0.01532	0.01841	0.20943	0.15901	0.08623	0.02595	0.01547	0.03679	0.00136	0.00109	0.00736	0.00648	0.00590	0.00087	0.02583

[dist]
# distance from previous block
# <min> <max>
1	60

[block]
# block no. 4 follows, 293 sequences, length 17
# corresponding to MSA columns:
# 1453-1469
name=unknown_E
#
# <colnr> <probs for GDERKNQSTAVLIFYWHMCP>
#	G	D	E	R	K	N	Q	S	T	A	V	L	I	F	Y	W	H	M	C	P
0	0.05905	0.03901	0.06112	0.06327	0.00893	0.02046	0.07325	0.15112	0.16844	0.02119	0.07941	0.04726	0.10016	0.01887	0.02023	0.00833	0.01090	0.01999	0.01750	0.01151
1	0.00257	0.03633	0.03953	0.04282	0.07987	0.00229	0.00186	0.04141	0.39280	0.04181	0.12295	0.01537	0.02347	0.02864	0.00736	0.00524	0.00096	0.01643	0.00096	0.09733
2	0.00151	0.00114	0.00131	0.00127	0.00159	0.00100	0.00095	0.00189	0.00277	0.02128	0.39372	0.04651	0.48755	0.01430	0.00136	0.00037	0.00056	0.00219	0.01772	0.00100
3	0.00139	0.00099	0.00132	0.00155	0.00164	0.00093	0.00106	0.00159	0.00215	0.00284	0.00625	0.83380	0.05865	0.00354	0.01955	0.02451	0.00071	0.03562	0.00101	0.00090
4	0.00154	0.00114	0.00143	0.00136	0.00164	0.00103	0.00102	0.00203	0.00306	0.00425	0.80819	0.00870	0.15575	0.00236	0.00132	0.00035	0.00053	0.00207	0.00120	0.00103
5	0.00388	0.09238	0.00335	0.01093	0.02616	0.74862	0.00211	0.03605	0.00307	0.00294	0.00188	0.01479	0.00159	0.00118	0.00101	0.00029	0.01156	0.00077	0.03614	0.00132
6	0.00212	0.00200	0.00335	0.92667	0.00752	0.00251	0.00307	0.00284	0.00221	0.00284	0.00196	0.00295	0.00149	0.00114	0.00120	0.00038	0.03303	0.00099	0.00050	0.00124
7	0.96870	0.00216	0.00164	0.00147	0.00216	0.00250	0.00121	0.00328	0.00190	0.00500	0.00155	0.00181	0.00121	0.00103	0.00069	0.00034	0.00086	0.00060	0.00069	0.00121
8	0.00183	0.00101	0.00143	0.00143	0.00144	0.00103	0.00094	0.00154	0.00152	0.00205	0.00240	0.00440	0.00251	0.23040	0.08623	0.65643	0.00117	0.00114	0.00054	0.00057
9	0.00161	0.00115	0.00140	0.00134	0.00165	0.00103	0.00100	0.00206	0.00293	0.03392	0.60087	0.03092	0.28982	0.00242	0.00130	0.00036	0.00055	0.00209	0.02253	0.00104
10	0.00282	0.01587	0.00978	0.02020	0.02706	0.00197	0.00161	0.16773	0.02091	0.05965	0.00233	0.01013	0.00185	0.01007	0.00099	0.00023	0.00998	0.00081	0.00078	0.63523
11	0.01168	0.02171	0.04214	0.30707	0.31204	0.05183	0.03977	0.04918	0.02971	0.04153	0.00253	0.02175	0.01919	0.00742	0.01295	0.00037	0.00692	0.01367	0.00064	0.00788
12	0.02228	0.17257	0.12270	0.07311	0.17237	0.06175	0.04640	0.11517	0.05993	0.06811	0.01919	0.01423	0.00204	0.00135	0.02402	0.00036	0.01431	0.00097	0.00758	0.00157
13	0.04419	0.00203	0.01849	0.05553	0.26975	0.03138	0.02821	0.02360	0.01183	0.04342	0.04607	0.10241	0.01831	0.04770	0.04128	0.10137	0.03184	0.05575	0.00730	0.01954
14	0.02308	0.00190	0.02411	0.15433	0.19974	0.00185	0.01564	0.02156	0.02919	0.12490	0.10220	0.12849	0.11449	0.01051	0.00124	0.00038	0.00102	0.03091	0.00088	0.01357
15	0.01283	0.27603	0.12473	0.07501	0.08829	0.09695	0.04203	0.06665	0.02852	0.03291	0.02343	0.02199	0.02067	0.01455	0.01300	0.00034	0.01001	0.01341	0.00065	0.03801
16	0.06062	0.02174	0.04969	0.02520	0.10532	0.06656	0.16482	0.04519	0.02309	0.05611	0.01093	0.01258	0.00186	0.00108	0.00110	0.00794	0.02260	0.00092	0.00069	0.32197

[dist]
# distance from previous block
# <min> <max>
1	62

[block]
# block no. 5 follows, 293 sequences, length 13
# corresponding to MSA columns:
# 1555-1567
name=unknown_F
#
# <colnr> <probs for GDERKNQSTAVLIFYWHMCP>
#	G	D	E	R	K	N	Q	S	T	A	V	L	I	F	Y	W	H	M	C	P
0	0.03726	0.04647	0.03833	0.01342	0.01735	0.00845	0.02748	0.04366	0.06018	0.07008	0.18259	0.01185	0.16282	0.01380	0.00117	0.00032	0.01142	0.00614	0.00091	0.24631
1	0.03633	0.10445	0.25406	0.03233	0.05811	0.00726	0.08208	0.07796	0.10411	0.05372	0.04438	0.01256	0.03607	0.03028	0.01337	0.00038	0.01106	0.00732	0.00074	0.03345
2	0.50025	0.11606	0.04963	0.01058	0.02989	0.01347	0.01321	0.06003	0.05951	0.04323	0.01313	0.00254	0.01517	0.00118	0.00093	0.00034	0.02982	0.01278	0.00613	0.02213
3	0.00233	0.03420	0.37220	0.04950	0.02538	0.03805	0.06161	0.02370	0.04080	0.01915	0.05130	0.08321	0.05482	0.00144	0.00117	0.00034	0.02636	0.00121	0.00068	0.11256
4	0.01951	0.01367	0.00825	0.01992	0.01500	0.01115	0.03526	0.01068	0.07136	0.02334	0.57919	0.01977	0.11173	0.01276	0.00137	0.00037	0.02028	0.02414	0.00110	0.00116
5	0.00265	0.08334	0.34566	0.05099	0.09517	0.01909	0.05509	0.08213	0.15531	0.02122	0.02448	0.01387	0.01537	0.01234	0.00115	0.00036	0.00679	0.00654	0.00686	0.00160
6	0.00148	0.00110	0.00136	0.00140	0.00162	0.00100	0.00101	0.00184	0.00265	0.00356	0.41527	0.23748	0.21547	0.06450	0.00163	0.00044	0.00062	0.04551	0.00109	0.00097
7	0.00868	0.02028	0.12041	0.04210	0.02393	0.01464	0.05711	0.02059	0.14498	0.01176	0.28727	0.06863	0.13636	0.00198	0.01092	0.00038	0.01022	0.00166	0.01683	0.00129
8	0.76644	0.00208	0.00177	0.00155	0.00224	0.00232	0.00127	0.00360	0.02365	0.13836	0.02414	0.00235	0.00173	0.00113	0.00078	0.00034	0.00086	0.00073	0.02337	0.00131
9	0.00158	0.00114	0.00143	0.00147	0.00171	0.00106	0.00110	0.00199	0.01621	0.01354	0.38734	0.21874	0.17631	0.02673	0.00151	0.01409	0.00065	0.11591	0.01650	0.00100
10	0.00161	0.00129	0.02114	0.00153	0.00182	0.00923	0.01230	0.00205	0.02179	0.01652	0.40298	0.31111	0.13820	0.02017	0.01018	0.00041	0.00067	0.00231	0.00108	0.02359
11	0.02683	0.01214	0.01215	0.71792	0.05211	0.00253	0.02323	0.06173	0.01293	0.00329	0.01803	0.00297	0.00170	0.00114	0.00112	0.00036	0.01108	0.00099	0.00057	0.03719
12	0.13004	0.02395	0.08376	0.06572	0.14935	0.02018	0.01582	0.06617	0.06759	0.03547	0.01607	0.18331	0.00308	0.01504	0.02072	0.00041	0.04210	0.01889	0.00078	0.04155

[dist]
# distance from previous block
# <min> <max>
4	27

[block]
# block no. 6 follows, 293 sequences, length 6
# corresponding to MSA columns:
# 1599,1602-1606
name=unknown_G
#
# <colnr> <probs for GDERKNQSTAVLIFYWHMCP>
#	G	D	E	R	K	N	Q	S	T	A	V	L	I	F	Y	W	H	M	C	P
0	0.01267	0.00214	0.00285	0.06944	0.07627	0.04577	0.09731	0.06588	0.03841	0.05072	0.02960	0.03599	0.07829	0.05929	0.02959	0.01197	0.01165	0.04335	0.00078	0.23803
1	0.00170	0.00116	0.00138	0.00139	0.00147	0.00118	0.00090	0.03331	0.00189	0.00252	0.00410	0.06678	0.04968	0.65054	0.07755	0.03310	0.00117	0.06865	0.00074	0.00079
2	0.10949	0.00195	0.00238	0.00218	0.03409	0.00209	0.03624	0.09138	0.21986	0.08546	0.20116	0.01931	0.02363	0.00187	0.00137	0.03401	0.03243	0.09867	0.00102	0.00140
3	0.05128	0.00215	0.00232	0.00186	0.01591	0.06098	0.00144	0.04379	0.01614	0.05799	0.04174	0.03727	0.02302	0.01565	0.00106	0.00025	0.01914	0.01912	0.00077	0.58810
4	0.01537	0.13071	0.12829	0.03627	0.17864	0.04118	0.05699	0.07682	0.03455	0.12003	0.04275	0.03478	0.00242	0.00127	0.00111	0.00033	0.02098	0.01211	0.00075	0.06466
5	0.02134	0.01779	0.00328	0.02060	0.06550	0.57036	0.03303	0.08125	0.01644	0.03340	0.01648	0.00253	0.01882	0.00124	0.00119	0.00031	0.05719	0.00086	0.00067	0.03772

[dist]
# distance from previous block
# <min> <max>
2	23

[block]
# block no. 7 follows, 293 sequences, length 17
# corresponding to MSA columns:
# 1634-1637,1640-1650,1652,1653
name=unknown_H
#
# <colnr> <probs for GDERKNQSTAVLIFYWHMCP>
#	G	D	E	R	K	N	Q	S	T	A	V	L	I	F	Y	W	H	M	C	P
0	0.30242	0.08636	0.01994	0.09564	0.03195	0.20629	0.00906	0.04550	0.00797	0.00945	0.01114	0.07556	0.02755	0.00915	0.00106	0.00798	0.02052	0.00099	0.00973	0.02176
1	0.00254	0.01103	0.17440	0.08736	0.08326	0.03603	0.20335	0.08588	0.05194	0.01008	0.04843	0.02579	0.02611	0.03995	0.02410	0.00043	0.05767	0.00862	0.00735	0.01567
2	0.00179	0.00103	0.00143	0.00145	0.00148	0.00104	0.00097	0.00155	0.00163	0.00218	0.01615	0.08780	0.04157	0.16795	0.05817	0.59552	0.01569	0.00136	0.00060	0.00062
3	0.00194	0.00158	0.00195	0.02312	0.01304	0.03786	0.00139	0.02258	0.01387	0.01866	0.02295	0.19048	0.03792	0.27332	0.15781	0.00083	0.16086	0.01810	0.00075	0.00099
4	0.01207	0.00137	0.00188	0.02412	0.00919	0.00731	0.02025	0.02749	0.03010	0.01681	0.04671	0.01147	0.00311	0.16906	0.29362	0.23933	0.04348	0.01981	0.02191	0.00091
5	0.00212	0.00163	0.00236	0.34371	0.02837	0.00172	0.00193	0.00966	0.02342	0.07083	0.13561	0.14095	0.07681	0.01163	0.00708	0.00038	0.00102	0.03640	0.02050	0.08388
6	0.01244	0.75412	0.05418	0.03483	0.00325	0.06854	0.02818	0.01268	0.00236	0.00278	0.00163	0.00193	0.00144	0.00100	0.00083	0.00026	0.01697	0.00066	0.00049	0.00143
7	0.01297	0.00135	0.00178	0.06435	0.01243	0.00127	0.01609	0.00963	0.00879	0.04789	0.40002	0.18076	0.15915	0.00231	0.00129	0.00036	0.00946	0.00202	0.00105	0.06702
8	0.03491	0.14082	0.20912	0.01480	0.04340	0.02981	0.04212	0.03616	0.05862	0.08952	0.01656	0.02536	0.02249	0.00146	0.02442	0.03341	0.01192	0.00096	0.00071	0.16343
9	0.07027	0.02022	0.13329	0.04663	0.04167	0.04579	0.09247	0.01745	0.06701	0.37319	0.02499	0.02326	0.00254	0.01255	0.00118	0.00036	0.01033	0.01421	0.00095	0.00162
10	0.00170	0.00121	0.00160	0.00179	0.00204	0.00116	0.00147	0.00211	0.00249	0.02192	0.02538	0.16945	0.16381	0.02254	0.00155	0.00049	0.00088	0.57638	0.00103	0.00100
11	0.05097	0.00221	0.03777	0.01297	0.02118	0.00201	0.00179	0.14368	0.03532	0.60673	0.01697	0.02855	0.00273	0.00147	0.00939	0.00036	0.00102	0.00113	0.02199	0.00178
12	0.03691	0.08288	0.16517	0.16704	0.11978	0.03884	0.10892	0.04885	0.01122	0.10890	0.02407	0.01540	0.01538	0.00130	0.01270	0.00036	0.03282	0.00103	0.00693	0.00151
13	0.00270	0.01951	0.03998	0.04133	0.03675	0.00184	0.00944	0.05024	0.04662	0.21332	0.10472	0.11875	0.07304	0.02457	0.07032	0.03821	0.08626	0.02010	0.00095	0.00133
14	0.00254	0.00162	0.00198	0.00960	0.00228	0.00167	0.00966	0.04807	0.20595	0.15759	0.08363	0.24310	0.01096	0.03165	0.05171	0.00048	0.01325	0.03156	0.09137	0.00133
15	0.54384	0.02294	0.04976	0.01364	0.02569	0.12202	0.02655	0.05530	0.01165	0.01135	0.00192	0.01553	0.00157	0.00152	0.04930	0.00042	0.03163	0.00833	0.00572	0.00130
16	0.05053	0.00194	0.01228	0.01298	0.02100	0.00199	0.00156	0.11255	0.25180	0.17619	0.03887	0.21162	0.03862	0.01037	0.00120	0.00038	0.00087	0.00163	0.03855	0.01507

[dist]
# distance from previous block
# <min> <max>
12	73

[block]
# block no. 8 follows, 293 sequences, length 8
# corresponding to MSA columns:
# 1768-1771,1779-1782
name=unknown_I
#
# <colnr> <probs for GDERKNQSTAVLIFYWHMCP>
#	G	D	E	R	K	N	Q	S	T	A	V	L	I	F	Y	W	H	M	C	P
0	0.44441	0.06811	0.03582	0.02298	0.02072	0.03053	0.07123	0.04614	0.03635	0.03614	0.04944	0.00265	0.00203	0.01448	0.00098	0.00034	0.01443	0.00084	0.02001	0.08237
1	0.10742	0.01031	0.04006	0.00191	0.02241	0.00960	0.04642	0.02932	0.00220	0.01318	0.05605	0.10695	0.12715	0.05986	0.18019	0.11714	0.01832	0.02269	0.00076	0.02807
2	0.00245	0.00198	0.00232	0.00170	0.00263	0.00155	0.00135	0.04172	0.00246	0.04173	0.00230	0.04789	0.00198	0.00100	0.00088	0.00019	0.00084	0.00081	0.00073	0.84351
3	0.00172	0.00139	0.01426	0.03726	0.02607	0.01392	0.02252	0.00209	0.01037	0.02450	0.23635	0.09585	0.31892	0.08879	0.01488	0.03114	0.01847	0.02395	0.01653	0.00102
4	0.33779	0.00215	0.00249	0.05046	0.04849	0.00213	0.05245	0.04924	0.02320	0.07003	0.01858	0.00254	0.00181	0.00104	0.00088	0.00029	0.00097	0.00080	0.02516	0.30950
5	0.11036	0.01466	0.00344	0.34930	0.33541	0.01686	0.00272	0.00314	0.01645	0.00348	0.01687	0.00288	0.01467	0.00110	0.00110	0.00034	0.02291	0.00095	0.00058	0.08278
6	0.06636	0.12510	0.02074	0.02054	0.04208	0.02496	0.14684	0.12889	0.13808	0.08122	0.01612	0.01407	0.01232	0.00120	0.00108	0.00032	0.01803	0.00101	0.00081	0.14023
7	0.01193	0.00188	0.02612	0.00196	0.02901	0.01156	0.00150	0.04172	0.15105	0.11616	0.10317	0.17571	0.08041	0.00201	0.01881	0.00037	0.01292	0.01439	0.00099	0.19835

[dist]
# distance from previous block
# <min> <max>
2	8

[block]
# block no. 9 follows, 293 sequences, length 22
# corresponding to MSA columns:
# 1798-1819
name=unknown_J
#
# <colnr> <probs for GDERKNQSTAVLIFYWHMCP>
#	G	D	E	R	K	N	Q	S	T	A	V	L	I	F	Y	W	H	M	C	P
0	0.00667	0.05641	0.06586	0.01041	0.01983	0.12700	0.06435	0.06035	0.24732	0.03135	0.19490	0.04110	0.03931	0.00168	0.00540	0.00036	0.00525	0.02008	0.00094	0.00144
1	0.00172	0.02316	0.01806	0.00176	0.00202	0.00136	0.00135	0.01190	0.10007	0.00325	0.04693	0.48710	0.03313	0.03051	0.01277	0.00047	0.00664	0.18646	0.00100	0.03034
2	0.00230	0.00202	0.00291	0.50946	0.01405	0.00211	0.00232	0.04255	0.01361	0.01206	0.01363	0.00280	0.00172	0.00106	0.00104	0.00909	0.00120	0.00088	0.00061	0.36459
3	0.00359	0.03523	0.02666	0.02616	0.00360	0.59393	0.09668	0.06452	0.01321	0.01564	0.01105	0.03315	0.03164	0.01492	0.00113	0.00032	0.00173	0.00826	0.00066	0.01792
4	0.02857	0.19876	0.26977	0.00265	0.02799	0.16562	0.01967	0.02095	0.13225	0.01654	0.05396	0.00316	0.00241	0.00128	0.00106	0.00033	0.01681	0.03603	0.00068	0.00149
5	0.00244	0.00244	0.00341	0.00293	0.00293	0.00341	0.00244	0.00268	0.00171	0.00268	0.00146	0.00244	0.00146	0.00195	0.00366	0.00049	0.95878	0.00098	0.00049	0.00122
6	0.00827	0.00140	0.00183	0.02315	0.00902	0.00138	0.01482	0.02775	0.07830	0.12454	0.05190	0.39970	0.04807	0.06599	0.00163	0.00047	0.00084	0.13876	0.00105	0.00116
7	0.07070	0.01179	0.03850	0.00310	0.00946	0.14862	0.31662	0.14247	0.08245	0.02297	0.06205	0.01415	0.02721	0.00135	0.00117	0.00036	0.00144	0.04333	0.00079	0.00147
8	0.00159	0.00119	0.00179	0.00179	0.00199	0.00139	0.00139	0.00199	0.00179	0.00259	0.00299	0.00438	0.00279	0.00836	0.95641	0.00179	0.00299	0.00119	0.00060	0.00100
9	0.00259	0.00149	0.00174	0.00154	0.00205	0.00136	0.00121	0.03586	0.06621	0.26499	0.05894	0.04671	0.42813	0.01542	0.00129	0.00038	0.00073	0.02372	0.04434	0.00130
10	0.03714	0.00123	0.00142	0.00140	0.00167	0.00115	0.00100	0.00219	0.01704	0.09610	0.11199	0.17384	0.27668	0.23089	0.00233	0.00055	0.00077	0.03186	0.00977	0.00100
11	0.02842	0.00233	0.00253	0.00225	0.00287	0.00267	0.02618	0.00556	0.85040	0.00453	0.00450	0.00431	0.02274	0.03406	0.00128	0.00040	0.00091	0.00128	0.00109	0.00169
12	0.00194	0.00097	0.00143	0.00143	0.00145	0.00097	0.00096	0.00150	0.00149	0.00203	0.00201	0.00342	0.00198	0.00376	0.00420	0.92597	0.00095	0.00097	0.04205	0.00051
13	0.05773	0.00127	0.00163	0.00160	0.00179	0.00139	0.00116	0.03171	0.00192	0.01912	0.03024	0.03805	0.00339	0.29240	0.47590	0.03573	0.00198	0.00136	0.00068	0.00094
14	0.19732	0.00240	0.00256	0.00215	0.02385	0.00260	0.00170	0.38576	0.10150	0.12998	0.05683	0.02495	0.02142	0.00142	0.00104	0.00034	0.00099	0.00110	0.04047	0.00162
15	0.02302	0.00121	0.00142	0.00160	0.00174	0.03097	0.00111	0.01760	0.00229	0.01768	0.04376	0.75581	0.03720	0.01300	0.00141	0.00044	0.00071	0.02796	0.02012	0.00097
16	0.04222	0.02472	0.00270	0.00212	0.00281	0.00260	0.01625	0.49161	0.05423	0.09363	0.00324	0.03346	0.00253	0.02755	0.00118	0.00035	0.00103	0.02485	0.17129	0.00161
17	0.07412	0.00168	0.00208	0.00174	0.00235	0.00156	0.00137	0.03616	0.02426	0.46142	0.12582	0.10088	0.06531	0.05768	0.00142	0.00040	0.00085	0.00797	0.00117	0.03178
18	0.06637	0.00170	0.00207	0.00175	0.00231	0.00164	0.00136	0.02108	0.06543	0.44913	0.02079	0.06048	0.10253	0.12767	0.00180	0.00045	0.03091	0.00142	0.03965	0.00146
19	0.07085	0.00213	0.00233	0.00208	0.00266	0.00236	0.01131	0.10730	0.49292	0.05609	0.06038	0.05497	0.03465	0.02812	0.00128	0.00040	0.00090	0.06091	0.00679	0.00155
20	0.07445	0.00214	0.00241	0.03197	0.00280	0.00226	0.00163	0.26395	0.16587	0.18126	0.03759	0.07315	0.05516	0.04986	0.00135	0.00039	0.00096	0.01077	0.01904	0.02296
21	0.04610	0.00135	0.00176	0.01755	0.00201	0.00138	0.02220	0.03071	0.01066	0.07162	0.12842	0.09808	0.09642	0.18177	0.26567	0.01931	0.00145	0.00164	0.00086	0.00104

[dist]
# distance from previous block
# <min> <max>
0	5

[block]
# block no. 10 follows, 293 sequences, length 8
# corresponding to MSA columns:
# 1825-1830,1840,1841
name=unknown_K
#
# <colnr> <probs for GDERKNQSTAVLIFYWHMCP>
#	G	D	E	R	K	N	Q	S	T	A	V	L	I	F	Y	W	H	M	C	P
0	0.05765	0.00159	0.02966	0.00196	0.00233	0.00152	0.00167	0.08624	0.00267	0.05011	0.00520	0.16040	0.03507	0.00287	0.02297	0.03025	0.00102	0.50470	0.00099	0.00114
1	0.01922	0.04093	0.02973	0.00181	0.02977	0.01896	0.00135	0.00269	0.06438	0.13017	0.05658	0.08767	0.06078	0.08460	0.02241	0.29268	0.00098	0.03336	0.02088	0.00105
2	0.02547	0.00166	0.00219	0.06247	0.04822	0.02622	0.02575	0.04139	0.04138	0.04462	0.06388	0.05444	0.06520	0.10902	0.20795	0.07879	0.04555	0.03805	0.01666	0.00111
3	0.01639	0.00226	0.06644	0.22914	0.23566	0.02010	0.02939	0.01407	0.01356	0.03748	0.02717	0.06806	0.03133	0.03377	0.04959	0.01355	0.01313	0.06870	0.00068	0.02951
4	0.02423	0.00188	0.00255	0.18995	0.13999	0.03854	0.01511	0.01619	0.04482	0.04254	0.07084	0.14498	0.05922	0.03133	0.01316	0.01324	0.02880	0.03833	0.05821	0.02609
5	0.00189	0.00145	0.00170	0.02761	0.02386	0.03864	0.00122	0.01159	0.03212	0.03572	0.09429	0.17545	0.11229	0.25621	0.08161	0.01557	0.01203	0.04514	0.00087	0.03073
6	0.04201	0.00180	0.00255	0.23662	0.13941	0.01409	0.01490	0.01304	0.03006	0.04103	0.07785	0.09803	0.12493	0.06093	0.03446	0.00046	0.01000	0.01615	0.00078	0.04088
7	0.01910	0.04154	0.00342	0.19835	0.25691	0.02184	0.06693	0.02208	0.05940	0.04333	0.01961	0.04319	0.01962	0.06131	0.03296	0.01389	0.00860	0.01063	0.00068	0.05662

[dist]
# distance from previous block
# <min> <max>
0	1135

# created by:
# /home/berkeley/.conda/envs/busco_data_prod/bin/msa2prfl.pl pipeline/OGs_align_augustus/2759/10040024.fs
