[name]
unknown

[dist]
# distance from previous block
# <min> <max>
0	168

[block]
# block no. 0 follows, 243 sequences, length 6
# corresponding to MSA columns:
# 703-708
name=unknown_A
#
# <colnr> <probs for GDERKNQSTAVLIFYWHMCP>
#	G	D	E	R	K	N	Q	S	T	A	V	L	I	F	Y	W	H	M	C	P
0	0.07910	0.13915	0.05961	0.02318	0.09511	0.08675	0.03128	0.07359	0.04894	0.07367	0.03208	0.05964	0.02108	0.04857	0.00155	0.00044	0.01557	0.03765	0.02681	0.04623
1	0.02640	0.10422	0.12412	0.05651	0.05998	0.08140	0.09893	0.06317	0.05947	0.04872	0.06107	0.04213	0.01780	0.04010	0.00164	0.00044	0.04176	0.01958	0.00087	0.05169
2	0.03182	0.08646	0.14382	0.03287	0.05193	0.04717	0.02674	0.07540	0.03291	0.11256	0.05793	0.04298	0.00360	0.17896	0.00242	0.02014	0.01447	0.01233	0.00093	0.02456
3	0.04375	0.25328	0.25534	0.01789	0.04107	0.02075	0.03391	0.09702	0.03036	0.04763	0.02322	0.03965	0.01539	0.00154	0.00129	0.01353	0.01677	0.01141	0.01249	0.02372
4	0.01996	0.00164	0.00198	0.00200	0.02608	0.02502	0.01852	0.00266	0.03313	0.03994	0.25876	0.27349	0.23141	0.00327	0.03240	0.00051	0.00092	0.00262	0.00124	0.02446
5	0.00221	0.00185	0.04433	0.00208	0.02439	0.00157	0.02958	0.03289	0.03263	0.05188	0.36028	0.13690	0.26864	0.00282	0.00154	0.00044	0.00085	0.00246	0.00128	0.00137

[dist]
# distance from previous block
# <min> <max>
6	15

[block]
# block no. 1 follows, 243 sequences, length 16
# corresponding to MSA columns:
# 733-748
name=unknown_B
#
# <colnr> <probs for GDERKNQSTAVLIFYWHMCP>
#	G	D	E	R	K	N	Q	S	T	A	V	L	I	F	Y	W	H	M	C	P
0	0.01438	0.38899	0.16098	0.00321	0.06662	0.10193	0.03539	0.07886	0.00319	0.04853	0.02603	0.02247	0.00230	0.00151	0.01561	0.00039	0.02608	0.00103	0.00074	0.00179
1	0.01239	0.04796	0.05802	0.04834	0.07268	0.00243	0.02449	0.05761	0.03695	0.05324	0.00283	0.00317	0.01717	0.00119	0.00114	0.00029	0.00957	0.00097	0.00084	0.54872
2	0.06053	0.48190	0.15280	0.02845	0.01731	0.02235	0.04029	0.06419	0.05521	0.04268	0.00248	0.01537	0.00203	0.00131	0.00108	0.00035	0.00819	0.00095	0.00073	0.00180
3	0.01590	0.00197	0.02925	0.00256	0.07596	0.01370	0.00182	0.03950	0.08994	0.03227	0.19645	0.31556	0.04916	0.00289	0.00153	0.00047	0.00097	0.09460	0.00121	0.03428
4	0.00495	0.00290	0.00337	0.00264	0.00365	0.00294	0.00215	0.35182	0.14750	0.37974	0.00427	0.00395	0.00291	0.00159	0.00131	0.00039	0.00123	0.00126	0.00141	0.08002
5	0.01704	0.03537	0.10554	0.02589	0.00355	0.00249	0.01629	0.17009	0.05040	0.09053	0.09853	0.03431	0.03502	0.00791	0.03818	0.00049	0.00973	0.12390	0.00642	0.12830
6	0.03220	0.00234	0.00297	0.00228	0.00331	0.00205	0.00186	0.03600	0.04190	0.64410	0.00469	0.00425	0.02330	0.00154	0.00126	0.00037	0.00109	0.00124	0.00142	0.19183
7	0.00181	0.00137	0.00169	0.00164	0.00199	0.00122	0.00122	0.00232	0.00339	0.00464	0.57169	0.12394	0.22236	0.00298	0.00156	0.00043	0.00068	0.01523	0.00135	0.03848
8	0.00543	0.00222	0.00299	0.00234	0.00327	0.00198	0.00191	0.00599	0.01913	0.80265	0.02208	0.02868	0.00351	0.00173	0.00143	0.00041	0.03242	0.00139	0.02521	0.03523
9	0.03718	0.00230	0.00300	0.00234	0.00332	0.00209	0.00192	0.03156	0.05835	0.79759	0.02569	0.00455	0.00344	0.00166	0.00132	0.00041	0.00111	0.00134	0.01863	0.00218
10	0.00182	0.00139	0.00149	0.00147	0.00191	0.00120	0.00110	0.00224	0.01636	0.04036	0.08335	0.06539	0.73411	0.00323	0.00155	0.00045	0.00070	0.01542	0.02529	0.00119
11	0.00307	0.01298	0.18960	0.21598	0.22239	0.06619	0.08188	0.05034	0.01264	0.00411	0.00273	0.01188	0.00227	0.00717	0.00156	0.00616	0.05266	0.04784	0.00678	0.00176
12	0.02514	0.00256	0.00292	0.00246	0.00327	0.00270	0.00196	0.10966	0.41125	0.28091	0.10520	0.00536	0.03690	0.00187	0.00136	0.00043	0.00106	0.00154	0.00143	0.00202
13	0.00166	0.00122	0.00169	0.00192	0.00204	0.00113	0.02210	0.00192	0.00259	0.00347	0.03928	0.89917	0.00875	0.00404	0.00169	0.00053	0.00080	0.00368	0.00123	0.00110
14	0.00984	0.00163	0.00194	0.00864	0.00237	0.00160	0.00146	0.01383	0.14347	0.06803	0.08510	0.30832	0.25168	0.00336	0.02719	0.00053	0.00092	0.06745	0.00127	0.00137
15	0.06600	0.04848	0.39105	0.02157	0.05224	0.01414	0.02975	0.06531	0.07905	0.07675	0.01386	0.03310	0.00753	0.02501	0.00159	0.00045	0.05999	0.00626	0.00600	0.00185

[dist]
# distance from previous block
# <min> <max>
7	9

[block]
# block no. 2 follows, 243 sequences, length 17
# corresponding to MSA columns:
# 773-781,783,784,788-793
name=unknown_C
#
# <colnr> <probs for GDERKNQSTAVLIFYWHMCP>
#	G	D	E	R	K	N	Q	S	T	A	V	L	I	F	Y	W	H	M	C	P
0	0.04925	0.02195	0.31348	0.02606	0.03249	0.01808	0.01615	0.18616	0.20689	0.04645	0.02569	0.01081	0.00270	0.00151	0.00131	0.00041	0.01050	0.00120	0.00098	0.02790
1	0.00337	0.00289	0.00304	0.00271	0.00348	0.00333	0.00212	0.04658	0.90305	0.00567	0.00531	0.00488	0.00397	0.00179	0.00135	0.00045	0.00107	0.00149	0.00135	0.00211
2	0.00187	0.00140	0.00168	0.00178	0.00211	0.00129	0.00136	0.00238	0.03372	0.02055	0.12640	0.23974	0.35642	0.02066	0.00173	0.00051	0.00083	0.18311	0.00126	0.00119
3	0.00349	0.00276	0.00394	0.01196	0.01472	0.01950	0.18915	0.27210	0.03992	0.06967	0.02811	0.08487	0.00434	0.00952	0.02068	0.00051	0.01538	0.20650	0.00114	0.00174
4	0.43915	0.00472	0.46335	0.00296	0.00437	0.00305	0.05690	0.00407	0.00257	0.00500	0.00216	0.00255	0.00159	0.00124	0.00108	0.00042	0.00155	0.00089	0.00069	0.00171
5	0.00205	0.00152	0.00186	0.00201	0.00224	0.00154	0.00143	0.00294	0.17184	0.02046	0.01852	0.60106	0.03280	0.06904	0.00198	0.00057	0.00089	0.06475	0.00123	0.00128
6	0.00262	0.04662	0.15014	0.30813	0.00546	0.02863	0.05555	0.07621	0.00303	0.00399	0.01728	0.22156	0.02675	0.00215	0.00142	0.00046	0.00150	0.04610	0.00085	0.00153
7	0.02955	0.20297	0.19597	0.05573	0.06353	0.03690	0.02290	0.05709	0.04789	0.12790	0.03074	0.01614	0.06969	0.01020	0.00790	0.00041	0.01261	0.00125	0.00882	0.00180
8	0.01145	0.02699	0.24920	0.03048	0.01847	0.16443	0.02764	0.20439	0.01591	0.00475	0.01678	0.17682	0.02671	0.00206	0.01151	0.00044	0.00163	0.00769	0.00092	0.00172
9	0.00164	0.00118	0.00156	0.00182	0.00193	0.00110	0.00124	0.00191	0.00263	0.00351	0.06118	0.82393	0.04994	0.01687	0.00175	0.00054	0.00077	0.02417	0.00124	0.00109
10	0.00333	0.02213	0.07034	0.08247	0.37349	0.06309	0.06899	0.04911	0.12862	0.03794	0.01412	0.04909	0.01070	0.00154	0.00138	0.00042	0.01096	0.00955	0.00085	0.00191
11	0.01665	0.11443	0.13665	0.05825	0.10612	0.08957	0.03865	0.08990	0.11224	0.06883	0.02501	0.02442	0.01935	0.00178	0.01431	0.02524	0.03812	0.01778	0.00089	0.00180
12	0.01576	0.00233	0.02224	0.00246	0.00331	0.00213	0.03617	0.07038	0.01355	0.57275	0.07372	0.03612	0.01302	0.00203	0.01447	0.01786	0.03566	0.02673	0.03734	0.00196
13	0.00328	0.00250	0.02946	0.01626	0.01515	0.01323	0.03609	0.16567	0.18420	0.13121	0.04010	0.00738	0.32235	0.00227	0.00143	0.00043	0.00109	0.01627	0.00990	0.00173
14	0.03352	0.25425	0.14889	0.02784	0.10624	0.06274	0.08764	0.04322	0.03905	0.09354	0.02349	0.03565	0.00251	0.00145	0.00131	0.00039	0.03447	0.00117	0.00081	0.00182
15	0.00304	0.04763	0.03116	0.07591	0.06293	0.00924	0.06618	0.07232	0.20262	0.05827	0.04892	0.07534	0.07806	0.00233	0.03511	0.02406	0.05817	0.00619	0.04084	0.00168
16	0.00166	0.00119	0.00158	0.00186	0.00196	0.00112	0.00128	0.00193	0.00260	0.00345	0.02862	0.82054	0.02972	0.03072	0.00184	0.00056	0.00081	0.06625	0.00122	0.00108

[dist]
# distance from previous block
# <min> <max>
2	17

[block]
# block no. 3 follows, 243 sequences, length 20
# corresponding to MSA columns:
# 831-850
name=unknown_D
#
# <colnr> <probs for GDERKNQSTAVLIFYWHMCP>
#	G	D	E	R	K	N	Q	S	T	A	V	L	I	F	Y	W	H	M	C	P
0	0.08115	0.18104	0.05339	0.07862	0.03027	0.03233	0.02992	0.11286	0.09180	0.03684	0.01811	0.01626	0.00745	0.01321	0.01452	0.00039	0.00137	0.00526	0.01875	0.17647
1	0.03566	0.00392	0.01048	0.01490	0.02057	0.21115	0.01191	0.39060	0.12540	0.07562	0.00325	0.00337	0.00242	0.00155	0.00135	0.00039	0.02436	0.00858	0.00111	0.05342
2	0.03301	0.02935	0.00310	0.00978	0.00327	0.02261	0.01365	0.32130	0.05314	0.05469	0.16077	0.02660	0.02807	0.01958	0.02110	0.00673	0.01276	0.01929	0.01444	0.14676
3	0.00218	0.00164	0.00180	0.00169	0.00220	0.00152	0.00129	0.00307	0.13702	0.06633	0.16442	0.01892	0.55741	0.00288	0.00151	0.00044	0.00076	0.01390	0.00130	0.01969
4	0.02156	0.00344	0.04645	0.00290	0.00398	0.00345	0.01900	0.61894	0.00527	0.21087	0.00355	0.00346	0.00244	0.00155	0.00130	0.00040	0.00139	0.00120	0.01624	0.03262
5	0.00176	0.00130	0.00164	0.00173	0.00196	0.00121	0.00124	0.00222	0.02201	0.00414	0.34002	0.41955	0.14271	0.02721	0.00175	0.00050	0.00073	0.02585	0.00130	0.00116
6	0.00403	0.00329	0.05538	0.08616	0.08153	0.00335	0.01601	0.43553	0.14716	0.06695	0.00413	0.02504	0.04988	0.00172	0.00136	0.00042	0.00139	0.01346	0.00117	0.00203
7	0.00533	0.00315	0.00362	0.00279	0.00383	0.00329	0.00230	0.56739	0.03160	0.35666	0.00401	0.00373	0.00269	0.00162	0.00133	0.00040	0.00133	0.00125	0.00144	0.00225
8	0.69566	0.00241	0.00215	0.00186	0.00267	0.00265	0.00152	0.01579	0.00266	0.17561	0.03910	0.02462	0.00242	0.00144	0.00097	0.00041	0.00102	0.00098	0.02447	0.00157
9	0.12965	0.00187	0.00187	0.00172	0.00222	0.00201	0.00132	0.04467	0.17941	0.04485	0.00418	0.00470	0.00329	0.05544	0.00136	0.00041	0.00085	0.00126	0.51745	0.00149
10	0.00314	0.36019	0.49319	0.00333	0.01610	0.00387	0.06179	0.00420	0.00282	0.03678	0.00230	0.00266	0.00177	0.00122	0.00113	0.00037	0.00174	0.00093	0.00061	0.00187
11	0.00170	0.00130	0.00185	0.00201	0.00218	0.00120	0.04823	0.00199	0.00261	0.00346	0.00752	0.81867	0.07697	0.00394	0.00168	0.00053	0.00084	0.02099	0.00120	0.00112
12	0.00189	0.00129	0.00148	0.00150	0.00154	0.00129	0.00088	0.00195	0.00203	0.00269	0.00477	0.05690	0.05198	0.80765	0.05582	0.00125	0.00135	0.00204	0.00084	0.00085
13	0.00226	0.00187	0.00316	0.02859	0.03582	0.00179	0.19364	0.00283	0.02350	0.03795	0.02831	0.50561	0.02477	0.02450	0.00174	0.00052	0.00119	0.07951	0.00109	0.00135
14	0.00259	0.00248	0.00435	0.79539	0.03555	0.00295	0.10334	0.00349	0.00272	0.00355	0.00245	0.00357	0.00185	0.00131	0.00134	0.00044	0.00178	0.00122	0.02810	0.00152
15	0.00208	0.00158	0.00205	0.00197	0.00210	0.00181	0.00140	0.00247	0.04854	0.00297	0.00376	0.00662	0.00391	0.46008	0.35426	0.00149	0.09943	0.00164	0.00077	0.00108
16	0.00187	0.00142	0.00165	0.00165	0.00203	0.00129	0.00124	0.01785	0.02752	0.02172	0.25011	0.15897	0.44596	0.00324	0.00159	0.00046	0.00074	0.05815	0.00130	0.00122
17	0.03021	0.00271	0.00286	0.00252	0.00325	0.00304	0.00198	0.16515	0.58305	0.00572	0.03412	0.03288	0.10548	0.00211	0.01062	0.00046	0.00108	0.00951	0.00131	0.00193
18	0.01025	0.00201	0.00289	0.30677	0.05178	0.01112	0.01210	0.03808	0.07886	0.01289	0.01694	0.39608	0.00513	0.01991	0.00165	0.00050	0.02144	0.00922	0.00098	0.00142
19	0.00378	0.00282	0.00332	0.00309	0.07416	0.01308	0.02830	0.11312	0.52600	0.13388	0.02129	0.00475	0.01904	0.01146	0.00139	0.00044	0.00117	0.00145	0.03541	0.00205

[dist]
# distance from previous block
# <min> <max>
2	130

[block]
# block no. 4 follows, 243 sequences, length 39
# corresponding to MSA columns:
# 994-1014,1021-1030,1032,1033,1035,1036,1038-1040,1043
name=unknown_E
#
# <colnr> <probs for GDERKNQSTAVLIFYWHMCP>
#	G	D	E	R	K	N	Q	S	T	A	V	L	I	F	Y	W	H	M	C	P
0	0.01743	0.70112	0.04435	0.00250	0.00805	0.11888	0.00237	0.03474	0.00797	0.01785	0.00213	0.01756	0.00191	0.01205	0.00102	0.00032	0.00153	0.00083	0.00065	0.00675
1	0.00206	0.01218	0.00174	0.00167	0.00182	0.00139	0.01309	0.00221	0.00224	0.03783	0.00533	0.09434	0.08838	0.59997	0.09241	0.00114	0.00140	0.03888	0.00092	0.00099
2	0.01325	0.20911	0.20862	0.02977	0.02130	0.07201	0.10229	0.24222	0.01725	0.03497	0.00263	0.00878	0.00202	0.00493	0.00130	0.00039	0.02052	0.00108	0.00083	0.00673
3	0.00355	0.08523	0.19214	0.03792	0.13168	0.00797	0.07662	0.09064	0.11403	0.14185	0.03086	0.03575	0.01721	0.00165	0.00802	0.00043	0.00150	0.01451	0.00651	0.00193
4	0.01536	0.00148	0.00166	0.00156	0.00197	0.00144	0.00118	0.01167	0.04734	0.10798	0.10123	0.06627	0.08333	0.01432	0.00535	0.02713	0.00076	0.00167	0.50695	0.00136
5	0.00292	0.00279	0.00481	0.30823	0.53830	0.00296	0.05085	0.00372	0.00289	0.00398	0.01010	0.04711	0.01270	0.00140	0.00135	0.00042	0.00162	0.00135	0.00067	0.00182
6	0.00366	0.05776	0.12349	0.06628	0.22313	0.05205	0.14038	0.09165	0.04479	0.11776	0.01618	0.01003	0.00243	0.00140	0.00140	0.00041	0.02512	0.00593	0.00411	0.01204
7	0.01306	0.00231	0.01836	0.13700	0.06944	0.00982	0.05540	0.00323	0.03854	0.03560	0.13875	0.05249	0.15173	0.02616	0.00225	0.00050	0.21322	0.02974	0.00094	0.00146
8	0.00175	0.00127	0.00168	0.00195	0.00211	0.00121	0.00143	0.00209	0.00270	0.00355	0.01795	0.60799	0.08920	0.01235	0.02680	0.00060	0.00094	0.22212	0.00121	0.00112
9	0.00188	0.00165	0.03981	0.02692	0.01739	0.00139	0.00145	0.03032	0.00307	0.01208	0.16630	0.27900	0.39248	0.00326	0.00163	0.01534	0.00082	0.00278	0.00121	0.00122
10	0.00962	0.06166	0.46572	0.05623	0.07920	0.02756	0.07558	0.10761	0.01543	0.02090	0.00256	0.00311	0.00193	0.00137	0.00144	0.00042	0.05180	0.00912	0.00683	0.00190
11	0.01266	0.00318	0.00403	0.68912	0.02302	0.18047	0.02423	0.01990	0.00292	0.00350	0.00231	0.00328	0.00177	0.00135	0.00137	0.00042	0.02319	0.00112	0.00062	0.00152
12	0.84123	0.00258	0.00213	0.00185	0.00270	0.00293	0.00152	0.04097	0.00255	0.08842	0.00220	0.00240	0.00163	0.00128	0.00089	0.00041	0.00105	0.00079	0.00091	0.00154
13	0.00296	0.01551	0.36129	0.22305	0.11325	0.09934	0.08242	0.00412	0.03664	0.00395	0.00278	0.01931	0.01605	0.00139	0.00132	0.00042	0.00185	0.01192	0.00066	0.00177
14	0.00246	0.00467	0.00295	0.05934	0.08409	0.01471	0.08168	0.07637	0.00884	0.02633	0.06768	0.41514	0.04624	0.01583	0.01250	0.00052	0.03222	0.04591	0.00109	0.00141
15	0.00191	0.00130	0.00151	0.00152	0.00155	0.00131	0.00090	0.00197	0.00200	0.00269	0.02048	0.02895	0.01628	0.82526	0.08599	0.00132	0.00145	0.00194	0.00082	0.00085
16	0.08614	0.00162	0.00673	0.00845	0.00981	0.00155	0.00145	0.02946	0.00309	0.13711	0.20848	0.39916	0.05809	0.01164	0.01561	0.00050	0.00090	0.01758	0.00128	0.00137
17	0.02146	0.05743	0.38828	0.08507	0.11319	0.03276	0.08720	0.05129	0.03728	0.06270	0.02635	0.00334	0.00227	0.00135	0.00131	0.00041	0.01097	0.00114	0.01432	0.00189
18	0.00287	0.00292	0.02972	0.32552	0.29840	0.06268	0.04091	0.01123	0.05496	0.00394	0.01461	0.01874	0.10682	0.00162	0.00139	0.00043	0.00909	0.01170	0.00076	0.00169
19	0.00392	0.00225	0.00268	0.00223	0.00297	0.00221	0.00179	0.23342	0.02869	0.29828	0.16275	0.03894	0.15298	0.00225	0.00143	0.00043	0.00103	0.03919	0.02075	0.00180
20	0.01157	0.03329	0.04454	0.03581	0.19166	0.00295	0.01779	0.26781	0.03243	0.09172	0.04155	0.11362	0.02918	0.00214	0.03015	0.00047	0.03065	0.00159	0.01920	0.00187
21	0.05176	0.02832	0.06537	0.04542	0.15572	0.06925	0.02424	0.07117	0.05522	0.17602	0.03861	0.09720	0.01892	0.01649	0.00154	0.00045	0.03444	0.04704	0.00104	0.00178
22	0.01263	0.01296	0.00357	0.04183	0.00393	0.00308	0.01839	0.46574	0.00485	0.34652	0.00400	0.00403	0.00277	0.00712	0.00135	0.00041	0.00132	0.02202	0.04134	0.00213
23	0.02133	0.00246	0.00411	0.82067	0.06355	0.00297	0.02952	0.01850	0.00275	0.01819	0.00242	0.00351	0.00182	0.00132	0.00132	0.00044	0.00174	0.00118	0.00063	0.00154
24	0.03647	0.10937	0.11734	0.06857	0.05589	0.10677	0.14757	0.07609	0.06686	0.09046	0.01329	0.01164	0.00237	0.00159	0.01620	0.01160	0.03204	0.00119	0.02493	0.00976
25	0.00316	0.01996	0.01068	0.14625	0.50435	0.01825	0.05669	0.00418	0.08435	0.04611	0.02955	0.00429	0.06340	0.00146	0.00135	0.00041	0.00151	0.00136	0.00081	0.00189
26	0.00159	0.00134	0.00139	0.00139	0.00181	0.00113	0.00104	0.00195	0.00306	0.00371	0.08631	0.04848	0.83559	0.00334	0.00157	0.00045	0.00067	0.00281	0.00125	0.00113
27	0.03244	0.00237	0.00306	0.00239	0.00337	0.00218	0.00197	0.10321	0.01252	0.75452	0.03613	0.00473	0.00354	0.00171	0.00133	0.00041	0.00114	0.02211	0.00871	0.00217
28	0.03617	0.05317	0.15994	0.05991	0.29723	0.03336	0.07480	0.05885	0.02043	0.03829	0.02495	0.02265	0.01138	0.00162	0.00138	0.00043	0.01039	0.09240	0.00082	0.00183
29	0.02057	0.00159	0.03228	0.02385	0.00240	0.00795	0.03141	0.00231	0.01007	0.00359	0.06770	0.47179	0.05638	0.11248	0.07679	0.00935	0.00117	0.03020	0.03698	0.00115
30	0.40337	0.00235	0.00231	0.00196	0.00272	0.00251	0.00158	0.12875	0.01488	0.19641	0.00341	0.02734	0.00259	0.02825	0.00121	0.00042	0.00103	0.00112	0.17616	0.00166
31	0.03323	0.02623	0.03365	0.15084	0.03137	0.02749	0.19737	0.08950	0.03293	0.05900	0.02332	0.02266	0.00596	0.00174	0.00940	0.00440	0.22796	0.00132	0.01994	0.00168
32	0.05256	0.09847	0.04657	0.08187	0.04780	0.05473	0.07167	0.07190	0.09152	0.01773	0.00284	0.03495	0.00537	0.00144	0.00142	0.00037	0.07285	0.00114	0.00082	0.24400
33	0.00195	0.00133	0.00154	0.00153	0.00154	0.00136	0.00089	0.00197	0.00197	0.00264	0.01507	0.02711	0.00484	0.86434	0.02822	0.01499	0.02514	0.00193	0.00081	0.00084
34	0.00166	0.00134	0.00146	0.00146	0.00185	0.00116	0.00109	0.00204	0.00312	0.00390	0.19782	0.05181	0.67028	0.02841	0.00172	0.00047	0.00070	0.02730	0.00127	0.00114
35	0.04383	0.00250	0.00389	0.41008	0.16000	0.00739	0.05653	0.01174	0.07679	0.03240	0.01966	0.02193	0.00264	0.06897	0.02036	0.00053	0.03105	0.00133	0.01306	0.01533
36	0.02437	0.75224	0.04758	0.01166	0.00359	0.03719	0.00906	0.02369	0.00280	0.01542	0.00202	0.01207	0.00181	0.00123	0.00103	0.00031	0.03180	0.00080	0.00062	0.02070
37	0.82106	0.04888	0.03506	0.00194	0.00280	0.02538	0.00167	0.01188	0.00237	0.01144	0.00190	0.00222	0.00149	0.00127	0.00095	0.00041	0.02625	0.00075	0.00080	0.00148
38	0.01181	0.02110	0.00313	0.00255	0.01547	0.02411	0.02163	0.26040	0.08242	0.25703	0.06280	0.00518	0.00383	0.00802	0.00139	0.00042	0.01488	0.06763	0.13429	0.00190

[dist]
# distance from previous block
# <min> <max>
4	23

[block]
# block no. 5 follows, 243 sequences, length 14
# corresponding to MSA columns:
# 1076-1089
name=unknown_F
#
# <colnr> <probs for GDERKNQSTAVLIFYWHMCP>
#	G	D	E	R	K	N	Q	S	T	A	V	L	I	F	Y	W	H	M	C	P
0	0.44375	0.00275	0.00269	0.00225	0.00309	0.00303	0.00182	0.30899	0.00375	0.10693	0.00324	0.10645	0.00270	0.00171	0.00114	0.00042	0.00115	0.00127	0.00112	0.00175
1	0.10511	0.00706	0.00286	0.10390	0.03431	0.01542	0.05560	0.05732	0.01374	0.01601	0.01063	0.00990	0.00290	0.11439	0.25626	0.10954	0.04571	0.01210	0.02594	0.00130
2	0.00466	0.00359	0.00370	0.00294	0.00387	0.05780	0.00238	0.78470	0.00569	0.00753	0.00357	0.10673	0.00294	0.00186	0.00136	0.00041	0.00144	0.00146	0.00128	0.00209
3	0.00272	0.00250	0.00373	0.65159	0.05297	0.02853	0.01345	0.07828	0.00304	0.00391	0.00366	0.00447	0.10473	0.00156	0.00134	0.00043	0.00160	0.00134	0.01383	0.02633
4	0.00207	0.00150	0.00183	0.00171	0.00206	0.01906	0.00129	0.00272	0.02171	0.03037	0.79714	0.00960	0.07485	0.00266	0.00153	0.00042	0.00068	0.00232	0.02521	0.00129
5	0.00204	0.00141	0.00183	0.00175	0.00210	0.00130	0.00135	0.00263	0.00362	0.04185	0.72265	0.01050	0.09440	0.00283	0.00159	0.00044	0.00071	0.10429	0.00142	0.00128
6	0.09097	0.00164	0.00986	0.01565	0.02049	0.00983	0.02806	0.02179	0.01251	0.03299	0.01821	0.59133	0.03196	0.03646	0.02122	0.00056	0.00100	0.02696	0.02727	0.00124
7	0.03846	0.03864	0.22062	0.14143	0.07004	0.01692	0.05964	0.05719	0.02238	0.19592	0.00340	0.01826	0.00262	0.00158	0.00143	0.00043	0.03588	0.05470	0.01862	0.00185
8	0.00230	0.00160	0.00193	0.00188	0.00226	0.00155	0.00140	0.05651	0.08079	0.05969	0.26651	0.31005	0.15937	0.00306	0.00155	0.00046	0.00080	0.01947	0.02746	0.00136
9	0.00183	0.10516	0.00212	0.00186	0.00207	0.00154	0.00132	0.00208	0.00256	0.00334	0.00686	0.78520	0.04352	0.03177	0.00175	0.00053	0.00085	0.00335	0.00115	0.00114
10	0.01709	0.01920	0.16619	0.06893	0.18990	0.01777	0.08452	0.04077	0.02528	0.02172	0.04085	0.16172	0.08784	0.00698	0.00476	0.00183	0.00413	0.00983	0.02499	0.00571
11	0.00822	0.03586	0.16507	0.06767	0.10348	0.02377	0.06132	0.03724	0.04297	0.10382	0.00481	0.04766	0.10599	0.02673	0.02028	0.00050	0.03518	0.09804	0.00970	0.00168
12	0.00527	0.00235	0.00348	0.00265	0.00365	0.00209	0.10428	0.02820	0.00374	0.73517	0.05433	0.00468	0.00361	0.00164	0.00136	0.00041	0.00121	0.00141	0.03836	0.00211
13	0.00454	0.01029	0.00290	0.02779	0.02756	0.00202	0.00853	0.05135	0.02062	0.56207	0.07210	0.01657	0.12351	0.01141	0.00149	0.00043	0.01612	0.02987	0.00890	0.00193

[dist]
# distance from previous block
# <min> <max>
6	28

[block]
# block no. 6 follows, 243 sequences, length 6
# corresponding to MSA columns:
# 1118-1123
name=unknown_G
#
# <colnr> <probs for GDERKNQSTAVLIFYWHMCP>
#	G	D	E	R	K	N	Q	S	T	A	V	L	I	F	Y	W	H	M	C	P
0	0.00185	0.00143	0.00170	0.00163	0.00198	0.00135	0.00125	0.00235	0.00330	0.00447	0.44756	0.01057	0.37341	0.00291	0.00168	0.00044	0.04743	0.03600	0.05748	0.00121
1	0.00210	0.00154	0.00207	0.00201	0.00226	0.00170	0.00152	0.05723	0.00257	0.00359	0.08498	0.04497	0.05433	0.14408	0.50959	0.01868	0.02441	0.02304	0.01816	0.00119
2	0.00217	0.00145	0.00179	0.00173	0.00208	0.00138	0.00129	0.00291	0.06480	0.05037	0.52975	0.14740	0.08426	0.00275	0.00149	0.00043	0.00070	0.00240	0.09953	0.00132
3	0.00282	0.00265	0.07979	0.08805	0.00377	0.00254	0.02099	0.05715	0.33885	0.02328	0.04434	0.16841	0.03094	0.00222	0.00146	0.00045	0.01570	0.04311	0.03738	0.03609
4	0.02792	0.05352	0.39247	0.06924	0.01976	0.05496	0.02321	0.13264	0.06478	0.03779	0.00273	0.00305	0.00202	0.00132	0.00122	0.00038	0.00165	0.00104	0.00080	0.10949
5	0.26758	0.03723	0.04060	0.06461	0.00399	0.02163	0.03247	0.38293	0.02431	0.02580	0.02308	0.00315	0.00224	0.01688	0.00134	0.00042	0.02789	0.00108	0.00102	0.02175

[dist]
# distance from previous block
# <min> <max>
3	49

[block]
# block no. 7 follows, 243 sequences, length 6
# corresponding to MSA columns:
# 1173-1177,1182
name=unknown_H
#
# <colnr> <probs for GDERKNQSTAVLIFYWHMCP>
#	G	D	E	R	K	N	Q	S	T	A	V	L	I	F	Y	W	H	M	C	P
0	0.01391	0.09697	0.12411	0.10066	0.18306	0.01792	0.03983	0.04161	0.03137	0.07989	0.03042	0.04637	0.01772	0.03723	0.02151	0.00046	0.01713	0.01594	0.00084	0.08303
1	0.00278	0.00206	0.00237	0.00228	0.00277	0.03833	0.00183	0.03132	0.14727	0.08293	0.05778	0.08856	0.08086	0.04660	0.00186	0.00052	0.02824	0.30027	0.02136	0.06000
2	0.00384	0.01601	0.00287	0.01575	0.02526	0.03744	0.01581	0.06008	0.06659	0.33676	0.13435	0.01792	0.09871	0.03828	0.02918	0.00051	0.05155	0.02296	0.02438	0.00175
3	0.02080	0.11250	0.14608	0.09772	0.12380	0.07937	0.07377	0.09534	0.04536	0.08983	0.00333	0.07048	0.01605	0.01816	0.00138	0.00042	0.00159	0.00134	0.00087	0.00181
4	0.01522	0.03775	0.22903	0.04287	0.05259	0.02255	0.04172	0.08276	0.02651	0.19004	0.06163	0.02574	0.02968	0.03902	0.00152	0.00044	0.00142	0.02129	0.01786	0.06035
5	0.00188	0.00136	0.00173	0.00190	0.00208	0.00132	0.00133	0.05917	0.00280	0.00373	0.03590	0.70172	0.05052	0.05660	0.03278	0.00062	0.00094	0.04128	0.00120	0.00115

[dist]
# distance from previous block
# <min> <max>
2	3

[block]
# block no. 8 follows, 243 sequences, length 12
# corresponding to MSA columns:
# 1199-1210
name=unknown_I
#
# <colnr> <probs for GDERKNQSTAVLIFYWHMCP>
#	G	D	E	R	K	N	Q	S	T	A	V	L	I	F	Y	W	H	M	C	P
0	0.04514	0.00238	0.05849	0.09874	0.05751	0.02074	0.01819	0.01644	0.00292	0.18564	0.02038	0.26891	0.03061	0.00259	0.01705	0.00050	0.09048	0.04986	0.01187	0.00156
1	0.49059	0.07766	0.04492	0.02356	0.04557	0.15117	0.05547	0.02954	0.01390	0.00490	0.00215	0.00268	0.00175	0.03378	0.00126	0.00043	0.01747	0.00090	0.00076	0.00156
2	0.00172	0.00153	0.03378	0.00156	0.00200	0.00123	0.00124	0.00220	0.00327	0.00424	0.35662	0.04078	0.53894	0.00307	0.00156	0.00044	0.00070	0.00262	0.00129	0.00120
3	0.00291	0.01312	0.02542	0.01316	0.01320	0.01590	0.08304	0.04241	0.00296	0.00445	0.01287	0.00292	0.00208	0.00106	0.00107	0.00024	0.00117	0.00090	0.00079	0.76032
4	0.00254	0.00188	0.00207	0.00190	0.00234	0.05209	0.00146	0.04515	0.07872	0.04708	0.55355	0.00806	0.04451	0.00258	0.02860	0.00046	0.00091	0.01546	0.10925	0.00142
5	0.00373	0.01210	0.01874	0.05646	0.08536	0.00264	0.01202	0.02193	0.33717	0.25280	0.02214	0.01283	0.07363	0.00191	0.00145	0.00044	0.02339	0.04896	0.01038	0.00194
6	0.00223	0.00169	0.01689	0.00201	0.00242	0.00158	0.02839	0.01247	0.10759	0.04702	0.29951	0.29122	0.09767	0.00295	0.00154	0.00046	0.00084	0.03532	0.03393	0.01426
7	0.00179	0.00144	0.00157	0.00153	0.00195	0.00128	0.00115	0.04623	0.00327	0.00412	0.18798	0.09531	0.64123	0.00323	0.00157	0.00045	0.00071	0.00274	0.00128	0.00119
8	0.04404	0.01840	0.02258	0.00214	0.02454	0.00994	0.01002	0.02169	0.02975	0.02982	0.01519	0.50762	0.07747	0.00298	0.00146	0.00045	0.00093	0.01553	0.00111	0.16434
9	0.00334	0.66166	0.08865	0.00238	0.00354	0.00432	0.01283	0.01718	0.00277	0.01954	0.01806	0.00269	0.00206	0.02786	0.01461	0.00035	0.00143	0.00084	0.00065	0.11525
10	0.07586	0.00300	0.03923	0.00262	0.00360	0.01634	0.00221	0.31680	0.08766	0.37988	0.00420	0.01498	0.00295	0.00166	0.00130	0.00041	0.00126	0.02147	0.02247	0.00210
11	0.07626	0.00237	0.00303	0.00237	0.00331	0.00222	0.01784	0.08950	0.01913	0.69302	0.00469	0.00442	0.00312	0.04643	0.00154	0.00045	0.00116	0.00131	0.02573	0.00209

[dist]
# distance from previous block
# <min> <max>
6	12

[block]
# block no. 9 follows, 243 sequences, length 21
# corresponding to MSA columns:
# 1232,1236-1255
name=unknown_J
#
# <colnr> <probs for GDERKNQSTAVLIFYWHMCP>
#	G	D	E	R	K	N	Q	S	T	A	V	L	I	F	Y	W	H	M	C	P
0	0.00316	0.01679	0.11023	0.20174	0.37774	0.01290	0.12799	0.02872	0.01547	0.04486	0.00286	0.00972	0.00780	0.00135	0.00135	0.00042	0.00170	0.02502	0.00832	0.00187
1	0.00208	0.00145	0.00182	0.00170	0.00207	0.00135	0.00129	0.00279	0.04303	0.04214	0.72837	0.00979	0.11709	0.01128	0.00159	0.00043	0.00068	0.01351	0.01623	0.00131
2	0.00366	0.76887	0.00643	0.00251	0.00360	0.05544	0.03362	0.04769	0.06100	0.00356	0.00217	0.00241	0.00188	0.00121	0.00095	0.00031	0.00148	0.00082	0.00066	0.00175
3	0.00222	0.00146	0.00203	0.00219	0.00247	0.00141	0.01813	0.00268	0.00288	0.06924	0.02505	0.32534	0.02331	0.04651	0.01936	0.00062	0.00110	0.43229	0.02048	0.00124
4	0.00196	0.00136	0.00176	0.00166	0.00199	0.00126	0.00125	0.00257	0.00366	0.02083	0.83377	0.02630	0.04204	0.00270	0.00154	0.00042	0.00064	0.01198	0.04104	0.00126
5	0.00168	0.00126	0.00149	0.00164	0.00184	0.00115	0.00113	0.00193	0.00264	0.00339	0.03530	0.44053	0.29844	0.16206	0.00250	0.00063	0.00084	0.03933	0.00117	0.00106
6	0.00222	0.00146	0.00184	0.00173	0.00210	0.00138	0.00131	0.00294	0.04638	0.06382	0.65967	0.07320	0.03782	0.01234	0.00156	0.00043	0.00070	0.01259	0.07519	0.00133
7	0.96275	0.00257	0.00195	0.00174	0.00257	0.00298	0.00144	0.00390	0.00226	0.00595	0.00185	0.00216	0.00144	0.00123	0.00082	0.00041	0.00103	0.00072	0.00082	0.00144
8	0.00582	0.00232	0.00310	0.00239	0.00341	0.00206	0.00197	0.02792	0.04440	0.88389	0.00519	0.00450	0.00329	0.00165	0.00133	0.00041	0.00113	0.00134	0.00162	0.00225
9	0.00285	0.09699	0.82040	0.00360	0.00544	0.00329	0.00455	0.02274	0.00288	0.02208	0.00240	0.00278	0.00172	0.00126	0.00122	0.00041	0.00188	0.00097	0.00060	0.00195
10	0.76576	0.00258	0.00219	0.00189	0.00273	0.01484	0.00155	0.03546	0.00265	0.13087	0.02762	0.00271	0.00201	0.00134	0.00093	0.00041	0.00106	0.00086	0.00096	0.00157
11	0.00185	0.00136	0.00174	0.00164	0.00197	0.00124	0.00123	0.00245	0.00369	0.00517	0.86126	0.01017	0.09575	0.00277	0.00157	0.00042	0.00063	0.00244	0.00144	0.00124
12	0.00209	0.00148	0.00188	0.00178	0.00213	0.00142	0.00135	0.00292	0.07022	0.02473	0.77081	0.02917	0.01117	0.00266	0.00154	0.00043	0.00069	0.04204	0.03016	0.00133
13	0.00269	0.00663	0.88079	0.00391	0.00583	0.00310	0.07039	0.00420	0.00282	0.00420	0.00240	0.00286	0.00170	0.00125	0.00128	0.00042	0.00198	0.00102	0.00057	0.00195
14	0.00494	0.00503	0.00383	0.00323	0.00409	0.49031	0.00253	0.42767	0.03625	0.00563	0.00267	0.00284	0.00203	0.00148	0.00126	0.00037	0.00193	0.00103	0.00100	0.00188
15	0.96275	0.00257	0.00195	0.00174	0.00257	0.00298	0.00144	0.00390	0.00226	0.00595	0.00185	0.00216	0.00144	0.00123	0.00082	0.00041	0.00103	0.00072	0.00082	0.00144
16	0.96275	0.00257	0.00195	0.00174	0.00257	0.00298	0.00144	0.00390	0.00226	0.00595	0.00185	0.00216	0.00144	0.00123	0.00082	0.00041	0.00103	0.00072	0.00082	0.00144
17	0.00187	0.00139	0.00152	0.00147	0.00192	0.00119	0.00111	0.00226	0.00318	0.05718	0.16378	0.03221	0.71991	0.00317	0.00156	0.00044	0.00069	0.00267	0.00129	0.00120
18	0.00162	0.00133	0.00143	0.00144	0.00183	0.00114	0.00106	0.00199	0.00308	0.00381	0.15039	0.09344	0.71330	0.01616	0.00165	0.00046	0.00068	0.00281	0.00126	0.00113
19	0.00498	0.00553	0.00383	0.00331	0.00411	0.66259	0.00255	0.28817	0.00451	0.00479	0.00239	0.00263	0.00187	0.00144	0.00124	0.00036	0.00211	0.00096	0.00088	0.00176
20	0.01267	0.00281	0.00458	0.27160	0.47770	0.00983	0.03086	0.04436	0.01234	0.02367	0.00297	0.00442	0.00254	0.00149	0.00139	0.00043	0.00910	0.08464	0.00075	0.00183

[dist]
# distance from previous block
# <min> <max>
0	7

[block]
# block no. 10 follows, 243 sequences, length 28
# corresponding to MSA columns:
# 1263-1274,1278,1279,1282,1285-1287,1293,1300-1308
name=unknown_K
#
# <colnr> <probs for GDERKNQSTAVLIFYWHMCP>
#	G	D	E	R	K	N	Q	S	T	A	V	L	I	F	Y	W	H	M	C	P
0	0.00168	0.00133	0.00153	0.00162	0.00196	0.00118	0.00123	0.00207	0.00301	0.00377	0.10076	0.18734	0.55385	0.00349	0.00163	0.00048	0.00076	0.12992	0.00125	0.00114
1	0.96275	0.00257	0.00195	0.00174	0.00257	0.00298	0.00144	0.00390	0.00226	0.00595	0.00185	0.00216	0.00144	0.00123	0.00082	0.00041	0.00103	0.00072	0.00082	0.00144
2	0.00342	0.00290	0.00306	0.00271	0.00348	0.00334	0.00212	0.08564	0.84918	0.00578	0.01983	0.00488	0.00403	0.00180	0.00135	0.00045	0.00108	0.00149	0.00135	0.00210
3	0.00224	0.00190	0.00216	0.00213	0.00238	0.09450	0.00159	0.01200	0.00239	0.00321	0.02791	0.07590	0.00398	0.14057	0.57668	0.00158	0.01719	0.00163	0.02887	0.00118
4	0.03587	0.00352	0.00649	0.00475	0.00595	0.05102	0.67566	0.02451	0.09204	0.01594	0.00289	0.00355	0.00219	0.00122	0.00150	0.00043	0.01427	0.00143	0.00077	0.05600
5	0.00198	0.00145	0.00176	0.00184	0.00220	0.00134	0.00145	0.00911	0.02592	0.03361	0.14456	0.15139	0.35309	0.00335	0.00164	0.00050	0.00086	0.25371	0.00903	0.00123
6	0.17644	0.00233	0.00285	0.00224	0.00321	0.00219	0.00185	0.02914	0.01959	0.71485	0.00456	0.00408	0.00295	0.00157	0.00123	0.00041	0.00110	0.00122	0.02610	0.00208
7	0.00187	0.00139	0.00173	0.00178	0.00208	0.00702	0.01204	0.00232	0.00974	0.02203	0.30462	0.30462	0.23817	0.00333	0.00161	0.00048	0.00077	0.07313	0.01010	0.00120
8	0.00245	0.00143	0.00168	0.00164	0.00200	0.00136	0.00123	0.02945	0.01252	0.08100	0.18877	0.21651	0.08938	0.00256	0.00134	0.00041	0.00074	0.01869	0.34554	0.00131
9	0.00576	0.00237	0.00312	0.00241	0.00342	0.00214	0.00199	0.07221	0.03826	0.83598	0.00509	0.00444	0.00324	0.00164	0.00133	0.00041	0.00114	0.00133	0.01148	0.00224
10	0.01962	0.00314	0.00504	0.10985	0.68654	0.03128	0.02343	0.01643	0.00295	0.00418	0.00240	0.00324	0.00201	0.00131	0.00157	0.00042	0.08281	0.00117	0.00066	0.00194
11	0.01075	0.00761	0.06712	0.00274	0.02068	0.00875	0.03525	0.16719	0.01032	0.58007	0.03162	0.00446	0.01621	0.00165	0.00134	0.00041	0.00127	0.01070	0.01973	0.00213
12	0.00321	0.00218	0.00741	0.02976	0.03831	0.00229	0.09250	0.01508	0.00917	0.20874	0.01545	0.09514	0.00955	0.05046	0.04752	0.00062	0.15221	0.20306	0.01579	0.00156
13	0.14243	0.02768	0.00369	0.05748	0.05978	0.58326	0.00255	0.03123	0.00339	0.01522	0.00801	0.00259	0.00180	0.00140	0.00133	0.00038	0.05457	0.00091	0.00072	0.00158
14	0.00316	0.00301	0.00507	0.01841	0.85653	0.00301	0.00384	0.00397	0.01352	0.00435	0.03884	0.00387	0.03383	0.00132	0.00133	0.00040	0.00151	0.00129	0.00071	0.00203
15	0.00275	0.00236	0.00276	0.00199	0.00314	0.00181	0.00159	0.00339	0.02022	0.00432	0.00247	0.01411	0.00208	0.00105	0.00104	0.00021	0.01177	0.00084	0.00080	0.92130
16	0.00189	0.00130	0.00156	0.00156	0.00166	0.00126	0.00099	0.00211	0.00253	0.00348	0.27475	0.09950	0.00743	0.56994	0.00467	0.00095	0.00104	0.01311	0.00930	0.00097
17	0.00191	0.00143	0.00211	0.00211	0.00234	0.00166	0.00163	0.00238	0.00214	0.00311	0.00361	0.01557	0.00339	0.02883	0.89246	0.00205	0.01170	0.00145	0.01894	0.00118
18	0.00203	0.00141	0.00182	0.00170	0.00204	0.00131	0.00128	0.00271	0.02067	0.03447	0.87408	0.00963	0.02403	0.00266	0.00155	0.00042	0.00065	0.00234	0.01391	0.00130
19	0.00328	0.00164	0.00218	0.00193	0.00245	0.00147	0.00149	0.00380	0.00354	0.33259	0.43680	0.14241	0.00837	0.01146	0.00153	0.00044	0.00083	0.01114	0.03107	0.00157
20	0.00535	0.00224	0.00296	0.00232	0.00325	0.00202	0.00190	0.05556	0.03167	0.75667	0.10563	0.00504	0.00424	0.00176	0.00135	0.00041	0.00108	0.00144	0.01295	0.00213
21	0.00266	0.00686	0.94650	0.00378	0.00574	0.00308	0.00490	0.00420	0.00280	0.00420	0.00238	0.00280	0.00168	0.00126	0.00126	0.00042	0.00196	0.00098	0.00056	0.00196
22	0.00485	0.00363	0.00383	0.00298	0.00399	0.02152	0.00244	0.83880	0.05930	0.00796	0.00333	0.00338	0.00241	0.01471	0.00139	0.00041	0.00143	0.00122	0.02022	0.00219
23	0.00206	0.00160	0.00209	0.00199	0.00209	0.00185	0.00143	0.00228	0.00212	0.00296	0.03136	0.00701	0.06196	0.44141	0.26922	0.00133	0.16367	0.00172	0.00079	0.00105
24	0.00328	0.00315	0.00538	0.00814	0.94510	0.00315	0.00407	0.00407	0.00302	0.00433	0.00250	0.00328	0.00210	0.00118	0.00131	0.00039	0.00158	0.00118	0.00066	0.00210
25	0.00195	0.00128	0.00144	0.00144	0.00145	0.00128	0.00081	0.00196	0.00195	0.00264	0.00418	0.00857	0.00478	0.92584	0.00658	0.00126	0.00127	0.00191	0.02858	0.00082
26	0.00297	0.00168	0.00214	0.00188	0.00240	0.00155	0.00146	0.03483	0.02402	0.22877	0.55111	0.01914	0.07551	0.00995	0.01287	0.00045	0.00083	0.00723	0.01968	0.00153
27	0.00252	0.00238	0.00401	0.92765	0.03153	0.00295	0.00369	0.00341	0.00266	0.00341	0.00236	0.00353	0.00178	0.00132	0.00133	0.00044	0.00176	0.00118	0.00059	0.00149

[dist]
# distance from previous block
# <min> <max>
0	1

[block]
# block no. 11 follows, 243 sequences, length 13
# corresponding to MSA columns:
# 1310-1316,1321-1326
name=unknown_L
#
# <colnr> <probs for GDERKNQSTAVLIFYWHMCP>
#	G	D	E	R	K	N	Q	S	T	A	V	L	I	F	Y	W	H	M	C	P
0	0.00189	0.00157	0.03193	0.00206	0.00229	0.00144	0.01411	0.02854	0.00274	0.00367	0.04881	0.61464	0.06296	0.03803	0.01969	0.00058	0.03548	0.08721	0.00117	0.00118
1	0.00192	0.00138	0.00193	0.00193	0.00211	0.00155	0.00142	0.00228	0.00210	0.00301	0.00374	0.00608	0.00370	0.24755	0.68066	0.00186	0.00289	0.00154	0.03125	0.00109
2	0.00275	0.00236	0.00275	0.00197	0.00314	0.00177	0.00157	0.00334	0.00275	0.00432	0.00236	0.00275	0.00197	0.00098	0.00098	0.00020	0.00098	0.00079	0.00079	0.96149
3	0.00162	0.00115	0.00154	0.00185	0.00192	0.00108	0.00123	0.00185	0.00254	0.00339	0.00731	0.95251	0.00877	0.00416	0.00169	0.00054	0.00077	0.00377	0.00123	0.00108
4	0.13018	0.22204	0.00433	0.01909	0.04428	0.37845	0.00242	0.10186	0.04569	0.00426	0.00226	0.00257	0.00185	0.00136	0.00120	0.00036	0.03444	0.00090	0.00077	0.00168
5	0.02358	0.00360	0.00733	0.00529	0.00657	0.04031	0.84703	0.00424	0.00313	0.00424	0.00272	0.00370	0.00209	0.00118	0.00153	0.00044	0.00217	0.01889	0.00069	0.02128
6	0.05687	0.03398	0.03270	0.12479	0.19229	0.03710	0.18055	0.07794	0.04868	0.04257	0.00292	0.01114	0.00237	0.01836	0.08899	0.00060	0.03520	0.01040	0.00080	0.00176
7	0.00359	0.87473	0.05238	0.00235	0.00352	0.00503	0.00239	0.00407	0.00274	0.03636	0.00199	0.00224	0.00176	0.00116	0.00089	0.00029	0.00143	0.00074	0.00060	0.00173
8	0.00177	0.00128	0.00167	0.00182	0.00203	0.00120	0.00133	0.00216	0.00297	0.00398	0.26253	0.42409	0.11970	0.00374	0.02183	0.02241	0.00084	0.12223	0.00127	0.00114
9	0.07649	0.00259	0.04305	0.00220	0.01583	0.00212	0.00180	0.07935	0.02559	0.05450	0.03076	0.02395	0.00264	0.04075	0.00131	0.00032	0.00108	0.00103	0.00091	0.59372
10	0.03254	0.20242	0.02120	0.01810	0.03157	0.11520	0.04751	0.03831	0.02423	0.03450	0.07239	0.02952	0.09555	0.00179	0.01247	0.00038	0.02914	0.01322	0.02126	0.15869
11	0.03437	0.03706	0.16091	0.08195	0.15496	0.02246	0.03613	0.06692	0.05255	0.17624	0.01813	0.05728	0.01504	0.00168	0.00960	0.00043	0.02909	0.00135	0.01663	0.02723
12	0.04752	0.00245	0.03119	0.02742	0.03627	0.03630	0.13746	0.04813	0.04538	0.02126	0.00409	0.07864	0.04666	0.28477	0.04037	0.00734	0.05570	0.01041	0.00087	0.03777

[dist]
# distance from previous block
# <min> <max>
3	66

[block]
# block no. 12 follows, 243 sequences, length 9
# corresponding to MSA columns:
# 1440-1448
name=unknown_M
#
# <colnr> <probs for GDERKNQSTAVLIFYWHMCP>
#	G	D	E	R	K	N	Q	S	T	A	V	L	I	F	Y	W	H	M	C	P
0	0.03024	0.04355	0.12793	0.03176	0.12594	0.12142	0.05476	0.14885	0.07686	0.11294	0.01658	0.02578	0.01001	0.00162	0.00876	0.01091	0.01554	0.00834	0.00095	0.02726
1	0.07634	0.06869	0.18095	0.04001	0.03798	0.04891	0.01584	0.03753	0.08365	0.03139	0.12557	0.03780	0.05594	0.03071	0.01188	0.00044	0.01174	0.01667	0.01265	0.07532
2	0.04130	0.06122	0.36161	0.02272	0.04033	0.02477	0.02914	0.05229	0.03779	0.08177	0.11028	0.03808	0.01911	0.02538	0.00144	0.00043	0.00871	0.00135	0.01984	0.02243
3	0.08396	0.04085	0.08263	0.05216	0.03662	0.09237	0.02486	0.07062	0.05554	0.06131	0.02548	0.00342	0.01125	0.01594	0.00226	0.00046	0.29274	0.00115	0.01308	0.03332
4	0.01978	0.13022	0.05229	0.01322	0.00345	0.01667	0.01297	0.09698	0.01151	0.01978	0.01905	0.02634	0.01894	0.00128	0.00112	0.00028	0.01407	0.00100	0.00965	0.53139
5	0.00383	0.01550	0.01246	0.03266	0.06896	0.00216	0.01832	0.07973	0.04545	0.32451	0.02012	0.11011	0.02539	0.02029	0.01463	0.07164	0.01290	0.05235	0.02576	0.04324
6	0.00219	0.00177	0.00230	0.19712	0.00357	0.01922	0.00180	0.04249	0.02291	0.00458	0.44708	0.03156	0.15155	0.03075	0.01534	0.00048	0.00101	0.00209	0.02087	0.00132
7	0.00349	0.88806	0.07253	0.00238	0.00357	0.00510	0.00245	0.00399	0.00270	0.00320	0.00188	0.00218	0.00170	0.00114	0.00088	0.00029	0.00146	0.00073	0.00057	0.00172
8	0.00190	0.00139	0.00197	0.00197	0.00215	0.00157	0.00145	0.00226	0.00208	0.00296	0.00370	0.00604	0.00368	0.23561	0.72295	0.00193	0.00301	0.00154	0.00073	0.00109

[dist]
# distance from previous block
# <min> <max>
0	17

[block]
# block no. 13 follows, 243 sequences, length 30
# corresponding to MSA columns:
# 1466,1467,1470-1477,1492-1498,1500,1501,1503-1507,1512-1515,1518,1520
name=unknown_N
#
# <colnr> <probs for GDERKNQSTAVLIFYWHMCP>
#	G	D	E	R	K	N	Q	S	T	A	V	L	I	F	Y	W	H	M	C	P
0	0.00335	0.00286	0.00304	0.00276	0.01400	0.00330	0.00213	0.02018	0.90913	0.01544	0.00533	0.00490	0.00399	0.00179	0.00135	0.00045	0.00106	0.00149	0.00134	0.00210
1	0.01463	0.00249	0.00292	0.00214	0.00327	0.00206	0.01334	0.10898	0.00319	0.04754	0.00276	0.01254	0.01246	0.00633	0.00109	0.00025	0.00106	0.00092	0.00089	0.76114
2	0.00296	0.00235	0.00277	0.00199	0.00316	0.00178	0.00160	0.00355	0.00282	0.06709	0.00255	0.00287	0.00205	0.00103	0.00101	0.00021	0.00099	0.00082	0.00084	0.89755
3	0.01614	0.14632	0.18327	0.00361	0.06754	0.08351	0.09245	0.24638	0.01004	0.07912	0.00899	0.01335	0.00218	0.00143	0.00138	0.00040	0.03992	0.00113	0.00089	0.00194
4	0.00181	0.00134	0.00181	0.00196	0.00210	0.01146	0.00140	0.00212	0.00235	0.00322	0.00546	0.48049	0.00613	0.07450	0.37752	0.00122	0.01060	0.00263	0.01079	0.00111
5	0.00159	0.00132	0.00139	0.00143	0.00182	0.00112	0.00106	0.00192	0.00297	0.00360	0.03192	0.14137	0.78649	0.00346	0.00159	0.00046	0.00069	0.01344	0.00124	0.00112
6	0.00375	0.00313	0.00335	0.01083	0.00374	0.02309	0.02117	0.22381	0.67232	0.01256	0.00473	0.00444	0.00352	0.00172	0.00135	0.00044	0.00120	0.00141	0.00131	0.00211
7	0.08057	0.00159	0.00195	0.00198	0.00233	0.00154	0.00143	0.05167	0.00291	0.15634	0.00626	0.64484	0.00687	0.02100	0.00164	0.00051	0.00090	0.01306	0.00126	0.00136
8	0.00162	0.00120	0.00151	0.00176	0.00191	0.00109	0.00120	0.00187	0.00264	0.00343	0.00846	0.76088	0.18474	0.00400	0.00167	0.00052	0.00076	0.01840	0.00123	0.00109
9	0.00183	0.00134	0.00151	0.00150	0.00166	0.00129	0.00097	0.00199	0.00243	0.00315	0.08787	0.05240	0.28059	0.52110	0.00449	0.00928	0.02234	0.00228	0.00100	0.00096
10	0.00338	0.00289	0.00304	0.00272	0.00348	0.00334	0.00212	0.04953	0.90009	0.00568	0.00530	0.00487	0.00397	0.00179	0.00135	0.00045	0.00107	0.00149	0.00135	0.00211
11	0.00328	0.66457	0.29418	0.00273	0.00412	0.00459	0.00307	0.00404	0.00273	0.00345	0.00201	0.00233	0.00170	0.00117	0.00098	0.00033	0.00158	0.00079	0.00057	0.00178
12	0.03251	0.00179	0.00213	0.00210	0.00243	0.00724	0.00155	0.13493	0.02782	0.02377	0.03670	0.56100	0.07904	0.00330	0.00172	0.00049	0.05693	0.00286	0.01161	0.01007
13	0.94551	0.01967	0.00204	0.00175	0.00258	0.00302	0.00145	0.00390	0.00227	0.00590	0.00185	0.00215	0.00144	0.00123	0.00082	0.00041	0.00103	0.00072	0.00082	0.00144
14	0.00214	0.00154	0.00189	0.00174	0.00215	0.00799	0.00132	0.00290	0.05771	0.04440	0.69446	0.01633	0.12416	0.00264	0.00152	0.00042	0.00070	0.00230	0.00141	0.03229
