[name]
unknown

[dist]
# distance from previous block
# <min> <max>
4	868

[block]
# block no. 0 follows, 276 sequences, length 24
# corresponding to MSA columns:
# 1049-1058,1065-1078
name=unknown_A
#
# <colnr> <probs for GDERKNQSTAVLIFYWHMCP>
#	G	D	E	R	K	N	Q	S	T	A	V	L	I	F	Y	W	H	M	C	P
0	0.34102	0.01163	0.00304	0.00251	0.01020	0.19084	0.07200	0.20814	0.09674	0.04174	0.00242	0.00259	0.00182	0.00125	0.00104	0.00036	0.00932	0.00091	0.00086	0.00157
1	0.00261	0.00229	0.00349	0.02361	0.04213	0.03885	0.26104	0.09314	0.03225	0.02400	0.11963	0.02140	0.11144	0.01131	0.01138	0.00039	0.02954	0.01022	0.15273	0.00857
2	0.00349	0.00299	0.00300	0.00252	0.00323	0.18578	0.06932	0.15217	0.26945	0.12151	0.02470	0.01043	0.12717	0.00165	0.00121	0.00037	0.00125	0.00686	0.01125	0.00164
3	0.00305	0.00301	0.00486	0.00382	0.05487	0.09707	0.46483	0.05221	0.05019	0.06410	0.00320	0.03039	0.04918	0.00128	0.00126	0.00036	0.00159	0.01021	0.00077	0.10375
4	0.00191	0.00129	0.00164	0.00167	0.00195	0.00121	0.00125	0.03068	0.01196	0.06252	0.29434	0.35692	0.11368	0.00292	0.00143	0.00043	0.00072	0.09990	0.00118	0.01242
5	0.00298	0.00281	0.00470	0.02295	0.88972	0.00284	0.00355	0.04908	0.00282	0.00401	0.00224	0.00292	0.00187	0.00107	0.00117	0.00035	0.00140	0.00105	0.00061	0.00186
6	0.01518	0.00314	0.00333	0.02953	0.00363	0.07158	0.02416	0.57335	0.15829	0.06880	0.00324	0.02801	0.00241	0.00148	0.00120	0.00037	0.00817	0.00115	0.00112	0.00187
7	0.00436	0.00333	0.00362	0.00306	0.07401	0.03039	0.00234	0.85065	0.00527	0.00704	0.00276	0.00282	0.00198	0.00138	0.00118	0.00035	0.00133	0.00105	0.00112	0.00198
8	0.00212	0.06390	0.07817	0.00191	0.00245	0.00165	0.05123	0.01233	0.01585	0.05878	0.64158	0.00730	0.04544	0.00210	0.00131	0.00037	0.00082	0.01026	0.00114	0.00128
9	0.01118	0.00270	0.01390	0.00396	0.01273	0.00252	0.64489	0.01636	0.01704	0.03680	0.02275	0.05203	0.13744	0.00150	0.00140	0.00040	0.01237	0.00780	0.00076	0.00148
10	0.00259	0.00241	0.00399	0.56591	0.34985	0.00273	0.00335	0.04873	0.00263	0.00353	0.00217	0.00305	0.00170	0.00114	0.00117	0.00038	0.00150	0.00105	0.00058	0.00155
11	0.33354	0.00903	0.02795	0.02017	0.09505	0.05179	0.10018	0.11157	0.06936	0.14832	0.00262	0.00280	0.00191	0.00123	0.00109	0.00037	0.01955	0.00096	0.00087	0.00162
12	0.00153	0.00123	0.00134	0.00135	0.00170	0.00108	0.00102	0.00186	0.00272	0.01773	0.11616	0.06966	0.69877	0.01752	0.00152	0.00042	0.01619	0.04607	0.00111	0.00103
13	0.00242	0.00228	0.00382	0.67624	0.24980	0.00267	0.00331	0.00321	0.01521	0.00327	0.00217	0.00311	0.00169	0.00117	0.00121	0.00038	0.01456	0.00105	0.01099	0.00146
14	0.05452	0.00337	0.04752	0.01607	0.04798	0.19097	0.12001	0.18086	0.08794	0.20245	0.01327	0.01513	0.01178	0.00135	0.00117	0.00036	0.00144	0.00112	0.00096	0.00172
15	0.01912	0.01130	0.05035	0.05187	0.38918	0.04388	0.19175	0.13253	0.02299	0.06427	0.00989	0.00304	0.00198	0.00115	0.00120	0.00036	0.00151	0.00111	0.00074	0.00177
16	0.00156	0.00114	0.00136	0.00146	0.00171	0.00101	0.00103	0.00185	0.00257	0.03280	0.09797	0.44740	0.39747	0.00321	0.00144	0.00043	0.00065	0.00281	0.00112	0.00102
17	0.01966	0.00156	0.01655	0.00836	0.00225	0.00146	0.02886	0.02723	0.09299	0.10624	0.13136	0.35607	0.14422	0.00263	0.00135	0.00042	0.00079	0.01533	0.04140	0.00126
18	0.01054	0.20218	0.45367	0.03801	0.02361	0.02262	0.03307	0.08177	0.05050	0.06987	0.00239	0.00264	0.00176	0.00117	0.00107	0.00035	0.00151	0.00090	0.00067	0.00171
19	0.00281	0.05242	0.10136	0.03622	0.01533	0.02659	0.57912	0.04413	0.03560	0.01767	0.00274	0.04575	0.01251	0.00124	0.00133	0.00039	0.01248	0.01006	0.00067	0.00158
20	0.00174	0.00124	0.00171	0.00171	0.00186	0.00135	0.00124	0.00198	0.00190	0.00264	0.00360	0.03063	0.01881	0.27856	0.50248	0.06210	0.01427	0.05139	0.00069	0.02009
21	0.00262	0.00227	0.01934	0.00806	0.07360	0.01244	0.00167	0.01563	0.02420	0.03402	0.00233	0.00266	0.00833	0.00097	0.00095	0.00021	0.00781	0.00078	0.00753	0.77458
22	0.11626	0.12164	0.02534	0.03472	0.01225	0.02938	0.03120	0.05497	0.03286	0.02733	0.06092	0.14125	0.09964	0.04385	0.06694	0.01353	0.04324	0.03766	0.00085	0.00616
23	0.00656	0.04742	0.02222	0.00161	0.00194	0.01275	0.00122	0.01709	0.01306	0.02421	0.04905	0.45931	0.27523	0.01878	0.01147	0.00045	0.00078	0.00920	0.00741	0.02025

[dist]
# distance from previous block
# <min> <max>
2	89

[block]
# block no. 1 follows, 276 sequences, length 17
# corresponding to MSA columns:
# 1169-1178,1251,1252,1257-1261
name=unknown_B
#
# <colnr> <probs for GDERKNQSTAVLIFYWHMCP>
#	G	D	E	R	K	N	Q	S	T	A	V	L	I	F	Y	W	H	M	C	P
0	0.00192	0.00149	0.02532	0.00183	0.00208	0.00150	0.02140	0.00959	0.04864	0.01077	0.15391	0.09456	0.05123	0.10296	0.23693	0.14204	0.05291	0.00695	0.03293	0.00103
1	0.00175	0.03595	0.00169	0.00801	0.00192	0.00124	0.00947	0.00901	0.00821	0.03798	0.04893	0.44708	0.24055	0.04357	0.00170	0.02508	0.00077	0.07500	0.00106	0.00104
2	0.02748	0.43170	0.25945	0.00269	0.01711	0.14885	0.03068	0.02103	0.00975	0.02198	0.00194	0.00223	0.00157	0.00109	0.00095	0.00030	0.00152	0.00077	0.00057	0.01834
3	0.02309	0.22544	0.16935	0.02700	0.01993	0.02573	0.17701	0.05498	0.06043	0.05744	0.03353	0.02616	0.02322	0.00659	0.03688	0.00042	0.02937	0.00113	0.00072	0.00157
4	0.00153	0.00117	0.00131	0.00136	0.00166	0.00102	0.00098	0.00182	0.00261	0.02412	0.08865	0.23092	0.57660	0.04799	0.00163	0.00045	0.00065	0.01339	0.00110	0.00101
5	0.00167	0.00112	0.00146	0.00160	0.00172	0.00107	0.00113	0.00179	0.00219	0.00288	0.02752	0.36762	0.09835	0.13823	0.00272	0.18112	0.00086	0.15328	0.01280	0.00087
6	0.00257	0.00217	0.00263	0.00197	0.02301	0.00169	0.02257	0.02856	0.00256	0.02181	0.00217	0.00251	0.00178	0.00091	0.00090	0.00019	0.00092	0.00074	0.00072	0.87963
7	0.00287	0.00275	0.00466	0.04737	0.88063	0.00275	0.00353	0.00357	0.00266	0.00382	0.00221	0.00291	0.00185	0.00105	0.00116	0.00035	0.00139	0.00104	0.00058	0.03285
8	0.01957	0.03635	0.00468	0.06740	0.82647	0.01781	0.00348	0.00359	0.00265	0.00377	0.00217	0.00287	0.00182	0.00106	0.00114	0.00035	0.00141	0.00102	0.00058	0.00180
9	0.02464	0.20447	0.37141	0.00263	0.00384	0.02418	0.00986	0.10048	0.00887	0.17116	0.01877	0.02273	0.00213	0.00126	0.00106	0.00034	0.00138	0.00097	0.01209	0.01773
10	0.02915	0.04708	0.01245	0.01444	0.06645	0.05315	0.07752	0.13725	0.06547	0.07403	0.03475	0.01100	0.01805	0.00121	0.00106	0.00029	0.00116	0.00101	0.00085	0.35364
11	0.00187	0.00133	0.00160	0.00163	0.00191	0.01772	0.00120	0.00228	0.02667	0.05385	0.20472	0.30966	0.17116	0.05127	0.01805	0.01716	0.00080	0.08654	0.00830	0.02229
12	0.02184	0.01509	0.00284	0.09877	0.22395	0.03890	0.01664	0.02119	0.06448	0.01870	0.16557	0.05329	0.15135	0.02158	0.01558	0.00042	0.02721	0.00932	0.03191	0.00138
13	0.00182	0.00143	0.00196	0.00190	0.02206	0.00134	0.06426	0.01949	0.01756	0.03413	0.19982	0.30245	0.28879	0.00280	0.00146	0.00042	0.01977	0.01633	0.00110	0.00114
14	0.01620	0.00151	0.00190	0.00170	0.00216	0.00141	0.00132	0.02837	0.04003	0.22581	0.43501	0.06038	0.11487	0.01031	0.03707	0.00045	0.00082	0.01806	0.00125	0.00135
15	0.00280	0.00269	0.00458	0.16217	0.79717	0.00277	0.00356	0.00352	0.00263	0.00371	0.00220	0.00295	0.00182	0.00107	0.00117	0.00036	0.00143	0.00105	0.00057	0.00178
16	0.02691	0.00119	0.00121	0.00120	0.00149	0.00119	0.00089	0.00279	0.02876	0.01719	0.02398	0.03950	0.03901	0.02322	0.00101	0.00032	0.00060	0.00126	0.78716	0.00112

[dist]
# distance from previous block
# <min> <max>
1	8

[block]
# block no. 2 follows, 276 sequences, length 6
# corresponding to MSA columns:
# 1270-1275
name=unknown_C
#
# <colnr> <probs for GDERKNQSTAVLIFYWHMCP>
#	G	D	E	R	K	N	Q	S	T	A	V	L	I	F	Y	W	H	M	C	P
0	0.00257	0.00245	0.00377	0.06838	0.06616	0.00314	0.08825	0.00297	0.00205	0.02907	0.00205	0.02995	0.00191	0.00239	0.07667	0.00059	0.61453	0.00115	0.00058	0.00135
1	0.00174	0.00125	0.00151	0.00151	0.00183	0.00114	0.00114	0.00220	0.02590	0.04745	0.27705	0.17906	0.35805	0.00302	0.02674	0.00045	0.00073	0.06696	0.00116	0.00110
2	0.00317	0.01790	0.22603	0.00350	0.02492	0.13328	0.24187	0.15097	0.05966	0.01849	0.00256	0.00316	0.00199	0.01931	0.00144	0.00039	0.05365	0.02035	0.01575	0.00164
3	0.00153	0.00114	0.00134	0.00144	0.00168	0.00103	0.00104	0.00185	0.00259	0.00341	0.14840	0.34835	0.35200	0.03116	0.00155	0.00044	0.00066	0.04582	0.05360	0.00100
4	0.00181	0.00120	0.00156	0.00159	0.00184	0.00116	0.00117	0.00217	0.00251	0.06235	0.17622	0.31216	0.14163	0.04768	0.17068	0.00071	0.00113	0.02580	0.04555	0.00107
5	0.00270	0.00172	0.00202	0.00183	0.00231	0.00175	0.00140	0.04978	0.22722	0.15769	0.21342	0.10289	0.07630	0.04723	0.00149	0.00042	0.00081	0.02330	0.08429	0.00143

[dist]
# distance from previous block
# <min> <max>
5	14

[block]
# block no. 3 follows, 276 sequences, length 7
# corresponding to MSA columns:
# 1291-1297
name=unknown_D
#
# <colnr> <probs for GDERKNQSTAVLIFYWHMCP>
#	G	D	E	R	K	N	Q	S	T	A	V	L	I	F	Y	W	H	M	C	P
0	0.00167	0.00134	0.00198	0.06091	0.03707	0.00132	0.05073	0.00199	0.00238	0.00316	0.05662	0.58898	0.09734	0.00321	0.01661	0.03052	0.02159	0.02053	0.00099	0.00105
1	0.00170	0.00115	0.00131	0.00133	0.00136	0.00114	0.00078	0.00174	0.00181	0.00240	0.00423	0.04630	0.03965	0.84717	0.00548	0.00106	0.00110	0.03878	0.00076	0.00075
2	0.00193	0.00120	0.00144	0.00143	0.00151	0.00120	0.00090	0.00200	0.00189	0.05670	0.00393	0.03373	0.00434	0.74798	0.05099	0.02619	0.00121	0.05981	0.00078	0.00083
3	0.00299	0.00333	0.06342	0.22511	0.04052	0.12496	0.37763	0.06524	0.02718	0.02252	0.00237	0.00302	0.00179	0.00115	0.00129	0.00038	0.01878	0.00115	0.01564	0.00154
4	0.00289	0.05501	0.05543	0.01207	0.01267	0.06146	0.16706	0.10513	0.02779	0.05805	0.06130	0.03365	0.06553	0.00206	0.04985	0.00048	0.20487	0.01059	0.01265	0.00147
5	0.00219	0.00221	0.05742	0.57954	0.04790	0.00243	0.00280	0.00281	0.00221	0.00294	0.00236	0.00385	0.00208	0.15737	0.04293	0.00059	0.08541	0.00115	0.00056	0.00125
6	0.06130	0.68640	0.11701	0.00242	0.04456	0.03716	0.00232	0.00367	0.03023	0.00315	0.00182	0.00209	0.00157	0.00105	0.00084	0.00028	0.00132	0.00070	0.00054	0.00155

[dist]
# distance from previous block
# <min> <max>
0	1

[block]
# block no. 4 follows, 276 sequences, length 12
# corresponding to MSA columns:
# 1319,1320,1322-1331
name=unknown_E
#
# <colnr> <probs for GDERKNQSTAVLIFYWHMCP>
#	G	D	E	R	K	N	Q	S	T	A	V	L	I	F	Y	W	H	M	C	P
0	0.00883	0.02650	0.02166	0.01564	0.00941	0.02063	0.04756	0.00872	0.01424	0.06192	0.00299	0.00332	0.06448	0.00955	0.00770	0.00026	0.01213	0.00677	0.00682	0.65087
1	0.00175	0.00123	0.00174	0.00169	0.00184	0.00126	0.03770	0.00189	0.00196	0.00266	0.03822	0.10902	0.06290	0.28019	0.28199	0.16903	0.00164	0.00169	0.00074	0.00087
2	0.00172	0.00123	0.00159	0.00164	0.00184	0.00125	0.00122	0.00203	0.00227	0.01362	0.06440	0.11582	0.15279	0.20538	0.24028	0.00096	0.01453	0.14740	0.02904	0.00099
3	0.00244	0.00210	0.00244	0.00175	0.00279	0.00157	0.00140	0.00297	0.00244	0.00384	0.00210	0.00244	0.00175	0.00087	0.00087	0.00017	0.00087	0.00070	0.00070	0.96578
4	0.00314	0.00265	0.00277	0.00244	0.00309	0.03248	0.00191	0.11333	0.70795	0.02541	0.01548	0.01908	0.00339	0.00162	0.00132	0.00040	0.04454	0.00130	0.01590	0.00181
5	0.00146	0.00105	0.00139	0.00165	0.00174	0.00098	0.00112	0.00168	0.00230	0.00304	0.00674	0.86801	0.05128	0.00364	0.00151	0.00048	0.00070	0.04919	0.00109	0.00097
6	0.00242	0.00232	0.00398	0.62477	0.23981	0.00269	0.04980	0.00317	0.00243	0.00324	0.00214	0.00310	0.00168	0.00132	0.02022	0.00042	0.03341	0.00107	0.00054	0.00145
7	0.00154	0.00129	0.03564	0.00166	0.00185	0.00110	0.00121	0.00191	0.03059	0.00325	0.09255	0.69406	0.09730	0.02819	0.00158	0.00047	0.00072	0.00297	0.00108	0.00102
8	0.00169	0.00114	0.00148	0.00163	0.00179	0.00106	0.00113	0.00194	0.00243	0.05620	0.08354	0.70810	0.09369	0.02103	0.00159	0.00047	0.01596	0.00298	0.00111	0.00103
9	0.00249	0.00247	0.00359	0.00306	0.00314	0.00335	0.05064	0.00279	0.00188	0.00289	0.00193	0.05584	0.00196	0.00236	0.04040	0.00056	0.81762	0.00119	0.00056	0.00128
10	0.00279	0.00279	0.03277	0.07671	0.56213	0.00269	0.18525	0.01907	0.00272	0.01920	0.00262	0.03085	0.00227	0.00126	0.00124	0.00038	0.00149	0.05142	0.00064	0.00171
11	0.00191	0.00130	0.00185	0.00181	0.00203	0.00144	0.00138	0.00228	0.00202	0.05819	0.01688	0.04634	0.01686	0.11580	0.68290	0.00155	0.01909	0.00142	0.02387	0.00107

[dist]
# distance from previous block
# <min> <max>
6	101

[block]
# block no. 5 follows, 276 sequences, length 28
# corresponding to MSA columns:
# 1436-1463
name=unknown_F
#
# <colnr> <probs for GDERKNQSTAVLIFYWHMCP>
#	G	D	E	R	K	N	Q	S	T	A	V	L	I	F	Y	W	H	M	C	P
0	0.00199	0.00183	0.02933	0.00250	0.00299	0.00166	0.22701	0.00255	0.00276	0.01010	0.28477	0.14908	0.06703	0.03321	0.00171	0.02450	0.01889	0.13592	0.00098	0.00119
1	0.04161	0.00271	0.00525	0.23654	0.01972	0.00277	0.53985	0.00366	0.07795	0.00365	0.00246	0.00323	0.00187	0.00125	0.00146	0.05096	0.00170	0.00125	0.00063	0.00148
2	0.00195	0.00130	0.00166	0.00153	0.00188	0.00121	0.00116	0.00258	0.03610	0.07023	0.77377	0.00845	0.07703	0.00234	0.00136	0.00037	0.00060	0.00205	0.01324	0.00119
3	0.00315	0.95928	0.00618	0.00202	0.00303	0.00466	0.00202	0.00353	0.00240	0.00277	0.00164	0.00189	0.00151	0.00101	0.00076	0.00025	0.00126	0.00063	0.00050	0.00151
4	0.01723	0.00241	0.02516	0.34637	0.34500	0.00248	0.04208	0.01277	0.00972	0.08921	0.00331	0.00945	0.08705	0.00133	0.00120	0.00037	0.00137	0.00121	0.00070	0.00157
5	0.93705	0.00238	0.00178	0.00160	0.00232	0.03215	0.00131	0.00350	0.00205	0.00521	0.00165	0.00192	0.00128	0.00110	0.00074	0.00036	0.00095	0.00064	0.00073	0.00128
6	0.06707	0.00200	0.00264	0.00205	0.00293	0.00178	0.00169	0.00551	0.00328	0.86659	0.02895	0.00400	0.00302	0.00146	0.00116	0.00036	0.00099	0.00117	0.00141	0.00194
7	0.00146	0.00119	0.00120	0.00120	0.00158	0.00101	0.00089	0.00177	0.00266	0.00328	0.03545	0.02012	0.83205	0.02715	0.00147	0.00041	0.00061	0.00238	0.06312	0.00100
8	0.00976	0.00255	0.00423	0.28920	0.57572	0.00267	0.01292	0.01569	0.00260	0.00366	0.00218	0.00295	0.00177	0.00108	0.00115	0.00035	0.00142	0.00103	0.00058	0.06850
9	0.00192	0.00142	0.00171	0.00159	0.00168	0.00154	0.00105	0.02642	0.00187	0.00259	0.00332	0.00655	0.00371	0.72356	0.05332	0.00104	0.11310	0.00154	0.00070	0.05139
10	0.00158	0.00117	0.00148	0.00147	0.00173	0.00106	0.00108	0.00203	0.00303	0.00417	0.62957	0.19547	0.14630	0.00274	0.00141	0.00040	0.00059	0.00242	0.00123	0.00106
11	0.00147	0.00107	0.00139	0.00161	0.00174	0.00099	0.00112	0.00172	0.00237	0.00311	0.03858	0.74398	0.12195	0.01354	0.00154	0.00048	0.00070	0.06058	0.00110	0.00097
12	0.15793	0.00301	0.00328	0.06178	0.04499	0.05817	0.02483	0.50461	0.00420	0.12185	0.00272	0.00282	0.00193	0.00132	0.00111	0.00036	0.00129	0.00100	0.00103	0.00179
13	0.94270	0.00227	0.00176	0.00156	0.00230	0.00262	0.00129	0.00352	0.00204	0.02912	0.00172	0.00197	0.00132	0.00110	0.00074	0.00036	0.00091	0.00065	0.00075	0.00129
14	0.00515	0.00206	0.00275	0.00212	0.00301	0.00182	0.00174	0.05730	0.00349	0.87616	0.02858	0.00407	0.00308	0.00148	0.00119	0.00036	0.00101	0.00120	0.00144	0.00198
15	0.00403	0.15540	0.00384	0.00289	0.00353	0.69880	0.01293	0.01546	0.01513	0.00295	0.00183	0.00217	0.00155	0.00125	0.00123	0.00031	0.07390	0.00078	0.00060	0.00140
16	0.00151	0.00120	0.00136	0.00140	0.00173	0.00105	0.00106	0.00188	0.00279	0.00354	0.21367	0.09578	0.56768	0.00295	0.00143	0.00041	0.00065	0.09777	0.00114	0.00103
17	0.00190	0.00136	0.00190	0.00217	0.00244	0.00136	0.00190	0.00244	0.00271	0.00353	0.00624	0.01330	0.00678	0.00326	0.00163	0.00054	0.00109	0.94329	0.00109	0.00109
18	0.00250	0.00125	0.00134	0.00125	0.00161	0.00124	0.00096	0.02799	0.01096	0.08657	0.03297	0.00462	0.02602	0.00145	0.00090	0.00029	0.00061	0.00117	0.79509	0.00121
19	0.00246	0.00217	0.00279	0.01807	0.00312	0.00169	0.06924	0.00303	0.00247	0.00382	0.00212	0.00251	0.00175	0.00089	0.00092	0.00019	0.00096	0.00075	0.00069	0.88036
20	0.96690	0.00228	0.00173	0.00155	0.00228	0.00264	0.00128	0.00347	0.00201	0.00529	0.00164	0.00191	0.00128	0.00109	0.00073	0.00036	0.00091	0.00064	0.00073	0.00128
21	0.00147	0.00106	0.00137	0.00159	0.00169	0.00099	0.00107	0.00169	0.00228	0.00303	0.03796	0.77983	0.05700	0.08141	0.00186	0.00053	0.00072	0.02244	0.00107	0.00095
22	0.00283	0.00248	0.00269	0.08139	0.00344	0.01431	0.00195	0.00579	0.82192	0.00467	0.00470	0.02517	0.02014	0.00163	0.00121	0.00040	0.00099	0.00137	0.00113	0.00178
23	0.00429	0.00331	0.00372	0.00286	0.00376	0.02492	0.05175	0.82908	0.00516	0.00690	0.00272	0.00282	0.00196	0.00142	0.00132	0.00036	0.04954	0.00107	0.00110	0.00193
24	0.00309	0.06198	0.04470	0.02247	0.15938	0.00211	0.01114	0.01925	0.00787	0.17457	0.01483	0.00926	0.00212	0.00109	0.00101	0.00027	0.00107	0.00091	0.00081	0.46207
25	0.79393	0.04794	0.00224	0.03106	0.05814	0.02744	0.00155	0.00354	0.01805	0.00495	0.00175	0.00206	0.00138	0.00110	0.00079	0.00036	0.00101	0.00069	0.00071	0.00134
26	0.48901	0.00208	0.00214	0.00179	0.00256	0.00214	0.00146	0.00433	0.00263	0.41223	0.01680	0.05299	0.00247	0.00141	0.00098	0.00037	0.00093	0.00104	0.00107	0.00157
27	0.00261	0.02189	0.10961	0.14546	0.27521	0.00858	0.06028	0.02339	0.03821	0.05030	0.06660	0.00848	0.01789	0.01230	0.09780	0.01868	0.01742	0.01375	0.00999	0.00154

[dist]
# distance from previous block
# <min> <max>
1	11

[block]
# block no. 6 follows, 276 sequences, length 7
# corresponding to MSA columns:
# 1505-1511
name=unknown_G
#
# <colnr> <probs for GDERKNQSTAVLIFYWHMCP>
#	G	D	E	R	K	N	Q	S	T	A	V	L	I	F	Y	W	H	M	C	P
0	0.02669	0.00147	0.00187	0.00172	0.00214	0.00138	0.01368	0.03469	0.02273	0.18926	0.28217	0.21395	0.13757	0.01476	0.01511	0.00043	0.00079	0.02254	0.01577	0.00129
1	0.06651	0.20451	0.19661	0.00239	0.01500	0.01442	0.03743	0.03280	0.00266	0.11930	0.01421	0.04027	0.01367	0.00125	0.00101	0.00031	0.00121	0.01256	0.00075	0.22313
2	0.05044	0.03693	0.16927	0.03894	0.19639	0.02236	0.03384	0.05911	0.02943	0.21358	0.09379	0.00375	0.01899	0.00136	0.00115	0.00036	0.00125	0.00115	0.01135	0.01657
3	0.30967	0.30554	0.12421	0.00245	0.05503	0.08434	0.00219	0.02831	0.01846	0.02224	0.00192	0.00222	0.00156	0.00127	0.01922	0.00036	0.01814	0.00075	0.00064	0.00149
4	0.02734	0.04245	0.03832	0.04037	0.10465	0.00281	0.05356	0.08918	0.41211	0.08203	0.02140	0.00395	0.02898	0.00147	0.00123	0.00038	0.02132	0.00123	0.02546	0.00175
5	0.03157	0.00156	0.00190	0.00165	0.00220	0.00137	0.00129	0.00276	0.01978	0.08842	0.34408	0.04040	0.11942	0.00230	0.03706	0.00040	0.00083	0.06122	0.00107	0.24071
6	0.00184	0.00123	0.00159	0.00148	0.00179	0.00113	0.00112	0.00238	0.00327	0.04475	0.82456	0.00850	0.05069	0.00234	0.00135	0.00037	0.00058	0.00206	0.04784	0.00114

[dist]
# distance from previous block
# <min> <max>
0	24

[block]
# block no. 7 follows, 276 sequences, length 25
# corresponding to MSA columns:
# 1536-1542,1554-1570,1572
name=unknown_H
#
# <colnr> <probs for GDERKNQSTAVLIFYWHMCP>
#	G	D	E	R	K	N	Q	S	T	A	V	L	I	F	Y	W	H	M	C	P
0	0.03646	0.00206	0.00296	0.00227	0.00314	0.00184	0.08820	0.01901	0.00326	0.72444	0.04155	0.00440	0.04894	0.00151	0.00120	0.00037	0.00105	0.00128	0.01420	0.00185
1	0.00146	0.00119	0.00128	0.00127	0.00163	0.00102	0.00094	0.00181	0.00281	0.00351	0.22323	0.02450	0.70753	0.02077	0.00148	0.00041	0.00060	0.00241	0.00113	0.00102
2	0.00212	0.01966	0.01303	0.01803	0.01096	0.01279	0.00189	0.00279	0.07811	0.01425	0.00470	0.04476	0.01835	0.06297	0.12686	0.00072	0.13473	0.43121	0.00090	0.00118
3	0.01507	0.00196	0.00262	0.00204	0.00290	0.00172	0.00167	0.01252	0.01403	0.84769	0.04584	0.00432	0.01854	0.00152	0.00119	0.00036	0.00097	0.00124	0.02189	0.00192
4	0.00243	0.00558	0.80682	0.00331	0.00488	0.02629	0.04992	0.00367	0.00249	0.01170	0.00221	0.00270	0.00163	0.02205	0.01944	0.00042	0.01973	0.00093	0.01212	0.00168
5	0.86223	0.04299	0.01948	0.00169	0.00246	0.01162	0.01162	0.02971	0.00215	0.00517	0.00169	0.00197	0.00132	0.00110	0.00076	0.00036	0.00098	0.00066	0.00073	0.00132
6	0.00290	0.00278	0.00472	0.03069	0.91065	0.00280	0.00358	0.00365	0.01980	0.00385	0.00226	0.00295	0.00189	0.00106	0.00117	0.00035	0.00140	0.00106	0.00059	0.00185
7	0.01447	0.02974	0.47881	0.03320	0.04724	0.00280	0.28801	0.00872	0.01250	0.01658	0.03085	0.00683	0.00762	0.00116	0.00125	0.00038	0.01650	0.00110	0.00059	0.00165
8	0.00263	0.00844	0.02029	0.03368	0.00319	0.04253	0.01375	0.03492	0.01319	0.01484	0.02751	0.04805	0.00226	0.02006	0.02281	0.00052	0.67383	0.00118	0.01500	0.00131
9	0.00489	0.00208	0.01731	0.00208	0.00299	0.00176	0.00173	0.02846	0.00332	0.81346	0.00454	0.00402	0.02500	0.00144	0.00116	0.00035	0.00100	0.00117	0.00932	0.07390
10	0.00181	0.00116	0.00149	0.00161	0.00182	0.00109	0.00118	0.00217	0.00256	0.05024	0.13015	0.47727	0.06371	0.01144	0.00144	0.00044	0.00072	0.12645	0.12217	0.00106
11	0.14550	0.00193	0.00233	0.00187	0.00264	0.00182	0.00153	0.03089	0.01580	0.60468	0.00404	0.00385	0.00272	0.00141	0.00106	0.00035	0.00092	0.01187	0.16304	0.00173
12	0.00154	0.00120	0.00140	0.00135	0.00168	0.00106	0.00101	0.00198	0.00303	0.00401	0.51132	0.00999	0.45085	0.00268	0.00139	0.00038	0.00058	0.00230	0.00120	0.00106
13	0.96690	0.00228	0.00173	0.00155	0.00228	0.00264	0.00128	0.00347	0.00201	0.00529	0.00164	0.00191	0.00128	0.00109	0.00073	0.00036	0.00091	0.00064	0.00073	0.00128
14	0.00176	0.00146	0.00791	0.07559	0.04008	0.00141	0.04117	0.00226	0.02328	0.00362	0.30189	0.13762	0.21370	0.10111	0.02396	0.00051	0.00769	0.01284	0.00102	0.00111
15	0.00239	0.00185	0.00216	0.00214	0.00258	0.00200	0.00170	0.00414	0.43105	0.03328	0.04380	0.16098	0.00551	0.00246	0.00138	0.00045	0.00092	0.28577	0.01397	0.00145
16	0.00293	0.00264	0.02839	0.02431	0.54704	0.00259	0.04306	0.05324	0.10634	0.05791	0.02251	0.07199	0.02017	0.00143	0.00122	0.00037	0.00127	0.01006	0.00079	0.00175
17	0.00194	0.00136	0.00191	0.00211	0.00920	0.00134	0.01529	0.00246	0.01525	0.03373	0.03055	0.17984	0.03222	0.00318	0.00157	0.00051	0.00100	0.66434	0.00110	0.00111
18	0.05160	0.03895	0.02784	0.00260	0.00354	0.00930	0.00219	0.74624	0.06549	0.01801	0.00284	0.00284	0.00204	0.00138	0.00113	0.00035	0.00126	0.00103	0.00111	0.02025
19	0.01140	0.00249	0.00286	0.02310	0.02107	0.00267	0.00193	0.17733	0.44712	0.25342	0.02086	0.00405	0.01098	0.00152	0.00119	0.00038	0.00103	0.00124	0.00123	0.01413
20	0.01867	0.23383	0.37619	0.01368	0.10231	0.00317	0.06100	0.06231	0.01100	0.09739	0.00240	0.00268	0.00805	0.00115	0.00106	0.00034	0.00148	0.00092	0.00067	0.00172
21	0.00290	0.37460	0.41585	0.00302	0.03276	0.02921	0.07285	0.02536	0.00260	0.02790	0.00203	0.00236	0.00158	0.00108	0.00100	0.00032	0.00154	0.00083	0.00055	0.00165
22	0.00148	0.00122	0.00132	0.00136	0.00173	0.00105	0.00106	0.00182	0.00270	0.00328	0.03778	0.02493	0.76268	0.00302	0.00143	0.00042	0.00067	0.14992	0.00110	0.00101
23	0.00671	0.00294	0.16507	0.27870	0.26366	0.00249	0.03070	0.04021	0.00686	0.06225	0.01461	0.05641	0.03083	0.00137	0.00119	0.00037	0.00140	0.00715	0.00069	0.02637
24	0.04420	0.03039	0.12234	0.06285	0.30409	0.02885	0.05617	0.16330	0.04765	0.07948	0.02710	0.01177	0.01398	0.00127	0.00116	0.00036	0.00137	0.00110	0.00080	0.00175

[dist]
# distance from previous block
# <min> <max>
6	10

[block]
# block no. 8 follows, 276 sequences, length 16
# corresponding to MSA columns:
# 1594,1595,1597-1610
name=unknown_I
#
# <colnr> <probs for GDERKNQSTAVLIFYWHMCP>
#	G	D	E	R	K	N	Q	S	T	A	V	L	I	F	Y	W	H	M	C	P
0	0.00167	0.00123	0.00144	0.00138	0.00173	0.00108	0.00104	0.00210	0.00303	0.03919	0.47395	0.02579	0.43678	0.00266	0.00139	0.00038	0.00059	0.00228	0.00121	0.00109
1	0.00268	0.25765	0.59815	0.00298	0.00443	0.01420	0.03856	0.00377	0.02718	0.02397	0.00225	0.00255	0.01444	0.00113	0.00104	0.00034	0.00158	0.00087	0.00055	0.00167
2	0.00331	0.00367	0.00271	0.00254	0.01703	0.46997	0.00189	0.04904	0.14031	0.00367	0.11404	0.12035	0.04488	0.00183	0.00121	0.00036	0.00146	0.01947	0.00089	0.00138
3	0.01770	0.00143	0.00169	0.00165	0.00200	0.02182	0.00875	0.02123	0.01418	0.07124	0.24970	0.17139	0.23709	0.01519	0.02234	0.00045	0.00081	0.10899	0.03119	0.00115
4	0.00263	0.00245	0.00337	0.00289	0.00302	0.00327	0.02598	0.02514	0.06941	0.01596	0.00218	0.03143	0.00202	0.00198	0.00324	0.00048	0.73474	0.00114	0.06734	0.00134
5	0.00196	0.00152	0.00204	0.00194	0.00211	0.01570	0.00148	0.02469	0.00201	0.00291	0.02447	0.00476	0.00306	0.14810	0.53084	0.03901	0.13526	0.00129	0.05580	0.00105
6	0.00148	0.00106	0.00139	0.00163	0.00174	0.00099	0.00112	0.00174	0.00237	0.00317	0.06696	0.78854	0.05499	0.00352	0.00149	0.00047	0.00069	0.04983	0.01584	0.00098
7	0.43476	0.03799	0.00267	0.00227	0.00296	0.40796	0.00178	0.02383	0.03788	0.02556	0.00198	0.01202	0.00159	0.00120	0.00092	0.00034	0.00145	0.00076	0.00072	0.00137
8	0.00315	0.95928	0.00618	0.00202	0.00303	0.00466	0.00202	0.00353	0.00240	0.00277	0.00164	0.00189	0.00151	0.00101	0.00076	0.00025	0.00126	0.00063	0.00050	0.00151
9	0.60639	0.20379	0.04536	0.00176	0.00258	0.01221	0.00158	0.01377	0.00218	0.00451	0.00178	0.00215	0.00146	0.02121	0.00092	0.00952	0.00104	0.00069	0.01267	0.05444
10	0.00145	0.00104	0.00137	0.00161	0.00170	0.00097	0.00108	0.00166	0.00229	0.00305	0.03484	0.87441	0.03974	0.02672	0.00161	0.00049	0.00069	0.00325	0.00109	0.00096
11	0.00202	0.00104	0.00154	0.00154	0.00155	0.00105	0.00103	0.00157	0.00156	0.00208	0.00216	0.00379	0.00217	0.04238	0.04231	0.88898	0.00111	0.00106	0.00052	0.00054
12	0.01836	0.02443	0.00411	0.01765	0.30941	0.12295	0.11356	0.03150	0.04099	0.05021	0.01143	0.02641	0.01544	0.00150	0.00789	0.00040	0.16994	0.02132	0.01091	0.00158
13	0.00217	0.00173	0.00198	0.02360	0.00789	0.05828	0.00157	0.02736	0.10406	0.01462	0.11251	0.16093	0.04570	0.03487	0.05813	0.02139	0.02116	0.24208	0.05876	0.00119
14	0.02409	0.05009	0.10365	0.03031	0.26430	0.03460	0.07873	0.04902	0.04170	0.01391	0.09724	0.01403	0.06492	0.00993	0.01451	0.00038	0.00705	0.01343	0.01886	0.06925
15	0.00282	0.02959	0.07831	0.09598	0.14991	0.01726	0.03370	0.06956	0.15428	0.06385	0.05283	0.06328	0.00314	0.02702	0.00146	0.00039	0.05450	0.02088	0.00085	0.08037

[dist]
# distance from previous block
# <min> <max>
0	307

# created by:
# /home/berkeley/.conda/envs/busco_data_prod/bin/msa2prfl.pl pipeline/OGs_align_augustus/2759/10249667.fs
