[name]
unknown

[dist]
# distance from previous block
# <min> <max>
0	998

[block]
# block no. 0 follows, 350 sequences, length 22
# corresponding to MSA columns:
# 1006-1013,1022-1031,1033-1036
name=unknown_A
#
# <colnr> <probs for GDERKNQSTAVLIFYWHMCP>
#	G	D	E	R	K	N	Q	S	T	A	V	L	I	F	Y	W	H	M	C	P
0	0.01239	0.00108	0.00145	0.00152	0.02445	0.00104	0.00119	0.00193	0.01301	0.00335	0.50051	0.03068	0.00692	0.00211	0.00116	0.00034	0.00064	0.35775	0.00093	0.03754
1	0.00176	0.00165	0.00276	0.92586	0.00628	0.00205	0.00254	0.00237	0.00189	0.00242	0.01748	0.00268	0.00143	0.02390	0.00104	0.00033	0.00124	0.00086	0.00043	0.00103
2	0.00235	0.00237	0.04709	0.04501	0.63568	0.01086	0.16495	0.01193	0.00754	0.03792	0.01145	0.00248	0.00680	0.00088	0.00098	0.00029	0.00862	0.00090	0.00050	0.00142
3	0.00116	0.00083	0.00109	0.00130	0.00135	0.00077	0.00086	0.00132	0.00178	0.00238	0.00508	0.91351	0.00608	0.05590	0.00140	0.00041	0.00057	0.00261	0.00086	0.00076
4	0.00232	0.00222	0.01209	0.07684	0.85349	0.00223	0.01244	0.01260	0.00216	0.01200	0.00179	0.00235	0.00148	0.00085	0.00094	0.00028	0.00113	0.00084	0.00047	0.00146
5	0.00168	0.01786	0.00194	0.00173	0.00182	0.01235	0.00134	0.00187	0.00148	0.00898	0.00216	0.00370	0.00220	0.25903	0.32368	0.00981	0.33587	0.00102	0.00049	0.01099
6	0.00211	0.00203	0.00283	0.00242	0.00245	0.00279	0.00201	0.00232	0.00149	0.02837	0.00134	0.00215	0.00130	0.01432	0.00302	0.00041	0.91006	0.00083	0.00044	0.01731
7	0.00189	0.00488	0.96197	0.00269	0.00408	0.00219	0.00348	0.00299	0.00199	0.00299	0.00169	0.00199	0.00119	0.00090	0.00090	0.00030	0.00139	0.00070	0.00040	0.00139
8	0.00834	0.00236	0.01697	0.05235	0.31194	0.00230	0.49529	0.02404	0.00717	0.01402	0.00189	0.00253	0.00150	0.01571	0.01362	0.00033	0.02686	0.00099	0.00049	0.00132
9	0.00232	0.00218	0.00371	0.05971	0.88131	0.00220	0.00283	0.00287	0.00214	0.01687	0.00184	0.01445	0.00155	0.00088	0.00094	0.00028	0.00112	0.00086	0.00048	0.00146
10	0.00115	0.00082	0.00109	0.00131	0.00137	0.00077	0.00088	0.00131	0.00181	0.00241	0.00520	0.96624	0.00624	0.00295	0.00120	0.00038	0.00055	0.00268	0.00088	0.00077
11	0.00118	0.00085	0.00112	0.00133	0.00139	0.00080	0.00089	0.00140	0.02518	0.00244	0.00516	0.94274	0.00616	0.00291	0.00120	0.00038	0.00055	0.00264	0.00088	0.00078
12	0.00214	0.00204	0.00348	0.34274	0.62555	0.00219	0.00280	0.00272	0.00206	0.00284	0.00174	0.00240	0.00141	0.00088	0.00094	0.00029	0.00117	0.00084	0.00045	0.00134
13	0.00228	0.00220	0.00378	0.08785	0.82906	0.00225	0.03393	0.00284	0.00211	0.00301	0.00176	0.00235	0.00147	0.00086	0.00098	0.00029	0.02024	0.00085	0.00046	0.00144
14	0.00146	0.00106	0.00137	0.00129	0.00151	0.00103	0.00097	0.00196	0.04331	0.02553	0.76647	0.08522	0.00788	0.01681	0.00125	0.00032	0.03896	0.00170	0.00099	0.00092
15	0.00269	0.73988	0.04723	0.00181	0.00259	0.14399	0.00174	0.04621	0.00214	0.00243	0.00139	0.00160	0.00123	0.00085	0.00067	0.00022	0.00113	0.00054	0.00044	0.00122
16	0.00133	0.00090	0.00104	0.00108	0.00109	0.00089	0.00063	0.00136	0.00145	0.00194	0.00339	0.18525	0.00395	0.78707	0.00413	0.00082	0.00085	0.00162	0.00063	0.00061
17	0.00135	0.00104	0.00124	0.00130	0.00148	0.01284	0.00093	0.00172	0.06237	0.01352	0.10337	0.44803	0.22731	0.04461	0.03573	0.00042	0.02645	0.01457	0.00086	0.00085
18	0.02386	0.06126	0.10100	0.01072	0.01606	0.24512	0.17650	0.19011	0.13240	0.01148	0.00208	0.00870	0.00160	0.00101	0.00095	0.00028	0.01407	0.00083	0.00063	0.00132
19	0.00162	0.00094	0.00132	0.00131	0.00136	0.02173	0.00091	0.00137	0.00132	0.00176	0.00181	0.00301	0.00177	0.00398	0.19324	0.75960	0.00118	0.00085	0.00043	0.00051
20	0.01173	0.03328	0.25288	0.01819	0.55541	0.02188	0.00868	0.00941	0.00213	0.03606	0.00179	0.00222	0.00142	0.00087	0.00090	0.00028	0.00117	0.00078	0.00048	0.04044
21	0.03283	0.01005	0.00278	0.12736	0.05606	0.03440	0.11985	0.26312	0.03936	0.10819	0.15334	0.01347	0.01547	0.00120	0.00097	0.00029	0.00100	0.00104	0.01115	0.00806

[dist]
# distance from previous block
# <min> <max>
1	6

[block]
# block no. 1 follows, 350 sequences, length 29
# corresponding to MSA columns:
# 1048-1061,1108,1109,1114-1126
name=unknown_B
#
# <colnr> <probs for GDERKNQSTAVLIFYWHMCP>
#	G	D	E	R	K	N	Q	S	T	A	V	L	I	F	Y	W	H	M	C	P
0	0.00618	0.00147	0.01259	0.01000	0.00203	0.00170	0.03418	0.01904	0.00549	0.01710	0.04270	0.39547	0.06797	0.00665	0.00187	0.00038	0.35188	0.01173	0.00069	0.01088
1	0.00207	0.00194	0.01882	0.57346	0.02756	0.03708	0.03486	0.01433	0.00190	0.05357	0.00174	0.00252	0.00138	0.02786	0.00149	0.00035	0.19664	0.00085	0.00047	0.00109
2	0.00825	0.08430	0.66753	0.03953	0.00372	0.00220	0.00959	0.02122	0.00793	0.10530	0.03533	0.00229	0.00161	0.00097	0.00090	0.00029	0.00642	0.00076	0.00052	0.00137
3	0.01048	0.00158	0.00181	0.00159	0.00579	0.07646	0.01242	0.02784	0.02092	0.26492	0.23697	0.11645	0.12952	0.00176	0.00536	0.00032	0.06967	0.00834	0.00092	0.00688
4	0.01121	0.03551	0.05402	0.07404	0.38090	0.01829	0.08865	0.03256	0.04612	0.12568	0.00606	0.06651	0.00206	0.02215	0.00108	0.00031	0.01503	0.01786	0.00062	0.00134
5	0.00151	0.00104	0.00127	0.00119	0.00148	0.00094	0.00090	0.00196	0.03177	0.07307	0.59008	0.03376	0.25348	0.00200	0.00110	0.00030	0.00049	0.00173	0.00100	0.00093
6	0.00149	0.00110	0.00141	0.02882	0.00184	0.00795	0.00698	0.00722	0.04824	0.02339	0.03280	0.28338	0.14527	0.00244	0.00118	0.00038	0.00071	0.37910	0.02539	0.00089
7	0.01198	0.00179	0.00306	0.79348	0.05967	0.00214	0.07074	0.01009	0.00194	0.01241	0.00171	0.00249	0.00129	0.00095	0.00100	0.00031	0.02256	0.00086	0.00044	0.00110
8	0.00189	0.00179	0.00302	0.76622	0.17660	0.00213	0.01211	0.00255	0.01973	0.00256	0.00174	0.00250	0.00133	0.00093	0.00094	0.00031	0.00123	0.00085	0.00044	0.00114
9	0.00135	0.00100	0.00147	0.00147	0.00162	0.00115	0.00112	0.00165	0.00150	0.00215	0.00257	0.00394	0.00246	0.10025	0.87008	0.00146	0.00237	0.00105	0.00051	0.00082
10	0.02220	0.00193	0.00256	0.14145	0.00295	0.04148	0.00954	0.04751	0.00662	0.04676	0.01546	0.01250	0.00183	0.01626	0.05086	0.00043	0.49971	0.05630	0.02257	0.00106
11	0.00119	0.00093	0.00105	0.00109	0.00133	0.00081	0.00079	0.00145	0.00216	0.01395	0.16047	0.23517	0.57140	0.00243	0.00113	0.00033	0.00049	0.00210	0.00090	0.00081
12	0.05029	0.01696	0.05935	0.00748	0.01303	0.01118	0.51753	0.05686	0.15017	0.00764	0.03125	0.01866	0.00193	0.00097	0.00102	0.00030	0.00596	0.00103	0.00061	0.04777
13	0.08714	0.13709	0.03052	0.16051	0.35414	0.11656	0.02428	0.02265	0.01698	0.00973	0.00166	0.00211	0.00135	0.00091	0.00092	0.00028	0.03068	0.00074	0.00048	0.00127
14	0.00190	0.00171	0.00266	0.72140	0.00546	0.00194	0.01080	0.02275	0.00959	0.01681	0.00174	0.00242	0.00132	0.00090	0.00090	0.00028	0.00113	0.00079	0.00047	0.19503
15	0.01502	0.25354	0.52183	0.00228	0.00336	0.03574	0.01627	0.05650	0.00217	0.05834	0.00182	0.02590	0.00141	0.00095	0.00083	0.00027	0.00122	0.00072	0.00049	0.00134
16	0.00249	0.83080	0.05479	0.00175	0.00257	0.01517	0.02373	0.02299	0.00940	0.00239	0.01628	0.00169	0.00136	0.00085	0.00068	0.00022	0.01064	0.00056	0.00043	0.00122
17	0.00135	0.00100	0.00149	0.00149	0.00165	0.00116	0.00115	0.00166	0.00152	0.00218	0.00260	0.03043	0.00248	0.03075	0.90237	0.01190	0.00241	0.00106	0.00052	0.00083
18	0.00872	0.01785	0.00909	0.01408	0.17058	0.05025	0.04611	0.06478	0.29069	0.04144	0.08414	0.00341	0.02349	0.00757	0.00427	0.00032	0.13797	0.02320	0.00073	0.00131
19	0.00665	0.00215	0.00736	0.08117	0.61905	0.00575	0.05035	0.07103	0.01875	0.06126	0.00794	0.02265	0.00489	0.00547	0.00740	0.00030	0.02145	0.00441	0.00056	0.00142
20	0.00135	0.00100	0.00150	0.00150	0.00167	0.00116	0.00116	0.00168	0.00153	0.00221	0.00260	0.02859	0.00246	0.00689	0.92582	0.00147	0.00245	0.00105	0.01306	0.00084
21	0.00332	0.01136	0.00282	0.01008	0.09184	0.68733	0.01757	0.11331	0.00936	0.01576	0.00169	0.01192	0.00139	0.00110	0.01688	0.00028	0.00154	0.00070	0.00055	0.00119
22	0.06599	0.00621	0.00327	0.24343	0.43397	0.00713	0.06313	0.05065	0.01711	0.06824	0.01012	0.01001	0.01040	0.00095	0.00094	0.00029	0.00540	0.00088	0.00055	0.00133
23	0.00117	0.00087	0.00110	0.00126	0.00138	0.00080	0.00087	0.00140	0.01067	0.00253	0.05819	0.69920	0.18660	0.00277	0.00118	0.00037	0.00054	0.02743	0.00088	0.00079
24	0.00244	0.00144	0.00160	0.01866	0.00186	0.00149	0.00110	0.21559	0.05373	0.11817	0.07912	0.00991	0.02143	0.00122	0.00083	0.00026	0.00065	0.00099	0.46835	0.00116
25	0.54148	0.00181	0.00201	0.31633	0.04589	0.01679	0.00165	0.00264	0.00174	0.01321	0.00155	0.01397	0.00123	0.00607	0.00785	0.00758	0.01592	0.00068	0.00053	0.00105
26	0.01080	0.03775	0.08584	0.02470	0.07444	0.08325	0.08684	0.22446	0.03197	0.07823	0.00850	0.03938	0.00730	0.00137	0.00111	0.00032	0.04827	0.15346	0.00072	0.00128
27	0.00145	0.00107	0.00126	0.00126	0.00151	0.00096	0.00092	0.00975	0.01496	0.02526	0.32320	0.21860	0.36470	0.01125	0.00122	0.00036	0.00056	0.01355	0.00723	0.00093
28	0.01231	0.00196	0.00315	0.52042	0.12058	0.00221	0.10966	0.00979	0.13029	0.00714	0.00240	0.02968	0.01778	0.00116	0.00107	0.00034	0.01906	0.00917	0.00058	0.00125

[dist]
# distance from previous block
# <min> <max>
9	54

[block]
# block no. 2 follows, 350 sequences, length 25
# corresponding to MSA columns:
# 1182-1184,1186-1189,1192-1201,1237-1244
name=unknown_C
#
# <colnr> <probs for GDERKNQSTAVLIFYWHMCP>
#	G	D	E	R	K	N	Q	S	T	A	V	L	I	F	Y	W	H	M	C	P
0	0.02024	0.51862	0.02380	0.00768	0.03616	0.04450	0.00686	0.03103	0.00214	0.01957	0.00165	0.00192	0.00142	0.00088	0.00073	0.00022	0.00100	0.00061	0.00053	0.28044
1	0.01337	0.01648	0.12848	0.00191	0.01197	0.00766	0.04477	0.04240	0.01184	0.16855	0.05387	0.04166	0.00235	0.00113	0.00093	0.00026	0.00803	0.02194	0.00074	0.42167
2	0.01442	0.11976	0.05988	0.13389	0.31960	0.06265	0.06205	0.10417	0.03501	0.05728	0.00207	0.00248	0.00657	0.00102	0.00098	0.00030	0.01499	0.00085	0.00060	0.00142
3	0.00979	0.80199	0.01186	0.00179	0.00258	0.04141	0.00170	0.06302	0.00220	0.03229	0.00158	0.00180	0.00138	0.00094	0.00076	0.00024	0.02224	0.00059	0.00051	0.00130
4	0.07651	0.01208	0.04439	0.00180	0.02476	0.00168	0.02620	0.07625	0.03780	0.08349	0.00758	0.01775	0.00701	0.00095	0.00083	0.00023	0.00084	0.00075	0.00069	0.57841
5	0.00642	0.00535	0.01192	0.01272	0.00944	0.00115	0.00766	0.00630	0.01924	0.00782	0.12481	0.03898	0.01820	0.60820	0.07603	0.01479	0.02046	0.00907	0.00069	0.00078
6	0.02707	0.00170	0.00282	0.90796	0.03781	0.00210	0.00259	0.00243	0.00189	0.00248	0.00167	0.00248	0.00126	0.00094	0.00093	0.00031	0.00124	0.00083	0.00042	0.00106
7	0.01982	0.02678	0.03168	0.09361	0.03289	0.01810	0.04154	0.02160	0.08148	0.26584	0.08708	0.05798	0.18877	0.00151	0.00104	0.00031	0.02237	0.00128	0.00511	0.00121
8	0.00215	0.03116	0.29693	0.13267	0.25646	0.00220	0.13914	0.00697	0.01534	0.04318	0.00927	0.02741	0.00159	0.00100	0.00659	0.00031	0.02491	0.00089	0.00049	0.00133
9	0.00602	0.00159	0.00219	0.01902	0.03687	0.00654	0.06047	0.09276	0.05036	0.13995	0.04232	0.05367	0.03591	0.01596	0.09064	0.00045	0.12034	0.13985	0.08395	0.00113
10	0.03539	0.00293	0.27970	0.00229	0.02795	0.00233	0.02612	0.14758	0.41500	0.03346	0.00979	0.00283	0.00211	0.00112	0.00093	0.00031	0.00101	0.00694	0.00076	0.00145
11	0.05605	0.22240	0.11824	0.02417	0.07484	0.04908	0.04301	0.12495	0.04156	0.17819	0.00888	0.00231	0.00601	0.00491	0.00094	0.00028	0.03578	0.00077	0.00066	0.00698
12	0.01269	0.01740	0.02775	0.08502	0.03936	0.00889	0.24711	0.03113	0.02013	0.19536	0.00726	0.20653	0.02203	0.00153	0.00108	0.00033	0.01242	0.06204	0.00075	0.00119
13	0.00119	0.00085	0.00112	0.00132	0.00139	0.00080	0.00091	0.00138	0.00184	0.00245	0.03143	0.79630	0.02957	0.05049	0.00138	0.00041	0.00059	0.07493	0.00086	0.00077
14	0.00122	0.00090	0.00117	0.00135	0.00143	0.00087	0.00093	0.00899	0.01960	0.00250	0.01762	0.84129	0.04268	0.00283	0.00123	0.00038	0.02185	0.02580	0.00655	0.00080
15	0.03004	0.14941	0.49717	0.02126	0.01356	0.07147	0.02570	0.07160	0.03957	0.06359	0.00188	0.00743	0.00140	0.00095	0.00086	0.00028	0.00125	0.00072	0.00053	0.00135
16	0.00230	0.00220	0.00378	0.02365	0.90711	0.00221	0.01760	0.00285	0.00214	0.00305	0.00185	0.02362	0.00159	0.00089	0.00094	0.00028	0.00112	0.00089	0.00048	0.00147
17	0.00960	0.00085	0.00111	0.00131	0.00139	0.00080	0.00089	0.00139	0.00182	0.00987	0.00511	0.87777	0.01428	0.01782	0.00124	0.00039	0.00056	0.03277	0.02026	0.00078
18	0.00154	0.00126	0.01164	0.00167	0.00777	0.01290	0.00975	0.00183	0.01165	0.00859	0.00235	0.00366	0.00226	0.11873	0.62897	0.03091	0.14214	0.00101	0.00050	0.00085
19	0.04515	0.29288	0.03807	0.03112	0.00938	0.18518	0.03787	0.13824	0.02646	0.11411	0.01811	0.00901	0.01241	0.00103	0.00086	0.00026	0.01666	0.00997	0.01196	0.00127
20	0.00146	0.00105	0.00141	0.00156	0.00177	0.00102	0.00692	0.00807	0.01500	0.01472	0.03607	0.18946	0.12215	0.00256	0.00124	0.00040	0.00075	0.58576	0.00778	0.00087
21	0.91500	0.01680	0.00149	0.01009	0.00190	0.00213	0.00106	0.01523	0.00167	0.02588	0.00138	0.00159	0.00106	0.00088	0.00060	0.00029	0.00074	0.00053	0.00060	0.00105
22	0.00123	0.00090	0.00113	0.00123	0.00137	0.00082	0.00086	0.00149	0.00937	0.01328	0.22349	0.54565	0.16800	0.02505	0.00125	0.00036	0.00052	0.00228	0.00091	0.00081
23	0.00119	0.00093	0.00106	0.00111	0.00134	0.00082	0.00081	0.00145	0.01003	0.00912	0.12684	0.29431	0.51810	0.01447	0.00119	0.00034	0.00051	0.01466	0.00089	0.00081
24	0.09397	0.07924	0.00649	0.01284	0.02356	0.07927	0.00986	0.13503	0.10510	0.02875	0.01419	0.00219	0.00164	0.00091	0.00080	0.00022	0.00893	0.00069	0.00065	0.39567

[dist]
# distance from previous block
# <min> <max>
7	35

[block]
# block no. 3 follows, 350 sequences, length 23
# corresponding to MSA columns:
# 1305-1322,1324-1328
name=unknown_D
#
# <colnr> <probs for GDERKNQSTAVLIFYWHMCP>
#	G	D	E	R	K	N	Q	S	T	A	V	L	I	F	Y	W	H	M	C	P
0	0.01280	0.24012	0.32072	0.04489	0.03173	0.17121	0.01472	0.03727	0.01107	0.05606	0.00759	0.00203	0.00138	0.00096	0.00091	0.00027	0.03852	0.00598	0.00050	0.00128
1	0.01777	0.02009	0.06073	0.11467	0.57693	0.05034	0.00768	0.03436	0.02082	0.04552	0.00189	0.00241	0.00153	0.01928	0.00505	0.00030	0.01119	0.00083	0.00052	0.00810
2	0.00129	0.00094	0.00118	0.00120	0.00140	0.00086	0.00087	0.00164	0.01052	0.01712	0.47469	0.28133	0.18789	0.00230	0.00114	0.00033	0.00049	0.01300	0.00096	0.00085
3	0.03153	0.00245	0.00236	0.00201	0.00261	0.10874	0.00159	0.29193	0.49282	0.02331	0.00298	0.00285	0.00222	0.00118	0.00092	0.00029	0.00094	0.00092	0.01194	0.01642
4	0.00253	0.00128	0.00168	0.00142	0.00186	0.00118	0.00112	0.01805	0.04410	0.37141	0.53683	0.00534	0.00600	0.00160	0.00104	0.00030	0.00060	0.00137	0.00108	0.00120
5	0.02652	0.00242	0.00266	0.00205	0.00279	0.00262	0.00169	0.75253	0.01675	0.15399	0.01274	0.00246	0.00180	0.00114	0.00093	0.00028	0.00098	0.00086	0.00097	0.01383
6	0.01605	0.00214	0.00248	0.03117	0.00275	0.01660	0.00161	0.44996	0.04246	0.39346	0.00289	0.00271	0.00194	0.00114	0.00095	0.00029	0.00816	0.00089	0.02079	0.00155
7	0.00136	0.00092	0.00106	0.00108	0.00111	0.00091	0.00065	0.00141	0.00150	0.00200	0.04029	0.03637	0.04244	0.80709	0.01307	0.00083	0.00088	0.04577	0.00062	0.00062
8	0.00214	0.00100	0.00110	0.00102	0.00131	0.00096	0.00078	0.00256	0.00208	0.15439	0.00317	0.00351	0.00242	0.01418	0.01442	0.00026	0.00053	0.00090	0.79231	0.00099
9	0.00180	0.00169	0.00285	0.93963	0.03135	0.00210	0.00263	0.00242	0.00189	0.00243	0.00168	0.00251	0.00126	0.00094	0.00094	0.00031	0.00125	0.00084	0.00042	0.00106
10	0.00178	0.00168	0.00283	0.96459	0.00649	0.00210	0.00262	0.00241	0.00189	0.00241	0.00168	0.00251	0.00126	0.00094	0.00094	0.00031	0.00126	0.00084	0.00042	0.00105
11	0.00178	0.00168	0.00283	0.96459	0.00649	0.00210	0.00262	0.00241	0.00189	0.00241	0.00168	0.00251	0.00126	0.00094	0.00094	0.00031	0.00126	0.00084	0.00042	0.00105
12	0.00115	0.00083	0.00109	0.00130	0.00137	0.00077	0.00087	0.00132	0.00183	0.00244	0.02408	0.92799	0.02561	0.00292	0.00120	0.00038	0.00054	0.00265	0.00088	0.00077
13	0.11243	0.00177	0.00201	0.00149	0.00228	0.00153	0.00121	0.09010	0.00226	0.15467	0.00201	0.00213	0.00152	0.00083	0.00075	0.00019	0.00075	0.00064	0.00069	0.62074
14	0.00168	0.00124	0.00146	0.00133	0.00164	0.00661	0.00102	0.05496	0.14096	0.02134	0.61630	0.00611	0.07405	0.01197	0.00694	0.00549	0.00056	0.00152	0.04382	0.00102
15	0.00131	0.00096	0.00121	0.00117	0.00140	0.00088	0.00088	0.00170	0.00248	0.01215	0.66972	0.06521	0.18912	0.01593	0.00118	0.00032	0.00048	0.03206	0.00099	0.00087
16	0.00144	0.00102	0.00140	0.00160	0.00178	0.00100	0.00132	0.00180	0.00209	0.01172	0.02506	0.25330	0.02254	0.00265	0.00126	0.00041	0.00077	0.65856	0.00944	0.00085
17	0.01341	0.00117	0.00144	0.00139	0.00798	0.00119	0.00754	0.00234	0.15446	0.00921	0.49926	0.09883	0.01749	0.00932	0.00897	0.00033	0.01575	0.05456	0.09438	0.00098
18	0.00722	0.00190	0.00300	0.64199	0.19393	0.03333	0.01822	0.02334	0.00721	0.01636	0.00185	0.00271	0.00147	0.00103	0.00778	0.00032	0.00674	0.02998	0.00047	0.00116
19	0.02479	0.00130	0.00141	0.00148	0.00167	0.06709	0.00609	0.07874	0.01301	0.01441	0.02964	0.65351	0.03231	0.00249	0.00603	0.00036	0.00070	0.04163	0.02244	0.00089
20	0.06320	0.00207	0.01263	0.28265	0.48111	0.01695	0.01323	0.00868	0.00199	0.00288	0.00175	0.02529	0.00148	0.00099	0.00110	0.00030	0.08108	0.00086	0.00047	0.00127
21	0.00151	0.00109	0.00151	0.00174	0.02470	0.00109	0.00142	0.00189	0.00206	0.00269	0.00464	0.02538	0.00506	0.11614	0.01740	0.00050	0.00090	0.78861	0.00082	0.00085
22	0.01049	0.00165	0.00213	0.00168	0.00234	0.00153	0.00138	0.11618	0.01939	0.70877	0.04034	0.01516	0.00263	0.00124	0.00095	0.00029	0.00080	0.02373	0.04782	0.00151

[dist]
# distance from previous block
# <min> <max>
1	4

[block]
# block no. 4 follows, 350 sequences, length 59
# corresponding to MSA columns:
# 1333-1341,1343-1348,1441-1443,1465-1481,1483-1503,1509-1511
name=unknown_E
#
# <colnr> <probs for GDERKNQSTAVLIFYWHMCP>
#	G	D	E	R	K	N	Q	S	T	A	V	L	I	F	Y	W	H	M	C	P
0	0.01615	0.01025	0.00570	0.01516	0.00703	0.27127	0.00551	0.12254	0.37252	0.01090	0.00252	0.01045	0.00198	0.00128	0.01019	0.00032	0.12988	0.00432	0.00073	0.00130
1	0.00126	0.00092	0.00118	0.00125	0.00142	0.00085	0.00090	0.00159	0.01355	0.00570	0.37581	0.41853	0.11676	0.00509	0.00116	0.00034	0.00052	0.04278	0.00463	0.00575
2	0.01235	0.00226	0.01435	0.13933	0.45757	0.01828	0.11599	0.12776	0.03356	0.03616	0.00197	0.00243	0.00154	0.00092	0.00095	0.00029	0.00116	0.00348	0.00057	0.02909
3	0.03844	0.06350	0.24875	0.00218	0.00644	0.02600	0.07411	0.02301	0.13184	0.24922	0.00528	0.00905	0.02513	0.00315	0.00102	0.00031	0.03449	0.05599	0.00074	0.00136
4	0.01432	0.00162	0.00219	0.00168	0.00241	0.00141	0.00139	0.01489	0.00271	0.94131	0.00368	0.00318	0.00231	0.00116	0.00094	0.00029	0.00080	0.00094	0.00116	0.00160
5	0.00179	0.00144	0.00155	0.00142	0.00177	0.04628	0.00109	0.01750	0.23033	0.03745	0.48814	0.00599	0.14597	0.00175	0.00106	0.00030	0.00648	0.00149	0.00712	0.00107
6	0.00686	0.00223	0.05541	0.06875	0.25913	0.01164	0.03439	0.02159	0.45597	0.05434	0.00665	0.00304	0.00493	0.00111	0.00095	0.00031	0.00096	0.00955	0.00075	0.00144
7	0.00139	0.00097	0.00119	0.00121	0.00126	0.00101	0.00079	0.00153	0.02228	0.00205	0.00327	0.10668	0.00727	0.63617	0.11368	0.01578	0.02020	0.06198	0.00062	0.00067
8	0.00120	0.00096	0.00108	0.00105	0.00133	0.00083	0.00079	0.00153	0.00236	0.00305	0.39454	0.00825	0.57529	0.00220	0.00111	0.00031	0.00046	0.00187	0.00094	0.00083
9	0.00190	0.00844	0.89531	0.02461	0.01185	0.00219	0.03098	0.00296	0.00200	0.00297	0.00172	0.00783	0.00124	0.00091	0.00090	0.00030	0.00139	0.00072	0.00040	0.00138
10	0.00225	0.00252	0.00540	0.00393	0.02381	0.00239	0.89450	0.01063	0.00222	0.01148	0.00190	0.00253	0.00144	0.00083	0.00116	0.00032	0.02983	0.00110	0.00048	0.00127
11	0.97352	0.00182	0.00139	0.00124	0.00182	0.00212	0.00102	0.00277	0.00160	0.00423	0.00131	0.00153	0.00102	0.00088	0.00058	0.00029	0.00073	0.00051	0.00058	0.00102
12	0.00210	0.00217	0.01429	0.03442	0.00279	0.02497	0.06110	0.00236	0.00154	0.00233	0.00130	0.00210	0.00125	0.00155	0.00282	0.00040	0.84020	0.00084	0.00042	0.00105
13	0.00127	0.00096	0.00116	0.00111	0.00136	0.00086	0.00083	0.00164	0.00248	0.00335	0.64180	0.01573	0.30122	0.02064	0.00118	0.00032	0.00046	0.00179	0.00098	0.00085
14	0.00176	0.00164	0.00276	0.92707	0.00630	0.00204	0.00255	0.00237	0.00188	0.00241	0.00181	0.04005	0.00145	0.00102	0.00095	0.00032	0.00123	0.00091	0.00044	0.00104
15	0.00133	0.00096	0.00122	0.00117	0.00140	0.00088	0.00087	0.00174	0.00257	0.01136	0.79685	0.04478	0.12274	0.00201	0.00111	0.00030	0.00046	0.00177	0.00562	0.00088
16	0.93229	0.00183	0.00142	0.00127	0.00185	0.00212	0.00104	0.00286	0.03332	0.01319	0.00142	0.00161	0.00110	0.00089	0.00060	0.00029	0.00073	0.00053	0.00060	0.00104
17	0.00207	0.00174	0.00203	0.00165	0.03398	0.00151	0.00125	0.01665	0.18719	0.02079	0.04493	0.00259	0.01147	0.00090	0.00079	0.00019	0.00071	0.00074	0.00067	0.66815
18	0.00226	0.27876	0.45677	0.00229	0.00327	0.10262	0.01957	0.01674	0.03361	0.00272	0.00175	0.03382	0.00144	0.00102	0.00617	0.00028	0.03444	0.00073	0.00045	0.00128
19	0.00167	0.00132	0.00816	0.00477	0.00179	0.01017	0.02126	0.00254	0.20222	0.03132	0.43681	0.05421	0.14452	0.00179	0.00105	0.00030	0.00059	0.01335	0.02119	0.04096
20	0.00128	0.00096	0.00116	0.00111	0.00137	0.00086	0.00084	0.00165	0.00249	0.00338	0.63116	0.00765	0.30954	0.00206	0.00111	0.00030	0.00046	0.01179	0.01998	0.00086
21	0.00229	0.00765	0.00225	0.03095	0.07958	0.01530	0.00409	0.03957	0.68772	0.00675	0.00851	0.04138	0.01107	0.00142	0.00528	0.03251	0.00082	0.02062	0.00087	0.00139
22	0.00253	0.94631	0.01428	0.00163	0.00244	0.01537	0.00163	0.00284	0.00193	0.00223	0.00132	0.00152	0.00121	0.00081	0.00061	0.00020	0.00102	0.00051	0.00040	0.00121
23	0.00196	0.00166	0.00193	0.00140	0.00220	0.00127	0.00111	0.00864	0.01429	0.00838	0.00176	0.00212	0.00149	0.03269	0.00084	0.00017	0.00071	0.00060	0.00057	0.91619
24	0.00916	0.00176	0.00224	0.00173	0.00245	0.03332	0.00142	0.05929	0.00861	0.86423	0.00355	0.00310	0.00225	0.00116	0.00094	0.00029	0.00084	0.00093	0.00113	0.00158
25	0.00137	0.00095	0.00118	0.01667	0.00132	0.00098	0.00079	0.00148	0.00149	0.00203	0.00980	0.08118	0.00651	0.62072	0.19790	0.00095	0.00120	0.03808	0.01472	0.00067
26	0.00127	0.00093	0.00122	0.00138	0.00145	0.00092	0.00095	0.01477	0.00184	0.01026	0.00497	0.80105	0.03062	0.04455	0.00144	0.00041	0.04571	0.03464	0.00084	0.00079
27	0.00132	0.00096	0.00123	0.00117	0.00139	0.00089	0.00088	0.00173	0.00257	0.00360	0.83697	0.01254	0.08070	0.03392	0.00124	0.00032	0.00047	0.01620	0.00101	0.00087
28	0.01045	0.00208	0.00217	0.00189	0.00245	0.02362	0.00147	0.10801	0.72827	0.01383	0.00650	0.00333	0.00264	0.03319	0.00107	0.00032	0.00080	0.00101	0.00091	0.05600
29	0.00182	0.00173	0.00288	0.90489	0.05878	0.00924	0.00263	0.00245	0.00191	0.00245	0.00168	0.00250	0.00127	0.00094	0.00094	0.00031	0.00125	0.00084	0.00042	0.00107
30	0.02024	0.00696	0.02562	0.00737	0.04783	0.48754	0.02127	0.13029	0.06367	0.08738	0.01256	0.01124	0.00164	0.00113	0.00914	0.00028	0.04988	0.00313	0.00064	0.01218
31	0.00148	0.00110	0.00150	0.00609	0.00187	0.00760	0.00886	0.00190	0.02180	0.00278	0.04451	0.19656	0.00550	0.01669	0.00134	0.00042	0.01631	0.66196	0.00086	0.00087
32	0.00189	0.00485	0.95202	0.00270	0.00409	0.00219	0.01341	0.00299	0.00199	0.00299	0.00169	0.00200	0.00120	0.00089	0.00090	0.00030	0.00140	0.00070	0.00040	0.00139
33	0.00252	0.94535	0.01636	0.00164	0.00245	0.01423	0.00164	0.00284	0.00193	0.00223	0.00132	0.00152	0.00121	0.00081	0.00061	0.00020	0.00102	0.00051	0.00040	0.00121
34	0.00140	0.00097	0.00117	0.00116	0.00118	0.00102	0.00072	0.00145	0.00141	0.00191	0.00290	0.02612	0.00328	0.77866	0.10990	0.01347	0.04031	0.01178	0.00057	0.00063
35	0.00128	0.00096	0.00118	0.00114	0.00138	0.00087	0.00085	0.00168	0.00799	0.00343	0.68292	0.04160	0.24011	0.00207	0.00111	0.00030	0.00046	0.00180	0.00799	0.00087
36	0.01042	0.00207	0.01255	0.00193	0.00249	0.00235	0.00152	0.05014	0.87484	0.02499	0.00372	0.00342	0.00277	0.00126	0.00095	0.00032	0.00077	0.00104	0.00095	0.00150
37	0.00163	0.00082	0.00122	0.00122	0.00122	0.00082	0.00081	0.00123	0.00123	0.00164	0.00166	0.00293	0.00167	0.02181	0.00371	0.95388	0.00082	0.00083	0.00041	0.00041
38	0.00174	0.00127	0.00442	0.01693	0.01527	0.00127	0.00111	0.04309	0.15017	0.04861	0.67840	0.01667	0.00705	0.00174	0.00107	0.00030	0.00056	0.00826	0.00101	0.00106
39	0.00253	0.81846	0.01826	0.00171	0.00949	0.04385	0.00586	0.01879	0.00202	0.00989	0.03304	0.00176	0.00149	0.00087	0.00068	0.00021	0.01103	0.00057	0.00045	0.01904
40	0.11087	0.00985	0.00253	0.02587	0.01818	0.02643	0.04178	0.35032	0.34374	0.05308	0.00272	0.00268	0.00200	0.00113	0.00092	0.00030	0.00441	0.00090	0.00086	0.00145
41	0.00358	0.00264	0.00283	0.00217	0.00292	0.00292	0.00179	0.95783	0.00443	0.00594	0.00226	0.00226	0.00160	0.00113	0.00094	0.00028	0.00104	0.00085	0.00094	0.00160
42	0.00261	0.00215	0.00349	0.06186	0.71148	0.00218	0.00261	0.06121	0.00233	0.12318	0.00203	0.00245	0.00159	0.00092	0.00097	0.00029	0.01576	0.00085	0.00058	0.00148
43	0.00116	0.00096	0.00104	0.02193	0.00141	0.00084	0.00079	0.00142	0.00216	0.00265	0.10337	0.07016	0.76423	0.00775	0.01012	0.00034	0.00052	0.00745	0.00088	0.00081
44	0.00215	0.00205	0.00349	0.32700	0.64121	0.00219	0.00280	0.00273	0.00206	0.00286	0.00174	0.00239	0.00141	0.00087	0.00094	0.00029	0.00117	0.00084	0.00045	0.00134
45	0.00198	0.00204	0.02789	0.54733	0.18970	0.00612	0.19022	0.00263	0.00200	0.00267	0.00175	0.00533	0.00136	0.00094	0.00679	0.00032	0.00840	0.00089	0.00044	0.00118
46	0.00701	0.00242	0.00308	0.01479	0.26428	0.12334	0.04282	0.03219	0.14455	0.02480	0.00196	0.01179	0.00164	0.00123	0.00165	0.00033	0.31943	0.00087	0.00056	0.00127
47	0.00127	0.00096	0.00115	0.00111	0.00137	0.00086	0.00083	0.00163	0.00243	0.01261	0.54100	0.04856	0.37064	0.00214	0.00112	0.00031	0.00047	0.00972	0.00097	0.00086
48	0.00755	0.01443	0.01094	0.00740	0.01635	0.01661	0.04621	0.00758	0.00994	0.08149	0.01470	0.44644	0.00504	0.00241	0.00119	0.00038	0.00772	0.30182	0.00085	0.00094
49	0.00240	0.07085	0.20742	0.09303	0.31603	0.12387	0.08267	0.00808	0.03003	0.03794	0.01015	0.00233	0.00443	0.00092	0.00091	0.00028	0.00126	0.00556	0.00050	0.00134
50	0.00137	0.01569	0.00156	0.00151	0.00168	0.00121	0.00117	0.00170	0.00152	0.00218	0.00252	0.00371	0.00236	0.02344	0.93206	0.00149	0.00248	0.00101	0.00050	0.00084
51	0.00706	0.00375	0.00649	0.15360	0.02498	0.67977	0.02838	0.03970	0.00872	0.00523	0.00162	0.01657	0.00134	0.00101	0.00092	0.00026	0.01827	0.00071	0.00050	0.00112
52	0.08245	0.61186	0.16769	0.00544	0.00278	0.04299	0.03953	0.00913	0.00197	0.01188	0.00150	0.01633	0.00129	0.00087	0.00070	0.00024	0.00109	0.00061	0.00044	0.00122
53	0.01682	0.00303	0.34615	0.03353	0.33414	0.01514	0.07098	0.00281	0.00935	0.02005	0.00722	0.02970	0.03260	0.00112	0.00097	0.00031	0.00119	0.07306	0.00052	0.00132
54	0.00147	0.00125	0.01956	0.32396	0.01145	0.00131	0.01693	0.00184	0.00191	0.01400	0.07561	0.48380	0.00440	0.01714	0.00824	0.00037	0.00706	0.00808	0.00071	0.00091
55	0.02186	0.90560	0.00477	0.01046	0.00246	0.01148	0.00161	0.01665	0.01380	0.00234	0.00136	0.00156	0.00123	0.00082	0.00062	0.00021	0.00101	0.00052	0.00042	0.00121
56	0.00247	0.89093	0.01658	0.00163	0.00241	0.01141	0.00162	0.00279	0.00765	0.00224	0.00149	0.00985	0.01360	0.01265	0.00072	0.00022	0.01957	0.00057	0.00042	0.00119
57	0.00141	0.00101	0.00124	0.00122	0.00129	0.00985	0.01243	0.00156	0.01602	0.00202	0.01840	0.00543	0.01502	0.64907	0.24671	0.00817	0.00132	0.00127	0.00589	0.00068
58	0.00711	0.73098	0.10166	0.00176	0.00257	0.01649	0.02110	0.01445	0.00200	0.02398	0.02210	0.02973	0.01265	0.00910	0.00073	0.00023	0.00103	0.00066	0.00046	0.00121

[dist]
# distance from previous block
# <min> <max>
0	251

# created by:
# /home/berkeley/.conda/envs/busco_data_prod/bin/msa2prfl.pl pipeline/OGs_align_augustus/2759/10248812.fs
