[name]
unknown

[dist]
# distance from previous block
# <min> <max>
4	638

[block]
# block no. 0 follows, 331 sequences, length 15
# corresponding to MSA columns:
# 769-772,774-784
name=unknown_A
#
# <colnr> <probs for GDERKNQSTAVLIFYWHMCP>
#	G	D	E	R	K	N	Q	S	T	A	V	L	I	F	Y	W	H	M	C	P
0	0.49246	0.01584	0.02579	0.03462	0.03725	0.10938	0.01065	0.03319	0.00210	0.09184	0.00748	0.02484	0.01326	0.01255	0.01531	0.00885	0.01353	0.03187	0.00574	0.01344
1	0.02824	0.02594	0.08485	0.01094	0.02068	0.01976	0.00639	0.37019	0.03574	0.14030	0.01590	0.01703	0.01303	0.01216	0.05914	0.00037	0.02433	0.00092	0.00982	0.10427
2	0.79429	0.03027	0.00178	0.01817	0.00217	0.06027	0.01499	0.01474	0.01340	0.01858	0.00152	0.00175	0.00118	0.00094	0.00066	0.00030	0.00086	0.00058	0.01355	0.00998
3	0.02390	0.00837	0.02529	0.04490	0.03467	0.01043	0.13096	0.28254	0.07224	0.00991	0.02200	0.06144	0.02511	0.05935	0.12048	0.01335	0.03830	0.00115	0.01433	0.00128
4	0.00158	0.00112	0.00141	0.00132	0.00158	0.00107	0.00100	0.00197	0.00256	0.05541	0.59237	0.03554	0.18742	0.02320	0.00137	0.00034	0.05877	0.01461	0.01641	0.00096
5	0.02604	0.00203	0.01008	0.03107	0.22586	0.01142	0.01453	0.04521	0.39363	0.04229	0.08148	0.03137	0.01177	0.00169	0.05911	0.00040	0.00102	0.00873	0.00083	0.00142
6	0.00131	0.00096	0.00125	0.00140	0.00155	0.00088	0.00099	0.00154	0.00200	0.00269	0.05227	0.71106	0.04832	0.01847	0.00130	0.00039	0.00062	0.09256	0.00091	0.05953
7	0.00151	0.00131	0.02151	0.09443	0.01506	0.00761	0.05445	0.00191	0.01640	0.00290	0.16062	0.18392	0.23100	0.07744	0.03180	0.00044	0.00714	0.05401	0.03562	0.00093
8	0.00233	0.06000	0.00219	0.00150	0.00230	0.00147	0.00122	0.00277	0.01205	0.12114	0.01548	0.02776	0.04091	0.00097	0.00080	0.00019	0.00075	0.00078	0.01293	0.69246
9	0.06081	0.08757	0.66095	0.00250	0.00371	0.02375	0.01995	0.01825	0.03010	0.01222	0.05580	0.00250	0.01563	0.00104	0.00092	0.00031	0.00130	0.00081	0.00051	0.00139
10	0.01652	0.15195	0.60513	0.01323	0.00368	0.04895	0.02561	0.00306	0.02709	0.00300	0.01450	0.01358	0.05939	0.00108	0.00094	0.00030	0.00932	0.00084	0.00049	0.00136
11	0.02132	0.11705	0.07527	0.00182	0.00264	0.02469	0.01788	0.07926	0.03989	0.22902	0.01152	0.03069	0.00203	0.01561	0.00093	0.00026	0.00093	0.01068	0.00077	0.31774
12	0.00206	0.10798	0.85770	0.00271	0.00411	0.00248	0.00346	0.00313	0.00209	0.00306	0.00174	0.00204	0.00126	0.00093	0.00091	0.00030	0.00143	0.00071	0.00042	0.00145
13	0.00266	0.96566	0.00521	0.00170	0.00255	0.00393	0.00170	0.00298	0.00202	0.00234	0.00138	0.00159	0.00128	0.00085	0.00064	0.00021	0.00106	0.00053	0.00043	0.00128
14	0.00150	0.00108	0.00147	0.00168	0.00187	0.00106	0.00140	0.00188	0.00219	0.00284	0.00548	0.20640	0.05006	0.02762	0.00144	0.00045	0.00083	0.68897	0.00091	0.00088

[dist]
# distance from previous block
# <min> <max>
2	31

[block]
# block no. 1 follows, 331 sequences, length 17
# corresponding to MSA columns:
# 834-836,845,846,878,881-891
name=unknown_B
#
# <colnr> <probs for GDERKNQSTAVLIFYWHMCP>
#	G	D	E	R	K	N	Q	S	T	A	V	L	I	F	Y	W	H	M	C	P
0	0.00290	0.00150	0.00189	0.00164	0.00214	0.00144	0.00128	0.01398	0.17647	0.41349	0.13150	0.17606	0.04486	0.00176	0.00108	0.00033	0.00072	0.01092	0.01468	0.00136
1	0.00151	0.00120	0.00162	0.00161	0.00179	0.03547	0.00124	0.00183	0.00164	0.00230	0.00272	0.03693	0.00263	0.05865	0.82780	0.00146	0.01706	0.00113	0.00055	0.00088
2	0.00364	0.00462	0.00290	0.00260	0.00311	0.91113	0.02613	0.00391	0.00277	0.00245	0.00154	0.00183	0.00129	0.00104	0.00097	0.00026	0.02749	0.00066	0.00051	0.00116
3	0.00122	0.00088	0.00116	0.00137	0.00145	0.00082	0.00093	0.00141	0.00194	0.00258	0.02080	0.87945	0.05610	0.00306	0.00126	0.00040	0.00058	0.02285	0.00093	0.00081
4	0.00126	0.00100	0.00110	0.00112	0.00140	0.00086	0.00083	0.00154	0.00230	0.01390	0.16313	0.15488	0.62545	0.01386	0.00123	0.00035	0.00052	0.01345	0.00095	0.00086
5	0.01536	0.02215	0.03519	0.15144	0.00400	0.02279	0.27459	0.14100	0.04281	0.14635	0.04441	0.02509	0.00221	0.00117	0.00112	0.00032	0.03333	0.01111	0.02421	0.00136
6	0.00204	0.00225	0.16717	0.00802	0.09289	0.01234	0.04724	0.00986	0.03132	0.05214	0.26545	0.01537	0.04601	0.00132	0.00103	0.00028	0.01689	0.00114	0.00075	0.22650
7	0.69286	0.04233	0.03328	0.01862	0.00988	0.03851	0.00676	0.07306	0.03453	0.00946	0.00164	0.00868	0.00128	0.00099	0.00074	0.00030	0.01649	0.00063	0.00877	0.00117
8	0.00266	0.91471	0.00504	0.00171	0.00254	0.02358	0.00169	0.00302	0.01723	0.00239	0.00146	0.00167	0.00132	0.00087	0.00065	0.00022	0.00106	0.00055	0.01635	0.00127
9	0.01744	0.00638	0.04354	0.13723	0.04311	0.02365	0.06122	0.19436	0.07267	0.01043	0.05105	0.16779	0.04881	0.03819	0.01815	0.00038	0.04238	0.01413	0.00788	0.00121
10	0.00129	0.00094	0.00122	0.00130	0.00145	0.00087	0.00092	0.00159	0.00229	0.00312	0.38078	0.48027	0.08474	0.01948	0.00129	0.00037	0.00054	0.01569	0.00098	0.00086
11	0.00214	0.00836	0.03701	0.47838	0.21386	0.00902	0.03294	0.02218	0.11601	0.00813	0.00228	0.02270	0.00184	0.00114	0.00663	0.00033	0.00121	0.02659	0.00796	0.00129
12	0.03578	0.00181	0.00228	0.00179	0.00251	0.00171	0.00147	0.11597	0.06207	0.70153	0.00365	0.00334	0.00240	0.00124	0.00098	0.00031	0.00085	0.01221	0.04647	0.00162
13	0.01306	0.01091	0.00263	0.01067	0.01926	0.00249	0.02022	0.43201	0.22004	0.02927	0.05176	0.01433	0.00247	0.00149	0.03690	0.00035	0.03257	0.00637	0.00090	0.09231
14	0.04589	0.00200	0.00223	0.00192	0.00254	0.00218	0.00152	0.02304	0.63224	0.25387	0.01901	0.00357	0.00287	0.00131	0.00099	0.00033	0.00080	0.00107	0.00105	0.00157
15	0.00145	0.00779	0.01195	0.00128	0.00157	0.03684	0.00822	0.00912	0.01126	0.00300	0.26534	0.06176	0.42219	0.08856	0.01258	0.00777	0.01197	0.03557	0.00090	0.00088
16	0.00185	0.00172	0.00289	0.90724	0.00655	0.00214	0.00267	0.00249	0.00197	0.00253	0.00188	0.02227	0.00148	0.00128	0.03684	0.00038	0.00136	0.00093	0.00045	0.00109

[dist]
# distance from previous block
# <min> <max>
0	17

[block]
# block no. 2 follows, 331 sequences, length 6
# corresponding to MSA columns:
# 909,910,912-915
name=unknown_C
#
# <colnr> <probs for GDERKNQSTAVLIFYWHMCP>
#	G	D	E	R	K	N	Q	S	T	A	V	L	I	F	Y	W	H	M	C	P
0	0.04485	0.00228	0.00358	0.22934	0.60935	0.03900	0.00281	0.00293	0.00216	0.00306	0.00178	0.00243	0.00147	0.00096	0.00108	0.00031	0.04986	0.00086	0.00048	0.00140
1	0.00135	0.00101	0.00125	0.00121	0.00145	0.00091	0.00090	0.00175	0.00265	0.00363	0.70706	0.06614	0.20262	0.00220	0.00118	0.00032	0.00048	0.00192	0.00105	0.00091
2	0.00225	0.03063	0.00338	0.01816	0.07099	0.02186	0.29408	0.02984	0.20298	0.03005	0.10403	0.07298	0.02536	0.01575	0.00121	0.00035	0.02187	0.05219	0.00076	0.00128
3	0.01603	0.00246	0.03659	0.16352	0.09523	0.13454	0.02149	0.15534	0.18633	0.00359	0.03124	0.08561	0.01859	0.02992	0.00114	0.00034	0.00112	0.01488	0.00074	0.00130
4	0.01907	0.12842	0.49679	0.00245	0.02565	0.03357	0.02322	0.03405	0.09132	0.03059	0.05519	0.00290	0.05033	0.00112	0.00094	0.00030	0.00122	0.00089	0.00059	0.00139
5	0.04825	0.01785	0.03385	0.01945	0.01939	0.04949	0.02904	0.46301	0.13977	0.08088	0.04844	0.02102	0.00241	0.00127	0.00099	0.00031	0.00104	0.02111	0.00092	0.00151

[dist]
# distance from previous block
# <min> <max>
3	13

[block]
# block no. 3 follows, 331 sequences, length 14
# corresponding to MSA columns:
# 935-948
name=unknown_D
#
# <colnr> <probs for GDERKNQSTAVLIFYWHMCP>
#	G	D	E	R	K	N	Q	S	T	A	V	L	I	F	Y	W	H	M	C	P
0	0.01647	0.00257	0.00284	0.02087	0.06453	0.02958	0.00187	0.64776	0.07119	0.07337	0.02167	0.00276	0.01900	0.00121	0.00099	0.00030	0.00105	0.00094	0.00094	0.02010
1	0.00280	0.01009	0.15704	0.01255	0.04895	0.13564	0.15265	0.23046	0.09825	0.01491	0.01275	0.00267	0.01008	0.00792	0.01530	0.00034	0.07718	0.00834	0.00067	0.00141
2	0.00211	0.00192	0.00315	0.72365	0.14027	0.00226	0.02223	0.03980	0.02943	0.02292	0.00192	0.00266	0.00145	0.00100	0.00100	0.00032	0.00128	0.00090	0.00050	0.00122
3	0.00151	0.00119	0.01598	0.00161	0.05730	0.00107	0.01854	0.00195	0.00262	0.02064	0.63185	0.05368	0.15231	0.00206	0.00117	0.00032	0.00058	0.03363	0.00100	0.00098
4	0.00204	0.00191	0.00307	0.49957	0.15304	0.00229	0.02553	0.01071	0.02198	0.01075	0.00886	0.04564	0.00176	0.00134	0.01629	0.00037	0.17521	0.00974	0.00051	0.00940
5	0.00181	0.00141	0.00163	0.00163	0.00195	0.00149	0.00124	0.00301	0.35254	0.02442	0.05801	0.29470	0.11084	0.01732	0.00123	0.00038	0.00070	0.12361	0.00097	0.00113
6	0.00266	0.02104	0.01041	0.02866	0.13356	0.17381	0.01665	0.05925	0.42942	0.00363	0.02419	0.00355	0.01519	0.00129	0.00103	0.00032	0.01301	0.05176	0.00080	0.00977
7	0.00123	0.00088	0.00115	0.00134	0.00142	0.00082	0.00090	0.00141	0.00193	0.00257	0.04492	0.81852	0.05291	0.06311	0.00150	0.00043	0.00059	0.00266	0.00091	0.00080
8	0.01467	0.00234	0.08614	0.01517	0.02764	0.01581	0.02970	0.04455	0.61557	0.04037	0.01983	0.06625	0.00298	0.00139	0.00102	0.00033	0.00090	0.00117	0.01270	0.00148
9	0.00125	0.00101	0.00111	0.00114	0.00141	0.00089	0.00083	0.00157	0.02458	0.00288	0.14568	0.19154	0.61754	0.00253	0.00119	0.00035	0.00052	0.00217	0.00095	0.00086
10	0.01031	0.00898	0.15173	0.19400	0.08510	0.01931	0.09314	0.08991	0.07980	0.07005	0.04037	0.05684	0.00838	0.00121	0.00101	0.00032	0.00753	0.00106	0.07962	0.00132
11	0.00144	0.00103	0.00131	0.00124	0.00149	0.00093	0.00093	0.00188	0.00273	0.02374	0.80881	0.02866	0.11790	0.00209	0.00117	0.00032	0.00048	0.00184	0.00107	0.00094
12	0.00232	0.03378	0.45968	0.01834	0.16000	0.01967	0.05863	0.05281	0.11523	0.02722	0.00993	0.01035	0.01608	0.00106	0.00098	0.00031	0.00127	0.01030	0.00058	0.00147
13	0.05273	0.07546	0.05244	0.06562	0.15959	0.07282	0.01570	0.24556	0.10637	0.12164	0.01120	0.00257	0.00184	0.00109	0.00097	0.00030	0.01096	0.00087	0.00077	0.00149

[dist]
# distance from previous block
# <min> <max>
0	1

[block]
# block no. 4 follows, 331 sequences, length 7
# corresponding to MSA columns:
# 950-956
name=unknown_E
#
# <colnr> <probs for GDERKNQSTAVLIFYWHMCP>
#	G	D	E	R	K	N	Q	S	T	A	V	L	I	F	Y	W	H	M	C	P
0	0.00165	0.00123	0.00143	0.00136	0.00168	0.00120	0.00103	0.02297	0.14012	0.03847	0.35495	0.07754	0.28217	0.03125	0.00127	0.00035	0.00059	0.03870	0.00100	0.00102
1	0.00248	0.53246	0.14834	0.00201	0.00281	0.03118	0.02952	0.02831	0.03457	0.02180	0.01495	0.02417	0.00177	0.03809	0.01334	0.00031	0.05889	0.01319	0.00052	0.00127
2	0.04231	0.00106	0.00129	0.00127	0.00133	0.00114	0.00083	0.00161	0.00149	0.00213	0.00285	0.00546	0.00312	0.64589	0.21978	0.03367	0.03225	0.00128	0.00058	0.00070
3	0.00280	0.65800	0.04486	0.00190	0.00271	0.02500	0.00181	0.16797	0.03537	0.00312	0.00176	0.02330	0.00153	0.00101	0.00081	0.00025	0.02523	0.00069	0.00056	0.00135
4	0.04925	0.01332	0.00246	0.00214	0.07957	0.02123	0.02498	0.14538	0.10416	0.17652	0.05277	0.00311	0.01641	0.01508	0.00098	0.00027	0.00089	0.01311	0.00083	0.27753
5	0.03366	0.03782	0.14993	0.01328	0.01869	0.01298	0.26078	0.10963	0.06347	0.16342	0.05799	0.03137	0.01492	0.00117	0.00106	0.00032	0.01632	0.00107	0.00075	0.01138
6	0.19519	0.04415	0.01745	0.00187	0.01468	0.04236	0.02198	0.14819	0.02636	0.38763	0.04799	0.02081	0.02463	0.00123	0.00092	0.00030	0.00092	0.00096	0.00095	0.00144

[dist]
# distance from previous block
# <min> <max>
0	48

[block]
# block no. 5 follows, 331 sequences, length 13
# corresponding to MSA columns:
# 1006-1018
name=unknown_F
#
# <colnr> <probs for GDERKNQSTAVLIFYWHMCP>
#	G	D	E	R	K	N	Q	S	T	A	V	L	I	F	Y	W	H	M	C	P
0	0.14791	0.01889	0.02900	0.00162	0.00220	0.00935	0.01368	0.20651	0.01984	0.18304	0.01165	0.01797	0.03019	0.00720	0.00092	0.00029	0.01275	0.01087	0.26769	0.00843
1	0.00233	0.00214	0.07412	0.01025	0.01747	0.01237	0.24562	0.08265	0.10931	0.09018	0.17120	0.08042	0.02144	0.00151	0.00111	0.00033	0.00104	0.05403	0.02121	0.00128
2	0.00124	0.00091	0.00117	0.00136	0.00147	0.00084	0.00094	0.00146	0.00203	0.00269	0.08202	0.74247	0.10489	0.00295	0.00126	0.00039	0.00058	0.04958	0.00094	0.00083
3	0.00211	0.01367	0.01506	0.56373	0.00525	0.00247	0.05312	0.06986	0.00209	0.00282	0.00178	0.00263	0.00143	0.00126	0.01134	0.00037	0.22705	0.01192	0.01089	0.00115
4	0.00135	0.00100	0.00120	0.00119	0.00144	0.00090	0.00088	0.00169	0.00246	0.01515	0.43310	0.12773	0.35452	0.01482	0.00123	0.00034	0.00052	0.02197	0.01762	0.00089
5	0.03740	0.00251	0.00316	0.13484	0.30976	0.07226	0.00230	0.30845	0.04731	0.05774	0.00224	0.01368	0.00171	0.00108	0.00097	0.00030	0.00116	0.00090	0.00072	0.00150
6	0.97209	0.00192	0.00146	0.00131	0.00192	0.00223	0.00108	0.00292	0.00169	0.00446	0.00138	0.00161	0.00108	0.00092	0.00062	0.00031	0.00077	0.00054	0.00062	0.00108
7	0.00215	0.00203	0.00319	0.36299	0.22511	0.01470	0.08851	0.00311	0.15285	0.00314	0.05512	0.00309	0.01611	0.00107	0.00101	0.00031	0.00115	0.00099	0.00060	0.06277
8	0.00270	0.00308	0.00214	0.00196	0.00238	0.51536	0.00148	0.01896	0.03645	0.00305	0.27345	0.00435	0.10845	0.00149	0.00101	0.00028	0.00120	0.00115	0.01996	0.00108
9	0.00210	0.01263	0.01479	0.01054	0.00215	0.00150	0.05676	0.05772	0.15882	0.11374	0.18552	0.07274	0.25167	0.00186	0.00110	0.00033	0.00072	0.01934	0.03480	0.00117
10	0.00946	0.00297	0.26763	0.03867	0.02082	0.02213	0.16231	0.12032	0.11782	0.07811	0.07444	0.04706	0.01267	0.00125	0.00104	0.00032	0.00118	0.01185	0.00856	0.00140
11	0.00213	0.02129	0.78495	0.00295	0.03896	0.00231	0.06062	0.01957	0.00217	0.02945	0.00188	0.00222	0.00136	0.00111	0.02452	0.00034	0.00147	0.00078	0.00046	0.00146
12	0.00354	0.00418	0.00277	0.00247	0.00299	0.73524	0.00188	0.10942	0.06732	0.00300	0.00182	0.00204	0.00147	0.00110	0.00100	0.00027	0.03916	0.00072	0.01840	0.00123

[dist]
# distance from previous block
# <min> <max>
0	1

[block]
# block no. 6 follows, 331 sequences, length 15
# corresponding to MSA columns:
# 1020,1049-1062
name=unknown_G
#
# <colnr> <probs for GDERKNQSTAVLIFYWHMCP>
#	G	D	E	R	K	N	Q	S	T	A	V	L	I	F	Y	W	H	M	C	P
0	0.01161	0.12823	0.23872	0.01757	0.16929	0.04986	0.15030	0.02259	0.00228	0.05678	0.00217	0.00964	0.03024	0.00098	0.00095	0.00028	0.00879	0.00086	0.00055	0.09830
1	0.02054	0.03043	0.00214	0.00195	0.03137	0.01759	0.00148	0.00949	0.00168	0.00244	0.04323	0.01251	0.00886	0.16082	0.33126	0.02577	0.29587	0.00108	0.00054	0.00094
2	0.00177	0.00113	0.00145	0.00133	0.00163	0.00104	0.00101	0.00229	0.03380	0.11149	0.76326	0.02094	0.05108	0.00196	0.00115	0.00032	0.00052	0.00171	0.00110	0.00104
3	0.01923	0.00235	0.01276	0.10611	0.71030	0.01439	0.02328	0.05037	0.01247	0.01776	0.00193	0.00247	0.00156	0.00092	0.00098	0.00030	0.00119	0.00088	0.00053	0.02022
4	0.00151	0.00113	0.00153	0.00960	0.02043	0.00947	0.02209	0.00188	0.01148	0.02017	0.10122	0.33939	0.10770	0.01177	0.00130	0.00040	0.00074	0.33636	0.00092	0.00092
5	0.90614	0.00211	0.00155	0.00139	0.00200	0.06752	0.00113	0.00299	0.00177	0.00432	0.00139	0.00163	0.00109	0.00093	0.00063	0.00030	0.00084	0.00055	0.00061	0.00108
6	0.05797	0.00207	0.00328	0.00246	0.00327	0.00195	0.26627	0.09692	0.01382	0.50567	0.02398	0.00317	0.00224	0.00114	0.00103	0.00032	0.00109	0.01088	0.00096	0.00153
7	0.00161	0.00126	0.00175	0.00166	0.00179	0.00152	0.00126	0.02809	0.00164	0.00234	0.00255	0.00417	0.00253	0.22083	0.56945	0.00124	0.15378	0.00111	0.00055	0.00088
8	0.00219	0.00221	0.00321	0.00270	0.00277	0.00301	0.05958	0.00244	0.00157	0.00244	0.00135	0.00221	0.00132	0.00169	0.00314	0.00043	0.90533	0.00089	0.00044	0.00110
9	0.00261	0.00216	0.00229	0.00203	0.00261	0.00248	0.00159	0.06237	0.87050	0.03366	0.00394	0.00362	0.00294	0.00134	0.00101	0.00033	0.00081	0.00111	0.00102	0.00158
10	0.00128	0.00099	0.00122	0.00135	0.00149	0.00094	0.00095	0.00157	0.02949	0.00268	0.04648	0.61910	0.24263	0.00282	0.00130	0.00038	0.02943	0.01414	0.00092	0.00085
11	0.00253	0.51722	0.24622	0.00216	0.02150	0.01333	0.01016	0.02429	0.06097	0.03971	0.01547	0.00994	0.00160	0.00099	0.00087	0.00026	0.03020	0.00071	0.00052	0.00136
12	0.00121	0.00091	0.00112	0.00129	0.00142	0.00082	0.00088	0.00141	0.00203	0.00263	0.04401	0.69518	0.23762	0.00293	0.00124	0.00038	0.00055	0.00261	0.00093	0.00082
13	0.02756	0.01495	0.75644	0.01720	0.05131	0.00224	0.01439	0.00311	0.02848	0.01233	0.03070	0.00256	0.01475	0.00930	0.00099	0.00032	0.00135	0.01010	0.00049	0.00142
14	0.00746	0.00122	0.00729	0.00758	0.00187	0.00109	0.03791	0.00925	0.01932	0.03760	0.09134	0.49655	0.02300	0.01668	0.00118	0.00035	0.00068	0.03903	0.04056	0.16005

[dist]
# distance from previous block
# <min> <max>
2	23

[block]
# block no. 7 follows, 331 sequences, length 6
# corresponding to MSA columns:
# 1094-1099
name=unknown_H
#
# <colnr> <probs for GDERKNQSTAVLIFYWHMCP>
#	G	D	E	R	K	N	Q	S	T	A	V	L	I	F	Y	W	H	M	C	P
0	0.00273	0.11213	0.03109	0.02100	0.21479	0.13148	0.12261	0.06337	0.04447	0.05624	0.00199	0.00232	0.00158	0.00095	0.00097	0.00027	0.02337	0.00081	0.00060	0.16725
1	0.00141	0.00097	0.00112	0.00113	0.00120	0.00095	0.00070	0.00152	0.00172	0.00232	0.10387	0.08942	0.07951	0.64411	0.03565	0.00080	0.00088	0.00162	0.03039	0.00069
2	0.02522	0.00208	0.02238	0.10953	0.03402	0.00228	0.02398	0.10020	0.47818	0.02124	0.09078	0.00386	0.01677	0.01694	0.00116	0.00034	0.03111	0.01764	0.00088	0.00140
3	0.00126	0.00100	0.00132	0.00137	0.00157	0.00090	0.04219	0.00151	0.00210	0.00271	0.06536	0.53722	0.33235	0.00275	0.00123	0.00037	0.00059	0.00244	0.00092	0.00085
4	0.06695	0.03089	0.14672	0.05976	0.01741	0.01231	0.02170	0.08746	0.09645	0.14190	0.02083	0.01530	0.07041	0.03270	0.06182	0.07223	0.01202	0.03114	0.00075	0.00125
5	0.00246	0.00236	0.00403	0.00610	0.95886	0.00236	0.00305	0.00305	0.00226	0.00325	0.00187	0.00246	0.00157	0.00089	0.00098	0.00030	0.00118	0.00089	0.00049	0.00157

[dist]
# distance from previous block
# <min> <max>
0	26

[block]
# block no. 8 follows, 331 sequences, length 17
# corresponding to MSA columns:
# 1126-1132,1134,1137-1145
name=unknown_I
#
# <colnr> <probs for GDERKNQSTAVLIFYWHMCP>
#	G	D	E	R	K	N	Q	S	T	A	V	L	I	F	Y	W	H	M	C	P
0	0.22332	0.02051	0.26631	0.02684	0.01868	0.02926	0.05865	0.06136	0.00745	0.04771	0.04404	0.02286	0.02770	0.01172	0.01993	0.00480	0.05236	0.00090	0.05438	0.00125
1	0.00172	0.00087	0.00129	0.00129	0.00129	0.00087	0.00085	0.00130	0.00130	0.00173	0.00177	0.00314	0.00179	0.03494	0.00392	0.93931	0.00087	0.00088	0.00044	0.00044
2	0.00265	0.93055	0.00510	0.00171	0.00255	0.00388	0.00170	0.00306	0.03683	0.00241	0.00148	0.00167	0.00134	0.00087	0.00065	0.00022	0.00105	0.00055	0.00045	0.00129
3	0.00339	0.00243	0.00270	0.00213	0.00283	0.00265	0.01722	0.67535	0.08999	0.06779	0.03910	0.01540	0.03147	0.01608	0.00113	0.01642	0.00100	0.01037	0.00099	0.00156
4	0.00135	0.00106	0.01000	0.00124	0.00150	0.00093	0.00094	0.00172	0.00248	0.00334	0.49780	0.08609	0.27955	0.02341	0.01922	0.00798	0.00058	0.04285	0.00098	0.01698
5	0.00339	0.08579	0.03749	0.00189	0.00254	0.00207	0.00162	0.17906	0.02086	0.42312	0.10281	0.00899	0.00288	0.01531	0.02264	0.00035	0.07351	0.00782	0.00638	0.00147
6	0.00135	0.00101	0.00140	0.05703	0.02036	0.00099	0.00972	0.00159	0.00198	0.01061	0.02921	0.68641	0.08750	0.02891	0.00136	0.00041	0.00971	0.04872	0.00088	0.00086
7	0.04475	0.33048	0.43877	0.02542	0.00359	0.00916	0.06324	0.01428	0.00212	0.03136	0.00178	0.01115	0.00141	0.00096	0.00087	0.00028	0.00824	0.01031	0.00048	0.00136
8	0.00189	0.00164	0.00257	0.59546	0.01323	0.00193	0.02168	0.00264	0.08061	0.02961	0.08700	0.06620	0.05285	0.00139	0.00108	0.00034	0.01350	0.02462	0.00064	0.00112
9	0.00126	0.00096	0.00116	0.00124	0.00144	0.00086	0.00089	0.00154	0.00227	0.00297	0.24998	0.37241	0.32725	0.00263	0.00122	0.00036	0.00053	0.02922	0.00097	0.00085
10	0.01807	0.17502	0.26659	0.16160	0.12927	0.03357	0.06852	0.03128	0.02310	0.03827	0.00189	0.01138	0.00148	0.00100	0.00100	0.00030	0.03497	0.00081	0.00051	0.00136
11	0.00224	0.09874	0.35117	0.02187	0.00900	0.01818	0.21443	0.05485	0.05810	0.01879	0.00955	0.05800	0.02414	0.00125	0.00607	0.00572	0.00130	0.04466	0.00059	0.00134
12	0.00406	0.00169	0.00222	0.00174	0.00244	0.00153	0.00143	0.08182	0.00292	0.76738	0.01692	0.02356	0.01879	0.00132	0.00100	0.00031	0.00083	0.01656	0.05188	0.00160
13	0.02177	0.00130	0.00138	0.00128	0.00161	0.00136	0.00098	0.09446	0.12414	0.02024	0.08267	0.06384	0.03153	0.00142	0.00086	0.00027	0.00059	0.00117	0.54806	0.00109
14	0.00271	0.67508	0.04358	0.01987	0.03836	0.12302	0.00892	0.01187	0.00991	0.01351	0.04400	0.00200	0.00168	0.00094	0.00074	0.00024	0.00115	0.00065	0.00049	0.00127
15	0.01089	0.00199	0.07783	0.00173	0.00252	0.00150	0.04698	0.03087	0.02718	0.05703	0.09830	0.00331	0.05832	0.00728	0.00093	0.00023	0.01025	0.00963	0.00070	0.55253
16	0.16093	0.06000	0.04052	0.02870	0.02137	0.03280	0.02199	0.08483	0.20446	0.23116	0.06074	0.00322	0.00254	0.00123	0.00096	0.00031	0.01334	0.02170	0.00781	0.00141

[dist]
# distance from previous block
# <min> <max>
6	13

[block]
# block no. 9 follows, 331 sequences, length 35
# corresponding to MSA columns:
# 1184-1188,1191,1192,1204-1210,1212-1232
name=unknown_J
#
# <colnr> <probs for GDERKNQSTAVLIFYWHMCP>
#	G	D	E	R	K	N	Q	S	T	A	V	L	I	F	Y	W	H	M	C	P
0	0.00401	0.00161	0.00217	0.00170	0.00240	0.00141	0.00139	0.00445	0.02223	0.81136	0.12195	0.00396	0.01400	0.00135	0.00102	0.00031	0.00079	0.00111	0.00121	0.00159
1	0.00136	0.00100	0.00125	0.00121	0.00145	0.00091	0.00090	0.00177	0.00264	0.00364	0.69854	0.06784	0.19232	0.00218	0.00117	0.00032	0.00048	0.00190	0.01822	0.00091
2	0.00137	0.00101	0.00129	0.00128	0.00149	0.00093	0.00094	0.00180	0.01757	0.00359	0.66824	0.18318	0.09261	0.00228	0.00119	0.00033	0.00050	0.01845	0.00104	0.00091
3	0.00156	0.00108	0.00144	0.00163	0.00185	0.00106	0.00137	0.00197	0.00223	0.00300	0.01832	0.10890	0.07023	0.00260	0.00128	0.00042	0.00080	0.68083	0.09852	0.00090
4	0.14268	0.02042	0.10330	0.00328	0.00416	0.01405	0.54286	0.01131	0.04364	0.01765	0.00194	0.00244	0.00148	0.00097	0.00123	0.00033	0.08542	0.00098	0.00054	0.00131
5	0.00206	0.05601	0.82476	0.00269	0.00405	0.00997	0.00725	0.00669	0.01748	0.00681	0.00955	0.00847	0.00142	0.00098	0.00094	0.00031	0.00513	0.00462	0.00045	0.03037
6	0.97209	0.00192	0.00146	0.00131	0.00192	0.00223	0.00108	0.00292	0.00169	0.00446	0.00138	0.00161	0.00108	0.00092	0.00062	0.00031	0.00077	0.00054	0.00062	0.00108
7	0.00146	0.00115	0.00147	0.00819	0.03116	0.01089	0.01480	0.00621	0.10784	0.00282	0.03769	0.68494	0.05363	0.01770	0.00128	0.00039	0.00066	0.01589	0.00091	0.00094
8	0.02822	0.00169	0.00227	0.00175	0.00250	0.00148	0.00144	0.01282	0.00282	0.90974	0.00383	0.00334	0.00242	0.00122	0.00098	0.00031	0.00084	0.00099	0.01968	0.00166
9	0.00297	0.00314	0.00281	0.00244	0.00279	0.41273	0.03716	0.01405	0.00924	0.08204	0.01735	0.00756	0.01636	0.00875	0.04712	0.00040	0.32112	0.00085	0.00997	0.00116
10	0.00128	0.00098	0.00115	0.00117	0.00140	0.00088	0.00085	0.00158	0.00234	0.00306	0.32446	0.18129	0.41360	0.04842	0.00138	0.00037	0.00053	0.01343	0.00096	0.00086
11	0.00192	0.00101	0.00107	0.00104	0.00129	0.00875	0.00078	0.00235	0.00215	0.05539	0.07537	0.04277	0.01130	0.04607	0.00098	0.00029	0.00053	0.00687	0.73913	0.00095
12	0.01118	0.00094	0.00123	0.00138	0.00149	0.00090	0.00095	0.00836	0.00201	0.02054	0.10328	0.76284	0.01949	0.03003	0.02218	0.00043	0.00846	0.00255	0.00092	0.00085
13	0.00127	0.00097	0.00117	0.00120	0.00142	0.00087	0.00087	0.00158	0.00237	0.00313	0.36464	0.25339	0.35040	0.01061	0.00123	0.00035	0.00051	0.00217	0.00098	0.00087
14	0.16626	0.00209	0.00217	0.00201	0.03024	0.00238	0.00153	0.11370	0.58640	0.00431	0.00343	0.05868	0.00274	0.00136	0.00096	0.00033	0.00082	0.01223	0.00691	0.00145
15	0.12958	0.05295	0.19617	0.04722	0.05292	0.06311	0.09098	0.15167	0.01449	0.05658	0.00535	0.00224	0.00149	0.00097	0.00089	0.00028	0.00117	0.00078	0.00063	0.13051
16	0.02156	0.01034	0.04844	0.00223	0.00278	0.06620	0.00188	0.40381	0.03521	0.07547	0.00226	0.00263	0.00177	0.03417	0.05409	0.00042	0.21720	0.00090	0.01724	0.00140
17	0.00177	0.00145	0.00224	0.09250	0.00284	0.00148	0.11843	0.00247	0.08327	0.01126	0.06244	0.07959	0.02520	0.00218	0.00125	0.00040	0.00097	0.49722	0.01201	0.00104
18	0.00248	0.00213	0.00225	0.00202	0.00258	0.00246	0.00158	0.02383	0.91900	0.00418	0.00404	0.00384	0.00306	0.00137	0.00102	0.00034	0.00080	0.02045	0.00101	0.00156
19	0.00153	0.00121	0.00144	0.01221	0.01101	0.01800	0.00498	0.01269	0.07071	0.01893	0.32146	0.24254	0.23888	0.01052	0.00126	0.00035	0.02342	0.00693	0.00096	0.00096
20	0.00164	0.00129	0.00154	0.00148	0.00177	0.00567	0.01226	0.01374	0.21359	0.00348	0.35847	0.21571	0.09774	0.04649	0.00133	0.00037	0.00062	0.01429	0.00098	0.00754
21	0.00202	0.00184	0.00304	0.66751	0.19145	0.00215	0.00264	0.00268	0.01742	0.01954	0.02452	0.02342	0.00175	0.00107	0.00103	0.00032	0.01494	0.00095	0.02050	0.00120
22	0.01620	0.00221	0.00381	0.00282	0.00365	0.00715	0.39671	0.08113	0.01427	0.40822	0.00290	0.00307	0.00200	0.01159	0.00116	0.00033	0.02154	0.00975	0.01000	0.00149
23	0.00217	0.00205	0.00343	0.51287	0.39794	0.00230	0.01475	0.01498	0.02796	0.00293	0.00188	0.00259	0.00148	0.00096	0.00101	0.00032	0.00768	0.00089	0.00049	0.00132
24	0.00128	0.00102	0.00115	0.00113	0.00142	0.00089	0.00084	0.00163	0.01286	0.00317	0.35308	0.05093	0.55452	0.00236	0.00118	0.00033	0.00050	0.00984	0.00099	0.00088
25	0.00222	0.13811	0.65719	0.00262	0.00386	0.01168	0.04445	0.02610	0.06872	0.01777	0.00204	0.00973	0.00922	0.00100	0.00092	0.00030	0.00134	0.00079	0.00050	0.00144
26	0.01477	0.00635	0.00203	0.01454	0.02004	0.01012	0.03678	0.06684	0.23046	0.06063	0.33337	0.02919	0.02381	0.00176	0.00820	0.00034	0.02230	0.08293	0.03431	0.00121
27	0.01378	0.00277	0.00272	0.02970	0.01622	0.20947	0.04025	0.27260	0.12626	0.09612	0.00593	0.00262	0.00187	0.00895	0.00099	0.00028	0.00747	0.00951	0.00373	0.14874
28	0.00126	0.00102	0.00113	0.00113	0.00143	0.00089	0.00086	0.00158	0.00974	0.00298	0.20867	0.05555	0.65101	0.00245	0.00119	0.00034	0.00053	0.05642	0.00096	0.00087
29	0.02062	0.00188	0.02892	0.00157	0.01011	0.00141	0.00626	0.00871	0.01507	0.01433	0.00182	0.00210	0.00149	0.00076	0.00075	0.00016	0.00077	0.00061	0.00060	0.88204
30	0.02742	0.02032	0.00324	0.70172	0.17092	0.00230	0.02793	0.02935	0.00211	0.00283	0.00179	0.00256	0.00138	0.00097	0.00098	0.00032	0.00128	0.00088	0.00047	0.00121
31	0.00244	0.00235	0.00401	0.03289	0.93220	0.00236	0.00304	0.00304	0.00226	0.00323	0.00187	0.00247	0.00157	0.00089	0.00098	0.00030	0.00118	0.00089	0.00049	0.00156
32	0.04142	0.00191	0.00288	0.67608	0.00996	0.01362	0.00744	0.07432	0.00217	0.03747	0.00188	0.01029	0.00145	0.00114	0.00124	0.00824	0.10060	0.00621	0.00053	0.00116
33	0.18915	0.01004	0.00277	0.13497	0.28481	0.00507	0.01501	0.07669	0.03722	0.09218	0.05357	0.01006	0.00716	0.00468	0.00970	0.00032	0.00569	0.02284	0.00069	0.03738
34	0.54152	0.01424	0.00601	0.00938	0.00230	0.06212	0.01933	0.05122	0.02604	0.09364	0.01272	0.00609	0.00153	0.00107	0.01209	0.00030	0.00688	0.00807	0.00069	0.12475

[dist]
# distance from previous block
# <min> <max>
1	11

[block]
# block no. 10 follows, 331 sequences, length 10
# corresponding to MSA columns:
# 1255-1257,1290-1296
name=unknown_K
#
# <colnr> <probs for GDERKNQSTAVLIFYWHMCP>
#	G	D	E	R	K	N	Q	S	T	A	V	L	I	F	Y	W	H	M	C	P
0	0.01881	0.01041	0.00290	0.03253	0.03909	0.01179	0.07776	0.01969	0.02597	0.05595	0.00205	0.01651	0.00186	0.01981	0.15973	0.00060	0.47910	0.02374	0.00055	0.00114
1	0.03579	0.44995	0.28348	0.02910	0.02728	0.00304	0.05126	0.02703	0.02002	0.06206	0.00179	0.00202	0.00140	0.00093	0.00081	0.00027	0.00120	0.00069	0.00051	0.00137
2	0.02515	0.01859	0.03827	0.07548	0.64387	0.00234	0.01235	0.07460	0.01431	0.04340	0.01674	0.00254	0.00171	0.00095	0.00097	0.00030	0.00115	0.00088	0.00057	0.02583
3	0.29559	0.00201	0.01459	0.02429	0.00257	0.02867	0.01946	0.09256	0.01456	0.47542	0.00282	0.00268	0.00189	0.00111	0.00088	0.00031	0.00090	0.00084	0.01742	0.00145
4	0.00156	0.00124	0.01094	0.00165	0.01418	0.00124	0.01988	0.00213	0.11720	0.01237	0.08217	0.43634	0.07740	0.03343	0.01396	0.02152	0.03976	0.11119	0.00089	0.00096
5	0.04357	0.07807	0.21350	0.04822	0.09535	0.10838	0.09883	0.10071	0.03368	0.06740	0.02999	0.01757	0.02544	0.00844	0.00104	0.00031	0.01894	0.00857	0.00063	0.00136
6	0.00238	0.01923	0.00353	0.34550	0.50021	0.03860	0.00278	0.02639	0.02320	0.02594	0.00192	0.00253	0.00153	0.00095	0.00098	0.00031	0.00123	0.00088	0.00052	0.00139
7	0.00144	0.00097	0.00111	0.00111	0.00112	0.00098	0.00064	0.00146	0.00145	0.00195	0.00311	0.00636	0.00355	0.91120	0.05884	0.00100	0.00106	0.00142	0.00060	0.00062
8	0.00158	0.00125	0.00157	0.00152	0.00161	0.02347	0.00110	0.00175	0.00159	0.00219	0.00295	0.04838	0.01769	0.41932	0.31498	0.00103	0.13369	0.02296	0.00058	0.00079
9	0.01455	0.20894	0.32590	0.04997	0.02716	0.01894	0.12045	0.06150	0.00990	0.04986	0.01217	0.00294	0.00183	0.01759	0.00103	0.00032	0.00897	0.06607	0.00056	0.00135

[dist]
# distance from previous block
# <min> <max>
4	18

[block]
# block no. 11 follows, 331 sequences, length 8
# corresponding to MSA columns:
# 1321-1325,1327,1328,1331
name=unknown_L
#
# <colnr> <probs for GDERKNQSTAVLIFYWHMCP>
#	G	D	E	R	K	N	Q	S	T	A	V	L	I	F	Y	W	H	M	C	P
0	0.08816	0.00188	0.00223	0.00181	0.00250	0.00188	0.00147	0.08019	0.23080	0.53014	0.00362	0.00341	0.00249	0.00126	0.00097	0.00032	0.00084	0.02197	0.02249	0.00158
1	0.00136	0.00099	0.00118	0.00123	0.00143	0.00089	0.00088	0.00161	0.00218	0.02451	0.18664	0.28607	0.31429	0.11874	0.00168	0.00043	0.00060	0.05351	0.00092	0.00084
2	0.00166	0.01171	0.04540	0.03289	0.05628	0.01245	0.06953	0.02790	0.02600	0.01444	0.08364	0.49408	0.04120	0.00234	0.00122	0.00037	0.01452	0.06253	0.00083	0.00101
3	0.00217	0.02639	0.00318	0.63592	0.14085	0.01907	0.02719	0.03600	0.03825	0.02637	0.00199	0.01961	0.00156	0.00105	0.00103	0.00032	0.01637	0.00092	0.00052	0.00123
4	0.00232	0.00229	0.01962	0.00268	0.03867	0.05624	0.06622	0.02898	0.01743	0.03113	0.01414	0.05815	0.00184	0.00172	0.01732	0.00041	0.62589	0.00101	0.01278	0.00115
5	0.00137	0.00100	0.00118	0.00119	0.00143	0.00090	0.00087	0.00167	0.00231	0.02452	0.28750	0.18797	0.36511	0.06980	0.00146	0.00039	0.00056	0.02965	0.02027	0.00087
6	0.01742	0.39991	0.09132	0.02983	0.02604	0.22409	0.01405	0.02241	0.03554	0.02017	0.00174	0.01786	0.00148	0.00099	0.00085	0.00025	0.02256	0.00069	0.00052	0.07229
7	0.01399	0.03467	0.00136	0.00126	0.00138	0.01438	0.00083	0.01439	0.01341	0.00229	0.00376	0.22231	0.04023	0.53156	0.03802	0.02720	0.00092	0.01311	0.00069	0.02423

[dist]
# distance from previous block
# <min> <max>
1	44

[block]
# block no. 12 follows, 331 sequences, length 26
# corresponding to MSA columns:
# 1376-1378,1381-1386,1399-1401,1403-1416
name=unknown_M
#
# <colnr> <probs for GDERKNQSTAVLIFYWHMCP>
#	G	D	E	R	K	N	Q	S	T	A	V	L	I	F	Y	W	H	M	C	P
0	0.01018	0.00696	0.01363	0.00700	0.00177	0.00527	0.00108	0.03759	0.02728	0.01944	0.45182	0.19434	0.08518	0.00206	0.00698	0.00032	0.00758	0.00176	0.00095	0.11882
1	0.00224	0.00212	0.00354	0.22969	0.59796	0.00220	0.02346	0.01361	0.01062	0.00310	0.01899	0.02583	0.01628	0.01158	0.00104	0.00031	0.00117	0.00097	0.00052	0.03476
2	0.01223	0.00130	0.00152	0.00127	0.00176	0.00115	0.00099	0.01097	0.01115	0.11706	0.17938	0.01683	0.00909	0.00126	0.00085	0.00024	0.00060	0.00631	0.36023	0.26581
3	0.00139	0.00099	0.00119	0.00121	0.00145	0.00089	0.00088	0.00170	0.00233	0.03377	0.30274	0.25585	0.32207	0.02957	0.00129	0.00036	0.00054	0.01154	0.02935	0.00089
4	0.00124	0.00093	0.00116	0.00128	0.00144	0.00084	0.00090	0.00149	0.00216	0.00284	0.17681	0.55877	0.22583	0.00278	0.00123	0.00037	0.00055	0.01759	0.00095	0.00084
5	0.00126	0.00095	0.00113	0.00120	0.00140	0.00085	0.00085	0.00151	0.00220	0.00288	0.19765	0.37696	0.35187	0.03797	0.00135	0.00038	0.00054	0.00228	0.01595	0.00084
6	0.06808	0.00169	0.00221	0.00172	0.00246	0.00151	0.00141	0.01349	0.00277	0.85255	0.01457	0.00331	0.00244	0.00122	0.00097	0.00031	0.00083	0.00098	0.02588	0.00162
7	0.07539	0.00272	0.00287	0.00221	0.00300	0.00302	0.00183	0.88510	0.00445	0.00613	0.00231	0.00233	0.00165	0.00117	0.00097	0.00030	0.00107	0.00087	0.00097	0.00165
8	0.00213	0.00181	0.00211	0.01760	0.00246	0.00141	0.00123	0.04136	0.00217	0.00335	0.00179	0.00208	0.00148	0.00076	0.00075	0.00016	0.00076	0.00061	0.00060	0.91538
9	0.90719	0.01805	0.00158	0.00135	0.00198	0.00226	0.00112	0.02841	0.00180	0.02701	0.00147	0.00168	0.00113	0.00094	0.00063	0.00031	0.00078	0.00056	0.00064	0.00111
10	0.00147	0.00099	0.00116	0.00115	0.00116	0.00101	0.00068	0.00148	0.00145	0.00195	0.00301	0.00612	0.00343	0.84757	0.06835	0.03922	0.01720	0.00139	0.00059	0.00062
11	0.01287	0.00140	0.00165	0.00153	0.00189	0.00145	0.00117	0.01116	0.28738	0.05256	0.48790	0.06551	0.03920	0.00200	0.02753	0.00036	0.00066	0.00159	0.00104	0.00116
12	0.02535	0.00214	0.00321	0.18578	0.42991	0.03852	0.00243	0.01270	0.00241	0.28411	0.00243	0.00272	0.00177	0.00102	0.00098	0.00030	0.00112	0.00090	0.00071	0.00149
13	0.00924	0.49295	0.14994	0.00222	0.00936	0.00899	0.09772	0.08090	0.04008	0.09181	0.00720	0.00213	0.00156	0.00095	0.00082	0.00026	0.00116	0.00073	0.00058	0.00139
14	0.11636	0.12282	0.03112	0.01690	0.04970	0.02710	0.29501	0.10324	0.03497	0.16931	0.00225	0.00249	0.00165	0.00100	0.00101	0.00031	0.02176	0.00091	0.00070	0.00141
15	0.00147	0.00097	0.00114	0.00115	0.00119	0.00096	0.00069	0.00154	0.00165	0.01904	0.08021	0.10116	0.01474	0.75195	0.00421	0.00083	0.00088	0.01486	0.00069	0.00068
16	0.00169	0.00137	0.00211	0.03664	0.06994	0.00143	0.09936	0.01129	0.01078	0.01132	0.05372	0.18075	0.03904	0.17646	0.15032	0.00066	0.04948	0.05041	0.05227	0.00096
17	0.02496	0.21155	0.13967	0.05424	0.21812	0.03607	0.07687	0.05119	0.07284	0.08122	0.00222	0.00248	0.01684	0.00100	0.00093	0.00029	0.00662	0.00084	0.00060	0.00143
18	0.00162	0.00121	0.00170	0.01478	0.00185	0.00141	0.00126	0.02731	0.00167	0.01921	0.00261	0.00409	0.00252	0.15901	0.65675	0.01692	0.08355	0.00110	0.00056	0.00089
19	0.00138	0.00101	0.00124	0.00135	0.00157	0.00093	0.00104	0.00167	0.00220	0.01815	0.08208	0.28059	0.32612	0.02461	0.00133	0.00040	0.00064	0.23998	0.01285	0.00087
20	0.00181	0.01723	0.02541	0.00225	0.13372	0.02150	0.04844	0.03346	0.01750	0.00884	0.01757	0.17229	0.04609	0.25327	0.02821	0.02732	0.01084	0.11766	0.01562	0.00098
21	0.02528	0.10261	0.20668	0.05292	0.06579	0.02446	0.14855	0.09619	0.02854	0.16129	0.00739	0.06019	0.01335	0.00116	0.00098	0.00031	0.00120	0.00101	0.00069	0.00141
22	0.00221	0.01871	0.35670	0.03686	0.03117	0.01317	0.20966	0.02667	0.15263	0.02349	0.01934	0.01862	0.01182	0.00144	0.04776	0.00647	0.00137	0.01991	0.00061	0.00138
23	0.03590	0.00725	0.00230	0.00182	0.01458	0.00864	0.00147	0.05693	0.00286	0.79862	0.01451	0.01484	0.00253	0.00913	0.00102	0.00031	0.00086	0.01355	0.01127	0.00162
24	0.01873	0.03071	0.05374	0.00819	0.01847	0.01192	0.08136	0.06793	0.19095	0.06405	0.29622	0.02857	0.09339	0.01231	0.00112	0.00033	0.00083	0.01905	0.00092	0.00123
25	0.01848	0.00213	0.02003	0.44921	0.26172	0.03166	0.01697	0.02835	0.06263	0.04927	0.00839	0.01732	0.00169	0.00106	0.00105	0.00032	0.02691	0.00093	0.00056	0.00131

[dist]
# distance from previous block
# <min> <max>
8	61

[block]
# block no. 13 follows, 331 sequences, length 60
# corresponding to MSA columns:
# 1491-1499,1505-1510,1516-1525,1528-1534,1536-1555,1560-1564,1566-1568
name=unknown_N
#
# <colnr> <probs for GDERKNQSTAVLIFYWHMCP>
#	G	D	E	R	K	N	Q	S	T	A	V	L	I	F	Y	W	H	M	C	P
0	0.05241	0.07831	0.04029	0.03728	0.05837	0.04452	0.04512	0.33831	0.01871	0.10822	0.00224	0.00817	0.00168	0.00699	0.00369	0.00028	0.00844	0.00083	0.00077	0.14537
1	0.00251	0.02142	0.01402	0.09866	0.66769	0.06057	0.01323	0.03475	0.00234	0.01974	0.00206	0.00552	0.01544	0.00907	0.00103	0.00030	0.00773	0.00902	0.01008	0.00483
2	0.00510	0.00102	0.00116	0.00114	0.00127	0.00098	0.00073	0.00624	0.00610	0.04749	0.03574	0.04773	0.19856	0.59025	0.00360	0.02339	0.00082	0.01635	0.01157	0.00074
3	0.00140	0.00105	0.00130	0.00999	0.00160	0.00098	0.00100	0.00184	0.04527	0.01148	0.35156	0.27655	0.20615	0.00245	0.00121	0.00036	0.00057	0.08334	0.00099	0.00092
4	0.01027	0.00127	0.00826	0.05823	0.06237	0.00123	0.05903	0.01231	0.03669	0.00304	0.18734	0.47350	0.05607	0.00232	0.00118	0.00036	0.00073	0.01194	0.00690	0.00694
5	0.01687	0.00133	0.01896	0.00141	0.00181	0.00120	0.00112	0.01487	0.05495	0.21495	0.46058	0.03086	0.07971	0.00176	0.00107	0.00031	0.00061	0.00429	0.09221	0.00115
6	0.01098	0.00218	0.00305	0.03337	0.04259	0.01473	0.01346	0.00670	0.01105	0.01980	0.00145	0.00224	0.00137	0.00165	0.00883	0.00042	0.80208	0.00087	0.00047	0.02271
7	0.00347	0.00216	0.00243	0.00193	0.00260	0.00229	0.00157	0.48505	0.09396	0.22955	0.03378	0.00319	0.01972	0.00126	0.00097	0.00030	0.00090	0.00100	0.11232	0.00155
8	0.02812	0.00274	0.00284	0.00222	0.00298	0.04200	0.00182	0.77293	0.06875	0.03962	0.00248	0.00246	0.00177	0.00118	0.00098	0.00030	0.00108	0.00089	0.00097	0.02389
9	0.01015	0.00277	0.00286	0.00224	0.00299	0.04966	0.00183	0.78813	0.09938	0.01100	0.00253	0.00251	0.00182	0.00120	0.00098	0.00030	0.00108	0.00090	0.01601	0.00164
10	0.75566	0.00194	0.00167	0.00143	0.00207	0.00216	0.00117	0.05391	0.00195	0.06428	0.00164	0.00183	0.00124	0.00099	0.00601	0.00030	0.01619	0.00060	0.00067	0.08430
11	0.01963	0.00192	0.00259	0.00225	0.00233	0.02770	0.02900	0.00951	0.00160	0.00240	0.00181	0.00309	0.00183	0.15639	0.12970	0.00066	0.60511	0.00098	0.00049	0.00100
12	0.00202	0.00178	0.00286	0.04251	0.51160	0.00177	0.00554	0.00254	0.01146	0.01458	0.17569	0.13171	0.03452	0.00154	0.00108	0.00032	0.00093	0.04718	0.00070	0.00967
13	0.03503	0.01180	0.00290	0.01695	0.00264	0.00272	0.03655	0.04052	0.00173	0.01814	0.00162	0.00244	0.00150	0.00238	0.12906	0.00057	0.68571	0.00090	0.00575	0.00111
14	0.02848	0.01833	0.01072	0.00201	0.00278	0.00658	0.00168	0.48027	0.00874	0.40495	0.00707	0.00282	0.00204	0.00120	0.00098	0.00030	0.00097	0.00093	0.01752	0.00165
15	0.00122	0.00088	0.00116	0.00137	0.00144	0.00082	0.00092	0.00140	0.00194	0.00258	0.03217	0.89973	0.03069	0.01213	0.00130	0.00040	0.00058	0.00755	0.00092	0.00081
16	0.00720	0.06172	0.04802	0.07583	0.33344	0.16789	0.04987	0.02995	0.03815	0.06209	0.05246	0.00683	0.00534	0.00118	0.01083	0.00031	0.01375	0.03318	0.00061	0.00136
17	0.00207	0.05723	0.85101	0.00279	0.00419	0.00240	0.03455	0.00319	0.02062	0.01040	0.00183	0.00213	0.00131	0.00095	0.00094	0.00031	0.00144	0.00075	0.00044	0.00146
18	0.00174	0.00110	0.00140	0.00128	0.00160	0.00099	0.00098	0.00216	0.00271	0.11824	0.66516	0.01889	0.16152	0.00204	0.00116	0.00032	0.00053	0.01612	0.00108	0.00101
19	0.00125	0.00089	0.00119	0.00140	0.00148	0.00084	0.00096	0.00144	0.00193	0.00257	0.01576	0.84066	0.01942	0.03134	0.00139	0.00042	0.00061	0.07472	0.00091	0.00081
20	0.01953	0.04229	0.03892	0.05822	0.18171	0.04049	0.12591	0.21222	0.03904	0.16484	0.00748	0.00690	0.00188	0.00108	0.00098	0.00030	0.00114	0.00778	0.04781	0.00148
21	0.01007	0.41283	0.02296	0.01107	0.00286	0.05293	0.02729	0.31152	0.03584	0.07384	0.00477	0.00833	0.00164	0.00104	0.00084	0.00026	0.00109	0.00076	0.01863	0.00144
22	0.00221	0.00533	0.02872	0.00917	0.04024	0.00514	0.03810	0.03446	0.00219	0.02792	0.00185	0.00215	0.00150	0.00078	0.00079	0.00018	0.00083	0.00065	0.00061	0.79718
23	0.08391	0.00768	0.26791	0.00732	0.02103	0.06717	0.02264	0.10494	0.09115	0.25522	0.02274	0.01477	0.01809	0.00385	0.00098	0.00031	0.00526	0.00275	0.00081	0.00147
24	0.00136	0.00102	0.00126	0.00123	0.00148	0.00093	0.00092	0.00179	0.01741	0.00355	0.62782	0.08429	0.23157	0.00223	0.00118	0.00033	0.00050	0.01920	0.00104	0.00091
25	0.00245	0.00187	0.01453	0.02150	0.05776	0.00792	0.17337	0.05822	0.15826	0.15466	0.05890	0.14102	0.03783	0.00167	0.00113	0.00035	0.00484	0.10155	0.00088	0.00130
26	0.02420	0.00245	0.00273	0.01902	0.06410	0.10517	0.02619	0.32040	0.05343	0.31274	0.02851	0.00300	0.00807	0.01105	0.00103	0.00031	0.00107	0.00842	0.00095	0.00715
27	0.00210	0.00204	0.00367	0.33194	0.24336	0.00215	0.22446	0.01413	0.01615	0.00626	0.00794	0.08094	0.01091	0.00121	0.00109	0.00033	0.00605	0.04348	0.00055	0.00126
28	0.00128	0.00092	0.00119	0.00137	0.00150	0.00086	0.00097	0.00151	0.00204	0.00742	0.04725	0.68435	0.13275	0.00292	0.00126	0.00039	0.00060	0.09979	0.01080	0.00083
29	0.00323	0.00243	0.05857	0.02210	0.29502	0.00233	0.01214	0.28779	0.04098	0.21929	0.01099	0.01353	0.00199	0.00113	0.00102	0.00031	0.01090	0.00400	0.01066	0.00159
30	0.01971	0.70980	0.09657	0.00196	0.01256	0.08943	0.00841	0.03393	0.00686	0.00263	0.00966	0.00176	0.00137	0.00090	0.00072	0.00023	0.00116	0.00059	0.00046	0.00130
31	0.00254	0.00213	0.00230	0.00948	0.02243	0.00243	0.00161	0.04163	0.84878	0.02452	0.01835	0.00375	0.00305	0.00135	0.00102	0.00034	0.00081	0.01095	0.00100	0.00156
32	0.00240	0.00232	0.00395	0.11432	0.82175	0.00975	0.02494	0.00300	0.00224	0.00316	0.00186	0.00248	0.00154	0.00090	0.00099	0.00030	0.00121	0.00089	0.00049	0.00151
