[name]
unknown

[dist]
# distance from previous block
# <min> <max>
0	745

[block]
# block no. 0 follows, 256 sequences, length 12
# corresponding to MSA columns:
# 928-939
name=unknown_A
#
# <colnr> <probs for GDERKNQSTAVLIFYWHMCP>
#	G	D	E	R	K	N	Q	S	T	A	V	L	I	F	Y	W	H	M	C	P
0	0.00201	0.00144	0.00200	0.00224	0.00253	0.00142	0.00194	0.00259	0.00299	0.00393	0.11730	0.01369	0.00782	0.00339	0.00172	0.00056	0.00110	0.82897	0.00119	0.00117
1	0.00245	0.00136	0.00138	0.00134	0.00169	0.00141	0.00102	0.00339	0.11354	0.00478	0.00424	0.00471	0.00331	0.00150	0.00093	0.00031	0.00064	0.00121	0.84952	0.00128
2	0.96450	0.00244	0.00186	0.00166	0.00244	0.00284	0.00137	0.00372	0.00215	0.00567	0.00176	0.00205	0.00137	0.00117	0.00078	0.00039	0.00098	0.00068	0.00078	0.00137
3	0.00169	0.00148	0.00174	0.00206	0.11298	0.00129	0.00131	0.00206	0.00287	0.00349	0.01141	0.03929	0.80792	0.00298	0.00147	0.00042	0.00074	0.00251	0.00111	0.00118
4	0.02373	0.00148	0.00179	0.00169	0.00194	0.00154	0.01034	0.01758	0.02557	0.07910	0.02027	0.13460	0.01348	0.31648	0.04824	0.01234	0.05340	0.00176	0.23353	0.00115
5	0.00216	0.00124	0.00145	0.00148	0.00170	0.00119	0.00102	0.00252	0.00257	0.06208	0.09305	0.24458	0.03686	0.20787	0.00236	0.00057	0.00079	0.00209	0.33330	0.00111
6	0.01063	0.00921	0.01255	0.03671	0.00272	0.01086	0.01819	0.15619	0.03966	0.06663	0.26961	0.08186	0.11448	0.03329	0.02082	0.00714	0.01300	0.01476	0.08027	0.00143
7	0.01412	0.00130	0.00159	0.00161	0.00190	0.00121	0.00118	0.00233	0.02200	0.02728	0.36924	0.26228	0.18427	0.02409	0.01209	0.00047	0.00072	0.02163	0.04954	0.00116
8	0.03810	0.01975	0.01929	0.04645	0.04748	0.02265	0.17127	0.34867	0.09011	0.02878	0.02633	0.01519	0.02771	0.02052	0.02350	0.00771	0.01506	0.00131	0.02833	0.00179
9	0.07521	0.02454	0.01074	0.10776	0.03532	0.04111	0.01676	0.04187	0.03651	0.05014	0.02581	0.30987	0.01476	0.06781	0.02016	0.01732	0.02963	0.00804	0.03126	0.03538
10	0.06168	0.06015	0.04684	0.05084	0.14248	0.07100	0.03560	0.20388	0.03134	0.07060	0.04785	0.01046	0.03980	0.00151	0.00131	0.00038	0.03969	0.00120	0.05771	0.02569
11	0.04737	0.04787	0.04741	0.06685	0.03591	0.05498	0.05388	0.15629	0.03525	0.06701	0.05356	0.02083	0.05347	0.01264	0.11305	0.00058	0.03509	0.00800	0.00957	0.08040

[dist]
# distance from previous block
# <min> <max>
2	43

[block]
# block no. 1 follows, 256 sequences, length 16
# corresponding to MSA columns:
# 1142-1157
name=unknown_B
#
# <colnr> <probs for GDERKNQSTAVLIFYWHMCP>
#	G	D	E	R	K	N	Q	S	T	A	V	L	I	F	Y	W	H	M	C	P
0	0.00992	0.02280	0.08188	0.09895	0.10689	0.02354	0.05315	0.05029	0.02740	0.02004	0.02564	0.23045	0.05310	0.00766	0.09191	0.00059	0.04428	0.01268	0.03282	0.00601
1	0.03626	0.09314	0.21844	0.05720	0.05974	0.04310	0.05737	0.08635	0.01960	0.09341	0.01756	0.02575	0.01325	0.00658	0.03539	0.00464	0.02234	0.01287	0.06493	0.03210
2	0.01588	0.01710	0.01705	0.10787	0.03469	0.12216	0.05562	0.04842	0.01843	0.12280	0.02850	0.20511	0.02184	0.03605	0.02098	0.00721	0.05110	0.01039	0.04775	0.01105
3	0.00192	0.00170	0.00169	0.00185	0.00205	0.10964	0.00128	0.00218	0.00265	0.00331	0.04079	0.67012	0.12082	0.01728	0.00160	0.00048	0.00090	0.00306	0.01559	0.00109
4	0.02925	0.03240	0.02701	0.14993	0.23225	0.02379	0.10250	0.08007	0.03270	0.12159	0.01657	0.02872	0.01489	0.00153	0.00147	0.02710	0.03665	0.00741	0.03243	0.00172
5	0.01582	0.00301	0.01681	0.49632	0.09662	0.13918	0.03791	0.04390	0.01136	0.05632	0.01533	0.01184	0.00205	0.00136	0.00136	0.00040	0.03700	0.00113	0.01072	0.00156
6	0.00239	0.00225	0.00379	0.95253	0.00871	0.00281	0.00351	0.00323	0.00253	0.00323	0.00225	0.00337	0.00169	0.00126	0.00126	0.00042	0.00169	0.00112	0.00056	0.00140
7	0.96450	0.00244	0.00186	0.00166	0.00244	0.00284	0.00137	0.00372	0.00215	0.00567	0.00176	0.00205	0.00137	0.00117	0.00078	0.00039	0.00098	0.00068	0.00078	0.00137
8	0.00277	0.00236	0.00275	0.00200	0.00310	0.00186	0.00160	0.02730	0.00275	0.00428	0.00234	0.00276	0.00196	0.00105	0.00107	0.00022	0.02739	0.00080	0.00079	0.91083
9	0.01675	0.75391	0.01762	0.00232	0.00332	0.11253	0.00220	0.03703	0.00279	0.00324	0.00189	0.00218	0.00168	0.00124	0.01137	0.00031	0.01102	0.00073	0.01627	0.00161
10	0.03765	0.01488	0.00311	0.00752	0.02174	0.02642	0.01010	0.36420	0.01352	0.11136	0.03668	0.01613	0.01131	0.02217	0.06207	0.01379	0.10888	0.01013	0.09339	0.01494
11	0.01425	0.00972	0.01068	0.00947	0.00367	0.02387	0.18204	0.29733	0.05345	0.03262	0.03844	0.12208	0.06292	0.04480	0.03069	0.00050	0.02386	0.00684	0.03114	0.00163
12	0.25372	0.04373	0.02353	0.08015	0.10953	0.08031	0.19101	0.06982	0.01252	0.03270	0.01540	0.01067	0.01097	0.00757	0.00131	0.00040	0.04245	0.00110	0.01150	0.00161
13	0.01296	0.10733	0.10610	0.03797	0.03810	0.02173	0.19472	0.11565	0.13445	0.01427	0.02046	0.02756	0.01801	0.03490	0.02025	0.01883	0.04001	0.00130	0.03373	0.00167
14	0.00225	0.00207	0.05111	0.02107	0.08228	0.00204	0.02069	0.01327	0.06375	0.02417	0.10621	0.26486	0.09876	0.02153	0.04183	0.00054	0.14470	0.01537	0.02213	0.00135
15	0.01968	0.05923	0.08060	0.07195	0.06010	0.02453	0.07349	0.07536	0.17851	0.03163	0.07207	0.06591	0.06795	0.03578	0.00871	0.00045	0.03658	0.00648	0.02429	0.00670

[dist]
# distance from previous block
# <min> <max>
0	115

[block]
# block no. 2 follows, 256 sequences, length 15
# corresponding to MSA columns:
# 1324-1333,1348,1353-1356
name=unknown_C
#
# <colnr> <probs for GDERKNQSTAVLIFYWHMCP>
#	G	D	E	R	K	N	Q	S	T	A	V	L	I	F	Y	W	H	M	C	P
0	0.13670	0.05704	0.04458	0.03970	0.03980	0.07832	0.03198	0.17433	0.06742	0.04885	0.04939	0.03785	0.02216	0.02215	0.02661	0.00621	0.01770	0.01531	0.04522	0.03870
1	0.02072	0.01721	0.00748	0.01558	0.05129	0.01336	0.01822	0.02085	0.03961	0.11224	0.11406	0.11461	0.06501	0.07828	0.20788	0.04718	0.03027	0.00176	0.01761	0.00679
2	0.02558	0.04634	0.12912	0.06387	0.05807	0.08258	0.08969	0.08653	0.03021	0.00958	0.01983	0.03422	0.02279	0.03040	0.11424	0.01740	0.09195	0.00127	0.03781	0.00852
3	0.06557	0.00135	0.00160	0.00164	0.00194	0.00130	0.00120	0.00264	0.00273	0.08752	0.11517	0.36947	0.07546	0.02423	0.00147	0.00045	0.00076	0.04288	0.20142	0.00120
4	0.00258	0.04156	0.07725	0.04658	0.03283	0.03365	0.04523	0.06191	0.10204	0.02378	0.04008	0.20392	0.04941	0.03269	0.09071	0.00061	0.08480	0.00181	0.02712	0.00145
5	0.00183	0.00124	0.00144	0.00147	0.00153	0.00122	0.00090	0.01156	0.00208	0.00280	0.02153	0.14347	0.04323	0.68349	0.01905	0.01093	0.00113	0.02030	0.02992	0.00086
6	0.01245	0.00237	0.02264	0.04064	0.01452	0.00245	0.04578	0.23047	0.07991	0.09632	0.04668	0.07488	0.07744	0.07237	0.09561	0.01006	0.04529	0.01397	0.01456	0.00158
7	0.43073	0.01828	0.00260	0.00207	0.00293	0.00275	0.00171	0.20058	0.01488	0.24974	0.01433	0.00309	0.00224	0.00138	0.00103	0.00038	0.00107	0.00098	0.04749	0.00173
8	0.00371	0.00272	0.00321	0.01029	0.00330	0.01601	0.00927	0.27130	0.19103	0.12046	0.00346	0.00379	0.00266	0.02900	0.02446	0.01876	0.21347	0.00123	0.07010	0.00177
9	0.00195	0.00169	0.04710	0.00179	0.00221	0.00147	0.00145	0.00287	0.09876	0.00493	0.74438	0.02645	0.04064	0.00249	0.00146	0.00041	0.00071	0.01662	0.00133	0.00130
10	0.00154	0.00110	0.00147	0.00176	0.00183	0.00103	0.00117	0.00176	0.00242	0.00323	0.00697	0.95475	0.00836	0.00396	0.00161	0.00051	0.00073	0.00359	0.00117	0.00103
11	0.01518	0.00275	0.00396	0.03413	0.01268	0.01490	0.10737	0.11292	0.00270	0.06269	0.00239	0.01266	0.00209	0.00207	0.00306	0.05932	0.50861	0.02694	0.00074	0.01285
12	0.00169	0.00125	0.00173	0.00193	0.00209	0.00120	0.02399	0.00207	0.02316	0.00340	0.02000	0.71643	0.03059	0.01782	0.00169	0.00053	0.00084	0.14735	0.00116	0.00109
13	0.00246	0.00238	0.00418	0.83765	0.03245	0.00285	0.09358	0.00333	0.00258	0.00333	0.00228	0.00337	0.00172	0.00124	0.00129	0.00042	0.00172	0.00116	0.00057	0.00145
14	0.89295	0.02466	0.00207	0.00175	0.00252	0.00294	0.00145	0.02601	0.00225	0.00559	0.00179	0.00210	0.00140	0.00121	0.00089	0.00039	0.02715	0.00071	0.00078	0.00139

[dist]
# distance from previous block
# <min> <max>
10	18

[block]
# block no. 3 follows, 256 sequences, length 14
# corresponding to MSA columns:
# 1448-1456,1459-1463
name=unknown_D
#
# <colnr> <probs for GDERKNQSTAVLIFYWHMCP>
#	G	D	E	R	K	N	Q	S	T	A	V	L	I	F	Y	W	H	M	C	P
0	0.05894	0.08190	0.05633	0.05958	0.01501	0.19182	0.04063	0.20252	0.07880	0.06074	0.00885	0.01590	0.00847	0.02620	0.01324	0.00042	0.04623	0.00111	0.01854	0.01476
1	0.65102	0.03346	0.03462	0.02658	0.02558	0.08139	0.03262	0.03931	0.01421	0.01475	0.00198	0.00231	0.00154	0.00121	0.00095	0.00038	0.01318	0.00079	0.00077	0.02333
2	0.01913	0.08344	0.00386	0.00305	0.00379	0.57086	0.02313	0.18027	0.02522	0.01416	0.00233	0.01092	0.00189	0.00146	0.01017	0.00036	0.03256	0.00094	0.01084	0.00162
3	0.00183	0.00135	0.00164	0.00161	0.00193	0.00127	0.00121	0.01603	0.01615	0.01767	0.39539	0.10489	0.29355	0.02216	0.05908	0.00054	0.01064	0.02880	0.02307	0.00117
4	0.00167	0.00118	0.00151	0.00172	0.00180	0.00114	0.00113	0.00195	0.03085	0.00316	0.02219	0.70027	0.00744	0.18284	0.00258	0.01951	0.00084	0.01612	0.00109	0.00100
5	0.00205	0.00132	0.01160	0.00167	0.00193	0.00123	0.02253	0.01175	0.00270	0.02660	0.08322	0.41462	0.01966	0.00272	0.00132	0.00042	0.00074	0.03644	0.35630	0.00116
6	0.00213	0.00113	0.00166	0.00166	0.00168	0.00116	0.00112	0.00172	0.00170	0.00229	0.00246	0.00432	0.00249	0.08364	0.09670	0.79042	0.00133	0.00118	0.00058	0.00062
7	0.00472	0.00603	0.00358	0.00326	0.00391	0.95050	0.00244	0.00505	0.00358	0.00309	0.00195	0.00228	0.00163	0.00130	0.00114	0.00033	0.00228	0.00081	0.00065	0.00147
8	0.96450	0.00244	0.00186	0.00166	0.00244	0.00284	0.00137	0.00372	0.00215	0.00567	0.00176	0.00205	0.00137	0.00117	0.00078	0.00039	0.00098	0.00068	0.00078	0.00137
9	0.00264	0.09705	0.81452	0.00355	0.00531	0.00315	0.04883	0.00398	0.00267	0.00391	0.00223	0.00264	0.00162	0.00118	0.00118	0.00039	0.00183	0.00094	0.00054	0.00184
10	0.01515	0.00156	0.00178	0.00162	0.00213	0.01813	0.00125	0.00293	0.00320	0.19608	0.23911	0.02170	0.46874	0.00267	0.00144	0.00041	0.00076	0.01870	0.00129	0.00133
11	0.00194	0.00123	0.00151	0.00151	0.00154	0.00125	0.00092	0.00192	0.02183	0.00250	0.00364	0.02863	0.00404	0.64299	0.06218	0.21787	0.00131	0.00167	0.00073	0.00077
12	0.31500	0.11334	0.08753	0.06125	0.08999	0.08877	0.01842	0.06470	0.03732	0.05922	0.00255	0.01779	0.00903	0.00142	0.01058	0.00040	0.00911	0.01120	0.00080	0.00162
13	0.64375	0.02256	0.00869	0.00173	0.00240	0.03730	0.00140	0.01096	0.00918	0.01628	0.02405	0.04223	0.10460	0.02463	0.01876	0.00045	0.00104	0.01091	0.01777	0.00133

[dist]
# distance from previous block
# <min> <max>
0	13

[block]
# block no. 4 follows, 256 sequences, length 12
# corresponding to MSA columns:
# 1503-1508,1513-1518
name=unknown_E
#
# <colnr> <probs for GDERKNQSTAVLIFYWHMCP>
#	G	D	E	R	K	N	Q	S	T	A	V	L	I	F	Y	W	H	M	C	P
0	0.17686	0.06419	0.44948	0.02345	0.01850	0.02504	0.04311	0.06357	0.02344	0.02977	0.01804	0.01594	0.01086	0.01597	0.00121	0.00040	0.00154	0.00103	0.01591	0.00171
1	0.00461	0.00545	0.00348	0.00310	0.00378	0.77877	0.00236	0.12604	0.00384	0.00381	0.00221	0.00250	0.00178	0.00134	0.00114	0.00033	0.00208	0.00088	0.05096	0.00154
2	0.00338	0.95633	0.00662	0.00216	0.00324	0.00500	0.00216	0.00379	0.00257	0.00297	0.00176	0.00203	0.00162	0.00108	0.00081	0.00027	0.00135	0.00068	0.00054	0.00162
3	0.17147	0.00265	0.00275	0.00239	0.00316	0.00298	0.00190	0.08874	0.58134	0.10429	0.00439	0.02196	0.00328	0.00163	0.00120	0.00042	0.00103	0.00130	0.00122	0.00190
4	0.00308	0.06509	0.26299	0.04762	0.05401	0.01612	0.13930	0.07609	0.03545	0.09760	0.06062	0.04070	0.01962	0.03028	0.00148	0.00043	0.01203	0.02503	0.01076	0.00171
5	0.00247	0.00184	0.01763	0.03260	0.08884	0.00901	0.02288	0.02406	0.03192	0.10054	0.32590	0.05732	0.14950	0.07331	0.01526	0.00049	0.02172	0.00889	0.01442	0.00139
6	0.00164	0.00121	0.00153	0.00168	0.00189	0.00111	0.00121	0.00198	0.00278	0.00368	0.20265	0.47362	0.18295	0.02397	0.00168	0.00050	0.00074	0.09289	0.00121	0.00108
7	0.00247	0.00167	0.00208	0.00202	0.01700	0.00170	0.01603	0.12315	0.01090	0.05584	0.00482	0.20881	0.01542	0.34847	0.01766	0.02440	0.01532	0.10442	0.02663	0.00119
8	0.02415	0.07936	0.09440	0.07436	0.07804	0.10123	0.20982	0.07288	0.03818	0.06677	0.01218	0.00315	0.00208	0.00147	0.01259	0.00042	0.11671	0.00115	0.00937	0.00170
9	0.01174	0.00263	0.06190	0.10326	0.05447	0.03222	0.09184	0.05107	0.04018	0.08800	0.01342	0.14028	0.01925	0.00240	0.05383	0.00645	0.14630	0.02514	0.04064	0.01497
10	0.00158	0.00113	0.00147	0.00172	0.00182	0.00105	0.00116	0.00182	0.00246	0.00329	0.03010	0.81566	0.04527	0.04209	0.00179	0.00053	0.00075	0.02623	0.01903	0.00103
11	0.07555	0.03990	0.09906	0.01990	0.03500	0.02868	0.05210	0.28310	0.06357	0.08088	0.02047	0.10734	0.02345	0.02180	0.00136	0.00042	0.00129	0.01039	0.03401	0.00174

[dist]
# distance from previous block
# <min> <max>
2	34

[block]
# block no. 5 follows, 256 sequences, length 20
# corresponding to MSA columns:
# 1624-1637,1639-1644
name=unknown_F
#
# <colnr> <probs for GDERKNQSTAVLIFYWHMCP>
#	G	D	E	R	K	N	Q	S	T	A	V	L	I	F	Y	W	H	M	C	P
0	0.04072	0.21438	0.17347	0.05199	0.02670	0.04670	0.02379	0.09542	0.03256	0.13252	0.03542	0.01334	0.01155	0.00147	0.00950	0.00038	0.03356	0.00107	0.01618	0.03929
1	0.00185	0.00140	0.00159	0.00156	0.00193	0.00681	0.00116	0.03049	0.01205	0.02745	0.25856	0.13893	0.44577	0.02813	0.01002	0.00046	0.00074	0.02059	0.00122	0.00928
2	0.01883	0.00150	0.00782	0.00746	0.00699	0.00139	0.00136	0.01899	0.04579	0.07518	0.07783	0.51751	0.05531	0.02041	0.01716	0.00049	0.00086	0.02192	0.02909	0.07412
3	0.03631	0.11475	0.13895	0.03278	0.06926	0.12676	0.05001	0.25728	0.02013	0.07392	0.01219	0.01505	0.00226	0.00142	0.00123	0.00037	0.01225	0.02011	0.00634	0.00862
4	0.00245	0.00166	0.03037	0.00182	0.00225	0.00148	0.00141	0.02009	0.06635	0.13843	0.36668	0.18885	0.08799	0.05523	0.00171	0.00047	0.00081	0.00225	0.02833	0.00135
5	0.00167	0.00122	0.00157	0.00170	0.00185	0.00115	0.01729	0.00190	0.00241	0.00316	0.02730	0.50181	0.13348	0.22941	0.00275	0.00067	0.00089	0.06770	0.00107	0.00100
6	0.07000	0.02350	0.06127	0.06397	0.02076	0.02843	0.04074	0.52142	0.02692	0.10476	0.00300	0.00312	0.00214	0.00144	0.00127	0.00039	0.01663	0.00111	0.00716	0.00196
7	0.02914	0.01694	0.03708	0.10252	0.10226	0.03969	0.09966	0.28625	0.11040	0.08630	0.01027	0.02762	0.00260	0.00155	0.00585	0.00041	0.01349	0.01742	0.00870	0.00185
8	0.00163	0.00128	0.00143	0.00144	0.00180	0.00112	0.00107	0.00200	0.00297	0.01543	0.20331	0.10524	0.61295	0.00329	0.02428	0.00047	0.00072	0.01725	0.00121	0.00111
9	0.00309	0.01060	0.16559	0.26735	0.11692	0.02370	0.18005	0.09559	0.02435	0.05334	0.01064	0.00330	0.00203	0.00135	0.00952	0.00042	0.02180	0.00118	0.00743	0.00173
10	0.96450	0.00244	0.00186	0.00166	0.00244	0.00284	0.00137	0.00372	0.00215	0.00567	0.00176	0.00205	0.00137	0.00117	0.00078	0.00039	0.00098	0.00068	0.00078	0.00137
11	0.00266	0.00247	0.05009	0.00198	0.00312	0.00180	0.00167	0.01956	0.01568	0.00421	0.00233	0.00269	0.00191	0.00098	0.00096	0.00021	0.00099	0.00078	0.01602	0.86991
12	0.00202	0.00123	0.00172	0.01407	0.00183	0.00131	0.00118	0.00188	0.00180	0.00246	0.00295	0.00528	0.00306	0.26347	0.22495	0.45203	0.01598	0.00136	0.00064	0.00077
13	0.05984	0.00249	0.00305	0.00237	0.00333	0.00242	0.00195	0.22741	0.02423	0.63739	0.01952	0.00397	0.00296	0.00155	0.00125	0.00039	0.00114	0.00123	0.00144	0.00209
14	0.00192	0.00127	0.00147	0.00148	0.00158	0.00124	0.00092	0.00206	0.01298	0.03124	0.02609	0.11070	0.08928	0.66689	0.00494	0.00099	0.00109	0.03031	0.01263	0.00090
15	0.00190	0.00135	0.00161	0.00154	0.00191	0.00121	0.00116	0.00240	0.01728	0.05518	0.46201	0.05945	0.35432	0.01954	0.00157	0.00043	0.00067	0.01398	0.00129	0.00119
16	0.00183	0.00132	0.00180	0.00180	0.00195	0.00146	0.00130	0.00214	0.00201	0.00285	0.00381	0.02917	0.01884	0.30692	0.57418	0.00164	0.01472	0.00157	0.02966	0.00102
17	0.00188	0.00128	0.00185	0.00186	0.00202	0.00142	0.00138	0.00206	0.00200	0.00279	0.01316	0.05037	0.04402	0.07388	0.57279	0.21365	0.01039	0.00150	0.00071	0.00097
18	0.00310	0.22485	0.06518	0.02831	0.06535	0.01900	0.42603	0.02085	0.00281	0.01728	0.00231	0.00298	0.00185	0.00130	0.01044	0.00041	0.09249	0.00117	0.01261	0.00168
19	0.07090	0.04904	0.08327	0.06329	0.17568	0.07227	0.04865	0.02982	0.00965	0.28261	0.02343	0.01048	0.00671	0.00152	0.01650	0.00041	0.03199	0.00114	0.00095	0.02169

[dist]
# distance from previous block
# <min> <max>
1	15

[block]
# block no. 6 follows, 256 sequences, length 21
# corresponding to MSA columns:
# 1662-1671,1685-1695
name=unknown_G
#
# <colnr> <probs for GDERKNQSTAVLIFYWHMCP>
#	G	D	E	R	K	N	Q	S	T	A	V	L	I	F	Y	W	H	M	C	P
0	0.09476	0.05091	0.03259	0.12746	0.14697	0.11844	0.11947	0.03344	0.00277	0.02114	0.00241	0.00345	0.00205	0.00152	0.00176	0.00549	0.17277	0.04884	0.00725	0.00649
1	0.00769	0.02896	0.02967	0.15247	0.12752	0.00815	0.11547	0.08881	0.13642	0.01333	0.00949	0.01810	0.04358	0.01117	0.07208	0.00652	0.01799	0.01595	0.09501	0.00162
2	0.00158	0.00116	0.00147	0.00166	0.00183	0.00107	0.00115	0.00187	0.00265	0.00350	0.13068	0.63938	0.16897	0.01601	0.00164	0.00049	0.00071	0.02189	0.00120	0.00105
3	0.00204	0.00121	0.00173	0.00174	0.00180	0.00127	0.00120	0.00188	0.01079	0.00250	0.00306	0.05906	0.01249	0.11055	0.21916	0.55393	0.01278	0.00140	0.00065	0.00076
4	0.00185	0.00126	0.00147	0.00147	0.00152	0.00129	0.00089	0.00197	0.01390	0.00262	0.01409	0.01823	0.01362	0.79083	0.11681	0.00127	0.00145	0.00180	0.01281	0.00084
5	0.87182	0.00245	0.00199	0.00174	0.00254	0.00280	0.00143	0.02902	0.00236	0.07163	0.00202	0.00224	0.00151	0.00121	0.00083	0.00039	0.00100	0.00074	0.00085	0.00144
6	0.00241	0.00227	0.00383	0.92638	0.03470	0.00281	0.00352	0.00325	0.00254	0.00325	0.00225	0.00336	0.00169	0.00126	0.00126	0.00042	0.00168	0.00112	0.00056	0.00142
7	0.00338	0.95633	0.00662	0.00216	0.00324	0.00500	0.00216	0.00379	0.00257	0.00297	0.00176	0.00203	0.00162	0.00108	0.00081	0.00027	0.00135	0.00068	0.00054	0.00162
8	0.00961	0.00173	0.00228	0.13164	0.02996	0.00175	0.00165	0.02515	0.00784	0.06230	0.09417	0.00567	0.03706	0.18804	0.10585	0.00070	0.01706	0.01675	0.12498	0.13580
9	0.00175	0.00119	0.00147	0.00160	0.00168	0.00114	0.00103	0.00192	0.00229	0.01801	0.06380	0.44896	0.03251	0.39280	0.01356	0.00081	0.00096	0.01255	0.00102	0.00095
10	0.96450	0.00244	0.00186	0.00166	0.00244	0.00284	0.00137	0.00372	0.00215	0.00567	0.00176	0.00205	0.00137	0.00117	0.00078	0.00039	0.00098	0.00068	0.00078	0.00137
11	0.00241	0.00226	0.00381	0.88382	0.05638	0.00278	0.00347	0.00323	0.00255	0.00328	0.00248	0.00355	0.02217	0.00130	0.00127	0.00042	0.00165	0.00116	0.00058	0.00143
12	0.00244	0.00233	0.00387	0.82822	0.00806	0.00294	0.02078	0.00322	0.00247	0.00322	0.00219	0.00330	0.00169	0.00137	0.00159	0.00044	0.10877	0.00113	0.00056	0.00141
13	0.00483	0.00350	0.00377	0.00289	0.00390	0.00386	0.00239	0.91563	0.00587	0.03591	0.00309	0.00307	0.00218	0.00152	0.00126	0.00038	0.00138	0.00114	0.00127	0.00215
14	0.00156	0.00111	0.00146	0.00174	0.00181	0.00104	0.00115	0.00176	0.00239	0.00319	0.00682	0.90654	0.00817	0.05243	0.00186	0.00055	0.00076	0.00350	0.00115	0.00101
15	0.00161	0.00121	0.01330	0.00179	0.00191	0.00110	0.00125	0.00192	0.01408	0.00338	0.04725	0.85083	0.00826	0.00379	0.00159	0.00050	0.00075	0.02752	0.01690	0.00106
16	0.00223	0.00152	0.00212	0.01739	0.06018	0.00154	0.02453	0.02287	0.03873	0.01099	0.08658	0.04486	0.10938	0.10213	0.02800	0.37702	0.02430	0.01127	0.03334	0.00100
17	0.04008	0.00312	0.01891	0.13436	0.10751	0.12797	0.09889	0.05056	0.04219	0.01407	0.00260	0.03816	0.00225	0.00182	0.02375	0.00047	0.23939	0.01035	0.04201	0.00155
18	0.01210	0.00698	0.05156	0.07487	0.05263	0.01298	0.06665	0.02411	0.06630	0.02686	0.02863	0.12009	0.08819	0.20546	0.02490	0.07090	0.01600	0.00789	0.04163	0.00126
19	0.03541	0.16939	0.06625	0.01184	0.03585	0.12402	0.00225	0.17236	0.04120	0.07874	0.00982	0.01865	0.01023	0.00626	0.00668	0.00034	0.01015	0.00789	0.00088	0.19179
20	0.05788	0.09652	0.13402	0.01813	0.04937	0.12642	0.08000	0.07092	0.11503	0.07942	0.02524	0.02845	0.05903	0.00151	0.00120	0.00037	0.00144	0.00123	0.00089	0.05293

[dist]
# distance from previous block
# <min> <max>
10	51

[block]
# block no. 7 follows, 256 sequences, length 9
# corresponding to MSA columns:
# 1868-1876
name=unknown_H
#
# <colnr> <probs for GDERKNQSTAVLIFYWHMCP>
#	G	D	E	R	K	N	Q	S	T	A	V	L	I	F	Y	W	H	M	C	P
0	0.09292	0.08431	0.05568	0.05560	0.02281	0.08293	0.07511	0.16878	0.05564	0.06715	0.03354	0.06377	0.02137	0.01134	0.00861	0.00040	0.02031	0.01835	0.00093	0.06044
1	0.07752	0.09532	0.07471	0.02483	0.02329	0.11132	0.01765	0.15639	0.01533	0.05358	0.04877	0.03546	0.01151	0.05601	0.04441	0.00937	0.04402	0.03474	0.01793	0.04785
2	0.04961	0.09847	0.07393	0.02147	0.03780	0.03789	0.11809	0.10045	0.03958	0.04592	0.03086	0.02251	0.01195	0.05808	0.12548	0.00922	0.06333	0.00125	0.00983	0.04430
3	0.00215	0.00117	0.00164	0.00164	0.00170	0.00117	0.00110	0.00189	0.00187	0.02590	0.02252	0.06989	0.00331	0.15139	0.07372	0.61286	0.00124	0.00143	0.02267	0.00072
4	0.02439	0.08274	0.22087	0.02560	0.07832	0.01810	0.25155	0.05650	0.07658	0.02015	0.01865	0.02893	0.02689	0.02225	0.00147	0.01062	0.01560	0.00864	0.01046	0.00171
5	0.00259	0.06449	0.89152	0.00352	0.00534	0.00306	0.00452	0.00399	0.00266	0.00394	0.00224	0.00263	0.00160	0.00119	0.00118	0.00039	0.00184	0.00092	0.00053	0.00185
6	0.00172	0.00125	0.00160	0.00161	0.00187	0.00115	0.00118	0.00219	0.00320	0.00441	0.60500	0.21052	0.10337	0.02650	0.00165	0.00045	0.00066	0.02923	0.00130	0.00113
7	0.00292	0.04614	0.13794	0.01900	0.02248	0.00229	0.01373	0.05582	0.07098	0.04554	0.00273	0.01903	0.00219	0.01145	0.00112	0.00029	0.00116	0.00095	0.01318	0.53106
8	0.02072	0.00211	0.00260	0.00209	0.00289	0.00201	0.00169	0.08938	0.08340	0.52244	0.04552	0.00452	0.00347	0.02284	0.00131	0.00039	0.00099	0.00129	0.15967	0.03068

[dist]
# distance from previous block
# <min> <max>
1	2

[block]
# block no. 8 follows, 256 sequences, length 8
# corresponding to MSA columns:
# 1888,1890-1896
name=unknown_I
#
# <colnr> <probs for GDERKNQSTAVLIFYWHMCP>
#	G	D	E	R	K	N	Q	S	T	A	V	L	I	F	Y	W	H	M	C	P
0	0.00170	0.00139	0.00160	0.00157	0.00192	0.01805	0.02409	0.00207	0.00291	0.00372	0.20246	0.15110	0.49128	0.05311	0.00176	0.00047	0.00075	0.02102	0.01793	0.00110
1	0.00196	0.00152	0.00205	0.02080	0.00229	0.02412	0.00153	0.00228	0.00204	0.00284	0.00339	0.00559	0.00337	0.19727	0.61620	0.03884	0.04926	0.02291	0.00069	0.00106
2	0.01223	0.00243	0.03089	0.12280	0.13705	0.01141	0.05782	0.16641	0.01277	0.04301	0.10594	0.03106	0.02602	0.01428	0.02393	0.01490	0.01491	0.02592	0.14466	0.00158
3	0.00176	0.00128	0.00157	0.00167	0.00194	0.00119	0.00123	0.00216	0.01655	0.02620	0.10993	0.33651	0.29946	0.03312	0.03960	0.00056	0.00087	0.10718	0.01609	0.00111
4	0.01423	0.45171	0.07812	0.01704	0.03285	0.06827	0.03317	0.13464	0.04913	0.01817	0.01323	0.00267	0.00199	0.00129	0.00118	0.00034	0.04889	0.00091	0.01487	0.01732
5	0.00185	0.00147	0.02781	0.00178	0.00202	0.01649	0.00129	0.00220	0.01673	0.02651	0.07279	0.53438	0.09941	0.10401	0.01842	0.00058	0.00090	0.03201	0.01586	0.02349
6	0.07151	0.12089	0.07686	0.03341	0.15170	0.06773	0.05564	0.12027	0.05706	0.06865	0.02256	0.03106	0.00260	0.00154	0.00133	0.02701	0.01568	0.02882	0.01639	0.02926
7	0.03740	0.07982	0.04584	0.11037	0.07421	0.02611	0.03914	0.14029	0.08265	0.14982	0.02412	0.05243	0.01236	0.01252	0.00143	0.02391	0.02294	0.00128	0.01562	0.04775

[dist]
# distance from previous block
# <min> <max>
5	49

[block]
# block no. 9 follows, 256 sequences, length 6
# corresponding to MSA columns:
# 1995-2000
name=unknown_J
#
# <colnr> <probs for GDERKNQSTAVLIFYWHMCP>
#	G	D	E	R	K	N	Q	S	T	A	V	L	I	F	Y	W	H	M	C	P
0	0.00216	0.03210	0.02432	0.01717	0.00246	0.01909	0.01334	0.02160	0.01533	0.02933	0.06055	0.09908	0.20963	0.10367	0.20306	0.01236	0.08267	0.02038	0.00092	0.03077
1	0.02264	0.04273	0.05538	0.07306	0.04713	0.02927	0.02514	0.06557	0.01537	0.02586	0.02011	0.03420	0.01659	0.01275	0.03033	0.00035	0.00125	0.00105	0.00079	0.48043
2	0.00236	0.00141	0.00210	0.08304	0.00254	0.00148	0.02025	0.02189	0.00200	0.03922	0.00282	0.02259	0.02295	0.05172	0.07213	0.62340	0.02537	0.00125	0.00065	0.00083
3	0.03496	0.04156	0.11099	0.04999	0.13055	0.02275	0.05291	0.08750	0.01862	0.09466	0.04537	0.08004	0.05308	0.01583	0.01104	0.00042	0.02601	0.01810	0.03047	0.07517
4	0.03328	0.02339	0.05278	0.12539	0.02480	0.02418	0.04027	0.13434	0.03812	0.02969	0.03930	0.06797	0.03507	0.03351	0.08120	0.00981	0.08303	0.01135	0.06974	0.04279
5	0.04731	0.06581	0.08934	0.02774	0.04624	0.06101	0.03201	0.10967	0.11338	0.05464	0.05303	0.04781	0.04811	0.01283	0.01382	0.00041	0.04284	0.01008	0.01713	0.10676

[dist]
# distance from previous block
# <min> <max>
13	237

[block]
# block no. 10 follows, 256 sequences, length 20
# corresponding to MSA columns:
# 2444-2463
name=unknown_K
#
# <colnr> <probs for GDERKNQSTAVLIFYWHMCP>
#	G	D	E	R	K	N	Q	S	T	A	V	L	I	F	Y	W	H	M	C	P
0	0.04685	0.06258	0.10203	0.02880	0.16194	0.02143	0.02346	0.07564	0.06651	0.09756	0.05239	0.04955	0.01965	0.00965	0.02260	0.00042	0.02387	0.01614	0.01012	0.10882
1	0.00332	0.01059	0.05788	0.01406	0.01525	0.02234	0.01254	0.12841	0.03533	0.19455	0.05978	0.13363	0.03390	0.02316	0.02255	0.00043	0.02453	0.01574	0.01702	0.17500
2	0.00275	0.00168	0.00214	0.00187	0.00238	0.00158	0.01271	0.05438	0.03612	0.18546	0.49557	0.03320	0.10673	0.00236	0.00145	0.00040	0.01004	0.01935	0.01571	0.01414
3	0.02570	0.14950	0.16017	0.03222	0.02283	0.05973	0.11998	0.09726	0.03532	0.06901	0.02461	0.01739	0.00693	0.00177	0.03341	0.01171	0.11455	0.00114	0.01509	0.00167
4	0.03170	0.05092	0.09856	0.12966	0.12037	0.03787	0.20580	0.05327	0.05011	0.06717	0.00899	0.03074	0.00858	0.00156	0.01850	0.00043	0.03966	0.01250	0.02245	0.01116
5	0.00181	0.00130	0.00160	0.00170	0.00186	0.00126	0.00116	0.04000	0.01837	0.00361	0.16269	0.49517	0.04242	0.20553	0.00259	0.00064	0.00085	0.01527	0.00113	0.00106
6	0.01097	0.01039	0.09912	0.04756	0.01802	0.00615	0.05225	0.00258	0.01827	0.02562	0.04616	0.26681	0.29891	0.00790	0.02994	0.00050	0.03627	0.01286	0.00845	0.00127
7	0.03171	0.22428	0.11629	0.03076	0.02213	0.08546	0.03730	0.08602	0.05601	0.07416	0.02681	0.01202	0.04658	0.01347	0.03170	0.00044	0.07256	0.01484	0.01134	0.00611
8	0.00800	0.00215	0.05109	0.01260	0.02488	0.02596	0.04905	0.02284	0.01961	0.13503	0.35996	0.09446	0.06554	0.01476	0.00790	0.00567	0.08989	0.00192	0.00723	0.00143
9	0.00158	0.00114	0.00150	0.00175	0.00186	0.00105	0.00118	0.00181	0.00242	0.00324	0.00685	0.87956	0.02272	0.02849	0.00172	0.00052	0.00076	0.01412	0.00115	0.02657
10	0.09452	0.05682	0.04520	0.18454	0.06873	0.03632	0.05764	0.22689	0.03669	0.01559	0.01805	0.03852	0.02191	0.03353	0.00971	0.00044	0.02141	0.01674	0.01511	0.00165
11	0.00872	0.02883	0.43098	0.09770	0.08048	0.05830	0.07344	0.04457	0.02844	0.05182	0.01116	0.01214	0.02765	0.00138	0.00135	0.00040	0.03501	0.00520	0.00070	0.00176
12	0.00517	0.00296	0.00344	0.00263	0.00363	0.00306	0.00218	0.55364	0.00498	0.39916	0.00385	0.00356	0.00256	0.00154	0.00127	0.00038	0.00126	0.00119	0.00139	0.00215
13	0.00178	0.00132	0.00167	0.00166	0.00194	0.00124	0.00122	0.01484	0.02906	0.00451	0.58719	0.23843	0.09015	0.00295	0.00152	0.00043	0.00066	0.01695	0.00131	0.00118
14	0.01558	0.01232	0.04937	0.33581	0.17983	0.05302	0.07015	0.03045	0.01634	0.03256	0.01098	0.02495	0.01496	0.00186	0.03069	0.00047	0.00824	0.11008	0.00075	0.00157
15	0.00238	0.01432	0.00997	0.37611	0.09476	0.01355	0.02696	0.01541	0.07232	0.01244	0.04026	0.19268	0.06331	0.02705	0.00151	0.00045	0.00972	0.00179	0.01622	0.00879
16	0.00242	0.00229	0.00388	0.86657	0.04234	0.00281	0.02203	0.00325	0.00255	0.00329	0.00234	0.00358	0.00182	0.00131	0.00132	0.00042	0.01522	0.02055	0.00058	0.00143
17	0.00216	0.00161	0.00190	0.00177	0.00219	0.00160	0.00135	0.02256	0.17432	0.03141	0.52578	0.04870	0.15689	0.00253	0.00144	0.00041	0.00072	0.00978	0.01150	0.00136
18	0.01173	0.01287	0.07466	0.05588	0.05883	0.01890	0.17373	0.09238	0.07537	0.02658	0.02952	0.19783	0.04025	0.03536	0.01755	0.00521	0.00543	0.00535	0.03551	0.02707
19	0.02485	0.09277	0.00341	0.01774	0.02888	0.26226	0.01858	0.16214	0.05612	0.04019	0.01193	0.08962	0.01252	0.02280	0.01304	0.00041	0.03618	0.01409	0.07281	0.01967

[dist]
# distance from previous block
# <min> <max>
3	115

[block]
# block no. 11 follows, 256 sequences, length 23
# corresponding to MSA columns:
# 2599-2621
name=unknown_L
#
# <colnr> <probs for GDERKNQSTAVLIFYWHMCP>
#	G	D	E	R	K	N	Q	S	T	A	V	L	I	F	Y	W	H	M	C	P
0	0.11695	0.11680	0.11114	0.11297	0.07928	0.04913	0.04210	0.09976	0.03433	0.05141	0.05782	0.02185	0.01520	0.01053	0.01102	0.00040	0.02761	0.00115	0.01115	0.02939
1	0.03361	0.11184	0.06952	0.04059	0.16043	0.04291	0.08576	0.06607	0.01772	0.03739	0.00717	0.03876	0.02295	0.01210	0.00808	0.00042	0.16036	0.02509	0.02187	0.03736
2	0.01148	0.00249	0.00303	0.00241	0.00332	0.00237	0.00194	0.14487	0.11311	0.50775	0.06492	0.00468	0.01525	0.00173	0.00136	0.00041	0.00939	0.00136	0.02399	0.08413
3	0.01488	0.03547	0.00385	0.33139	0.16672	0.07868	0.00938	0.06816	0.01365	0.01621	0.00717	0.00318	0.00974	0.00140	0.00865	0.00039	0.08976	0.00106	0.02021	0.12006
4	0.00174	0.00129	0.00159	0.00156	0.00187	0.00117	0.00115	0.00224	0.01218	0.01375	0.55877	0.14390	0.23023	0.01181	0.00155	0.00043	0.00065	0.01168	0.00130	0.00115
5	0.11798	0.00220	0.00280	0.00218	0.00312	0.00201	0.00180	0.02606	0.00348	0.80296	0.00455	0.00402	0.00290	0.00152	0.00121	0.00039	0.00106	0.00120	0.01652	0.00204
6	0.00164	0.00128	0.00148	0.00144	0.00180	0.00113	0.00108	0.00208	0.00320	0.00420	0.45642	0.04095	0.47293	0.00293	0.00150	0.00042	0.00062	0.00252	0.00128	0.00113
7	0.00156	0.00112	0.00149	0.00177	0.00185	0.00105	0.00120	0.00179	0.00243	0.00323	0.00690	0.90251	0.00825	0.02192	0.00171	0.00053	0.00076	0.03774	0.00117	0.00103
8	0.00184	0.00123	0.00141	0.00141	0.00143	0.00124	0.00081	0.00186	0.00185	0.00248	0.00395	0.00809	0.00452	0.90463	0.05727	0.00127	0.00134	0.00181	0.00076	0.00079
9	0.00481	0.00354	0.00379	0.00291	0.00392	0.00392	0.00240	0.94347	0.00594	0.00797	0.00304	0.00304	0.00215	0.00152	0.00126	0.00038	0.00139	0.00114	0.00126	0.00215
10	0.96450	0.00244	0.00186	0.00166	0.00244	0.00284	0.00137	0.00372	0.00215	0.00567	0.00176	0.00205	0.00137	0.00117	0.00078	0.00039	0.00098	0.00068	0.00078	0.00137
11	0.96450	0.00244	0.00186	0.00166	0.00244	0.00284	0.00137	0.00372	0.00215	0.00567	0.00176	0.00205	0.00137	0.00117	0.00078	0.00039	0.00098	0.00068	0.00078	0.00137
12	0.00155	0.00120	0.00142	0.00155	0.00179	0.00106	0.00109	0.00186	0.00275	0.00354	0.12978	0.46158	0.37931	0.00348	0.00155	0.00046	0.00068	0.00306	0.00120	0.00106
13	0.00338	0.95633	0.00662	0.00216	0.00324	0.00500	0.00216	0.00379	0.00257	0.00297	0.00176	0.00203	0.00162	0.00108	0.00081	0.00027	0.00135	0.00068	0.00054	0.00162
14	0.00400	0.00272	0.00290	0.00232	0.00309	0.00296	0.00188	0.61146	0.00480	0.02249	0.00343	0.00362	0.00253	0.00150	0.00114	0.00035	0.00112	0.00115	0.32471	0.00182
15	0.01545	0.00200	0.00240	0.00232	0.00284	0.00211	0.00191	0.07073	0.26196	0.09567	0.03460	0.02732	0.05474	0.01943	0.00159	0.00050	0.00107	0.40058	0.00124	0.00155
16	0.00182	0.00135	0.00162	0.00161	0.00194	0.00126	0.00122	0.01180	0.03730	0.00434	0.43436	0.09143	0.25972	0.01968	0.00157	0.00044	0.00070	0.07867	0.04799	0.00117
17	0.00156	0.00117	0.00143	0.00162	0.00182	0.00106	0.00113	0.00184	0.00262	0.00340	0.04855	0.59279	0.28830	0.00363	0.00157	0.00048	0.00071	0.03218	0.01306	0.00105
18	0.00548	0.00225	0.00297	0.00230	0.00326	0.00203	0.00189	0.04831	0.06239	0.84753	0.00491	0.00427	0.00313	0.00157	0.00127	0.00039	0.00109	0.00128	0.00153	0.00214
19	0.00389	0.00203	0.00286	0.21003	0.01114	0.00206	0.00209	0.02464	0.04163	0.44910	0.04369	0.04774	0.01311	0.07540	0.04721	0.00055	0.01245	0.00145	0.00724	0.00171
20	0.00160	0.00115	0.00152	0.00178	0.00190	0.00108	0.00124	0.00186	0.00249	0.00329	0.01977	0.77179	0.05934	0.02425	0.01313	0.00055	0.00081	0.09026	0.00116	0.00104
21	0.00455	0.00200	0.00260	0.00212	0.00290	0.00181	0.00170	0.04598	0.04364	0.63457	0.05313	0.11760	0.03928	0.00196	0.00132	0.00040	0.00099	0.00165	0.03992	0.00188
22	0.00331	0.55755	0.01906	0.00256	0.00331	0.05045	0.00234	0.03323	0.01164	0.02089	0.00200	0.01920	0.00183	0.00148	0.00177	0.00036	0.25627	0.00089	0.01029	0.00157

[dist]
# distance from previous block
# <min> <max>
6	22

[block]
# block no. 12 follows, 256 sequences, length 12
# corresponding to MSA columns:
# 2673-2684
name=unknown_M
#
# <colnr> <probs for GDERKNQSTAVLIFYWHMCP>
#	G	D	E	R	K	N	Q	S	T	A	V	L	I	F	Y	W	H	M	C	P
0	0.00260	0.01841	0.55480	0.02835	0.03604	0.00280	0.13229	0.02011	0.01015	0.01237	0.00256	0.01297	0.00200	0.01082	0.10372	0.01230	0.01966	0.00112	0.01522	0.00171
1	0.06112	0.01745	0.10459	0.01157	0.00340	0.01002	0.00202	0.11367	0.04876	0.05014	0.01087	0.00300	0.01238	0.00124	0.00870	0.00029	0.00948	0.00091	0.00086	0.52953
2	0.00157	0.00127	0.00133	0.00133	0.00172	0.00108	0.00099	0.00193	0.00293	0.00365	0.11718	0.05174	0.76128	0.00309	0.00147	0.00042	0.00064	0.00260	0.04269	0.00108
3	0.00339	0.89736	0.03725	0.00224	0.00334	0.03281	0.00225	0.00383	0.00260	0.00301	0.00178	0.00206	0.00162	0.00109	0.00083	0.00028	0.00140	0.00069	0.00054	0.00163
4	0.00154	0.00110	0.00147	0.00176	0.00183	0.00103	0.00117	0.00176	0.00242	0.00323	0.00697	0.95475	0.00836	0.00396	0.00161	0.00051	0.00073	0.00359	0.00117	0.00103
5	0.00157	0.00114	0.00146	0.00169	0.00181	0.00106	0.00115	0.00181	0.00248	0.00326	0.02939	0.75046	0.11132	0.06024	0.00189	0.00055	0.00076	0.02580	0.00115	0.00102
6	0.00472	0.00603	0.00358	0.00326	0.00391	0.95050	0.00244	0.00505	0.00358	0.00309	0.00195	0.00228	0.00163	0.00130	0.00114	0.00033	0.00228	0.00081	0.00065	0.00147
7	0.00186	0.00130	0.00170	0.00160	0.00191	0.00120	0.00120	0.00243	0.00351	0.02648	0.85624	0.05021	0.04031	0.00264	0.00149	0.00040	0.00061	0.00233	0.00138	0.00120
8	0.04108	0.00236	0.00301	0.00232	0.00330	0.00218	0.00192	0.13755	0.00389	0.78168	0.00459	0.00404	0.00293	0.00154	0.00125	0.00039	0.00112	0.00123	0.00149	0.00212
9	0.00184	0.00123	0.00138	0.00138	0.00138	0.00123	0.00077	0.00184	0.00184	0.00245	0.00398	0.00827	0.00460	0.95557	0.00643	0.00123	0.00123	0.00184	0.00077	0.00077
10	0.01765	0.09972	0.48552	0.01695	0.08903	0.01114	0.05959	0.01851	0.01176	0.01644	0.01122	0.00431	0.01421	0.00870	0.00131	0.00041	0.00890	0.11122	0.00068	0.01273
11	0.12203	0.00382	0.02582	0.01555	0.04386	0.36960	0.06305	0.03009	0.08505	0.01950	0.01757	0.09692	0.05643	0.00176	0.00127	0.00039	0.01572	0.02233	0.00772	0.00150

[dist]
# distance from previous block
# <min> <max>
0	157

[block]
# block no. 13 follows, 256 sequences, length 12
# corresponding to MSA columns:
# 2912-2920,2927-2929
name=unknown_N
#
# <colnr> <probs for GDERKNQSTAVLIFYWHMCP>
#	G	D	E	R	K	N	Q	S	T	A	V	L	I	F	Y	W	H	M	C	P
0	0.01054	0.21352	0.05252	0.01254	0.01802	0.13200	0.02742	0.09069	0.02278	0.07351	0.02273	0.13054	0.01447	0.02095	0.00691	0.00039	0.04488	0.01629	0.01908	0.07022
1	0.00280	0.00160	0.00197	0.00172	0.00222	0.00150	0.00133	0.02501	0.04951	0.17572	0.45232	0.00672	0.00727	0.00200	0.00127	0.00036	0.00074	0.00171	0.20458	0.05964
2	0.00281	0.00224	0.00264	0.00190	0.00301	0.00170	0.00152	0.00336	0.00268	0.06127	0.00241	0.00272	0.00195	0.00097	0.00096	0.00020	0.00094	0.00078	0.00080	0.90514
3	0.00338	0.95633	0.00662	0.00216	0.00324	0.00500	0.00216	0.00379	0.00257	0.00297	0.00176	0.00203	0.00162	0.00108	0.00081	0.00027	0.00135	0.00068	0.00054	0.00162
4	0.00239	0.00225	0.00379	0.95253	0.00871	0.00281	0.00351	0.00323	0.00253	0.00323	0.00225	0.00337	0.00169	0.00126	0.00126	0.00042	0.00169	0.00112	0.00056	0.00140
5	0.00194	0.00172	0.01521	0.01480	0.04869	0.00156	0.09081	0.01583	0.02780	0.01250	0.09460	0.18936	0.43588	0.00285	0.00152	0.00044	0.01056	0.03157	0.00110	0.00125
6	0.03475	0.00289	0.00304	0.00262	0.00340	0.00331	0.00207	0.21951	0.70126	0.00591	0.00456	0.00425	0.00339	0.00165	0.00127	0.00042	0.00109	0.00134	0.00127	0.00201
7	0.74398	0.00243	0.00214	0.00182	0.00265	0.00270	0.00150	0.04246	0.00258	0.18418	0.00242	0.00252	0.00173	0.00126	0.00089	0.00039	0.00101	0.00081	0.00095	0.00155
8	0.00225	0.00200	0.01195	0.41323	0.11145	0.00959	0.01450	0.01263	0.00257	0.01333	0.00420	0.25518	0.05513	0.02764	0.03707	0.01261	0.01064	0.00189	0.00079	0.00134
9	0.00396	0.04318	0.05537	0.01613	0.07398	0.02555	0.14799	0.13699	0.05089	0.30006	0.02713	0.04441	0.03081	0.00163	0.00131	0.00040	0.00136	0.02645	0.01053	0.00186
10	0.43647	0.00288	0.06834	0.00219	0.00311	0.00286	0.00192	0.22767	0.03032	0.15744	0.01678	0.00298	0.00215	0.00137	0.00103	0.00039	0.00113	0.00097	0.03826	0.00172
11	0.00187	0.00129	0.00168	0.00179	0.00196	0.00128	0.00126	0.02693	0.00260	0.02895	0.10755	0.56120	0.03839	0.07735	0.06096	0.02472	0.02576	0.01466	0.01870	0.00109

[dist]
# distance from previous block
# <min> <max>
7	57

[block]
# block no. 14 follows, 256 sequences, length 16
# corresponding to MSA columns:
# 2987-2989,2992-2998,3001-3005,3016
name=unknown_O
#
# <colnr> <probs for GDERKNQSTAVLIFYWHMCP>
#	G	D	E	R	K	N	Q	S	T	A	V	L	I	F	Y	W	H	M	C	P
0	0.00272	0.00258	0.02882	0.34065	0.14777	0.01292	0.07302	0.01629	0.12288	0.02478	0.02417	0.01607	0.05441	0.00153	0.00141	0.00705	0.03695	0.01151	0.01196	0.06251
1	0.00214	0.00112	0.00162	0.00162	0.00164	0.00111	0.00108	0.00168	0.00171	0.00227	0.00266	0.01916	0.02260	0.08316	0.01924	0.83365	0.00113	0.00124	0.00059	0.00059
2	0.00356	0.00410	0.00391	0.37309	0.10416	0.43912	0.02068	0.00414	0.00304	0.00327	0.00212	0.00283	0.00170	0.00129	0.00129	0.00038	0.02823	0.00099	0.00061	0.00150
3	0.00177	0.00123	0.00149	0.00157	0.00160	0.00124	0.00097	0.00185	0.00204	0.00273	0.00491	0.32711	0.00577	0.60370	0.00473	0.00096	0.03213	0.00241	0.00090	0.00087
4	0.00174	0.00128	0.00160	0.00153	0.00185	0.00117	0.00115	0.00228	0.00341	0.00473	0.74185	0.03735	0.17222	0.00271	0.00148	0.00040	0.00061	0.00237	0.01910	0.00117
5	0.01446	0.00508	0.61118	0.01653	0.03344	0.00277	0.06392	0.03323	0.00913	0.10008	0.00280	0.01094	0.00208	0.00146	0.01409	0.00043	0.02139	0.02598	0.02162	0.00938
6	0.00170	0.00133	0.00146	0.00141	0.00182	0.00116	0.00107	0.00216	0.02179	0.02399	0.27542	0.01109	0.64519	0.00296	0.00148	0.00042	0.00064	0.00251	0.00125	0.00114
7	0.00415	0.41106	0.00488	0.00279	0.00363	0.54751	0.00232	0.00451	0.00315	0.00304	0.00187	0.00217	0.00163	0.00121	0.00100	0.00030	0.00188	0.00076	0.00060	0.00153
8	0.02012	0.00153	0.00188	0.00168	0.00216	0.00141	0.00130	0.02625	0.02054	0.15960	0.53448	0.00880	0.21035	0.00248	0.00143	0.00040	0.00072	0.00213	0.00136	0.00136
9	0.01302	0.17516	0.03305	0.01685	0.01146	0.01569	0.00195	0.06564	0.21272	0.03967	0.01386	0.00331	0.00251	0.00142	0.01788	0.00033	0.00116	0.00672	0.01833	0.34926
10	0.02766	0.00163	0.01159	0.04367	0.03284	0.00164	0.06065	0.00842	0.00238	0.02130	0.01530	0.34396	0.01599	0.06878	0.28371	0.00098	0.01206	0.00215	0.00785	0.03744
11	0.00958	0.10051	0.26767	0.01056	0.01998	0.01702	0.02770	0.25510	0.08619	0.13841	0.01165	0.02508	0.00245	0.00973	0.00126	0.00039	0.00145	0.00115	0.00098	0.01316
12	0.00280	0.08184	0.67509	0.02211	0.05587	0.04885	0.01451	0.02970	0.02480	0.00400	0.00243	0.01371	0.00186	0.00128	0.00119	0.00039	0.00177	0.01539	0.00060	0.00182
13	0.00232	0.00155	0.00191	0.00195	0.00224	0.00990	0.00140	0.04057	0.10808	0.09527	0.05655	0.59302	0.00698	0.03481	0.02166	0.00054	0.00091	0.01784	0.00121	0.00130
14	0.01302	0.01188	0.04647	0.03063	0.10571	0.02381	0.21161	0.05949	0.15641	0.04238	0.03801	0.12979	0.02254	0.00191	0.00143	0.00043	0.01524	0.06359	0.02402	0.00165
15	0.01760	0.06472	0.17337	0.05411	0.10884	0.02093	0.06271	0.19112	0.02507	0.16309	0.00326	0.03448	0.00920	0.02907	0.00895	0.00938	0.00817	0.01314	0.00094	0.00183

[dist]
# distance from previous block
# <min> <max>
2	3

[block]
# block no. 15 follows, 256 sequences, length 29
# corresponding to MSA columns:
# 3025-3032,3047,3048,3050-3054,3074-3087
name=unknown_P
#
# <colnr> <probs for GDERKNQSTAVLIFYWHMCP>
#	G	D	E	R	K	N	Q	S	T	A	V	L	I	F	Y	W	H	M	C	P
0	0.04220	0.07544	0.14103	0.03758	0.18180	0.03440	0.12246	0.13656	0.06022	0.04540	0.00264	0.00304	0.00202	0.00129	0.00514	0.00038	0.02336	0.00108	0.00079	0.08315
1	0.00263	0.01807	0.05569	0.31255	0.05228	0.04139	0.04506	0.00819	0.07293	0.00916	0.01453	0.04413	0.04371	0.00196	0.03289	0.00049	0.18765	0.00133	0.05389	0.00147
2	0.00163	0.00130	0.00146	0.00144	0.00181	0.00115	0.00107	0.00210	0.02298	0.00399	0.32260	0.07149	0.55644	0.00301	0.00150	0.00042	0.00064	0.00257	0.00125	0.00113
