[name]
unknown

[dist]
# distance from previous block
# <min> <max>
1	223

[block]
# block no. 0 follows, 248 sequences, length 15
# corresponding to MSA columns:
# 602-604,625,628,646-650,653-657
name=unknown_A
#
# <colnr> <probs for GDERKNQSTAVLIFYWHMCP>
#	G	D	E	R	K	N	Q	S	T	A	V	L	I	F	Y	W	H	M	C	P
0	0.00284	0.06320	0.36050	0.02008	0.05562	0.01061	0.02359	0.01757	0.10140	0.05982	0.05710	0.05935	0.07611	0.00922	0.00155	0.00043	0.06720	0.00144	0.00086	0.01151
1	0.00204	0.03728	0.00208	0.00195	0.00233	0.00158	0.01878	0.05354	0.00303	0.00387	0.05404	0.17527	0.30564	0.03922	0.00184	0.01459	0.00096	0.27960	0.00116	0.00120
2	0.00341	0.02158	0.05539	0.14226	0.27246	0.02667	0.03153	0.17384	0.08567	0.05360	0.09732	0.00413	0.01083	0.00151	0.00131	0.00040	0.00143	0.00131	0.01349	0.00187
3	0.00326	0.71786	0.00594	0.04390	0.01398	0.02529	0.02349	0.01774	0.00272	0.00324	0.01142	0.00303	0.05338	0.00174	0.05044	0.00040	0.01901	0.00092	0.00063	0.00161
4	0.00288	0.00243	0.03671	0.00241	0.01100	0.01480	0.00190	0.02100	0.49486	0.05631	0.13132	0.14720	0.04279	0.00236	0.01061	0.00046	0.00101	0.01693	0.00128	0.00174
5	0.00188	0.00136	0.00163	0.00159	0.00192	0.00123	0.00117	0.00238	0.02086	0.03494	0.45491	0.11801	0.29517	0.05489	0.00182	0.00048	0.00070	0.00255	0.00131	0.00119
6	0.00298	0.00266	0.02072	0.41313	0.05939	0.01180	0.10211	0.03117	0.05229	0.07328	0.00299	0.00388	0.01958	0.01456	0.00173	0.00044	0.11051	0.01493	0.01135	0.05050
7	0.00169	0.00137	0.00150	0.00150	0.00188	0.00122	0.00111	0.00221	0.04330	0.00397	0.22653	0.10453	0.59824	0.00316	0.00154	0.00044	0.00067	0.00270	0.00127	0.00117
8	0.00306	0.02903	0.07838	0.02701	0.09486	0.04606	0.07237	0.05954	0.02648	0.04566	0.02060	0.07415	0.01607	0.00165	0.00773	0.00038	0.10821	0.00900	0.00549	0.27427
9	0.00304	0.00233	0.00289	0.00244	0.07965	0.00185	0.00175	0.00360	0.00280	0.10146	0.00268	0.00314	0.00218	0.03681	0.00124	0.00027	0.00104	0.00090	0.00085	0.74909
10	0.01006	0.01902	0.05832	0.04025	0.14145	0.03481	0.08670	0.11314	0.02059	0.07502	0.02254	0.00363	0.00242	0.00240	0.03540	0.20065	0.09260	0.00120	0.02071	0.01907
11	0.01751	0.15905	0.04593	0.03140	0.10869	0.11392	0.12279	0.03190	0.03996	0.03002	0.01057	0.12775	0.03435	0.01024	0.03918	0.00047	0.02978	0.00684	0.03806	0.00160
12	0.00187	0.00124	0.00146	0.00150	0.00153	0.00123	0.00089	0.00187	0.00199	0.00265	0.00462	0.13447	0.03269	0.70627	0.02156	0.07921	0.00120	0.00209	0.00084	0.00082
13	0.19760	0.04086	0.10238	0.16761	0.06180	0.11409	0.04003	0.05211	0.03053	0.04881	0.03013	0.00314	0.00217	0.00152	0.00921	0.01006	0.08450	0.00106	0.00077	0.00163
14	0.01187	0.04163	0.01758	0.14727	0.25807	0.05414	0.04242	0.02257	0.02450	0.01374	0.04472	0.17597	0.04646	0.00945	0.00150	0.01449	0.01824	0.01154	0.00084	0.04299

[dist]
# distance from previous block
# <min> <max>
2	21

[block]
# block no. 1 follows, 248 sequences, length 15
# corresponding to MSA columns:
# 683-696,706
name=unknown_B
#
# <colnr> <probs for GDERKNQSTAVLIFYWHMCP>
#	G	D	E	R	K	N	Q	S	T	A	V	L	I	F	Y	W	H	M	C	P
0	0.00334	0.10203	0.11191	0.02684	0.05245	0.16540	0.02191	0.05757	0.05331	0.08211	0.04570	0.03317	0.11552	0.02096	0.02337	0.00045	0.02691	0.01614	0.00092	0.04001
1	0.00361	0.20261	0.20253	0.02649	0.11933	0.01488	0.12451	0.01816	0.04387	0.01473	0.04886	0.08292	0.03357	0.00210	0.00163	0.00936	0.01217	0.00164	0.03497	0.00206
2	0.01487	0.00217	0.00283	0.00230	0.00310	0.00204	0.01447	0.08980	0.02719	0.57731	0.04616	0.13273	0.03562	0.00205	0.00144	0.00042	0.02529	0.00171	0.01658	0.00192
3	0.00195	0.00166	0.03511	0.00176	0.00218	0.00144	0.00136	0.07050	0.02470	0.01358	0.10764	0.30932	0.41751	0.00323	0.00154	0.00046	0.00080	0.00279	0.00122	0.00124
4	0.01274	0.00305	0.15083	0.14466	0.09132	0.01074	0.01820	0.05164	0.10462	0.20465	0.03408	0.01168	0.04756	0.07031	0.00174	0.00048	0.00920	0.02972	0.00102	0.00177
5	0.02044	0.27854	0.31856	0.03201	0.00433	0.11622	0.04110	0.01343	0.01880	0.02753	0.07196	0.00970	0.01204	0.01161	0.00981	0.00039	0.01004	0.00107	0.00070	0.00169
6	0.01989	0.09536	0.35846	0.00321	0.02117	0.09773	0.06689	0.02441	0.01810	0.11883	0.01734	0.04146	0.01018	0.01052	0.06695	0.00988	0.01588	0.00121	0.00079	0.00175
7	0.00166	0.00132	0.00169	0.09754	0.00256	0.00126	0.00138	0.00200	0.00269	0.00344	0.03169	0.51777	0.32326	0.00350	0.00158	0.00049	0.00082	0.00309	0.00115	0.00111
8	0.02447	0.03391	0.08924	0.01143	0.00394	0.60117	0.01143	0.03786	0.02851	0.02758	0.00238	0.00299	0.00200	0.06732	0.00171	0.00043	0.05035	0.00098	0.00073	0.00155
9	0.01800	0.00271	0.02694	0.12854	0.31051	0.02365	0.00866	0.06805	0.10621	0.10299	0.03207	0.04720	0.09677	0.00184	0.01411	0.00044	0.00136	0.00719	0.00097	0.00180
10	0.00293	0.00276	0.00461	0.16675	0.65997	0.00288	0.00360	0.00376	0.02797	0.00401	0.00292	0.01642	0.02666	0.00189	0.06688	0.00052	0.00167	0.00126	0.00068	0.00186
11	0.00181	0.00129	0.00173	0.00180	0.00198	0.00136	0.00130	0.00215	0.00229	0.00321	0.01862	0.24159	0.06682	0.14840	0.43168	0.00132	0.00205	0.00213	0.06736	0.00108
12	0.02918	0.00228	0.00291	0.00231	0.00315	0.00217	0.02162	0.11273	0.06552	0.55485	0.09316	0.00502	0.00404	0.06760	0.00168	0.00046	0.00111	0.00143	0.02679	0.00196
13	0.04482	0.04739	0.06902	0.00318	0.00400	0.71670	0.00257	0.02855	0.00358	0.06546	0.00225	0.00251	0.00178	0.00134	0.00116	0.00035	0.00212	0.00087	0.00074	0.00160
14	0.00303	0.00323	0.06708	0.16850	0.60354	0.00309	0.09228	0.00395	0.02002	0.00408	0.00248	0.00328	0.00200	0.00121	0.00136	0.00041	0.01672	0.00119	0.00064	0.00191

[dist]
# distance from previous block
# <min> <max>
0	24

[block]
# block no. 2 follows, 248 sequences, length 19
# corresponding to MSA columns:
# 731,732,738-748,750-755
name=unknown_C
#
# <colnr> <probs for GDERKNQSTAVLIFYWHMCP>
#	G	D	E	R	K	N	Q	S	T	A	V	L	I	F	Y	W	H	M	C	P
0	0.00180	0.00132	0.00168	0.00160	0.00190	0.00121	0.00119	0.00235	0.00350	0.00488	0.78261	0.04068	0.10916	0.03828	0.00173	0.00045	0.00065	0.00242	0.00138	0.00119
1	0.00169	0.00126	0.00156	0.00164	0.00188	0.00115	0.00117	0.00208	0.00303	0.00405	0.35497	0.35416	0.21873	0.02387	0.01175	0.00050	0.00073	0.01338	0.00128	0.00113
2	0.00252	0.01303	0.00377	0.00315	0.02820	0.02522	0.19479	0.00310	0.00917	0.00362	0.01040	0.10255	0.05534	0.01049	0.16326	0.00073	0.18608	0.04439	0.00079	0.13940
3	0.10065	0.23158	0.08589	0.02098	0.10592	0.35080	0.03977	0.02687	0.00312	0.00378	0.00207	0.00249	0.00171	0.00126	0.00115	0.00035	0.01842	0.00088	0.00066	0.00166
4	0.00200	0.00152	0.01553	0.02027	0.00228	0.00137	0.02393	0.00265	0.02396	0.02966	0.63910	0.05114	0.13937	0.00264	0.00150	0.00042	0.00073	0.00231	0.03835	0.00127
5	0.96344	0.00252	0.00191	0.00171	0.00252	0.00292	0.00141	0.00383	0.00222	0.00584	0.00181	0.00211	0.00141	0.00121	0.00081	0.00040	0.00101	0.00070	0.00081	0.00141
6	0.00166	0.00123	0.00174	0.00193	0.00205	0.00115	0.03627	0.00192	0.00251	0.00336	0.02411	0.86323	0.00828	0.04155	0.00185	0.00055	0.00083	0.00352	0.00118	0.00108
7	0.04046	0.00137	0.00142	0.00136	0.00172	0.00138	0.00103	0.02499	0.00286	0.04626	0.06225	0.00513	0.00384	0.03830	0.00119	0.00036	0.00069	0.00129	0.76283	0.00127
8	0.00162	0.00132	0.00143	0.00144	0.00184	0.00113	0.00109	0.00200	0.00307	0.00382	0.17480	0.06558	0.69331	0.00324	0.00156	0.00045	0.00068	0.03926	0.00125	0.00112
9	0.03015	0.00205	0.00236	0.01259	0.03894	0.00210	0.00161	0.19961	0.01568	0.18389	0.02292	0.01761	0.00324	0.01058	0.00117	0.00036	0.00095	0.00127	0.45124	0.00166
10	0.00185	0.00130	0.00170	0.00181	0.00200	0.00123	0.00127	0.00223	0.01288	0.02953	0.23367	0.56212	0.02763	0.05189	0.00190	0.00053	0.01770	0.02758	0.00123	0.01994
11	0.00211	0.00157	0.00220	0.04012	0.02724	0.00181	0.00158	0.00225	0.00204	0.00284	0.00346	0.09154	0.00368	0.27089	0.24425	0.16488	0.13414	0.00165	0.00072	0.00102
12	0.00351	0.83222	0.03613	0.00236	0.00345	0.01903	0.00233	0.04072	0.02120	0.00335	0.00195	0.00223	0.00174	0.00118	0.00096	0.00030	0.02428	0.00075	0.00060	0.00170
13	0.00160	0.00128	0.00142	0.00149	0.00180	0.00112	0.00107	0.00191	0.00282	0.00352	0.07144	0.23237	0.58157	0.06012	0.01873	0.00054	0.00077	0.01415	0.00119	0.00108
14	0.00238	0.00193	0.01447	0.00245	0.05313	0.00195	0.01639	0.05613	0.20515	0.02140	0.11360	0.39741	0.07379	0.00297	0.01037	0.00049	0.01282	0.01050	0.00121	0.00146
15	0.00339	0.04587	0.19900	0.01205	0.32079	0.02697	0.01097	0.18026	0.05964	0.01262	0.00276	0.00327	0.00217	0.00164	0.02575	0.03174	0.00735	0.00608	0.00874	0.03895
16	0.00282	0.00179	0.00231	0.00762	0.00261	0.00174	0.03773	0.05258	0.05758	0.17345	0.10700	0.17884	0.20691	0.02071	0.01903	0.00049	0.02606	0.04270	0.05658	0.00146
17	0.28874	0.03360	0.23433	0.01699	0.01918	0.00960	0.00889	0.29270	0.05294	0.01685	0.00272	0.00292	0.01244	0.00138	0.00113	0.00040	0.00141	0.00100	0.00092	0.00185
18	0.00312	0.41908	0.37618	0.00299	0.02072	0.02541	0.01718	0.04007	0.00287	0.01137	0.00266	0.02274	0.03707	0.00135	0.00112	0.00036	0.01233	0.00099	0.00064	0.00176

[dist]
# distance from previous block
# <min> <max>
2	5

[block]
# block no. 3 follows, 248 sequences, length 9
# corresponding to MSA columns:
# 762,763,778,779,781,784-787
name=unknown_D
#
# <colnr> <probs for GDERKNQSTAVLIFYWHMCP>
#	G	D	E	R	K	N	Q	S	T	A	V	L	I	F	Y	W	H	M	C	P
0	0.00171	0.00137	0.00155	0.00153	0.00190	0.00123	0.00114	0.00225	0.03887	0.00410	0.30849	0.08545	0.51677	0.00325	0.02411	0.00048	0.00073	0.00262	0.00127	0.00117
1	0.16444	0.00208	0.01831	0.11504	0.03486	0.00223	0.03868	0.04349	0.04492	0.00403	0.02435	0.21796	0.03764	0.15984	0.03116	0.00064	0.05620	0.00189	0.00091	0.00132
2	0.03776	0.02646	0.00315	0.00247	0.00311	0.02166	0.02406	0.02559	0.00247	0.00378	0.00231	0.00316	0.00206	0.01729	0.11413	0.04646	0.25680	0.00100	0.00070	0.40560
3	0.70431	0.04424	0.00247	0.02227	0.00290	0.00306	0.00164	0.12490	0.00286	0.04358	0.03610	0.00264	0.00200	0.00132	0.00093	0.00040	0.00108	0.00086	0.00091	0.00155
4	0.00354	0.55929	0.06340	0.00288	0.03033	0.07263	0.06468	0.05515	0.12952	0.00384	0.00247	0.00270	0.00204	0.00125	0.00103	0.00033	0.00150	0.00092	0.00072	0.00177
5	0.83089	0.00253	0.00207	0.00179	0.00264	0.00284	0.00147	0.03510	0.00244	0.04217	0.00202	0.00228	0.00154	0.00122	0.00085	0.00039	0.00102	0.00075	0.00085	0.06514
6	0.11833	0.06548	0.00282	0.00217	0.00287	0.05987	0.02828	0.11020	0.02462	0.20311	0.03180	0.06177	0.06121	0.01578	0.01005	0.02235	0.00115	0.03301	0.14352	0.00161
7	0.00277	0.00196	0.00238	0.00214	0.00259	0.00207	0.00165	0.18892	0.05212	0.05800	0.30010	0.13157	0.04117	0.05414	0.08257	0.00063	0.04399	0.02852	0.00123	0.00147
8	0.00281	0.00275	0.00318	0.00281	0.00306	0.14693	0.04316	0.01828	0.00241	0.00314	0.00310	0.00429	0.06478	0.05179	0.18371	0.10921	0.35134	0.00130	0.00068	0.00126

[dist]
# distance from previous block
# <min> <max>
1	29

[block]
# block no. 4 follows, 248 sequences, length 14
# corresponding to MSA columns:
# 832-845
name=unknown_E
#
# <colnr> <probs for GDERKNQSTAVLIFYWHMCP>
#	G	D	E	R	K	N	Q	S	T	A	V	L	I	F	Y	W	H	M	C	P
0	0.00289	0.01989	0.18193	0.02209	0.11605	0.05157	0.01319	0.04897	0.12976	0.00422	0.06486	0.01768	0.07568	0.00205	0.02606	0.00048	0.20300	0.00138	0.01656	0.00168
1	0.02450	0.00130	0.00145	0.00144	0.00149	0.00131	0.00083	0.00205	0.00197	0.01792	0.00412	0.02356	0.00464	0.86533	0.00611	0.00118	0.00122	0.00186	0.03686	0.00085
2	0.00271	0.00255	0.00393	0.77928	0.03722	0.02954	0.01615	0.04036	0.06842	0.00370	0.00255	0.00352	0.00192	0.00134	0.00130	0.00043	0.00169	0.00118	0.00066	0.00154
3	0.00185	0.00130	0.00179	0.00194	0.00213	0.00134	0.00144	0.00222	0.00246	0.01750	0.03031	0.39613	0.02665	0.03173	0.33239	0.00109	0.00177	0.11208	0.03274	0.00113
4	0.00199	0.00139	0.00171	0.00164	0.00201	0.00126	0.00124	0.00255	0.01978	0.05338	0.55268	0.05759	0.26452	0.00286	0.00154	0.00043	0.00068	0.03013	0.00136	0.00125
5	0.00183	0.00132	0.00168	0.00160	0.00190	0.00121	0.00119	0.00239	0.00352	0.00495	0.79608	0.04006	0.08103	0.03017	0.00167	0.00044	0.00064	0.00239	0.02473	0.00120
6	0.00191	0.00126	0.00145	0.00145	0.00145	0.00127	0.00082	0.00190	0.00189	0.00253	0.00401	0.00825	0.00459	0.89168	0.03016	0.04066	0.00131	0.00185	0.00078	0.00079
7	0.00271	0.00246	0.00406	0.70822	0.04413	0.00303	0.03599	0.00348	0.00260	0.04354	0.00237	0.00342	0.00182	0.00144	0.00173	0.00045	0.13525	0.00117	0.00063	0.00151
8	0.00270	0.00231	0.00270	0.00193	0.00309	0.00174	0.00154	0.00328	0.00270	0.00424	0.00231	0.00270	0.00193	0.00096	0.00096	0.00019	0.00096	0.00077	0.00077	0.96220
9	0.00206	0.00162	0.03819	0.00163	0.00177	0.00906	0.00108	0.02499	0.02093	0.00288	0.01277	0.00796	0.01273	0.80157	0.02551	0.00116	0.01172	0.00940	0.01204	0.00093
10	0.00226	0.00193	0.02670	0.06049	0.13082	0.01149	0.01243	0.01441	0.02585	0.03715	0.18607	0.17804	0.22388	0.00859	0.00152	0.00045	0.00100	0.05754	0.00112	0.01828
11	0.39448	0.30306	0.08422	0.00234	0.00335	0.04227	0.01323	0.11095	0.01468	0.00492	0.00207	0.00235	0.00166	0.00125	0.00099	0.00036	0.01464	0.00081	0.00076	0.00164
12	0.00272	0.00651	0.88139	0.00374	0.00561	0.00307	0.03421	0.04041	0.00289	0.00428	0.00238	0.00279	0.00168	0.00125	0.00125	0.00041	0.00191	0.00099	0.00058	0.00193
13	0.00189	0.00144	0.00165	0.00158	0.00198	0.00131	0.00119	0.02136	0.03825	0.02611	0.38682	0.05471	0.45107	0.00295	0.00153	0.00043	0.00069	0.00252	0.00131	0.00123

[dist]
# distance from previous block
# <min> <max>
0	2

[block]
# block no. 5 follows, 248 sequences, length 7
# corresponding to MSA columns:
# 848-853,859
name=unknown_F
#
# <colnr> <probs for GDERKNQSTAVLIFYWHMCP>
#	G	D	E	R	K	N	Q	S	T	A	V	L	I	F	Y	W	H	M	C	P
0	0.00165	0.00123	0.00153	0.00172	0.00192	0.00113	0.00123	0.00195	0.00268	0.00346	0.04040	0.52549	0.25294	0.05271	0.00190	0.00055	0.00080	0.10444	0.00119	0.00108
1	0.00228	0.00238	0.08611	0.06659	0.00327	0.04212	0.05544	0.02252	0.10336	0.00429	0.25501	0.14602	0.15778	0.02791	0.00161	0.00046	0.00109	0.01925	0.00112	0.00140
2	0.76259	0.00241	0.00208	0.00180	0.00262	0.00267	0.00148	0.00416	0.00253	0.15507	0.05042	0.00287	0.00225	0.00135	0.00092	0.00040	0.00100	0.00088	0.00097	0.00153
3	0.00291	0.00291	0.03899	0.21466	0.41717	0.02277	0.05010	0.00393	0.08882	0.00407	0.05059	0.00406	0.01646	0.00152	0.00153	0.02595	0.03458	0.01646	0.00074	0.00176
4	0.00170	0.00137	0.00152	0.00149	0.00188	0.00122	0.00111	0.00223	0.03869	0.00409	0.28985	0.06511	0.57892	0.00309	0.00154	0.00044	0.00067	0.00264	0.00128	0.00117
5	0.00322	0.02822	0.01497	0.08506	0.47483	0.04255	0.02573	0.09601	0.03092	0.01963	0.01679	0.03508	0.03294	0.03472	0.00165	0.03038	0.01402	0.01068	0.00079	0.00180
6	0.11919	0.02804	0.03715	0.03871	0.04855	0.04971	0.04597	0.49149	0.01490	0.02345	0.00290	0.00330	0.00220	0.00188	0.04737	0.00048	0.01398	0.01590	0.01292	0.00191

[dist]
# distance from previous block
# <min> <max>
0	1

[block]
# block no. 6 follows, 248 sequences, length 7
# corresponding to MSA columns:
# 861,862,866,868,872-874
name=unknown_G
#
# <colnr> <probs for GDERKNQSTAVLIFYWHMCP>
#	G	D	E	R	K	N	Q	S	T	A	V	L	I	F	Y	W	H	M	C	P
0	0.00377	0.00255	0.00284	0.00233	0.00304	0.05271	0.04870	0.30572	0.02840	0.11570	0.06778	0.00457	0.00351	0.00164	0.00120	0.00037	0.00113	0.01942	0.33291	0.00172
1	0.03286	0.11951	0.00384	0.00293	0.04479	0.07158	0.00230	0.35458	0.26997	0.03011	0.01826	0.00380	0.00288	0.00158	0.00123	0.00039	0.00133	0.01964	0.01643	0.00197
2	0.04502	0.01529	0.19721	0.05773	0.12448	0.01181	0.12864	0.04641	0.03658	0.04748	0.01586	0.01891	0.01479	0.01949	0.00140	0.00039	0.02219	0.00117	0.00078	0.19436
3	0.00316	0.21785	0.32332	0.08557	0.03812	0.03080	0.02763	0.07423	0.05206	0.03538	0.04390	0.00339	0.01462	0.01336	0.00135	0.00040	0.03123	0.00109	0.00075	0.00178
4	0.78950	0.00264	0.02953	0.02631	0.00288	0.00292	0.00167	0.03416	0.00242	0.04527	0.00206	0.00239	0.00158	0.00147	0.02283	0.00045	0.02883	0.00079	0.00083	0.00148
5	0.00166	0.00130	0.00150	0.00153	0.00187	0.00115	0.00114	0.00207	0.00311	0.00401	0.28643	0.14162	0.50214	0.00323	0.00157	0.00045	0.00068	0.04213	0.00127	0.00114
6	0.00274	0.00261	0.00404	0.24773	0.16393	0.03243	0.09844	0.01547	0.04223	0.00367	0.01809	0.03817	0.02214	0.02547	0.06523	0.02527	0.17656	0.00137	0.01287	0.00153

[dist]
# distance from previous block
# <min> <max>
1	26

[block]
# block no. 7 follows, 248 sequences, length 13
# corresponding to MSA columns:
# 901,902,906,908,909,915-922
name=unknown_H
#
# <colnr> <probs for GDERKNQSTAVLIFYWHMCP>
#	G	D	E	R	K	N	Q	S	T	A	V	L	I	F	Y	W	H	M	C	P
0	0.04581	0.02500	0.09747	0.11517	0.01613	0.00354	0.00272	0.38157	0.23102	0.01758	0.00334	0.00348	0.00246	0.00155	0.00141	0.00042	0.04710	0.00119	0.00107	0.00197
1	0.00190	0.00143	0.00181	0.00191	0.00217	0.00143	0.00142	0.00265	0.10310	0.00397	0.18248	0.40450	0.07070	0.00398	0.09578	0.00065	0.00107	0.09932	0.01849	0.00123
2	0.41359	0.18898	0.10982	0.01435	0.00341	0.03285	0.00223	0.10777	0.03638	0.00505	0.00217	0.00249	0.00172	0.00138	0.00947	0.00040	0.04835	0.00085	0.00078	0.01796
3	0.00201	0.00145	0.00182	0.00210	0.09538	0.00145	0.00114	0.00211	0.00204	0.00274	0.00414	0.02802	0.02011	0.80000	0.02943	0.00117	0.00133	0.00186	0.00079	0.00094
4	0.00191	0.00134	0.00151	0.00150	0.00159	0.00134	0.00091	0.00211	0.03774	0.00278	0.00508	0.00877	0.09824	0.76921	0.04187	0.00117	0.00128	0.01991	0.00086	0.00089
5	0.00331	0.56659	0.12708	0.00255	0.00361	0.04784	0.01610	0.07524	0.01590	0.00368	0.00274	0.09706	0.01582	0.00153	0.00110	0.00034	0.01601	0.00113	0.00070	0.00167
6	0.00337	0.72043	0.07934	0.00233	0.00341	0.02765	0.00234	0.02548	0.00289	0.02404	0.09577	0.00298	0.00277	0.00130	0.00097	0.00031	0.00137	0.00091	0.00069	0.00167
7	0.00164	0.00134	0.00146	0.00151	0.00191	0.00116	0.00117	0.00202	0.00300	0.00367	0.06936	0.04592	0.72259	0.00333	0.00158	0.00046	0.00074	0.13480	0.00122	0.00112
8	0.00207	0.00160	0.00217	0.10256	0.02483	0.00175	0.00163	0.01055	0.04054	0.00336	0.09079	0.17837	0.06019	0.21342	0.12248	0.06739	0.06374	0.01052	0.00091	0.00114
9	0.00208	0.00158	0.00175	0.00161	0.00208	0.00145	0.00123	0.09560	0.00352	0.02829	0.29530	0.01054	0.54441	0.00289	0.00151	0.00042	0.00073	0.00244	0.00130	0.00128
10	0.00284	0.01932	0.02625	0.01753	0.02386	0.01112	0.01111	0.02995	0.02785	0.01192	0.00248	0.01167	0.00205	0.00106	0.00102	0.00023	0.00106	0.00086	0.00079	0.79704
11	0.04566	0.00257	0.03744	0.04726	0.07511	0.00230	0.11212	0.05240	0.02393	0.14681	0.01651	0.03950	0.01667	0.03498	0.03914	0.00046	0.01258	0.02285	0.01748	0.25423
12	0.02982	0.23815	0.23525	0.02323	0.04511	0.03348	0.04004	0.08224	0.04583	0.03910	0.01516	0.00873	0.02214	0.00153	0.01950	0.00040	0.02936	0.00783	0.00076	0.08233

[dist]
# distance from previous block
# <min> <max>
1	3

[block]
# block no. 8 follows, 248 sequences, length 6
# corresponding to MSA columns:
# 926-928,933-935
name=unknown_I
#
# <colnr> <probs for GDERKNQSTAVLIFYWHMCP>
#	G	D	E	R	K	N	Q	S	T	A	V	L	I	F	Y	W	H	M	C	P
0	0.00269	0.05987	0.00422	0.05985	0.08140	0.00241	0.23573	0.00331	0.00266	0.00375	0.00285	0.00439	0.00260	0.14657	0.02283	0.02163	0.00150	0.03783	0.00072	0.30317
1	0.00309	0.15703	0.19377	0.00331	0.02735	0.02823	0.15658	0.06384	0.07485	0.02944	0.00345	0.02760	0.06249	0.01556	0.01652	0.00044	0.08011	0.00128	0.00079	0.05427
2	0.15902	0.07585	0.02304	0.02490	0.01509	0.09481	0.02357	0.02624	0.00274	0.00422	0.00249	0.00311	0.02053	0.02426	0.01621	0.00036	0.06685	0.01280	0.00075	0.40316
3	0.01786	0.00274	0.00306	0.03134	0.00343	0.02820	0.00205	0.38301	0.10851	0.15536	0.01953	0.05987	0.00318	0.00214	0.02659	0.05843	0.01680	0.00139	0.07468	0.00184
4	0.02292	0.01570	0.09062	0.15842	0.15698	0.01908	0.02313	0.03230	0.10389	0.10205	0.06864	0.00437	0.00323	0.01314	0.08099	0.00057	0.04477	0.01532	0.04217	0.00171
5	0.00202	0.00149	0.00163	0.00163	0.00173	0.04202	0.00105	0.00212	0.00210	0.00277	0.00445	0.03517	0.05979	0.60268	0.16210	0.04646	0.00160	0.00181	0.02647	0.00091

[dist]
# distance from previous block
# <min> <max>
4	49

[block]
# block no. 9 follows, 248 sequences, length 7
# corresponding to MSA columns:
# 986-988,997-1000
name=unknown_J
#
# <colnr> <probs for GDERKNQSTAVLIFYWHMCP>
#	G	D	E	R	K	N	Q	S	T	A	V	L	I	F	Y	W	H	M	C	P
0	0.02651	0.00208	0.05257	0.04127	0.02682	0.00186	0.00183	0.05253	0.04657	0.19127	0.29757	0.16208	0.04273	0.00237	0.00146	0.00043	0.01462	0.00203	0.03184	0.00155
1	0.00221	0.00135	0.00194	0.00190	0.00195	0.00148	0.00135	0.00198	0.00185	0.00254	0.00278	0.00495	0.00284	0.10963	0.14517	0.59219	0.08465	0.03782	0.00063	0.00078
2	0.00204	0.00156	0.02399	0.00169	0.00199	0.00143	0.00124	0.01746	0.04722	0.02889	0.30499	0.04919	0.15929	0.30777	0.02837	0.00074	0.00100	0.01885	0.00113	0.00115
3	0.00243	0.00134	0.00194	0.04086	0.00217	0.00135	0.00133	0.00195	0.00189	0.00255	0.00260	0.00445	0.00257	0.04544	0.05464	0.82849	0.00135	0.00124	0.00065	0.00075
4	0.02724	0.02739	0.18589	0.02655	0.08903	0.05909	0.06637	0.01409	0.02755	0.03775	0.12536	0.14875	0.03767	0.01958	0.01769	0.00048	0.04874	0.03829	0.00092	0.00155
5	0.00287	0.02371	0.02687	0.00227	0.00292	0.02033	0.02479	0.10565	0.05878	0.06613	0.03586	0.03389	0.01628	0.02651	0.26852	0.09141	0.00183	0.00132	0.00090	0.18915
6	0.06835	0.17210	0.36489	0.00319	0.01721	0.03222	0.08159	0.05476	0.00299	0.08302	0.00272	0.02839	0.00217	0.01308	0.00130	0.00040	0.01880	0.01740	0.00075	0.03468

[dist]
# distance from previous block
# <min> <max>
1	44

[block]
# block no. 10 follows, 248 sequences, length 31
# corresponding to MSA columns:
# 1049-1055,1057-1080
name=unknown_K
#
# <colnr> <probs for GDERKNQSTAVLIFYWHMCP>
#	G	D	E	R	K	N	Q	S	T	A	V	L	I	F	Y	W	H	M	C	P
0	0.05555	0.08305	0.16610	0.01479	0.00393	0.09965	0.04945	0.02588	0.07022	0.05016	0.01621	0.03619	0.01769	0.00809	0.00218	0.00045	0.29060	0.00121	0.00076	0.00783
1	0.00857	0.35888	0.14805	0.21031	0.07838	0.02291	0.01345	0.01042	0.01095	0.02177	0.01962	0.01547	0.00212	0.00158	0.03477	0.00042	0.00702	0.00101	0.00064	0.03366
2	0.00190	0.00131	0.00179	0.00199	0.00217	0.00127	0.01205	0.00227	0.01321	0.02992	0.02473	0.57008	0.00764	0.05992	0.04363	0.00065	0.00103	0.21227	0.01104	0.00113
3	0.00206	0.02813	0.00212	0.01463	0.00225	0.00168	0.00146	0.00244	0.01571	0.02479	0.01098	0.01438	0.01229	0.24262	0.57864	0.01786	0.01088	0.00152	0.00076	0.01481
4	0.00186	0.00136	0.00174	0.00189	0.00213	0.00132	0.00147	0.00223	0.00266	0.00345	0.02386	0.12220	0.21080	0.15121	0.08998	0.01883	0.00124	0.35958	0.00108	0.00108
5	0.01478	0.80322	0.09380	0.00244	0.00362	0.01914	0.01405	0.03020	0.00277	0.00335	0.00191	0.00220	0.00168	0.00114	0.00090	0.00030	0.00146	0.00075	0.00058	0.00170
6	0.00284	0.00991	0.04199	0.07129	0.15406	0.05786	0.08597	0.03046	0.08591	0.04859	0.15353	0.03851	0.14654	0.00193	0.00141	0.00041	0.01209	0.00170	0.00789	0.04710
7	0.52244	0.11403	0.03780	0.02003	0.02985	0.11117	0.00203	0.03002	0.00263	0.03950	0.00203	0.00239	0.00162	0.00133	0.00120	0.00039	0.07841	0.00082	0.00077	0.00154
8	0.01658	0.13909	0.69470	0.00347	0.00515	0.02273	0.03890	0.02151	0.00283	0.02204	0.00236	0.01071	0.00176	0.00126	0.00122	0.00039	0.01184	0.00098	0.00060	0.00186
9	0.00281	0.04710	0.18534	0.05952	0.06547	0.00766	0.05037	0.06529	0.09231	0.02246	0.05755	0.02899	0.07612	0.00183	0.00146	0.04294	0.00133	0.04641	0.00089	0.14413
10	0.00175	0.00132	0.00149	0.00146	0.00184	0.00116	0.00109	0.00219	0.00318	0.01696	0.31427	0.04438	0.53720	0.00300	0.00151	0.00043	0.00066	0.00985	0.05512	0.00116
11	0.00245	0.00230	0.00375	0.82525	0.04108	0.01583	0.00341	0.00325	0.00262	0.00336	0.00272	0.08327	0.00232	0.00153	0.00133	0.00044	0.00166	0.00137	0.00064	0.00144
12	0.00187	0.00126	0.00147	0.00148	0.00156	0.00123	0.00091	0.00198	0.00223	0.00301	0.11001	0.07707	0.05754	0.67008	0.00518	0.02203	0.00110	0.01603	0.02307	0.00089
13	0.00274	0.00241	0.00400	0.75834	0.02949	0.00286	0.05403	0.01892	0.03814	0.04960	0.00267	0.00369	0.00200	0.00135	0.00131	0.00043	0.00167	0.01025	0.01454	0.00154
14	0.00265	0.00190	0.00225	0.00213	0.00253	0.00168	0.00155	0.00303	0.00404	0.02623	0.73721	0.01098	0.16752	0.00320	0.00185	0.00055	0.00091	0.01069	0.01747	0.00162
15	0.00896	0.02409	0.43967	0.00275	0.00391	0.00239	0.01313	0.02487	0.07564	0.02240	0.19724	0.03110	0.13010	0.00197	0.00136	0.00042	0.00134	0.01610	0.00095	0.00165
16	0.07593	0.25517	0.11737	0.04057	0.01931	0.03959	0.04884	0.16405	0.07049	0.13575	0.00292	0.00312	0.00219	0.00615	0.00119	0.00038	0.00839	0.00579	0.00092	0.00186
17	0.00825	0.15078	0.66275	0.00327	0.00485	0.01821	0.01192	0.01146	0.00278	0.00394	0.01709	0.02422	0.05265	0.00144	0.00127	0.00040	0.02122	0.00111	0.00062	0.00179
18	0.00693	0.01011	0.27894	0.00336	0.06809	0.00772	0.08123	0.07130	0.12102	0.02888	0.12902	0.03470	0.06053	0.00810	0.00158	0.00044	0.05809	0.02727	0.00094	0.00173
19	0.00200	0.00123	0.00154	0.00154	0.00155	0.00124	0.00094	0.00186	0.00184	0.00247	0.00350	0.00693	0.00389	0.60991	0.05762	0.29750	0.00134	0.00163	0.00071	0.00074
20	0.00259	0.05626	0.03458	0.01321	0.01764	0.05016	0.02220	0.01305	0.14536	0.00411	0.21795	0.03657	0.03945	0.06924	0.07128	0.00062	0.16511	0.01163	0.02756	0.00144
21	0.00335	0.68062	0.16883	0.00275	0.03020	0.05194	0.02064	0.00397	0.00272	0.00330	0.00199	0.00240	0.00174	0.01955	0.00106	0.00033	0.00155	0.00080	0.00057	0.00170
22	0.01958	0.06956	0.04364	0.00750	0.01790	0.00272	0.14276	0.04041	0.26940	0.06241	0.09269	0.07541	0.04797	0.02856	0.00154	0.00044	0.01489	0.01552	0.00970	0.03740
23	0.04479	0.03040	0.15744	0.02375	0.02328	0.05683	0.03118	0.26337	0.20744	0.04153	0.00361	0.02151	0.01946	0.02122	0.00939	0.00044	0.02958	0.00714	0.00577	0.00190
24	0.00275	0.00233	0.00277	0.02023	0.02253	0.00189	0.00167	0.03698	0.03271	0.00438	0.02486	0.01525	0.00237	0.00135	0.02757	0.00028	0.00107	0.00092	0.00082	0.79727
25	0.11998	0.06547	0.04635	0.00330	0.12562	0.01532	0.05687	0.11600	0.25200	0.02522	0.06110	0.02035	0.03058	0.01603	0.00133	0.00042	0.00125	0.01697	0.00977	0.01607
26	0.32683	0.01137	0.03156	0.02182	0.05848	0.01819	0.03820	0.04759	0.05295	0.10393	0.02078	0.01974	0.00241	0.00137	0.00111	0.00036	0.01240	0.01517	0.00815	0.20760
27	0.08466	0.01252	0.01915	0.00677	0.04839	0.02246	0.02235	0.03528	0.04613	0.07567	0.01424	0.02618	0.01357	0.01107	0.00116	0.00030	0.00667	0.00824	0.00469	0.54052
28	0.06166	0.03122	0.06103	0.03391	0.18579	0.04799	0.02714	0.12595	0.07367	0.07491	0.03375	0.03808	0.01711	0.00799	0.00126	0.00037	0.00133	0.00794	0.00094	0.16796
29	0.05631	0.02951	0.07053	0.02078	0.06740	0.06891	0.06887	0.11264	0.07428	0.16491	0.08098	0.03039	0.01284	0.01137	0.00132	0.00039	0.00134	0.01155	0.00105	0.11465
30	0.06089	0.04048	0.10890	0.06649	0.08120	0.04590	0.05914	0.02833	0.10889	0.21179	0.01659	0.02800	0.01727	0.00165	0.01427	0.00694	0.00683	0.01283	0.00099	0.08262

[dist]
# distance from previous block
# <min> <max>
2	97

[block]
# block no. 11 follows, 248 sequences, length 8
# corresponding to MSA columns:
# 1196-1203
name=unknown_L
#
# <colnr> <probs for GDERKNQSTAVLIFYWHMCP>
#	G	D	E	R	K	N	Q	S	T	A	V	L	I	F	Y	W	H	M	C	P
0	0.02823	0.06145	0.19893	0.02924	0.12827	0.07439	0.07641	0.05992	0.04722	0.08763	0.08218	0.02640	0.01592	0.01354	0.00138	0.00040	0.01464	0.00128	0.00088	0.05169
1	0.06413	0.05167	0.14803	0.07155	0.16709	0.10690	0.03565	0.05116	0.07847	0.05936	0.03462	0.03652	0.02051	0.00149	0.00126	0.00039	0.01055	0.00122	0.00084	0.05859
2	0.05044	0.01651	0.05002	0.20348	0.30980	0.04638	0.03108	0.05196	0.02635	0.02826	0.02145	0.03363	0.02081	0.00150	0.00144	0.00041	0.05509	0.01103	0.01245	0.02792
3	0.00283	0.05076	0.15650	0.11615	0.29862	0.01417	0.05123	0.01834	0.06206	0.00413	0.03894	0.04236	0.04637	0.00156	0.00134	0.00040	0.01298	0.02239	0.00077	0.05809
4	0.06362	0.00247	0.01403	0.00224	0.00311	0.00236	0.00183	0.18998	0.06904	0.22670	0.08090	0.01935	0.04691	0.00168	0.00128	0.00037	0.01754	0.01484	0.03742	0.20432
5	0.01811	0.00233	0.00270	0.00205	0.00305	0.00199	0.00164	0.05602	0.05909	0.06725	0.02353	0.02415	0.03607	0.00132	0.00116	0.00027	0.02589	0.00106	0.01757	0.65478
6	0.00192	0.00143	0.00211	0.04807	0.00258	0.00163	0.00167	0.00234	0.00215	0.00303	0.00367	0.00591	0.00355	0.08263	0.73237	0.03514	0.00299	0.06494	0.00073	0.00113
7	0.01384	0.00274	0.03324	0.15894	0.08699	0.01298	0.04351	0.15036	0.25365	0.03142	0.05388	0.06701	0.02463	0.00192	0.01305	0.00045	0.00133	0.02637	0.02192	0.00177

[dist]
# distance from previous block
# <min> <max>
7	35

[block]
# block no. 12 follows, 248 sequences, length 6
# corresponding to MSA columns:
# 1286,1287,1294-1297
name=unknown_M
#
# <colnr> <probs for GDERKNQSTAVLIFYWHMCP>
#	G	D	E	R	K	N	Q	S	T	A	V	L	I	F	Y	W	H	M	C	P
0	0.00257	0.00203	0.00224	0.00217	0.02852	0.07635	0.00157	0.02286	0.00291	0.05194	0.09002	0.32530	0.03383	0.00251	0.00150	0.00041	0.05142	0.02105	0.11819	0.16261
1	0.06185	0.01146	0.01666	0.01676	0.01770	0.02278	0.01095	0.06797	0.17880	0.09959	0.08388	0.23153	0.07298	0.01427	0.01266	0.00047	0.00103	0.01747	0.04384	0.01734
2	0.06226	0.01719	0.03066	0.03544	0.02793	0.03131	0.05846	0.27394	0.06758	0.03208	0.06686	0.14633	0.01946	0.03270	0.02403	0.00049	0.02758	0.01229	0.01962	0.01380
3	0.00251	0.05660	0.00226	0.07465	0.00250	0.00162	0.00146	0.00237	0.04230	0.04106	0.00270	0.04488	0.00257	0.00382	0.00409	0.71069	0.00117	0.00124	0.00067	0.00085
4	0.00291	0.00230	0.10708	0.00217	0.00260	0.04052	0.00180	0.06047	0.06016	0.07697	0.00272	0.00380	0.00235	0.00345	0.00374	0.62271	0.00128	0.00114	0.00074	0.00108
5	0.02726	0.17025	0.06021	0.05942	0.09091	0.08123	0.03328	0.08164	0.06628	0.06533	0.03425	0.01605	0.02091	0.05689	0.00178	0.07029	0.00139	0.00122	0.05982	0.00161

[dist]
# distance from previous block
# <min> <max>
0	457

# created by:
# /home/berkeley/.conda/envs/busco_data_prod/bin/msa2prfl.pl pipeline/OGs_align_augustus/2759/10256606.fs
