[name]
unknown

[dist]
# distance from previous block
# <min> <max>
1	323

[block]
# block no. 0 follows, 228 sequences, length 13
# corresponding to MSA columns:
# 1206-1216,1218,1219
name=unknown_A
#
# <colnr> <probs for GDERKNQSTAVLIFYWHMCP>
#	G	D	E	R	K	N	Q	S	T	A	V	L	I	F	Y	W	H	M	C	P
0	0.03409	0.03230	0.06922	0.04415	0.06544	0.04341	0.01209	0.07375	0.22702	0.11343	0.06498	0.04886	0.03117	0.00882	0.03557	0.00052	0.04909	0.00866	0.02833	0.00910
1	0.01937	0.05594	0.03150	0.02007	0.05693	0.01956	0.02747	0.18782	0.36183	0.02737	0.03856	0.00483	0.03606	0.02344	0.00169	0.04164	0.00133	0.00146	0.00927	0.03386
2	0.00203	0.00136	0.00155	0.00156	0.00158	0.00135	0.00089	0.00206	0.00214	0.00286	0.03352	0.05629	0.00558	0.87397	0.00672	0.00130	0.00131	0.00216	0.00090	0.00088
3	0.01491	0.02557	0.02619	0.05988	0.11372	0.15216	0.04484	0.08635	0.00994	0.02286	0.00257	0.02876	0.00229	0.02996	0.00278	0.00052	0.36438	0.00129	0.00077	0.01026
4	0.00312	0.00254	0.00297	0.00213	0.00337	0.00195	0.00171	0.02911	0.00306	0.04105	0.00264	0.00300	0.00215	0.00109	0.00107	0.00022	0.00106	0.00087	0.00088	0.89602
5	0.01636	0.05480	0.35518	0.09652	0.13243	0.00324	0.07158	0.03373	0.06915	0.07816	0.02885	0.03123	0.00280	0.00156	0.00141	0.00045	0.00895	0.01076	0.00085	0.00200
6	0.00209	0.00148	0.00195	0.00201	0.00215	0.00158	0.00145	0.00237	0.00236	0.00320	0.00483	0.03400	0.00523	0.43534	0.28056	0.01618	0.01976	0.18149	0.00091	0.00107
7	0.00409	0.00308	0.00333	0.00281	0.00367	0.00344	0.00224	0.29646	0.48798	0.05998	0.07017	0.00501	0.00425	0.00189	0.00142	0.00045	0.00120	0.00153	0.04480	0.00218
8	0.00266	0.00233	0.00326	0.00293	0.00310	0.00304	0.00238	0.04308	0.00241	0.00359	0.00289	0.00436	0.00273	0.02379	0.43021	0.00136	0.44191	0.00137	0.02115	0.00143
9	0.00373	0.00327	0.00569	0.00412	0.00539	0.00303	0.44502	0.10209	0.00359	0.10545	0.00306	0.00359	0.00228	0.00130	0.00152	0.00039	0.03090	0.00135	0.00093	0.27330
10	0.00198	0.00148	0.00168	0.00167	0.00207	0.00132	0.00123	0.01479	0.01540	0.03316	0.20460	0.15545	0.51368	0.02222	0.00177	0.00050	0.00077	0.01370	0.01126	0.00127
11	0.00204	0.00138	0.00162	0.00162	0.00165	0.00141	0.00096	0.00210	0.00207	0.00279	0.00435	0.00876	0.00492	0.83722	0.12023	0.00147	0.00165	0.00198	0.00084	0.00090
12	0.84831	0.02296	0.05557	0.00205	0.00299	0.04061	0.00180	0.00421	0.00250	0.00603	0.00200	0.00233	0.00156	0.00131	0.00091	0.00043	0.00121	0.00078	0.00084	0.00157

[dist]
# distance from previous block
# <min> <max>
0	1

[block]
# block no. 1 follows, 228 sequences, length 26
# corresponding to MSA columns:
# 1221,1245-1251,1331-1334,1350-1355,1358-1365
name=unknown_B
#
# <colnr> <probs for GDERKNQSTAVLIFYWHMCP>
#	G	D	E	R	K	N	Q	S	T	A	V	L	I	F	Y	W	H	M	C	P
0	0.04176	0.30904	0.27786	0.00336	0.02196	0.11255	0.04762	0.08656	0.01218	0.05496	0.00260	0.01080	0.00204	0.00139	0.00123	0.00039	0.00994	0.00103	0.00078	0.00195
1	0.00286	0.00703	0.87557	0.00415	0.00618	0.00329	0.07264	0.00446	0.00300	0.00446	0.00255	0.00303	0.00181	0.00133	0.00136	0.00045	0.00210	0.00108	0.00060	0.00207
2	0.00340	0.00311	0.02291	0.12323	0.13438	0.07119	0.08729	0.06580	0.21360	0.04818	0.15230	0.02132	0.03655	0.00187	0.00147	0.00045	0.00146	0.00165	0.00795	0.00188
3	0.00239	0.00157	0.00174	0.00163	0.00218	0.00133	0.00125	0.00280	0.00338	0.14588	0.08670	0.03221	0.70533	0.00325	0.00163	0.00047	0.00078	0.00272	0.00139	0.00138
4	0.00215	0.00150	0.00193	0.02132	0.00206	0.00153	0.02528	0.00229	0.00216	0.01322	0.00420	0.00814	0.00461	0.71418	0.16027	0.01739	0.00179	0.00190	0.00083	0.01327
5	0.96049	0.00272	0.00207	0.00185	0.00272	0.00316	0.00152	0.00414	0.00239	0.00631	0.00196	0.00229	0.00152	0.00131	0.00087	0.00044	0.00109	0.00076	0.00087	0.00152
6	0.00201	0.00150	0.00222	0.00222	0.00245	0.00174	0.00170	0.00248	0.00225	0.00323	0.00381	0.00575	0.00361	0.06653	0.88914	0.00221	0.00363	0.00154	0.00076	0.00123
7	0.00343	0.00959	0.05513	0.11004	0.54945	0.03269	0.13797	0.03421	0.01472	0.00454	0.00271	0.01063	0.00221	0.00135	0.00151	0.00044	0.02528	0.00131	0.00072	0.00206
8	0.42752	0.28366	0.02837	0.00250	0.01712	0.15420	0.00215	0.00452	0.02257	0.02656	0.00228	0.00271	0.00189	0.00137	0.00101	0.00039	0.00148	0.01723	0.00080	0.00168
9	0.00176	0.00127	0.00168	0.00196	0.00209	0.00117	0.00133	0.00203	0.00275	0.00369	0.03876	0.88252	0.00925	0.00427	0.00178	0.00056	0.00082	0.01770	0.00130	0.02330
10	0.00347	0.07007	0.12542	0.12464	0.25548	0.06161	0.12872	0.07515	0.02971	0.02045	0.04434	0.00925	0.01099	0.00163	0.01715	0.00046	0.01738	0.00133	0.00081	0.00195
11	0.00173	0.00142	0.00153	0.00151	0.00195	0.00122	0.00113	0.00216	0.00336	0.00419	0.21428	0.03511	0.71865	0.00343	0.00167	0.00047	0.00070	0.00290	0.00136	0.00122
12	0.00368	0.16207	0.05529	0.05561	0.10740	0.13190	0.21032	0.05200	0.01629	0.04881	0.01715	0.07081	0.01238	0.00546	0.00705	0.00044	0.03003	0.01061	0.00084	0.00183
13	0.00176	0.00127	0.00166	0.00191	0.00204	0.00119	0.00130	0.00205	0.00283	0.00377	0.09425	0.74586	0.06754	0.03403	0.01374	0.00060	0.00086	0.02086	0.00131	0.00116
14	0.00261	0.02470	0.00335	0.28461	0.06179	0.01949	0.02438	0.00903	0.03569	0.02386	0.00356	0.05480	0.00327	0.09000	0.31457	0.00962	0.02278	0.00156	0.00887	0.00147
15	0.00203	0.00144	0.00190	0.00193	0.00206	0.00155	0.00135	0.00231	0.00226	0.00313	0.01116	0.05218	0.01530	0.42347	0.41589	0.00166	0.00842	0.03878	0.01211	0.00108
16	0.02799	0.01749	0.00338	0.03096	0.00375	0.04553	0.00224	0.21098	0.16445	0.29372	0.03075	0.03565	0.06539	0.00199	0.00159	0.00045	0.05038	0.00157	0.00967	0.00207
17	0.00568	0.00272	0.00337	0.00262	0.00365	0.00262	0.00214	0.24134	0.02567	0.60626	0.01948	0.00460	0.00339	0.01754	0.00149	0.00044	0.00125	0.00140	0.04094	0.01339
18	0.43799	0.04572	0.00298	0.02188	0.00321	0.03140	0.00199	0.07515	0.01378	0.08652	0.00271	0.00315	0.00212	0.00193	0.03694	0.00051	0.14670	0.00103	0.08261	0.00166
19	0.00446	0.29470	0.00513	0.04751	0.03271	0.16842	0.01247	0.31124	0.03736	0.02334	0.00279	0.01122	0.00222	0.00156	0.00713	0.00039	0.02155	0.00108	0.00095	0.01376
20	0.00185	0.00129	0.00171	0.00201	0.00212	0.00122	0.00139	0.00213	0.00273	0.01549	0.00751	0.78645	0.00887	0.05762	0.00211	0.00062	0.00090	0.10154	0.00128	0.00116
21	0.00371	0.04299	0.01816	0.22472	0.12631	0.05347	0.03566	0.16023	0.08258	0.08405	0.02201	0.05090	0.01411	0.01142	0.03066	0.00051	0.01832	0.00618	0.01213	0.00190
22	0.00310	0.00273	0.00342	0.00991	0.00372	0.02366	0.09813	0.03907	0.28252	0.00502	0.04515	0.03563	0.03568	0.01303	0.00962	0.00042	0.02140	0.03858	0.03258	0.29661
23	0.01904	0.00263	0.00267	0.01132	0.00295	0.17561	0.01944	0.03565	0.00285	0.00366	0.00422	0.16591	0.00850	0.09142	0.35549	0.00122	0.04430	0.02615	0.02563	0.00134
24	0.00212	0.00147	0.00181	0.00195	0.00212	0.00137	0.00132	0.00236	0.00291	0.01784	0.12641	0.46444	0.06899	0.22061	0.01466	0.00078	0.00104	0.04131	0.02526	0.00123
25	0.10054	0.12915	0.10468	0.08718	0.13583	0.12895	0.05262	0.11995	0.02100	0.03949	0.01568	0.00335	0.00230	0.00151	0.00142	0.00043	0.03642	0.00115	0.01639	0.00195

[dist]
# distance from previous block
# <min> <max>
0	2

[block]
# block no. 2 follows, 228 sequences, length 6
# corresponding to MSA columns:
# 1371-1376
name=unknown_C
#
# <colnr> <probs for GDERKNQSTAVLIFYWHMCP>
#	G	D	E	R	K	N	Q	S	T	A	V	L	I	F	Y	W	H	M	C	P
0	0.00362	0.00258	0.00331	0.00321	0.03154	0.00272	0.00232	0.06841	0.00328	0.04707	0.00453	0.00658	0.00419	0.09797	0.51433	0.09049	0.08664	0.00180	0.02355	0.00186
1	0.03896	0.14674	0.07092	0.00316	0.04919	0.02613	0.00262	0.27822	0.20222	0.08083	0.00404	0.04688	0.02157	0.00178	0.00139	0.00043	0.02027	0.00138	0.00117	0.00209
2	0.06175	0.09018	0.20191	0.04629	0.17078	0.01687	0.04939	0.16893	0.00372	0.10525	0.00314	0.01651	0.00245	0.01458	0.00148	0.00045	0.02042	0.02292	0.00093	0.00204
3	0.00337	0.01881	0.06997	0.07006	0.52268	0.00316	0.08944	0.00446	0.06262	0.04485	0.03117	0.00427	0.02290	0.00146	0.00142	0.00043	0.00164	0.01765	0.00083	0.02880
4	0.00225	0.01558	0.01997	0.00218	0.04496	0.00159	0.00154	0.00268	0.00310	0.04126	0.28073	0.14292	0.14704	0.17271	0.03310	0.01406	0.01754	0.03337	0.00121	0.02219
5	0.01885	0.14068	0.04136	0.02583	0.19569	0.11749	0.03754	0.03767	0.07733	0.04143	0.01584	0.05358	0.01769	0.00155	0.00128	0.00038	0.00154	0.00129	0.00089	0.17209

[dist]
# distance from previous block
# <min> <max>
3	22

[block]
# block no. 3 follows, 228 sequences, length 7
# corresponding to MSA columns:
# 1430-1436
name=unknown_D
#
# <colnr> <probs for GDERKNQSTAVLIFYWHMCP>
#	G	D	E	R	K	N	Q	S	T	A	V	L	I	F	Y	W	H	M	C	P
0	0.04308	0.61474	0.09738	0.00279	0.00400	0.13935	0.02682	0.00441	0.00303	0.00366	0.00209	0.00244	0.00181	0.00125	0.00102	0.00033	0.00169	0.00083	0.00064	0.04864
1	0.00214	0.00165	0.00186	0.00177	0.00220	0.02954	0.00132	0.00264	0.00354	0.03667	0.43209	0.11381	0.31681	0.00311	0.00163	0.00045	0.00079	0.00268	0.00139	0.04391
2	0.02905	0.03416	0.38902	0.02682	0.08513	0.02834	0.01557	0.01764	0.00306	0.01757	0.05605	0.12245	0.07099	0.03240	0.00170	0.00049	0.02696	0.02440	0.00087	0.01734
3	0.16732	0.06711	0.19398	0.04728	0.17607	0.02363	0.03924	0.09104	0.01904	0.06467	0.01301	0.00325	0.00221	0.00140	0.00130	0.00041	0.01704	0.00111	0.01133	0.05957
4	0.00313	0.00268	0.03002	0.01791	0.25370	0.01652	0.00254	0.02567	0.18649	0.06729	0.09009	0.06160	0.13924	0.02110	0.00159	0.00046	0.00123	0.02198	0.00115	0.05561
5	0.00177	0.00134	0.00163	0.00181	0.00205	0.00122	0.00130	0.00211	0.00297	0.00383	0.07732	0.47313	0.30724	0.03663	0.00194	0.00056	0.00083	0.07983	0.00131	0.00117
6	0.02266	0.01573	0.08446	0.17938	0.13119	0.02860	0.02319	0.06462	0.06079	0.09637	0.03227	0.06309	0.02302	0.01423	0.11107	0.00067	0.01213	0.01355	0.02117	0.00179

[dist]
# distance from previous block
# <min> <max>
7	25

[block]
# block no. 4 follows, 228 sequences, length 11
# corresponding to MSA columns:
# 1503-1508,1510-1514
name=unknown_E
#
# <colnr> <probs for GDERKNQSTAVLIFYWHMCP>
#	G	D	E	R	K	N	Q	S	T	A	V	L	I	F	Y	W	H	M	C	P
0	0.05141	0.12180	0.10498	0.05271	0.10276	0.02115	0.08089	0.07356	0.22230	0.04241	0.01407	0.02681	0.01592	0.00739	0.01122	0.00046	0.01117	0.00137	0.03568	0.00196
1	0.01365	0.16682	0.00490	0.00426	0.19521	0.30163	0.02085	0.13452	0.03011	0.06127	0.00285	0.00317	0.01254	0.00145	0.00132	0.00038	0.01637	0.00109	0.00088	0.02671
2	0.01145	0.00332	0.16044	0.05980	0.03631	0.02513	0.03917	0.09101	0.12906	0.06090	0.01436	0.17033	0.06221	0.01874	0.01831	0.01219	0.01407	0.01341	0.00108	0.05873
3	0.02375	0.31358	0.10351	0.01359	0.07166	0.05284	0.02029	0.14279	0.03179	0.08647	0.01289	0.05850	0.00272	0.00157	0.00123	0.00038	0.00153	0.00122	0.00093	0.05875
4	0.01511	0.32975	0.17137	0.03056	0.09322	0.01529	0.04159	0.07068	0.06094	0.04470	0.04635	0.00384	0.02461	0.00172	0.02169	0.00044	0.01480	0.01058	0.00085	0.00192
5	0.00209	0.00142	0.00167	0.00164	0.00172	0.00141	0.00099	0.00214	0.00211	0.00286	0.00428	0.02928	0.00483	0.77041	0.08098	0.04259	0.00152	0.00196	0.00084	0.04525
6	0.00307	0.07187	0.12616	0.03942	0.06963	0.06007	0.01458	0.08213	0.06549	0.04378	0.07856	0.16771	0.11675	0.00250	0.01313	0.00048	0.01040	0.02034	0.01220	0.00170
7	0.01647	0.10364	0.12508	0.02568	0.10327	0.04799	0.04001	0.19971	0.05385	0.16336	0.02154	0.01489	0.03091	0.00182	0.01464	0.00045	0.00159	0.02589	0.00714	0.00206
8	0.00344	0.03350	0.02957	0.15356	0.06421	0.01944	0.04970	0.08567	0.08637	0.14158	0.03861	0.13658	0.07183	0.01444	0.01106	0.00050	0.03193	0.00743	0.01880	0.00179
9	0.00205	0.00149	0.00184	0.00184	0.00218	0.00137	0.00134	0.01372	0.02135	0.01839	0.37290	0.30787	0.14454	0.01626	0.00172	0.00049	0.00078	0.01431	0.02992	0.04564
10	0.04766	0.01554	0.35655	0.05017	0.08836	0.01988	0.16465	0.06205	0.03665	0.04391	0.00299	0.03244	0.00232	0.00147	0.00146	0.00044	0.02462	0.00129	0.00080	0.04673

[dist]
# distance from previous block
# <min> <max>
6	15

[block]
# block no. 5 follows, 228 sequences, length 10
# corresponding to MSA columns:
# 1562,1568-1576
name=unknown_F
#
# <colnr> <probs for GDERKNQSTAVLIFYWHMCP>
#	G	D	E	R	K	N	Q	S	T	A	V	L	I	F	Y	W	H	M	C	P
0	0.00256	0.00193	0.00231	0.00202	0.00256	0.00178	0.00149	0.01316	0.03875	0.02734	0.03416	0.07279	0.02650	0.30024	0.03587	0.00075	0.03499	0.06909	0.01553	0.31618
1	0.89314	0.00262	0.00201	0.00181	0.00264	0.00303	0.00149	0.00408	0.00243	0.00624	0.00214	0.00249	0.00167	0.00133	0.00088	0.00043	0.00106	0.00080	0.06820	0.00151
2	0.01365	0.05283	0.33481	0.04117	0.05827	0.04584	0.11278	0.05525	0.16589	0.02808	0.00348	0.01506	0.00920	0.00831	0.00148	0.00046	0.01516	0.02794	0.00088	0.00944
3	0.00240	0.00200	0.01926	0.05686	0.13922	0.00194	0.02978	0.06835	0.00313	0.00426	0.03187	0.54169	0.02051	0.01975	0.00174	0.00053	0.00113	0.02364	0.03049	0.00146
4	0.00200	0.00157	0.00214	0.00214	0.01980	0.00147	0.04739	0.00245	0.01280	0.01419	0.20224	0.30990	0.28029	0.01890	0.02607	0.01873	0.01746	0.01792	0.00128	0.00127
5	0.04700	0.03036	0.06585	0.03038	0.05040	0.03066	0.03497	0.09803	0.06924	0.03370	0.00281	0.02010	0.00240	0.01233	0.04261	0.00060	0.40629	0.00130	0.01922	0.00176
6	0.01448	0.00344	0.06132	0.01802	0.02603	0.01940	0.01792	0.34003	0.26732	0.04984	0.04773	0.00509	0.06946	0.00193	0.00153	0.00045	0.02975	0.00907	0.01509	0.00210
7	0.00209	0.00154	0.00209	0.00206	0.00226	0.00171	0.00151	0.02013	0.00235	0.00326	0.00464	0.02281	0.06909	0.24597	0.55777	0.03051	0.02647	0.00177	0.00083	0.00116
8	0.02765	0.04163	0.08419	0.06833	0.09950	0.02497	0.05121	0.16966	0.21777	0.04785	0.02185	0.01307	0.08289	0.01227	0.01092	0.00047	0.00969	0.00151	0.01259	0.00198
9	0.06692	0.02454	0.03878	0.14123	0.04152	0.00250	0.00226	0.09364	0.08680	0.02558	0.19172	0.13525	0.06074	0.01400	0.00163	0.00851	0.01654	0.01134	0.00825	0.02826

[dist]
# distance from previous block
# <min> <max>
2	47

[block]
# block no. 6 follows, 228 sequences, length 6
# corresponding to MSA columns:
# 1651-1656
name=unknown_G
#
# <colnr> <probs for GDERKNQSTAVLIFYWHMCP>
#	G	D	E	R	K	N	Q	S	T	A	V	L	I	F	Y	W	H	M	C	P
0	0.04200	0.01819	0.02502	0.19146	0.10476	0.00254	0.04279	0.06784	0.04837	0.02065	0.17254	0.10202	0.10319	0.03327	0.00174	0.00049	0.01845	0.00197	0.00107	0.00162
1	0.00345	0.01739	0.11076	0.02395	0.03057	0.02833	0.04483	0.10240	0.35049	0.03145	0.07749	0.02068	0.02846	0.00192	0.00171	0.00046	0.08457	0.00155	0.02597	0.01355
2	0.00204	0.00143	0.00195	0.00196	0.00212	0.00156	0.00140	0.00236	0.00230	0.00326	0.05013	0.03904	0.00467	0.30631	0.51427	0.03025	0.00259	0.00180	0.02946	0.00111
3	0.02842	0.00556	0.54964	0.00400	0.00565	0.00324	0.18248	0.10047	0.00342	0.00502	0.02821	0.02738	0.00249	0.00148	0.00140	0.00045	0.00192	0.00130	0.04550	0.00198
4	0.00210	0.00157	0.00177	0.00172	0.00218	0.00142	0.00130	0.00277	0.06466	0.04946	0.21011	0.07749	0.54200	0.00329	0.00165	0.00048	0.00078	0.03251	0.00139	0.00134
5	0.00235	0.00176	0.00237	0.03098	0.00264	0.03409	0.00175	0.00255	0.00223	0.00312	0.00327	0.00511	0.00313	0.06958	0.49610	0.22924	0.07842	0.00142	0.02877	0.00112

[dist]
# distance from previous block
# <min> <max>
2	37

[block]
# block no. 7 follows, 228 sequences, length 28
# corresponding to MSA columns:
# 1694-1721
name=unknown_H
#
# <colnr> <probs for GDERKNQSTAVLIFYWHMCP>
#	G	D	E	R	K	N	Q	S	T	A	V	L	I	F	Y	W	H	M	C	P
0	0.04259	0.09690	0.06521	0.01437	0.07166	0.03140	0.01021	0.18679	0.26494	0.10397	0.01465	0.01891	0.01410	0.01360	0.00142	0.00044	0.00140	0.01668	0.00118	0.02958
1	0.00350	0.41537	0.00469	0.00877	0.00330	0.04870	0.00209	0.04555	0.21066	0.00454	0.02990	0.02023	0.02759	0.00164	0.00114	0.00037	0.00128	0.00851	0.14874	0.01343
2	0.00316	0.02153	0.08572	0.02800	0.04766	0.00238	0.03745	0.05983	0.01063	0.02879	0.01380	0.02371	0.00245	0.00127	0.00118	0.00029	0.00127	0.00716	0.00088	0.62285
3	0.40178	0.02081	0.02700	0.05072	0.07226	0.03564	0.03485	0.06063	0.03437	0.23340	0.01422	0.00339	0.00239	0.00147	0.00118	0.00043	0.00135	0.00110	0.00109	0.00190
4	0.02040	0.00149	0.00179	0.00172	0.00193	0.00145	0.00114	0.00265	0.01176	0.07293	0.21462	0.04760	0.03010	0.51398	0.01580	0.03271	0.00116	0.01345	0.01221	0.00113
5	0.00292	0.00283	0.02976	0.31207	0.20671	0.00288	0.16031	0.01967	0.01612	0.02507	0.03852	0.09928	0.04476	0.00186	0.00155	0.00047	0.01172	0.01727	0.00085	0.00539
6	0.00351	0.04090	0.45263	0.03409	0.06744	0.01796	0.14328	0.03472	0.03491	0.11606	0.01054	0.01778	0.00238	0.00144	0.00139	0.00044	0.00187	0.00126	0.00083	0.01655
7	0.00198	0.00148	0.00204	0.00210	0.00233	0.00160	0.00158	0.00240	0.01275	0.00346	0.01861	0.20083	0.10795	0.07064	0.46820	0.01998	0.02407	0.05584	0.00098	0.00121
8	0.00254	0.00225	0.00301	0.00277	0.00289	0.01170	0.00218	0.00287	0.00260	0.01876	0.09711	0.21985	0.07409	0.04495	0.03426	0.00066	0.45908	0.01610	0.00096	0.00137
9	0.01798	0.05532	0.29458	0.17659	0.10139	0.03768	0.06516	0.06994	0.05521	0.05785	0.00321	0.01983	0.01475	0.00153	0.00141	0.00044	0.01215	0.01220	0.00083	0.00195
10	0.00290	0.00282	0.00437	0.79786	0.06602	0.05120	0.01956	0.01770	0.00295	0.00374	0.00250	0.00366	0.00191	0.00142	0.00145	0.00046	0.01598	0.00124	0.00065	0.00162
11	0.00206	0.00145	0.00189	0.00209	0.00237	0.00136	0.00163	0.00250	0.00310	0.03045	0.07297	0.35191	0.17103	0.01316	0.00186	0.00058	0.00098	0.33604	0.00133	0.00125
12	0.00324	0.00414	0.11254	0.03550	0.00729	0.00351	0.80318	0.00447	0.00327	0.00447	0.00280	0.00370	0.00209	0.00121	0.00162	0.00047	0.00232	0.00158	0.00070	0.00191
13	0.00252	0.00217	0.01473	0.00227	0.02041	0.00220	0.00173	0.02763	0.33294	0.00468	0.02410	0.07505	0.37441	0.02798	0.02881	0.00056	0.00105	0.04168	0.00130	0.01377
14	0.00200	0.00135	0.00159	0.00166	0.00171	0.00133	0.00102	0.00211	0.00228	0.00308	0.02102	0.19173	0.01564	0.65573	0.02374	0.01331	0.00126	0.03003	0.02846	0.00095
15	0.00223	0.00157	0.00192	0.00190	0.00228	0.00148	0.00141	0.03445	0.04101	0.04782	0.34197	0.27722	0.20396	0.00335	0.00168	0.00049	0.00081	0.03166	0.00142	0.00137
16	0.00256	0.00195	0.00244	0.00228	0.00281	0.00184	0.01751	0.11342	0.01733	0.00459	0.03540	0.33301	0.05322	0.02097	0.00183	0.03138	0.00108	0.17066	0.00119	0.18451
17	0.00212	0.00128	0.00171	0.00182	0.00186	0.00126	0.00119	0.00199	0.00220	0.00296	0.00469	0.28342	0.00531	0.24135	0.02340	0.38019	0.00118	0.02600	0.01523	0.00087
18	0.00204	0.00151	0.01768	0.00181	0.00193	0.00152	0.00122	0.00223	0.00214	0.00294	0.00423	0.02098	0.00461	0.62123	0.30644	0.00162	0.00214	0.00188	0.00082	0.00101
19	0.00169	0.00143	0.00146	0.00145	0.00192	0.00120	0.00109	0.00207	0.00327	0.00394	0.08643	0.01330	0.86894	0.00351	0.00166	0.00047	0.00071	0.00294	0.00133	0.00120
20	0.00308	0.26391	0.68887	0.00357	0.00542	0.00389	0.00444	0.00439	0.00294	0.00414	0.00237	0.00278	0.00179	0.00130	0.00122	0.00041	0.00192	0.00096	0.00060	0.00200
21	0.50663	0.00266	0.00262	0.00222	0.00314	0.00286	0.00181	0.00552	0.14695	0.30728	0.00369	0.00355	0.00258	0.00154	0.00113	0.00044	0.00113	0.00110	0.00124	0.00191
22	0.44924	0.00259	0.00270	0.00222	0.00317	0.00267	0.00182	0.05898	0.00338	0.41740	0.01348	0.03074	0.00278	0.00162	0.00118	0.00044	0.00115	0.00119	0.00130	0.00194
23	0.00464	0.03457	0.00401	0.01862	0.00420	0.00978	0.01102	0.60146	0.25766	0.00759	0.00423	0.00412	0.02805	0.00177	0.00141	0.00044	0.00143	0.00138	0.00136	0.00227
24	0.00223	0.01958	0.00898	0.04609	0.01320	0.00178	0.00160	0.00854	0.00246	0.00346	0.01932	0.03873	0.03870	0.28250	0.36010	0.00137	0.00220	0.00981	0.01934	0.12002
25	0.00177	0.00148	0.00161	0.00159	0.00204	0.00129	0.01356	0.00225	0.03008	0.00396	0.06209	0.10075	0.75412	0.00350	0.00166	0.00048	0.00075	0.00297	0.01280	0.00123
26	0.03461	0.51988	0.10392	0.00847	0.01265	0.13297	0.03776	0.02159	0.01590	0.03511	0.02008	0.01206	0.01276	0.00147	0.01007	0.00037	0.00571	0.00099	0.00073	0.01290
27	0.00273	0.03419	0.17727	0.01260	0.02622	0.00243	0.02958	0.03335	0.14063	0.03891	0.18037	0.18368	0.07010	0.01315	0.00166	0.00049	0.02020	0.02047	0.00117	0.01081

[dist]
# distance from previous block
# <min> <max>
2	16

[block]
# block no. 8 follows, 228 sequences, length 8
# corresponding to MSA columns:
# 1756-1763
name=unknown_I
#
# <colnr> <probs for GDERKNQSTAVLIFYWHMCP>
#	G	D	E	R	K	N	Q	S	T	A	V	L	I	F	Y	W	H	M	C	P
0	0.02541	0.00302	0.00459	0.50586	0.19593	0.05787	0.06350	0.02071	0.03518	0.01913	0.01627	0.00376	0.00226	0.00144	0.00148	0.00045	0.02458	0.00128	0.01550	0.00176
1	0.00242	0.00123	0.00181	0.00181	0.00181	0.00123	0.00120	0.00185	0.00185	0.00246	0.00257	0.00460	0.00262	0.06643	0.00561	0.89674	0.00123	0.00128	0.00063	0.00063
2	0.02591	0.14986	0.24096	0.09253	0.04573	0.08350	0.02209	0.02702	0.11452	0.01652	0.03103	0.00435	0.01813	0.00171	0.00156	0.00044	0.06798	0.05346	0.00084	0.00185
3	0.00221	0.00155	0.00194	0.00188	0.00213	0.00158	0.00133	0.02105	0.03552	0.02720	0.20617	0.04765	0.06960	0.33509	0.23775	0.00122	0.00173	0.00212	0.00108	0.00121
4	0.00220	0.00146	0.00190	0.00188	0.00205	0.00151	0.00130	0.00247	0.00250	0.03892	0.12927	0.03037	0.00580	0.42797	0.29080	0.02107	0.00198	0.03447	0.00097	0.00111
5	0.00246	0.00192	0.00216	0.00213	0.00249	0.02217	0.00153	0.02327	0.22645	0.02130	0.18106	0.32195	0.06325	0.11849	0.00230	0.00061	0.00098	0.00268	0.00132	0.00146
6	0.00200	0.00143	0.00181	0.00189	0.00216	0.00135	0.00137	0.01682	0.01952	0.01752	0.31490	0.39819	0.11517	0.02602	0.01549	0.00055	0.00085	0.04401	0.01768	0.00127
7	0.00201	0.00143	0.00191	0.00193	0.00206	0.00155	0.00134	0.00228	0.00219	0.00304	0.00426	0.05331	0.00451	0.42500	0.48508	0.00178	0.00256	0.00187	0.00082	0.00107

[dist]
# distance from previous block
# <min> <max>
4	20

[block]
# block no. 9 follows, 228 sequences, length 19
# corresponding to MSA columns:
# 2012-2030
name=unknown_J
#
# <colnr> <probs for GDERKNQSTAVLIFYWHMCP>
#	G	D	E	R	K	N	Q	S	T	A	V	L	I	F	Y	W	H	M	C	P
0	0.08363	0.03365	0.04907	0.00278	0.01996	0.03311	0.03556	0.16604	0.15719	0.01601	0.06655	0.01688	0.01444	0.04246	0.06398	0.01197	0.02368	0.00138	0.01802	0.14364
1	0.02098	0.01597	0.01690	0.19702	0.04638	0.00878	0.05003	0.08756	0.07118	0.06805	0.05844	0.12932	0.02856	0.01681	0.01085	0.00765	0.01799	0.01821	0.01661	0.11273
2	0.00212	0.00159	0.00226	0.00221	0.00241	0.00184	0.00166	0.00248	0.00221	0.00317	0.00369	0.00592	0.00362	0.17345	0.66919	0.03845	0.06387	0.00156	0.00076	0.01756
3	0.01270	0.01216	0.02099	0.01167	0.00359	0.03015	0.00230	0.16634	0.04216	0.34784	0.05923	0.04992	0.05192	0.00222	0.01058	0.00049	0.15317	0.01337	0.00723	0.00199
4	0.00233	0.00176	0.00198	0.00187	0.00220	0.00177	0.00128	0.02311	0.15449	0.00396	0.09060	0.07312	0.12452	0.43748	0.00412	0.00087	0.00112	0.01298	0.00111	0.05934
5	0.01510	0.00175	0.00229	0.00205	0.00259	0.00161	0.01875	0.00369	0.02676	0.20692	0.48506	0.02368	0.10456	0.00269	0.00160	0.00046	0.00088	0.07067	0.02731	0.00157
6	0.93289	0.00271	0.00210	0.00187	0.00275	0.00312	0.00154	0.00421	0.00244	0.03340	0.00206	0.00236	0.00158	0.00132	0.00089	0.00044	0.00109	0.00078	0.00090	0.00155
7	0.00202	0.00150	0.00219	0.00220	0.00243	0.00172	0.00168	0.00248	0.00227	0.00324	0.00394	0.00619	0.00381	0.10426	0.82478	0.00213	0.00346	0.02775	0.00078	0.00122
8	0.01172	0.00268	0.00305	0.00259	0.00337	0.00282	0.00212	0.37261	0.07051	0.12558	0.06123	0.01673	0.05001	0.00225	0.00148	0.00046	0.00122	0.15461	0.11303	0.00193
9	0.00379	0.00317	0.00334	0.00292	0.00377	0.00363	0.00230	0.15272	0.79353	0.00635	0.00536	0.00496	0.00400	0.00187	0.00143	0.00047	0.00118	0.00154	0.00143	0.00225
10	0.00250	0.00174	0.00213	0.00199	0.00241	0.00170	0.00150	0.07497	0.06223	0.04571	0.51891	0.14456	0.05912	0.02475	0.00175	0.00049	0.00084	0.02207	0.02918	0.00147
11	0.00201	0.00150	0.00221	0.00221	0.00244	0.00173	0.00169	0.00248	0.00225	0.00323	0.00382	0.00580	0.00364	0.08065	0.87504	0.00219	0.00359	0.00155	0.00076	0.00123
12	0.00352	0.02226	0.05494	0.36478	0.07141	0.15894	0.05511	0.06035	0.03126	0.03231	0.00281	0.02479	0.00223	0.00149	0.00145	0.00042	0.02748	0.00124	0.00079	0.08241
13	0.00210	0.00153	0.00193	0.00193	0.00208	0.02037	0.00134	0.00236	0.00222	0.00308	0.00414	0.03487	0.00433	0.41946	0.44939	0.02013	0.00249	0.00179	0.02339	0.00107
14	0.00223	0.00167	0.00216	0.00213	0.00234	0.02981	0.00156	0.00261	0.03394	0.00325	0.02701	0.04602	0.00409	0.17062	0.52180	0.12186	0.01250	0.00167	0.00082	0.01192
15	0.01213	0.00206	0.00245	0.00218	0.00273	0.02374	0.00167	0.02242	0.09671	0.24107	0.13568	0.08810	0.02129	0.09568	0.07050	0.00924	0.03049	0.01211	0.10931	0.02043
16	0.00216	0.00162	0.00218	0.00213	0.00238	0.01526	0.00159	0.00250	0.00232	0.00328	0.01528	0.05874	0.00409	0.16596	0.54764	0.06642	0.02323	0.02025	0.00081	0.06216
17	0.00302	0.04708	0.05683	0.01722	0.01560	0.02381	0.07600	0.02208	0.02826	0.01604	0.03092	0.07183	0.00302	0.01157	0.00131	0.00032	0.00891	0.00125	0.00088	0.56407
18	0.05177	0.33431	0.07294	0.04589	0.06543	0.06146	0.02785	0.06788	0.02165	0.03043	0.00274	0.02788	0.00237	0.02812	0.00135	0.00039	0.00846	0.01215	0.00080	0.13612

[dist]
# distance from previous block
# <min> <max>
0	56

[block]
# block no. 10 follows, 228 sequences, length 7
# corresponding to MSA columns:
# 2095-2101
name=unknown_K
#
# <colnr> <probs for GDERKNQSTAVLIFYWHMCP>
#	G	D	E	R	K	N	Q	S	T	A	V	L	I	F	Y	W	H	M	C	P
0	0.02082	0.02356	0.00441	0.09959	0.31812	0.12121	0.01859	0.09976	0.03617	0.00474	0.00288	0.01666	0.00244	0.02198	0.00154	0.00042	0.02864	0.01846	0.00084	0.15918
1	0.00287	0.00277	0.08416	0.02211	0.04904	0.00250	0.08457	0.07123	0.18102	0.01960	0.09134	0.07115	0.16500	0.01321	0.00163	0.00048	0.01849	0.04023	0.07688	0.00171
2	0.00292	0.00286	0.00411	0.79498	0.00877	0.07384	0.00367	0.00408	0.08360	0.00378	0.00275	0.00379	0.00208	0.00145	0.00140	0.00046	0.00186	0.00125	0.00070	0.00163
3	0.01331	0.01292	0.03295	0.00282	0.06030	0.00232	0.01538	0.06236	0.02291	0.04094	0.08114	0.13134	0.01489	0.01267	0.02212	0.00045	0.08280	0.05017	0.00103	0.33718
4	0.00270	0.00248	0.00415	0.84830	0.05904	0.00304	0.00378	0.00362	0.00284	0.00373	0.00262	0.00381	0.00198	0.00141	0.00138	0.00046	0.00180	0.00125	0.05000	0.00159
5	0.00174	0.00139	0.00155	0.00158	0.00196	0.00121	0.00116	0.00213	0.00327	0.00412	0.19190	0.17550	0.60039	0.00358	0.00169	0.00049	0.00072	0.00307	0.00135	0.00121
6	0.06788	0.00332	0.00354	0.00278	0.00376	0.00361	0.00228	0.65293	0.00555	0.08056	0.00365	0.00372	0.00262	0.00166	0.00130	0.00041	0.00135	0.00125	0.15569	0.00216

[dist]
# distance from previous block
# <min> <max>
0	9

[block]
# block no. 11 follows, 228 sequences, length 25
# corresponding to MSA columns:
# 2111,2119-2121,2151-2155,2213-2228
name=unknown_L
#
# <colnr> <probs for GDERKNQSTAVLIFYWHMCP>
#	G	D	E	R	K	N	Q	S	T	A	V	L	I	F	Y	W	H	M	C	P
0	0.00332	0.00380	0.00830	0.00593	0.00735	0.00356	0.93667	0.00451	0.00332	0.00451	0.00285	0.00380	0.00213	0.00119	0.00166	0.00047	0.00237	0.00166	0.00071	0.00190
1	0.00226	0.00150	0.00183	0.00186	0.00204	0.00147	0.00131	0.00257	0.01615	0.03813	0.09685	0.01086	0.03831	0.55073	0.00489	0.00103	0.00125	0.22480	0.00108	0.00109
2	0.00177	0.00130	0.00165	0.00185	0.00203	0.00119	0.00127	0.00211	0.00301	0.00402	0.19720	0.62608	0.12708	0.02021	0.00184	0.00055	0.00078	0.00354	0.00135	0.00118
3	0.00178	0.00147	0.00156	0.00154	0.00200	0.00128	0.00117	0.00228	0.02533	0.00418	0.17576	0.01287	0.73659	0.00341	0.00166	0.00047	0.00073	0.02333	0.00135	0.00124
4	0.00183	0.00130	0.00166	0.00191	0.00203	0.00122	0.00127	0.00213	0.02134	0.01219	0.01915	0.77141	0.05370	0.09894	0.00231	0.00064	0.00087	0.00366	0.00127	0.00115
5	0.01924	0.00256	0.00303	0.00220	0.00341	0.00203	0.01617	0.01344	0.03527	0.00469	0.00261	0.00301	0.00215	0.00110	0.00111	0.00023	0.01217	0.00088	0.00086	0.87383
6	0.00310	0.00261	0.00309	0.00226	0.00345	0.01185	0.01916	0.03224	0.02258	0.02673	0.00273	0.01614	0.00227	0.00118	0.00116	0.00024	0.01829	0.00094	0.00088	0.82908
7	0.00215	0.00162	0.00215	0.00207	0.00217	0.00186	0.00147	0.00239	0.00218	0.00306	0.02088	0.00710	0.00427	0.46217	0.36515	0.00160	0.11405	0.00175	0.00080	0.00110
8	0.00328	0.00370	0.00794	0.05537	0.02421	0.00355	0.84700	0.00443	0.00326	0.00443	0.00280	0.00377	0.00212	0.00123	0.00172	0.00048	0.02651	0.00162	0.00070	0.00188
9	0.36992	0.00312	0.01570	0.21903	0.16096	0.04338	0.03426	0.05350	0.00296	0.01775	0.00236	0.00303	0.00185	0.00143	0.00142	0.00045	0.06529	0.00106	0.00079	0.00173
10	0.01873	0.00858	0.12661	0.02887	0.15402	0.03149	0.28197	0.05120	0.01162	0.05075	0.01246	0.07704	0.01309	0.00617	0.00972	0.00049	0.07921	0.02680	0.00931	0.00187
11	0.84321	0.01277	0.00235	0.00201	0.00289	0.00328	0.00166	0.07928	0.00276	0.02173	0.00213	0.00243	0.00163	0.00136	0.00098	0.00044	0.01575	0.00082	0.00092	0.00161
12	0.00296	0.00286	0.00376	0.00329	0.00340	0.03626	0.00269	0.01093	0.00245	0.01682	0.02778	0.08372	0.06660	0.00281	0.02107	0.00061	0.70810	0.00161	0.00077	0.00149
13	0.88300	0.00264	0.00207	0.00185	0.00270	0.00303	0.00152	0.00419	0.00248	0.03877	0.00221	0.00251	0.00169	0.00134	0.00089	0.00043	0.00107	0.00081	0.04526	0.00154
14	0.03415	0.00316	0.04494	0.03623	0.02142	0.00308	0.00969	0.31876	0.07776	0.32917	0.04516	0.00457	0.01166	0.01641	0.00154	0.00045	0.01340	0.00989	0.00140	0.01715
15	0.02040	0.01761	0.12926	0.13583	0.07015	0.02531	0.25673	0.00441	0.02138	0.10791	0.00325	0.02320	0.00901	0.00168	0.00192	0.00048	0.13415	0.03463	0.00084	0.00185
16	0.00178	0.00126	0.00166	0.00196	0.00205	0.00119	0.00132	0.00203	0.00268	0.00358	0.01838	0.80001	0.00891	0.08837	0.00228	0.00064	0.00089	0.05860	0.00127	0.00113
17	0.00190	0.00140	0.00200	0.00212	0.00231	0.00150	0.00156	0.00231	0.00250	0.00349	0.04233	0.36456	0.00618	0.02102	0.52398	0.00151	0.00246	0.01466	0.00100	0.00121
18	0.00993	0.04567	0.21369	0.04511	0.03636	0.21909	0.14708	0.12475	0.08602	0.01569	0.00294	0.01006	0.00227	0.00150	0.00147	0.00043	0.02840	0.00672	0.00085	0.00195
19	0.01220	0.00271	0.00321	0.01675	0.00363	0.01471	0.01038	0.08810	0.32185	0.37378	0.01747	0.04258	0.03364	0.00199	0.00150	0.00046	0.01882	0.01263	0.02145	0.00215
20	0.00190	0.00143	0.00168	0.00170	0.00207	0.00128	0.00129	0.00237	0.00335	0.01302	0.28270	0.11300	0.42377	0.01483	0.01239	0.00052	0.00081	0.08495	0.03569	0.00125
21	0.00245	0.00880	0.00745	0.01588	0.00287	0.04325	0.02744	0.00878	0.02936	0.01013	0.06534	0.02213	0.02975	0.13609	0.43248	0.02141	0.13256	0.00165	0.00085	0.00132
22	0.00374	0.05193	0.06544	0.23878	0.15233	0.09898	0.07970	0.11357	0.06858	0.05770	0.00791	0.01031	0.00796	0.01275	0.00153	0.00045	0.02425	0.00129	0.00088	0.00192
23	0.00300	0.05464	0.02982	0.04549	0.02021	0.07143	0.04552	0.00935	0.06645	0.04722	0.02385	0.07086	0.01145	0.10280	0.19272	0.01229	0.18890	0.00161	0.00087	0.00152
24	0.00245	0.00164	0.00220	0.00211	0.00241	0.00172	0.01475	0.02094	0.03081	0.06998	0.10822	0.10133	0.03367	0.19746	0.32987	0.01347	0.01495	0.02530	0.02543	0.00131

[dist]
# distance from previous block
# <min> <max>
2	3

[block]
# block no. 12 follows, 228 sequences, length 7
# corresponding to MSA columns:
# 2298,2299,2304-2308
name=unknown_M
#
# <colnr> <probs for GDERKNQSTAVLIFYWHMCP>
#	G	D	E	R	K	N	Q	S	T	A	V	L	I	F	Y	W	H	M	C	P
0	0.01532	0.05894	0.03298	0.01411	0.05915	0.05941	0.00217	0.05607	0.03059	0.06197	0.00304	0.02137	0.01632	0.00134	0.00122	0.00030	0.01799	0.00105	0.00091	0.54576
1	0.01458	0.13495	0.07316	0.05668	0.11775	0.06000	0.14748	0.10579	0.11262	0.03270	0.01307	0.04513	0.01588	0.00169	0.00160	0.01206	0.05062	0.00141	0.00091	0.00192
2	0.00252	0.00179	0.00211	0.00196	0.00243	0.00176	0.00149	0.02082	0.15404	0.06088	0.47606	0.02794	0.16450	0.02342	0.00171	0.00048	0.00082	0.01995	0.03381	0.00152
3	0.01379	0.00228	0.01749	0.02896	0.12967	0.00223	0.05870	0.04374	0.05351	0.11881	0.11036	0.23086	0.05948	0.03279	0.01962	0.01749	0.03226	0.01430	0.01203	0.00165
4	0.00321	0.33782	0.51332	0.00353	0.00521	0.00410	0.06709	0.00450	0.04145	0.00412	0.00248	0.00287	0.00192	0.00130	0.00121	0.00040	0.00186	0.00100	0.00064	0.00198
5	0.00179	0.00138	0.00159	0.00169	0.00199	0.00124	0.00122	0.00212	0.00301	0.00380	0.08249	0.24969	0.46282	0.10611	0.00231	0.00061	0.00085	0.07285	0.00128	0.00116
6	0.00385	0.00310	0.00321	0.00281	0.00362	0.04276	0.00220	0.09803	0.67540	0.06941	0.05025	0.00517	0.00436	0.00190	0.00142	0.00046	0.00119	0.00156	0.02713	0.00216

[dist]
# distance from previous block
# <min> <max>
0	15

[block]
# block no. 13 follows, 228 sequences, length 22
# corresponding to MSA columns:
# 2324-2345
name=unknown_N
#
# <colnr> <probs for GDERKNQSTAVLIFYWHMCP>
#	G	D	E	R	K	N	Q	S	T	A	V	L	I	F	Y	W	H	M	C	P
0	0.00302	0.00166	0.00219	0.00193	0.00244	0.00150	0.00148	0.00362	0.00391	0.23016	0.65501	0.00922	0.04743	0.02801	0.00175	0.00047	0.00081	0.00228	0.00157	0.00157
1	0.00282	0.00728	0.94327	0.00401	0.00609	0.00327	0.00520	0.00446	0.00297	0.00446	0.00252	0.00297	0.00178	0.00134	0.00134	0.00045	0.00208	0.00104	0.00059	0.00208
2	0.00369	0.89331	0.03397	0.00244	0.00365	0.00539	0.00246	0.00423	0.01739	0.00339	0.00224	0.00252	0.01804	0.00126	0.00094	0.00031	0.00150	0.00081	0.00063	0.00181
3	0.00304	0.00261	0.01651	0.00219	0.00345	0.00197	0.01366	0.02037	0.00301	0.02448	0.00259	0.00298	0.00212	0.00107	0.00107	0.00022	0.00109	0.00087	0.00086	0.89587
4	0.02010	0.00429	0.00395	0.00317	0.00416	0.20646	0.00255	0.61574	0.00567	0.06571	0.04021	0.00357	0.00277	0.00168	0.00137	0.00041	0.00169	0.00124	0.01309	0.00216
5	0.01842	0.18087	0.61695	0.00857	0.03086	0.01407	0.01344	0.00436	0.00297	0.02715	0.00268	0.01775	0.00985	0.00148	0.01207	0.00043	0.00188	0.00106	0.00066	0.03448
6	0.03078	0.17155	0.15724	0.00859	0.01214	0.14487	0.01407	0.10086	0.00381	0.29387	0.02643	0.01025	0.00933	0.00163	0.00820	0.00042	0.00165	0.00119	0.00110	0.00204
7	0.00203	0.00138	0.00167	0.00168	0.00173	0.00143	0.00103	0.00213	0.00211	0.00286	0.00444	0.04474	0.00499	0.74593	0.17478	0.00149	0.00177	0.00202	0.00085	0.00094
8	0.02652	0.21744	0.12765	0.00306	0.00410	0.00319	0.16313	0.03917	0.03734	0.05317	0.23998	0.02446	0.04111	0.00190	0.00140	0.00042	0.00143	0.01172	0.00103	0.00176
9	0.00346	0.24993	0.02820	0.21268	0.19355	0.02913	0.02116	0.04585	0.04569	0.04763	0.02022	0.03256	0.00285	0.01103	0.00884	0.00044	0.00161	0.03432	0.00900	0.00185
10	0.00181	0.00130	0.00171	0.00198	0.00213	0.00122	0.00140	0.00214	0.00289	0.00386	0.08080	0.70364	0.06262	0.00414	0.00178	0.00056	0.00085	0.10938	0.01461	0.00118
11	0.00266	0.00250	0.00422	0.94717	0.00969	0.00313	0.00391	0.00359	0.00281	0.00359	0.00250	0.00375	0.00188	0.00141	0.00141	0.00047	0.00188	0.00125	0.00063	0.00156
12	0.00373	0.87760	0.00704	0.00245	0.00359	0.02525	0.00239	0.00424	0.02097	0.00337	0.00217	0.02547	0.00204	0.00132	0.00099	0.00032	0.01379	0.00086	0.00064	0.00179
13	0.00235	0.00184	0.00258	0.10984	0.10128	0.00196	0.00194	0.02810	0.01960	0.01016	0.04257	0.07471	0.07964	0.27673	0.23940	0.00117	0.00194	0.00194	0.00091	0.00132
14	0.00288	0.00237	0.01321	0.02951	0.00277	0.12629	0.00167	0.03864	0.02066	0.04994	0.42991	0.05378	0.05417	0.00254	0.01598	0.00045	0.00109	0.00204	0.15064	0.00147
15	0.00338	0.73152	0.00613	0.00235	0.00332	0.00466	0.00221	0.01599	0.01785	0.00348	0.00314	0.18305	0.00328	0.00185	0.00113	0.00036	0.01245	0.00140	0.00076	0.00169
16	0.00270	0.00161	0.00201	0.00195	0.00233	0.00155	0.00146	0.04676	0.01439	0.11190	0.23422	0.26754	0.02693	0.02124	0.05085	0.01025	0.00101	0.03378	0.16607	0.00143
17	0.00337	0.00791	0.05646	0.10357	0.41110	0.01445	0.03813	0.04215	0.03555	0.07141	0.00875	0.07716	0.04457	0.00811	0.00712	0.00047	0.04573	0.01477	0.00090	0.00831
18	0.00304	0.02001	0.00292	0.11386	0.01774	0.20076	0.00220	0.02040	0.06373	0.02732	0.02235	0.26197	0.01372	0.04784	0.08617	0.00069	0.01249	0.08032	0.00103	0.00146
19	0.00233	0.00134	0.00152	0.00163	0.00188	0.00130	0.00116	0.01711	0.00291	0.01928	0.00602	0.39135	0.01990	0.02035	0.00145	0.00045	0.00076	0.00245	0.50557	0.00127
20	0.00286	0.02021	0.02562	0.16278	0.06223	0.00826	0.21427	0.06567	0.00329	0.02191	0.03947	0.16070	0.06460	0.00745	0.02248	0.00054	0.02744	0.08762	0.00098	0.00163
21	0.05699	0.11682	0.08574	0.06679	0.12817	0.05306	0.05977	0.13599	0.13385	0.08583	0.01153	0.00366	0.00259	0.00151	0.00136	0.00042	0.01439	0.00652	0.00099	0.03403

[dist]
# distance from previous block
# <min> <max>
11	65

[block]
# block no. 14 follows, 228 sequences, length 31
# corresponding to MSA columns:
# 2551-2559,2566-2572,2603-2608,2610-2618
name=unknown_O
#
# <colnr> <probs for GDERKNQSTAVLIFYWHMCP>
#	G	D	E	R	K	N	Q	S	T	A	V	L	I	F	Y	W	H	M	C	P
0	0.02742	0.14692	0.28888	0.00899	0.12680	0.01827	0.01520	0.06818	0.04677	0.10206	0.01911	0.00849	0.01148	0.00174	0.02586	0.00046	0.04385	0.00118	0.00087	0.03745
1	0.00282	0.04301	0.00284	0.02719	0.05228	0.01507	0.00972	0.02433	0.06297	0.05804	0.02114	0.09435	0.04305	0.01211	0.00258	0.18714	0.03664	0.30225	0.00108	0.00138
2	0.00578	0.00190	0.04136	0.03426	0.00288	0.00165	0.01463	0.00330	0.02918	0.15409	0.15383	0.24903	0.16807	0.01188	0.05521	0.01863	0.00115	0.04242	0.00929	0.00148
3	0.00324	0.05869	0.35374	0.04957	0.10390	0.03464	0.07162	0.04225	0.08887	0.04459	0.00754	0.06334	0.02631	0.00184	0.01289	0.00047	0.00856	0.02512	0.00086	0.00195
4	0.03133	0.01913	0.32049	0.06829	0.13204	0.01232	0.10188	0.06382	0.06422	0.11047	0.03094	0.00389	0.00269	0.00600	0.00144	0.00045	0.00617	0.00987	0.00091	0.01366
5	0.00363	0.00193	0.00257	0.00230	0.01220	0.00182	0.02412	0.01696	0.06849	0.31785	0.08065	0.19272	0.10100	0.01835	0.00209	0.09989	0.01268	0.00825	0.03087	0.00165
6	0.02506	0.00284	0.00476	0.52500	0.06974	0.02861	0.17885	0.01459	0.01275	0.01157	0.00312	0.04442	0.01686	0.00157	0.00151	0.00047	0.01880	0.01001	0.02782	0.00166
7	0.00907	0.09565	0.11494	0.10088	0.20396	0.00683	0.09813	0.06532	0.07233	0.02454	0.03912	0.08264	0.01950	0.01107	0.00899	0.00047	0.01358	0.01059	0.01199	0.01040
8	0.00361	0.05302	0.09266	0.06052	0.46111	0.01109	0.04843	0.02119	0.05983	0.09602	0.03157	0.01487	0.01034	0.00148	0.00143	0.00043	0.01252	0.00134	0.00088	0.01770
9	0.01516	0.00200	0.01056	0.00848	0.00258	0.04534	0.01060	0.02760	0.09212	0.02193	0.02129	0.32980	0.00573	0.14590	0.10075	0.06055	0.04894	0.01589	0.03344	0.00132
10	0.00342	0.00327	0.00558	0.03072	0.89534	0.00329	0.00423	0.00426	0.00321	0.00460	0.02694	0.00367	0.00251	0.00130	0.00140	0.00042	0.00165	0.00129	0.00072	0.00219
11	0.00176	0.00138	0.00156	0.00167	0.00201	0.00122	0.00122	0.00211	0.00304	0.00380	0.01985	0.27077	0.55821	0.01979	0.01425	0.00055	0.00083	0.06875	0.02607	0.00118
12	0.05982	0.01374	0.01794	0.00291	0.00380	0.31710	0.00233	0.04724	0.08053	0.34988	0.02896	0.00389	0.00298	0.00165	0.00141	0.00041	0.02731	0.00121	0.01461	0.02226
13	0.05867	0.04237	0.01474	0.04277	0.38531	0.01460	0.03843	0.05147	0.02019	0.02333	0.00280	0.02797	0.00235	0.00136	0.00135	0.00037	0.02282	0.00119	0.00082	0.24710
14	0.01441	0.00295	0.03984	0.52489	0.21593	0.00317	0.08289	0.00954	0.01479	0.00406	0.01876	0.01962	0.00242	0.00150	0.00151	0.00046	0.02427	0.01652	0.00070	0.00176
15	0.00334	0.00390	0.03304	0.00547	0.00668	0.03884	0.74275	0.00439	0.00317	0.00431	0.00267	0.00362	0.00207	0.00138	0.00206	0.00049	0.13773	0.00155	0.00070	0.00184
16	0.00321	0.00187	0.00222	0.00200	0.00240	0.00187	0.00142	0.04903	0.10312	0.18573	0.06021	0.02807	0.01910	0.43908	0.01691	0.02364	0.00125	0.01997	0.03746	0.00144
17	0.00350	0.06417	0.03085	0.35864	0.01642	0.02719	0.09695	0.05881	0.00324	0.14413	0.00345	0.07251	0.00284	0.00214	0.04282	0.00054	0.05795	0.01116	0.00091	0.00176
18	0.00268	0.00253	0.00419	0.88160	0.02112	0.00315	0.00383	0.00365	0.01869	0.00364	0.00267	0.00386	0.01221	0.00147	0.00150	0.00047	0.02924	0.00127	0.00065	0.00158
19	0.00207	0.00140	0.00181	0.00186	0.00214	0.00129	0.01038	0.00255	0.00332	0.03469	0.37258	0.37308	0.08027	0.00338	0.00165	0.00049	0.00077	0.02034	0.08466	0.00128
20	0.00209	0.00153	0.00203	0.00201	0.00230	0.00159	0.00151	0.00271	0.04321	0.01719	0.24480	0.13852	0.08436	0.06436	0.33914	0.00117	0.01475	0.01497	0.02046	0.00129
21	0.00291	0.00726	0.90816	0.00400	0.00602	0.03846	0.00511	0.00450	0.00301	0.00442	0.00251	0.00295	0.00178	0.00134	0.00133	0.00044	0.00210	0.00103	0.00060	0.00206
22	0.00197	0.00150	0.00186	0.00203	0.00240	0.00139	0.00166	0.00247	0.00323	0.00409	0.07016	0.09103	0.37053	0.00374	0.00180	0.00056	0.00099	0.43601	0.00132	0.00124
23	0.02755	0.01353	0.01169	0.00255	0.01546	0.00856	0.05372	0.01072	0.00274	0.04431	0.01705	0.51692	0.01788	0.02097	0.09728	0.00073	0.11253	0.01031	0.01412	0.00135
24	0.00225	0.00192	0.00295	0.34109	0.06478	0.00210	0.01478	0.00291	0.02530	0.00379	0.01895	0.40230	0.07313	0.00293	0.00161	0.00052	0.00128	0.03497	0.00102	0.00141
25	0.00186	0.00136	0.00189	0.01493	0.01542	0.00131	0.01596	0.00215	0.00271	0.00362	0.01568	0.73727	0.00846	0.05827	0.03000	0.00999	0.00102	0.07570	0.00123	0.00117
