[name]
unknown

[dist]
# distance from previous block
# <min> <max>
7	914

[block]
# block no. 0 follows, 326 sequences, length 13
# corresponding to MSA columns:
# 1138-1150
name=unknown_A
#
# <colnr> <probs for GDERKNQSTAVLIFYWHMCP>
#	G	D	E	R	K	N	Q	S	T	A	V	L	I	F	Y	W	H	M	C	P
0	0.16716	0.09543	0.07588	0.04794	0.02272	0.05793	0.04595	0.05996	0.07107	0.11251	0.03170	0.04200	0.03693	0.00133	0.01129	0.00032	0.01299	0.03475	0.00074	0.07141
1	0.04219	0.17464	0.10996	0.09955	0.02920	0.04766	0.04658	0.09317	0.03001	0.04326	0.04868	0.02756	0.05125	0.01326	0.00788	0.00030	0.02151	0.00095	0.01469	0.09769
2	0.03181	0.06318	0.08937	0.05535	0.04650	0.08133	0.08148	0.11582	0.04372	0.06470	0.01732	0.04021	0.01385	0.00123	0.01736	0.00030	0.01133	0.01002	0.00068	0.21446
3	0.15105	0.07233	0.10127	0.01824	0.05160	0.04832	0.02257	0.10776	0.02855	0.18393	0.03321	0.01561	0.02015	0.00131	0.02841	0.00033	0.01413	0.00088	0.00076	0.09960
4	0.00910	0.08967	0.05466	0.04088	0.01222	0.02036	0.01370	0.02774	0.07542	0.06471	0.08984	0.23212	0.06539	0.02868	0.09212	0.01255	0.01776	0.03746	0.00080	0.01480
5	0.02008	0.01977	0.01781	0.05922	0.02549	0.04679	0.08422	0.03366	0.04162	0.16789	0.03698	0.08840	0.10146	0.07269	0.04585	0.00731	0.06897	0.03895	0.00079	0.02205
6	0.02120	0.00174	0.02152	0.00663	0.00224	0.00843	0.01485	0.11410	0.09498	0.14381	0.05910	0.05013	0.04829	0.04838	0.02021	0.00035	0.00963	0.03161	0.12897	0.17382
7	0.16385	0.00222	0.04447	0.04260	0.05955	0.02780	0.08179	0.09702	0.13285	0.19973	0.02855	0.02134	0.02275	0.01413	0.00107	0.00033	0.01841	0.01339	0.01727	0.01089
8	0.02799	0.00125	0.00153	0.01935	0.00186	0.01153	0.01164	0.04094	0.01489	0.07980	0.15575	0.31452	0.17051	0.01935	0.02423	0.00040	0.00073	0.06937	0.01133	0.02303
9	0.01469	0.00165	0.01441	0.04290	0.11818	0.01035	0.06008	0.04064	0.09466	0.06829	0.09985	0.28962	0.01772	0.03068	0.01812	0.00040	0.02772	0.03252	0.01636	0.00117
10	0.00164	0.00119	0.00140	0.00138	0.00164	0.02286	0.00103	0.01064	0.03458	0.05111	0.30411	0.17052	0.20027	0.08649	0.03329	0.00045	0.01012	0.06538	0.00095	0.00095
11	0.00994	0.02902	0.05630	0.23969	0.01324	0.04462	0.03176	0.02209	0.02246	0.03707	0.00228	0.02770	0.02244	0.05620	0.11016	0.01458	0.23754	0.00101	0.01261	0.00930
12	0.01610	0.01677	0.01436	0.02331	0.01305	0.06249	0.07255	0.06389	0.01258	0.04089	0.01981	0.04303	0.01382	0.02946	0.03665	0.00045	0.51801	0.00103	0.00058	0.00117

[dist]
# distance from previous block
# <min> <max>
3	3

[block]
# block no. 1 follows, 326 sequences, length 11
# corresponding to MSA columns:
# 1155,1160-1169
name=unknown_B
#
# <colnr> <probs for GDERKNQSTAVLIFYWHMCP>
#	G	D	E	R	K	N	Q	S	T	A	V	L	I	F	Y	W	H	M	C	P
0	0.00208	0.00257	0.17324	0.10938	0.09831	0.06139	0.14927	0.01823	0.04930	0.01316	0.02150	0.21793	0.02180	0.01042	0.01031	0.00036	0.02082	0.01163	0.00706	0.00123
1	0.00193	0.00180	0.00297	0.73439	0.05371	0.00221	0.01661	0.00252	0.00201	0.00265	0.04454	0.00294	0.00178	0.01644	0.01610	0.01429	0.08054	0.00095	0.00048	0.00112
2	0.01990	0.04854	0.03226	0.00232	0.00951	0.62995	0.00182	0.02731	0.01112	0.04695	0.00927	0.04976	0.06976	0.00135	0.00961	0.00030	0.01793	0.01053	0.00062	0.00118
3	0.04099	0.00226	0.00346	0.09525	0.51716	0.06679	0.08090	0.00286	0.00227	0.00315	0.03846	0.05144	0.04715	0.00138	0.03040	0.00035	0.00123	0.01258	0.00057	0.00136
4	0.00214	0.03150	0.04598	0.74105	0.04843	0.05693	0.03510	0.00279	0.00211	0.02196	0.00183	0.00259	0.00138	0.00100	0.00100	0.00033	0.00137	0.00088	0.00047	0.00119
5	0.03162	0.00125	0.00129	0.00121	0.00153	0.03049	0.00092	0.04568	0.00235	0.08967	0.06942	0.05254	0.05179	0.00155	0.02269	0.00030	0.00064	0.00115	0.59284	0.00105
6	0.01329	0.00107	0.00135	0.00143	0.00161	0.00104	0.00102	0.01121	0.02599	0.04638	0.11612	0.57399	0.13337	0.00283	0.02343	0.00041	0.03009	0.01352	0.00095	0.00092
7	0.00171	0.02351	0.07192	0.01397	0.04444	0.01381	0.03095	0.00966	0.02459	0.03246	0.06459	0.43610	0.04386	0.01105	0.01478	0.00040	0.03594	0.12440	0.00084	0.00102
8	0.01345	0.00167	0.00210	0.00172	0.00230	0.01989	0.00138	0.04892	0.01366	0.57229	0.06682	0.07111	0.09721	0.02782	0.00130	0.00035	0.05419	0.00130	0.00109	0.00144
9	0.00147	0.00111	0.00165	0.00163	0.00180	0.00131	0.00126	0.00181	0.00161	0.00233	0.00268	0.00401	0.00253	0.04557	0.89233	0.00156	0.03282	0.00109	0.00054	0.00090
10	0.02734	0.04473	0.00233	0.00199	0.00219	0.01524	0.01376	0.00236	0.01572	0.07337	0.06865	0.27139	0.02251	0.00995	0.00203	0.00040	0.37488	0.04937	0.00073	0.00106

[dist]
# distance from previous block
# <min> <max>
1	8

[block]
# block no. 2 follows, 326 sequences, length 9
# corresponding to MSA columns:
# 1194-1202
name=unknown_C
#
# <colnr> <probs for GDERKNQSTAVLIFYWHMCP>
#	G	D	E	R	K	N	Q	S	T	A	V	L	I	F	Y	W	H	M	C	P
0	0.02063	0.08485	0.02767	0.01178	0.02806	0.21995	0.09447	0.04094	0.07855	0.03695	0.07120	0.02995	0.01476	0.01509	0.02571	0.03000	0.12753	0.01981	0.01159	0.01050
1	0.00190	0.00179	0.00302	0.96214	0.00695	0.00224	0.00280	0.00258	0.00202	0.00258	0.00179	0.00269	0.00134	0.00101	0.00101	0.00034	0.00134	0.00090	0.00045	0.00112
2	0.00210	0.00127	0.00169	0.02732	0.00205	0.00122	0.01966	0.03572	0.04990	0.18159	0.08009	0.40778	0.08104	0.00233	0.00118	0.00037	0.00072	0.08042	0.02243	0.00110
3	0.01712	0.24022	0.20251	0.07592	0.05512	0.06368	0.08832	0.04782	0.02197	0.01809	0.01231	0.08621	0.01181	0.00130	0.01110	0.00032	0.01068	0.02591	0.00830	0.00130
4	0.02134	0.01482	0.00290	0.30227	0.22668	0.01392	0.04494	0.01701	0.04522	0.02903	0.02525	0.04570	0.05363	0.02550	0.02689	0.02193	0.02060	0.03520	0.02596	0.00121
5	0.00137	0.00107	0.00120	0.00126	0.00150	0.01665	0.00091	0.00166	0.01734	0.02007	0.08366	0.34474	0.45305	0.01755	0.00128	0.00038	0.00059	0.03390	0.00095	0.00088
6	0.00226	0.02453	0.12708	0.32523	0.20949	0.01267	0.10338	0.04661	0.03064	0.02337	0.01386	0.02387	0.01614	0.00110	0.00105	0.00032	0.01015	0.01629	0.01061	0.00134
7	0.03125	0.15486	0.19156	0.09593	0.05437	0.06026	0.07096	0.08108	0.02489	0.13974	0.01008	0.01946	0.00181	0.00111	0.00102	0.00031	0.03181	0.01651	0.00065	0.01233
8	0.01031	0.00132	0.01397	0.03476	0.02136	0.00129	0.01701	0.05104	0.01154	0.07717	0.04723	0.34548	0.07109	0.05067	0.03315	0.00046	0.01767	0.19258	0.00089	0.00102

[dist]
# distance from previous block
# <min> <max>
0	4

[block]
# block no. 3 follows, 326 sequences, length 7
# corresponding to MSA columns:
# 1207-1213
name=unknown_D
#
# <colnr> <probs for GDERKNQSTAVLIFYWHMCP>
#	G	D	E	R	K	N	Q	S	T	A	V	L	I	F	Y	W	H	M	C	P
0	0.03289	0.00150	0.00208	0.25964	0.00326	0.00164	0.02878	0.08825	0.01372	0.05802	0.10153	0.07924	0.03892	0.03296	0.08306	0.02968	0.00106	0.00124	0.14143	0.00109
1	0.00185	0.00112	0.00150	0.02885	0.00165	0.02154	0.00104	0.03085	0.02535	0.00214	0.01865	0.01852	0.03347	0.00324	0.03056	0.74217	0.02133	0.00098	0.01457	0.00060
2	0.01980	0.07870	0.19517	0.07294	0.12225	0.08096	0.08454	0.10984	0.04991	0.05425	0.01190	0.03312	0.01373	0.01731	0.00116	0.02789	0.00972	0.01480	0.00063	0.00137
3	0.18728	0.03374	0.06199	0.01477	0.06326	0.03448	0.04762	0.04232	0.02777	0.08069	0.09688	0.06789	0.04325	0.05832	0.03851	0.00042	0.06422	0.02310	0.01229	0.00118
4	0.47451	0.03259	0.03466	0.02662	0.03843	0.01190	0.01772	0.05279	0.05953	0.04991	0.02180	0.00325	0.08718	0.00132	0.01148	0.00034	0.02848	0.03590	0.01040	0.00120
5	0.13261	0.16238	0.03544	0.05964	0.01630	0.03920	0.04559	0.11189	0.02374	0.07994	0.01249	0.07731	0.00972	0.01796	0.01904	0.00034	0.05322	0.01449	0.01480	0.07390
6	0.03667	0.01847	0.06869	0.03689	0.01346	0.04085	0.01311	0.08641	0.03671	0.12029	0.28758	0.07380	0.07460	0.00187	0.03265	0.00036	0.00089	0.01360	0.01153	0.03158

[dist]
# distance from previous block
# <min> <max>
4	86

[block]
# block no. 4 follows, 326 sequences, length 23
# corresponding to MSA columns:
# 1308-1313,1349-1365
name=unknown_E
#
# <colnr> <probs for GDERKNQSTAVLIFYWHMCP>
#	G	D	E	R	K	N	Q	S	T	A	V	L	I	F	Y	W	H	M	C	P
0	0.00872	0.01348	0.00307	0.08538	0.21394	0.26555	0.01027	0.12847	0.01288	0.04370	0.01488	0.04766	0.00192	0.00126	0.00128	0.00032	0.12076	0.00987	0.01527	0.00133
1	0.00140	0.00099	0.00130	0.00149	0.00162	0.00096	0.00109	0.00625	0.02374	0.01049	0.01446	0.64226	0.03047	0.03448	0.00923	0.00848	0.00069	0.19752	0.01220	0.00086
2	0.01743	0.00908	0.00953	0.00214	0.00284	0.05601	0.00176	0.63096	0.07187	0.06669	0.01893	0.00272	0.00202	0.00123	0.00102	0.00030	0.02211	0.00093	0.08087	0.00157
3	0.01140	0.03268	0.14068	0.01390	0.01849	0.01383	0.03663	0.05627	0.05354	0.15312	0.02213	0.00282	0.00607	0.01474	0.02890	0.00031	0.03258	0.01393	0.00072	0.34724
4	0.03192	0.06123	0.19033	0.02637	0.02318	0.03218	0.09780	0.14548	0.04339	0.11574	0.02763	0.01299	0.00968	0.00913	0.02262	0.00506	0.06686	0.00093	0.00981	0.06765
5	0.00205	0.04679	0.91802	0.00282	0.00429	0.00241	0.00364	0.00319	0.00213	0.00316	0.00179	0.00211	0.00128	0.00095	0.00094	0.00031	0.00147	0.00074	0.00043	0.00148
6	0.01612	0.00691	0.16600	0.05947	0.08272	0.00173	0.06756	0.04639	0.04419	0.02851	0.15692	0.14016	0.10818	0.00911	0.00937	0.00036	0.01596	0.03838	0.00078	0.00119
7	0.02255	0.21278	0.30237	0.04137	0.03954	0.02819	0.13073	0.03645	0.06703	0.05903	0.02043	0.01603	0.00606	0.00105	0.00096	0.00030	0.01227	0.00087	0.00058	0.00140
8	0.00885	0.00103	0.00139	0.00137	0.00145	0.00110	0.00094	0.00795	0.00154	0.01800	0.00268	0.02316	0.00279	0.35256	0.30775	0.24171	0.01691	0.00119	0.00691	0.00070
9	0.01943	0.00111	0.00137	0.00134	0.00151	0.00110	0.00092	0.01831	0.00592	0.10346	0.07658	0.20322	0.01108	0.43717	0.05028	0.01268	0.00839	0.03712	0.00816	0.00086
10	0.01993	0.02021	0.01948	0.25384	0.24327	0.13141	0.04186	0.08025	0.06462	0.04266	0.00831	0.01478	0.01198	0.00593	0.00108	0.00032	0.02777	0.01033	0.00061	0.00136
11	0.07369	0.07719	0.09923	0.08371	0.16126	0.10515	0.17653	0.08140	0.02257	0.06819	0.00209	0.00916	0.00655	0.00105	0.00464	0.00031	0.02043	0.00089	0.00456	0.00139
12	0.00153	0.00121	0.00178	0.00173	0.00188	0.00147	0.00136	0.00187	0.00161	0.00234	0.00255	0.00381	0.00241	0.02582	0.83148	0.00147	0.11318	0.00107	0.00053	0.00092
13	0.03898	0.06671	0.03842	0.02612	0.09985	0.17662	0.01608	0.26510	0.00784	0.15526	0.00254	0.00275	0.02143	0.00796	0.00916	0.00031	0.01228	0.01202	0.03910	0.00144
14	0.02556	0.17281	0.10754	0.09868	0.22468	0.05098	0.04541	0.06538	0.03392	0.12602	0.00809	0.00778	0.01673	0.00105	0.00096	0.00030	0.01115	0.00087	0.00064	0.00144
15	0.00746	0.00156	0.00183	0.00171	0.00208	0.03470	0.01809	0.14906	0.03540	0.12473	0.02963	0.40143	0.07923	0.00229	0.00623	0.00037	0.01206	0.07107	0.01993	0.00114
16	0.00142	0.00103	0.00130	0.01812	0.01282	0.00725	0.00102	0.00174	0.02041	0.01896	0.14024	0.58025	0.10139	0.01454	0.00127	0.00038	0.00061	0.03344	0.04292	0.00089
17	0.08087	0.01350	0.06878	0.04501	0.04143	0.04017	0.05238	0.07779	0.08885	0.32574	0.03806	0.05652	0.00862	0.00137	0.00106	0.00033	0.01738	0.03982	0.00091	0.00144
18	0.03112	0.10702	0.11282	0.07325	0.08202	0.07398	0.02924	0.17621	0.11862	0.13019	0.01851	0.02314	0.00206	0.00587	0.00100	0.00031	0.00771	0.00470	0.00076	0.00146
19	0.00152	0.00111	0.00159	0.00157	0.00174	0.00124	0.01208	0.00866	0.01267	0.01343	0.01323	0.05933	0.00306	0.15871	0.66597	0.00133	0.01134	0.02026	0.01026	0.00088
20	0.03005	0.01183	0.01083	0.11266	0.27703	0.02118	0.01977	0.04532	0.02018	0.00324	0.00344	0.02021	0.00992	0.00789	0.00119	0.00038	0.00885	0.38183	0.01298	0.00121
21	0.18945	0.03249	0.04605	0.17976	0.03329	0.04238	0.06903	0.19152	0.06506	0.07481	0.03069	0.02513	0.00200	0.00116	0.00095	0.00032	0.00111	0.01271	0.00073	0.00135
22	0.04124	0.05278	0.14949	0.03430	0.03984	0.04620	0.11199	0.25244	0.05097	0.10552	0.02047	0.01337	0.00195	0.00804	0.00776	0.00032	0.01608	0.00822	0.01047	0.02855

[dist]
# distance from previous block
# <min> <max>
5	85

[block]
# block no. 5 follows, 326 sequences, length 14
# corresponding to MSA columns:
# 1452-1455,1457,1462-1466,1472-1475
name=unknown_F
#
# <colnr> <probs for GDERKNQSTAVLIFYWHMCP>
#	G	D	E	R	K	N	Q	S	T	A	V	L	I	F	Y	W	H	M	C	P
0	0.00825	0.02322	0.03262	0.06369	0.00738	0.00153	0.04566	0.06671	0.05565	0.04035	0.11074	0.19856	0.04468	0.01329	0.01108	0.01860	0.00089	0.21855	0.00086	0.03768
1	0.06805	0.03261	0.10576	0.07255	0.13642	0.02555	0.07898	0.11545	0.06894	0.02180	0.07364	0.04483	0.02062	0.00762	0.03263	0.00036	0.04269	0.01099	0.00069	0.03981
2	0.00215	0.00176	0.00206	0.00150	0.00235	0.00136	0.00120	0.02735	0.00222	0.03279	0.03140	0.00261	0.04025	0.00089	0.00079	0.00017	0.00074	0.00072	0.00066	0.84703
3	0.00208	0.00183	0.00230	0.00165	0.00254	0.00141	0.06119	0.00255	0.00212	0.00327	0.00205	0.00235	0.02910	0.00081	0.00079	0.00017	0.00080	0.00068	0.00060	0.88172
4	0.02108	0.02151	0.01214	0.09351	0.53727	0.00718	0.01995	0.05463	0.08621	0.01774	0.02228	0.03646	0.01418	0.00113	0.00104	0.00031	0.01480	0.01447	0.00062	0.02348
5	0.03349	0.34004	0.19215	0.01775	0.03731	0.02805	0.01622	0.21345	0.06912	0.02054	0.00198	0.00216	0.00154	0.00103	0.00091	0.00028	0.02118	0.00075	0.00063	0.00145
6	0.00173	0.03136	0.00741	0.00163	0.00192	0.02440	0.03584	0.00204	0.01079	0.05702	0.05474	0.55858	0.02476	0.00814	0.02121	0.00038	0.03073	0.01336	0.00085	0.11310
7	0.00164	0.00130	0.00179	0.05019	0.01094	0.01889	0.02456	0.00192	0.00176	0.00243	0.00316	0.04551	0.01699	0.22482	0.33976	0.02608	0.08042	0.12245	0.02453	0.00087
8	0.00155	0.00112	0.00133	0.00127	0.00157	0.00103	0.00096	0.00207	0.06020	0.04533	0.46876	0.05441	0.32878	0.00220	0.00117	0.00033	0.00053	0.01375	0.01266	0.00098
9	0.01398	0.09004	0.27519	0.01771	0.08181	0.02860	0.14845	0.06366	0.12481	0.00341	0.02186	0.04368	0.01617	0.00129	0.01815	0.00034	0.02850	0.00653	0.01445	0.00139
10	0.00146	0.00105	0.00133	0.00125	0.00151	0.00097	0.00094	0.00193	0.01700	0.01524	0.78736	0.02117	0.10956	0.01924	0.00125	0.00033	0.00050	0.00183	0.01513	0.00095
11	0.00189	0.00180	0.02157	0.64407	0.09619	0.00204	0.02207	0.00253	0.00962	0.00282	0.08425	0.03740	0.02440	0.00133	0.01342	0.00035	0.00962	0.02292	0.00056	0.00114
12	0.03738	0.00120	0.00146	0.00131	0.00166	0.00113	0.00101	0.02887	0.00270	0.15221	0.51596	0.00591	0.05261	0.00172	0.00104	0.00030	0.00056	0.00147	0.19042	0.00109
13	0.00172	0.00148	0.01312	0.02331	0.02503	0.08210	0.01806	0.01883	0.01764	0.02794	0.20599	0.40798	0.12830	0.00238	0.00119	0.00036	0.00075	0.02193	0.00091	0.00098

[dist]
# distance from previous block
# <min> <max>
12	133

[block]
# block no. 6 follows, 326 sequences, length 10
# corresponding to MSA columns:
# 1639-1645,1654-1656
name=unknown_G
#
# <colnr> <probs for GDERKNQSTAVLIFYWHMCP>
#	G	D	E	R	K	N	Q	S	T	A	V	L	I	F	Y	W	H	M	C	P
0	0.00253	0.10002	0.05685	0.03200	0.04218	0.21175	0.04455	0.06927	0.06058	0.01706	0.04429	0.15337	0.03038	0.00160	0.00956	0.00033	0.08844	0.01164	0.01323	0.01035
1	0.00138	0.05095	0.00142	0.00139	0.00152	0.00103	0.00096	0.00156	0.00191	0.00253	0.00503	0.70604	0.03268	0.12363	0.00172	0.00046	0.00067	0.02875	0.00086	0.03552
2	0.00260	0.05822	0.07449	0.10828	0.21587	0.09081	0.05073	0.03721	0.13704	0.08151	0.03516	0.02468	0.01050	0.00133	0.02189	0.00034	0.01096	0.01855	0.01842	0.00139
3	0.00243	0.00218	0.01745	0.19256	0.46839	0.00222	0.04074	0.06132	0.02536	0.04189	0.02108	0.01706	0.01096	0.01380	0.00109	0.00032	0.01033	0.01833	0.00817	0.04433
4	0.42966	0.06337	0.05201	0.00196	0.00257	0.29490	0.00165	0.01724	0.00215	0.00349	0.00149	0.00180	0.00122	0.00104	0.00098	0.00030	0.08716	0.00062	0.00056	0.03585
5	0.02305	0.00262	0.07337	0.07034	0.02412	0.02492	0.06306	0.42108	0.11537	0.03659	0.05207	0.01560	0.00229	0.00140	0.02420	0.00035	0.03593	0.00101	0.01112	0.00149
6	0.00214	0.00210	0.01890	0.13312	0.01787	0.03705	0.31862	0.03290	0.07830	0.01914	0.08717	0.08442	0.05605	0.00148	0.00117	0.00034	0.01856	0.06272	0.01718	0.01075
7	0.00190	0.01925	0.00230	0.03619	0.01290	0.00210	0.00164	0.00219	0.01217	0.01453	0.03479	0.09369	0.02354	0.10288	0.11638	0.00061	0.43863	0.03245	0.05088	0.00100
8	0.00793	0.01011	0.02946	0.04422	0.01028	0.01955	0.01066	0.03132	0.01188	0.02562	0.05669	0.14122	0.00382	0.33365	0.15483	0.01518	0.03929	0.04506	0.00833	0.00089
9	0.00137	0.02896	0.00141	0.02145	0.00167	0.00101	0.00105	0.00167	0.00224	0.00301	0.26475	0.52383	0.05929	0.00268	0.00124	0.00038	0.00061	0.08153	0.00096	0.00089

[dist]
# distance from previous block
# <min> <max>
3	30

[block]
# block no. 7 follows, 326 sequences, length 7
# corresponding to MSA columns:
# 1687-1691,1696,1697
name=unknown_H
#
# <colnr> <probs for GDERKNQSTAVLIFYWHMCP>
#	G	D	E	R	K	N	Q	S	T	A	V	L	I	F	Y	W	H	M	C	P
0	0.00210	0.00124	0.00156	0.00154	0.04564	0.00117	0.00110	0.02252	0.03113	0.15242	0.34999	0.08631	0.09082	0.00179	0.00105	0.00031	0.00060	0.00154	0.20604	0.00111
1	0.01583	0.04293	0.61213	0.03555	0.00399	0.01983	0.06359	0.06052	0.02020	0.01797	0.00217	0.06865	0.00176	0.00123	0.01299	0.00034	0.01746	0.00094	0.00053	0.00141
2	0.04695	0.03489	0.01879	0.10961	0.03937	0.02779	0.13228	0.02736	0.03091	0.07966	0.05205	0.01572	0.00220	0.00128	0.01192	0.00032	0.14643	0.01668	0.06637	0.13942
3	0.00130	0.00094	0.00123	0.00138	0.00148	0.00091	0.00095	0.00151	0.00193	0.00259	0.06455	0.60449	0.05561	0.11650	0.10703	0.00060	0.00086	0.03445	0.00087	0.00082
4	0.00167	0.00110	0.00126	0.00120	0.00155	0.00095	0.00091	0.00197	0.00242	0.12907	0.15271	0.10616	0.59060	0.00237	0.00118	0.00034	0.00056	0.00201	0.00100	0.00098
5	0.04681	0.00183	0.01709	0.26294	0.06779	0.02015	0.03131	0.07819	0.04455	0.08265	0.13259	0.04009	0.08721	0.03693	0.00126	0.00036	0.02236	0.02392	0.00077	0.00120
6	0.01822	0.04807	0.04743	0.08784	0.01964	0.01918	0.42373	0.03807	0.06188	0.09401	0.00258	0.05343	0.01216	0.00113	0.00110	0.00032	0.01151	0.01311	0.00065	0.04593

[dist]
# distance from previous block
# <min> <max>
0	25

[block]
# block no. 8 follows, 326 sequences, length 6
# corresponding to MSA columns:
# 1723-1728
name=unknown_I
#
# <colnr> <probs for GDERKNQSTAVLIFYWHMCP>
#	G	D	E	R	K	N	Q	S	T	A	V	L	I	F	Y	W	H	M	C	P
0	0.68237	0.03387	0.00186	0.03600	0.03080	0.02075	0.00130	0.03178	0.00194	0.00414	0.05081	0.03627	0.02101	0.00115	0.00085	0.00032	0.04226	0.00078	0.00065	0.00111
1	0.04634	0.02624	0.01294	0.01471	0.02335	0.00140	0.01161	0.04388	0.05111	0.03121	0.15237	0.14807	0.11230	0.04490	0.14543	0.07051	0.00104	0.01904	0.00080	0.04276
2	0.00153	0.00107	0.00153	0.04565	0.00193	0.00102	0.03522	0.00179	0.00211	0.04548	0.11864	0.53111	0.06489	0.02591	0.00148	0.05013	0.00070	0.06802	0.00090	0.00089
3	0.04398	0.02614	0.43208	0.02176	0.07391	0.04626	0.12321	0.01975	0.01550	0.02749	0.04965	0.04440	0.01923	0.00125	0.01162	0.00034	0.03022	0.01129	0.00057	0.00136
4	0.00222	0.03195	0.17800	0.03172	0.04927	0.03623	0.07936	0.09242	0.00234	0.00326	0.08736	0.06107	0.05772	0.00152	0.00161	0.00035	0.24022	0.01359	0.01254	0.01726
5	0.00160	0.00119	0.01402	0.01421	0.01850	0.00108	0.00107	0.01471	0.03465	0.05490	0.27831	0.19539	0.27910	0.03008	0.02156	0.00039	0.00066	0.02253	0.01507	0.00098

[dist]
# distance from previous block
# <min> <max>
0	2638

# created by:
# /home/berkeley/.conda/envs/busco_data_prod/bin/msa2prfl.pl pipeline/OGs_align_augustus/2759/10252587.fs
