[name]
unknown

[dist]
# distance from previous block
# <min> <max>
0	241

[block]
# block no. 0 follows, 204 sequences, length 16
# corresponding to MSA columns:
# 891,892,894,895,903-914
name=unknown_A
#
# <colnr> <probs for GDERKNQSTAVLIFYWHMCP>
#	G	D	E	R	K	N	Q	S	T	A	V	L	I	F	Y	W	H	M	C	P
0	0.00213	0.00159	0.00186	0.00181	0.00225	0.00140	0.00135	0.00265	0.00387	0.02735	0.39914	0.08442	0.44165	0.01917	0.00194	0.00053	0.00080	0.00312	0.00156	0.00140
1	0.00204	0.00153	0.00203	0.00228	0.00238	0.00153	0.00156	0.00231	0.00291	0.00393	0.00784	0.81353	0.00935	0.05439	0.00250	0.00067	0.06409	0.00404	0.00136	0.01973
2	0.00414	0.01833	0.08061	0.07606	0.08811	0.03654	0.26844	0.14296	0.04605	0.06741	0.01352	0.00410	0.00270	0.00179	0.02033	0.00052	0.04170	0.00149	0.00101	0.08418
3	0.00239	0.00184	0.00212	0.00213	0.00257	0.00178	0.00158	0.04176	0.10335	0.01581	0.12335	0.29631	0.32961	0.02402	0.00199	0.00058	0.00095	0.04487	0.00149	0.00151
4	0.00230	0.00181	0.00199	0.00195	0.00245	0.00171	0.00146	0.00330	0.13119	0.02181	0.16730	0.11943	0.51085	0.00359	0.00180	0.00053	0.00086	0.00306	0.02108	0.00152
5	0.00383	0.00377	0.00551	0.13298	0.55641	0.08267	0.01243	0.03309	0.02431	0.00484	0.00317	0.00410	0.01866	0.00199	0.03691	0.00056	0.07035	0.00141	0.00081	0.00220
6	0.00387	0.18657	0.38172	0.00412	0.08810	0.02424	0.00402	0.09416	0.09349	0.03952	0.01515	0.01773	0.01251	0.00177	0.01134	0.00048	0.00189	0.00131	0.01574	0.00225
7	0.00596	0.00306	0.02456	0.00306	0.02236	0.00287	0.00248	0.20026	0.05151	0.55686	0.01635	0.04036	0.01192	0.00220	0.00817	0.01832	0.00142	0.01005	0.01578	0.00248
8	0.00355	0.00394	0.00831	0.15502	0.00840	0.00389	0.74813	0.00478	0.00354	0.00478	0.00305	0.00416	0.00231	0.00140	0.00192	0.00053	0.03773	0.00175	0.00077	0.00203
9	0.04377	0.01696	0.00584	0.00453	0.00564	0.20117	0.37390	0.03555	0.05717	0.08744	0.00432	0.04899	0.01710	0.00198	0.00169	0.00051	0.00215	0.08823	0.00107	0.00199
10	0.00403	0.00397	0.03820	0.01315	0.05180	0.00373	0.57147	0.08869	0.05515	0.07706	0.00388	0.03932	0.00306	0.00169	0.00181	0.00052	0.01682	0.02244	0.00102	0.00218
11	0.00358	0.00373	0.00476	0.01874	0.00435	0.10169	0.04191	0.00399	0.00267	0.00380	0.00229	0.00358	0.00218	0.00315	0.06922	0.00077	0.72581	0.00137	0.00071	0.00171
12	0.95626	0.00301	0.00229	0.00205	0.00301	0.00349	0.00169	0.00458	0.00265	0.00699	0.00217	0.00253	0.00169	0.00145	0.00096	0.00048	0.00120	0.00084	0.00096	0.00169
13	0.02501	0.00143	0.00187	0.00221	0.00235	0.00136	0.00153	0.00232	0.00305	0.00415	0.02804	0.83636	0.01009	0.00472	0.00197	0.00063	0.00094	0.06923	0.00144	0.00129
14	0.00295	0.00277	0.00463	0.83847	0.06835	0.00337	0.00421	0.00395	0.00316	0.00406	0.00340	0.00465	0.04633	0.00166	0.00157	0.00052	0.00200	0.00147	0.00073	0.00176
15	0.00341	0.00328	0.00453	0.02241	0.00410	0.00448	0.00324	0.04757	0.00264	0.00402	0.00242	0.01845	0.00239	0.03211	0.04371	0.00077	0.79656	0.00145	0.00075	0.00171

[dist]
# distance from previous block
# <min> <max>
1	5

[block]
# block no. 1 follows, 204 sequences, length 17
# corresponding to MSA columns:
# 932-948
name=unknown_B
#
# <colnr> <probs for GDERKNQSTAVLIFYWHMCP>
#	G	D	E	R	K	N	Q	S	T	A	V	L	I	F	Y	W	H	M	C	P
0	0.00425	0.87905	0.04809	0.00284	0.00420	0.03166	0.00285	0.00478	0.00326	0.00381	0.00228	0.00266	0.00208	0.00140	0.00107	0.00036	0.00175	0.00088	0.00070	0.00205
1	0.00235	0.00174	0.00246	0.00244	0.00266	0.00198	0.00182	0.00277	0.00251	0.00359	0.00435	0.00698	0.00428	0.19654	0.73242	0.00228	0.02480	0.00181	0.00088	0.00135
2	0.03737	0.00386	0.03511	0.02456	0.01581	0.00364	0.58790	0.02755	0.10038	0.02500	0.01439	0.07778	0.00362	0.00188	0.00183	0.00055	0.00878	0.02688	0.00102	0.00210
3	0.00320	0.00293	0.00474	0.81216	0.00994	0.00360	0.01847	0.05247	0.00337	0.00438	0.00302	0.01723	0.00238	0.00175	0.00177	0.00054	0.04320	0.01224	0.00079	0.00182
4	0.00223	0.00167	0.00250	0.00250	0.00278	0.00195	0.00195	0.00278	0.00250	0.00362	0.00417	0.00612	0.00389	0.01168	0.93909	0.00250	0.00417	0.00167	0.00083	0.00139
5	0.00309	0.00293	0.00488	0.79707	0.00990	0.00363	0.04470	0.02696	0.00318	0.00415	0.00275	0.00408	0.00210	0.00165	0.00187	0.00053	0.08265	0.00140	0.00072	0.00177
6	0.23776	0.00365	0.02247	0.11358	0.05925	0.00385	0.28947	0.11267	0.05677	0.01569	0.00312	0.01085	0.00240	0.00161	0.00169	0.00051	0.05346	0.00144	0.00772	0.00204
7	0.00230	0.00176	0.00258	0.00254	0.00278	0.00208	0.00196	0.00280	0.00248	0.00358	0.00410	0.00628	0.00392	0.08473	0.80924	0.00231	0.06067	0.00170	0.00083	0.00137
8	0.00278	0.00146	0.00151	0.00152	0.00187	0.00144	0.00113	0.00348	0.00334	0.00571	0.06554	0.03997	0.04134	0.00210	0.00120	0.00039	0.00074	0.00172	0.82133	0.00144
9	0.00523	0.00374	0.00405	0.00330	0.00437	0.03700	0.01340	0.37853	0.33567	0.16155	0.03301	0.00494	0.00393	0.00199	0.00158	0.00049	0.00150	0.00159	0.00160	0.00251
10	0.01843	0.00311	0.00490	0.65757	0.02269	0.03674	0.08104	0.03690	0.00351	0.11544	0.00322	0.00420	0.00233	0.00159	0.00157	0.00051	0.00203	0.00142	0.00089	0.00192
11	0.00323	0.00306	0.00519	0.64876	0.30124	0.00354	0.00447	0.00423	0.00325	0.00433	0.00282	0.00406	0.00220	0.00150	0.00155	0.00050	0.00201	0.00139	0.00072	0.00196
12	0.00198	0.00156	0.00208	0.00219	0.00248	0.00141	0.04061	0.00236	0.00326	0.00421	0.05563	0.57439	0.27732	0.00437	0.00193	0.00059	0.00094	0.01992	0.00143	0.00133
13	0.00316	0.00296	0.01373	0.64667	0.03263	0.00358	0.03769	0.03701	0.01097	0.01450	0.00305	0.02760	0.00250	0.00204	0.02124	0.00058	0.12164	0.01584	0.00078	0.00179
14	0.00309	0.00291	0.00468	0.83908	0.01008	0.01971	0.02660	0.03877	0.00332	0.00423	0.00320	0.00444	0.03016	0.00164	0.00157	0.00052	0.00205	0.00145	0.00075	0.00176
15	0.00206	0.00154	0.00193	0.00217	0.00241	0.00145	0.00155	0.00261	0.04392	0.00438	0.08947	0.59447	0.15414	0.00442	0.00195	0.00061	0.00093	0.08718	0.00147	0.00136
16	0.00281	0.00255	0.00421	0.69792	0.02653	0.00314	0.00377	0.00372	0.00297	0.00391	0.00308	0.00463	0.00251	0.01649	0.19858	0.00095	0.01838	0.00146	0.00073	0.00166

[dist]
# distance from previous block
# <min> <max>
1	3

[block]
# block no. 2 follows, 204 sequences, length 7
# corresponding to MSA columns:
# 952-958
name=unknown_C
#
# <colnr> <probs for GDERKNQSTAVLIFYWHMCP>
#	G	D	E	R	K	N	Q	S	T	A	V	L	I	F	Y	W	H	M	C	P
0	0.02557	0.00352	0.00406	0.05675	0.04746	0.03880	0.02929	0.34538	0.16933	0.11057	0.07654	0.00527	0.02083	0.01747	0.00166	0.00050	0.00153	0.00163	0.04154	0.00229
1	0.00226	0.00162	0.00224	0.00269	0.07056	0.00153	0.00172	0.00264	0.00323	0.02828	0.13316	0.63894	0.00984	0.05994	0.00228	0.00065	0.00101	0.03458	0.00142	0.00140
2	0.15736	0.06959	0.05331	0.02272	0.22308	0.14509	0.00333	0.04370	0.00343	0.02419	0.00260	0.00327	0.00216	0.00169	0.00199	0.00047	0.16832	0.00116	0.00084	0.07170
3	0.00233	0.00156	0.00188	0.00192	0.00205	0.00153	0.00125	0.00255	0.00283	0.02625	0.10427	0.20408	0.04965	0.50616	0.00516	0.00107	0.01916	0.03236	0.03275	0.00117
4	0.00349	0.00298	0.00425	0.04788	0.13755	0.00316	0.09411	0.03963	0.24032	0.03841	0.07782	0.08480	0.03329	0.01306	0.00197	0.00052	0.07025	0.02127	0.02248	0.06276
5	0.00343	0.00334	0.00558	0.00477	0.07321	0.03744	0.32272	0.04781	0.00345	0.00477	0.00400	0.03874	0.00373	0.02994	0.06495	0.00072	0.17560	0.12075	0.05321	0.00184
6	0.67017	0.00302	0.00288	0.09532	0.03623	0.00346	0.00217	0.03852	0.05453	0.05502	0.00276	0.00316	0.00209	0.00162	0.00125	0.02256	0.00134	0.00104	0.00103	0.00182

[dist]
# distance from previous block
# <min> <max>
13	24

[block]
# block no. 3 follows, 204 sequences, length 28
# corresponding to MSA columns:
# 1174-1183,1187-1204
name=unknown_D
#
# <colnr> <probs for GDERKNQSTAVLIFYWHMCP>
#	G	D	E	R	K	N	Q	S	T	A	V	L	I	F	Y	W	H	M	C	P
0	0.05535	0.00360	0.00423	0.01551	0.13770	0.03417	0.03211	0.14966	0.45156	0.06917	0.02216	0.00501	0.00389	0.00191	0.00155	0.00050	0.00150	0.00664	0.00139	0.00240
1	0.00397	0.63708	0.19457	0.00322	0.00468	0.03536	0.02856	0.02172	0.00332	0.00412	0.01980	0.00294	0.00225	0.00146	0.00129	0.00039	0.03153	0.00099	0.00071	0.00205
2	0.00385	0.01431	0.15581	0.00301	0.00404	0.11608	0.02148	0.09667	0.00950	0.11917	0.28147	0.04110	0.05294	0.00233	0.00165	0.00047	0.01111	0.00193	0.00133	0.06173
3	0.04158	0.00306	0.00479	0.72266	0.14534	0.03300	0.00421	0.00425	0.00322	0.01938	0.00281	0.00402	0.00214	0.00154	0.00153	0.00051	0.00202	0.00135	0.00074	0.00185
4	0.00252	0.00195	0.00269	0.00253	0.00271	0.00228	0.01666	0.00290	0.01196	0.01438	0.00435	0.04102	0.01058	0.31458	0.39194	0.00169	0.15441	0.00192	0.01758	0.00133
5	0.00194	0.00141	0.00181	0.00209	0.00225	0.00130	0.00141	0.00222	0.00304	0.00402	0.02562	0.78555	0.09646	0.04318	0.00220	0.00065	0.00092	0.00414	0.00142	0.01837
6	0.00266	0.00944	0.07689	0.01082	0.00364	0.00280	0.06195	0.00323	0.01050	0.00407	0.02024	0.30241	0.03458	0.04413	0.10795	0.00086	0.27195	0.01219	0.01812	0.00156
7	0.00200	0.00151	0.00181	0.00194	0.00227	0.00135	0.00140	0.00241	0.00345	0.01470	0.14645	0.39682	0.37103	0.00421	0.00191	0.00057	0.00086	0.04248	0.00149	0.00134
8	0.00773	0.00245	0.00785	0.00253	0.02530	0.00203	0.00188	0.01920	0.00380	0.05799	0.22307	0.10766	0.08077	0.01187	0.00167	0.00045	0.00112	0.00210	0.02265	0.41788
9	0.00192	0.00137	0.00182	0.00214	0.00225	0.00128	0.00144	0.00221	0.00306	0.00408	0.05552	0.87019	0.02599	0.01612	0.00205	0.00063	0.00090	0.00430	0.00145	0.00127
10	0.00250	0.00175	0.00223	0.00230	0.00260	0.01036	0.00177	0.00302	0.01343	0.03367	0.12458	0.03237	0.05751	0.25018	0.15184	0.00115	0.00175	0.29555	0.01009	0.00135
11	0.02425	0.12430	0.16730	0.00840	0.02732	0.04046	0.07703	0.11787	0.09350	0.02288	0.00463	0.03797	0.04415	0.01735	0.00169	0.00050	0.02545	0.06454	0.09840	0.00202
12	0.00629	0.00272	0.00351	0.00276	0.00388	0.00249	0.00225	0.06794	0.06886	0.73190	0.02237	0.00585	0.05147	0.00206	0.00158	0.00048	0.00130	0.00168	0.01810	0.00253
13	0.00312	0.00806	0.93719	0.00444	0.00674	0.00362	0.00576	0.00493	0.00329	0.00493	0.00280	0.00329	0.00197	0.00148	0.00148	0.00049	0.00230	0.00115	0.00066	0.00230
14	0.02227	0.00277	0.00462	0.92246	0.01057	0.00346	0.00427	0.00399	0.00311	0.00404	0.00276	0.00412	0.00207	0.00156	0.00155	0.00052	0.00206	0.00137	0.00070	0.00173
15	0.00620	0.00269	0.00342	0.00269	0.00376	0.01072	0.00220	0.09702	0.01107	0.68860	0.01941	0.00530	0.00391	0.00208	0.01663	0.00050	0.00134	0.00155	0.11846	0.00246
16	0.00271	0.00135	0.00203	0.00203	0.00203	0.00135	0.00135	0.00203	0.00203	0.00271	0.00271	0.00473	0.00271	0.00541	0.00609	0.95468	0.00135	0.00135	0.00068	0.00068
17	0.08605	0.00361	0.00405	0.00315	0.00433	0.00379	0.00259	0.50746	0.02608	0.32128	0.00449	0.00428	0.00305	0.00933	0.00882	0.00050	0.00155	0.00143	0.00162	0.00254
18	0.00251	0.00210	0.00316	0.02337	0.00332	0.00253	0.03942	0.00302	0.00255	0.00368	0.00395	0.02841	0.01103	0.07047	0.61812	0.00192	0.17644	0.00173	0.00083	0.00145
19	0.03531	0.00264	0.00353	0.00274	0.00390	0.00233	0.00226	0.01623	0.00437	0.86477	0.00599	0.00542	0.00386	0.01290	0.01488	0.00052	0.00137	0.01254	0.00186	0.00257
20	0.00251	0.00179	0.00251	0.00287	0.00323	0.00179	0.00251	0.00323	0.00359	0.00466	0.00825	0.01757	0.00896	0.00430	0.00215	0.00072	0.00143	0.92506	0.00143	0.00143
21	0.00350	0.01693	0.30166	0.00568	0.00743	0.00378	0.58840	0.00493	0.00353	0.01687	0.00316	0.01886	0.00240	0.00156	0.01371	0.00054	0.00249	0.00164	0.00077	0.00215
22	0.00211	0.00162	0.00226	0.00289	0.09703	0.00153	0.00179	0.00246	0.00310	0.00412	0.00855	0.75808	0.07987	0.00444	0.00194	0.00061	0.00100	0.02384	0.00138	0.00139
23	0.00367	0.00354	0.00609	0.18963	0.72818	0.00366	0.03320	0.00463	0.00347	0.00487	0.00291	0.00392	0.00239	0.00142	0.00155	0.00048	0.00192	0.00140	0.00076	0.00231
24	0.02202	0.01169	0.08009	0.03872	0.04433	0.05542	0.39229	0.08860	0.04188	0.10932	0.01856	0.02230	0.00300	0.01812	0.01870	0.00056	0.02954	0.00166	0.00103	0.00215
25	0.00323	0.07314	0.58443	0.00389	0.00562	0.00337	0.05443	0.00471	0.03862	0.04512	0.02227	0.10872	0.03282	0.00200	0.00154	0.00050	0.00194	0.00167	0.00984	0.00212
26	0.01002	0.02241	0.01350	0.00291	0.00399	0.03980	0.01632	0.19121	0.01316	0.40244	0.02272	0.05298	0.02063	0.00212	0.00155	0.00046	0.00143	0.04946	0.02915	0.10375
27	0.05571	0.10912	0.09960	0.02847	0.00497	0.47570	0.04619	0.03397	0.03242	0.05235	0.01036	0.02374	0.00259	0.00171	0.00142	0.00044	0.00228	0.01610	0.00091	0.00195

[dist]
# distance from previous block
# <min> <max>
0	11

[block]
# block no. 4 follows, 204 sequences, length 26
# corresponding to MSA columns:
# 1235-1260
name=unknown_E
#
# <colnr> <probs for GDERKNQSTAVLIFYWHMCP>
#	G	D	E	R	K	N	Q	S	T	A	V	L	I	F	Y	W	H	M	C	P
0	0.00383	0.09097	0.54409	0.01798	0.00579	0.14498	0.00447	0.06158	0.00368	0.01911	0.00289	0.01708	0.00224	0.01289	0.00155	0.00047	0.01433	0.00118	0.00078	0.05011
1	0.06985	0.00294	0.00338	0.01864	0.00387	0.01478	0.01179	0.10995	0.03577	0.11320	0.01424	0.04747	0.02488	0.00956	0.00144	0.00037	0.01495	0.00135	0.00117	0.50041
2	0.02310	0.00283	0.00466	0.82381	0.05343	0.00348	0.00420	0.01157	0.00315	0.01461	0.00281	0.00413	0.00214	0.00173	0.01536	0.00055	0.02457	0.00138	0.00072	0.00178
3	0.00367	0.00373	0.04119	0.04507	0.66642	0.00357	0.11272	0.00464	0.00353	0.01469	0.02577	0.01938	0.02742	0.00159	0.00167	0.00048	0.01978	0.00157	0.00083	0.00230
4	0.01553	0.00306	0.00516	0.57040	0.27088	0.00352	0.03378	0.00420	0.00327	0.00444	0.03568	0.00429	0.00264	0.00160	0.00169	0.00051	0.03523	0.00144	0.00076	0.00194
5	0.00275	0.00222	0.00272	0.00247	0.00265	0.03351	0.03256	0.01569	0.01252	0.02100	0.01098	0.02993	0.06382	0.54484	0.04246	0.00119	0.16917	0.00727	0.00097	0.00127
6	0.00343	0.00327	0.00471	0.02182	0.00432	0.00433	0.05542	0.02564	0.03917	0.01968	0.00262	0.00388	0.00241	0.00350	0.10231	0.00085	0.69866	0.00144	0.00078	0.00176
7	0.00238	0.00169	0.00233	0.00252	0.00281	0.00165	0.01952	0.02154	0.00337	0.02940	0.04851	0.48340	0.03149	0.00463	0.03723	0.00071	0.00855	0.29543	0.00143	0.00142
8	0.00252	0.00194	0.00248	0.06164	0.03592	0.00856	0.01536	0.03596	0.02551	0.02984	0.12129	0.23737	0.29060	0.01334	0.00190	0.00056	0.00109	0.08892	0.02366	0.00152
9	0.12485	0.00373	0.01910	0.25396	0.07341	0.06114	0.02589	0.26688	0.03522	0.11579	0.00348	0.00390	0.00252	0.00168	0.00148	0.00048	0.00179	0.00134	0.00116	0.00219
10	0.00306	0.00288	0.00487	0.76340	0.16273	0.00344	0.00432	0.00406	0.00318	0.00416	0.00295	0.02884	0.00236	0.00162	0.00157	0.00051	0.00201	0.00146	0.00072	0.00184
11	0.00195	0.00139	0.00184	0.00218	0.00229	0.00131	0.00149	0.00224	0.00301	0.00401	0.02032	0.83538	0.01951	0.03955	0.00221	0.00067	0.00095	0.05699	0.00143	0.00127
12	0.00382	0.00307	0.00492	0.50366	0.21515	0.00344	0.02205	0.06111	0.02065	0.11398	0.00347	0.01147	0.00849	0.00164	0.00159	0.00050	0.00927	0.00146	0.00820	0.00207
13	0.00379	0.00363	0.00620	0.07748	0.86814	0.00368	0.00475	0.00472	0.00352	0.00501	0.00292	0.00388	0.00244	0.00140	0.00154	0.00047	0.00187	0.00139	0.00077	0.00241
14	0.00696	0.00269	0.00364	0.00279	0.00400	0.00235	0.00230	0.02902	0.00452	0.91510	0.00609	0.00527	0.00383	0.00193	0.00157	0.00048	0.00133	0.00156	0.00192	0.00265
15	0.00405	0.01738	0.00825	0.00988	0.01067	0.00227	0.00199	0.09852	0.04736	0.26274	0.43085	0.03517	0.00890	0.00273	0.01531	0.00052	0.00112	0.00942	0.03090	0.00198
16	0.01633	0.01334	0.04321	0.07224	0.49023	0.01462	0.08299	0.01910	0.04063	0.06676	0.06619	0.01678	0.01334	0.02566	0.00178	0.00051	0.01150	0.00160	0.00097	0.00223
17	0.00306	0.00248	0.01105	0.06017	0.00369	0.01449	0.01191	0.01792	0.00264	0.03462	0.01301	0.05504	0.00764	0.02087	0.19238	0.19959	0.33392	0.00163	0.01244	0.00144
18	0.07079	0.00290	0.00357	0.00279	0.00392	0.00279	0.00229	0.17154	0.02151	0.61738	0.04674	0.00522	0.01158	0.00196	0.00153	0.00048	0.00134	0.00156	0.02763	0.00249
19	0.06606	0.10006	0.30457	0.01351	0.02084	0.05196	0.09303	0.04709	0.04998	0.11148	0.04497	0.05892	0.01875	0.00188	0.00153	0.00048	0.01017	0.00155	0.00104	0.00213
20	0.02135	0.07499	0.29927	0.03332	0.03927	0.01908	0.11765	0.01709	0.02162	0.08296	0.01374	0.11713	0.00360	0.02445	0.03494	0.00061	0.06863	0.00736	0.00095	0.00202
21	0.00198	0.00139	0.00178	0.00206	0.00213	0.00132	0.00133	0.00219	0.00282	0.00376	0.00775	0.73138	0.00924	0.21918	0.00334	0.00083	0.00104	0.00394	0.00133	0.00119
22	0.01071	0.01262	0.36239	0.01038	0.01568	0.06466	0.06926	0.11925	0.02977	0.11907	0.05020	0.02796	0.00345	0.02254	0.03805	0.00915	0.00785	0.00151	0.02333	0.00217
23	0.02184	0.06232	0.09014	0.12887	0.14884	0.03712	0.10159	0.06267	0.10337	0.10155	0.01663	0.01484	0.00794	0.01181	0.02735	0.00478	0.05043	0.00149	0.00427	0.00215
24	0.00200	0.00143	0.00185	0.00212	0.00229	0.00133	0.00146	0.00233	0.00314	0.01528	0.06681	0.72219	0.10760	0.01844	0.02175	0.00066	0.00098	0.02560	0.00145	0.00130
25	0.01393	0.00196	0.02380	0.00187	0.00241	0.00187	0.00150	0.05790	0.03732	0.06617	0.06838	0.00635	0.01668	0.00200	0.00126	0.00041	0.00090	0.02359	0.67004	0.00166

[dist]
# distance from previous block
# <min> <max>
2	18

[block]
# block no. 5 follows, 204 sequences, length 26
# corresponding to MSA columns:
# 1329-1354
name=unknown_F
#
# <colnr> <probs for GDERKNQSTAVLIFYWHMCP>
#	G	D	E	R	K	N	Q	S	T	A	V	L	I	F	Y	W	H	M	C	P
0	0.01492	0.01328	0.02432	0.29652	0.33874	0.02359	0.01050	0.00930	0.02161	0.02491	0.05134	0.04938	0.04280	0.01767	0.00174	0.00052	0.01209	0.03482	0.00999	0.00197
1	0.08735	0.00183	0.00205	0.00189	0.00242	0.00180	0.00145	0.00405	0.02987	0.12016	0.28550	0.03365	0.02875	0.00235	0.00142	0.00044	0.00087	0.00196	0.39054	0.00165
2	0.02069	0.85754	0.06376	0.00277	0.00415	0.00593	0.00283	0.00474	0.01884	0.00385	0.00227	0.00260	0.00204	0.00136	0.00104	0.00035	0.00169	0.00087	0.00069	0.00202
3	0.00595	0.03123	0.05488	0.01013	0.00425	0.00290	0.00256	0.12934	0.06743	0.58005	0.02061	0.00488	0.00365	0.00185	0.00152	0.00046	0.00142	0.00148	0.00166	0.07376
4	0.01441	0.00311	0.00532	0.58875	0.26461	0.00357	0.05320	0.00424	0.00325	0.00439	0.01124	0.00410	0.00231	0.00155	0.00167	0.00051	0.02969	0.00142	0.00073	0.00195
5	0.01414	0.00334	0.00353	0.00314	0.00403	0.00384	0.00245	0.08212	0.80385	0.01695	0.00611	0.02480	0.00464	0.00214	0.00158	0.00052	0.00126	0.00177	0.01737	0.00243
6	0.01869	0.00334	0.00505	0.00645	0.48740	0.01436	0.03842	0.12145	0.03354	0.05948	0.03463	0.04492	0.00373	0.02329	0.05739	0.00063	0.00184	0.02976	0.01339	0.00224
7	0.00193	0.00138	0.00183	0.00214	0.00225	0.00129	0.00144	0.00223	0.00308	0.00414	0.08448	0.84708	0.01056	0.02554	0.00211	0.00064	0.00090	0.00425	0.00146	0.00127
8	0.00321	0.08481	0.86118	0.00429	0.00652	0.00383	0.00550	0.00491	0.00328	0.00483	0.00274	0.00322	0.00198	0.00147	0.00144	0.00048	0.00225	0.00112	0.00066	0.00228
9	0.01978	0.00260	0.00333	0.00268	0.00369	0.00242	0.00217	0.06220	0.07645	0.62472	0.09163	0.05535	0.00517	0.00220	0.00159	0.00049	0.00124	0.00182	0.03807	0.00239
10	0.01222	0.03364	0.17078	0.02372	0.06059	0.00381	0.54572	0.03109	0.03276	0.00515	0.03114	0.01873	0.00287	0.00152	0.00172	0.00051	0.00985	0.00169	0.01037	0.00213
11	0.07832	0.00264	0.00345	0.00268	0.00384	0.00235	0.00221	0.00724	0.00429	0.83829	0.00581	0.00511	0.00370	0.00189	0.00151	0.00048	0.00130	0.00151	0.03085	0.00254
12	0.00223	0.00167	0.00250	0.00250	0.00278	0.00195	0.00195	0.00278	0.00250	0.00362	0.00417	0.00612	0.00389	0.01168	0.93909	0.00250	0.00417	0.00167	0.00083	0.00139
13	0.00480	0.01580	0.00777	0.05068	0.02855	0.02607	0.01779	0.10971	0.11437	0.33632	0.06242	0.01194	0.04482	0.01306	0.03912	0.00059	0.02806	0.04905	0.03687	0.00220
14	0.02721	0.01906	0.03952	0.00315	0.00426	0.01286	0.04461	0.22789	0.01884	0.43377	0.01782	0.03067	0.00376	0.01177	0.04605	0.00059	0.01754	0.01978	0.01848	0.00238
15	0.00254	0.00161	0.00227	0.00228	0.00246	0.00172	0.00165	0.00270	0.02986	0.02280	0.03072	0.10611	0.00475	0.08091	0.32017	0.33899	0.01678	0.02958	0.00094	0.00116
16	0.00223	0.00167	0.00217	0.00244	0.00277	0.00161	0.00198	0.00277	0.00343	0.00439	0.00997	0.21984	0.22223	0.00433	0.00209	0.00065	0.01414	0.49849	0.00143	0.00137
17	0.02689	0.00370	0.02055	0.11920	0.22905	0.04885	0.09849	0.11520	0.12713	0.05912	0.01318	0.00444	0.01848	0.00182	0.00189	0.01029	0.07751	0.00150	0.02051	0.00219
18	0.87659	0.00298	0.00240	0.00211	0.00309	0.00339	0.00174	0.00483	0.00280	0.08501	0.00250	0.00276	0.00187	0.00149	0.00101	0.00048	0.00122	0.00090	0.00104	0.00177
19	0.02349	0.00334	0.00335	0.00305	0.00371	0.12505	0.00244	0.17235	0.16601	0.01176	0.07049	0.02174	0.05541	0.01024	0.09258	0.00074	0.05627	0.16587	0.01021	0.00190
20	0.00213	0.00158	0.00215	0.02994	0.01586	0.00159	0.00167	0.00253	0.00315	0.00430	0.15857	0.54034	0.01860	0.06728	0.08133	0.00082	0.02955	0.02822	0.00903	0.00134
21	0.00312	0.00787	0.06884	0.06986	0.05028	0.02624	0.08705	0.06613	0.00336	0.04609	0.00864	0.28226	0.00510	0.02663	0.15003	0.01483	0.07050	0.00238	0.00907	0.00172
22	0.00233	0.00160	0.00190	0.00204	0.02982	0.00160	0.00120	0.00251	0.01790	0.00341	0.01419	0.10566	0.00617	0.73649	0.00657	0.00130	0.00142	0.03276	0.03005	0.00108
23	0.00310	0.00755	0.84964	0.00428	0.00639	0.01521	0.00541	0.00478	0.00330	0.00490	0.03082	0.02282	0.00255	0.00177	0.01496	0.00053	0.01777	0.00128	0.00071	0.00223
24	0.00306	0.00278	0.03416	0.13719	0.10933	0.00277	0.11574	0.04728	0.03306	0.03182	0.03330	0.29221	0.03300	0.00288	0.00196	0.00056	0.05572	0.04685	0.01454	0.00179
25	0.02330	0.06094	0.26692	0.01485	0.04271	0.01194	0.45380	0.04725	0.00368	0.03027	0.00314	0.01951	0.00240	0.00149	0.00167	0.00050	0.01109	0.00155	0.00082	0.00217

[dist]
# distance from previous block
# <min> <max>
1	5

[block]
# block no. 6 follows, 204 sequences, length 20
# corresponding to MSA columns:
# 1381,1382,1386-1390,1394,1401,1402,1409-1418
name=unknown_G
#
# <colnr> <probs for GDERKNQSTAVLIFYWHMCP>
#	G	D	E	R	K	N	Q	S	T	A	V	L	I	F	Y	W	H	M	C	P
0	0.00273	0.00145	0.00214	0.00210	0.00212	0.00148	0.00142	0.00213	0.00207	0.00279	0.00272	0.00475	0.00273	0.02098	0.00599	0.88878	0.03281	0.00136	0.00069	0.01875
1	0.02086	0.11645	0.17904	0.04060	0.31394	0.00369	0.09112	0.03532	0.00878	0.05042	0.05684	0.01918	0.01334	0.00167	0.00151	0.00047	0.00183	0.01538	0.00091	0.02865
2	0.04524	0.05883	0.14251	0.05430	0.13162	0.05316	0.04335	0.07165	0.09953	0.14110	0.04281	0.02472	0.02258	0.00187	0.00153	0.00048	0.00556	0.02142	0.00115	0.03658
3	0.00664	0.00264	0.00353	0.00271	0.00389	0.00230	0.00223	0.02651	0.00442	0.83965	0.00592	0.00521	0.00378	0.00189	0.00153	0.00047	0.00130	0.00153	0.04441	0.03946
4	0.00249	0.00184	0.00255	0.01196	0.06905	0.00179	0.01519	0.01287	0.01794	0.03293	0.04608	0.41245	0.10464	0.00406	0.01208	0.00063	0.01146	0.21304	0.02545	0.00151
5	0.01713	0.12434	0.44355	0.04447	0.05594	0.00986	0.07742	0.00497	0.03329	0.07641	0.03155	0.01889	0.01145	0.00174	0.00154	0.00049	0.01071	0.03321	0.00089	0.00217
6	0.00445	0.01341	0.02569	0.00425	0.15609	0.11800	0.04704	0.12076	0.01913	0.17218	0.00445	0.06688	0.00388	0.08822	0.04165	0.00067	0.04603	0.04577	0.01939	0.00205
7	0.00218	0.00150	0.00184	0.00192	0.00198	0.00153	0.00120	0.00233	0.00245	0.00331	0.00554	0.19921	0.00633	0.61055	0.15013	0.00148	0.00180	0.00261	0.00103	0.00108
8	0.03929	0.00460	0.09379	0.05400	0.13768	0.21300	0.03152	0.08797	0.15551	0.06426	0.02633	0.04036	0.04103	0.00193	0.00154	0.00048	0.00187	0.00157	0.00112	0.00214
9	0.00418	0.00370	0.02528	0.14040	0.32159	0.05652	0.04986	0.12244	0.09503	0.07493	0.02962	0.02088	0.00943	0.00181	0.00164	0.00049	0.01402	0.02486	0.00108	0.00225
10	0.00578	0.00265	0.00331	0.00264	0.00365	0.00250	0.00215	0.11294	0.06064	0.57804	0.05873	0.00559	0.00441	0.00199	0.00151	0.00047	0.00124	0.00161	0.14777	0.00239
11	0.00339	0.00341	0.02478	0.31012	0.33011	0.00355	0.17050	0.01757	0.00337	0.00461	0.00322	0.01722	0.01420	0.02569	0.02773	0.00059	0.03560	0.00156	0.00078	0.00204
12	0.00646	0.01797	0.00540	0.07568	0.05759	0.07577	0.02891	0.02052	0.36728	0.19181	0.05702	0.03445	0.03422	0.00347	0.00250	0.00088	0.00221	0.01242	0.00212	0.00332
13	0.00197	0.00174	0.02751	0.00181	0.00230	0.00141	0.00141	0.00248	0.00371	0.00472	0.24891	0.10519	0.58377	0.00378	0.00184	0.00053	0.00083	0.00322	0.00149	0.00138
14	0.00226	0.00163	0.00236	0.00237	0.00262	0.00186	0.00180	0.00276	0.00254	0.00370	0.00440	0.03895	0.00422	0.07262	0.77473	0.01855	0.00364	0.00179	0.05586	0.00135
15	0.03185	0.07424	0.52644	0.02083	0.00585	0.03159	0.02622	0.12588	0.05124	0.05749	0.00323	0.00362	0.00236	0.00163	0.00155	0.00048	0.02579	0.00648	0.00092	0.00229
16	0.10042	0.05398	0.20507	0.01463	0.42274	0.03790	0.06604	0.03287	0.00354	0.00524	0.01390	0.00393	0.02996	0.00153	0.00147	0.00047	0.00191	0.00134	0.00082	0.00223
17	0.00196	0.00143	0.00186	0.00219	0.00232	0.00135	0.00149	0.00237	0.03051	0.00407	0.00870	0.87757	0.03471	0.00476	0.00197	0.00063	0.00092	0.01841	0.00145	0.00130
18	0.16462	0.00301	0.01512	0.00877	0.03036	0.00297	0.00233	0.19421	0.01654	0.40876	0.01325	0.03851	0.03805	0.02028	0.00161	0.00051	0.00137	0.01551	0.02194	0.00229
19	0.03160	0.01271	0.07369	0.05127	0.25452	0.04638	0.10985	0.25078	0.05181	0.03185	0.04228	0.02131	0.00320	0.00173	0.00160	0.00048	0.00999	0.00153	0.00110	0.00230

[dist]
# distance from previous block
# <min> <max>
6	29

[block]
# block no. 7 follows, 204 sequences, length 10
# corresponding to MSA columns:
# 1550-1559
name=unknown_H
#
# <colnr> <probs for GDERKNQSTAVLIFYWHMCP>
#	G	D	E	R	K	N	Q	S	T	A	V	L	I	F	Y	W	H	M	C	P
0	0.00224	0.00162	0.00224	0.00224	0.00242	0.00180	0.00162	0.00261	0.00242	0.00342	0.00441	0.00746	0.00448	0.31913	0.63243	0.00218	0.00330	0.00187	0.00087	0.00124
1	0.00321	0.00174	0.00178	0.00167	0.00212	0.00179	0.00128	0.09669	0.00367	0.00621	0.00495	0.00560	0.00386	0.00182	0.00114	0.00037	0.00083	0.00145	0.85827	0.00157
2	0.02661	0.02207	0.10550	0.06051	0.06709	0.04824	0.03571	0.11907	0.00430	0.38443	0.00487	0.08862	0.00375	0.00206	0.00158	0.00050	0.00165	0.01976	0.00140	0.00230
3	0.00269	0.00233	0.00306	0.00284	0.00314	0.04151	0.00223	0.00317	0.00259	0.00372	0.00361	0.00545	0.00342	0.05904	0.59525	0.00184	0.19753	0.00156	0.00081	0.06421
4	0.00470	0.00526	0.05497	0.12156	0.17979	0.38331	0.07464	0.02659	0.01423	0.06581	0.00304	0.00382	0.00242	0.00165	0.00164	0.00047	0.03464	0.01851	0.00088	0.00204
5	0.00239	0.04119	0.00253	0.01915	0.00287	0.01663	0.02528	0.03349	0.00349	0.00447	0.05209	0.30993	0.32628	0.01893	0.00191	0.00056	0.00108	0.07222	0.00135	0.06419
6	0.60351	0.04205	0.00361	0.07003	0.08917	0.00374	0.04124	0.08365	0.02171	0.02505	0.00262	0.00306	0.00201	0.00150	0.00117	0.00048	0.00145	0.00105	0.00099	0.00191
7	0.02875	0.39509	0.07982	0.08353	0.08872	0.04315	0.03932	0.00430	0.00329	0.02079	0.02194	0.13048	0.02980	0.00203	0.00143	0.00045	0.01249	0.01185	0.00087	0.00190
8	0.06403	0.02541	0.11841	0.02053	0.11250	0.02069	0.29050	0.14086	0.02456	0.04663	0.02571	0.08465	0.00340	0.00183	0.00162	0.00050	0.00195	0.00175	0.00104	0.01343
9	0.17563	0.04098	0.02443	0.00374	0.04343	0.24363	0.07590	0.22147	0.05066	0.04114	0.00343	0.00385	0.01530	0.00170	0.00141	0.00046	0.00191	0.01662	0.01889	0.01543

[dist]
# distance from previous block
# <min> <max>
13	30

[block]
# block no. 8 follows, 204 sequences, length 8
# corresponding to MSA columns:
# 1623,1630-1636
name=unknown_I
#
# <colnr> <probs for GDERKNQSTAVLIFYWHMCP>
#	G	D	E	R	K	N	Q	S	T	A	V	L	I	F	Y	W	H	M	C	P
0	0.03893	0.09855	0.18885	0.06359	0.00495	0.02640	0.00321	0.14748	0.09539	0.21702	0.03229	0.02441	0.00349	0.01225	0.01456	0.00052	0.01211	0.01249	0.00126	0.00226
1	0.01891	0.02296	0.05906	0.04658	0.46888	0.09018	0.10671	0.05832	0.03184	0.00517	0.01906	0.00419	0.02693	0.00160	0.00167	0.00048	0.03290	0.00145	0.00087	0.00224
2	0.00194	0.00143	0.00177	0.00199	0.00218	0.00131	0.00134	0.00223	0.00310	0.00405	0.06152	0.61564	0.18929	0.10146	0.00256	0.00069	0.00093	0.00389	0.00141	0.00125
3	0.02532	0.39998	0.36914	0.00373	0.04708	0.03991	0.00393	0.00512	0.05085	0.03768	0.00281	0.00315	0.00221	0.00147	0.00128	0.00042	0.00192	0.00106	0.00077	0.00217
4	0.01348	0.08130	0.11706	0.00359	0.04699	0.02389	0.04566	0.12617	0.05994	0.26633	0.06186	0.02101	0.02541	0.01731	0.00192	0.00051	0.07264	0.01138	0.00132	0.00224
5	0.00231	0.00162	0.00204	0.00215	0.00241	0.00155	0.00151	0.02482	0.04066	0.02931	0.23957	0.52834	0.04425	0.06906	0.00232	0.00064	0.00094	0.00358	0.00150	0.00141
6	0.00261	0.00200	0.00224	0.00230	0.00268	0.04956	0.00172	0.00318	0.03738	0.06185	0.08068	0.34774	0.23871	0.02223	0.00209	0.00060	0.02535	0.11418	0.00144	0.00148
7	0.00488	0.04944	0.05282	0.01668	0.04698	0.02633	0.03616	0.20406	0.13483	0.25910	0.08745	0.05181	0.01819	0.00212	0.00159	0.00049	0.00150	0.00176	0.00148	0.00232

[dist]
# distance from previous block
# <min> <max>
7	12

[block]
# block no. 9 follows, 204 sequences, length 9
# corresponding to MSA columns:
# 1684-1692
name=unknown_J
#
# <colnr> <probs for GDERKNQSTAVLIFYWHMCP>
#	G	D	E	R	K	N	Q	S	T	A	V	L	I	F	Y	W	H	M	C	P
0	0.00273	0.00197	0.00254	0.00252	0.00296	0.00195	0.02668	0.07395	0.05291	0.03902	0.11219	0.29885	0.10354	0.05479	0.00224	0.00065	0.00117	0.21631	0.00146	0.00156
1	0.03848	0.00360	0.02793	0.01850	0.01803	0.02064	0.05376	0.30899	0.18122	0.07812	0.03292	0.07601	0.00415	0.00228	0.00197	0.00053	0.09667	0.03260	0.00137	0.00223
2	0.00372	0.06207	0.51247	0.00385	0.00553	0.01754	0.00431	0.11761	0.15002	0.02795	0.00388	0.00413	0.02832	0.00199	0.02527	0.00054	0.02619	0.00134	0.00097	0.00229
3	0.00223	0.00161	0.00192	0.00189	0.00224	0.00148	0.00135	0.00277	0.02585	0.02794	0.35790	0.14599	0.26856	0.14799	0.00278	0.00068	0.00092	0.00304	0.00149	0.00137
4	0.04100	0.04090	0.20145	0.07439	0.02269	0.03190	0.03932	0.11570	0.21727	0.02771	0.03790	0.00472	0.01170	0.01184	0.01608	0.00054	0.06485	0.00969	0.02099	0.00938
5	0.00262	0.00136	0.00199	0.00202	0.00202	0.00136	0.00133	0.00206	0.00211	0.00282	0.00327	0.07122	0.00344	0.06929	0.00592	0.82272	0.00133	0.00163	0.00075	0.00074
6	0.00294	0.00270	0.00419	0.43111	0.12137	0.03310	0.04708	0.00374	0.00321	0.00424	0.00439	0.18736	0.00432	0.02653	0.00191	0.00057	0.02308	0.05985	0.03661	0.00170
7	0.64860	0.01747	0.00322	0.00272	0.02291	0.06786	0.04980	0.06336	0.00325	0.03808	0.00253	0.00288	0.00194	0.00147	0.00112	0.00046	0.00144	0.00098	0.00100	0.06890
8	0.00330	0.00365	0.08591	0.34732	0.18231	0.03101	0.07707	0.00444	0.05284	0.00454	0.03174	0.02864	0.02041	0.00187	0.00199	0.00053	0.10652	0.01313	0.00084	0.00196

[dist]
# distance from previous block
# <min> <max>
0	1

[block]
# block no. 10 follows, 204 sequences, length 8
# corresponding to MSA columns:
# 1694-1700,1702
name=unknown_K
#
# <colnr> <probs for GDERKNQSTAVLIFYWHMCP>
#	G	D	E	R	K	N	Q	S	T	A	V	L	I	F	Y	W	H	M	C	P
0	0.00389	0.00370	0.06078	0.10615	0.12814	0.02780	0.05433	0.11820	0.34958	0.01936	0.04669	0.01843	0.01512	0.00195	0.00159	0.00050	0.00161	0.01514	0.01241	0.01463
1	0.03735	0.00178	0.00209	0.00200	0.00243	0.00169	0.00148	0.00307	0.03522	0.02302	0.32643	0.10825	0.20192	0.09742	0.02822	0.00066	0.01396	0.02257	0.03933	0.05113
2	0.04167	0.02737	0.00397	0.01990	0.00425	0.00275	0.08987	0.07271	0.07671	0.07716	0.03557	0.00439	0.03536	0.00155	0.00136	0.00036	0.00136	0.00131	0.00112	0.50127
3	0.00233	0.00181	0.00243	0.00223	0.00269	0.00170	0.04988	0.02125	0.03814	0.00565	0.55675	0.12547	0.15944	0.00333	0.00183	0.00051	0.00090	0.00295	0.01919	0.00151
4	0.01470	0.02437	0.00517	0.19039	0.40053	0.04887	0.01944	0.08391	0.04409	0.01556	0.04026	0.02087	0.00309	0.00164	0.00156	0.00046	0.01346	0.00145	0.00093	0.06921
5	0.03408	0.05088	0.00434	0.00347	0.00439	0.37957	0.05395	0.13599	0.02961	0.03689	0.03313	0.01726	0.07368	0.00195	0.00162	0.00044	0.03981	0.01458	0.00107	0.08330
6	0.01878	0.13460	0.33477	0.00374	0.02312	0.02596	0.07189	0.06789	0.05147	0.11911	0.03594	0.00442	0.01388	0.05084	0.00179	0.00051	0.00186	0.00139	0.00101	0.03704
7	0.03655	0.03279	0.05037	0.16965	0.44809	0.01733	0.05203	0.05723	0.00361	0.04118	0.00312	0.00416	0.00255	0.05067	0.00184	0.00052	0.00188	0.00140	0.00086	0.02417

[dist]
# distance from previous block
# <min> <max>
13	35

[block]
# block no. 11 follows, 204 sequences, length 30
# corresponding to MSA columns:
# 1817-1829,1833,1834,1843-1853,1901,1909-1911
name=unknown_L
#
# <colnr> <probs for GDERKNQSTAVLIFYWHMCP>
#	G	D	E	R	K	N	Q	S	T	A	V	L	I	F	Y	W	H	M	C	P
0	0.07490	0.14045	0.03288	0.03408	0.05140	0.16391	0.00274	0.21054	0.04253	0.04909	0.06465	0.01051	0.00892	0.02051	0.00152	0.00045	0.00173	0.00132	0.00112	0.08676
1	0.05222	0.07105	0.18013	0.01813	0.02752	0.03124	0.00285	0.05102	0.04579	0.12639	0.05206	0.11046	0.04645	0.05972	0.02487	0.00061	0.04295	0.01906	0.01753	0.01995
2	0.05012	0.22884	0.41122	0.00415	0.07706	0.02033	0.04233	0.02967	0.01737	0.03577	0.01200	0.01457	0.00244	0.01216	0.01736	0.00050	0.01423	0.00121	0.00080	0.00786
3	0.05911	0.04011	0.06345	0.05481	0.19020	0.03772	0.04213	0.11713	0.15879	0.13695	0.02425	0.00480	0.00341	0.02335	0.00166	0.00050	0.00167	0.02171	0.00120	0.01704
4	0.00364	0.02279	0.02413	0.21614	0.53803	0.03457	0.02496	0.00456	0.00350	0.02378	0.04178	0.01739	0.00309	0.00164	0.00163	0.00048	0.01804	0.01687	0.00083	0.00218
5	0.00253	0.07113	0.17541	0.00265	0.00340	0.00220	0.01557	0.00323	0.00860	0.03229	0.06664	0.37644	0.15245	0.01397	0.00185	0.00057	0.00127	0.06693	0.00126	0.00160
6	0.03102	0.03747	0.22292	0.08293	0.03303	0.04210	0.01816	0.16363	0.02063	0.24708	0.02298	0.00842	0.00747	0.00177	0.00163	0.00048	0.03391	0.00139	0.00122	0.02175
7	0.00258	0.00195	0.01472	0.02814	0.02315	0.00180	0.03102	0.03494	0.01098	0.06227	0.14381	0.36984	0.21119	0.00375	0.00190	0.00056	0.01202	0.04238	0.00144	0.00154
8	0.00237	0.00171	0.00221	0.00219	0.00239	0.00186	0.00155	0.03335	0.00268	0.00373	0.00525	0.10673	0.03626	0.34790	0.38655	0.00170	0.02862	0.00221	0.02950	0.00127
9	0.03796	0.34533	0.38096	0.00335	0.00487	0.00423	0.00375	0.01720	0.00331	0.02431	0.03418	0.07283	0.00333	0.00188	0.00144	0.00046	0.02024	0.03753	0.00083	0.00203
10	0.02321	0.01300	0.07120	0.10929	0.27502	0.07962	0.01902	0.25951	0.06534	0.04877	0.00349	0.01350	0.00267	0.00168	0.00155	0.00048	0.00783	0.00140	0.00109	0.00234
11	0.00231	0.00185	0.01249	0.00224	0.00259	0.00914	0.00165	0.01824	0.09587	0.00483	0.19926	0.42925	0.13722	0.02627	0.00206	0.00060	0.01130	0.03990	0.00148	0.00148
12	0.00205	0.00150	0.00193	0.00212	0.00227	0.00142	0.01549	0.00239	0.02191	0.00394	0.03869	0.62295	0.07144	0.19512	0.00317	0.00080	0.00105	0.00917	0.00135	0.00125
13	0.05569	0.00363	0.02012	0.00402	0.13953	0.12400	0.01597	0.16396	0.05267	0.15803	0.03589	0.04580	0.04610	0.00926	0.00167	0.00052	0.00164	0.11807	0.00132	0.00212
14	0.03907	0.11088	0.22814	0.00341	0.00476	0.00335	0.07442	0.06937	0.02252	0.27665	0.04701	0.02539	0.01110	0.00196	0.00166	0.01995	0.01784	0.02012	0.02018	0.00221
15	0.00256	0.00157	0.00197	0.00198	0.00227	0.00165	0.00147	0.00955	0.00290	0.01710	0.00524	0.08338	0.03008	0.07566	0.35153	0.03295	0.00212	0.00189	0.37279	0.00137
16	0.03068	0.16265	0.01297	0.13373	0.18457	0.05761	0.05557	0.01410	0.02889	0.02807	0.06800	0.00503	0.07132	0.00210	0.00205	0.05040	0.08792	0.00153	0.00091	0.00189
17	0.02351	0.58759	0.23691	0.00312	0.00464	0.00508	0.00337	0.00502	0.03226	0.06754	0.00281	0.00321	0.00230	0.00148	0.00119	0.00040	0.00177	0.01486	0.00080	0.00212
18	0.03285	0.00256	0.00326	0.00265	0.00364	0.00239	0.00214	0.02665	0.10877	0.60493	0.11534	0.05172	0.02180	0.00226	0.00160	0.00049	0.00121	0.00188	0.01149	0.00236
19	0.00282	0.01605	0.05048	0.11227	0.09446	0.01847	0.06975	0.01992	0.03422	0.03551	0.04710	0.21050	0.24713	0.00305	0.00176	0.00054	0.00139	0.03166	0.00122	0.00170
20	0.08149	0.00374	0.00622	0.12803	0.07949	0.02376	0.37265	0.13105	0.03995	0.07091	0.01919	0.01278	0.00278	0.00161	0.00169	0.00051	0.01938	0.00159	0.00102	0.00214
21	0.00411	0.00260	0.03716	0.00268	0.00347	0.00688	0.02799	0.11485	0.02270	0.26861	0.08054	0.14353	0.13136	0.02056	0.01752	0.00057	0.02675	0.03241	0.05376	0.00196
22	0.00292	0.00183	0.00225	0.00214	0.00264	0.00171	0.00161	0.00369	0.06624	0.14658	0.27011	0.22412	0.22447	0.00346	0.00183	0.00053	0.01081	0.00894	0.02248	0.00164
23	0.00341	0.00352	0.08694	0.54337	0.20467	0.00352	0.05695	0.00447	0.00331	0.05167	0.00298	0.00406	0.00226	0.00154	0.00164	0.00051	0.02101	0.00140	0.00077	0.00200
24	0.01077	0.33767	0.20785	0.00403	0.08222	0.12343	0.03461	0.08978	0.02624	0.03937	0.00297	0.00333	0.01257	0.00155	0.00139	0.00043	0.01764	0.00114	0.00086	0.00216
25	0.00405	0.24347	0.42886	0.00348	0.00515	0.00393	0.00393	0.03803	0.02423	0.15382	0.04589	0.00424	0.02346	0.00170	0.00141	0.00045	0.00183	0.00886	0.00099	0.00223
26	0.00225	0.00173	0.00227	0.00254	0.05053	0.00164	0.01580	0.00286	0.04684	0.01477	0.11237	0.42961	0.20755	0.04459	0.00216	0.00062	0.00101	0.05799	0.00142	0.00144
27	0.03940	0.00349	0.00995	0.10948	0.39495	0.03473	0.05453	0.09475	0.05654	0.09024	0.06207	0.03570	0.00367	0.00178	0.00157	0.00048	0.00173	0.00161	0.00108	0.00225
28	0.05189	0.07437	0.15005	0.01781	0.07494	0.05741	0.03600	0.09027	0.09409	0.18680	0.01697	0.04161	0.01611	0.00637	0.00160	0.01662	0.00167	0.01239	0.00120	0.05184
29	0.03933	0.40729	0.08923	0.00279	0.00391	0.01187	0.01789	0.03708	0.00832	0.12910	0.05263	0.11756	0.01327	0.03004	0.00156	0.00047	0.00152	0.01999	0.00107	0.01509

[dist]
# distance from previous block
# <min> <max>
0	31

[block]
# block no. 12 follows, 204 sequences, length 7
# corresponding to MSA columns:
# 1972-1978
name=unknown_M
#
# <colnr> <probs for GDERKNQSTAVLIFYWHMCP>
#	G	D	E	R	K	N	Q	S	T	A	V	L	I	F	Y	W	H	M	C	P
0	0.01918	0.12414	0.09148	0.01488	0.07507	0.01818	0.00308	0.35184	0.03982	0.10698	0.01781	0.00451	0.01300	0.02115	0.01203	0.00050	0.01436	0.02615	0.00125	0.04460
1	0.03885	0.13488	0.10185	0.06800	0.01745	0.26413	0.07031	0.11695	0.02852	0.02645	0.06116	0.01877	0.00315	0.00173	0.00151	0.00045	0.01882	0.00133	0.00097	0.02474
2	0.02155	0.01848	0.00254	0.01336	0.00290	0.01911	0.03552	0.04481	0.02504	0.03041	0.05572	0.61123	0.05733	0.00432	0.03363	0.00065	0.00120	0.01933	0.00139	0.00148
3	0.02312	0.03369	0.08591	0.03164	0.03615	0.09027	0.37591	0.05522	0.02501	0.04653	0.04228	0.01779	0.01915	0.00190	0.01501	0.00054	0.09525	0.00164	0.00094	0.00204
4	0.10435	0.00234	0.00305	0.02827	0.00339	0.02620	0.06530	0.02744	0.01488	0.08446	0.01617	0.09681	0.02619	0.18102	0.20869	0.02937	0.04223	0.03722	0.00108	0.00154
5	0.00193	0.00140	0.00180	0.00207	0.00222	0.00130	0.00140	0.00223	0.00310	0.00411	0.07249	0.74252	0.10121	0.05160	0.00226	0.00066	0.00091	0.00410	0.00144	0.00127
6	0.01719	0.10852	0.10902	0.04069	0.02053	0.02034	0.03249	0.03546	0.00305	0.03182	0.00402	0.12681	0.01766	0.07079	0.13855	0.00089	0.20358	0.00183	0.01503	0.00173

[dist]
# distance from previous block
# <min> <max>
0	4

[block]
# block no. 13 follows, 204 sequences, length 22
# corresponding to MSA columns:
# 1983,1996-2004,2023-2034
name=unknown_N
#
# <colnr> <probs for GDERKNQSTAVLIFYWHMCP>
#	G	D	E	R	K	N	Q	S	T	A	V	L	I	F	Y	W	H	M	C	P
0	0.02921	0.03534	0.07052	0.04966	0.13515	0.04466	0.00322	0.31517	0.15341	0.06450	0.04426	0.00480	0.02126	0.00190	0.00156	0.00048	0.00715	0.01413	0.00129	0.00234
1	0.00315	0.00191	0.00275	0.00259	0.00305	0.00207	0.00205	0.00379	0.02077	0.17310	0.00474	0.00651	0.00414	0.02022	0.68383	0.00198	0.01590	0.04474	0.00107	0.00164
2	0.00219	0.00152	0.00191	0.00202	0.00232	0.00138	0.00145	0.00264	0.00355	0.03929	0.26541	0.44348	0.18377	0.00406	0.00189	0.00056	0.00086	0.02117	0.01911	0.00139
3	0.03470	0.00356	0.01378	0.05661	0.04790	0.03353	0.11228	0.22185	0.25901	0.06241	0.02109	0.04982	0.01473	0.00209	0.00165	0.00051	0.01209	0.03324	0.01691	0.00224
4	0.10337	0.00211	0.00264	0.00249	0.00967	0.00734	0.00189	0.03686	0.02438	0.08378	0.00417	0.00605	0.00380	0.15539	0.46616	0.02094	0.03910	0.00163	0.02672	0.00154
5	0.00259	0.01967	0.01731	0.02410	0.02835	0.02568	0.03524	0.04947	0.05273	0.00487	0.12660	0.23248	0.31336	0.00344	0.00189	0.00054	0.02777	0.01637	0.01596	0.00157
6	0.00314	0.00294	0.01489	0.27427	0.39996	0.00307	0.02159	0.00402	0.01264	0.00458	0.02922	0.11014	0.03336	0.01800	0.02794	0.00058	0.00180	0.02562	0.01028	0.00196
7	0.08600	0.00188	0.00232	0.00242	0.00271	0.02656	0.03533	0.01269	0.00309	0.01308	0.01401	0.68764	0.04591	0.00419	0.00201	0.01448	0.02801	0.01493	0.00134	0.00138
8	0.01109	0.00391	0.08529	0.04432	0.04775	0.03102	0.13657	0.26118	0.14507	0.00637	0.02375	0.07351	0.00376	0.00223	0.01065	0.02476	0.02933	0.01410	0.04316	0.00215
9	0.02522	0.00309	0.00445	0.23785	0.21567	0.01975	0.03035	0.03219	0.15665	0.01279	0.00462	0.08662	0.04277	0.01482	0.00200	0.00055	0.07969	0.02793	0.00102	0.00199
