[name]
unknown

[dist]
# distance from previous block
# <min> <max>
0	535

[block]
# block no. 0 follows, 384 sequences, length 91
# corresponding to MSA columns:
# 604-613,615,616,625-644,646-684,686-705
name=unknown_A
#
# <colnr> <probs for GDERKNQSTAVLIFYWHMCP>
#	G	D	E	R	K	N	Q	S	T	A	V	L	I	F	Y	W	H	M	C	P
0	0.00244	0.05246	0.02512	0.18014	0.00312	0.43773	0.00184	0.00595	0.01659	0.00218	0.00153	0.01330	0.00136	0.00962	0.00128	0.00028	0.20879	0.03484	0.00044	0.00099
1	0.02121	0.06573	0.07458	0.67364	0.01341	0.01916	0.02968	0.02156	0.00185	0.00243	0.06192	0.00247	0.00161	0.00092	0.00085	0.00028	0.00110	0.00616	0.00043	0.00100
2	0.01718	0.00489	0.02934	0.01649	0.00196	0.00129	0.00121	0.00268	0.00206	0.34595	0.21460	0.00341	0.00314	0.02003	0.01879	0.07459	0.09820	0.00094	0.00078	0.14246
3	0.89389	0.00166	0.00140	0.00126	0.01611	0.00190	0.02843	0.00249	0.00148	0.00374	0.00129	0.00161	0.00104	0.04000	0.00071	0.00029	0.00070	0.00052	0.00053	0.00093
4	0.29519	0.01057	0.00216	0.00171	0.00229	0.00553	0.00721	0.46190	0.00281	0.09997	0.00896	0.00197	0.00139	0.00102	0.00095	0.00027	0.09344	0.00070	0.00073	0.00125
5	0.01348	0.00208	0.00336	0.03769	0.82788	0.01159	0.00253	0.08557	0.00214	0.00303	0.00165	0.00212	0.00136	0.00080	0.00085	0.00026	0.00102	0.00076	0.00047	0.00135
6	0.00193	0.00149	0.00175	0.00162	0.04029	0.00158	0.00116	0.00296	0.35720	0.07444	0.03432	0.00365	0.01003	0.25594	0.00193	0.00042	0.07636	0.00098	0.00069	0.13125
7	0.88896	0.00172	0.00138	0.00752	0.00178	0.00199	0.00100	0.06842	0.01511	0.00397	0.00130	0.00148	0.00100	0.00082	0.00056	0.00027	0.00069	0.00050	0.00056	0.00098
8	0.41409	0.00198	0.00196	0.00161	0.00217	0.00226	0.00132	0.40758	0.03874	0.02662	0.01322	0.00204	0.00143	0.00101	0.00086	0.00027	0.06149	0.01946	0.00070	0.00119
9	0.86768	0.00170	0.00138	0.00120	0.00175	0.00195	0.00099	0.06276	0.00168	0.04125	0.01057	0.00155	0.00108	0.00084	0.00057	0.00027	0.00069	0.00051	0.00058	0.00099
10	0.82448	0.01359	0.00146	0.01223	0.00180	0.00195	0.00104	0.00260	0.00153	0.05902	0.00133	0.00154	0.00103	0.00086	0.00070	0.00027	0.06138	0.00051	0.00055	0.01214
11	0.00160	0.00113	0.00149	0.00132	0.00164	0.00106	0.02977	0.07315	0.00241	0.05888	0.57814	0.06101	0.02744	0.00167	0.00100	0.00028	0.00701	0.07949	0.00088	0.07064
12	0.01479	0.00154	0.00215	0.00167	0.00229	0.00143	0.03873	0.03286	0.00529	0.78864	0.00317	0.01013	0.00211	0.00115	0.00514	0.00028	0.06147	0.02478	0.00098	0.00139
13	0.11751	0.00622	0.00238	0.00564	0.00252	0.00254	0.00153	0.76838	0.06532	0.00507	0.00207	0.00211	0.00150	0.01221	0.00087	0.00027	0.00090	0.00076	0.00082	0.00139
14	0.02285	0.04055	0.09724	0.00662	0.02123	0.01286	0.07298	0.09866	0.02069	0.33787	0.01098	0.02441	0.01559	0.04180	0.03812	0.05623	0.07580	0.00361	0.00072	0.00119
15	0.01343	0.02599	0.05877	0.00219	0.00292	0.01362	0.14946	0.58268	0.01848	0.10183	0.00216	0.02073	0.00157	0.00100	0.00088	0.00027	0.00102	0.00084	0.00077	0.00137
16	0.00264	0.06338	0.43201	0.00975	0.00350	0.05597	0.08746	0.03047	0.00584	0.09634	0.03001	0.04498	0.00545	0.00151	0.02068	0.00040	0.09188	0.01556	0.00069	0.00146
17	0.00275	0.02602	0.11608	0.00188	0.00255	0.01320	0.03232	0.32999	0.18485	0.19273	0.01621	0.03460	0.02193	0.00514	0.01277	0.00029	0.00090	0.00365	0.00081	0.00134
18	0.04848	0.00336	0.04425	0.00215	0.02339	0.61957	0.00899	0.01809	0.00231	0.15141	0.00167	0.00184	0.00128	0.00099	0.00769	0.00025	0.06200	0.00063	0.00054	0.00109
19	0.00192	0.00130	0.00190	0.32591	0.01455	0.00133	0.01512	0.00911	0.00205	0.19177	0.15903	0.06362	0.12760	0.00133	0.00091	0.00027	0.00078	0.01124	0.00071	0.06955
20	0.00983	0.63368	0.08467	0.00170	0.00240	0.01357	0.02248	0.01318	0.00184	0.10630	0.00152	0.00176	0.00127	0.00088	0.00085	0.00023	0.09078	0.01146	0.00046	0.00115
21	0.00174	0.00159	0.00258	0.87687	0.01909	0.00195	0.00233	0.06239	0.00188	0.00242	0.00160	0.01155	0.00122	0.00089	0.00086	0.00028	0.00113	0.00078	0.00042	0.00843
22	0.00179	0.00180	0.03459	0.69382	0.11886	0.01575	0.02680	0.03121	0.00182	0.00240	0.00154	0.00222	0.00119	0.00089	0.00099	0.00029	0.06182	0.00077	0.00040	0.00104
23	0.00195	0.03888	0.79207	0.01675	0.00353	0.00204	0.00289	0.06292	0.00199	0.05183	0.00171	0.01662	0.00124	0.00087	0.00082	0.00027	0.00120	0.00068	0.00044	0.00128
24	0.00165	0.00156	0.00259	0.90700	0.00572	0.00196	0.00237	0.00220	0.00170	0.00220	0.00151	0.00228	0.00115	0.00090	0.00099	0.00029	0.06182	0.00077	0.00038	0.00096
25	0.00127	0.00099	0.00140	0.00141	0.00158	0.00094	0.07270	0.06158	0.00186	0.00248	0.02167	0.74795	0.06144	0.01349	0.00111	0.00034	0.00060	0.00562	0.00078	0.00079
26	0.00170	0.00157	0.00263	0.79645	0.08755	0.00189	0.01693	0.00228	0.01544	0.01411	0.00168	0.00247	0.00130	0.00107	0.03279	0.00032	0.00117	0.01723	0.00041	0.00100
27	0.00212	0.00212	0.04321	0.19847	0.30447	0.00205	0.31311	0.06280	0.00208	0.04377	0.00179	0.01456	0.00140	0.00084	0.00091	0.00028	0.00118	0.00315	0.00048	0.00122
28	0.00109	0.00081	0.00109	0.06182	0.00154	0.00078	0.00089	0.00127	0.00168	0.00221	0.00477	0.85664	0.05707	0.00256	0.00108	0.00034	0.00054	0.00232	0.00078	0.00072
29	0.03583	0.00153	0.00199	0.00156	0.00219	0.00140	0.00128	0.06410	0.01962	0.81301	0.00326	0.03194	0.00216	0.00112	0.00089	0.00027	0.01452	0.00090	0.00102	0.00142
30	0.03064	0.00098	0.00130	0.00139	0.00424	0.00100	0.02167	0.03431	0.00176	0.00956	0.00432	0.68106	0.03312	0.01350	0.00123	0.00035	0.06129	0.09674	0.00076	0.00078
31	0.00609	0.05028	0.77209	0.00234	0.00350	0.00213	0.01177	0.09185	0.02955	0.02014	0.00167	0.00189	0.00119	0.00085	0.00081	0.00027	0.00120	0.00066	0.00044	0.00129
32	0.00224	0.00184	0.00203	0.07544	0.00791	0.02131	0.00145	0.10856	0.63447	0.03814	0.05600	0.00328	0.00268	0.01593	0.00096	0.00030	0.00923	0.01614	0.00083	0.00129
33	0.00117	0.00096	0.00111	0.00121	0.06163	0.00084	0.00082	0.00143	0.00200	0.01619	0.11888	0.01649	0.70597	0.04154	0.00115	0.00031	0.00050	0.02622	0.00079	0.00078
34	0.00230	0.88599	0.01907	0.00174	0.06261	0.01200	0.00158	0.00260	0.00178	0.00209	0.00123	0.00144	0.00112	0.00074	0.00058	0.00019	0.00094	0.00048	0.00037	0.00113
35	0.00113	0.00087	0.00114	0.00137	0.06166	0.00080	0.00088	0.00133	0.00178	0.00233	0.05271	0.61907	0.22642	0.01965	0.00112	0.00034	0.00052	0.00213	0.00078	0.00397
36	0.00298	0.09198	0.08307	0.01322	0.06924	0.20948	0.01666	0.12551	0.09847	0.27314	0.00227	0.00409	0.00163	0.00341	0.00083	0.00025	0.00103	0.00074	0.00070	0.00129
37	0.00226	0.00224	0.00335	0.02259	0.82242	0.08725	0.00252	0.03361	0.01035	0.00284	0.00163	0.00210	0.00136	0.00079	0.00085	0.00025	0.00107	0.00075	0.00045	0.00133
38	0.00241	0.90939	0.00437	0.00148	0.00222	0.00328	0.00146	0.00269	0.00180	0.06245	0.00134	0.00148	0.00117	0.00076	0.00057	0.00019	0.00091	0.00049	0.00041	0.00113
39	0.00179	0.00154	0.00179	0.00128	0.00205	0.00115	0.00102	0.00217	0.00179	0.00281	0.00154	0.00179	0.00128	0.00064	0.00064	0.00013	0.00064	0.00051	0.00051	0.97493
40	0.00124	0.00092	0.00134	0.00134	0.00148	0.00106	0.00102	0.00151	0.00137	0.00197	0.00235	0.00362	0.00226	0.10308	0.86976	0.00133	0.00217	0.00096	0.00047	0.00075
41	0.00133	0.00094	0.00106	0.00104	0.00114	0.00093	0.00066	0.06153	0.00166	0.00219	0.08154	0.09019	0.13136	0.61144	0.00891	0.00064	0.00074	0.00143	0.00064	0.00065
42	0.00129	0.00094	0.00122	0.00135	0.00150	0.00093	0.00107	0.00162	0.02933	0.00241	0.03639	0.18220	0.10034	0.14153	0.01469	0.00045	0.00638	0.47485	0.00076	0.00075
43	0.00194	0.00182	0.00298	0.41410	0.45934	0.00200	0.00670	0.02185	0.06219	0.00266	0.00171	0.00227	0.00136	0.00084	0.00086	0.00027	0.00105	0.00078	0.00045	0.01483
44	0.00304	0.00376	0.00233	0.00211	0.00254	0.83693	0.00158	0.01769	0.05647	0.00222	0.00156	0.00192	0.00133	0.06169	0.00101	0.00027	0.00145	0.00063	0.00048	0.00100
45	0.00190	0.00190	0.00253	0.00218	0.00220	0.03439	0.00180	0.00686	0.00137	0.00207	0.00124	0.00212	0.00126	0.06224	0.00285	0.00040	0.87059	0.00078	0.00039	0.00092
46	0.00112	0.00083	0.00111	0.00121	0.00130	0.00080	0.01263	0.00131	0.00175	0.00235	0.13376	0.69174	0.05331	0.06317	0.00134	0.00037	0.02822	0.00216	0.00079	0.00072
47	0.97575	0.00167	0.00127	0.00114	0.00167	0.00194	0.00094	0.00254	0.00147	0.00387	0.00120	0.00140	0.00094	0.00080	0.00053	0.00027	0.00067	0.00047	0.00053	0.00094
48	0.03258	0.00216	0.00256	0.00211	0.03422	0.00238	0.07059	0.54688	0.20104	0.02361	0.03132	0.00926	0.00192	0.00109	0.00369	0.00028	0.02859	0.00354	0.00080	0.00136
49	0.00121	0.00089	0.00125	0.00127	0.00139	0.00099	0.00094	0.00145	0.00141	0.00197	0.00281	0.10125	0.02855	0.18364	0.66561	0.00115	0.00181	0.00116	0.00052	0.00072
50	0.00173	0.02554	0.89918	0.00241	0.00363	0.00200	0.01605	0.00270	0.00185	0.00274	0.03336	0.00197	0.00133	0.00085	0.00082	0.00027	0.00124	0.00067	0.00039	0.00126
51	0.00161	0.00080	0.00080	0.00080	0.00101	0.00080	0.00060	0.00201	0.00181	0.00322	0.00282	0.00322	0.00221	0.00101	0.00060	0.00020	0.00040	0.00080	0.97444	0.00080
52	0.00202	0.00191	0.00321	0.29337	0.64975	0.00203	0.00255	0.02996	0.00195	0.00271	0.00161	0.00219	0.00131	0.00081	0.00086	0.00027	0.00106	0.00077	0.00043	0.00125
53	0.00106	0.00076	0.00102	0.00122	0.00127	0.00071	0.00082	0.00122	0.00166	0.00222	0.00475	0.93736	0.00569	0.00270	0.00111	0.00035	0.00051	0.03407	0.00080	0.00070
54	0.00161	0.00080	0.00080	0.00080	0.00101	0.00080	0.00060	0.00201	0.00181	0.00322	0.00282	0.00322	0.00221	0.00101	0.00060	0.00020	0.00040	0.00080	0.97444	0.00080
55	0.00109	0.00079	0.00108	0.00125	0.00132	0.00075	0.01264	0.00805	0.00761	0.00224	0.00462	0.91527	0.00550	0.00277	0.03019	0.00038	0.00057	0.00237	0.00079	0.00072
56	0.00215	0.00186	0.00195	0.00176	0.00225	0.00215	0.00137	0.00459	0.96270	0.00361	0.00352	0.00322	0.00264	0.00117	0.00088	0.00029	0.00068	0.00098	0.00088	0.00137
57	0.00120	0.00091	0.00116	0.00125	0.00137	0.00091	0.00088	0.00974	0.06092	0.00252	0.16090	0.66438	0.04620	0.00237	0.00114	0.00033	0.04010	0.00211	0.00081	0.00078
58	0.00189	0.00189	0.00265	0.00227	0.00227	0.00265	0.00189	0.00208	0.00132	0.00208	0.00113	0.00189	0.00113	0.00151	0.00283	0.00038	0.96807	0.00076	0.00038	0.00094
59	0.01359	0.00293	0.00255	0.03412	0.01107	0.46027	0.10688	0.07039	0.18569	0.02448	0.01611	0.04376	0.00182	0.00104	0.00085	0.00026	0.00121	0.01180	0.00060	0.01059
60	0.00312	0.00387	0.00240	0.00218	0.00263	0.85598	0.00164	0.01814	0.09297	0.00231	0.00155	0.00172	0.00126	0.00092	0.00080	0.00023	0.00615	0.00060	0.00049	0.00104
61	0.00175	0.11093	0.78370	0.00225	0.00338	0.00207	0.00281	0.00261	0.00182	0.00264	0.01183	0.03396	0.02434	0.00091	0.00081	0.00027	0.00118	0.00072	0.00040	0.01163
62	0.82930	0.00168	0.01167	0.00120	0.00177	0.00185	0.00100	0.01013	0.00160	0.09906	0.00144	0.00158	0.00107	0.00082	0.00058	0.00026	0.00068	0.00051	0.00059	0.03320
63	0.00327	0.00281	0.00256	0.00204	0.00268	0.22731	0.00165	0.73804	0.00368	0.00467	0.00190	0.00195	0.00139	0.00100	0.00084	0.00025	0.00109	0.00073	0.00077	0.00136
64	0.00123	0.00093	0.00139	0.00139	0.00154	0.00108	0.00108	0.00154	0.00139	0.00200	0.00231	0.00339	0.00216	0.00648	0.96623	0.00139	0.00231	0.00093	0.00046	0.00077
65	0.00106	0.00077	0.00100	0.00119	0.00126	0.00071	0.00081	0.00122	0.00168	0.00222	0.00501	0.88445	0.06626	0.00266	0.00110	0.00035	0.00050	0.02624	0.00080	0.00071
66	0.00378	0.00149	0.00200	0.00155	0.00220	0.00132	0.00127	0.02261	0.03333	0.90451	0.01440	0.00297	0.00221	0.00108	0.00087	0.00027	0.00073	0.00088	0.00106	0.00146
67	0.00189	0.00189	0.00265	0.00227	0.00227	0.00265	0.00189	0.00208	0.00132	0.00208	0.00113	0.00189	0.00113	0.00151	0.00283	0.00038	0.96807	0.00076	0.00038	0.00094
68	0.00272	0.00224	0.00235	0.00212	0.00266	0.00244	0.00161	0.03626	0.88738	0.01221	0.03294	0.00401	0.00326	0.00154	0.00112	0.00039	0.00088	0.00117	0.00106	0.00164
69	0.03139	0.00230	0.00494	0.00354	0.00440	0.00218	0.91851	0.00279	0.01571	0.00281	0.00176	0.00231	0.00132	0.00074	0.00100	0.00029	0.00142	0.00100	0.00045	0.00116
70	0.91579	0.00166	0.00131	0.00116	0.00170	0.00190	0.00096	0.00264	0.00153	0.06316	0.00134	0.00150	0.00101	0.00082	0.00056	0.00027	0.00067	0.00049	0.00057	0.00097
71	0.00204	0.00196	0.00333	0.18503	0.78527	0.00203	0.00260	0.00257	0.00192	0.00271	0.00161	0.00217	0.00133	0.00079	0.00086	0.00026	0.00105	0.00077	0.00042	0.00129
72	0.00203	0.00194	0.00331	0.21409	0.75633	0.00202	0.00260	0.00255	0.00191	0.00269	0.00161	0.00217	0.00132	0.00079	0.00086	0.00026	0.00105	0.00077	0.00042	0.00128
73	0.00189	0.00189	0.00265	0.00227	0.00227	0.00265	0.00189	0.00208	0.00132	0.00208	0.00113	0.00189	0.00113	0.00151	0.00283	0.00038	0.96807	0.00076	0.00038	0.00094
74	0.00203	0.00230	0.00500	0.03126	0.01822	0.00217	0.92003	0.00275	0.00203	0.00275	0.00174	0.00233	0.00131	0.00073	0.00101	0.00029	0.00144	0.00101	0.00044	0.00116
75	0.01048	0.04270	0.05379	0.00202	0.01605	0.00202	0.12224	0.05786	0.46882	0.13987	0.00879	0.00310	0.00905	0.00124	0.02626	0.00031	0.00089	0.03245	0.00078	0.00130
76	0.02152	0.00399	0.00254	0.00227	0.00273	0.90453	0.04491	0.00340	0.00241	0.00218	0.00135	0.00159	0.00112	0.00088	0.00078	0.00023	0.00154	0.00058	0.00045	0.00101
77	0.00106	0.00076	0.00100	0.00120	0.00126	0.00070	0.00080	0.00121	0.00167	0.00222	0.01372	0.94281	0.01663	0.00269	0.00110	0.00035	0.00050	0.00881	0.00080	0.00070
78	0.03605	0.00154	0.00217	0.06105	0.01841	0.00144	0.03780	0.01840	0.00234	0.74678	0.00307	0.00297	0.00204	0.00108	0.00093	0.00028	0.03164	0.02971	0.00094	0.00137
79	0.00174	0.00160	0.00269	0.72253	0.18186	0.00189	0.00841	0.00229	0.00178	0.01538	0.00167	0.00237	0.00750	0.00103	0.02996	0.00031	0.00114	0.00078	0.01405	0.00103
80	0.00164	0.00154	0.00260	0.95294	0.02052	0.00192	0.00240	0.00221	0.00173	0.00222	0.00154	0.00230	0.00115	0.00086	0.00086	0.00029	0.00115	0.00077	0.00038	0.00097
81	0.00355	0.00157	0.01527	0.00179	0.03162	0.00135	0.06417	0.01218	0.00241	0.81223	0.00875	0.02292	0.01584	0.00109	0.00089	0.00027	0.00079	0.00092	0.00099	0.00141
82	0.00358	0.00143	0.00197	0.03064	0.00226	0.00128	0.00129	0.00391	0.00238	0.85019	0.01064	0.02995	0.00853	0.00572	0.01295	0.00029	0.01511	0.01548	0.00101	0.00139
83	0.00191	0.00194	0.05668	0.36711	0.46388	0.00196	0.00575	0.03133	0.00440	0.00265	0.00177	0.02205	0.00148	0.00091	0.00087	0.00028	0.00107	0.03234	0.00044	0.00118
84	0.00193	0.30957	0.60407	0.00222	0.00330	0.00246	0.05999	0.00269	0.00181	0.00251	0.00145	0.00172	0.00111	0.00079	0.00075	0.00025	0.00118	0.00061	0.00037	0.00122
85	0.01787	0.00179	0.04273	0.00203	0.01944	0.01682	0.18013	0.03159	0.02403	0.55722	0.06319	0.01106	0.00236	0.00107	0.00091	0.00028	0.00089	0.02441	0.00087	0.00132
86	0.00213	0.00190	0.00327	0.14441	0.55208	0.00195	0.10991	0.02421	0.01058	0.06579	0.00829	0.00640	0.00664	0.01155	0.02381	0.00030	0.01450	0.01054	0.00049	0.00125
87	0.00204	0.37643	0.37511	0.03917	0.05262	0.01671	0.00902	0.00264	0.00614	0.03443	0.00745	0.01473	0.00140	0.00097	0.01547	0.00026	0.01242	0.03140	0.00042	0.00117
88	0.12012	0.00796	0.00818	0.00866	0.02939	0.10907	0.04543	0.09656	0.14050	0.32149	0.05222	0.00989	0.00431	0.00349	0.00090	0.00027	0.02752	0.00358	0.00079	0.00968
89	0.04631	0.03140	0.11544	0.04944	0.06670	0.05531	0.05784	0.04043	0.03983	0.06405	0.00430	0.01145	0.00740	0.00086	0.00824	0.00022	0.00091	0.00752	0.00054	0.39184
90	0.07220	0.02401	0.02558	0.02101	0.01126	0.03558	0.11081	0.02672	0.10737	0.28966	0.09415	0.07080	0.03542	0.00365	0.00703	0.00028	0.01337	0.01729	0.00078	0.03302

[dist]
# distance from previous block
# <min> <max>
6	36

[block]
# block no. 1 follows, 384 sequences, length 24
# corresponding to MSA columns:
# 746-750,775-781,783-794
name=unknown_B
#
# <colnr> <probs for GDERKNQSTAVLIFYWHMCP>
#	G	D	E	R	K	N	Q	S	T	A	V	L	I	F	Y	W	H	M	C	P
0	0.01896	0.00138	0.00207	0.06332	0.08259	0.00134	0.10956	0.01936	0.05608	0.09546	0.37014	0.03312	0.07256	0.00140	0.00460	0.00028	0.00967	0.00618	0.00077	0.05118
1	0.00977	0.04575	0.16496	0.09496	0.05821	0.01656	0.08465	0.03870	0.02384	0.07228	0.14353	0.01952	0.05759	0.00860	0.00090	0.00026	0.00824	0.00564	0.00060	0.14545
2	0.00190	0.00149	0.00227	0.20583	0.22067	0.00153	0.02796	0.00243	0.05210	0.10546	0.12453	0.04985	0.08329	0.01743	0.00099	0.00028	0.01596	0.02088	0.00064	0.06450
3	0.00197	0.00180	0.00291	0.27975	0.48351	0.00186	0.01537	0.02945	0.00195	0.01704	0.02027	0.00237	0.02228	0.00084	0.00084	0.00025	0.00099	0.00078	0.00046	0.11529
4	0.00232	0.00225	0.00282	0.12701	0.32993	0.18308	0.05466	0.06958	0.02649	0.04322	0.05274	0.00965	0.01131	0.00107	0.01755	0.00028	0.03778	0.01524	0.00053	0.01246
5	0.00163	0.00121	0.00151	0.10213	0.03591	0.00834	0.00108	0.03760	0.11639	0.04827	0.11703	0.03333	0.06614	0.35153	0.01711	0.00788	0.00079	0.03943	0.00067	0.01201
6	0.00142	0.00104	0.01781	0.00117	0.00146	0.00092	0.00091	0.00183	0.03178	0.06907	0.46454	0.12543	0.18019	0.00192	0.01926	0.00030	0.00983	0.01891	0.00086	0.05134
7	0.00210	0.00198	0.00327	0.09989	0.77453	0.00204	0.00250	0.01483	0.07036	0.00285	0.00175	0.00222	0.00144	0.00081	0.00085	0.00026	0.00101	0.00078	0.00046	0.01607
8	0.00104	0.00088	0.00090	0.00090	0.00119	0.00074	0.00068	0.00127	0.00199	0.00238	0.04446	0.00827	0.90672	0.00218	0.00102	0.00029	0.00044	0.02313	0.00081	0.00073
9	0.97575	0.00167	0.00127	0.00114	0.00167	0.00194	0.00094	0.00254	0.00147	0.00387	0.00120	0.00140	0.00094	0.00080	0.00053	0.00027	0.00067	0.00047	0.00053	0.00094
10	0.00163	0.00148	0.00236	0.77442	0.00509	0.00180	0.00212	0.02182	0.04900	0.00244	0.06304	0.05196	0.00193	0.00104	0.00088	0.00029	0.00103	0.00092	0.01580	0.00097
11	0.00179	0.00154	0.00179	0.00128	0.00205	0.00115	0.00102	0.00217	0.00179	0.00281	0.00154	0.00179	0.00128	0.00064	0.00064	0.00013	0.00064	0.00051	0.00051	0.97493
12	0.87629	0.00168	0.00139	0.00122	0.00173	0.00196	0.00101	0.00257	0.00150	0.04085	0.00128	0.00149	0.00099	0.00086	0.00069	0.00027	0.06221	0.00050	0.00055	0.00096
13	0.00128	0.00098	0.00144	0.00142	0.00156	0.00117	0.00110	0.00156	0.00138	0.00199	0.00226	0.00342	0.00215	0.05780	0.85337	0.00129	0.06367	0.00093	0.00046	0.00077
14	0.00214	0.00208	0.04849	0.24700	0.42532	0.02213	0.13213	0.02557	0.02025	0.06392	0.00177	0.00225	0.00136	0.00083	0.00088	0.00027	0.00111	0.00080	0.00047	0.00123
15	0.00121	0.00089	0.00110	0.00104	0.00127	0.00080	0.00078	0.00156	0.00232	0.01579	0.70796	0.02165	0.23670	0.00187	0.00102	0.00028	0.00042	0.00163	0.00091	0.00080
16	0.00202	0.00190	0.06313	0.00173	0.00838	0.00196	0.00142	0.03943	0.71934	0.00347	0.04288	0.02454	0.05113	0.01767	0.00096	0.00030	0.00071	0.01694	0.00083	0.00127
17	0.00209	0.00201	0.00346	0.08956	0.85890	0.00204	0.02402	0.00261	0.00195	0.00277	0.00162	0.00216	0.00135	0.00078	0.00086	0.00026	0.00105	0.00077	0.00042	0.00133
18	0.00180	0.00174	0.01477	0.00754	0.01481	0.00165	0.41352	0.07640	0.06090	0.01263	0.14338	0.08900	0.13630	0.00133	0.00100	0.00029	0.00096	0.01110	0.00985	0.00105
19	0.00161	0.00142	0.00229	0.64100	0.07370	0.00167	0.00201	0.00755	0.00777	0.01938	0.01518	0.06736	0.05953	0.04217	0.04832	0.00037	0.00627	0.00099	0.00048	0.00094
20	0.00227	0.84662	0.05197	0.00158	0.00231	0.02253	0.01192	0.00258	0.00177	0.00210	0.00834	0.00149	0.00117	0.00078	0.00065	0.00020	0.03020	0.00050	0.00992	0.00111
21	0.00699	0.00158	0.00193	0.02395	0.02074	0.00528	0.02225	0.04004	0.03274	0.04207	0.02910	0.01714	0.00555	0.00090	0.01900	0.00019	0.01725	0.00065	0.00057	0.71208
22	0.01708	0.15814	0.32751	0.00180	0.00746	0.01699	0.00968	0.07441	0.02933	0.02661	0.12668	0.07381	0.06297	0.01137	0.02015	0.00030	0.01511	0.01893	0.00059	0.00109
23	0.00943	0.01336	0.00698	0.02004	0.00651	0.02412	0.00839	0.09134	0.70934	0.03278	0.01535	0.01149	0.00678	0.00443	0.00089	0.00029	0.00075	0.02203	0.00387	0.01183

[dist]
# distance from previous block
# <min> <max>
0	14

[block]
# block no. 2 follows, 384 sequences, length 15
# corresponding to MSA columns:
# 855-869
name=unknown_C
#
# <colnr> <probs for GDERKNQSTAVLIFYWHMCP>
#	G	D	E	R	K	N	Q	S	T	A	V	L	I	F	Y	W	H	M	C	P
0	0.34793	0.01961	0.00230	0.26882	0.09367	0.08288	0.05698	0.00757	0.02423	0.00844	0.00153	0.01517	0.00124	0.00098	0.01619	0.00029	0.03555	0.00570	0.00048	0.01044
1	0.00219	0.00222	0.00454	0.04639	0.07491	0.01392	0.74123	0.00285	0.00205	0.08115	0.00185	0.00235	0.00137	0.00078	0.00102	0.00029	0.01828	0.00097	0.00048	0.00119
2	0.00177	0.00203	0.10584	0.17951	0.11522	0.04022	0.21035	0.00945	0.01014	0.00798	0.03621	0.13117	0.01566	0.01965	0.02347	0.00033	0.05112	0.02957	0.00051	0.00979
3	0.48226	0.00186	0.00187	0.00153	0.00210	0.00207	0.04487	0.32276	0.00244	0.02659	0.01653	0.00218	0.01759	0.00097	0.00071	0.00027	0.00078	0.02329	0.04820	0.00112
4	0.00109	0.00079	0.00103	0.00121	0.00129	0.00074	0.00084	0.00126	0.00169	0.00223	0.00489	0.78293	0.06132	0.04087	0.00124	0.00037	0.00054	0.09420	0.00079	0.00071
5	0.00131	0.00109	0.04510	0.03962	0.00170	0.00097	0.00108	0.02827	0.04441	0.02289	0.01708	0.66447	0.01521	0.01608	0.00979	0.00036	0.00063	0.08835	0.00077	0.00081
6	0.00124	0.00084	0.00097	0.00096	0.00100	0.00084	0.00057	0.00130	0.00140	0.00189	0.10078	0.00579	0.03764	0.81933	0.02144	0.00077	0.00081	0.00130	0.00058	0.00056
7	0.04635	0.00951	0.17350	0.01479	0.00399	0.00897	0.61722	0.04088	0.03474	0.00291	0.00178	0.00872	0.00136	0.00082	0.00098	0.00029	0.02173	0.00980	0.00046	0.00118
8	0.00108	0.00085	0.00097	0.00100	0.00121	0.00075	0.00072	0.00132	0.00200	0.00256	0.23357	0.22654	0.50114	0.02095	0.00110	0.00031	0.00045	0.00189	0.00083	0.00074
9	0.00218	0.27577	0.10366	0.00858	0.01174	0.03271	0.17969	0.05333	0.01799	0.05075	0.00916	0.03748	0.00158	0.00612	0.00917	0.00029	0.17615	0.02205	0.00049	0.00112
10	0.00120	0.00088	0.00126	0.00130	0.00142	0.00098	0.00096	0.00144	0.00142	0.00200	0.00282	0.18418	0.00294	0.11993	0.67182	0.00113	0.00180	0.00125	0.00053	0.00073
11	0.00188	0.00177	0.02793	0.00156	0.04257	0.04517	0.01366	0.00232	0.02080	0.00280	0.00157	0.00183	0.00130	0.00067	0.00067	0.00015	0.00073	0.00054	0.00051	0.83157
12	0.01285	0.15842	0.62598	0.00245	0.01544	0.01259	0.13518	0.00269	0.00185	0.00263	0.00166	0.00195	0.02090	0.00082	0.00081	0.00026	0.00122	0.00069	0.00039	0.00122
13	0.00122	0.00095	0.00103	0.00099	0.00128	0.00085	0.00076	0.01821	0.00199	0.04027	0.03813	0.03690	0.77489	0.00223	0.03101	0.00033	0.02483	0.00960	0.01375	0.00078
14	0.06456	0.07253	0.07811	0.01054	0.12283	0.02594	0.01718	0.09028	0.14003	0.22355	0.07320	0.01149	0.00236	0.00113	0.00597	0.00028	0.01360	0.04443	0.00073	0.00125

[dist]
# distance from previous block
# <min> <max>
0	13

[block]
# block no. 3 follows, 384 sequences, length 6
# corresponding to MSA columns:
# 883-888
name=unknown_D
#
# <colnr> <probs for GDERKNQSTAVLIFYWHMCP>
#	G	D	E	R	K	N	Q	S	T	A	V	L	I	F	Y	W	H	M	C	P
0	0.01822	0.00124	0.01714	0.01144	0.00168	0.01619	0.02344	0.05072	0.09680	0.02327	0.30526	0.16195	0.17624	0.01378	0.01152	0.00031	0.01959	0.02310	0.01214	0.01598
1	0.03859	0.02053	0.02852	0.06579	0.10989	0.01299	0.07955	0.01169	0.10078	0.03310	0.08416	0.03446	0.13948	0.01112	0.14650	0.00046	0.01691	0.04221	0.01029	0.01296
2	0.00184	0.00161	0.00203	0.00185	0.13805	0.00128	0.00125	0.00224	0.00182	0.00282	0.00155	0.00184	0.00129	0.00066	0.00067	0.00015	0.00069	0.00055	0.00050	0.83732
3	0.01190	0.00888	0.00985	0.51419	0.14249	0.00779	0.03592	0.00995	0.00868	0.01249	0.01204	0.08829	0.01116	0.03325	0.02768	0.00216	0.00463	0.02714	0.02517	0.00632
4	0.00185	0.00156	0.00210	0.03364	0.02139	0.00191	0.01582	0.13742	0.00185	0.00262	0.07842	0.01762	0.02103	0.08472	0.07749	0.09144	0.38973	0.01794	0.00054	0.00091
5	0.00170	0.00155	0.00268	0.66736	0.05379	0.00180	0.11619	0.00227	0.00179	0.00245	0.00175	0.00243	0.00133	0.00086	0.00084	0.00027	0.00108	0.00080	0.13807	0.00098

[dist]
# distance from previous block
# <min> <max>
1	13

[block]
# block no. 4 follows, 384 sequences, length 8
# corresponding to MSA columns:
# 902-909
name=unknown_E
#
# <colnr> <probs for GDERKNQSTAVLIFYWHMCP>
#	G	D	E	R	K	N	Q	S	T	A	V	L	I	F	Y	W	H	M	C	P
0	0.00171	0.00153	0.00157	0.00168	0.00192	0.16154	0.00141	0.00213	0.03264	0.00255	0.03159	0.03290	0.00437	0.00209	0.00111	0.00036	0.00090	0.71642	0.00074	0.00085
1	0.04057	0.00272	0.00246	0.00198	0.00260	0.23085	0.00159	0.62488	0.00346	0.07754	0.00197	0.00199	0.00141	0.00100	0.00083	0.00025	0.00107	0.00072	0.00077	0.00134
2	0.02599	0.00145	0.00188	0.00151	0.00208	0.00138	0.00123	0.08509	0.02826	0.62040	0.00301	0.00290	0.00206	0.00195	0.16140	0.00045	0.00100	0.00085	0.03755	0.01956
3	0.00123	0.00087	0.00112	0.00112	0.00123	0.00091	0.00078	0.00136	0.00142	0.00190	0.00347	0.00496	0.16241	0.35115	0.38707	0.07528	0.00135	0.00118	0.00053	0.00064
4	0.00175	0.00346	0.63883	0.00214	0.00313	0.00183	0.03136	0.07941	0.04056	0.00294	0.02410	0.00310	0.16148	0.00110	0.00087	0.00028	0.00107	0.00089	0.00051	0.00119
5	0.00190	0.00209	0.00444	0.00322	0.00398	0.00196	0.80141	0.00258	0.00211	0.00288	0.16175	0.00302	0.00245	0.00090	0.00102	0.00029	0.00128	0.00111	0.00052	0.00111
6	0.00194	0.02008	0.02777	0.28963	0.31876	0.00212	0.20866	0.00255	0.02877	0.00257	0.00162	0.00221	0.00129	0.00087	0.00106	0.00028	0.08742	0.00082	0.00042	0.00116
7	0.00129	0.00105	0.00147	0.08340	0.03645	0.00102	0.03326	0.00167	0.00218	0.00296	0.51923	0.04238	0.20057	0.00177	0.00104	0.00029	0.01711	0.05120	0.00081	0.00084

[dist]
# distance from previous block
# <min> <max>
2	3

[block]
# block no. 5 follows, 384 sequences, length 9
# corresponding to MSA columns:
# 920-923,929-933
name=unknown_F
#
# <colnr> <probs for GDERKNQSTAVLIFYWHMCP>
#	G	D	E	R	K	N	Q	S	T	A	V	L	I	F	Y	W	H	M	C	P
0	0.00197	0.00150	0.00183	0.00144	0.02770	0.01169	0.01776	0.00235	0.01802	0.09547	0.02041	0.00229	0.00165	0.04772	0.02209	0.02727	0.00073	0.00065	0.01244	0.68504
1	0.00251	0.65837	0.02956	0.00171	0.00240	0.16831	0.01898	0.05471	0.01852	0.02092	0.00142	0.00167	0.00124	0.00082	0.00065	0.00021	0.00104	0.01539	0.00044	0.00112
2	0.04057	0.02892	0.00306	0.24768	0.53619	0.02247	0.00233	0.05329	0.00200	0.01721	0.00161	0.00211	0.00130	0.00081	0.00083	0.00026	0.00103	0.00074	0.00046	0.03715
3	0.01441	0.10850	0.03725	0.22024	0.09980	0.19059	0.03142	0.04887	0.04748	0.10530	0.00187	0.02302	0.00149	0.00102	0.00958	0.00027	0.04795	0.00925	0.00053	0.00113
4	0.00135	0.00096	0.00136	0.00137	0.02077	0.00108	0.00097	0.00146	0.00134	0.00189	0.02260	0.00370	0.00230	0.22190	0.46919	0.18117	0.06450	0.00097	0.00046	0.00067
5	0.00197	0.00222	0.00476	0.00344	0.00424	0.00211	0.87080	0.00265	0.00200	0.00271	0.00203	0.03122	0.03033	0.00086	0.00108	0.00030	0.03460	0.00108	0.00046	0.00113
6	0.00124	0.00091	0.00134	0.00134	0.00147	0.00105	0.00101	0.00151	0.00137	0.00197	0.00236	0.00366	0.00227	0.11971	0.85315	0.00132	0.00214	0.00096	0.00047	0.00074
7	0.00108	0.00078	0.00102	0.00118	0.00126	0.00073	0.00081	0.00127	0.00174	0.00232	0.09129	0.75860	0.06375	0.03330	0.00120	0.00036	0.00051	0.03728	0.00081	0.00071
8	0.00116	0.00084	0.00107	0.00117	0.00130	0.00079	0.00082	0.02585	0.00190	0.00257	0.18510	0.64246	0.07305	0.00239	0.00106	0.00033	0.00049	0.02536	0.03154	0.00075

[dist]
# distance from previous block
# <min> <max>
0	6

[block]
# block no. 6 follows, 384 sequences, length 20
# corresponding to MSA columns:
# 940,942-960
name=unknown_G
#
# <colnr> <probs for GDERKNQSTAVLIFYWHMCP>
#	G	D	E	R	K	N	Q	S	T	A	V	L	I	F	Y	W	H	M	C	P
0	0.00121	0.00086	0.00101	0.00102	0.00113	0.00082	0.00068	0.00138	0.00173	0.00233	0.24770	0.06315	0.14924	0.45852	0.00262	0.00055	0.00064	0.05325	0.01152	0.00066
1	0.05096	0.00152	0.00200	0.00154	0.00220	0.00137	0.00128	0.03935	0.00247	0.86975	0.00322	0.00282	0.00204	0.00106	0.00088	0.00027	0.01397	0.00084	0.00103	0.00144
2	0.04678	0.00147	0.00192	0.00149	0.00212	0.00131	0.00123	0.02931	0.00243	0.84172	0.00324	0.00286	0.00207	0.00105	0.00084	0.00026	0.00072	0.00084	0.05693	0.00141
3	0.00179	0.06503	0.81552	0.00233	0.00350	0.01165	0.02151	0.00268	0.00185	0.01677	0.00191	0.00213	0.04781	0.00088	0.00082	0.00027	0.00121	0.00069	0.00040	0.00124
4	0.00178	0.00154	0.00183	0.04814	0.00224	0.00119	0.00109	0.00218	0.00179	0.00278	0.00154	0.00182	0.00127	0.00065	0.00065	0.00014	0.00066	0.00052	0.00051	0.92769
5	0.00123	0.00093	0.00139	0.00139	0.00154	0.00108	0.00108	0.00154	0.00139	0.00200	0.00231	0.00339	0.00216	0.00648	0.96623	0.00139	0.00231	0.00093	0.00046	0.00077
6	0.00182	0.06430	0.82555	0.00242	0.00362	0.01038	0.04251	0.01790	0.01101	0.00273	0.00157	0.00184	0.00113	0.00086	0.00852	0.00028	0.00126	0.00065	0.00038	0.00126
7	0.00216	0.00195	0.00191	0.00172	0.00219	0.07257	0.00134	0.02941	0.77983	0.00346	0.02825	0.00349	0.06544	0.00123	0.00088	0.00029	0.00073	0.00101	0.00084	0.00129
8	0.00114	0.00086	0.00091	0.00091	0.00116	0.00075	0.00068	0.00141	0.00200	0.00262	0.14460	0.03896	0.65526	0.00197	0.00096	0.00028	0.00043	0.00166	0.14268	0.00075
9	0.18896	0.00160	0.00189	0.00149	0.00212	0.00155	0.00123	0.11639	0.00245	0.63718	0.00281	0.00255	0.00183	0.00101	0.00080	0.00026	0.00074	0.00078	0.03302	0.00135
10	0.00125	0.00084	0.00096	0.00096	0.00097	0.00084	0.00055	0.00128	0.00134	0.00179	0.05920	0.00571	0.01742	0.88592	0.01697	0.00080	0.00083	0.00128	0.00055	0.00055
11	0.00214	0.00196	0.00332	0.13058	0.79982	0.00200	0.00256	0.00266	0.00196	0.04227	0.00169	0.00219	0.00137	0.00079	0.00086	0.00026	0.00103	0.00077	0.00045	0.00132
12	0.00111	0.00086	0.00101	0.00101	0.00123	0.00076	0.00074	0.00139	0.00211	0.00278	0.39957	0.15984	0.42029	0.00210	0.00103	0.00029	0.00044	0.00182	0.00086	0.00076
13	0.00184	0.00170	0.00249	0.01465	0.00260	0.00141	0.19419	0.00229	0.00183	0.00278	0.00157	0.00191	0.00128	0.00068	0.00078	0.00017	0.02638	0.00062	0.00049	0.74034
14	0.00328	0.00254	0.00237	0.00191	0.00252	0.23535	0.00992	0.43187	0.02179	0.22592	0.02730	0.00228	0.00173	0.00102	0.00084	0.00025	0.00102	0.00076	0.00080	0.02652
15	0.04605	0.00659	0.01833	0.51916	0.11607	0.00694	0.01448	0.02514	0.05022	0.01416	0.01784	0.04452	0.05454	0.00113	0.00092	0.00704	0.01011	0.04524	0.00051	0.00102
16	0.00186	0.06591	0.70461	0.02726	0.02237	0.00200	0.00272	0.01039	0.02653	0.02782	0.00163	0.00188	0.00119	0.00081	0.00079	0.00025	0.00115	0.00064	0.00042	0.09978
17	0.00111	0.00087	0.00100	0.00100	0.00124	0.00077	0.00075	0.00139	0.00211	0.00272	0.33683	0.07262	0.53104	0.00209	0.00103	0.00029	0.00045	0.04108	0.00085	0.00076
18	0.00220	0.79095	0.09196	0.00157	0.00231	0.02179	0.00160	0.00255	0.00181	0.00218	0.04820	0.00189	0.00155	0.00084	0.00062	0.00020	0.00094	0.02532	0.00041	0.00110
19	0.01625	0.03533	0.06739	0.28741	0.41084	0.03473	0.01559	0.02708	0.00630	0.01173	0.00719	0.03959	0.02019	0.00096	0.00557	0.00028	0.00576	0.00621	0.00046	0.00117

[dist]
# distance from previous block
# <min> <max>
0	33

[block]
# block no. 7 follows, 384 sequences, length 12
# corresponding to MSA columns:
# 994-998,1002-1008
name=unknown_H
#
# <colnr> <probs for GDERKNQSTAVLIFYWHMCP>
#	G	D	E	R	K	N	Q	S	T	A	V	L	I	F	Y	W	H	M	C	P
0	0.03739	0.00108	0.00128	0.00121	0.00136	0.01907	0.02931	0.03478	0.02481	0.00225	0.05947	0.11442	0.02743	0.48979	0.09832	0.00067	0.01148	0.00986	0.01904	0.01697
1	0.00150	0.00105	0.02158	0.00141	0.05024	0.02039	0.00935	0.00143	0.00135	0.01095	0.02055	0.03052	0.02438	0.23644	0.08144	0.46172	0.02368	0.00097	0.00046	0.00058
2	0.00240	0.02740	0.07775	0.00188	0.01138	0.02451	0.01590	0.26090	0.46995	0.01704	0.01466	0.01061	0.02153	0.01729	0.00094	0.00029	0.00957	0.00091	0.01378	0.00132
3	0.00203	0.02563	0.00865	0.02622	0.02661	0.16722	0.01976	0.02708	0.03138	0.00762	0.00719	0.01160	0.00157	0.06243	0.07008	0.14141	0.35186	0.01033	0.00045	0.00088
4	0.00145	0.00077	0.00111	0.00111	0.00112	0.00077	0.00073	0.00115	0.00116	0.00155	0.00174	0.02464	0.00180	0.11450	0.03050	0.81343	0.00080	0.00085	0.00040	0.00041
5	0.00244	0.62403	0.05573	0.05082	0.00258	0.23014	0.00165	0.00275	0.00192	0.00210	0.00140	0.00162	0.01807	0.00081	0.00065	0.00021	0.00110	0.00053	0.00040	0.00108
6	0.01253	0.01288	0.15230	0.12989	0.23012	0.01498	0.01508	0.01883	0.01847	0.05109	0.03907	0.01384	0.00165	0.00685	0.00084	0.00824	0.00093	0.00074	0.00598	0.26569
7	0.00220	0.51837	0.18939	0.00182	0.02358	0.03777	0.01484	0.06035	0.01356	0.00933	0.01662	0.01082	0.01343	0.00084	0.00070	0.00021	0.01154	0.00060	0.00044	0.07358
8	0.04656	0.02071	0.01618	0.03990	0.12977	0.04944	0.01444	0.25127	0.29185	0.07226	0.01112	0.02019	0.01058	0.01284	0.00089	0.00028	0.00088	0.00087	0.00868	0.00130
9	0.06533	0.00195	0.00307	0.09066	0.66466	0.02529	0.02048	0.00257	0.02448	0.00277	0.00176	0.04086	0.00154	0.01682	0.00097	0.00028	0.03398	0.00083	0.00046	0.00124
10	0.00186	0.01137	0.17370	0.01083	0.05813	0.03647	0.26908	0.02661	0.15271	0.00292	0.08548	0.04986	0.07358	0.00119	0.00095	0.00029	0.00102	0.04220	0.00061	0.00113
11	0.00130	0.05014	0.00125	0.00110	0.00118	0.00103	0.00073	0.00140	0.00135	0.00183	0.01902	0.03865	0.00295	0.61656	0.25705	0.00092	0.00121	0.00118	0.00052	0.00063

[dist]
# distance from previous block
# <min> <max>
0	1

[block]
# block no. 8 follows, 384 sequences, length 7
# corresponding to MSA columns:
# 1010,1017-1022
name=unknown_I
#
# <colnr> <probs for GDERKNQSTAVLIFYWHMCP>
#	G	D	E	R	K	N	Q	S	T	A	V	L	I	F	Y	W	H	M	C	P
0	0.00206	0.00144	0.00172	0.04946	0.00203	0.00157	0.00120	0.14785	0.24427	0.08351	0.03462	0.03683	0.01528	0.13153	0.05313	0.13746	0.01904	0.03528	0.00071	0.00101
1	0.06962	0.00089	0.00108	0.00115	0.00131	0.00085	0.00083	0.00148	0.00188	0.00268	0.25231	0.42660	0.07446	0.05668	0.00122	0.00035	0.00053	0.08142	0.02392	0.00075
2	0.00219	0.00220	0.00436	0.05586	0.04231	0.02236	0.70227	0.02546	0.03650	0.07040	0.00198	0.00256	0.00150	0.00083	0.00098	0.00029	0.00132	0.02493	0.00051	0.00118
3	0.00124	0.00087	0.00110	0.04243	0.00140	0.00084	0.00080	0.00144	0.00176	0.02307	0.18567	0.32195	0.09958	0.26265	0.00194	0.00045	0.00061	0.02816	0.02332	0.00071
4	0.00179	0.03825	0.00207	0.04305	0.00220	0.02665	0.08157	0.06515	0.07204	0.03927	0.01896	0.16075	0.00298	0.08352	0.09593	0.00047	0.10915	0.13083	0.01443	0.01094
5	0.00142	0.00096	0.00117	0.00111	0.00118	0.00100	0.00072	0.00147	0.00134	0.03626	0.00257	0.03134	0.00284	0.70119	0.07378	0.03346	0.06887	0.00117	0.00053	0.03762
6	0.00203	0.03435	0.05225	0.11992	0.45344	0.00183	0.02273	0.04601	0.00203	0.06111	0.04373	0.09955	0.01445	0.00112	0.00092	0.00028	0.01363	0.02888	0.00055	0.00119

[dist]
# distance from previous block
# <min> <max>
0	1075

# created by:
# /home/berkeley/.conda/envs/busco_data_prod/bin/msa2prfl.pl pipeline/OGs_align_augustus/2759/10250970.fs
