[name]
unknown

[dist]
# distance from previous block
# <min> <max>
0	501

[block]
# block no. 0 follows, 348 sequences, length 17
# corresponding to MSA columns:
# 593-595,598-611
name=unknown_A
#
# <colnr> <probs for GDERKNQSTAVLIFYWHMCP>
#	G	D	E	R	K	N	Q	S	T	A	V	L	I	F	Y	W	H	M	C	P
0	0.00791	0.00110	0.00639	0.01781	0.00158	0.00934	0.00096	0.03966	0.00215	0.01105	0.17683	0.14632	0.36863	0.01709	0.12368	0.04518	0.00918	0.00858	0.00082	0.00572
1	0.00219	0.00642	0.01208	0.01032	0.06424	0.00198	0.00970	0.02738	0.57580	0.02637	0.00348	0.04131	0.00835	0.12776	0.00793	0.01240	0.00081	0.00113	0.04545	0.01489
2	0.81892	0.00192	0.00192	0.00159	0.00222	0.00216	0.11632	0.02451	0.00176	0.00414	0.00144	0.00171	0.00111	0.00088	0.00066	0.00030	0.00084	0.00060	0.01593	0.00107
3	0.00220	0.00190	0.00205	0.04607	0.00252	0.00217	0.00146	0.02092	0.78321	0.00376	0.00442	0.00414	0.11822	0.00140	0.00098	0.00032	0.00075	0.00117	0.00093	0.00140
4	0.00195	0.00158	0.00188	0.00142	0.00213	0.00125	0.00113	0.02948	0.00196	0.00299	0.00185	0.00249	0.00163	0.00112	0.00110	0.11736	0.00073	0.04445	0.00057	0.78293
5	0.76260	0.00193	0.00167	0.04566	0.00221	0.00222	0.00121	0.13284	0.01325	0.01566	0.00155	0.00175	0.00117	0.00093	0.00066	0.00029	0.00080	0.00059	0.01190	0.00112
6	0.11901	0.00156	0.00168	0.00153	0.00194	0.00171	0.00118	0.01705	0.42134	0.00395	0.38981	0.00471	0.00508	0.00149	0.00097	0.00031	0.00062	0.00126	0.02360	0.00119
7	0.97338	0.00183	0.00139	0.00125	0.00183	0.00213	0.00103	0.00279	0.00161	0.00425	0.00132	0.00154	0.00103	0.00088	0.00059	0.00029	0.00073	0.00051	0.00059	0.00103
8	0.00233	0.00229	0.00406	0.00560	0.84554	0.00227	0.11796	0.00293	0.00217	0.00309	0.00180	0.00237	0.00149	0.00084	0.00096	0.00029	0.00118	0.00088	0.00047	0.00147
9	0.00262	0.00216	0.00241	0.11802	0.00308	0.00248	0.00172	0.25406	0.59380	0.00431	0.00318	0.00309	0.00236	0.00121	0.00096	0.00031	0.00089	0.00099	0.00089	0.00148
10	0.00237	0.00195	0.00996	0.03879	0.00252	0.00918	0.00150	0.12387	0.60661	0.02407	0.12450	0.01514	0.01490	0.00137	0.00098	0.00031	0.00077	0.00922	0.01058	0.00139
11	0.00155	0.00127	0.00159	0.00162	0.00177	0.00142	0.00119	0.00224	0.19526	0.00274	0.02003	0.54783	0.01577	0.02605	0.00153	0.00039	0.14362	0.03233	0.00082	0.00096
12	0.22163	0.01280	0.00198	0.00157	0.00218	0.00193	0.00129	0.27317	0.01336	0.26896	0.00263	0.00262	0.00185	0.00108	0.00081	0.00028	0.00079	0.00081	0.18893	0.00133
13	0.01027	0.05608	0.18199	0.03472	0.24141	0.01536	0.13089	0.08301	0.04417	0.03921	0.12085	0.01304	0.00251	0.00760	0.00101	0.00030	0.00920	0.00642	0.00062	0.00133
14	0.00190	0.01038	0.29895	0.02921	0.01600	0.00664	0.10818	0.01200	0.01083	0.06315	0.02024	0.20449	0.02832	0.00615	0.00619	0.00033	0.00100	0.05271	0.12220	0.00114
15	0.00130	0.00092	0.00117	0.00127	0.00142	0.00085	0.00089	0.01096	0.01119	0.02390	0.21052	0.60938	0.10758	0.01247	0.00121	0.00036	0.00054	0.00233	0.00092	0.00083
16	0.00989	0.00152	0.01781	0.00155	0.00214	0.00134	0.00966	0.05466	0.01079	0.55739	0.08340	0.02877	0.14682	0.00804	0.00102	0.00030	0.00646	0.00713	0.04995	0.00135

[dist]
# distance from previous block
# <min> <max>
3	20

[block]
# block no. 1 follows, 348 sequences, length 9
# corresponding to MSA columns:
# 657-665
name=unknown_B
#
# <colnr> <probs for GDERKNQSTAVLIFYWHMCP>
#	G	D	E	R	K	N	Q	S	T	A	V	L	I	F	Y	W	H	M	C	P
0	0.48862	0.04283	0.04480	0.01526	0.05117	0.06506	0.04576	0.03037	0.05314	0.07013	0.01027	0.01157	0.00146	0.00097	0.00079	0.00029	0.02003	0.00069	0.00899	0.03781
1	0.00138	0.04590	0.00145	0.00148	0.01866	0.00105	0.00105	0.00158	0.00185	0.00245	0.01800	0.54267	0.03010	0.09181	0.07530	0.02505	0.00083	0.13778	0.00080	0.00082
2	0.00232	0.01806	0.11817	0.14574	0.21542	0.07456	0.10785	0.02752	0.12419	0.04465	0.05163	0.00288	0.01284	0.00107	0.00103	0.00030	0.03171	0.00912	0.00965	0.00131
3	0.04709	0.00170	0.00233	0.01633	0.00223	0.01629	0.02047	0.00214	0.00157	0.02121	0.03583	0.02640	0.00195	0.02007	0.18875	0.07752	0.51573	0.00094	0.00049	0.00095
4	0.00134	0.00100	0.00118	0.02695	0.00152	0.00093	0.00090	0.00162	0.00214	0.02809	0.17402	0.20833	0.42925	0.02146	0.00123	0.00034	0.02501	0.01914	0.05469	0.00085
5	0.00304	0.14530	0.07189	0.00237	0.05318	0.42019	0.01425	0.13930	0.04288	0.02635	0.00190	0.00208	0.01206	0.00099	0.00084	0.00025	0.00131	0.00070	0.02861	0.03250
6	0.00137	0.00101	0.00122	0.00116	0.00144	0.00090	0.00087	0.00173	0.00242	0.01952	0.52557	0.03877	0.28487	0.01753	0.00115	0.00031	0.00050	0.02997	0.01600	0.05367
7	0.51970	0.00249	0.00200	0.00170	0.00232	0.16807	0.00137	0.22185	0.03513	0.03497	0.00173	0.00186	0.00130	0.00098	0.00074	0.00028	0.00098	0.00064	0.00068	0.00121
8	0.00246	0.32892	0.19199	0.03397	0.10087	0.06686	0.08924	0.04377	0.03240	0.04176	0.00184	0.02650	0.00151	0.00096	0.00087	0.00026	0.01596	0.00077	0.00051	0.01858

[dist]
# distance from previous block
# <min> <max>
5	7

[block]
# block no. 2 follows, 348 sequences, length 7
# corresponding to MSA columns:
# 674-676,683-686
name=unknown_C
#
# <colnr> <probs for GDERKNQSTAVLIFYWHMCP>
#	G	D	E	R	K	N	Q	S	T	A	V	L	I	F	Y	W	H	M	C	P
0	0.18435	0.06855	0.12154	0.02151	0.07273	0.18587	0.11761	0.11173	0.01417	0.02811	0.01275	0.00209	0.00143	0.00097	0.00094	0.00028	0.04075	0.00075	0.01260	0.00125
1	0.00144	0.00093	0.00111	0.00120	0.00135	0.00090	0.00084	0.00174	0.02595	0.02130	0.00457	0.40496	0.07851	0.13789	0.04078	0.00046	0.00068	0.04660	0.22797	0.00081
2	0.07704	0.00159	0.00209	0.01383	0.00213	0.01696	0.03050	0.01729	0.04451	0.01315	0.01934	0.07475	0.00248	0.07474	0.24218	0.00070	0.31204	0.04260	0.01110	0.00097
3	0.05532	0.21346	0.38659	0.00217	0.02305	0.01263	0.01559	0.04962	0.08266	0.03762	0.01578	0.04013	0.02113	0.01657	0.01147	0.00030	0.00111	0.00084	0.01265	0.00129
4	0.54823	0.02522	0.13569	0.00172	0.02017	0.02812	0.00156	0.09570	0.02405	0.09318	0.01754	0.00199	0.00142	0.00096	0.00073	0.00029	0.00090	0.00065	0.00066	0.00121
5	0.00166	0.00119	0.00166	0.06834	0.03219	0.00132	0.00122	0.07568	0.00174	0.00241	0.01818	0.02213	0.00243	0.17591	0.39908	0.17429	0.01816	0.00106	0.00054	0.00082
6	0.00250	0.78479	0.00440	0.00167	0.00240	0.04322	0.00159	0.02522	0.04975	0.00244	0.00185	0.02644	0.02166	0.00099	0.00069	0.00023	0.00100	0.02747	0.00048	0.00121

[dist]
# distance from previous block
# <min> <max>
1	3

[block]
# block no. 3 follows, 348 sequences, length 8
# corresponding to MSA columns:
# 690,691,708-713
name=unknown_D
#
# <colnr> <probs for GDERKNQSTAVLIFYWHMCP>
#	G	D	E	R	K	N	Q	S	T	A	V	L	I	F	Y	W	H	M	C	P
0	0.00207	0.09114	0.59426	0.01452	0.05364	0.01166	0.03326	0.03000	0.01536	0.02614	0.05485	0.01174	0.01796	0.01321	0.00101	0.00030	0.02622	0.00083	0.00050	0.00133
1	0.01240	0.00120	0.00147	0.05326	0.00180	0.04183	0.00107	0.01266	0.01678	0.00224	0.00294	0.17724	0.00314	0.23593	0.25873	0.11492	0.01521	0.01944	0.00059	0.02716
2	0.03926	0.35339	0.10141	0.04938	0.06457	0.04943	0.24801	0.01716	0.01350	0.02126	0.00174	0.01271	0.00143	0.00091	0.00088	0.00027	0.01205	0.01089	0.00048	0.00126
3	0.00253	0.00165	0.00178	0.00152	0.00199	0.00178	0.00120	0.23984	0.22968	0.07362	0.03232	0.00331	0.00253	0.00119	0.00084	0.00027	0.00069	0.00095	0.40104	0.00126
4	0.01067	0.03673	0.01125	0.03074	0.01648	0.01358	0.02009	0.00210	0.02206	0.02539	0.02075	0.08788	0.00228	0.03262	0.18833	0.14481	0.15307	0.00101	0.00055	0.17961
5	0.00141	0.05499	0.04282	0.00125	0.00162	0.01144	0.01125	0.00179	0.02093	0.01316	0.25318	0.02966	0.48235	0.01409	0.02623	0.01116	0.00065	0.02026	0.00085	0.00090
6	0.00124	0.00092	0.00117	0.00124	0.00141	0.00084	0.00089	0.00152	0.00215	0.00289	0.29601	0.46431	0.16049	0.00249	0.00116	0.00034	0.00052	0.03208	0.00092	0.02740
7	0.00272	0.68723	0.03321	0.00185	0.00259	0.17873	0.00173	0.03204	0.02414	0.00243	0.00144	0.00165	0.00127	0.00089	0.00074	0.00022	0.02489	0.00056	0.00045	0.00121

[dist]
# distance from previous block
# <min> <max>
1	4

[block]
# block no. 4 follows, 348 sequences, length 9
# corresponding to MSA columns:
# 718,719,731,735-740
name=unknown_E
#
# <colnr> <probs for GDERKNQSTAVLIFYWHMCP>
#	G	D	E	R	K	N	Q	S	T	A	V	L	I	F	Y	W	H	M	C	P
0	0.00252	0.72526	0.11662	0.07051	0.00292	0.00331	0.00190	0.00294	0.00198	0.06234	0.00154	0.00176	0.00129	0.00085	0.00069	0.00023	0.00106	0.00058	0.00045	0.00125
1	0.02201	0.06240	0.02286	0.22278	0.43491	0.00214	0.04442	0.00295	0.00213	0.12605	0.00214	0.04731	0.00174	0.00101	0.00093	0.00029	0.00110	0.00093	0.00057	0.00134
2	0.00144	0.00096	0.00124	0.00129	0.00148	0.00089	0.00093	0.00177	0.02067	0.06293	0.32542	0.45476	0.09847	0.00242	0.00115	0.00034	0.00054	0.02147	0.00095	0.00088
3	0.00155	0.00119	0.00132	0.00135	0.00155	0.06612	0.01740	0.00184	0.00214	0.03104	0.18856	0.42265	0.09815	0.00224	0.00108	0.00033	0.00062	0.03195	0.12803	0.00087
4	0.00252	0.79639	0.06953	0.00202	0.07100	0.00351	0.00185	0.03932	0.00204	0.00249	0.00141	0.00164	0.00125	0.00083	0.00066	0.00022	0.00105	0.00056	0.00043	0.00126
5	0.01724	0.01148	0.33783	0.00234	0.01707	0.01151	0.09499	0.11074	0.01288	0.12146	0.04575	0.01891	0.01518	0.02716	0.08135	0.00042	0.04755	0.00789	0.01697	0.00129
6	0.00121	0.00090	0.00112	0.00127	0.00141	0.00082	0.00090	0.00142	0.00196	0.00254	0.05191	0.56313	0.22108	0.03920	0.00133	0.00039	0.00058	0.10716	0.00088	0.00079
7	0.00210	0.08115	0.64979	0.02747	0.07213	0.00228	0.02272	0.01515	0.04565	0.03752	0.00189	0.00219	0.00139	0.00105	0.02131	0.00032	0.00131	0.00074	0.01245	0.00138
8	0.04145	0.25855	0.14099	0.00962	0.01883	0.05273	0.01568	0.01802	0.01211	0.14769	0.01292	0.01355	0.01726	0.00098	0.00087	0.00024	0.03744	0.00072	0.00060	0.19975

[dist]
# distance from previous block
# <min> <max>
3	36

[block]
# block no. 5 follows, 348 sequences, length 10
# corresponding to MSA columns:
# 777-786
name=unknown_F
#
# <colnr> <probs for GDERKNQSTAVLIFYWHMCP>
#	G	D	E	R	K	N	Q	S	T	A	V	L	I	F	Y	W	H	M	C	P
0	0.08196	0.08946	0.23033	0.08541	0.06464	0.05585	0.06738	0.03281	0.01705	0.11151	0.01008	0.01091	0.03831	0.00105	0.00877	0.00029	0.00112	0.00082	0.00059	0.09167
1	0.79942	0.00199	0.01314	0.00150	0.01998	0.04185	0.02123	0.01835	0.02689	0.01682	0.01619	0.01630	0.00133	0.00095	0.00066	0.00029	0.00081	0.00062	0.00061	0.00107
2	0.86769	0.00196	0.00155	0.00144	0.02707	0.04764	0.00113	0.00290	0.00172	0.03795	0.00142	0.00163	0.00110	0.00089	0.00062	0.00029	0.00079	0.00054	0.00060	0.00106
3	0.00197	0.00181	0.00194	0.03689	0.10512	0.15777	0.02395	0.02591	0.02264	0.01081	0.19249	0.06042	0.08535	0.05545	0.05321	0.01053	0.00098	0.05713	0.09461	0.00100
4	0.00120	0.00095	0.00106	0.00107	0.00134	0.00083	0.00080	0.00149	0.00224	0.00287	0.23613	0.11827	0.58083	0.00233	0.00112	0.00032	0.00049	0.02338	0.02244	0.00082
5	0.00138	0.00096	0.00119	0.00119	0.00142	0.00087	0.00088	0.00172	0.00236	0.04124	0.45869	0.20194	0.23349	0.00222	0.00112	0.00032	0.00050	0.02067	0.02697	0.00087
6	0.00246	0.85179	0.11977	0.00175	0.00263	0.00357	0.00185	0.00286	0.00194	0.00232	0.00136	0.00158	0.00121	0.00082	0.00064	0.00021	0.00106	0.00053	0.00040	0.00124
7	0.00153	0.00108	0.00152	0.00148	0.00157	0.00125	0.00109	0.00166	0.02283	0.00204	0.00226	0.00370	0.00224	0.15126	0.43858	0.26434	0.09936	0.00100	0.00049	0.00072
8	0.00212	0.00201	0.00282	0.00243	0.00246	0.00277	0.00203	0.00235	0.00153	0.03525	0.00150	0.00250	0.00147	0.00169	0.00296	0.00041	0.88902	0.04318	0.00046	0.00105
9	0.23616	0.02169	0.01390	0.00178	0.00240	0.00230	0.00147	0.29719	0.16304	0.13797	0.04164	0.00273	0.01701	0.00117	0.00096	0.00030	0.04365	0.00087	0.01240	0.00137

[dist]
# distance from previous block
# <min> <max>
0	1

[block]
# block no. 6 follows, 348 sequences, length 6
# corresponding to MSA columns:
# 791-796
name=unknown_G
#
# <colnr> <probs for GDERKNQSTAVLIFYWHMCP>
#	G	D	E	R	K	N	Q	S	T	A	V	L	I	F	Y	W	H	M	C	P
0	0.00248	0.00140	0.00150	0.00129	0.00171	0.03251	0.00101	0.10127	0.02613	0.17983	0.04313	0.00334	0.00251	0.00113	0.00078	0.00024	0.00064	0.00090	0.53691	0.06128
1	0.19095	0.47255	0.20315	0.00182	0.00267	0.03799	0.00190	0.03813	0.00199	0.00292	0.00148	0.00174	0.00123	0.00110	0.03667	0.00029	0.00112	0.00058	0.00047	0.00121
2	0.00141	0.00098	0.00117	0.00119	0.00137	0.00091	0.00082	0.00163	0.01839	0.04291	0.07332	0.27423	0.24046	0.25071	0.02378	0.02008	0.00070	0.02298	0.00080	0.02218
3	0.00135	0.00092	0.00107	0.00108	0.00114	0.00090	0.00066	0.00138	0.00151	0.00197	0.00391	0.03875	0.14564	0.65342	0.05813	0.08458	0.00092	0.00145	0.00061	0.00062
4	0.00214	0.00179	0.00206	0.00149	0.00232	0.00144	0.00119	0.10265	0.00223	0.00339	0.00175	0.00200	0.00143	0.00075	0.00073	0.00016	0.00074	0.00059	0.00060	0.87057
5	0.00202	0.15167	0.61925	0.02311	0.04325	0.00232	0.02529	0.00290	0.01718	0.01806	0.01884	0.02419	0.03053	0.00100	0.00088	0.00029	0.00124	0.00080	0.00047	0.01671

[dist]
# distance from previous block
# <min> <max>
0	1

[block]
# block no. 7 follows, 348 sequences, length 12
# corresponding to MSA columns:
# 800-811
name=unknown_H
#
# <colnr> <probs for GDERKNQSTAVLIFYWHMCP>
#	G	D	E	R	K	N	Q	S	T	A	V	L	I	F	Y	W	H	M	C	P
0	0.03350	0.01751	0.03411	0.63468	0.02235	0.03214	0.01662	0.12576	0.01355	0.01880	0.00184	0.00245	0.00138	0.00098	0.00094	0.00030	0.01111	0.00083	0.02999	0.00116
1	0.00164	0.00094	0.00141	0.01285	0.01078	0.00095	0.02146	0.00142	0.02111	0.00185	0.00205	0.07630	0.00211	0.01542	0.01284	0.78326	0.01458	0.01802	0.00047	0.00052
2	0.00136	0.00096	0.00106	0.00104	0.00118	0.00089	0.00066	0.00148	0.00173	0.01843	0.06403	0.02017	0.28420	0.56674	0.00327	0.00067	0.00074	0.00157	0.01513	0.01468
3	0.00255	0.71176	0.02102	0.00187	0.00256	0.03645	0.02707	0.01886	0.00196	0.02840	0.00142	0.00170	0.00126	0.00095	0.00101	0.00024	0.13867	0.00059	0.00044	0.00121
4	0.03226	0.00102	0.00129	0.01868	0.00889	0.00099	0.00946	0.01645	0.01392	0.03345	0.02086	0.58039	0.19728	0.01467	0.00782	0.00037	0.01565	0.01466	0.01103	0.00086
5	0.00141	0.00099	0.00126	0.00118	0.00143	0.00090	0.00089	0.00183	0.00262	0.03638	0.80461	0.00721	0.13177	0.00197	0.00111	0.00030	0.00046	0.00173	0.00103	0.00091
6	0.00136	0.00095	0.00116	0.00113	0.00130	0.00089	0.00079	0.00162	0.00213	0.01969	0.41773	0.07955	0.14934	0.28190	0.02080	0.00051	0.00064	0.00169	0.01600	0.00079
7	0.00134	0.00097	0.00124	0.00117	0.00140	0.00089	0.00088	0.00178	0.00264	0.00374	0.88572	0.00707	0.05389	0.00193	0.00110	0.00030	0.00045	0.00170	0.03089	0.00089
8	0.00119	0.00086	0.00113	0.00131	0.00139	0.00081	0.00089	0.00142	0.01573	0.00253	0.06559	0.83157	0.03807	0.01710	0.00125	0.00039	0.00055	0.01653	0.00089	0.00079
9	0.00190	0.00181	0.00307	0.74975	0.02977	0.00217	0.09080	0.01768	0.04809	0.00264	0.01597	0.00263	0.00148	0.00098	0.00103	0.00032	0.02743	0.00089	0.00047	0.00111
10	0.00251	0.00163	0.00179	0.00158	0.00206	0.00176	0.00124	0.02634	0.48135	0.16462	0.03389	0.00357	0.00284	0.00123	0.00088	0.00029	0.00067	0.00102	0.26941	0.00133
11	0.02292	0.51475	0.09165	0.02041	0.02159	0.09711	0.00999	0.09682	0.05028	0.03584	0.00171	0.00189	0.00140	0.00096	0.00958	0.00025	0.00111	0.00064	0.00053	0.02055

[dist]
# distance from previous block
# <min> <max>
1	2

[block]
# block no. 8 follows, 348 sequences, length 9
# corresponding to MSA columns:
# 820-828
name=unknown_I
#
# <colnr> <probs for GDERKNQSTAVLIFYWHMCP>
#	G	D	E	R	K	N	Q	S	T	A	V	L	I	F	Y	W	H	M	C	P
0	0.01889	0.07086	0.08844	0.01084	0.02464	0.03942	0.03827	0.26763	0.28922	0.08449	0.01172	0.00273	0.00204	0.01465	0.00103	0.00030	0.02294	0.00090	0.00081	0.01020
1	0.00173	0.00155	0.02049	0.02282	0.06622	0.05007	0.05690	0.01324	0.07726	0.02850	0.25508	0.06385	0.24246	0.03991	0.00829	0.00860	0.01234	0.00988	0.01093	0.00987
2	0.00119	0.00087	0.00115	0.00134	0.00140	0.00084	0.00090	0.00135	0.00180	0.00240	0.00518	0.88041	0.03560	0.03061	0.00137	0.00040	0.02899	0.00258	0.00086	0.00077
3	0.02498	0.00120	0.00159	0.00153	0.00169	0.03708	0.01656	0.00176	0.00154	0.00217	0.00243	0.00394	0.00238	0.14739	0.58149	0.10483	0.04323	0.02289	0.00051	0.00079
4	0.01915	0.53644	0.09711	0.00234	0.12103	0.05475	0.02001	0.03098	0.03923	0.01562	0.00170	0.00193	0.01192	0.00088	0.00074	0.00023	0.00108	0.00064	0.00048	0.04375
5	0.00179	0.00169	0.00284	0.96440	0.00653	0.00211	0.00263	0.00242	0.00190	0.00242	0.00169	0.00253	0.00126	0.00095	0.00095	0.00032	0.00126	0.00084	0.00042	0.00105
6	0.00118	0.00085	0.00113	0.00134	0.00140	0.00080	0.00091	0.00136	0.00181	0.00241	0.00505	0.86424	0.00601	0.03129	0.03775	0.00045	0.00065	0.03975	0.00086	0.00077
7	0.00228	0.02665	0.43521	0.01190	0.05890	0.02422	0.05108	0.12130	0.09325	0.03762	0.07027	0.01290	0.01096	0.00110	0.00096	0.00030	0.01020	0.01009	0.01946	0.00136
8	0.04686	0.04084	0.04172	0.02500	0.17264	0.07181	0.04240	0.21600	0.07567	0.19504	0.01062	0.01191	0.01344	0.00111	0.00094	0.00029	0.00874	0.01511	0.00844	0.00142

[dist]
# distance from previous block
# <min> <max>
0	23

[block]
# block no. 9 follows, 348 sequences, length 30
# corresponding to MSA columns:
# 852-881
name=unknown_J
#
# <colnr> <probs for GDERKNQSTAVLIFYWHMCP>
#	G	D	E	R	K	N	Q	S	T	A	V	L	I	F	Y	W	H	M	C	P
0	0.00182	0.00171	0.00286	0.93627	0.02074	0.00212	0.00263	0.01614	0.00194	0.00248	0.00170	0.00252	0.00127	0.00095	0.00095	0.00032	0.00126	0.00084	0.00043	0.00107
1	0.68423	0.03378	0.00190	0.01136	0.03569	0.14115	0.01056	0.01903	0.00190	0.04054	0.00148	0.00170	0.00115	0.00091	0.00068	0.00028	0.00639	0.00057	0.00558	0.00109
2	0.00135	0.00102	0.00152	0.00152	0.00169	0.00119	0.00119	0.00169	0.00152	0.00220	0.00254	0.00372	0.00237	0.00711	0.96292	0.00152	0.00254	0.00102	0.00051	0.00085
3	0.04147	0.01052	0.02465	0.01264	0.08858	0.12441	0.01129	0.31656	0.07210	0.05922	0.03412	0.00261	0.00194	0.00107	0.00091	0.00026	0.01070	0.02114	0.00382	0.16199
4	0.25450	0.04332	0.32177	0.00227	0.05136	0.00205	0.08434	0.02650	0.01332	0.03609	0.01991	0.09628	0.00888	0.00114	0.00086	0.00030	0.00105	0.00809	0.00058	0.02739
5	0.00248	0.02391	0.07769	0.05895	0.50270	0.05865	0.01787	0.01888	0.01025	0.10354	0.02123	0.02456	0.01791	0.00443	0.00104	0.00029	0.04030	0.00748	0.00058	0.00727
6	0.00235	0.00225	0.00385	0.00582	0.96076	0.00225	0.00291	0.00291	0.00216	0.00310	0.00178	0.00235	0.00150	0.00084	0.00094	0.00028	0.00113	0.00084	0.00047	0.00150
7	0.00120	0.00093	0.00116	0.04970	0.00162	0.00086	0.00093	0.00144	0.00201	0.00258	0.07998	0.48850	0.34121	0.00258	0.00116	0.00035	0.00056	0.02154	0.00087	0.00081
8	0.00856	0.06322	0.18695	0.02643	0.03300	0.02735	0.45133	0.05979	0.08688	0.02554	0.00209	0.00834	0.00159	0.00097	0.00794	0.00031	0.00137	0.00646	0.00055	0.00133
9	0.01483	0.25713	0.50488	0.00242	0.00349	0.08841	0.05548	0.01067	0.01176	0.01609	0.00163	0.00191	0.00126	0.00091	0.00089	0.00027	0.02556	0.00067	0.00044	0.00131
10	0.00337	0.00426	0.00257	0.00235	0.00282	0.89499	0.00176	0.00361	0.00264	0.00233	0.00192	0.02908	0.04213	0.00109	0.00088	0.00025	0.00163	0.00073	0.00052	0.00108
11	0.00154	0.00141	0.00133	0.00134	0.00162	0.12008	0.00102	0.00183	0.00227	0.01174	0.15899	0.13785	0.42529	0.00225	0.00112	0.00033	0.00069	0.12757	0.00086	0.00087
12	0.00222	0.21102	0.32681	0.00283	0.00384	0.00263	0.31841	0.03517	0.02891	0.00295	0.00182	0.00230	0.00143	0.00093	0.00100	0.00029	0.03708	0.01859	0.00047	0.00131
13	0.00258	0.00133	0.00150	0.00129	0.00169	0.00133	0.00102	0.13613	0.01441	0.22016	0.01154	0.00336	0.00237	0.02273	0.00090	0.00027	0.01319	0.00092	0.56214	0.00115
14	0.00190	0.00490	0.96177	0.00270	0.00410	0.00220	0.00350	0.00300	0.00200	0.00300	0.00170	0.00200	0.00120	0.00090	0.00090	0.00030	0.00140	0.00070	0.00040	0.00140
15	0.00124	0.00105	0.00103	0.00101	0.00134	0.02232	0.00076	0.00148	0.00217	0.02187	0.00920	0.01970	0.90085	0.01035	0.00114	0.00032	0.00052	0.00195	0.00088	0.00082
16	0.00144	0.00100	0.00128	0.00138	0.00150	0.00100	0.00105	0.00167	0.00182	0.00239	0.03093	0.02257	0.01518	0.45106	0.00294	0.00066	0.00087	0.45979	0.00074	0.00073
17	0.06862	0.03539	0.10685	0.01423	0.00433	0.04818	0.64357	0.00305	0.00978	0.01736	0.00187	0.00245	0.00143	0.00088	0.00108	0.00031	0.02735	0.01152	0.00049	0.00126
18	0.02606	0.00135	0.02593	0.00140	0.00174	0.00131	0.00111	0.01434	0.21816	0.00375	0.59292	0.03003	0.05342	0.00177	0.00106	0.00031	0.00056	0.01009	0.01363	0.00105
19	0.00135	0.00097	0.00114	0.00117	0.00139	0.00089	0.00085	0.02689	0.00222	0.00976	0.23334	0.32014	0.26862	0.00228	0.00109	0.00032	0.00051	0.01055	0.10783	0.00870
20	0.02582	0.00105	0.02011	0.01416	0.00164	0.00101	0.00773	0.01392	0.00647	0.02539	0.04385	0.60924	0.01592	0.01670	0.17308	0.01034	0.00587	0.00605	0.00079	0.00085
21	0.00225	0.24034	0.48763	0.00930	0.00355	0.03701	0.09374	0.01731	0.02543	0.03169	0.00178	0.00716	0.00137	0.00093	0.00090	0.00028	0.02282	0.00663	0.00855	0.00132
22	0.00200	0.05247	0.88649	0.00262	0.00398	0.00227	0.00335	0.01217	0.00204	0.02168	0.00173	0.00200	0.00123	0.00090	0.00089	0.00030	0.00137	0.00070	0.00042	0.00140
23	0.00406	0.00160	0.00215	0.00167	0.00237	0.00140	0.00137	0.01568	0.01798	0.88463	0.02987	0.02755	0.00263	0.00124	0.00096	0.00030	0.00079	0.00102	0.00116	0.00157
24	0.00867	0.00182	0.03279	0.40895	0.14173	0.01934	0.06191	0.01221	0.01226	0.01017	0.02386	0.05557	0.02749	0.01094	0.01686	0.00342	0.02383	0.12650	0.00056	0.00110
25	0.03997	0.15189	0.53072	0.00820	0.00341	0.01185	0.01841	0.10446	0.01083	0.07351	0.00196	0.02888	0.00149	0.00100	0.00088	0.00496	0.00120	0.00077	0.00426	0.00137
26	0.01950	0.00237	0.00259	0.00202	0.00273	0.03066	0.00166	0.64304	0.01350	0.22298	0.00263	0.01002	0.00184	0.00130	0.02515	0.00032	0.00103	0.00088	0.01424	0.00155
27	0.00136	0.00100	0.00146	0.00146	0.00161	0.00115	0.00111	0.00167	0.00151	0.00218	0.00260	0.00399	0.00249	0.11172	0.84397	0.00144	0.00233	0.00105	0.01506	0.00082
28	0.01845	0.26081	0.05483	0.09641	0.16732	0.02704	0.01860	0.06648	0.00578	0.13376	0.00894	0.01137	0.00158	0.00094	0.00085	0.00025	0.01203	0.00075	0.00059	0.11321
29	0.01051	0.03585	0.48252	0.00261	0.07362	0.03224	0.04735	0.02902	0.02037	0.04933	0.02375	0.01503	0.00161	0.00096	0.00095	0.00028	0.02848	0.00078	0.00052	0.14425

[dist]
# distance from previous block
# <min> <max>
0	3

[block]
# block no. 10 follows, 348 sequences, length 11
# corresponding to MSA columns:
# 885-890,892,893,939-941
name=unknown_K
#
# <colnr> <probs for GDERKNQSTAVLIFYWHMCP>
#	G	D	E	R	K	N	Q	S	T	A	V	L	I	F	Y	W	H	M	C	P
0	0.01920	0.17449	0.46281	0.01625	0.02768	0.05379	0.04643	0.06271	0.01351	0.02213	0.04072	0.01026	0.02825	0.00101	0.00089	0.00028	0.01001	0.00080	0.00052	0.00827
1	0.00142	0.00111	0.00129	0.04543	0.01517	0.00102	0.01279	0.01074	0.03617	0.04300	0.05114	0.04871	0.66687	0.01531	0.00115	0.00033	0.00059	0.03130	0.01558	0.00090
2	0.00133	0.00100	0.00129	0.00131	0.03405	0.00092	0.00093	0.00173	0.00253	0.00349	0.71392	0.05055	0.17934	0.00203	0.00112	0.00031	0.00048	0.00178	0.00099	0.00089
3	0.00166	0.00157	0.04768	0.02340	0.03182	0.01529	0.03246	0.00205	0.01011	0.01127	0.32391	0.04437	0.08449	0.05270	0.04169	0.01499	0.21374	0.04512	0.00073	0.00096
4	0.00218	0.01334	0.52458	0.01143	0.02471	0.02222	0.12503	0.01442	0.04333	0.08181	0.06512	0.01026	0.00205	0.00104	0.00095	0.00030	0.00123	0.01510	0.02231	0.01859
5	0.00128	0.00091	0.00123	0.01806	0.02329	0.00087	0.00099	0.00149	0.00189	0.01622	0.03750	0.76722	0.02963	0.01848	0.00125	0.00039	0.00060	0.06370	0.01418	0.00081
6	0.01645	0.02262	0.06232	0.10222	0.08648	0.05116	0.23821	0.04228	0.07961	0.02254	0.01128	0.01452	0.01308	0.00811	0.00106	0.00750	0.03653	0.00767	0.00057	0.17578
7	0.04585	0.00292	0.00276	0.00218	0.00289	0.15656	0.00177	0.76332	0.00405	0.00532	0.00210	0.00215	0.00152	0.00110	0.00092	0.00028	0.00114	0.00080	0.00086	0.00150
8	0.01422	0.29680	0.14392	0.01655	0.00295	0.41838	0.01539	0.03226	0.00236	0.00260	0.02354	0.00190	0.00144	0.00094	0.00079	0.00024	0.00136	0.00064	0.02254	0.00119
9	0.03394	0.03762	0.05926	0.00214	0.03857	0.06101	0.01061	0.15465	0.52573	0.01442	0.01849	0.00309	0.00967	0.00119	0.00093	0.00030	0.00091	0.00808	0.01795	0.00143
10	0.00189	0.05856	0.03498	0.00913	0.00206	0.01424	0.02234	0.04561	0.05057	0.04972	0.17480	0.08952	0.15151	0.01714	0.00107	0.01961	0.00072	0.01765	0.00078	0.23809

[dist]
# distance from previous block
# <min> <max>
0	3

[block]
# block no. 11 follows, 348 sequences, length 21
# corresponding to MSA columns:
# 945-952,965-977
name=unknown_L
#
# <colnr> <probs for GDERKNQSTAVLIFYWHMCP>
#	G	D	E	R	K	N	Q	S	T	A	V	L	I	F	Y	W	H	M	C	P
0	0.01291	0.27894	0.47143	0.00236	0.01270	0.04468	0.05131	0.02302	0.00823	0.05507	0.00967	0.01279	0.00142	0.00093	0.00086	0.00027	0.01088	0.00071	0.00048	0.00133
1	0.00242	0.62802	0.16691	0.00210	0.00300	0.03315	0.10582	0.01211	0.00894	0.00251	0.00150	0.00177	0.00127	0.00085	0.00077	0.00024	0.01715	0.00063	0.00959	0.00125
2	0.00143	0.00110	0.00151	0.00159	0.00803	0.01480	0.04385	0.00176	0.00209	0.01225	0.07121	0.32535	0.13396	0.00953	0.01147	0.00040	0.00075	0.35720	0.00086	0.00086
3	0.00896	0.08594	0.60681	0.01093	0.02239	0.04902	0.05954	0.06717	0.03134	0.03413	0.00186	0.00215	0.00137	0.01323	0.00094	0.00030	0.00131	0.00075	0.00049	0.00137
4	0.03255	0.08758	0.14119	0.17309	0.03920	0.09154	0.05406	0.18373	0.03514	0.10732	0.00212	0.00242	0.00750	0.01215	0.00099	0.00030	0.01915	0.00435	0.00431	0.00132
5	0.01772	0.00433	0.00264	0.00239	0.00289	0.89387	0.00180	0.00383	0.02954	0.03028	0.00160	0.00180	0.00130	0.00099	0.00086	0.00025	0.00164	0.00063	0.00052	0.00112
6	0.00148	0.00106	0.01016	0.00133	0.01014	0.00095	0.01467	0.00854	0.01138	0.05272	0.49847	0.23261	0.13083	0.00215	0.00112	0.00032	0.00054	0.00768	0.01293	0.00092
7	0.03409	0.21089	0.33487	0.00226	0.02608	0.11435	0.02469	0.04176	0.03314	0.12219	0.00208	0.00997	0.01296	0.00099	0.00085	0.00027	0.00690	0.00074	0.01959	0.00133
8	0.00215	0.01179	0.01926	0.38813	0.09116	0.02601	0.12322	0.02289	0.10467	0.05455	0.02664	0.01539	0.00195	0.03214	0.01960	0.00622	0.02016	0.00513	0.02339	0.00556
9	0.00123	0.00097	0.00107	0.00109	0.00136	0.00085	0.00081	0.00153	0.01572	0.01184	0.17527	0.15065	0.60256	0.00237	0.00113	0.00033	0.00050	0.02069	0.00923	0.00083
10	0.01593	0.00892	0.13360	0.04988	0.06562	0.00857	0.04242	0.04670	0.09703	0.07043	0.18292	0.11363	0.04749	0.00516	0.00894	0.00033	0.01015	0.04653	0.04461	0.00116
11	0.03471	0.08643	0.20614	0.03676	0.06276	0.02540	0.24109	0.06582	0.03211	0.12446	0.01992	0.02511	0.01608	0.00104	0.00096	0.00030	0.00542	0.00936	0.00481	0.00133
12	0.00169	0.00087	0.00128	0.00127	0.00131	0.00088	0.00087	0.00138	0.00134	0.02963	0.00199	0.04746	0.00202	0.03762	0.02824	0.81333	0.01121	0.01665	0.00047	0.00049
13	0.00675	0.00104	0.00123	0.00120	0.00148	0.00097	0.00090	0.00775	0.04044	0.04247	0.30516	0.11162	0.38172	0.00865	0.04007	0.00037	0.00697	0.02324	0.01704	0.00090
14	0.04060	0.06668	0.34347	0.10022	0.11947	0.05495	0.11199	0.01803	0.04732	0.04723	0.00977	0.00236	0.01248	0.00099	0.00642	0.00030	0.01506	0.00081	0.00051	0.00132
15	0.01503	0.01094	0.06280	0.03292	0.02520	0.16966	0.32486	0.09810	0.04148	0.08426	0.02189	0.03721	0.00659	0.00112	0.00109	0.01193	0.02918	0.01416	0.01033	0.00126
16	0.00166	0.00097	0.00138	0.03244	0.02608	0.00986	0.00096	0.01045	0.00708	0.00189	0.02018	0.00984	0.02979	0.04064	0.05033	0.74734	0.00092	0.00092	0.00673	0.00054
17	0.02467	0.00188	0.02520	0.15121	0.23791	0.02200	0.04176	0.04259	0.09335	0.02594	0.02818	0.03060	0.07014	0.00929	0.00105	0.00032	0.00884	0.13038	0.01500	0.03970
18	0.01187	0.00729	0.06781	0.08760	0.22785	0.06233	0.09018	0.07301	0.04531	0.08460	0.02181	0.03429	0.02645	0.00725	0.00098	0.00028	0.01061	0.00535	0.02000	0.11516
19	0.02141	0.24611	0.05967	0.05070	0.05177	0.13583	0.06498	0.09257	0.04668	0.06772	0.02919	0.00251	0.02530	0.00113	0.00920	0.00029	0.07141	0.00911	0.00060	0.01383
20	0.01611	0.01932	0.04015	0.09842	0.06903	0.23751	0.09268	0.06481	0.02950	0.04054	0.02745	0.00247	0.01274	0.00126	0.01467	0.01153	0.19098	0.00546	0.00651	0.01887

[dist]
# distance from previous block
# <min> <max>
0	59

# created by:
# /home/berkeley/.conda/envs/busco_data_prod/bin/msa2prfl.pl pipeline/OGs_align_augustus/2759/10251185.fs
