[name]
unknown

[dist]
# distance from previous block
# <min> <max>
4	218

[block]
# block no. 0 follows, 236 sequences, length 19
# corresponding to MSA columns:
# 638-645,647-651,664-667,669,670
name=unknown_A
#
# <colnr> <probs for GDERKNQSTAVLIFYWHMCP>
#	G	D	E	R	K	N	Q	S	T	A	V	L	I	F	Y	W	H	M	C	P
0	0.00370	0.14469	0.00517	0.13128	0.33686	0.19087	0.06795	0.03862	0.01271	0.02046	0.00264	0.03419	0.00224	0.00139	0.00129	0.00039	0.00179	0.00120	0.00073	0.00185
1	0.00235	0.00183	0.00249	0.00231	0.00251	0.00849	0.00177	0.02172	0.00232	0.00332	0.05054	0.00532	0.03627	0.08890	0.35635	0.16546	0.19875	0.00147	0.00929	0.03855
2	0.03850	0.18826	0.05114	0.01657	0.02018	0.09033	0.03409	0.15753	0.01687	0.18563	0.03869	0.04784	0.01107	0.00168	0.00955	0.00039	0.00145	0.00126	0.00105	0.08792
3	0.03640	0.12024	0.30133	0.01913	0.03340	0.03502	0.04430	0.11725	0.02737	0.19275	0.01578	0.02282	0.00252	0.00148	0.00127	0.00041	0.00160	0.00118	0.00097	0.02478
4	0.01897	0.00235	0.00312	0.00244	0.00345	0.00210	0.00201	0.04173	0.01988	0.82987	0.02478	0.00503	0.00366	0.00177	0.00139	0.00043	0.00116	0.03198	0.00164	0.00225
5	0.00217	0.00165	0.00208	0.13296	0.00949	0.00161	0.00162	0.03329	0.01577	0.04754	0.14717	0.16521	0.42135	0.00301	0.00157	0.00047	0.00092	0.00259	0.00823	0.00133
6	0.01001	0.40772	0.28787	0.03442	0.03502	0.04840	0.03511	0.06799	0.01341	0.03652	0.00239	0.00274	0.00189	0.00129	0.00116	0.00037	0.01014	0.00095	0.00070	0.00189
7	0.00189	0.00142	0.00168	0.00180	0.00207	0.00132	0.00128	0.02063	0.04578	0.01614	0.06506	0.48492	0.29396	0.03480	0.00184	0.00054	0.00081	0.02158	0.00128	0.00121
8	0.00177	0.00127	0.00169	0.00196	0.00210	0.00121	0.00139	0.00211	0.01183	0.00368	0.05513	0.72983	0.03042	0.01728	0.00182	0.00057	0.00086	0.13267	0.00127	0.00114
9	0.01206	0.00244	0.02222	0.00724	0.00325	0.02659	0.07075	0.10522	0.01930	0.02770	0.02206	0.02426	0.00327	0.10757	0.34734	0.00120	0.17745	0.00149	0.01714	0.00146
10	0.07016	0.08840	0.03849	0.01202	0.02275	0.15297	0.06065	0.41712	0.02670	0.05117	0.00298	0.01896	0.00227	0.00153	0.00131	0.00040	0.01310	0.00116	0.00106	0.01679
11	0.81416	0.00251	0.00204	0.00182	0.00261	0.00285	0.00148	0.01920	0.00260	0.02784	0.10962	0.00320	0.00284	0.00145	0.00095	0.00042	0.00102	0.00096	0.00095	0.00149
12	0.01594	0.00246	0.00319	0.00247	0.00350	0.00224	0.00203	0.10304	0.01805	0.79197	0.01974	0.00472	0.02065	0.00173	0.00137	0.00042	0.00118	0.00140	0.00163	0.00227
13	0.01504	0.00229	0.00373	0.06319	0.14240	0.00232	0.17161	0.04144	0.03408	0.01756	0.06019	0.28678	0.02750	0.00242	0.00159	0.00047	0.02539	0.02052	0.07991	0.00156
14	0.01122	0.01296	0.08969	0.00269	0.01502	0.07356	0.03372	0.15666	0.05891	0.10061	0.02350	0.29043	0.09293	0.00262	0.00150	0.00047	0.00127	0.02937	0.00119	0.00167
15	0.00196	0.00157	0.00244	0.00235	0.00261	0.00149	0.12273	0.00230	0.00262	0.00348	0.00642	0.55378	0.03098	0.18552	0.00273	0.00069	0.00112	0.07294	0.00111	0.00116
16	0.00181	0.00129	0.00173	0.00190	0.00201	0.00123	0.02306	0.00205	0.00254	0.00343	0.02832	0.65623	0.00791	0.20329	0.00281	0.00071	0.00094	0.03182	0.02584	0.00108
17	0.00378	0.03662	0.11500	0.06060	0.37432	0.03820	0.09204	0.14028	0.01266	0.08429	0.01930	0.00351	0.00238	0.00138	0.00138	0.00041	0.00970	0.00124	0.00086	0.00205
18	0.00394	0.00286	0.04090	0.00322	0.03436	0.04909	0.06132	0.00446	0.00297	0.31246	0.02545	0.02857	0.00302	0.02161	0.10872	0.00069	0.29216	0.00140	0.00103	0.00177

[dist]
# distance from previous block
# <min> <max>
3	45

[block]
# block no. 1 follows, 236 sequences, length 10
# corresponding to MSA columns:
# 720-729
name=unknown_B
#
# <colnr> <probs for GDERKNQSTAVLIFYWHMCP>
#	G	D	E	R	K	N	Q	S	T	A	V	L	I	F	Y	W	H	M	C	P
0	0.51238	0.00327	0.00266	0.00232	0.00316	0.14139	0.00186	0.06969	0.14435	0.07826	0.00315	0.00322	0.02627	0.00149	0.00108	0.00042	0.00129	0.00102	0.00102	0.00171
1	0.00464	0.00351	0.04022	0.00285	0.00385	0.00369	0.00241	0.74471	0.00567	0.00783	0.00344	0.00356	0.00249	0.00161	0.00129	0.00039	0.00137	0.00123	0.16310	0.00213
2	0.53940	0.00243	0.00241	0.00202	0.00290	0.00254	0.00165	0.00486	0.00301	0.34986	0.07399	0.00370	0.00303	0.00153	0.00109	0.00042	0.00106	0.00110	0.00120	0.00177
3	0.25341	0.00237	0.01477	0.00219	0.00301	0.00235	0.00179	0.08540	0.02746	0.35908	0.01716	0.06688	0.06258	0.01368	0.02903	0.00050	0.00117	0.02307	0.03230	0.00182
4	0.00340	0.72482	0.19960	0.00263	0.00394	0.00479	0.00285	0.00408	0.00283	0.00351	0.03545	0.00261	0.00214	0.00125	0.00099	0.00033	0.00154	0.00085	0.00061	0.00179
5	0.00170	0.00122	0.00162	0.00190	0.00202	0.00114	0.00131	0.00198	0.00271	0.00360	0.04649	0.83147	0.04129	0.00415	0.00174	0.00055	0.00081	0.05192	0.00127	0.00112
6	0.11805	0.00251	0.00279	0.00231	0.00311	0.00260	0.00185	0.22025	0.10752	0.27496	0.02636	0.05247	0.02630	0.02967	0.00145	0.00044	0.00111	0.00147	0.12288	0.00191
7	0.00274	0.00255	0.02108	0.00276	0.03062	0.12289	0.05864	0.02453	0.03341	0.02635	0.17154	0.17816	0.06396	0.00281	0.00174	0.00049	0.04922	0.18698	0.01810	0.00144
8	0.00206	0.00178	0.04128	0.12456	0.00331	0.00173	0.00193	0.01651	0.01807	0.00365	0.05386	0.32048	0.02115	0.07345	0.22614	0.00097	0.00174	0.08506	0.00101	0.00126
9	0.00184	0.00133	0.00169	0.00185	0.00203	0.00125	0.00133	0.00218	0.00285	0.00378	0.15854	0.38952	0.10432	0.16199	0.00260	0.00066	0.00092	0.15898	0.00123	0.00112

[dist]
# distance from previous block
# <min> <max>
0	1

[block]
# block no. 2 follows, 236 sequences, length 8
# corresponding to MSA columns:
# 731-735,737-739
name=unknown_C
#
# <colnr> <probs for GDERKNQSTAVLIFYWHMCP>
#	G	D	E	R	K	N	Q	S	T	A	V	L	I	F	Y	W	H	M	C	P
0	0.00203	0.00153	0.00185	0.00192	0.00221	0.01762	0.00142	0.01804	0.01945	0.02273	0.23548	0.38272	0.18204	0.00349	0.00173	0.00050	0.02380	0.07888	0.00131	0.00125
1	0.02197	0.35606	0.36442	0.00351	0.06316	0.05308	0.02412	0.00427	0.00288	0.03072	0.00227	0.00269	0.00182	0.00133	0.00134	0.00038	0.06253	0.00094	0.00063	0.00186
2	0.00283	0.00208	0.00238	0.00214	0.00270	0.00214	0.00165	0.10502	0.23928	0.06085	0.35000	0.06862	0.14965	0.00256	0.00152	0.00045	0.00089	0.00219	0.00142	0.00165
3	0.00190	0.00136	0.00194	0.00206	0.00223	0.00147	0.00152	0.00224	0.00234	0.00324	0.00499	0.28462	0.00539	0.06882	0.49583	0.05363	0.00237	0.06202	0.00092	0.00113
4	0.14080	0.06844	0.18506	0.02474	0.11788	0.11627	0.02132	0.02631	0.07470	0.02854	0.11526	0.01946	0.03451	0.00166	0.00133	0.00042	0.01933	0.00132	0.00090	0.00176
5	0.02032	0.06008	0.11021	0.05115	0.39142	0.02978	0.08129	0.04754	0.03645	0.03364	0.03045	0.04312	0.05542	0.00158	0.00137	0.00042	0.00158	0.00143	0.00083	0.00192
6	0.19165	0.00341	0.09299	0.00313	0.05213	0.03723	0.05743	0.20991	0.00388	0.27731	0.00351	0.00379	0.00252	0.02110	0.00143	0.00044	0.01409	0.02089	0.00116	0.00200
7	0.06006	0.09278	0.32780	0.02430	0.18714	0.08610	0.05734	0.04161	0.01463	0.05740	0.00268	0.00327	0.00208	0.00138	0.00133	0.00041	0.01903	0.01798	0.00075	0.00194

[dist]
# distance from previous block
# <min> <max>
0	3

[block]
# block no. 3 follows, 236 sequences, length 6
# corresponding to MSA columns:
# 743-748
name=unknown_D
#
# <colnr> <probs for GDERKNQSTAVLIFYWHMCP>
#	G	D	E	R	K	N	Q	S	T	A	V	L	I	F	Y	W	H	M	C	P
0	0.01351	0.00201	0.03036	0.02284	0.06448	0.00188	0.03469	0.02958	0.06928	0.09299	0.16427	0.20359	0.06426	0.07940	0.04904	0.03222	0.00121	0.02785	0.01506	0.00147
1	0.02542	0.04438	0.16794	0.03684	0.25175	0.00284	0.04859	0.03784	0.02255	0.08006	0.02126	0.01802	0.00254	0.00136	0.00126	0.00037	0.00148	0.01422	0.00084	0.22042
2	0.00262	0.00175	0.00214	0.00186	0.00243	0.00157	0.00142	0.03042	0.00321	0.09373	0.26816	0.05755	0.08593	0.07170	0.09360	0.00062	0.00115	0.00186	0.07620	0.20206
3	0.04397	0.38826	0.07734	0.02225	0.03153	0.09034	0.00252	0.06644	0.10494	0.09812	0.02860	0.03455	0.00275	0.00151	0.00115	0.00037	0.00148	0.00112	0.00090	0.00185
4	0.03040	0.25662	0.18995	0.01605	0.02337	0.02611	0.03080	0.10890	0.03363	0.11851	0.02572	0.02897	0.02250	0.00154	0.00132	0.00039	0.03284	0.00118	0.00091	0.05029
5	0.05738	0.15629	0.38975	0.02868	0.02135	0.01707	0.03466	0.03329	0.06914	0.07731	0.03541	0.00357	0.01903	0.00162	0.02178	0.00044	0.00166	0.00113	0.00082	0.02960

[dist]
# distance from previous block
# <min> <max>
2	31

[block]
# block no. 4 follows, 236 sequences, length 11
# corresponding to MSA columns:
# 789-791,793-796,798-801
name=unknown_E
#
# <colnr> <probs for GDERKNQSTAVLIFYWHMCP>
#	G	D	E	R	K	N	Q	S	T	A	V	L	I	F	Y	W	H	M	C	P
0	0.18332	0.15588	0.30344	0.01193	0.02238	0.02737	0.05308	0.03219	0.01691	0.14379	0.02714	0.00330	0.00235	0.00140	0.00119	0.00041	0.00156	0.00960	0.00087	0.00188
1	0.00320	0.00312	0.00423	0.47171	0.16080	0.12118	0.03645	0.05816	0.00316	0.01678	0.00295	0.04121	0.02117	0.00155	0.00147	0.00044	0.03269	0.00133	0.01674	0.00167
2	0.00175	0.00130	0.00161	0.00178	0.00198	0.00121	0.00123	0.00214	0.02574	0.00382	0.14448	0.57430	0.18541	0.04424	0.00191	0.00055	0.00078	0.00334	0.00128	0.00115
3	0.01981	0.00989	0.00248	0.09392	0.02347	0.00194	0.00180	0.03374	0.08996	0.17709	0.07034	0.22442	0.15062	0.05654	0.03720	0.00058	0.00115	0.00227	0.00124	0.00155
4	0.02665	0.14410	0.10048	0.02471	0.31243	0.00352	0.06397	0.05982	0.16945	0.03526	0.01960	0.00377	0.00270	0.00960	0.00940	0.00043	0.00155	0.00967	0.00088	0.00200
5	0.00171	0.00127	0.00153	0.00171	0.00194	0.00115	0.00120	0.00203	0.00285	0.00373	0.05857	0.54910	0.29879	0.00381	0.00166	0.00051	0.00075	0.02160	0.04497	0.00114
6	0.00189	0.00130	0.00166	0.00179	0.00191	0.00127	0.00120	0.00211	0.00247	0.01929	0.03642	0.43438	0.05159	0.31007	0.09605	0.00095	0.00125	0.03224	0.00109	0.00106
7	0.02072	0.04965	0.08634	0.27157	0.09384	0.03078	0.05099	0.25496	0.02047	0.02377	0.00304	0.00375	0.01890	0.00168	0.01800	0.00046	0.03079	0.01752	0.00088	0.00187
8	0.04199	0.02540	0.06506	0.02687	0.04837	0.01310	0.06739	0.02566	0.01611	0.20033	0.00548	0.38635	0.02089	0.02181	0.00165	0.00750	0.00121	0.02206	0.00117	0.00161
9	0.00230	0.00151	0.00186	0.00190	0.00209	0.00151	0.00136	0.01516	0.02443	0.05086	0.01828	0.04571	0.02404	0.51842	0.04034	0.00104	0.00134	0.24572	0.00103	0.00110
10	0.02831	0.22451	0.01804	0.00269	0.06227	0.00300	0.02173	0.05257	0.00305	0.05099	0.00248	0.00283	0.00203	0.00116	0.00111	0.00028	0.01818	0.00089	0.00081	0.50305

[dist]
# distance from previous block
# <min> <max>
3	32

[block]
# block no. 5 follows, 236 sequences, length 16
# corresponding to MSA columns:
# 863-872,896,898-902
name=unknown_F
#
# <colnr> <probs for GDERKNQSTAVLIFYWHMCP>
#	G	D	E	R	K	N	Q	S	T	A	V	L	I	F	Y	W	H	M	C	P
0	0.14823	0.00359	0.20787	0.00294	0.01734	0.01119	0.05085	0.07044	0.22752	0.06970	0.01112	0.02188	0.00295	0.02766	0.04690	0.05779	0.00152	0.00850	0.01019	0.00181
1	0.00259	0.00222	0.00345	0.55565	0.09157	0.00259	0.00301	0.00351	0.04936	0.00391	0.01612	0.01824	0.04049	0.01972	0.02268	0.01204	0.00154	0.01434	0.13547	0.00151
2	0.00334	0.04045	0.06995	0.04188	0.46890	0.00307	0.00333	0.12549	0.02718	0.02074	0.11139	0.03836	0.00367	0.00159	0.00136	0.00041	0.00145	0.00142	0.00091	0.03512
3	0.00373	0.08990	0.05373	0.25501	0.17850	0.02702	0.03729	0.14121	0.01523	0.12293	0.00887	0.00370	0.00236	0.03617	0.00152	0.00044	0.00161	0.00122	0.00089	0.01866
4	0.00204	0.00134	0.00160	0.00162	0.00170	0.00132	0.00100	0.00216	0.00230	0.02826	0.07844	0.13220	0.02699	0.65926	0.05313	0.00115	0.00130	0.00224	0.00096	0.00097
5	0.01315	0.00152	0.00183	0.00179	0.00219	0.00142	0.00135	0.02131	0.02754	0.05876	0.29768	0.16405	0.30427	0.01388	0.02902	0.00053	0.00087	0.05617	0.00134	0.00131
6	0.09832	0.09913	0.04980	0.08379	0.20929	0.09682	0.04249	0.17326	0.07430	0.03404	0.00307	0.00343	0.02357	0.00144	0.00126	0.00040	0.00160	0.00116	0.00090	0.00193
7	0.02319	0.02741	0.27047	0.16145	0.02760	0.01939	0.02460	0.08173	0.03478	0.21646	0.00365	0.06503	0.00283	0.00169	0.00141	0.00044	0.01816	0.01680	0.00099	0.00192
8	0.02640	0.00214	0.00273	0.00233	0.00311	0.00201	0.00192	0.06930	0.03208	0.50170	0.01537	0.04398	0.05889	0.00227	0.00146	0.00046	0.00112	0.17373	0.05708	0.00191
9	0.00187	0.00144	0.00169	0.00175	0.00207	0.00133	0.00128	0.02840	0.03071	0.00408	0.15513	0.32440	0.36461	0.02615	0.00178	0.00051	0.00079	0.04948	0.00130	0.00122
10	0.10640	0.01047	0.01866	0.09759	0.33646	0.06342	0.03620	0.07678	0.01669	0.15632	0.01628	0.00375	0.01714	0.00175	0.03588	0.00048	0.00162	0.00123	0.00094	0.00194
11	0.00237	0.00118	0.00178	0.00178	0.00178	0.00118	0.00118	0.00178	0.00178	0.00237	0.00237	0.00414	0.00237	0.00473	0.00533	0.96035	0.00118	0.00118	0.00059	0.00059
12	0.00502	0.00384	0.00400	0.00312	0.00417	0.03862	0.00255	0.82497	0.08650	0.00815	0.00342	0.00340	0.00246	0.00165	0.00136	0.00041	0.00150	0.00124	0.00134	0.00228
13	0.04677	0.00272	0.00333	0.03009	0.05974	0.00279	0.02604	0.27385	0.08932	0.24456	0.04860	0.01391	0.10813	0.00193	0.00139	0.00043	0.00123	0.02000	0.02318	0.00199
14	0.15244	0.02735	0.07948	0.05352	0.54038	0.01300	0.04488	0.02461	0.01643	0.02069	0.01341	0.00326	0.00216	0.00128	0.00127	0.00041	0.00158	0.00115	0.00074	0.00197
15	0.16214	0.00223	0.00228	0.00207	0.00246	0.06518	0.00791	0.04919	0.01218	0.07280	0.06082	0.04745	0.00415	0.32500	0.05193	0.00785	0.06754	0.00160	0.05391	0.00132

[dist]
# distance from previous block
# <min> <max>
1	28

[block]
# block no. 6 follows, 236 sequences, length 17
# corresponding to MSA columns:
# 953-962,967-973
name=unknown_G
#
# <colnr> <probs for GDERKNQSTAVLIFYWHMCP>
#	G	D	E	R	K	N	Q	S	T	A	V	L	I	F	Y	W	H	M	C	P
0	0.14270	0.00904	0.00282	0.01235	0.00312	0.11712	0.02103	0.07836	0.10419	0.04274	0.04150	0.03481	0.02064	0.07905	0.13047	0.00073	0.05083	0.01330	0.04049	0.05470
1	0.00331	0.00990	0.06950	0.08360	0.24568	0.00273	0.05501	0.06322	0.05650	0.05679	0.01196	0.01140	0.00240	0.00129	0.00125	0.00035	0.00142	0.00114	0.00086	0.32167
2	0.03014	0.01551	0.01106	0.04361	0.01952	0.17437	0.01414	0.12395	0.07138	0.18545	0.04465	0.14043	0.01435	0.05741	0.01355	0.00051	0.00146	0.03562	0.00117	0.00173
3	0.90745	0.00262	0.00207	0.00183	0.00268	0.00300	0.00151	0.00416	0.00241	0.05942	0.00210	0.00235	0.00158	0.00129	0.00087	0.00042	0.00106	0.00077	0.00089	0.00152
4	0.00375	0.60318	0.04716	0.00267	0.00367	0.01398	0.00253	0.12321	0.00317	0.02795	0.00223	0.00265	0.00193	0.01498	0.00155	0.00037	0.13208	0.00091	0.01022	0.00179
5	0.04469	0.00254	0.00312	0.01755	0.00354	0.00209	0.04523	0.03156	0.02483	0.06859	0.00271	0.00304	0.00215	0.00112	0.00108	0.00025	0.00111	0.00092	0.00089	0.74300
6	0.03134	0.04808	0.41035	0.03658	0.10819	0.00294	0.08826	0.02913	0.00298	0.03652	0.01313	0.09646	0.03768	0.03486	0.00161	0.00047	0.01732	0.00149	0.00078	0.00181
7	0.00172	0.00125	0.00163	0.00189	0.00204	0.00117	0.00133	0.00201	0.00273	0.00358	0.02333	0.71137	0.11269	0.02592	0.00186	0.00057	0.00084	0.10170	0.00126	0.00112
8	0.00297	0.00299	0.00426	0.11571	0.00439	0.02496	0.03581	0.00338	0.00224	0.00334	0.00194	0.00311	0.00183	0.00233	0.01983	0.00060	0.76701	0.00121	0.00061	0.00150
9	0.00298	0.11099	0.01189	0.02034	0.00401	0.01899	0.14783	0.01715	0.00259	0.01044	0.03587	0.07740	0.01251	0.00243	0.03495	0.00057	0.47846	0.00148	0.00756	0.00155
10	0.02271	0.00193	0.03001	0.00233	0.00282	0.01105	0.06233	0.00330	0.00316	0.15311	0.20372	0.17957	0.03631	0.09076	0.02218	0.00061	0.00919	0.15503	0.00846	0.00143
11	0.00253	0.00147	0.00186	0.00183	0.00217	0.00136	0.00132	0.00293	0.01135	0.15889	0.12959	0.34435	0.14083	0.09734	0.04082	0.00063	0.00098	0.00268	0.05574	0.00133
12	0.57329	0.00251	0.00247	0.00205	0.00298	0.00263	0.00169	0.00508	0.00296	0.38757	0.00331	0.00320	0.00225	0.00144	0.00106	0.00042	0.00110	0.00100	0.00119	0.00182
13	0.00319	0.06456	0.20210	0.00774	0.04115	0.03129	0.01678	0.11942	0.14161	0.05181	0.12719	0.07141	0.06326	0.00212	0.01366	0.00045	0.00136	0.01200	0.02710	0.00181
14	0.00232	0.00176	0.00231	0.05730	0.03656	0.00184	0.00181	0.00329	0.14482	0.04047	0.06196	0.26179	0.10940	0.01756	0.15543	0.00079	0.00144	0.09658	0.00116	0.00142
15	0.00206	0.00152	0.00199	0.00201	0.00226	0.00156	0.01664	0.05542	0.00276	0.00376	0.03278	0.35014	0.09988	0.11092	0.24315	0.00103	0.01449	0.01871	0.03772	0.00121
16	0.00354	0.00192	0.00249	0.02419	0.00280	0.02355	0.00169	0.04879	0.02247	0.28457	0.03273	0.03080	0.01061	0.10207	0.21246	0.18949	0.00176	0.00151	0.00108	0.00147

[dist]
# distance from previous block
# <min> <max>
2	33

[block]
# block no. 7 follows, 236 sequences, length 12
# corresponding to MSA columns:
# 1010-1014,1020-1024,1026,1027
name=unknown_H
#
# <colnr> <probs for GDERKNQSTAVLIFYWHMCP>
#	G	D	E	R	K	N	Q	S	T	A	V	L	I	F	Y	W	H	M	C	P
0	0.18344	0.04990	0.00941	0.07145	0.07290	0.05422	0.13810	0.04963	0.02136	0.02890	0.06270	0.12073	0.00364	0.01024	0.00163	0.00046	0.07846	0.01500	0.01239	0.01544
1	0.00355	0.24385	0.29350	0.01632	0.05210	0.16609	0.04036	0.07944	0.01339	0.00417	0.00276	0.04081	0.01317	0.00159	0.01392	0.00041	0.00184	0.01019	0.00073	0.00183
2	0.00238	0.00167	0.00219	0.00211	0.00252	0.00166	0.00164	0.01245	0.02324	0.05215	0.03051	0.04990	0.02706	0.15659	0.30802	0.00116	0.00195	0.19811	0.00099	0.12369
3	0.03109	0.00261	0.06079	0.00266	0.00335	0.01630	0.04566	0.13992	0.07303	0.11973	0.03104	0.03322	0.00345	0.01504	0.34599	0.00108	0.03211	0.00146	0.03155	0.00992
4	0.00318	0.20421	0.27807	0.09045	0.15406	0.01744	0.06145	0.00409	0.00297	0.05743	0.01772	0.07272	0.00264	0.00151	0.00127	0.00040	0.00165	0.00128	0.00074	0.02669
5	0.00503	0.00233	0.00299	0.00238	0.00328	0.00217	0.00195	0.14207	0.00422	0.59446	0.16697	0.00592	0.02860	0.00197	0.00143	0.00043	0.00111	0.02902	0.00158	0.00208
6	0.00321	0.00547	0.57258	0.12097	0.00586	0.00325	0.02891	0.14731	0.02772	0.02332	0.00296	0.03116	0.00223	0.00151	0.00136	0.00045	0.00184	0.00121	0.01670	0.00200
7	0.01177	0.00265	0.04128	0.19696	0.07983	0.03257	0.02590	0.07541	0.06233	0.02232	0.02640	0.03015	0.00325	0.06539	0.18552	0.00083	0.03160	0.03185	0.00086	0.07315
8	0.00297	0.00296	0.00401	0.00346	0.00349	0.02838	0.00286	0.00326	0.00213	0.00326	0.00195	0.00324	0.00195	0.03181	0.04097	0.00067	0.85934	0.00122	0.00061	0.00146
9	0.00187	0.00128	0.00155	0.00166	0.00170	0.00127	0.00102	0.00198	0.00220	0.00295	0.00534	0.32511	0.00624	0.58780	0.05117	0.00111	0.00126	0.00259	0.00097	0.00094
10	0.00229	0.00152	0.00192	0.00188	0.00223	0.00144	0.00139	0.00288	0.04403	0.09654	0.34078	0.31689	0.15238	0.00321	0.00169	0.00048	0.02291	0.00281	0.00138	0.00135
11	0.00295	0.01062	0.00319	0.21844	0.00442	0.04787	0.02813	0.01820	0.01066	0.11653	0.04124	0.22419	0.01744	0.04557	0.05002	0.00062	0.15548	0.00196	0.00097	0.00148

[dist]
# distance from previous block
# <min> <max>
4	24

[block]
# block no. 8 follows, 236 sequences, length 12
# corresponding to MSA columns:
# 1052-1059,1068-1071
name=unknown_I
#
# <colnr> <probs for GDERKNQSTAVLIFYWHMCP>
#	G	D	E	R	K	N	Q	S	T	A	V	L	I	F	Y	W	H	M	C	P
0	0.02251	0.05207	0.40446	0.03260	0.25123	0.03341	0.02911	0.01694	0.03807	0.05017	0.01585	0.00339	0.00226	0.00135	0.00130	0.00041	0.00174	0.01082	0.00074	0.03157
1	0.10627	0.00266	0.02428	0.03667	0.14139	0.02348	0.03296	0.10491	0.02277	0.16415	0.08872	0.08329	0.05558	0.01572	0.01355	0.00047	0.02109	0.02104	0.00112	0.03987
2	0.00204	0.00133	0.00165	0.00179	0.00194	0.00130	0.00121	0.00239	0.02577	0.02803	0.00606	0.48611	0.00678	0.22974	0.04949	0.00078	0.00107	0.03098	0.12041	0.00113
3	0.20630	0.00239	0.00281	0.00227	0.00319	0.00233	0.00185	0.05352	0.05216	0.55562	0.05616	0.03152	0.02040	0.00177	0.00129	0.00043	0.00110	0.00140	0.00145	0.00202
4	0.01134	0.06247	0.06939	0.13488	0.08472	0.11949	0.10692	0.13262	0.02573	0.02780	0.07445	0.02876	0.01907	0.00186	0.02295	0.00047	0.06338	0.00138	0.01056	0.00176
5	0.00224	0.00159	0.00209	0.01367	0.01418	0.00158	0.00179	0.02243	0.05264	0.03165	0.04209	0.32199	0.06034	0.02606	0.00185	0.00058	0.00105	0.38879	0.01210	0.00131
6	0.00242	0.01929	0.26027	0.00279	0.00360	0.00213	0.05165	0.01552	0.02614	0.04051	0.00573	0.38182	0.05224	0.00290	0.00165	0.00051	0.02520	0.10308	0.00104	0.00152
7	0.01450	0.00146	0.00198	0.00194	0.00222	0.00152	0.00146	0.00258	0.00280	0.04211	0.26113	0.08830	0.04565	0.06402	0.35588	0.04668	0.01541	0.02074	0.02839	0.00122
8	0.00355	0.11488	0.38618	0.03480	0.04289	0.14268	0.06508	0.01586	0.09902	0.06731	0.00290	0.00325	0.00218	0.01201	0.00134	0.00042	0.00184	0.00110	0.00078	0.00192
9	0.00230	0.00150	0.02895	0.00199	0.00211	0.00144	0.02575	0.00206	0.00193	0.00263	0.00281	0.00489	0.00283	0.13559	0.13068	0.63180	0.01796	0.00134	0.00064	0.00080
10	0.05562	0.00224	0.00266	0.00240	0.00296	0.01640	0.00191	0.23234	0.00359	0.10041	0.00465	0.10036	0.02370	0.04881	0.28813	0.00103	0.00198	0.10812	0.00112	0.00159
11	0.15228	0.00311	0.07465	0.02253	0.09660	0.01252	0.07082	0.09717	0.19384	0.13709	0.02555	0.03408	0.00320	0.00183	0.02111	0.00047	0.00139	0.01245	0.03738	0.00192

[dist]
# distance from previous block
# <min> <max>
2	37

[block]
# block no. 9 follows, 236 sequences, length 18
# corresponding to MSA columns:
# 1109-1123,1134-1136
name=unknown_J
#
# <colnr> <probs for GDERKNQSTAVLIFYWHMCP>
#	G	D	E	R	K	N	Q	S	T	A	V	L	I	F	Y	W	H	M	C	P
0	0.00312	0.11889	0.18980	0.01082	0.04986	0.02203	0.05236	0.10117	0.08697	0.02855	0.01614	0.02558	0.00293	0.06084	0.18163	0.00080	0.01420	0.00132	0.00085	0.03215
1	0.00828	0.00274	0.02110	0.22268	0.00468	0.04645	0.00237	0.12734	0.01380	0.03889	0.02567	0.02369	0.06781	0.05000	0.01466	0.00046	0.04334	0.01010	0.01955	0.25639
2	0.08257	0.01883	0.07813	0.00288	0.03461	0.03371	0.00239	0.19311	0.03750	0.01630	0.02322	0.06567	0.13206	0.00239	0.02693	0.00051	0.19559	0.01275	0.02241	0.01844
3	0.00338	0.17856	0.26157	0.00328	0.03039	0.04975	0.02088	0.06174	0.23994	0.01848	0.01540	0.02084	0.00285	0.00164	0.00148	0.00043	0.06225	0.02431	0.00090	0.00193
4	0.00426	0.06382	0.01950	0.03788	0.04258	0.00248	0.00211	0.15183	0.00388	0.36502	0.11365	0.07747	0.02519	0.02484	0.01901	0.00047	0.00123	0.00164	0.01049	0.03266
5	0.37794	0.19369	0.00363	0.00249	0.06331	0.00318	0.00196	0.01539	0.00289	0.18921	0.00271	0.00285	0.00203	0.00129	0.00101	0.00036	0.00119	0.00091	0.00095	0.13301
6	0.00286	0.00217	0.00266	0.08021	0.02211	0.06603	0.01582	0.04795	0.02580	0.10340	0.03958	0.22358	0.06037	0.02884	0.12849	0.00074	0.02662	0.12020	0.00111	0.00146
7	0.00269	0.00163	0.00211	0.00196	0.00228	0.00165	0.00142	0.03397	0.00255	0.12799	0.01268	0.00696	0.00417	0.37648	0.28657	0.04128	0.00197	0.04720	0.00095	0.04347
8	0.01179	0.00184	0.00226	0.00194	0.00261	0.00163	0.00152	0.00404	0.04929	0.32144	0.18433	0.07722	0.25125	0.00250	0.00147	0.00043	0.00089	0.00212	0.01838	0.06303
9	0.01984	0.00223	0.00283	0.00234	0.00314	0.00209	0.00186	0.13520	0.00393	0.53504	0.05198	0.20260	0.00485	0.00227	0.00144	0.00045	0.00109	0.00192	0.02293	0.00198
10	0.00286	0.00269	0.00453	0.72555	0.00849	0.00317	0.11912	0.06367	0.04888	0.00403	0.00267	0.00369	0.00199	0.00138	0.00139	0.00045	0.00182	0.00128	0.00070	0.00164
11	0.17295	0.00241	0.00286	0.00225	0.00324	0.00225	0.00184	0.04205	0.03360	0.53664	0.02009	0.00429	0.03135	0.00160	0.00124	0.00039	0.00110	0.00125	0.01016	0.12845
12	0.06357	0.00160	0.00191	0.00181	0.00222	0.00156	0.00137	0.00305	0.07717	0.03531	0.61497	0.08956	0.09522	0.00277	0.00155	0.00044	0.00074	0.00240	0.00141	0.00137
13	0.00184	0.00135	0.00168	0.00187	0.00202	0.00131	0.00127	0.00231	0.06268	0.00359	0.03835	0.62046	0.06865	0.15512	0.00254	0.00066	0.00090	0.03106	0.00121	0.00114
14	0.00324	0.00305	0.03551	0.01047	0.01580	0.00264	0.32892	0.08613	0.00335	0.04367	0.00316	0.01726	0.00263	0.00140	0.00135	0.00037	0.00157	0.06684	0.00832	0.36433
15	0.00200	0.00148	0.00207	0.00218	0.02471	0.00162	0.00154	0.01867	0.00233	0.00325	0.00447	0.18859	0.00472	0.19186	0.53208	0.00161	0.01278	0.00202	0.00086	0.00116
16	0.00167	0.00120	0.00158	0.00188	0.00198	0.00111	0.00126	0.00192	0.00266	0.00354	0.03539	0.90064	0.03171	0.00421	0.00173	0.00055	0.00078	0.00381	0.00127	0.00111
17	0.00373	0.00209	0.00257	0.00222	0.00286	0.00207	0.01583	0.18496	0.01280	0.25098	0.05773	0.20027	0.04328	0.00263	0.03282	0.00049	0.00111	0.01520	0.16462	0.00172

[dist]
# distance from previous block
# <min> <max>
0	2

[block]
# block no. 10 follows, 236 sequences, length 20
# corresponding to MSA columns:
# 1139-1142,1148,1156,1157,1211-1214,1221-1229
name=unknown_K
#
# <colnr> <probs for GDERKNQSTAVLIFYWHMCP>
#	G	D	E	R	K	N	Q	S	T	A	V	L	I	F	Y	W	H	M	C	P
0	0.00258	0.00209	0.01333	0.00238	0.00284	0.05366	0.06307	0.02280	0.09401	0.06984	0.08182	0.42338	0.09245	0.00313	0.00160	0.00049	0.00107	0.04937	0.00124	0.01885
1	0.44055	0.00279	0.00342	0.12851	0.23523	0.01323	0.01691	0.01958	0.00272	0.03937	0.00241	0.01624	0.00196	0.01512	0.00133	0.00044	0.03924	0.00105	0.00080	0.01910
2	0.00475	0.02280	0.01748	0.03427	0.12994	0.60768	0.00281	0.04449	0.00375	0.09233	0.00254	0.00290	0.00200	0.00149	0.00136	0.02374	0.00211	0.00100	0.00081	0.00174
3	0.00219	0.00166	0.00224	0.00264	0.11604	0.00157	0.00168	0.01302	0.02309	0.03634	0.13716	0.38887	0.15186	0.03106	0.03662	0.00057	0.00102	0.02330	0.00120	0.02788
4	0.02017	0.01756	0.04641	0.40451	0.05493	0.07463	0.02365	0.10595	0.08977	0.04711	0.00315	0.04029	0.00252	0.00161	0.00147	0.00044	0.03598	0.01301	0.00086	0.01598
5	0.04880	0.24775	0.02485	0.00290	0.02603	0.01735	0.04598	0.19901	0.02487	0.19849	0.00321	0.01013	0.00244	0.01225	0.02033	0.00044	0.07150	0.00114	0.02316	0.01936
6	0.00607	0.00240	0.00321	0.00246	0.00352	0.00212	0.00203	0.05415	0.00403	0.89686	0.00527	0.00457	0.00332	0.00168	0.00137	0.00042	0.00118	0.00136	0.00167	0.00232
7	0.02738	0.00429	0.01286	0.07523	0.07761	0.36471	0.01983	0.15481	0.09012	0.00463	0.01084	0.02860	0.05652	0.00188	0.01852	0.00044	0.03949	0.00959	0.00092	0.00175
8	0.02057	0.00828	0.00341	0.07153	0.11784	0.02768	0.06472	0.06114	0.09441	0.14890	0.09757	0.07507	0.06189	0.02171	0.05724	0.00056	0.01696	0.02011	0.02867	0.00173
9	0.02547	0.00192	0.00229	0.00203	0.00255	0.00189	0.00153	0.12287	0.02199	0.21688	0.12268	0.15409	0.04476	0.16773	0.02712	0.00064	0.00111	0.00203	0.07888	0.00156
10	0.00205	0.00148	0.00200	0.00208	0.00224	0.00149	0.02126	0.00230	0.00253	0.00340	0.01923	0.29363	0.03014	0.27184	0.15204	0.02442	0.01651	0.14919	0.00105	0.00113
11	0.01471	0.26886	0.07516	0.09893	0.01814	0.05397	0.02444	0.08660	0.11777	0.04854	0.03013	0.10416	0.03081	0.01374	0.00136	0.00042	0.00810	0.00147	0.00094	0.00176
12	0.03312	0.00337	0.17805	0.02553	0.01620	0.03003	0.01660	0.06982	0.23990	0.12708	0.03247	0.10545	0.09219	0.01609	0.00150	0.00046	0.00130	0.00784	0.00117	0.00185
13	0.00193	0.00136	0.00169	0.00172	0.00184	0.00139	0.00114	0.00213	0.00226	0.00306	0.04636	0.07727	0.06763	0.52316	0.23919	0.00137	0.00179	0.02283	0.00090	0.00099
14	0.01213	0.00247	0.01301	0.06152	0.12318	0.01026	0.00222	0.02877	0.36309	0.02052	0.07786	0.10486	0.14714	0.00229	0.00150	0.00046	0.01372	0.00196	0.01127	0.00176
15	0.03267	0.04942	0.08822	0.03794	0.25446	0.02359	0.10545	0.27622	0.03857	0.06025	0.00311	0.00354	0.00942	0.00144	0.00135	0.00042	0.00164	0.00927	0.00096	0.00208
16	0.00320	0.03912	0.07316	0.17802	0.20071	0.00291	0.16524	0.02476	0.02815	0.09724	0.00372	0.11159	0.02292	0.00193	0.02330	0.00049	0.01926	0.00162	0.00087	0.00180
17	0.00221	0.00171	0.01261	0.00215	0.00237	0.01761	0.00159	0.02234	0.01095	0.04284	0.12683	0.55904	0.04548	0.01791	0.00213	0.01112	0.11563	0.00301	0.00120	0.00127
18	0.01685	0.01832	0.09499	0.01952	0.09475	0.04512	0.05941	0.12652	0.11862	0.05527	0.07916	0.03693	0.04209	0.01423	0.00140	0.00040	0.00136	0.00145	0.02858	0.14502
19	0.01866	0.01747	0.12968	0.01142	0.03984	0.03217	0.07021	0.30565	0.12214	0.12730	0.00381	0.06295	0.00296	0.00179	0.00949	0.00044	0.01863	0.00142	0.00573	0.01823

[dist]
# distance from previous block
# <min> <max>
3	45

[block]
# block no. 11 follows, 236 sequences, length 20
# corresponding to MSA columns:
# 1301-1312,1316,1320-1326
name=unknown_L
#
# <colnr> <probs for GDERKNQSTAVLIFYWHMCP>
#	G	D	E	R	K	N	Q	S	T	A	V	L	I	F	Y	W	H	M	C	P
0	0.00272	0.10256	0.09787	0.00242	0.00323	0.02897	0.02574	0.03100	0.06988	0.01605	0.13360	0.01991	0.08109	0.01154	0.16165	0.02382	0.01998	0.00150	0.00094	0.16553
1	0.00208	0.00165	0.02525	0.00188	0.00221	0.00149	0.00137	0.00251	0.03244	0.01705	0.06536	0.24525	0.11106	0.25440	0.10093	0.00087	0.00905	0.02445	0.00105	0.09964
2	0.00278	0.00244	0.04233	0.00230	0.00311	0.00216	0.02840	0.01167	0.18616	0.02624	0.01894	0.01412	0.00343	0.17940	0.07861	0.00066	0.01195	0.01262	0.00095	0.37173
3	0.03164	0.01369	0.03650	0.06512	0.14458	0.02091	0.03675	0.31594	0.03624	0.13396	0.10131	0.01419	0.00802	0.00169	0.00142	0.00042	0.01517	0.00573	0.00116	0.01555
4	0.00380	0.02538	0.00913	0.00306	0.00382	0.15501	0.09195	0.33987	0.05036	0.00549	0.00453	0.22037	0.04531	0.00227	0.00154	0.00045	0.02718	0.00761	0.00112	0.00177
5	0.01988	0.11941	0.10786	0.02996	0.00376	0.01405	0.00222	0.05790	0.00312	0.07393	0.00309	0.00335	0.04161	0.00127	0.00111	0.00029	0.00124	0.00098	0.00086	0.51409
6	0.00222	0.12308	0.03394	0.00211	0.00248	0.00194	0.00165	0.05104	0.01197	0.01056	0.01779	0.64429	0.02239	0.00366	0.01801	0.01399	0.00103	0.03542	0.00115	0.00130
7	0.00218	0.00163	0.00186	0.00199	0.00228	0.04106	0.00145	0.00267	0.04237	0.05637	0.05027	0.51136	0.17933	0.00364	0.00167	0.00052	0.00091	0.09588	0.00128	0.00127
8	0.04481	0.00568	0.03353	0.01886	0.01647	0.66854	0.15914	0.00511	0.01418	0.00370	0.00226	0.00273	0.00183	0.00137	0.00133	0.00038	0.01671	0.00102	0.00071	0.00164
9	0.00197	0.00132	0.00153	0.00154	0.00155	0.00133	0.00089	0.00200	0.00201	0.00270	0.00437	0.03981	0.00501	0.87128	0.05621	0.00134	0.00143	0.00202	0.00084	0.00086
10	0.05367	0.00172	0.00193	0.00183	0.00232	0.00166	0.00138	0.05316	0.06008	0.10591	0.10191	0.21527	0.31779	0.00293	0.00150	0.00046	0.00084	0.00249	0.07171	0.00143
11	0.11872	0.03074	0.01094	0.02736	0.03111	0.06562	0.34883	0.07290	0.02980	0.04411	0.03964	0.01598	0.02604	0.01525	0.00187	0.09820	0.00169	0.01173	0.00782	0.00164
12	0.00191	0.00137	0.00184	0.00200	0.00214	0.00141	0.00145	0.00223	0.00251	0.00340	0.03640	0.35615	0.00681	0.20054	0.20402	0.00107	0.01608	0.15652	0.00106	0.00111
13	0.00231	0.00144	0.00185	0.00195	0.00222	0.00135	0.00138	0.01941	0.02522	0.10867	0.10923	0.63726	0.03944	0.01014	0.00168	0.00052	0.00083	0.00936	0.02443	0.00131
14	0.00173	0.00127	0.00160	0.00183	0.00200	0.00118	0.00127	0.00208	0.01704	0.00369	0.04825	0.69556	0.15477	0.00396	0.00169	0.00053	0.00078	0.03458	0.02506	0.00115
15	0.04304	0.00219	0.03088	0.01488	0.01315	0.00201	0.15452	0.04268	0.02637	0.11931	0.02565	0.42873	0.03141	0.00299	0.01709	0.00052	0.00124	0.03110	0.00117	0.01108
16	0.00398	0.00228	0.00272	0.00238	0.00310	0.00231	0.00187	0.02766	0.32452	0.33716	0.03402	0.12651	0.04332	0.00224	0.00144	0.00046	0.00104	0.03294	0.04812	0.00194
17	0.00223	0.00152	0.00188	0.00182	0.00218	0.00143	0.00135	0.03211	0.03476	0.05326	0.46113	0.22483	0.11376	0.00303	0.00158	0.00046	0.00076	0.01307	0.04749	0.00134
18	0.02610	0.12078	0.22399	0.00422	0.04485	0.00348	0.33625	0.07303	0.05117	0.04608	0.00303	0.02614	0.00238	0.00140	0.00138	0.00042	0.00183	0.01611	0.00081	0.01657
19	0.10124	0.00277	0.02983	0.58301	0.11566	0.00309	0.08386	0.01178	0.00279	0.00404	0.00246	0.00346	0.00188	0.00135	0.00139	0.00044	0.02436	0.00119	0.02376	0.00163

[dist]
# distance from previous block
# <min> <max>
1	24

[block]
# block no. 12 follows, 236 sequences, length 14
# corresponding to MSA columns:
# 1367-1380
name=unknown_M
#
# <colnr> <probs for GDERKNQSTAVLIFYWHMCP>
#	G	D	E	R	K	N	Q	S	T	A	V	L	I	F	Y	W	H	M	C	P
0	0.04071	0.05327	0.01583	0.01684	0.11230	0.02299	0.01326	0.18277	0.03922	0.31539	0.00463	0.11728	0.03048	0.00192	0.00136	0.00043	0.00128	0.00160	0.02646	0.00199
1	0.05019	0.00232	0.02414	0.12483	0.03413	0.00223	0.01786	0.09199	0.02612	0.16834	0.04688	0.22015	0.01872	0.01642	0.00887	0.00046	0.00121	0.02641	0.00115	0.11760
2	0.02567	0.30643	0.08373	0.04806	0.03274	0.10206	0.01913	0.05490	0.11982	0.04304	0.00278	0.00302	0.00220	0.00132	0.00113	0.00035	0.00151	0.00099	0.00083	0.15030
3	0.03598	0.00196	0.04632	0.00229	0.00277	0.00172	0.05672	0.03264	0.01670	0.07850	0.21480	0.42045	0.02801	0.00308	0.00163	0.00049	0.01509	0.02207	0.00126	0.01751
4	0.00204	0.00132	0.00164	0.00164	0.00168	0.00136	0.00102	0.00201	0.00198	0.00267	0.00387	0.00757	0.00428	0.64846	0.14793	0.16550	0.00165	0.00177	0.00077	0.00084
5	0.03073	0.00298	0.04381	0.26126	0.10157	0.09098	0.03638	0.01025	0.15509	0.01483	0.05805	0.05117	0.09858	0.01282	0.00150	0.00046	0.00992	0.01701	0.00094	0.00166
6	0.04307	0.01889	0.03490	0.01991	0.06681	0.05415	0.23223	0.06327	0.06361	0.09252	0.11484	0.01477	0.05006	0.00198	0.00150	0.00046	0.00152	0.12269	0.00107	0.00174
7	0.00185	0.00125	0.00163	0.00187	0.00202	0.00115	0.00127	0.00213	0.00272	0.03838	0.02879	0.81808	0.06041	0.00402	0.00170	0.00053	0.00079	0.00363	0.02662	0.00116
8	0.01683	0.00236	0.00328	0.31489	0.12542	0.04601	0.01574	0.00375	0.03588	0.07032	0.13263	0.03038	0.04104	0.00192	0.01304	0.00045	0.00137	0.01787	0.12524	0.00159
9	0.06654	0.01375	0.13661	0.12420	0.11938	0.08763	0.11354	0.14912	0.05722	0.07068	0.02493	0.00380	0.00256	0.00149	0.00135	0.00043	0.00170	0.02225	0.00092	0.00191
10	0.00325	0.00367	0.06079	0.09991	0.17967	0.07206	0.32512	0.01967	0.02076	0.00411	0.01444	0.00355	0.00220	0.01811	0.00207	0.00048	0.16633	0.00134	0.00069	0.00179
11	0.00195	0.00145	0.00214	0.00214	0.00236	0.00168	0.00164	0.00240	0.00218	0.00313	0.00370	0.00562	0.00352	0.07948	0.87760	0.00213	0.00348	0.00150	0.00074	0.00119
12	0.03089	0.01569	0.11633	0.07933	0.19687	0.01532	0.20224	0.06226	0.01777	0.17316	0.02400	0.04017	0.00279	0.00149	0.00140	0.00043	0.00166	0.00141	0.00094	0.01586
13	0.03742	0.05079	0.03262	0.12390	0.01869	0.01865	0.05777	0.12837	0.06251	0.12654	0.07340	0.01698	0.00327	0.00156	0.00136	0.00038	0.02270	0.01307	0.00104	0.20897

[dist]
# distance from previous block
# <min> <max>
5	18

[block]
# block no. 13 follows, 236 sequences, length 20
# corresponding to MSA columns:
# 1402-1405,1433-1443,1455-1459
name=unknown_N
#
# <colnr> <probs for GDERKNQSTAVLIFYWHMCP>
#	G	D	E	R	K	N	Q	S	T	A	V	L	I	F	Y	W	H	M	C	P
0	0.12238	0.02313	0.05206	0.00237	0.00306	0.02677	0.01044	0.08776	0.07110	0.13723	0.04486	0.03840	0.02967	0.09663	0.03590	0.03611	0.00134	0.15404	0.00113	0.02561
1	0.00207	0.00131	0.00175	0.00178	0.00190	0.00130	0.00122	0.00212	0.00238	0.01438	0.13112	0.15384	0.03701	0.21382	0.12899	0.28454	0.00139	0.01719	0.00094	0.00095
2	0.09431	0.21185	0.12198	0.04412	0.01011	0.21018	0.02424	0.05141	0.05154	0.02951	0.02435	0.03118	0.02215	0.01862	0.01732	0.00044	0.03302	0.00115	0.00081	0.00170
3	0.00314	0.21206	0.50615	0.01870	0.01289	0.00359	0.09192	0.02202	0.01879	0.03818	0.01240	0.00323	0.00813	0.00135	0.00129	0.00040	0.01315	0.01347	0.00069	0.01844
4	0.01809	0.00185	0.00235	0.00216	0.00269	0.00180	0.00165	0.04048	0.07571	0.23536	0.06313	0.27433	0.05506	0.02009	0.14037	0.00073	0.00137	0.02152	0.00129	0.03998
5	0.00188	0.00132	0.00168	0.00188	0.00207	0.00122	0.00132	0.01712	0.00286	0.02870	0.07433	0.67367	0.11669	0.02303	0.00181	0.00055	0.00082	0.04659	0.00129	0.00118
6	0.04137	0.38169	0.19293	0.00284	0.00409	0.07861	0.02496	0.05150	0.04471	0.08734	0.00927	0.00288	0.00212	0.00131	0.00111	0.00035	0.00157	0.00095	0.00080	0.06959
7	0.03980	0.08453	0.07620	0.18489	0.08236	0.01571	0.12118	0.03122	0.10505	0.01108	0.02686	0.02257	0.03949	0.00187	0.01669	0.00047	0.06022	0.05288	0.01552	0.01141
8	0.00168	0.00137	0.00147	0.00147	0.00187	0.00118	0.00109	0.00206	0.00318	0.00395	0.17324	0.06710	0.70816	0.02396	0.00173	0.00048	0.00070	0.00284	0.00130	0.00116
9	0.49431	0.00269	0.00269	0.00220	0.00314	0.00286	0.00181	0.14429	0.00347	0.31016	0.01843	0.00329	0.00240	0.00148	0.00110	0.00042	0.00115	0.00104	0.00120	0.00187
10	0.04351	0.03373	0.47469	0.02184	0.03669	0.02964	0.15872	0.01537	0.05907	0.05710	0.00299	0.03204	0.00231	0.01685	0.00146	0.00045	0.00962	0.00125	0.00076	0.00192
11	0.00256	0.00215	0.01770	0.03595	0.11188	0.04722	0.00211	0.03437	0.04150	0.03663	0.14159	0.21333	0.09974	0.00295	0.00161	0.00050	0.00114	0.20442	0.00119	0.00147
12	0.00200	0.00138	0.00187	0.00187	0.00200	0.00149	0.00131	0.00221	0.00215	0.00300	0.04639	0.00681	0.00433	0.36412	0.46594	0.08723	0.00242	0.00168	0.00079	0.00102
13	0.00198	0.00134	0.00160	0.00160	0.00163	0.00138	0.00096	0.00205	0.00201	0.00272	0.00419	0.00837	0.00472	0.80604	0.15267	0.00146	0.00168	0.00190	0.00081	0.00089
14	0.59860	0.14417	0.00343	0.00238	0.00329	0.14791	0.05827	0.00431	0.00270	0.02166	0.00204	0.00238	0.00163	0.00127	0.00096	0.00039	0.00141	0.00082	0.00079	0.00157
15	0.00193	0.00143	0.00168	0.00167	0.00205	0.00129	0.00125	0.00247	0.02818	0.03507	0.31028	0.14657	0.42353	0.00327	0.00162	0.00047	0.00073	0.03388	0.00136	0.00126
16	0.10865	0.00294	0.02245	0.21874	0.14679	0.00291	0.20404	0.02845	0.01584	0.06582	0.01466	0.00356	0.00225	0.00130	0.00131	0.00040	0.00161	0.00815	0.00081	0.14934
17	0.00284	0.00236	0.00328	0.18799	0.07915	0.00218	0.03854	0.02326	0.01080	0.05387	0.05999	0.01347	0.11873	0.00162	0.00128	0.00035	0.00122	0.01089	0.00092	0.38725
18	0.00306	0.00286	0.00433	0.19990	0.19171	0.01867	0.11619	0.04924	0.00309	0.00439	0.00263	0.01358	0.00216	0.00126	0.00130	0.00035	0.01225	0.01183	0.00076	0.36044
19	0.04567	0.00329	0.00482	0.36366	0.21018	0.09114	0.13857	0.08320	0.01251	0.00438	0.00265	0.00348	0.01133	0.00137	0.00142	0.00043	0.01816	0.00124	0.00073	0.00178

[dist]
# distance from previous block
# <min> <max>
11	106

# created by:
# /home/berkeley/.conda/envs/busco_data_prod/bin/msa2prfl.pl pipeline/OGs_align_augustus/2759/10252405.fs
