[name]
unknown

[dist]
# distance from previous block
# <min> <max>
0	1401

[block]
# block no. 0 follows, 238 sequences, length 10
# corresponding to MSA columns:
# 1981,1982,1986-1993
name=unknown_A
#
# <colnr> <probs for GDERKNQSTAVLIFYWHMCP>
#	G	D	E	R	K	N	Q	S	T	A	V	L	I	F	Y	W	H	M	C	P
0	0.00244	0.00153	0.00188	0.00188	0.00228	0.00140	0.00141	0.02183	0.02549	0.13534	0.06871	0.35105	0.27948	0.00335	0.00161	0.00049	0.00085	0.07967	0.01796	0.00135
1	0.00313	0.04835	0.32326	0.08892	0.06357	0.00289	0.08540	0.04102	0.01843	0.08645	0.04931	0.01401	0.01930	0.02520	0.00156	0.00044	0.02711	0.02914	0.00084	0.07167
2	0.14482	0.14080	0.09858	0.09316	0.04892	0.06056	0.02276	0.13563	0.10295	0.07302	0.01291	0.01984	0.01575	0.00163	0.01277	0.00043	0.00150	0.01118	0.00094	0.00184
3	0.00203	0.00152	0.02427	0.00175	0.00207	0.00137	0.00131	0.00255	0.03457	0.02710	0.08663	0.36297	0.23581	0.02871	0.00172	0.00049	0.02063	0.00274	0.16052	0.00124
4	0.06586	0.00233	0.00291	0.00246	0.02653	0.01345	0.00192	0.07627	0.03569	0.52479	0.07388	0.00498	0.00389	0.05347	0.06952	0.00059	0.01425	0.00142	0.02384	0.00196
5	0.17000	0.06020	0.05244	0.08310	0.29944	0.04114	0.03202	0.08925	0.07487	0.03748	0.01368	0.00340	0.01421	0.00141	0.00130	0.00041	0.02177	0.00115	0.00085	0.00189
6	0.00252	0.01890	0.00254	0.04761	0.02528	0.00180	0.04504	0.01595	0.06013	0.08168	0.22487	0.18614	0.11115	0.04505	0.01191	0.07540	0.01476	0.02672	0.00118	0.00137
7	0.00184	0.00134	0.00162	0.00172	0.00199	0.00122	0.00122	0.00224	0.02001	0.02709	0.15553	0.41381	0.28969	0.05117	0.00191	0.00054	0.00078	0.02381	0.00128	0.00118
8	0.01337	0.02271	0.20361	0.10780	0.01711	0.04823	0.01634	0.08312	0.04199	0.17336	0.06478	0.06534	0.03313	0.00189	0.00150	0.02594	0.01807	0.00148	0.05846	0.00177
9	0.04875	0.10321	0.25264	0.15419	0.04095	0.05899	0.02952	0.07888	0.01543	0.11565	0.00291	0.01339	0.00223	0.01666	0.01504	0.00046	0.03764	0.01078	0.00083	0.00184

[dist]
# distance from previous block
# <min> <max>
4	41

[block]
# block no. 1 follows, 238 sequences, length 9
# corresponding to MSA columns:
# 2035-2039,2051-2054
name=unknown_B
#
# <colnr> <probs for GDERKNQSTAVLIFYWHMCP>
#	G	D	E	R	K	N	Q	S	T	A	V	L	I	F	Y	W	H	M	C	P
0	0.08622	0.12344	0.07680	0.03668	0.17349	0.02344	0.02159	0.06160	0.11634	0.08595	0.03783	0.00427	0.02269	0.05738	0.00168	0.00046	0.03072	0.01355	0.00094	0.02496
1	0.00200	0.03580	0.00179	0.00159	0.00195	0.00145	0.00115	0.00241	0.03190	0.03114	0.14486	0.06080	0.42296	0.23493	0.01886	0.00069	0.00094	0.00245	0.00117	0.00117
2	0.00247	0.00183	0.00227	0.02389	0.05639	0.01634	0.00165	0.08518	0.02276	0.03840	0.05697	0.38005	0.07077	0.10840	0.02887	0.00061	0.01144	0.02152	0.03337	0.03681
3	0.02245	0.23192	0.20206	0.13931	0.08399	0.03036	0.01780	0.01647	0.04658	0.06918	0.05442	0.02633	0.00279	0.00149	0.00130	0.00040	0.02471	0.00118	0.00079	0.02646
4	0.06889	0.01947	0.00202	0.02325	0.00242	0.01548	0.00142	0.00302	0.05755	0.09716	0.05780	0.22699	0.26085	0.09503	0.02721	0.01407	0.00102	0.02384	0.00119	0.00133
5	0.00194	0.00139	0.00179	0.00184	0.00207	0.00131	0.02274	0.00230	0.02543	0.02629	0.11197	0.39636	0.17961	0.15526	0.00262	0.03389	0.00091	0.02996	0.00119	0.00114
6	0.01182	0.00195	0.00253	0.18253	0.01533	0.01785	0.01565	0.08063	0.01881	0.02045	0.09059	0.20814	0.10530	0.00278	0.03591	0.00051	0.00120	0.04135	0.11562	0.03106
7	0.01945	0.04260	0.07238	0.02351	0.05760	0.02217	0.33814	0.05135	0.05987	0.04849	0.06357	0.03357	0.10441	0.01659	0.02291	0.00049	0.00166	0.00168	0.01781	0.00173
8	0.06874	0.00145	0.00169	0.03589	0.00224	0.00145	0.00133	0.00282	0.00285	0.04029	0.08544	0.27039	0.05576	0.03240	0.00153	0.00047	0.00083	0.06910	0.32408	0.00126

[dist]
# distance from previous block
# <min> <max>
1	3

[block]
# block no. 2 follows, 238 sequences, length 13
# corresponding to MSA columns:
# 2058-2070
name=unknown_C
#
# <colnr> <probs for GDERKNQSTAVLIFYWHMCP>
#	G	D	E	R	K	N	Q	S	T	A	V	L	I	F	Y	W	H	M	C	P
0	0.02285	0.01038	0.41418	0.06937	0.05671	0.06260	0.10996	0.01194	0.01340	0.01752	0.00877	0.12919	0.02879	0.00832	0.01857	0.00048	0.00783	0.00663	0.00076	0.00174
1	0.00246	0.00234	0.02548	0.00339	0.00408	0.00212	0.35460	0.01231	0.00296	0.03187	0.02167	0.37942	0.05751	0.02205	0.01471	0.00054	0.00146	0.05854	0.00103	0.00145
2	0.00294	0.00240	0.00282	0.00202	0.00322	0.00181	0.00162	0.00354	0.00285	0.04317	0.00252	0.00288	0.00206	0.00103	0.00102	0.00021	0.00101	0.00082	0.00084	0.92124
3	0.00249	0.02926	0.35861	0.00292	0.00378	0.01669	0.01258	0.00327	0.00256	0.00370	0.02492	0.11897	0.01094	0.13010	0.07924	0.00072	0.16161	0.00159	0.03453	0.00152
4	0.00327	0.00312	0.00524	0.08915	0.80233	0.00323	0.00401	0.00417	0.03608	0.00434	0.00261	0.00342	0.00217	0.00127	0.00143	0.00041	0.02976	0.00122	0.00069	0.00207
5	0.00197	0.01141	0.00188	0.00182	0.00222	0.00149	0.02337	0.02792	0.06616	0.00407	0.06518	0.25412	0.44226	0.00329	0.00158	0.00048	0.00082	0.04182	0.04688	0.00127
6	0.00321	0.00257	0.00297	0.00235	0.00334	0.00242	0.01788	0.03225	0.32822	0.05535	0.03294	0.00399	0.00319	0.00142	0.00119	0.00032	0.00105	0.00117	0.02533	0.47884
7	0.00192	0.00144	0.00172	0.00170	0.00193	0.00140	0.00119	0.02227	0.00289	0.00385	0.24557	0.14189	0.21816	0.26796	0.04950	0.00079	0.03105	0.00249	0.00115	0.00112
8	0.00211	0.00154	0.00210	0.00205	0.00234	0.00995	0.00158	0.01076	0.01412	0.02383	0.14863	0.01927	0.05053	0.03763	0.60660	0.00158	0.01098	0.01845	0.03471	0.00125
9	0.09347	0.00269	0.00311	0.00253	0.00347	0.00278	0.00205	0.13229	0.28154	0.43527	0.02335	0.00444	0.00345	0.00170	0.00132	0.00043	0.00115	0.00135	0.00146	0.00216
10	0.02377	0.00267	0.00308	0.00261	0.00344	0.00286	0.00208	0.05699	0.49406	0.31854	0.03529	0.01920	0.00401	0.00184	0.00144	0.00044	0.02260	0.00150	0.00145	0.00213
11	0.00182	0.00130	0.00166	0.00185	0.00203	0.00121	0.00129	0.00221	0.02321	0.01969	0.14669	0.64520	0.09255	0.02137	0.00178	0.00053	0.00079	0.03234	0.00129	0.00117
12	0.00201	0.00145	0.00176	0.00169	0.00205	0.00133	0.00126	0.01254	0.02921	0.02903	0.53911	0.09940	0.23722	0.01667	0.00166	0.00046	0.00071	0.00258	0.01860	0.00128

[dist]
# distance from previous block
# <min> <max>
0	1

[block]
# block no. 3 follows, 238 sequences, length 6
# corresponding to MSA columns:
# 2072-2077
name=unknown_D
#
# <colnr> <probs for GDERKNQSTAVLIFYWHMCP>
#	G	D	E	R	K	N	Q	S	T	A	V	L	I	F	Y	W	H	M	C	P
0	0.35394	0.02006	0.00241	0.07887	0.00312	0.00235	0.02749	0.04261	0.00270	0.02402	0.02319	0.29934	0.03156	0.02915	0.03255	0.00055	0.02176	0.00196	0.00099	0.00138
1	0.00234	0.00177	0.00220	0.00214	0.00244	0.03271	0.01567	0.04219	0.02240	0.03906	0.11616	0.27924	0.05700	0.09084	0.19221	0.00091	0.04487	0.03853	0.01602	0.00129
2	0.04125	0.00167	0.00207	0.00202	0.00244	0.00160	0.00151	0.04576	0.03802	0.16592	0.12962	0.42957	0.07986	0.00319	0.00158	0.00049	0.00090	0.04972	0.00135	0.00145
3	0.00451	0.04237	0.00376	0.00320	0.00387	0.63052	0.00247	0.08039	0.02412	0.02426	0.02510	0.02867	0.02473	0.00187	0.02617	0.00043	0.06999	0.00112	0.00082	0.00162
4	0.00320	0.15821	0.06846	0.00260	0.03143	0.01450	0.02918	0.04114	0.11654	0.12504	0.02034	0.17844	0.10820	0.01644	0.00148	0.00043	0.01445	0.00185	0.00109	0.06699
5	0.00341	0.01899	0.12500	0.07890	0.08868	0.04274	0.15241	0.11419	0.03586	0.07605	0.01675	0.03538	0.02289	0.00185	0.02749	0.00047	0.02354	0.03683	0.00091	0.09766

[dist]
# distance from previous block
# <min> <max>
2	90

[block]
# block no. 4 follows, 238 sequences, length 25
# corresponding to MSA columns:
# 2194,2195,2197-2209,2211-2214,2249-2254
name=unknown_E
#
# <colnr> <probs for GDERKNQSTAVLIFYWHMCP>
#	G	D	E	R	K	N	Q	S	T	A	V	L	I	F	Y	W	H	M	C	P
0	0.01210	0.17812	0.26048	0.00324	0.01835	0.26351	0.00312	0.10330	0.05555	0.04082	0.01749	0.00302	0.00784	0.00141	0.00123	0.00038	0.00902	0.00101	0.00080	0.01920
1	0.00215	0.00138	0.00163	0.00162	0.00183	0.00133	0.00109	0.00997	0.00265	0.04666	0.12794	0.11121	0.12522	0.41811	0.03118	0.00087	0.00109	0.02549	0.08750	0.00109
2	0.49922	0.00232	0.00226	0.00197	0.00272	0.00250	0.00159	0.02383	0.06358	0.16774	0.17666	0.03186	0.00435	0.00177	0.00115	0.00043	0.00099	0.01226	0.00116	0.00162
3	0.29104	0.03264	0.07625	0.06914	0.14989	0.02151	0.06649	0.03594	0.01170	0.11279	0.01774	0.04342	0.02973	0.00157	0.00125	0.00042	0.01183	0.01316	0.00091	0.01255
4	0.04165	0.10625	0.51692	0.03147	0.10746	0.00334	0.08636	0.03116	0.00877	0.00435	0.01089	0.02867	0.00219	0.00139	0.00128	0.00042	0.00180	0.01306	0.00067	0.00190
5	0.00207	0.00142	0.00166	0.00163	0.00189	0.00133	0.00112	0.00246	0.02709	0.04631	0.20564	0.10477	0.22456	0.33360	0.00343	0.00076	0.00094	0.02102	0.01718	0.00114
6	0.01206	0.00137	0.00172	0.00177	0.00204	0.00128	0.00128	0.01266	0.01020	0.00444	0.41868	0.33339	0.13439	0.01192	0.02900	0.00053	0.00081	0.01990	0.00134	0.00121
7	0.01921	0.14405	0.44767	0.03743	0.07868	0.01010	0.04092	0.04250	0.06321	0.03681	0.00301	0.04189	0.01280	0.00148	0.00131	0.00042	0.01465	0.00120	0.00075	0.00191
8	0.00838	0.11732	0.02834	0.20750	0.08672	0.02952	0.02126	0.07144	0.07982	0.12889	0.01473	0.07581	0.01832	0.00198	0.01564	0.00046	0.03588	0.05523	0.00098	0.00176
9	0.00286	0.00176	0.00218	0.00213	0.00257	0.00174	0.00163	0.02905	0.13201	0.16051	0.06271	0.30580	0.05738	0.04246	0.00179	0.00053	0.00097	0.14145	0.04898	0.00151
10	0.15135	0.00212	0.00295	0.01906	0.01600	0.00214	0.12456	0.03379	0.01094	0.09852	0.18798	0.05120	0.15004	0.00267	0.03655	0.06374	0.02973	0.00720	0.00799	0.00146
11	0.03596	0.02268	0.06359	0.25782	0.18769	0.02693	0.03336	0.08827	0.10666	0.08606	0.03560	0.01192	0.02507	0.00154	0.00135	0.00043	0.00482	0.00132	0.00707	0.00186
12	0.03896	0.02881	0.05203	0.08776	0.07328	0.17403	0.13513	0.08701	0.07071	0.13786	0.03027	0.01354	0.01989	0.00163	0.00929	0.00043	0.03528	0.00130	0.00096	0.00184
13	0.00238	0.00150	0.00191	0.00194	0.00219	0.00144	0.01150	0.01173	0.05016	0.10737	0.03422	0.44743	0.04321	0.22266	0.01123	0.01584	0.00102	0.02984	0.00119	0.00124
14	0.00324	0.00356	0.03884	0.06630	0.34771	0.03271	0.44323	0.00424	0.01235	0.00428	0.00265	0.00349	0.00208	0.00122	0.00149	0.00043	0.01510	0.00137	0.01378	0.00191
15	0.02024	0.22897	0.38351	0.02823	0.06147	0.02837	0.02919	0.05137	0.02988	0.07593	0.01904	0.01382	0.00228	0.00940	0.00130	0.00040	0.01285	0.00108	0.00076	0.00191
16	0.03353	0.01447	0.00294	0.01076	0.00312	0.01941	0.01436	0.11497	0.04876	0.30419	0.02471	0.05749	0.00357	0.05362	0.10488	0.02602	0.08507	0.00149	0.07491	0.00175
17	0.00174	0.00123	0.00160	0.00185	0.00200	0.00114	0.00127	0.00202	0.00271	0.01740	0.04662	0.77472	0.08841	0.01682	0.00178	0.00055	0.00080	0.03494	0.00127	0.00113
18	0.00341	0.25025	0.13676	0.01395	0.30043	0.06809	0.03473	0.03755	0.00309	0.02385	0.02290	0.03580	0.00247	0.00770	0.02433	0.00044	0.03050	0.00117	0.00072	0.00186
19	0.04617	0.01225	0.04280	0.02934	0.09584	0.06112	0.03466	0.21502	0.10499	0.19828	0.04691	0.02500	0.01688	0.02929	0.01442	0.00047	0.00143	0.01055	0.01262	0.00196
20	0.47433	0.01254	0.03722	0.07875	0.00355	0.16249	0.02111	0.01400	0.00278	0.02468	0.01089	0.05353	0.00230	0.00169	0.02188	0.00045	0.00142	0.00108	0.07382	0.00150
21	0.00373	0.07735	0.11324	0.05690	0.07867	0.20193	0.06736	0.09290	0.00348	0.09282	0.00364	0.09454	0.01452	0.00642	0.01971	0.00046	0.00868	0.06099	0.00091	0.00175
22	0.00226	0.00128	0.00174	0.01143	0.00187	0.00133	0.00120	0.00215	0.00205	0.00297	0.00322	0.01524	0.00315	0.15894	0.13494	0.48564	0.01182	0.00138	0.15654	0.00084
23	0.01130	0.15689	0.10964	0.35339	0.04034	0.17021	0.01339	0.02859	0.03506	0.01119	0.00274	0.01828	0.01971	0.00152	0.00959	0.00042	0.01091	0.00448	0.00070	0.00167
24	0.03571	0.11278	0.33536	0.09754	0.11808	0.08306	0.03205	0.05566	0.03460	0.02564	0.00271	0.01041	0.01219	0.00925	0.00138	0.00042	0.02541	0.00110	0.00072	0.00593

[dist]
# distance from previous block
# <min> <max>
0	3

[block]
# block no. 5 follows, 238 sequences, length 11
# corresponding to MSA columns:
# 2258-2268
name=unknown_F
#
# <colnr> <probs for GDERKNQSTAVLIFYWHMCP>
#	G	D	E	R	K	N	Q	S	T	A	V	L	I	F	Y	W	H	M	C	P
0	0.02575	0.00158	0.00195	0.00196	0.00229	0.00157	0.02067	0.04076	0.04867	0.01844	0.08526	0.38544	0.14227	0.01603	0.02085	0.00998	0.01669	0.05272	0.10581	0.00129
1	0.00199	0.00141	0.00181	0.00191	0.00218	0.00134	0.00143	0.00256	0.04034	0.02780	0.28368	0.36531	0.09547	0.02222	0.00178	0.00052	0.00083	0.14483	0.00133	0.00124
2	0.00268	0.00261	0.00407	0.67126	0.03173	0.04228	0.04957	0.00347	0.00274	0.00352	0.00295	0.03634	0.03517	0.00161	0.00167	0.00046	0.09244	0.00136	0.01255	0.00151
3	0.00197	0.00135	0.00154	0.00157	0.00161	0.00135	0.00093	0.00213	0.03109	0.00289	0.02733	0.12787	0.00559	0.78044	0.00593	0.00117	0.00122	0.00220	0.00091	0.00091
4	0.00185	0.00132	0.00164	0.00181	0.00194	0.00128	0.00122	0.01678	0.01783	0.00344	0.02794	0.52645	0.06748	0.25152	0.01690	0.00076	0.00100	0.05659	0.00114	0.00108
5	0.11746	0.00258	0.00299	0.00240	0.00333	0.00259	0.00196	0.15806	0.12631	0.48200	0.00471	0.00435	0.02096	0.00166	0.00128	0.00042	0.00114	0.00131	0.06240	0.00209
6	0.01491	0.32347	0.01472	0.00227	0.00300	0.02647	0.02513	0.07290	0.01850	0.04978	0.11935	0.03559	0.00389	0.00172	0.00136	0.00037	0.06881	0.00130	0.21488	0.00161
7	0.00182	0.00129	0.00169	0.00194	0.00208	0.00123	0.00136	0.02693	0.00278	0.00374	0.03637	0.79363	0.00864	0.00401	0.00170	0.00054	0.00083	0.08162	0.02664	0.00115
8	0.05635	0.00235	0.00345	0.00288	0.00355	0.02563	0.19941	0.06634	0.06456	0.02250	0.28134	0.04126	0.07118	0.00240	0.00156	0.00047	0.00125	0.15081	0.00119	0.00153
9	0.09437	0.01970	0.01132	0.01154	0.00332	0.38210	0.00200	0.05854	0.01653	0.03044	0.04504	0.02034	0.00286	0.00153	0.00115	0.00035	0.00156	0.01332	0.17279	0.11119
10	0.00322	0.00208	0.00225	0.01370	0.00263	0.04135	0.00159	0.16028	0.02413	0.11370	0.04275	0.19124	0.06226	0.01815	0.00144	0.00044	0.00100	0.03721	0.27902	0.00154

[dist]
# distance from previous block
# <min> <max>
1	5

[block]
# block no. 6 follows, 238 sequences, length 13
# corresponding to MSA columns:
# 2277-2283,2285-2288,2291,2292
name=unknown_G
#
# <colnr> <probs for GDERKNQSTAVLIFYWHMCP>
#	G	D	E	R	K	N	Q	S	T	A	V	L	I	F	Y	W	H	M	C	P
0	0.00412	0.07202	0.11814	0.00329	0.01690	0.01763	0.11830	0.29802	0.05934	0.15170	0.03527	0.03806	0.00969	0.00171	0.00143	0.00042	0.01910	0.02413	0.00113	0.00960
1	0.15547	0.04900	0.01623	0.00218	0.00315	0.01557	0.00181	0.02493	0.02666	0.30752	0.03301	0.02715	0.03514	0.00155	0.00121	0.00036	0.01307	0.00120	0.01531	0.26949
2	0.15197	0.20584	0.09397	0.01167	0.01489	0.04192	0.06118	0.18564	0.04839	0.04348	0.01054	0.00307	0.01231	0.00137	0.00117	0.00037	0.01085	0.00103	0.00090	0.09943
3	0.22119	0.00343	0.00353	0.00276	0.00378	0.00379	0.00228	0.66862	0.00526	0.04776	0.00301	0.00306	0.00215	0.00153	0.00123	0.00040	0.00136	0.00111	0.00124	0.02252
4	0.00182	0.00133	0.00168	0.00183	0.00207	0.00124	0.00136	0.00223	0.00303	0.00403	0.21750	0.34571	0.18347	0.04410	0.00191	0.00055	0.00083	0.16765	0.01651	0.00116
5	0.02119	0.00151	0.00198	0.07782	0.00264	0.00151	0.01101	0.01392	0.00288	0.02609	0.21570	0.21642	0.10725	0.19389	0.03862	0.01611	0.00110	0.04806	0.00113	0.00118
6	0.04161	0.02143	0.12476	0.02130	0.01926	0.06116	0.11353	0.12111	0.06893	0.17567	0.08103	0.02177	0.01847	0.00160	0.00133	0.00040	0.00146	0.00136	0.00108	0.10273
7	0.00193	0.00139	0.00175	0.00189	0.00212	0.00133	0.00138	0.00243	0.04249	0.01633	0.15311	0.40548	0.12672	0.06964	0.01589	0.01030	0.00091	0.13192	0.01181	0.00119
8	0.00180	0.00127	0.00163	0.00178	0.00187	0.00126	0.00118	0.00200	0.00235	0.00315	0.00607	0.45783	0.03705	0.32337	0.12982	0.00102	0.00135	0.02313	0.00104	0.00102
9	0.02945	0.21502	0.42795	0.00352	0.01605	0.08496	0.08556	0.02502	0.03965	0.01346	0.00245	0.00288	0.00190	0.00144	0.01115	0.00923	0.02677	0.00101	0.00066	0.00186
10	0.00408	0.06050	0.11864	0.00324	0.03772	0.20214	0.02076	0.20785	0.17212	0.06667	0.05074	0.02300	0.01538	0.00166	0.00134	0.00041	0.00946	0.00130	0.00106	0.00193
11	0.00187	0.00127	0.00157	0.00172	0.00179	0.00124	0.00112	0.00202	0.00235	0.00315	0.01954	0.38148	0.02313	0.43772	0.00417	0.02440	0.00106	0.07304	0.01639	0.00098
12	0.02071	0.00154	0.00184	0.00181	0.00213	0.00148	0.00130	0.01781	0.05172	0.06941	0.22585	0.19927	0.14110	0.20661	0.00272	0.00066	0.00093	0.05061	0.00124	0.00126

[dist]
# distance from previous block
# <min> <max>
9	20

[block]
# block no. 7 follows, 238 sequences, length 21
# corresponding to MSA columns:
# 2352-2372
name=unknown_H
#
# <colnr> <probs for GDERKNQSTAVLIFYWHMCP>
#	G	D	E	R	K	N	Q	S	T	A	V	L	I	F	Y	W	H	M	C	P
0	0.12212	0.02082	0.01435	0.00998	0.00286	0.02557	0.00172	0.09454	0.06231	0.16259	0.35606	0.04465	0.02862	0.00213	0.00137	0.00042	0.00099	0.00177	0.01008	0.03705
1	0.02483	0.00213	0.00337	0.62703	0.02194	0.00251	0.00942	0.00320	0.00283	0.01845	0.08384	0.10075	0.05963	0.00190	0.00143	0.00045	0.00801	0.00167	0.02517	0.00144
2	0.32445	0.00272	0.00297	0.06965	0.02214	0.01631	0.01031	0.16201	0.03791	0.27847	0.00348	0.00358	0.00245	0.00151	0.00117	0.00042	0.00123	0.01056	0.04677	0.00188
3	0.00980	0.56019	0.05773	0.00277	0.07780	0.00399	0.00235	0.02376	0.01360	0.00359	0.00358	0.17374	0.04555	0.00184	0.00113	0.00036	0.00132	0.00146	0.00077	0.01467
4	0.01536	0.01333	0.26917	0.14704	0.04544	0.00223	0.00278	0.00299	0.00797	0.00335	0.00811	0.01162	0.01237	0.13899	0.05172	0.26262	0.00166	0.00129	0.00065	0.00131
5	0.00277	0.00156	0.00212	0.00203	0.00238	0.00158	0.00151	0.00313	0.00264	0.20075	0.00519	0.22212	0.02793	0.13722	0.33381	0.00119	0.01710	0.00207	0.03154	0.00136
6	0.05064	0.00167	0.00205	0.00184	0.00235	0.00157	0.00144	0.02466	0.01889	0.15628	0.53495	0.00915	0.14400	0.00259	0.00152	0.00043	0.00080	0.03493	0.00878	0.00147
7	0.00253	0.00227	0.03407	0.06519	0.22319	0.00783	0.01578	0.02235	0.05402	0.00785	0.02634	0.08228	0.03489	0.11240	0.24353	0.00919	0.01171	0.03111	0.01197	0.00151
8	0.00297	0.00165	0.00187	0.00170	0.00223	0.00155	0.00132	0.02841	0.05354	0.18052	0.07286	0.03524	0.26974	0.00232	0.00132	0.00040	0.00080	0.01468	0.32537	0.00149
9	0.00247	0.00154	0.00182	0.00167	0.00216	0.00135	0.00127	0.00294	0.01135	0.15981	0.28766	0.01888	0.42976	0.06096	0.00188	0.00050	0.00080	0.01045	0.00137	0.00136
10	0.00230	0.00147	0.00189	0.00201	0.00228	0.00140	0.00145	0.03338	0.03275	0.09866	0.01976	0.66218	0.06680	0.00371	0.00167	0.00053	0.00088	0.06430	0.00131	0.00131
11	0.00932	0.00356	0.21755	0.01634	0.00388	0.00281	0.01561	0.32400	0.02461	0.04130	0.01748	0.22141	0.03487	0.02022	0.03109	0.00052	0.00145	0.00188	0.01032	0.00181
12	0.13112	0.00272	0.00288	0.00242	0.00324	0.00297	0.00194	0.22593	0.30092	0.15035	0.02261	0.00427	0.00330	0.00166	0.00124	0.00041	0.00111	0.00130	0.13763	0.00197
13	0.00166	0.00124	0.00155	0.00178	0.00195	0.00113	0.00123	0.00194	0.00273	0.00354	0.02401	0.69406	0.21001	0.01450	0.00176	0.00054	0.00078	0.03323	0.00125	0.00111
14	0.00273	0.00216	0.00255	0.00196	0.00293	0.00170	0.00156	0.00331	0.00288	0.02397	0.05320	0.00459	0.00327	0.03261	0.00130	0.00030	0.00099	0.07500	0.07390	0.70909
15	0.00217	0.00140	0.00208	0.09348	0.00270	0.00152	0.00157	0.00217	0.00210	0.00285	0.00371	0.00521	0.07762	0.01478	0.30721	0.46332	0.00198	0.00141	0.01180	0.00093
16	0.08035	0.00208	0.00243	0.00207	0.00272	0.01462	0.00163	0.11895	0.01393	0.24696	0.33970	0.04957	0.08802	0.00233	0.00149	0.01542	0.00095	0.00191	0.01318	0.00166
17	0.59644	0.00240	0.00210	0.00194	0.00263	0.03351	0.00156	0.01657	0.00268	0.07397	0.02601	0.09579	0.04610	0.01582	0.00121	0.00046	0.00107	0.07726	0.00101	0.00146
18	0.02642	0.00277	0.00402	0.11061	0.22458	0.00282	0.05405	0.15263	0.03353	0.23639	0.02974	0.04304	0.02095	0.00168	0.00617	0.00043	0.01101	0.00143	0.00598	0.03174
19	0.00325	0.06925	0.38778	0.00314	0.01722	0.01310	0.02402	0.16585	0.03562	0.04944	0.09900	0.01926	0.02246	0.03304	0.00861	0.03096	0.00158	0.01366	0.00093	0.00184
20	0.03846	0.00176	0.00209	0.00966	0.00248	0.00177	0.00151	0.14275	0.02773	0.03523	0.03634	0.58344	0.06033	0.02554	0.00171	0.00052	0.00093	0.00296	0.00125	0.02354

[dist]
# distance from previous block
# <min> <max>
4	118

[block]
# block no. 8 follows, 238 sequences, length 8
# corresponding to MSA columns:
# 2491-2498
name=unknown_I
#
# <colnr> <probs for GDERKNQSTAVLIFYWHMCP>
#	G	D	E	R	K	N	Q	S	T	A	V	L	I	F	Y	W	H	M	C	P
0	0.02587	0.14469	0.15792	0.02853	0.06357	0.02213	0.04499	0.09834	0.03127	0.03315	0.02643	0.01865	0.00251	0.00138	0.00123	0.00035	0.01294	0.01660	0.00084	0.26862
1	0.02132	0.04189	0.11216	0.01457	0.02131	0.02910	0.05489	0.08022	0.07907	0.11253	0.06365	0.04196	0.02237	0.01162	0.00219	0.00047	0.23986	0.01194	0.00097	0.03792
2	0.03758	0.04673	0.40043	0.03559	0.00474	0.07329	0.02736	0.03125	0.04294	0.11617	0.00303	0.00328	0.01645	0.00135	0.00123	0.00038	0.00164	0.00106	0.00083	0.15467
3	0.00195	0.00142	0.00195	0.00200	0.00225	0.00135	0.03504	0.00234	0.00287	0.02070	0.16426	0.36267	0.10283	0.11541	0.04676	0.00069	0.00107	0.13208	0.00120	0.00117
4	0.02041	0.24459	0.35311	0.00313	0.00446	0.07283	0.03592	0.08488	0.05126	0.02601	0.03115	0.00354	0.04552	0.00148	0.00126	0.00039	0.01630	0.00112	0.00078	0.00186
5	0.04257	0.10042	0.06898	0.21459	0.09239	0.04880	0.03498	0.07998	0.02323	0.15046	0.01587	0.00363	0.00240	0.00147	0.00141	0.00041	0.04484	0.01621	0.00090	0.05644
6	0.00181	0.00135	0.00167	0.00182	0.00205	0.00127	0.00130	0.02444	0.00290	0.00379	0.09135	0.47736	0.22168	0.05028	0.03590	0.00062	0.00093	0.07710	0.00124	0.00115
7	0.00201	0.00141	0.00178	0.00184	0.00212	0.00132	0.00136	0.02454	0.00320	0.03386	0.29440	0.32295	0.15198	0.05126	0.00192	0.00054	0.00083	0.10015	0.00132	0.00123

[dist]
# distance from previous block
# <min> <max>
4	63

[block]
# block no. 9 follows, 238 sequences, length 11
# corresponding to MSA columns:
# 2644-2646,2648-2655
name=unknown_J
#
# <colnr> <probs for GDERKNQSTAVLIFYWHMCP>
#	G	D	E	R	K	N	Q	S	T	A	V	L	I	F	Y	W	H	M	C	P
0	0.02714	0.00195	0.00236	0.02180	0.00270	0.03439	0.01976	0.07780	0.00301	0.05546	0.11251	0.11701	0.04774	0.13719	0.22995	0.01087	0.00174	0.02462	0.00816	0.06383
1	0.00176	0.00132	0.00160	0.00176	0.00196	0.00124	0.00122	0.00216	0.03509	0.00361	0.05726	0.50970	0.22783	0.10912	0.00226	0.00061	0.00084	0.03832	0.00122	0.00113
2	0.12765	0.31471	0.26144	0.01688	0.00436	0.02088	0.05849	0.10220	0.03554	0.02236	0.01262	0.00285	0.00202	0.00131	0.00112	0.00038	0.00159	0.00098	0.01077	0.00184
3	0.00287	0.12036	0.02003	0.00221	0.00277	0.00244	0.03497	0.10084	0.08688	0.02805	0.04502	0.22630	0.02745	0.00232	0.00141	0.00042	0.03003	0.01970	0.24439	0.00153
4	0.00243	0.00139	0.00186	0.00196	0.00223	0.00129	0.00140	0.00275	0.00284	0.15743	0.03391	0.66288	0.02566	0.00392	0.04203	0.00059	0.00096	0.02254	0.03062	0.00131
5	0.00239	0.00187	0.00328	0.00275	0.00317	0.00180	0.22565	0.01433	0.00267	0.00363	0.15214	0.12907	0.03888	0.01392	0.01456	0.35965	0.01261	0.01561	0.00089	0.00113
6	0.02341	0.05012	0.05409	0.05413	0.18109	0.04899	0.04208	0.15018	0.02474	0.30182	0.01852	0.00390	0.01811	0.00153	0.00139	0.00041	0.02106	0.00127	0.00112	0.00206
7	0.00369	0.00313	0.02259	0.11968	0.00607	0.00299	0.49573	0.03166	0.05345	0.19462	0.03520	0.01875	0.00286	0.00143	0.00150	0.00045	0.00182	0.00154	0.00096	0.00189
8	0.00187	0.00134	0.00164	0.00177	0.00204	0.00122	0.00126	0.00227	0.02195	0.03777	0.10306	0.50614	0.27697	0.00370	0.00166	0.00051	0.00077	0.03156	0.00130	0.00120
9	0.01103	0.03150	0.09245	0.08951	0.17921	0.00976	0.37210	0.02740	0.01340	0.02766	0.04085	0.04029	0.00293	0.00148	0.00144	0.00044	0.00179	0.02175	0.03320	0.00181
10	0.02638	0.10785	0.04328	0.07086	0.19350	0.05939	0.01250	0.11857	0.12336	0.11485	0.02976	0.03465	0.01089	0.00163	0.00145	0.00042	0.04642	0.00131	0.00099	0.00193

[dist]
# distance from previous block
# <min> <max>
9	18

[block]
# block no. 10 follows, 238 sequences, length 7
# corresponding to MSA columns:
# 2724-2729,2731
name=unknown_K
#
# <colnr> <probs for GDERKNQSTAVLIFYWHMCP>
#	G	D	E	R	K	N	Q	S	T	A	V	L	I	F	Y	W	H	M	C	P
0	0.00283	0.02949	0.00274	0.01174	0.00301	0.01071	0.01078	0.02008	0.01162	0.05904	0.01602	0.12270	0.01676	0.06304	0.01962	0.02171	0.00998	0.01342	0.00093	0.55378
1	0.00300	0.04372	0.00442	0.62048	0.10040	0.00317	0.05160	0.07326	0.02647	0.02973	0.02917	0.00374	0.00229	0.00140	0.00135	0.00043	0.00170	0.00125	0.00074	0.00168
2	0.00268	0.00204	0.00247	0.03188	0.00298	0.00167	0.00155	0.00320	0.00288	0.06940	0.06859	0.08490	0.08254	0.05860	0.03515	0.00043	0.00108	0.00149	0.00098	0.54550
3	0.00244	0.03855	0.04343	0.00239	0.00280	0.00224	0.02598	0.04915	0.08032	0.00360	0.00391	0.03204	0.04426	0.06439	0.40758	0.12526	0.06802	0.00151	0.00081	0.00132
4	0.00291	0.12339	0.08334	0.08297	0.13670	0.03481	0.04000	0.03053	0.05503	0.04469	0.05108	0.21769	0.03551	0.00241	0.02143	0.01475	0.00140	0.01878	0.00095	0.00163
5	0.03561	0.06694	0.05437	0.00253	0.02531	0.02744	0.01865	0.06533	0.04861	0.21502	0.05599	0.14401	0.02437	0.01085	0.00144	0.00042	0.01586	0.03398	0.03149	0.12180
6	0.03915	0.01820	0.00216	0.00204	0.02186	0.00173	0.01571	0.03637	0.04117	0.03170	0.05761	0.22536	0.01785	0.35079	0.04847	0.00085	0.00124	0.01635	0.00102	0.07035

[dist]
# distance from previous block
# <min> <max>
3	32

[block]
# block no. 11 follows, 238 sequences, length 16
# corresponding to MSA columns:
# 2766-2774,2777-2783
name=unknown_L
#
# <colnr> <probs for GDERKNQSTAVLIFYWHMCP>
#	G	D	E	R	K	N	Q	S	T	A	V	L	I	F	Y	W	H	M	C	P
0	0.02501	0.08733	0.22300	0.03851	0.00419	0.02192	0.02165	0.06018	0.16027	0.20206	0.05465	0.01695	0.02662	0.00178	0.01699	0.00044	0.00144	0.00133	0.00108	0.03459
1	0.19429	0.03067	0.03854	0.01224	0.01091	0.00247	0.01464	0.07040	0.01841	0.44639	0.02219	0.01303	0.04298	0.00162	0.00123	0.00040	0.00117	0.00127	0.01383	0.06332
2	0.00292	0.01102	0.02920	0.05042	0.17132	0.02472	0.04924	0.06050	0.10402	0.04871	0.03684	0.26012	0.02914	0.01826	0.01437	0.00049	0.01671	0.00893	0.01145	0.05165
3	0.00344	0.02123	0.02012	0.04352	0.21634	0.00309	0.25593	0.16299	0.03126	0.02728	0.03154	0.03590	0.00282	0.01917	0.00148	0.00042	0.00161	0.00142	0.02229	0.09814
4	0.00279	0.00265	0.00370	0.00320	0.00330	0.00353	0.02322	0.00318	0.02266	0.01574	0.01856	0.03242	0.05217	0.05540	0.04344	0.00068	0.70980	0.00145	0.00071	0.00143
5	0.00388	0.13906	0.15187	0.01972	0.07847	0.17951	0.04124	0.04035	0.11165	0.10856	0.00313	0.00341	0.00967	0.01336	0.00141	0.00040	0.03204	0.00112	0.01161	0.04955
6	0.00174	0.00124	0.00153	0.00171	0.00181	0.00117	0.00111	0.00193	0.00248	0.00328	0.02985	0.56278	0.09746	0.28168	0.00322	0.00076	0.00093	0.00317	0.00113	0.00103
7	0.07983	0.00266	0.01858	0.00221	0.01383	0.02075	0.00178	0.05486	0.00301	0.02968	0.01126	0.00290	0.00210	0.00113	0.00109	0.00025	0.01737	0.00086	0.00085	0.73499
8	0.00363	0.05796	0.05487	0.00299	0.02199	0.02188	0.10064	0.20782	0.09998	0.05706	0.03389	0.01801	0.00284	0.01955	0.00139	0.00037	0.01055	0.00122	0.00101	0.28235
9	0.00183	0.00136	0.00157	0.00159	0.00190	0.00122	0.00114	0.00218	0.00299	0.02429	0.18039	0.15760	0.44556	0.13047	0.01834	0.00061	0.00085	0.02374	0.00124	0.00115
10	0.00325	0.03050	0.02849	0.00263	0.02601	0.06312	0.00751	0.13829	0.26924	0.05387	0.06041	0.18084	0.10166	0.00240	0.00147	0.00045	0.00827	0.01186	0.00798	0.00175
11	0.00228	0.00166	0.00195	0.00174	0.00229	0.00145	0.00133	0.01058	0.02170	0.02059	0.28843	0.10012	0.13794	0.00236	0.00136	0.00037	0.00078	0.02089	0.14827	0.23390
12	0.00293	0.00244	0.00289	0.00211	0.00325	0.00194	0.01450	0.03587	0.02187	0.01985	0.00267	0.01972	0.00223	0.00113	0.00108	0.00023	0.01054	0.00092	0.01914	0.83468
13	0.02568	0.05856	0.15433	0.00271	0.01134	0.03870	0.01113	0.16041	0.05468	0.06680	0.03449	0.02859	0.00276	0.01107	0.01367	0.00038	0.01215	0.00115	0.00096	0.31046
14	0.00319	0.09012	0.09633	0.00320	0.00404	0.01537	0.11240	0.05253	0.03429	0.04173	0.01273	0.02210	0.00237	0.01998	0.02403	0.00048	0.27658	0.00120	0.00078	0.18655
15	0.00300	0.09348	0.06928	0.01028	0.02654	0.05500	0.01885	0.04994	0.10642	0.03241	0.16997	0.06648	0.03167	0.00210	0.01513	0.00043	0.06289	0.03010	0.00103	0.15500

[dist]
# distance from previous block
# <min> <max>
22	75

[block]
# block no. 12 follows, 238 sequences, length 22
# corresponding to MSA columns:
# 3040-3061
name=unknown_M
#
# <colnr> <probs for GDERKNQSTAVLIFYWHMCP>
#	G	D	E	R	K	N	Q	S	T	A	V	L	I	F	Y	W	H	M	C	P
0	0.00291	0.00296	0.11206	0.00228	0.00356	0.00201	0.01211	0.01932	0.00291	0.02820	0.01246	0.00295	0.00212	0.00108	0.00106	0.00024	0.00114	0.00087	0.00081	0.78893
1	0.36984	0.18581	0.00368	0.04137	0.04405	0.03433	0.01643	0.08001	0.03453	0.06036	0.00261	0.02963	0.00212	0.00138	0.00104	0.00038	0.00127	0.00099	0.00801	0.08216
2	0.01862	0.00274	0.00315	0.01512	0.00351	0.01322	0.02135	0.27556	0.16931	0.09845	0.03510	0.06715	0.04156	0.00197	0.00140	0.00041	0.01086	0.06142	0.01460	0.14448
3	0.02071	0.06782	0.05815	0.00374	0.05643	0.03757	0.10943	0.09568	0.12241	0.03133	0.01218	0.01881	0.00244	0.00184	0.00249	0.00048	0.35460	0.00128	0.00084	0.00178
4	0.00432	0.12423	0.02135	0.00277	0.00379	0.06056	0.00233	0.40563	0.10804	0.07568	0.00351	0.00353	0.02616	0.00155	0.00130	0.00037	0.01900	0.00116	0.00113	0.13359
5	0.03438	0.00161	0.00177	0.00163	0.00217	0.00141	0.00125	0.02608	0.00325	0.02894	0.18214	0.04929	0.52642	0.00290	0.00150	0.00043	0.00077	0.02206	0.00125	0.11074
6	0.00412	0.20769	0.35234	0.00298	0.00439	0.00334	0.00321	0.08749	0.01933	0.28459	0.01591	0.00340	0.00245	0.00143	0.00123	0.00039	0.00155	0.00110	0.00100	0.00205
7	0.16868	0.00265	0.00352	0.50074	0.00645	0.00309	0.00289	0.18422	0.00341	0.06289	0.00273	0.00341	0.00200	0.00145	0.00129	0.01037	0.00152	0.00114	0.03587	0.00168
8	0.00257	0.00183	0.00215	0.00198	0.00229	0.00194	0.00142	0.16551	0.03647	0.00422	0.09333	0.03229	0.01487	0.40669	0.17410	0.01858	0.00165	0.01698	0.01990	0.00126
9	0.00193	0.00133	0.00168	0.00176	0.00202	0.00121	0.00125	0.00232	0.00311	0.04688	0.30591	0.43941	0.16317	0.01939	0.00173	0.00050	0.00075	0.00309	0.00134	0.00121
10	0.01118	0.00135	0.00159	0.00162	0.00194	0.00121	0.00118	0.00219	0.00316	0.01319	0.29461	0.21633	0.39096	0.03714	0.00181	0.00050	0.00073	0.01683	0.00131	0.00118
11	0.00264	0.02584	0.48841	0.40990	0.00717	0.00308	0.00429	0.00386	0.00276	0.00386	0.00245	0.00325	0.00181	0.00161	0.03318	0.00049	0.00196	0.00110	0.00059	0.00175
12	0.01832	0.30712	0.41216	0.00316	0.00467	0.00386	0.03383	0.09454	0.02413	0.05046	0.00254	0.00282	0.00193	0.00129	0.00116	0.00038	0.00167	0.00097	0.00074	0.03425
13	0.00352	0.04450	0.02991	0.00304	0.00378	0.14231	0.12765	0.09582	0.05701	0.10221	0.08238	0.04902	0.04807	0.00308	0.13623	0.00068	0.06655	0.00156	0.00101	0.00168
14	0.00171	0.00127	0.00156	0.00176	0.00195	0.00117	0.00122	0.00206	0.01713	0.00365	0.05103	0.62869	0.21674	0.01776	0.01118	0.00054	0.00080	0.01191	0.02673	0.00113
15	0.03204	0.01000	0.00289	0.12395	0.00915	0.03659	0.00716	0.05886	0.03999	0.05568	0.16934	0.19598	0.05411	0.00267	0.01581	0.00051	0.17299	0.00973	0.00107	0.00148
16	0.01942	0.55630	0.02230	0.04016	0.01186	0.02611	0.02407	0.03206	0.00282	0.00712	0.00271	0.01454	0.02812	0.00915	0.01170	0.04549	0.04135	0.00100	0.10212	0.00160
17	0.00217	0.00182	0.00207	0.00195	0.00246	0.00180	0.02042	0.00349	0.24372	0.00450	0.16975	0.04433	0.43590	0.00291	0.00156	0.00046	0.00084	0.05711	0.00131	0.00144
18	0.00167	0.00134	0.00149	0.00156	0.00191	0.00117	0.00114	0.00203	0.00305	0.00381	0.11569	0.20627	0.60089	0.01442	0.00170	0.00049	0.00073	0.03822	0.00128	0.00115
19	0.01354	0.15208	0.09116	0.02241	0.11603	0.27539	0.02906	0.02252	0.01442	0.03541	0.00301	0.08565	0.00280	0.05405	0.01755	0.00466	0.04104	0.01254	0.00503	0.00165
20	0.02005	0.00714	0.00243	0.02129	0.02665	0.02422	0.02586	0.08829	0.13022	0.02233	0.05302	0.15538	0.24026	0.10287	0.04829	0.00064	0.00120	0.02726	0.00116	0.00145
21	0.00232	0.00206	0.00237	0.00233	0.00249	0.08788	0.01066	0.00260	0.00244	0.00321	0.00461	0.30318	0.00514	0.18931	0.19330	0.00101	0.15308	0.02995	0.00090	0.00118

[dist]
# distance from previous block
# <min> <max>
0	8

[block]
# block no. 13 follows, 238 sequences, length 14
# corresponding to MSA columns:
# 3070,3081-3083,3088-3093,3095-3098
name=unknown_N
#
# <colnr> <probs for GDERKNQSTAVLIFYWHMCP>
#	G	D	E	R	K	N	Q	S	T	A	V	L	I	F	Y	W	H	M	C	P
0	0.00923	0.20685	0.09917	0.02373	0.01521	0.14375	0.05215	0.02369	0.00275	0.00961	0.00805	0.00335	0.01028	0.01919	0.07621	0.11351	0.16674	0.00110	0.01393	0.00150
1	0.13444	0.02260	0.01368	0.04112	0.15532	0.02205	0.02738	0.00324	0.04370	0.01088	0.09795	0.08906	0.05060	0.18117	0.05953	0.00744	0.00138	0.02329	0.01377	0.00142
2	0.00381	0.15582	0.27006	0.01578	0.00441	0.37581	0.02847	0.02054	0.00329	0.00387	0.00244	0.00285	0.00194	0.00134	0.00117	0.00036	0.00193	0.00096	0.10345	0.00170
3	0.00258	0.00242	0.00407	0.84597	0.07710	0.00295	0.00369	0.00345	0.00273	0.00353	0.00260	0.03835	0.00209	0.00145	0.00136	0.00045	0.00175	0.00130	0.00063	0.00153
4	0.00338	0.01227	0.00487	0.03350	0.67404	0.07326	0.01367	0.01925	0.01931	0.02216	0.02930	0.01217	0.04782	0.00147	0.00141	0.00041	0.01882	0.01016	0.00077	0.00198
5	0.00365	0.12045	0.37692	0.00311	0.01343	0.00945	0.02466	0.03973	0.10518	0.20284	0.02644	0.03558	0.00293	0.01697	0.00143	0.01147	0.00154	0.00127	0.00098	0.00197
6	0.01524	0.00155	0.00165	0.00155	0.00197	0.00157	0.00119	0.02141	0.08619	0.06625	0.07543	0.02088	0.00426	0.00174	0.00108	0.00035	0.00073	0.00142	0.69412	0.00143
7	0.00585	0.00238	0.00316	0.00244	0.00347	0.00214	0.00201	0.06306	0.02658	0.84396	0.02683	0.00466	0.00352	0.00170	0.00137	0.00042	0.00116	0.00138	0.00164	0.00227
8	0.01558	0.00280	0.00381	0.14147	0.20370	0.03906	0.01592	0.10201	0.05984	0.27099	0.01745	0.01178	0.01858	0.04400	0.00170	0.00047	0.02716	0.02063	0.00110	0.00194
9	0.00278	0.00220	0.01363	0.04331	0.01371	0.00818	0.18535	0.04073	0.02992	0.08931	0.01061	0.11458	0.07464	0.20245	0.11070	0.00084	0.01683	0.02197	0.01683	0.00144
10	0.00172	0.00123	0.00165	0.00195	0.00207	0.00116	0.00138	0.00201	0.00268	0.00354	0.00759	0.79570	0.03490	0.00414	0.00174	0.00056	0.00085	0.13275	0.00125	0.00112
11	0.00203	0.00149	0.00175	0.00182	0.00212	0.01772	0.00131	0.00253	0.03671	0.04261	0.20847	0.36546	0.22794	0.03933	0.00183	0.00052	0.00082	0.04300	0.00130	0.00124
12	0.17009	0.16901	0.14616	0.00290	0.00403	0.10187	0.03687	0.27021	0.00390	0.03973	0.00287	0.00316	0.02261	0.00145	0.00117	0.00039	0.00157	0.01108	0.00907	0.00187
13	0.00203	0.00152	0.00186	0.00192	0.00214	0.02173	0.00138	0.02470	0.00268	0.01594	0.06660	0.30375	0.12002	0.16950	0.20752	0.00101	0.01308	0.04041	0.00107	0.00116

[dist]
# distance from previous block
# <min> <max>
2	43

[block]
# block no. 14 follows, 238 sequences, length 24
# corresponding to MSA columns:
# 3185-3188,3195-3200,3209-3212,3216-3223,3239,3240
name=unknown_O
#
# <colnr> <probs for GDERKNQSTAVLIFYWHMCP>
#	G	D	E	R	K	N	Q	S	T	A	V	L	I	F	Y	W	H	M	C	P
0	0.14728	0.03843	0.02268	0.04032	0.36206	0.04729	0.01263	0.04193	0.16622	0.01285	0.00305	0.00353	0.00748	0.00139	0.00126	0.00040	0.00901	0.01090	0.00086	0.07043
1	0.00205	0.00130	0.00164	0.00163	0.00184	0.00122	0.00113	0.00204	0.00250	0.02243	0.09819	0.06004	0.29677	0.11279	0.03135	0.35805	0.00104	0.00207	0.00097	0.00093
2	0.00330	0.02204	0.00401	0.08259	0.18091	0.01550	0.07237	0.09715	0.01725	0.04284	0.03473	0.00342	0.00249	0.00125	0.00121	0.00032	0.00135	0.00110	0.00087	0.41530
3	0.00199	0.00149	0.00190	0.00193	0.00226	0.00135	0.00138	0.01215	0.01295	0.01343	0.06719	0.56797	0.04227	0.01428	0.08046	0.00062	0.00107	0.01313	0.00115	0.16104
4	0.03093	0.14354	0.49361	0.00341	0.00485	0.25102	0.00375	0.01852	0.00311	0.00395	0.00229	0.00271	0.00177	0.00156	0.02910	0.00044	0.00205	0.00093	0.00063	0.00181
5	0.00288	0.23987	0.03849	0.00245	0.00305	0.02214	0.00212	0.07306	0.00272	0.03125	0.00303	0.00415	0.00273	0.03669	0.46132	0.00128	0.06930	0.00122	0.00075	0.00150
6	0.00239	0.00183	0.00232	0.00226	0.00258	0.00201	0.00179	0.01150	0.13663	0.01615	0.22830	0.14480	0.02952	0.02792	0.00210	0.00053	0.12358	0.20138	0.06100	0.00140
7	0.00232	0.00150	0.00174	0.00170	0.00217	0.00132	0.00130	0.01047	0.00316	0.13153	0.03396	0.14388	0.55455	0.00326	0.00159	0.00047	0.00081	0.08082	0.02212	0.00132
8	0.03056	0.00152	0.00184	0.00172	0.00214	0.00140	0.00131	0.00287	0.01881	0.08329	0.56570	0.02185	0.20735	0.02218	0.00166	0.00045	0.00074	0.01961	0.01366	0.00134
9	0.00295	0.18474	0.74146	0.00354	0.00536	0.00359	0.00442	0.03171	0.00294	0.00420	0.00235	0.00274	0.00173	0.00127	0.00121	0.00040	0.00188	0.00095	0.00060	0.00196
10	0.00323	0.00206	0.00242	0.00212	0.00274	0.00208	0.00166	0.05091	0.24384	0.18269	0.34863	0.00743	0.09078	0.00226	0.00145	0.00043	0.00089	0.00192	0.05073	0.00173
11	0.00181	0.00141	0.00160	0.00162	0.00200	0.00126	0.00122	0.00231	0.02499	0.01213	0.21375	0.11517	0.52932	0.00331	0.00161	0.00047	0.00074	0.06907	0.01501	0.00121
12	0.00189	0.00129	0.00152	0.00160	0.00165	0.00126	0.00098	0.00198	0.00221	0.00294	0.02587	0.23293	0.02789	0.65532	0.01380	0.00108	0.00118	0.02273	0.00096	0.00092
13	0.32742	0.00311	0.00318	0.00253	0.00352	0.00340	0.00209	0.44062	0.02485	0.17194	0.00320	0.00317	0.00224	0.00151	0.00118	0.00041	0.00127	0.00109	0.00124	0.00202
14	0.02447	0.01743	0.27721	0.00421	0.01692	0.02371	0.35001	0.04867	0.05879	0.08749	0.00312	0.01115	0.01034	0.00141	0.00155	0.00044	0.04712	0.00133	0.01273	0.00191
15	0.00210	0.00140	0.00185	0.00197	0.00223	0.00131	0.01602	0.01630	0.00287	0.06793	0.02182	0.58533	0.12647	0.02256	0.00178	0.00054	0.00089	0.10473	0.02066	0.00123
16	0.00189	0.00129	0.00153	0.00162	0.00165	0.00127	0.00099	0.00198	0.00217	0.00289	0.00521	0.25500	0.00608	0.66842	0.00534	0.00109	0.00117	0.03857	0.00095	0.00091
17	0.02390	0.00284	0.00899	0.12554	0.04782	0.06396	0.28273	0.00931	0.08482	0.02224	0.06968	0.17845	0.00436	0.00702	0.00591	0.00048	0.03464	0.02478	0.00093	0.00161
18	0.00168	0.00120	0.00161	0.00191	0.00201	0.00113	0.00130	0.00194	0.00264	0.00352	0.02358	0.88673	0.00895	0.00419	0.00173	0.00055	0.00081	0.05217	0.00126	0.00111
19	0.00279	0.00238	0.00278	0.00201	0.00318	0.00181	0.00160	0.00344	0.01799	0.00445	0.02723	0.00303	0.00232	0.00106	0.00102	0.00021	0.00099	0.00086	0.00083	0.92000
20	0.00779	0.01848	0.12457	0.08099	0.05246	0.09061	0.11132	0.09295	0.10515	0.08677	0.04073	0.01652	0.01996	0.01586	0.01213	0.00047	0.08696	0.01742	0.01702	0.00182
21	0.00368	0.00264	0.00308	0.00229	0.00341	0.00231	0.00185	0.18744	0.00365	0.13115	0.01281	0.01329	0.00242	0.00128	0.00117	0.00028	0.01037	0.00101	0.00104	0.61484
22	0.00297	0.02147	0.16806	0.11015	0.02046	0.00246	0.00786	0.04827	0.04162	0.02657	0.01418	0.01206	0.00229	0.01341	0.00126	0.00032	0.01103	0.00102	0.00081	0.49373
23	0.00265	0.00239	0.00344	0.01370	0.02383	0.00303	0.04424	0.00307	0.01778	0.01805	0.01691	0.01612	0.02345	0.12217	0.17229	0.00093	0.49159	0.00145	0.02153	0.00138

[dist]
# distance from previous block
# <min> <max>
6	9

[block]
# block no. 15 follows, 238 sequences, length 29
# corresponding to MSA columns:
# 3258-3268,3294-3300,3311,3314-3323
name=unknown_P
#
# <colnr> <probs for GDERKNQSTAVLIFYWHMCP>
#	G	D	E	R	K	N	Q	S	T	A	V	L	I	F	Y	W	H	M	C	P
0	0.01507	0.00307	0.00342	0.00277	0.00366	0.00331	0.01013	0.52118	0.15065	0.11786	0.02699	0.10115	0.01364	0.00197	0.00139	0.00043	0.00127	0.00160	0.01836	0.00208
1	0.00180	0.00138	0.01202	0.00186	0.00208	0.00126	0.00133	0.00231	0.03311	0.00417	0.30050	0.54288	0.06569	0.00361	0.00166	0.00050	0.00076	0.02055	0.00132	0.00120
2	0.00170	0.00128	0.00154	0.00170	0.00192	0.00116	0.00119	0.00200	0.00282	0.00364	0.08555	0.47888	0.30231	0.06925	0.00204	0.00057	0.00080	0.03929	0.00124	0.00111
3	0.00233	0.00189	0.00222	0.11020	0.00322	0.00196	0.00172	0.00363	0.24505	0.03243	0.02789	0.13989	0.39218	0.00283	0.00153	0.00047	0.00095	0.02690	0.00123	0.00147
4	0.00288	0.13176	0.77503	0.00373	0.01511	0.00345	0.02855	0.01710	0.00290	0.00420	0.00238	0.00280	0.00174	0.00127	0.00124	0.00041	0.00192	0.00098	0.00059	0.00197
5	0.00234	0.00148	0.00186	0.00194	0.00224	0.00139	0.00139	0.04208	0.02015	0.10442	0.06239	0.60888	0.09742	0.00357	0.00163	0.00051	0.00084	0.01723	0.02694	0.00132
6	0.00260	0.00145	0.00146	0.00144	0.00178	0.02345	0.00108	0.00326	0.01901	0.03095	0.08640	0.04821	0.00449	0.00180	0.00106	0.00034	0.00070	0.00148	0.76773	0.00131
7	0.00336	0.00318	0.00523	0.03477	0.72860	0.00329	0.03845	0.04169	0.06343	0.00457	0.00277	0.00357	0.00230	0.00135	0.00151	0.00042	0.04810	0.01058	0.00074	0.00208
8	0.00250	0.00176	0.03734	0.00205	0.00246	0.00153	0.00157	0.05155	0.02511	0.12475	0.02521	0.52282	0.14563	0.01327	0.00167	0.00051	0.00093	0.03664	0.00129	0.00139
