[name]
unknown

[dist]
# distance from previous block
# <min> <max>
4	714

[block]
# block no. 0 follows, 246 sequences, length 15
# corresponding to MSA columns:
# 963-968,979-985,987,988
name=unknown_A
#
# <colnr> <probs for GDERKNQSTAVLIFYWHMCP>
#	G	D	E	R	K	N	Q	S	T	A	V	L	I	F	Y	W	H	M	C	P
0	0.04210	0.06582	0.07005	0.10277	0.02667	0.13721	0.04098	0.21935	0.09852	0.06178	0.03052	0.00383	0.02052	0.00696	0.03145	0.01127	0.01429	0.01315	0.00096	0.00179
1	0.03750	0.01387	0.18317	0.20300	0.17941	0.02523	0.19285	0.03466	0.01751	0.01482	0.00259	0.00966	0.00202	0.00158	0.03305	0.00048	0.02694	0.00121	0.01868	0.00175
2	0.02180	0.53413	0.04006	0.05335	0.01372	0.21627	0.02423	0.04516	0.00308	0.02338	0.00207	0.00241	0.00175	0.00123	0.00105	0.00032	0.01280	0.00083	0.00065	0.00168
3	0.76870	0.00264	0.00220	0.00190	0.00273	0.01943	0.00155	0.07598	0.00271	0.07018	0.02424	0.00256	0.00188	0.00131	0.00091	0.00040	0.00107	0.00083	0.00092	0.01787
4	0.03101	0.11475	0.10036	0.06128	0.05351	0.03757	0.06006	0.07308	0.04665	0.11206	0.04647	0.05976	0.03198	0.00943	0.02207	0.00044	0.03919	0.01867	0.00093	0.08072
5	0.04190	0.02283	0.09799	0.04264	0.12463	0.03495	0.06054	0.16372	0.05643	0.10423	0.03325	0.06276	0.02001	0.07015	0.00177	0.00048	0.02008	0.01839	0.00099	0.02227
6	0.00205	0.00129	0.00165	0.00178	0.00199	0.00120	0.00125	0.01336	0.00276	0.06714	0.07897	0.61982	0.04658	0.02345	0.00173	0.01875	0.00079	0.02189	0.09236	0.00118
7	0.06075	0.00258	0.01427	0.02312	0.05996	0.00866	0.01652	0.15508	0.01243	0.55847	0.03179	0.01608	0.01392	0.00162	0.00130	0.00040	0.00121	0.00132	0.01061	0.00994
8	0.03034	0.07760	0.20505	0.11739	0.06307	0.05374	0.06491	0.08724	0.02695	0.05835	0.02030	0.04769	0.01422	0.01722	0.03334	0.00047	0.02970	0.00127	0.01201	0.03913
9	0.00195	0.00137	0.00186	0.01063	0.00220	0.00133	0.02541	0.01289	0.01586	0.03812	0.02415	0.65715	0.02656	0.08863	0.02742	0.00062	0.01321	0.02874	0.02076	0.00115
10	0.00168	0.00120	0.00154	0.00173	0.00185	0.00112	0.00116	0.00193	0.00261	0.00349	0.12040	0.64122	0.06076	0.13536	0.00235	0.00062	0.00082	0.01793	0.00119	0.00105
11	0.02925	0.08824	0.01746	0.06998	0.03013	0.03199	0.03266	0.53771	0.03100	0.08768	0.00315	0.01899	0.00233	0.00153	0.00130	0.00039	0.01189	0.00119	0.00113	0.00203
12	0.00201	0.00149	0.00177	0.00180	0.00989	0.01432	0.00125	0.00239	0.02506	0.02310	0.12582	0.29565	0.13448	0.21698	0.01248	0.00066	0.02550	0.02351	0.03284	0.04901
13	0.02729	0.05133	0.05297	0.16731	0.17022	0.06675	0.04112	0.19393	0.10748	0.02664	0.00296	0.01503	0.00232	0.01284	0.01524	0.00044	0.02125	0.00119	0.00088	0.02279
14	0.08292	0.18633	0.03148	0.01840	0.02840	0.07159	0.01477	0.21292	0.01045	0.04332	0.00258	0.01200	0.01634	0.00179	0.01416	0.01229	0.23664	0.00107	0.00083	0.00172

[dist]
# distance from previous block
# <min> <max>
20	68

[block]
# block no. 1 follows, 246 sequences, length 11
# corresponding to MSA columns:
# 1121-1131
name=unknown_B
#
# <colnr> <probs for GDERKNQSTAVLIFYWHMCP>
#	G	D	E	R	K	N	Q	S	T	A	V	L	I	F	Y	W	H	M	C	P
0	0.00210	0.00153	0.00184	0.00185	0.00224	0.00144	0.00144	0.04231	0.03075	0.03588	0.16383	0.14699	0.31182	0.02962	0.00173	0.00050	0.00087	0.20458	0.00126	0.01743
1	0.00253	0.00151	0.00189	0.00178	0.00217	0.00141	0.00132	0.01627	0.03238	0.15244	0.34101	0.19696	0.10621	0.07577	0.00189	0.00050	0.00081	0.01278	0.04902	0.00135
2	0.01725	0.00226	0.01461	0.00235	0.00304	0.03155	0.06363	0.09833	0.05316	0.25916	0.09239	0.12502	0.11798	0.03436	0.01817	0.00048	0.00115	0.01541	0.03535	0.01434
3	0.06119	0.01990	0.02765	0.05136	0.02622	0.05469	0.08238	0.04075	0.03506	0.25089	0.01296	0.10179	0.01465	0.01025	0.01156	0.01155	0.07483	0.01513	0.00665	0.09052
4	0.00255	0.02547	0.00356	0.04075	0.00339	0.00315	0.04721	0.00291	0.00224	0.00328	0.01685	0.12993	0.01993	0.03789	0.07189	0.00068	0.56103	0.01417	0.01178	0.00135
5	0.00192	0.00130	0.00162	0.00171	0.00191	0.00122	0.00119	0.00223	0.01779	0.03661	0.11913	0.40340	0.13412	0.15603	0.02551	0.04006	0.00092	0.02821	0.02403	0.00110
6	0.00287	0.01582	0.01444	0.37097	0.18030	0.01080	0.06036	0.01368	0.01480	0.07305	0.03168	0.10233	0.00313	0.00192	0.02467	0.00966	0.02456	0.01066	0.01406	0.02023
7	0.01636	0.00188	0.00227	0.00193	0.00256	0.00181	0.00153	0.06906	0.06737	0.31042	0.21499	0.02435	0.03746	0.00205	0.01329	0.00041	0.00091	0.00162	0.22805	0.00168
8	0.05829	0.00164	0.00202	0.04815	0.02315	0.00163	0.00153	0.00313	0.07877	0.08946	0.19409	0.26620	0.12157	0.01438	0.00152	0.00046	0.00087	0.03344	0.05834	0.00136
9	0.04610	0.00247	0.00363	0.06407	0.06200	0.03826	0.15156	0.07020	0.01736	0.11261	0.07148	0.04742	0.01556	0.02888	0.11651	0.08371	0.06424	0.00149	0.00091	0.00153
10	0.01592	0.00289	0.06651	0.01727	0.02445	0.03339	0.01843	0.14202	0.02503	0.36858	0.01741	0.03016	0.00294	0.01366	0.04170	0.01698	0.13200	0.00132	0.02746	0.00188

[dist]
# distance from previous block
# <min> <max>
13	127

[block]
# block no. 2 follows, 246 sequences, length 23
# corresponding to MSA columns:
# 1313-1316,1321-1326,1345,1346,1350-1360
name=unknown_C
#
# <colnr> <probs for GDERKNQSTAVLIFYWHMCP>
#	G	D	E	R	K	N	Q	S	T	A	V	L	I	F	Y	W	H	M	C	P
0	0.11566	0.01577	0.02175	0.13790	0.02446	0.38160	0.00248	0.06772	0.02622	0.12241	0.01924	0.02023	0.00234	0.00148	0.00124	0.00038	0.01093	0.01158	0.00088	0.01571
1	0.00232	0.02113	0.00187	0.01982	0.00191	0.00127	0.00122	0.00186	0.00183	0.01444	0.01842	0.02787	0.00263	0.01759	0.00479	0.85739	0.00114	0.00123	0.00062	0.00066
2	0.04947	0.01547	0.00275	0.00227	0.00297	0.01239	0.02555	0.11018	0.05792	0.29719	0.07913	0.08767	0.03651	0.03144	0.02137	0.00048	0.01722	0.05662	0.05898	0.03440
3	0.00189	0.00139	0.00168	0.00186	0.00206	0.02103	0.00131	0.01903	0.01922	0.02125	0.07989	0.68029	0.08560	0.00368	0.00162	0.00050	0.00081	0.03766	0.01806	0.00116
4	0.02550	0.04401	0.07370	0.02175	0.02398	0.00224	0.02361	0.04015	0.01518	0.01062	0.00252	0.02358	0.00212	0.01091	0.00115	0.00027	0.01438	0.00093	0.00078	0.66262
5	0.00281	0.00161	0.00203	0.00182	0.00234	0.00144	0.00139	0.00334	0.02456	0.22047	0.29056	0.12990	0.16637	0.02245	0.01615	0.01044	0.00086	0.01420	0.02551	0.06177
6	0.00190	0.00135	0.00180	0.00200	0.00220	0.00130	0.00151	0.00228	0.00277	0.02199	0.08200	0.49509	0.04732	0.02621	0.00185	0.00055	0.02102	0.26975	0.00121	0.01590
7	0.00221	0.00193	0.02110	0.01725	0.02142	0.04969	0.01973	0.00257	0.00231	0.00318	0.03774	0.06057	0.02612	0.18166	0.37987	0.04097	0.09263	0.01358	0.02431	0.00117
8	0.03385	0.00237	0.00749	0.05997	0.06407	0.03491	0.03364	0.05696	0.16223	0.17892	0.22968	0.02311	0.05892	0.00202	0.00139	0.00042	0.00112	0.03524	0.01197	0.00171
9	0.00202	0.00138	0.00172	0.00173	0.00206	0.00126	0.00129	0.00252	0.01928	0.06475	0.36254	0.24594	0.22386	0.00316	0.00158	0.00046	0.00074	0.06113	0.00133	0.00124
10	0.00327	0.02963	0.00241	0.00205	0.00257	0.07232	0.00159	0.07540	0.07282	0.15719	0.11575	0.10982	0.04660	0.01379	0.00144	0.00041	0.03281	0.01071	0.24788	0.00154
11	0.03232	0.00778	0.01520	0.16065	0.08172	0.01577	0.02562	0.05483	0.02947	0.01156	0.05960	0.27888	0.04011	0.02531	0.10738	0.02300	0.02639	0.00208	0.00094	0.00138
12	0.03432	0.64753	0.18271	0.00259	0.00381	0.06141	0.01152	0.00403	0.00276	0.01499	0.00224	0.00252	0.02239	0.00122	0.00097	0.00032	0.00154	0.00082	0.00060	0.00171
13	0.00188	0.00137	0.00183	0.00196	0.00216	0.00132	0.02193	0.00782	0.03300	0.03158	0.03067	0.70839	0.09919	0.00371	0.00170	0.00051	0.02398	0.02461	0.00121	0.00118
14	0.00251	0.01048	0.00382	0.77905	0.05023	0.00283	0.00720	0.01529	0.01512	0.00351	0.02444	0.01130	0.02285	0.00792	0.01967	0.01100	0.00940	0.00126	0.00065	0.00147
15	0.02443	0.07258	0.01799	0.11828	0.04728	0.00914	0.03029	0.03565	0.02308	0.07753	0.09417	0.20008	0.12417	0.02182	0.01266	0.03466	0.02523	0.02147	0.00807	0.00142
16	0.00189	0.00131	0.00165	0.00177	0.00195	0.00124	0.00854	0.00223	0.02810	0.03318	0.05710	0.50674	0.11165	0.18962	0.00261	0.00065	0.00089	0.03606	0.01173	0.00110
17	0.04468	0.00239	0.00308	0.00238	0.00338	0.00220	0.00196	0.09289	0.02887	0.79646	0.00486	0.00426	0.00310	0.00161	0.00130	0.00041	0.00114	0.00129	0.00155	0.00219
18	0.01399	0.02898	0.17895	0.04287	0.04873	0.09956	0.03188	0.02503	0.05019	0.03896	0.05561	0.09423	0.13295	0.06839	0.02245	0.00052	0.02389	0.03142	0.00989	0.00152
19	0.02417	0.04416	0.07320	0.17296	0.15775	0.07391	0.08881	0.08817	0.01311	0.07207	0.00340	0.10790	0.00881	0.00172	0.00139	0.00042	0.01764	0.03118	0.01178	0.00746
20	0.02364	0.00213	0.00282	0.00224	0.00312	0.00190	0.00182	0.01680	0.03306	0.74551	0.09334	0.04166	0.00429	0.00181	0.00134	0.00041	0.00105	0.00150	0.01952	0.00205
21	0.02326	0.74280	0.06786	0.00255	0.01543	0.02650	0.03061	0.02660	0.00278	0.00340	0.00206	0.00254	0.00185	0.00146	0.03008	0.00036	0.00154	0.01603	0.00061	0.00169
22	0.01219	0.07739	0.05848	0.11906	0.11774	0.05808	0.12084	0.05180	0.05685	0.15082	0.02600	0.05050	0.03701	0.00909	0.01943	0.00533	0.00458	0.01247	0.00455	0.00778

[dist]
# distance from previous block
# <min> <max>
10	45

[block]
# block no. 3 follows, 246 sequences, length 10
# corresponding to MSA columns:
# 1429-1438
name=unknown_D
#
# <colnr> <probs for GDERKNQSTAVLIFYWHMCP>
#	G	D	E	R	K	N	Q	S	T	A	V	L	I	F	Y	W	H	M	C	P
0	0.01076	0.00211	0.00260	0.03788	0.00301	0.02251	0.04106	0.04769	0.17857	0.09800	0.05640	0.18029	0.14071	0.06843	0.01555	0.00053	0.05412	0.00206	0.02184	0.01587
1	0.00194	0.00132	0.00162	0.00175	0.00200	0.00121	0.00125	0.02089	0.00280	0.05021	0.03582	0.53882	0.22130	0.03438	0.00176	0.00052	0.00080	0.04575	0.03470	0.00116
2	0.01797	0.00309	0.00352	0.04588	0.09587	0.18248	0.08086	0.09618	0.06146	0.02662	0.00442	0.03103	0.00427	0.00225	0.00149	0.00047	0.00157	0.33799	0.00100	0.00159
3	0.07866	0.02392	0.04500	0.11220	0.42320	0.03141	0.01808	0.10932	0.04475	0.05284	0.02104	0.02858	0.00249	0.00140	0.00127	0.00040	0.00149	0.00122	0.00083	0.00190
4	0.07287	0.00185	0.00219	0.00188	0.00251	0.00179	0.00149	0.04708	0.02647	0.34866	0.08920	0.04718	0.00434	0.03444	0.00139	0.00042	0.00092	0.02422	0.28946	0.00165
5	0.00189	0.00127	0.00147	0.00149	0.00150	0.00128	0.00086	0.00193	0.00195	0.00261	0.00425	0.05506	0.00488	0.85447	0.05882	0.00128	0.00137	0.00197	0.00081	0.00083
6	0.11826	0.00283	0.00360	0.29785	0.02818	0.00321	0.03420	0.24705	0.15394	0.03883	0.00315	0.00366	0.00237	0.00148	0.00129	0.00042	0.01158	0.01711	0.00098	0.03000
7	0.02124	0.01225	0.00254	0.01145	0.01845	0.06059	0.00175	0.05680	0.12815	0.20298	0.20779	0.06882	0.10433	0.00242	0.02083	0.00046	0.01102	0.03994	0.02655	0.00163
8	0.00261	0.00149	0.00162	0.00155	0.00192	0.00151	0.00116	0.04567	0.06884	0.04583	0.07130	0.09519	0.02575	0.02988	0.00128	0.00038	0.00074	0.00162	0.60032	0.00134
9	0.06506	0.00208	0.00238	0.00207	0.00273	0.04406	0.00165	0.02705	0.04425	0.35944	0.15682	0.06841	0.10932	0.00226	0.00143	0.01223	0.00100	0.05817	0.03794	0.00166

[dist]
# distance from previous block
# <min> <max>
7	19

[block]
# block no. 4 follows, 246 sequences, length 29
# corresponding to MSA columns:
# 1501-1509,1514-1519,1547,1548,1550,1551,1554-1563
name=unknown_E
#
# <colnr> <probs for GDERKNQSTAVLIFYWHMCP>
#	G	D	E	R	K	N	Q	S	T	A	V	L	I	F	Y	W	H	M	C	P
0	0.00311	0.00206	0.00247	0.00230	0.00288	0.00213	0.00187	0.06240	0.25789	0.14703	0.13149	0.02430	0.05886	0.00250	0.00150	0.00047	0.00103	0.26392	0.03013	0.00166
1	0.00180	0.00132	0.00186	0.00201	0.00220	0.00138	0.00152	0.00220	0.00246	0.00336	0.03553	0.34632	0.02992	0.02370	0.39610	0.00121	0.00198	0.14301	0.00100	0.00113
2	0.09044	0.01512	0.02597	0.06427	0.00306	0.04010	0.00189	0.03449	0.01264	0.10160	0.00336	0.00483	0.00745	0.16416	0.32686	0.00114	0.08362	0.00133	0.01631	0.00137
3	0.00182	0.00137	0.00166	0.00171	0.00201	0.00128	0.00126	0.00240	0.05180	0.01246	0.29597	0.28405	0.26654	0.01643	0.00166	0.00048	0.00074	0.05388	0.00129	0.00120
4	0.00992	0.00180	0.00224	0.00197	0.00253	0.00172	0.00155	0.04186	0.09235	0.22955	0.45134	0.00810	0.08038	0.00236	0.00146	0.00042	0.00085	0.04755	0.02047	0.00158
5	0.18560	0.01009	0.00297	0.00266	0.00333	0.52349	0.00204	0.03494	0.04232	0.02026	0.02798	0.00315	0.01643	0.00144	0.00111	0.00036	0.00171	0.00098	0.11765	0.00151
6	0.00254	0.00246	0.01341	0.01773	0.00432	0.00681	0.39271	0.02498	0.02499	0.02120	0.04804	0.31447	0.03064	0.01216	0.00175	0.00049	0.04425	0.03463	0.00096	0.00147
7	0.00192	0.00134	0.00181	0.00197	0.00217	0.00126	0.01637	0.01851	0.00283	0.03323	0.11307	0.62600	0.02883	0.01379	0.00171	0.00053	0.00086	0.13138	0.00124	0.00117
8	0.00185	0.00128	0.00150	0.00157	0.00164	0.00125	0.00099	0.00196	0.00217	0.00286	0.00547	0.15850	0.06759	0.65814	0.00512	0.00104	0.00115	0.08410	0.00093	0.00089
9	0.01140	0.00310	0.00501	0.13670	0.71380	0.03806	0.02304	0.00404	0.00297	0.03219	0.00250	0.00328	0.00204	0.00122	0.00134	0.00040	0.01512	0.00116	0.00067	0.00196
10	0.01109	0.00160	0.00175	0.00170	0.00213	0.00157	0.00127	0.02097	0.16207	0.00438	0.16770	0.13152	0.39234	0.00283	0.00146	0.00044	0.00075	0.00241	0.09070	0.00132
11	0.00206	0.00149	0.00224	0.00217	0.00244	0.00171	0.01497	0.00252	0.00218	0.03798	0.00355	0.00513	0.00326	0.02628	0.86816	0.00198	0.01852	0.00141	0.00074	0.00122
12	0.00199	0.00135	0.00152	0.00151	0.00156	0.00136	0.00088	0.03381	0.00210	0.00280	0.00441	0.05037	0.02349	0.85206	0.01464	0.00120	0.00126	0.00198	0.00084	0.00087
13	0.00912	0.00302	0.01808	0.27755	0.56072	0.02537	0.03127	0.02533	0.00297	0.02230	0.00248	0.00331	0.00198	0.00124	0.00133	0.00041	0.00980	0.00117	0.00066	0.00187
14	0.03438	0.03658	0.00175	0.00172	0.00199	0.00135	0.00125	0.00215	0.01005	0.00378	0.14564	0.49326	0.22847	0.00348	0.00157	0.00048	0.00076	0.02899	0.00121	0.00115
15	0.14344	0.02559	0.04208	0.02507	0.16406	0.52653	0.01607	0.01583	0.01148	0.00391	0.00214	0.00257	0.00175	0.00131	0.00119	0.00037	0.01338	0.00091	0.00069	0.00164
16	0.00358	0.00330	0.00422	0.09259	0.23701	0.12450	0.09971	0.10103	0.19554	0.05057	0.00350	0.05204	0.00284	0.00156	0.00134	0.00041	0.00155	0.00587	0.01698	0.00187
17	0.00203	0.00168	0.01551	0.01134	0.00247	0.00159	0.04695	0.01231	0.10236	0.00384	0.09946	0.37945	0.15330	0.06087	0.01405	0.03319	0.01122	0.01350	0.00113	0.03375
18	0.00394	0.00399	0.03609	0.05571	0.04226	0.27283	0.06476	0.10770	0.00884	0.08906	0.00249	0.00307	0.00199	0.01295	0.00216	0.00044	0.26111	0.00110	0.00080	0.02873
19	0.00180	0.00144	0.00180	0.00201	0.00216	0.04153	0.02349	0.00208	0.00258	0.00337	0.00675	0.82319	0.00798	0.00412	0.03671	0.00058	0.00098	0.03516	0.00116	0.00111
20	0.01362	0.00160	0.00171	0.00157	0.00200	0.00166	0.00122	0.11282	0.02448	0.03382	0.03902	0.01726	0.00365	0.00195	0.03722	0.00040	0.00086	0.00842	0.69537	0.00139
21	0.01020	0.00310	0.01509	0.18528	0.48882	0.06038	0.02151	0.06072	0.06418	0.01950	0.01921	0.00384	0.03961	0.00139	0.00131	0.00040	0.00156	0.00126	0.00077	0.00187
22	0.00408	0.01959	0.00361	0.00301	0.02100	0.44396	0.03206	0.10049	0.05188	0.02072	0.00249	0.00279	0.00200	0.00138	0.01144	0.00033	0.00937	0.00094	0.00082	0.26805
23	0.00173	0.00131	0.00162	0.00172	0.00199	0.00119	0.00124	0.00216	0.01984	0.00389	0.20507	0.43778	0.23241	0.00346	0.00160	0.00048	0.00074	0.04884	0.00125	0.03167
24	0.00179	0.00145	0.00167	0.00171	0.00859	0.00133	0.01249	0.01830	0.05804	0.00375	0.03969	0.25560	0.53732	0.01852	0.00165	0.00048	0.00078	0.03443	0.00122	0.00119
25	0.00274	0.00270	0.00415	0.74336	0.10323	0.06426	0.03335	0.00361	0.01612	0.00349	0.00242	0.01053	0.00187	0.00132	0.00131	0.00043	0.00177	0.00118	0.00061	0.00154
26	0.04542	0.00256	0.00318	0.00251	0.00344	0.02471	0.03627	0.13505	0.09386	0.53172	0.06635	0.02542	0.00372	0.00170	0.00132	0.00041	0.00118	0.00140	0.00143	0.01835
27	0.00168	0.00132	0.00153	0.00160	0.00192	0.00118	0.00118	0.00210	0.01622	0.00385	0.17474	0.23540	0.48065	0.00340	0.00159	0.00047	0.00072	0.06805	0.00126	0.00114
28	0.04184	0.23165	0.32032	0.05952	0.08656	0.08868	0.03471	0.03952	0.03682	0.03306	0.00252	0.00290	0.01013	0.00131	0.00489	0.00038	0.00170	0.00099	0.00069	0.00181

[dist]
# distance from previous block
# <min> <max>
1	9

[block]
# block no. 5 follows, 246 sequences, length 28
# corresponding to MSA columns:
# 1590-1596,1615-1619,1621,1622,1630-1636,1648,1652-1657
name=unknown_F
#
# <colnr> <probs for GDERKNQSTAVLIFYWHMCP>
#	G	D	E	R	K	N	Q	S	T	A	V	L	I	F	Y	W	H	M	C	P
0	0.02758	0.02725	0.01161	0.03379	0.00946	0.13650	0.02094	0.04736	0.01533	0.03721	0.01517	0.02225	0.01333	0.06192	0.01410	0.00037	0.00132	0.01137	0.00084	0.49231
1	0.01915	0.14491	0.04395	0.01316	0.01753	0.01355	0.00801	0.05445	0.01535	0.09645	0.00460	0.19162	0.07179	0.04943	0.02397	0.00046	0.00822	0.02669	0.00098	0.19572
2	0.02152	0.01023	0.01977	0.02923	0.27560	0.00943	0.00906	0.00270	0.00259	0.00357	0.02937	0.31225	0.04355	0.20682	0.01146	0.00065	0.00120	0.00873	0.00091	0.00136
3	0.03453	0.35741	0.27456	0.00301	0.02153	0.07986	0.00925	0.10025	0.01744	0.00412	0.00235	0.02170	0.00196	0.00137	0.00125	0.00037	0.04787	0.00877	0.00069	0.01171
4	0.00748	0.07395	0.15508	0.14040	0.05779	0.04285	0.08738	0.10492	0.03818	0.06945	0.02273	0.08485	0.00297	0.01281	0.04093	0.00050	0.04445	0.01070	0.00086	0.00172
5	0.00206	0.00140	0.00185	0.00179	0.00194	0.00146	0.01803	0.00227	0.00209	0.03769	0.00408	0.00711	0.02293	0.52600	0.34938	0.01433	0.00209	0.00170	0.00080	0.00101
6	0.00912	0.00271	0.00312	0.00246	0.03244	0.01514	0.01159	0.21311	0.03451	0.02486	0.01024	0.01579	0.00228	0.00126	0.00628	0.00028	0.00114	0.00098	0.00094	0.61174
7	0.00250	0.00199	0.00721	0.08694	0.18286	0.00195	0.01618	0.00965	0.05394	0.06193	0.08515	0.17484	0.17465	0.00255	0.00150	0.00046	0.00500	0.10557	0.00108	0.02405
8	0.08928	0.00271	0.00841	0.06488	0.01727	0.00997	0.00216	0.26890	0.02254	0.42305	0.00397	0.01799	0.00273	0.00156	0.00125	0.00040	0.00123	0.00123	0.03147	0.02902
9	0.00310	0.25411	0.04773	0.00384	0.00466	0.00405	0.31581	0.00375	0.00258	0.00353	0.00209	0.00289	0.00180	0.00154	0.00234	0.00045	0.34235	0.00116	0.00060	0.00163
10	0.00267	0.00266	0.00498	0.26048	0.15462	0.00272	0.33006	0.00354	0.01031	0.00396	0.05147	0.07101	0.04320	0.00167	0.00146	0.00044	0.00167	0.04023	0.01125	0.00160
11	0.00198	0.00139	0.00176	0.00165	0.00201	0.00128	0.00125	0.00260	0.01811	0.03824	0.77229	0.02402	0.12301	0.00273	0.00154	0.00042	0.00065	0.00239	0.00142	0.00127
12	0.00341	0.00271	0.00294	0.00266	0.01259	0.00306	0.00205	0.02244	0.79540	0.07794	0.01960	0.01584	0.01718	0.00184	0.00135	0.00044	0.00104	0.01411	0.00135	0.00204
13	0.00191	0.00137	0.00194	0.00194	0.00210	0.00155	0.00142	0.00221	0.00205	0.00290	0.00365	0.02499	0.00367	0.23333	0.64949	0.04763	0.01451	0.00156	0.00073	0.00105
14	0.00285	0.00266	0.00424	0.39613	0.26856	0.02704	0.05311	0.02721	0.00284	0.01278	0.00283	0.02605	0.00244	0.00177	0.02514	0.00687	0.06269	0.05419	0.01897	0.00163
15	0.00188	0.00138	0.00199	0.00199	0.00219	0.00158	0.00150	0.00227	0.00207	0.00296	0.00362	0.00573	0.00353	0.16864	0.79025	0.00197	0.00314	0.00149	0.00072	0.00111
16	0.00190	0.00140	0.00200	0.00199	0.00217	0.00160	0.00148	0.00226	0.00206	0.00294	0.00361	0.00583	0.00356	0.20601	0.73788	0.00191	0.01806	0.00151	0.00072	0.00110
17	0.00238	0.00187	0.00239	0.02266	0.01352	0.00775	0.02995	0.03797	0.17731	0.02129	0.37883	0.13904	0.05715	0.00265	0.00159	0.00046	0.02316	0.07731	0.00128	0.00145
18	0.93112	0.00253	0.00197	0.00175	0.00256	0.00291	0.00144	0.00394	0.00228	0.03738	0.00194	0.00221	0.00148	0.00123	0.00083	0.00041	0.00102	0.00073	0.00084	0.00145
19	0.00224	0.00196	0.00314	0.52646	0.01666	0.00224	0.02822	0.00295	0.00282	0.00371	0.12304	0.13526	0.03755	0.00216	0.00145	0.00046	0.00137	0.09222	0.01475	0.00135
20	0.00224	0.00194	0.01092	0.00398	0.31640	0.00185	0.02939	0.00269	0.00273	0.00374	0.04393	0.45860	0.05283	0.03010	0.00174	0.01975	0.00110	0.01364	0.00099	0.00142
21	0.00942	0.03825	0.07755	0.02479	0.02490	0.02310	0.01164	0.12140	0.00363	0.48833	0.00419	0.05608	0.00306	0.01525	0.02703	0.00047	0.05495	0.00137	0.01261	0.00197
22	0.00204	0.00139	0.00176	0.00186	0.00205	0.00136	0.00138	0.00240	0.00944	0.02557	0.13517	0.09091	0.02985	0.36655	0.00360	0.00082	0.00110	0.32062	0.00109	0.00107
23	0.00191	0.00136	0.00176	0.01720	0.00198	0.00137	0.02332	0.01619	0.00224	0.00304	0.00495	0.29129	0.00564	0.48887	0.10307	0.00106	0.00137	0.01295	0.01946	0.00098
24	0.02479	0.43206	0.15983	0.03935	0.00426	0.24042	0.03819	0.02454	0.00304	0.01968	0.00210	0.00245	0.00173	0.00123	0.00106	0.00034	0.00176	0.00085	0.00063	0.00169
25	0.11904	0.13492	0.36297	0.00306	0.00442	0.02545	0.02731	0.24817	0.00364	0.04377	0.00256	0.00281	0.00188	0.00138	0.00743	0.00040	0.00161	0.00099	0.00631	0.00191
26	0.00367	0.41271	0.11459	0.04080	0.05270	0.16869	0.09337	0.03887	0.00307	0.03489	0.00221	0.00261	0.00181	0.00125	0.00117	0.00035	0.02391	0.00093	0.00066	0.00174
27	0.00196	0.02487	0.02020	0.00187	0.00206	0.00820	0.00137	0.00225	0.00209	0.00289	0.01330	0.03507	0.00406	0.40019	0.46397	0.00159	0.01061	0.00166	0.00076	0.00104

[dist]
# distance from previous block
# <min> <max>
2	17

[block]
# block no. 6 follows, 246 sequences, length 12
# corresponding to MSA columns:
# 1675-1679,1691-1697
name=unknown_G
#
# <colnr> <probs for GDERKNQSTAVLIFYWHMCP>
#	G	D	E	R	K	N	Q	S	T	A	V	L	I	F	Y	W	H	M	C	P
0	0.00572	0.00238	0.00312	0.00241	0.00342	0.00217	0.00198	0.09230	0.03336	0.83100	0.00499	0.00436	0.00318	0.00162	0.00132	0.00041	0.00114	0.00131	0.00159	0.00223
1	0.00972	0.18157	0.51405	0.02568	0.01237	0.03198	0.01176	0.05110	0.02327	0.02413	0.02868	0.01292	0.00235	0.00169	0.03417	0.00045	0.00877	0.02284	0.00069	0.00181
2	0.00997	0.05232	0.30208	0.08946	0.11305	0.01445	0.13497	0.05244	0.04105	0.06718	0.02896	0.00384	0.00252	0.00144	0.00140	0.00042	0.02876	0.03745	0.00078	0.01747
3	0.02647	0.13699	0.19883	0.01852	0.10479	0.01376	0.04180	0.01333	0.00909	0.01521	0.00281	0.01528	0.00249	0.03864	0.16149	0.00073	0.12155	0.02639	0.05023	0.00159
4	0.00171	0.00120	0.00155	0.00179	0.00186	0.00114	0.00117	0.00188	0.00244	0.00326	0.00672	0.78119	0.00801	0.17632	0.00260	0.00068	0.00087	0.00341	0.00116	0.00104
5	0.04118	0.06259	0.08487	0.02917	0.00362	0.00299	0.02470	0.26982	0.17824	0.01434	0.06828	0.08274	0.03592	0.00204	0.00139	0.00989	0.00124	0.07006	0.01516	0.00177
6	0.00237	0.03777	0.00229	0.00206	0.02337	0.00955	0.01670	0.06131	0.01327	0.02933	0.02489	0.03990	0.00414	0.43172	0.23564	0.04357	0.01148	0.00869	0.00084	0.00113
7	0.03878	0.00228	0.00295	0.00230	0.00325	0.00208	0.00189	0.05857	0.03242	0.76635	0.04939	0.00458	0.00358	0.00166	0.00130	0.00040	0.00109	0.00134	0.02364	0.00213
8	0.00191	0.00136	0.00155	0.00164	0.00169	0.02742	0.00102	0.00197	0.00215	0.00282	0.00496	0.31025	0.00577	0.55421	0.02719	0.04869	0.00119	0.00241	0.00091	0.00090
9	0.01637	0.05003	0.21092	0.17163	0.07912	0.03894	0.07244	0.05769	0.02894	0.03658	0.01913	0.02726	0.00938	0.00241	0.09694	0.00884	0.03726	0.03370	0.00076	0.00167
10	0.02796	0.00345	0.02482	0.12060	0.05134	0.18440	0.07633	0.03473	0.01087	0.00364	0.00263	0.04375	0.01451	0.00210	0.02851	0.00052	0.34177	0.02585	0.00070	0.00152
11	0.00249	0.00135	0.00143	0.00141	0.00175	0.00135	0.00106	0.02955	0.02304	0.02445	0.03017	0.08661	0.02673	0.00187	0.00106	0.00034	0.00068	0.01733	0.74605	0.00127

[dist]
# distance from previous block
# <min> <max>
3	13

[block]
# block no. 7 follows, 246 sequences, length 15
# corresponding to MSA columns:
# 1729-1732,1757-1767
name=unknown_H
#
# <colnr> <probs for GDERKNQSTAVLIFYWHMCP>
#	G	D	E	R	K	N	Q	S	T	A	V	L	I	F	Y	W	H	M	C	P
0	0.03019	0.01006	0.02774	0.20842	0.36905	0.06204	0.01331	0.07012	0.01998	0.09155	0.00281	0.02174	0.00224	0.01005	0.00146	0.00042	0.04223	0.00120	0.00080	0.01459
1	0.00471	0.00591	0.00376	0.00337	0.00404	0.85843	0.02479	0.02154	0.00368	0.00333	0.00238	0.00272	0.02898	0.00143	0.00128	0.00035	0.02615	0.00093	0.00070	0.00152
2	0.00272	0.00277	0.04218	0.22397	0.41693	0.00272	0.08806	0.00349	0.00286	0.00392	0.01681	0.08860	0.06752	0.00169	0.00143	0.00043	0.01444	0.01702	0.00074	0.00171
3	0.00909	0.01141	0.19108	0.42710	0.05501	0.00274	0.04810	0.01438	0.00278	0.03204	0.02507	0.04594	0.05712	0.00173	0.00803	0.01048	0.03840	0.01720	0.00072	0.00157
4	0.00222	0.00179	0.00279	0.16322	0.02993	0.00185	0.07967	0.01321	0.00277	0.03377	0.00594	0.39020	0.06792	0.01095	0.00171	0.00051	0.03022	0.15898	0.00104	0.00130
5	0.00171	0.00138	0.00142	0.00140	0.00184	0.00119	0.00105	0.00215	0.02581	0.01860	0.07790	0.01181	0.79793	0.02031	0.00162	0.00045	0.00069	0.00263	0.02896	0.00116
6	0.00186	0.00122	0.00162	0.00185	0.00201	0.00113	0.00128	0.00212	0.00262	0.05907	0.00734	0.83168	0.04580	0.00392	0.00165	0.00052	0.00079	0.03113	0.00124	0.00114
7	0.01690	0.01977	0.00963	0.03688	0.10606	0.07752	0.07542	0.05444	0.11960	0.01519	0.05377	0.08035	0.19070	0.00244	0.02087	0.01213	0.04725	0.05851	0.00101	0.00154
8	0.00211	0.00170	0.00220	0.00215	0.00237	0.03862	0.00163	0.02124	0.00225	0.00314	0.00358	0.04322	0.00350	0.12347	0.67316	0.00173	0.05812	0.00152	0.01313	0.00117
9	0.00162	0.00115	0.00153	0.00182	0.00190	0.00108	0.00122	0.00184	0.00250	0.00332	0.00720	0.89078	0.03164	0.00421	0.02060	0.02090	0.00082	0.00360	0.00119	0.00106
10	0.00167	0.00136	0.00148	0.00150	0.00188	0.00120	0.00110	0.00215	0.03407	0.00388	0.17584	0.13739	0.62533	0.00326	0.00156	0.00045	0.00068	0.00278	0.00126	0.00116
11	0.00280	0.00229	0.00267	0.00193	0.00305	0.00173	0.00154	0.00339	0.00275	0.03233	0.00249	0.00286	0.00204	0.00101	0.00098	0.00020	0.00096	0.00081	0.03798	0.89618
12	0.00252	0.00157	0.00196	0.00184	0.00227	0.00148	0.00139	0.00329	0.08508	0.14520	0.44036	0.15684	0.11843	0.00274	0.00151	0.00044	0.00077	0.01744	0.01344	0.00142
13	0.00293	0.00286	0.02337	0.40319	0.39209	0.03449	0.03439	0.00371	0.00282	0.02151	0.00260	0.03531	0.00216	0.00141	0.00143	0.01595	0.01614	0.00125	0.00066	0.00172
14	0.00187	0.00134	0.00175	0.00197	0.00221	0.00127	0.00153	0.00226	0.00280	0.01737	0.02197	0.38940	0.15049	0.03120	0.00185	0.00056	0.00094	0.36688	0.00121	0.00114

[dist]
# distance from previous block
# <min> <max>
1	2

[block]
# block no. 8 follows, 246 sequences, length 12
# corresponding to MSA columns:
# 1771-1777,1782-1786
name=unknown_I
#
# <colnr> <probs for GDERKNQSTAVLIFYWHMCP>
#	G	D	E	R	K	N	Q	S	T	A	V	L	I	F	Y	W	H	M	C	P
0	0.01110	0.00201	0.00298	0.16157	0.07012	0.01366	0.07904	0.05578	0.02722	0.01884	0.01511	0.40470	0.06003	0.01111	0.02852	0.00053	0.01315	0.02213	0.00101	0.00139
1	0.85648	0.00253	0.00214	0.01918	0.00275	0.00293	0.01677	0.00386	0.00229	0.02310	0.00196	0.00231	0.00152	0.00127	0.00097	0.00041	0.03449	0.00077	0.02284	0.00144
2	0.00272	0.01410	0.01245	0.02816	0.09929	0.00989	0.12367	0.07953	0.02111	0.02837	0.09992	0.02501	0.16346	0.02699	0.09092	0.01116	0.14871	0.00170	0.01133	0.00151
3	0.00195	0.00148	0.00213	0.02615	0.00260	0.00145	0.04993	0.00240	0.01347	0.01495	0.03264	0.43957	0.05520	0.05497	0.01363	0.00060	0.01025	0.27430	0.00115	0.00118
4	0.00276	0.00227	0.00267	0.00195	0.00306	0.00172	0.00155	0.00333	0.00274	0.03209	0.00264	0.04640	0.00229	0.00113	0.00101	0.00022	0.00097	0.00093	0.00082	0.88944
5	0.02709	0.00323	0.01355	0.04631	0.12726	0.04185	0.03185	0.35228	0.18470	0.07450	0.01466	0.00382	0.01081	0.00172	0.02050	0.00044	0.01645	0.00714	0.00112	0.02072
6	0.00307	0.06325	0.04311	0.05294	0.11700	0.03101	0.09095	0.04224	0.03896	0.06962	0.05741	0.04057	0.05570	0.00175	0.01940	0.00040	0.01994	0.01807	0.00090	0.23372
7	0.04126	0.04610	0.14423	0.07948	0.06431	0.02602	0.07355	0.09035	0.09107	0.19850	0.01968	0.02480	0.00279	0.01370	0.00869	0.04200	0.01406	0.00995	0.00765	0.00182
8	0.00178	0.00122	0.00161	0.00183	0.00196	0.00115	0.00126	0.00207	0.01664	0.02082	0.07485	0.72477	0.03745	0.02451	0.00192	0.04467	0.00080	0.03839	0.00120	0.00109
9	0.00179	0.00125	0.00164	0.01558	0.00209	0.00118	0.00130	0.01449	0.00262	0.02611	0.01960	0.79522	0.03581	0.03352	0.00181	0.00055	0.00082	0.04229	0.00121	0.00112
10	0.02479	0.07019	0.16757	0.09755	0.11762	0.01995	0.09180	0.11735	0.03841	0.12579	0.01239	0.01064	0.02096	0.02857	0.00154	0.00044	0.03264	0.01178	0.00819	0.00184
11	0.00301	0.00982	0.07000	0.18224	0.49286	0.01363	0.06854	0.01148	0.02525	0.01858	0.02542	0.02081	0.01235	0.00154	0.02315	0.00045	0.00868	0.00128	0.00070	0.01023

[dist]
# distance from previous block
# <min> <max>
3	46

[block]
# block no. 9 follows, 246 sequences, length 9
# corresponding to MSA columns:
# 1841-1845,1847-1850
name=unknown_J
#
# <colnr> <probs for GDERKNQSTAVLIFYWHMCP>
#	G	D	E	R	K	N	Q	S	T	A	V	L	I	F	Y	W	H	M	C	P
0	0.00190	0.00133	0.00176	0.00177	0.00189	0.00144	0.00123	0.00215	0.00205	0.00289	0.00394	0.03895	0.00413	0.43046	0.46626	0.00162	0.00233	0.00170	0.03119	0.00100
1	0.10738	0.04413	0.05312	0.03396	0.03077	0.01944	0.02464	0.13694	0.06235	0.21403	0.05963	0.03713	0.04113	0.00217	0.02553	0.05666	0.01479	0.03336	0.00111	0.00173
2	0.09730	0.23687	0.15588	0.04714	0.01755	0.06147	0.00247	0.00398	0.01440	0.05589	0.01627	0.00277	0.00201	0.00121	0.00108	0.00032	0.01308	0.00088	0.00074	0.26870
3	0.00181	0.00133	0.00159	0.00161	0.00184	0.00125	0.00112	0.00223	0.02620	0.00390	0.32838	0.17932	0.17968	0.24070	0.00285	0.00066	0.00084	0.02243	0.00119	0.00109
4	0.02243	0.00192	0.00230	0.03745	0.01562	0.00193	0.00163	0.07675	0.13235	0.12968	0.31539	0.03137	0.17851	0.00237	0.00143	0.00042	0.00089	0.01731	0.02868	0.00156
5	0.00336	0.07722	0.09634	0.11020	0.17391	0.08365	0.13060	0.05323	0.06929	0.07118	0.03251	0.05114	0.01555	0.00154	0.00139	0.00041	0.02449	0.00136	0.00084	0.00179
6	0.04366	0.00237	0.00303	0.00235	0.00334	0.00219	0.00194	0.09276	0.03466	0.76614	0.00484	0.00428	0.00311	0.00161	0.00129	0.00040	0.00113	0.00128	0.02747	0.00217
7	0.00190	0.00137	0.00168	0.00167	0.00199	0.00127	0.00124	0.00246	0.03304	0.02329	0.42278	0.16860	0.22550	0.02247	0.01843	0.00049	0.00076	0.03779	0.03205	0.00121
8	0.01697	0.00274	0.00422	0.35712	0.29003	0.00302	0.03486	0.13980	0.01992	0.03073	0.01816	0.00392	0.04375	0.00144	0.00135	0.00042	0.01330	0.00128	0.01520	0.00178

[dist]
# distance from previous block
# <min> <max>
0	17

[block]
# block no. 10 follows, 246 sequences, length 11
# corresponding to MSA columns:
# 1868-1876,1908,1909
name=unknown_K
#
# <colnr> <probs for GDERKNQSTAVLIFYWHMCP>
#	G	D	E	R	K	N	Q	S	T	A	V	L	I	F	Y	W	H	M	C	P
0	0.03178	0.04787	0.13793	0.12851	0.06258	0.07149	0.08084	0.08890	0.12829	0.03825	0.04244	0.01428	0.04997	0.00168	0.00909	0.00042	0.00151	0.02142	0.04101	0.00174
1	0.91605	0.00252	0.00198	0.00175	0.00258	0.00289	0.00145	0.00398	0.00231	0.05219	0.00199	0.00225	0.00151	0.00124	0.00084	0.00041	0.00102	0.00074	0.00085	0.00146
2	0.00418	0.41260	0.00510	0.02822	0.00387	0.44300	0.00245	0.04898	0.00330	0.00340	0.00199	0.00234	0.00172	0.00129	0.00115	0.00033	0.03300	0.00082	0.00065	0.00162
3	0.00179	0.00128	0.00161	0.00172	0.00197	0.00116	0.00122	0.00214	0.00290	0.02758	0.19743	0.50909	0.19471	0.00352	0.00160	0.00048	0.00074	0.02455	0.00126	0.02326
4	0.07366	0.00262	0.02474	0.28722	0.16510	0.03496	0.05631	0.03095	0.01290	0.07288	0.01522	0.13684	0.00316	0.01174	0.01953	0.00047	0.02433	0.00996	0.00084	0.01658
5	0.05202	0.01976	0.03441	0.06533	0.09835	0.03283	0.06005	0.04668	0.02214	0.14295	0.00476	0.35475	0.00478	0.00255	0.00925	0.01025	0.01199	0.02453	0.00106	0.00156
6	0.00180	0.00127	0.00159	0.00173	0.00182	0.00124	0.00114	0.00198	0.00233	0.00313	0.03304	0.42407	0.03034	0.36612	0.09724	0.00097	0.00125	0.02692	0.00103	0.00100
7	0.03845	0.39469	0.05045	0.07860	0.02303	0.26852	0.01469	0.02419	0.03661	0.01645	0.01400	0.01342	0.00211	0.00136	0.00112	0.00035	0.00980	0.00980	0.00070	0.00167
8	0.01409	0.06977	0.22124	0.09840	0.07397	0.07825	0.09210	0.05069	0.01724	0.10435	0.07223	0.01641	0.01456	0.00164	0.00798	0.00043	0.02532	0.02522	0.01435	0.00178
9	0.01503	0.01193	0.04969	0.01463	0.00342	0.00221	0.02040	0.04725	0.06428	0.56402	0.06642	0.02217	0.02632	0.00196	0.02220	0.00046	0.02518	0.00145	0.03898	0.00200
10	0.00180	0.00133	0.00182	0.00210	0.01907	0.00125	0.01585	0.00212	0.00269	0.00358	0.04440	0.66521	0.02964	0.03311	0.00185	0.00056	0.00090	0.17038	0.00121	0.00114

[dist]
# distance from previous block
# <min> <max>
0	6

[block]
# block no. 11 follows, 246 sequences, length 13
# corresponding to MSA columns:
# 1919-1926,1933-1935,1937,1938
name=unknown_L
#
# <colnr> <probs for GDERKNQSTAVLIFYWHMCP>
#	G	D	E	R	K	N	Q	S	T	A	V	L	I	F	Y	W	H	M	C	P
0	0.04832	0.10308	0.06369	0.15225	0.12141	0.01917	0.02110	0.07750	0.16670	0.08555	0.02212	0.02699	0.02012	0.00725	0.00132	0.00041	0.00946	0.01305	0.01380	0.02670
1	0.00264	0.02705	0.02321	0.20866	0.05898	0.01926	0.10753	0.02226	0.01063	0.04190	0.01535	0.04781	0.02278	0.29684	0.03014	0.04523	0.01602	0.00161	0.00079	0.00133
2	0.00190	0.00139	0.00182	0.00218	0.07565	0.00135	0.00128	0.00207	0.00230	0.00311	0.00547	0.45022	0.00638	0.40909	0.02903	0.00088	0.00113	0.00270	0.00099	0.00105
3	0.00200	0.00149	0.00184	0.07595	0.00255	0.00140	0.00141	0.00248	0.01759	0.04330	0.26338	0.09108	0.39472	0.03186	0.01815	0.01153	0.00088	0.03594	0.00123	0.00124
4	0.02783	0.07269	0.13559	0.19063	0.16231	0.02273	0.08947	0.05376	0.02174	0.03566	0.01582	0.08342	0.02576	0.00178	0.01782	0.00046	0.03198	0.00142	0.00740	0.00172
5	0.00278	0.00931	0.00293	0.09030	0.06274	0.02174	0.06011	0.08145	0.03449	0.05508	0.02031	0.20984	0.01265	0.04147	0.04165	0.03290	0.05386	0.02823	0.13671	0.00144
6	0.64090	0.07768	0.01683	0.04563	0.01673	0.12665	0.00187	0.03563	0.00266	0.02260	0.00200	0.00232	0.00157	0.00125	0.00093	0.00039	0.00129	0.00079	0.00079	0.00152
7	0.00227	0.00176	0.00199	0.00190	0.00235	0.00178	0.00143	0.03261	0.23797	0.02142	0.26175	0.15458	0.25048	0.00277	0.00149	0.00044	0.00079	0.00239	0.01840	0.00143
8	0.07722	0.00147	0.00195	0.01461	0.00219	0.00166	0.00142	0.00232	0.00204	0.00309	0.00343	0.02350	0.00344	0.22882	0.51350	0.09427	0.02182	0.00148	0.00073	0.00105
9	0.01317	0.00129	0.00158	0.00179	0.00190	0.01815	0.00120	0.00195	0.00247	0.00329	0.02388	0.70010	0.04598	0.10930	0.03982	0.02779	0.00096	0.00321	0.00112	0.00104
10	0.00287	0.00187	0.00213	0.00194	0.00250	0.01931	0.00150	0.02085	0.15980	0.18761	0.14412	0.10053	0.31099	0.01187	0.00153	0.00045	0.00088	0.02639	0.00134	0.00153
11	0.00174	0.00126	0.00165	0.00179	0.00199	0.00120	0.00129	0.00209	0.00279	0.00374	0.19793	0.42365	0.12967	0.03094	0.07605	0.03029	0.00100	0.08864	0.00119	0.00110
12	0.00286	0.04306	0.76813	0.00376	0.01968	0.07716	0.04309	0.00420	0.00287	0.00406	0.01809	0.00287	0.00186	0.00127	0.00124	0.00040	0.00193	0.00100	0.00058	0.00188

[dist]
# distance from previous block
# <min> <max>
0	1

[block]
# block no. 12 follows, 246 sequences, length 17
# corresponding to MSA columns:
# 1940-1942,1944,1946-1958
name=unknown_M
#
# <colnr> <probs for GDERKNQSTAVLIFYWHMCP>
#	G	D	E	R	K	N	Q	S	T	A	V	L	I	F	Y	W	H	M	C	P
0	0.00302	0.00168	0.00221	0.04925	0.00279	0.00163	0.00162	0.05678	0.02428	0.24047	0.06395	0.46076	0.00644	0.00292	0.00150	0.00047	0.00094	0.03038	0.04742	0.00149
1	0.00290	0.00320	0.11371	0.47655	0.24912	0.00310	0.04259	0.06960	0.00299	0.00406	0.00243	0.00331	0.00187	0.00129	0.00136	0.00042	0.01794	0.00116	0.00065	0.00174
2	0.01041	0.06177	0.19101	0.00252	0.02513	0.02057	0.01062	0.02444	0.06862	0.09676	0.04401	0.17624	0.13868	0.03168	0.01240	0.00048	0.00123	0.04709	0.00104	0.03531
3	0.05177	0.00166	0.00215	0.00199	0.00243	0.00868	0.07410	0.01035	0.03116	0.02788	0.16916	0.21905	0.34897	0.00305	0.01017	0.00047	0.00812	0.02638	0.00119	0.00126
4	0.00296	0.00177	0.00210	0.00189	0.00240	0.00176	0.00146	0.03401	0.16089	0.16026	0.31247	0.07669	0.01919	0.00218	0.00134	0.00040	0.00081	0.00186	0.21399	0.00156
5	0.00188	0.00139	0.00192	0.00198	0.01012	0.00143	0.01211	0.00232	0.01407	0.01807	0.10137	0.26062	0.09410	0.06089	0.38218	0.00118	0.00192	0.03029	0.00101	0.00116
6	0.00260	0.00242	0.00407	0.75668	0.01999	0.00288	0.07403	0.04074	0.01401	0.00367	0.00270	0.05078	0.00219	0.00145	0.00134	0.00044	0.00169	0.00133	0.01550	0.00150
7	0.09348	0.00390	0.00362	0.19513	0.05168	0.33557	0.03645	0.07604	0.10623	0.01954	0.04259	0.00354	0.00257	0.00147	0.00124	0.00039	0.00173	0.01406	0.00912	0.00164
8	0.00167	0.00117	0.00155	0.00182	0.00192	0.00109	0.00123	0.00192	0.00257	0.01418	0.03648	0.85786	0.02422	0.02544	0.00178	0.00054	0.00078	0.02147	0.00122	0.00108
9	0.00191	0.00129	0.00152	0.00156	0.00166	0.00125	0.00098	0.00210	0.01012	0.01744	0.08763	0.18771	0.06497	0.56164	0.01139	0.00095	0.00107	0.01731	0.02654	0.00096
10	0.00302	0.00284	0.00475	0.23879	0.60517	0.01326	0.02610	0.00381	0.00294	0.01892	0.04941	0.00368	0.00254	0.00143	0.01750	0.00043	0.00161	0.00124	0.00069	0.00186
11	0.00294	0.00281	0.00469	0.21010	0.61485	0.01505	0.02186	0.00369	0.00286	0.00397	0.00286	0.09003	0.00260	0.00148	0.00138	0.00042	0.01448	0.00140	0.00069	0.00183
12	0.00223	0.00160	0.00199	0.04898	0.00251	0.00157	0.00144	0.01819	0.09156	0.05396	0.54451	0.03550	0.16590	0.00258	0.00149	0.00042	0.00077	0.00224	0.02119	0.00137
13	0.02149	0.00159	0.00220	0.00208	0.01021	0.00173	0.00870	0.03362	0.02144	0.06753	0.01656	0.00469	0.00299	0.04709	0.28888	0.35504	0.05447	0.01052	0.04810	0.00109
14	0.00790	0.02236	0.02190	0.02996	0.03839	0.02811	0.00756	0.02352	0.01876	0.06154	0.06316	0.39565	0.18615	0.02409	0.01226	0.00051	0.01860	0.03222	0.00604	0.00131
15	0.00235	0.00168	0.00833	0.00186	0.00231	0.00157	0.00865	0.08462	0.04068	0.07409	0.06737	0.23437	0.36981	0.01594	0.00160	0.00047	0.00086	0.06020	0.02189	0.00134
16	0.06704	0.00269	0.03309	0.03343	0.04850	0.08733	0.11227	0.08714	0.00887	0.02115	0.07013	0.20658	0.02775	0.01654	0.02474	0.01620	0.05324	0.07321	0.00861	0.00147

[dist]
# distance from previous block
# <min> <max>
2	9

[block]
# block no. 13 follows, 246 sequences, length 13
# corresponding to MSA columns:
# 1990-2002
name=unknown_N
#
# <colnr> <probs for GDERKNQSTAVLIFYWHMCP>
#	G	D	E	R	K	N	Q	S	T	A	V	L	I	F	Y	W	H	M	C	P
0	0.00350	0.00311	0.00362	0.00316	0.02379	0.08546	0.00251	0.09453	0.18075	0.07060	0.01880	0.00358	0.00256	0.01726	0.01171	0.00051	0.44933	0.00123	0.00090	0.02308
1	0.00278	0.00289	0.00561	0.30230	0.10009	0.00300	0.43415	0.00369	0.00288	0.00387	0.01661	0.04092	0.02311	0.00145	0.00156	0.00045	0.03525	0.01708	0.00069	0.00163
2	0.00170	0.00134	0.00168	0.00173	0.00203	0.00121	0.02565	0.00207	0.00291	0.00374	0.14904	0.31997	0.37368	0.03855	0.00180	0.00051	0.00079	0.06927	0.00122	0.00113
3	0.00315	0.04182	0.04222	0.05474	0.12342	0.01744	0.03378	0.13146	0.00322	0.00465	0.00248	0.01334	0.00203	0.00121	0.00124	0.00030	0.03682	0.00098	0.00080	0.48492
4	0.00169	0.00128	0.00157	0.00172	0.00196	0.00119	0.00124	0.00206	0.01448	0.00362	0.09568	0.44289	0.27564	0.03410	0.03902	0.00059	0.00088	0.07807	0.00121	0.00111
5	0.04557	0.17714	0.18202	0.05005	0.02668	0.01467	0.11101	0.16679	0.01885	0.12415	0.02437	0.00333	0.01150	0.00140	0.00130	0.00039	0.02694	0.00113	0.00089	0.01181
6	0.00359	0.07625	0.00335	0.01290	0.06041	0.02042	0.04476	0.07577	0.06261	0.24249	0.13316	0.05997	0.04000	0.01222	0.01530	0.01314	0.03208	0.05199	0.01285	0.02672
7	0.00185	0.00128	0.00149	0.00154	0.00162	0.00125	0.00096	0.00196	0.00220	0.00292	0.04549	0.13026	0.08157	0.65431	0.02251	0.00106	0.00117	0.04475	0.00093	0.00090
8	0.00269	0.00256	0.05617	0.08632	0.04062	0.01338	0.17793	0.02391	0.05711	0.05169	0.15793	0.18475	0.00523	0.01083	0.00184	0.00794	0.09393	0.02265	0.00099	0.00153
9	0.01707	0.06322	0.02711	0.08420	0.11763	0.01676	0.05362	0.03865	0.11560	0.15824	0.13878	0.05425	0.02618	0.02760	0.01674	0.00046	0.00989	0.00633	0.02596	0.00172
10	0.02498	0.00222	0.00292	0.00230	0.00322	0.00201	0.00188	0.05553	0.01852	0.75349	0.05292	0.03115	0.01429	0.00197	0.02595	0.00045	0.00115	0.00144	0.00154	0.00209
11	0.00190	0.00126	0.00166	0.00185	0.00202	0.00118	0.00129	0.00220	0.01207	0.05004	0.03132	0.72463	0.03472	0.02307	0.03607	0.01743	0.00090	0.03151	0.01629	0.00860
12	0.00329	0.01368	0.07272	0.17019	0.30517	0.05334	0.10764	0.08272	0.04735	0.04110	0.01637	0.01587	0.01073	0.00155	0.01904	0.00044	0.02223	0.00126	0.01346	0.00183

[dist]
# distance from previous block
# <min> <max>
4	44

[block]
# block no. 14 follows, 246 sequences, length 6
# corresponding to MSA columns:
# 2071-2076
name=unknown_O
#
# <colnr> <probs for GDERKNQSTAVLIFYWHMCP>
#	G	D	E	R	K	N	Q	S	T	A	V	L	I	F	Y	W	H	M	C	P
0	0.04620	0.40556	0.11483	0.02853	0.02260	0.01849	0.03229	0.03080	0.03242	0.09858	0.02012	0.00300	0.00222	0.00156	0.02282	0.02365	0.02132	0.00096	0.01263	0.06142
1	0.00236	0.02563	0.04901	0.00218	0.02201	0.02349	0.00177	0.01692	0.04757	0.05313	0.31227	0.07144	0.14792	0.00292	0.02860	0.00050	0.02030	0.15665	0.01396	0.00138
