[name]
unknown

[dist]
# distance from previous block
# <min> <max>
1	224

[block]
# block no. 0 follows, 333 sequences, length 22
# corresponding to MSA columns:
# 240-256,280-284
name=unknown_A
#
# <colnr> <probs for GDERKNQSTAVLIFYWHMCP>
#	G	D	E	R	K	N	Q	S	T	A	V	L	I	F	Y	W	H	M	C	P
0	0.02609	0.00189	0.00209	0.01509	0.01488	0.01631	0.00664	0.22235	0.29049	0.04379	0.21584	0.03135	0.09046	0.00161	0.00108	0.01067	0.00079	0.00628	0.00098	0.00133
1	0.17489	0.00390	0.00255	0.00236	0.02621	0.66867	0.00176	0.02345	0.06751	0.01757	0.00173	0.00193	0.00139	0.00103	0.00086	0.00027	0.00149	0.00067	0.00058	0.00119
2	0.00244	0.00272	0.00526	0.03499	0.04550	0.07056	0.76865	0.01279	0.01429	0.01333	0.00204	0.01232	0.00158	0.00749	0.00115	0.00033	0.00160	0.00112	0.00052	0.00132
3	0.01497	0.00140	0.00190	0.01262	0.23848	0.00783	0.01168	0.00196	0.00231	0.00302	0.14721	0.02156	0.49789	0.01415	0.00116	0.00033	0.00071	0.01896	0.00082	0.00104
4	0.00207	0.00194	0.00319	0.55226	0.27654	0.00220	0.02162	0.01200	0.05596	0.00289	0.00919	0.02126	0.01252	0.00104	0.00099	0.00032	0.00121	0.00095	0.00051	0.02132
5	0.00128	0.00094	0.00127	0.00146	0.00152	0.00094	0.00101	0.00146	0.00188	0.00253	0.00518	0.85964	0.00618	0.01660	0.00143	0.00041	0.05204	0.04254	0.00089	0.00082
6	0.00246	0.00212	0.00223	0.00201	0.00257	0.00246	0.00156	0.00525	0.95731	0.00413	0.00402	0.00369	0.00302	0.00134	0.00101	0.00034	0.00078	0.00112	0.00101	0.00156
7	0.00369	0.00471	0.00280	0.00255	0.00306	0.96129	0.00191	0.00395	0.00280	0.00242	0.00153	0.00178	0.00127	0.00102	0.00089	0.00025	0.00178	0.00064	0.00051	0.00115
8	0.00137	0.00101	0.00128	0.00122	0.00146	0.00092	0.00091	0.00181	0.00273	0.00381	0.84754	0.00763	0.12045	0.00208	0.00117	0.00031	0.00047	0.00182	0.00107	0.00092
9	0.00409	0.00209	0.00253	0.00195	0.00271	0.00207	0.00161	0.36101	0.02417	0.56552	0.01970	0.00307	0.00229	0.00123	0.00100	0.00030	0.00093	0.00097	0.00113	0.00167
10	0.00139	0.00105	0.00128	0.00125	0.00151	0.00097	0.00093	0.00187	0.04493	0.01214	0.51079	0.13337	0.24887	0.00234	0.01602	0.00035	0.00055	0.01846	0.00101	0.00092
11	0.00139	0.00101	0.00131	0.00123	0.00147	0.00093	0.00093	0.00185	0.00278	0.00392	0.92395	0.00746	0.04399	0.00204	0.00117	0.00031	0.00047	0.00180	0.00108	0.00093
12	0.00190	0.00179	0.00302	0.91530	0.05416	0.00220	0.00276	0.00255	0.00199	0.00256	0.00176	0.00263	0.00133	0.00098	0.00099	0.00033	0.00131	0.00088	0.00044	0.00112
13	0.00140	0.00101	0.00138	0.00151	0.00166	0.00098	0.01640	0.00169	0.00882	0.01810	0.03342	0.52911	0.05824	0.05250	0.04256	0.00048	0.00747	0.22154	0.00088	0.00086
14	0.00239	0.00231	0.00388	0.11032	0.80502	0.01147	0.01769	0.00301	0.01632	0.00315	0.00187	0.00248	0.00155	0.00091	0.00101	0.00030	0.01345	0.00089	0.00049	0.00150
15	0.00241	0.00227	0.00376	0.15774	0.75328	0.01136	0.00291	0.02049	0.01974	0.01378	0.00191	0.00250	0.00156	0.00092	0.00098	0.00030	0.00119	0.00088	0.00051	0.00149
16	0.58524	0.00209	0.01157	0.02489	0.03663	0.05247	0.00141	0.02464	0.02739	0.09845	0.00181	0.00207	0.00139	0.00734	0.01318	0.00033	0.08769	0.00068	0.01953	0.00118
17	0.77406	0.00198	0.00193	0.00216	0.17261	0.00222	0.00143	0.00298	0.00181	0.02914	0.00153	0.00180	0.00119	0.00092	0.00069	0.00030	0.00084	0.00061	0.00061	0.00117
18	0.00240	0.00221	0.00357	0.00501	0.71201	0.01986	0.03407	0.02357	0.01827	0.02818	0.00266	0.01290	0.06512	0.00119	0.01323	0.00032	0.01082	0.03284	0.01030	0.00146
19	0.00188	0.00178	0.00305	0.93485	0.00676	0.00220	0.03061	0.00254	0.00199	0.00254	0.00176	0.00264	0.00132	0.00098	0.00099	0.00033	0.00133	0.00089	0.00044	0.00110
20	0.00143	0.00096	0.00110	0.00111	0.00112	0.00097	0.00063	0.00145	0.00145	0.00194	0.00313	0.02202	0.00359	0.90368	0.05073	0.00098	0.00103	0.00144	0.00060	0.00062
21	0.00198	0.00511	0.96014	0.00282	0.00428	0.00230	0.00365	0.00313	0.00209	0.00313	0.00177	0.00209	0.00125	0.00094	0.00094	0.00031	0.00146	0.00073	0.00042	0.00146

[dist]
# distance from previous block
# <min> <max>
0	13

[block]
# block no. 1 follows, 333 sequences, length 14
# corresponding to MSA columns:
# 298-311
name=unknown_B
#
# <colnr> <probs for GDERKNQSTAVLIFYWHMCP>
#	G	D	E	R	K	N	Q	S	T	A	V	L	I	F	Y	W	H	M	C	P
0	0.00120	0.00099	0.00105	0.00106	0.00136	0.00084	0.00079	0.00147	0.00229	0.00281	0.12500	0.09389	0.75884	0.00250	0.00118	0.00034	0.00050	0.00211	0.00094	0.00084
1	0.00435	0.00168	0.00228	0.00175	0.00252	0.00145	0.00144	0.00473	0.00280	0.92483	0.00382	0.00332	0.00241	0.00121	0.00098	0.00030	0.00084	0.00098	0.00120	0.03711
2	0.00201	0.00101	0.00104	0.00100	0.00127	0.00101	0.00076	0.02945	0.00218	0.04679	0.00323	0.00363	0.00251	0.00116	0.00071	0.00024	0.00050	0.00092	0.89962	0.00098
3	0.00141	0.00105	0.00156	0.00156	0.00173	0.00122	0.00121	0.00175	0.00158	0.00228	0.00267	0.00401	0.00252	0.05264	0.91619	0.00156	0.00257	0.00108	0.00053	0.00087
4	0.00242	0.00230	0.00372	0.06403	0.74313	0.01604	0.01658	0.02903	0.00229	0.00325	0.00185	0.00241	0.00154	0.00088	0.00095	0.00028	0.00115	0.00085	0.00051	0.10680
5	0.00364	0.00462	0.00281	0.00255	0.00304	0.92610	0.00192	0.00389	0.00275	0.00242	0.00152	0.00180	0.00127	0.00104	0.00098	0.00026	0.03710	0.00064	0.00051	0.00114
6	0.00241	0.00228	0.00380	0.00564	0.86123	0.00230	0.00288	0.00313	0.06034	0.00327	0.00213	0.00288	0.00182	0.00099	0.00100	0.00030	0.00114	0.04035	0.00054	0.00154
7	0.00149	0.00106	0.00141	0.04864	0.00176	0.00100	0.00103	0.00195	0.00271	0.03024	0.82249	0.04213	0.03630	0.00200	0.00116	0.00032	0.00052	0.00177	0.00105	0.00095
8	0.02127	0.00135	0.00200	0.03698	0.02156	0.00133	0.10617	0.04035	0.03283	0.01760	0.17682	0.32539	0.05858	0.01619	0.00125	0.00038	0.00080	0.13729	0.00087	0.00100
9	0.16047	0.05623	0.29494	0.00225	0.00320	0.05868	0.01241	0.32088	0.01351	0.05434	0.00201	0.00215	0.00145	0.00103	0.00089	0.00030	0.00117	0.00076	0.00070	0.01264
10	0.00177	0.00110	0.00143	0.00141	0.00146	0.04828	0.00098	0.00151	0.00141	0.00185	0.00187	0.00315	0.00185	0.03156	0.13806	0.74200	0.01841	0.00089	0.00045	0.00054
11	0.04969	0.00176	0.00288	0.87364	0.03002	0.00218	0.00263	0.00253	0.00196	0.00262	0.00174	0.00259	0.00132	0.00103	0.00102	0.01870	0.00128	0.00086	0.00045	0.00110
12	0.00334	0.02616	0.09849	0.01153	0.02166	0.24166	0.01994	0.42204	0.06892	0.04381	0.00227	0.00857	0.00171	0.00830	0.00101	0.00030	0.01063	0.00744	0.00078	0.00147
13	0.60321	0.01177	0.00238	0.03865	0.16128	0.07373	0.06308	0.01987	0.00197	0.00392	0.00158	0.01184	0.00127	0.00094	0.00076	0.00030	0.00099	0.00068	0.00058	0.00119

[dist]
# distance from previous block
# <min> <max>
1	18

[block]
# block no. 2 follows, 333 sequences, length 19
# corresponding to MSA columns:
# 331-335,337-346,348-351
name=unknown_C
#
# <colnr> <probs for GDERKNQSTAVLIFYWHMCP>
#	G	D	E	R	K	N	Q	S	T	A	V	L	I	F	Y	W	H	M	C	P
0	0.00204	0.01857	0.81332	0.00305	0.07869	0.00231	0.03133	0.00314	0.01982	0.00314	0.00193	0.00225	0.01409	0.00096	0.00095	0.00031	0.00141	0.00078	0.00044	0.00146
1	0.01127	0.00893	0.00306	0.02414	0.40886	0.00233	0.01141	0.02843	0.39532	0.01174	0.00276	0.00292	0.00215	0.00107	0.00097	0.00030	0.00097	0.00095	0.00073	0.08169
2	0.00263	0.77291	0.01803	0.00174	0.00252	0.09550	0.00167	0.01475	0.00214	0.00242	0.00208	0.00224	0.07596	0.00100	0.00071	0.00023	0.00109	0.00067	0.00048	0.00123
3	0.00122	0.00092	0.00115	0.00129	0.00144	0.00086	0.00090	0.00144	0.00198	0.00257	0.02176	0.57732	0.27278	0.01780	0.07619	0.00048	0.00072	0.01747	0.00089	0.00082
4	0.02127	0.73833	0.01850	0.00197	0.00282	0.03614	0.07614	0.08974	0.00230	0.00280	0.00152	0.00176	0.00132	0.00088	0.00072	0.00023	0.00113	0.00062	0.00049	0.00131
5	0.00244	0.08774	0.60027	0.00291	0.07835	0.19419	0.00306	0.01464	0.00227	0.00296	0.00170	0.00201	0.00129	0.00095	0.00091	0.00029	0.00146	0.00071	0.00045	0.00139
6	0.00139	0.00101	0.00133	0.00126	0.00149	0.00095	0.00095	0.00184	0.00268	0.00378	0.84168	0.00721	0.05115	0.00246	0.07607	0.00041	0.00064	0.00174	0.00104	0.00092
7	0.00124	0.00089	0.00114	0.00132	0.00141	0.00083	0.00089	0.00142	0.00192	0.00255	0.03267	0.76598	0.07590	0.07805	0.00154	0.00044	0.00060	0.01870	0.01173	0.00080
8	0.00233	0.00267	0.00583	0.00417	0.00517	0.00250	0.95551	0.00317	0.00233	0.00317	0.00200	0.00267	0.00150	0.00083	0.00117	0.00033	0.00167	0.00117	0.00050	0.00133
9	0.00209	0.00168	0.00177	0.00158	0.00207	0.00176	0.00124	0.16224	0.31882	0.01669	0.02637	0.00630	0.43049	0.00188	0.00109	0.00033	0.00070	0.02070	0.00097	0.00123
10	0.00885	0.17438	0.09499	0.01512	0.00927	0.05195	0.05663	0.07251	0.03259	0.02874	0.00173	0.00217	0.00145	0.00128	0.01546	0.00033	0.30571	0.00078	0.00054	0.12552
11	0.01758	0.00949	0.02454	0.03350	0.04300	0.18087	0.09953	0.18525	0.33330	0.02393	0.01721	0.00295	0.01105	0.00118	0.00100	0.00031	0.00619	0.00689	0.00080	0.00144
12	0.00134	0.00101	0.00124	0.00119	0.00144	0.00091	0.00089	0.00175	0.00265	0.00362	0.70940	0.02650	0.24013	0.00216	0.00117	0.00032	0.00048	0.00188	0.00104	0.00091
13	0.00143	0.00097	0.00114	0.00114	0.00116	0.00099	0.00068	0.00148	0.00146	0.00196	0.00306	0.00616	0.00346	0.85033	0.11978	0.00103	0.00116	0.00139	0.00059	0.00063
14	0.00215	0.00176	0.03766	0.00176	0.00219	0.01035	0.00854	0.16043	0.22156	0.03775	0.17080	0.22095	0.05995	0.00195	0.00113	0.00034	0.00685	0.05170	0.00096	0.00122
15	0.00370	0.00459	0.00281	0.00253	0.00306	0.89984	0.00191	0.06500	0.00292	0.00266	0.00158	0.00182	0.00130	0.00103	0.00090	0.00026	0.00174	0.00065	0.00054	0.00118
16	0.00148	0.00104	0.00136	0.00127	0.00152	0.00097	0.00095	0.00199	0.02112	0.02228	0.92197	0.00724	0.00907	0.00199	0.00116	0.00031	0.00048	0.00176	0.00109	0.00096
17	0.02536	0.00275	0.00290	0.00224	0.00302	0.01716	0.00184	0.88228	0.02493	0.00603	0.00236	0.00237	0.00169	0.00117	0.00097	0.00029	0.00108	0.00088	0.00097	0.01972
18	0.00243	0.00233	0.00398	0.03566	0.92964	0.00234	0.00302	0.00302	0.00224	0.00321	0.00186	0.00245	0.00156	0.00088	0.00098	0.00029	0.00118	0.00088	0.00049	0.00155

[dist]
# distance from previous block
# <min> <max>
0	6

[block]
# block no. 3 follows, 333 sequences, length 15
# corresponding to MSA columns:
# 358-372
name=unknown_D
#
# <colnr> <probs for GDERKNQSTAVLIFYWHMCP>
#	G	D	E	R	K	N	Q	S	T	A	V	L	I	F	Y	W	H	M	C	P
0	0.93665	0.00190	0.00148	0.00132	0.00193	0.00219	0.00108	0.00298	0.00172	0.03957	0.00147	0.00167	0.00112	0.00093	0.00063	0.00031	0.00077	0.00055	0.00063	0.00109
1	0.00233	0.00269	0.14479	0.01774	0.06269	0.00220	0.49429	0.01462	0.03637	0.07353	0.06276	0.01777	0.03549	0.00111	0.00114	0.00033	0.01741	0.01078	0.00062	0.00134
2	0.01176	0.00126	0.00156	0.02113	0.00183	0.00964	0.01389	0.01222	0.13873	0.02838	0.44002	0.17132	0.03365	0.06728	0.02097	0.00040	0.00068	0.02330	0.00096	0.00101
3	0.00427	0.00170	0.00227	0.00175	0.00250	0.00149	0.00144	0.02878	0.01709	0.87866	0.01620	0.00338	0.00251	0.00122	0.00099	0.00030	0.00083	0.00099	0.01398	0.01963
4	0.00258	0.00241	0.00323	0.03951	0.49123	0.08772	0.00232	0.09167	0.02201	0.01323	0.00193	0.00235	0.00157	0.00091	0.00091	0.00026	0.00110	0.00080	0.01378	0.22046
5	0.01149	0.01751	0.01013	0.02465	0.43035	0.05561	0.05364	0.14038	0.08211	0.09415	0.02410	0.00287	0.00201	0.00109	0.00105	0.00031	0.02553	0.02082	0.00069	0.00150
6	0.03126	0.18849	0.35179	0.00281	0.11593	0.02471	0.06441	0.03573	0.01054	0.13187	0.00205	0.00228	0.00152	0.00097	0.00092	0.00029	0.01298	0.00078	0.01925	0.00143
7	0.00252	0.76501	0.13281	0.00191	0.00282	0.01404	0.02695	0.00300	0.01542	0.00250	0.01143	0.01480	0.00145	0.00091	0.00071	0.00023	0.00112	0.00063	0.00045	0.00129
8	0.00127	0.00088	0.00116	0.00135	0.00144	0.00083	0.00093	0.00144	0.00190	0.00254	0.00542	0.76989	0.06622	0.00305	0.01339	0.05304	0.00062	0.04181	0.03201	0.00079
9	0.01113	0.00872	0.04577	0.02640	0.15200	0.01605	0.09898	0.04391	0.06765	0.09483	0.15806	0.06197	0.10838	0.00592	0.00114	0.00033	0.01565	0.07668	0.00519	0.00123
10	0.00260	0.01886	0.02207	0.09175	0.61527	0.01880	0.03368	0.02858	0.01466	0.09662	0.01927	0.00271	0.00181	0.00099	0.00103	0.00030	0.01896	0.00995	0.00059	0.00149
11	0.00372	0.01163	0.00211	0.00164	0.00230	0.00149	0.00134	0.07355	0.01485	0.66154	0.07038	0.00387	0.04626	0.00132	0.00098	0.00030	0.00078	0.00108	0.09935	0.00151
12	0.00145	0.00096	0.00110	0.00110	0.00110	0.00096	0.00063	0.00144	0.00143	0.00192	0.00304	0.00626	0.00349	0.90014	0.02938	0.04201	0.00100	0.00140	0.00059	0.00060
13	0.57830	0.02740	0.01339	0.00234	0.16272	0.04511	0.03974	0.01932	0.00198	0.03529	0.00162	0.00190	0.00127	0.00091	0.00074	0.00029	0.00094	0.00065	0.00060	0.06549
14	0.03458	0.03129	0.01125	0.00725	0.07473	0.01266	0.00862	0.06579	0.55110	0.04507	0.06257	0.01713	0.01177	0.00133	0.00101	0.00032	0.01127	0.01372	0.00091	0.03765

[dist]
# distance from previous block
# <min> <max>
5	40

[block]
# block no. 4 follows, 333 sequences, length 53
# corresponding to MSA columns:
# 413,414,449-452,454,465-468,470-473,490-527
name=unknown_E
#
# <colnr> <probs for GDERKNQSTAVLIFYWHMCP>
#	G	D	E	R	K	N	Q	S	T	A	V	L	I	F	Y	W	H	M	C	P
0	0.00197	0.01877	0.57113	0.02800	0.03134	0.00213	0.15783	0.00291	0.01826	0.00859	0.01160	0.08372	0.03959	0.00125	0.00749	0.00033	0.00134	0.01187	0.00052	0.00134
1	0.00117	0.00100	0.00101	0.00101	0.00134	0.00084	0.00076	0.00142	0.00226	0.00269	0.02456	0.02384	0.92975	0.00250	0.00117	0.00033	0.00050	0.00209	0.00092	0.00084
2	0.00121	0.00087	0.00115	0.00137	0.00144	0.00081	0.00092	0.00138	0.00190	0.00253	0.00555	0.93462	0.02869	0.00308	0.00126	0.00040	0.00057	0.01053	0.00092	0.00080
3	0.00728	0.10467	0.17055	0.03589	0.29202	0.07692	0.04089	0.04625	0.06063	0.14094	0.00226	0.00654	0.00172	0.00101	0.00094	0.00029	0.00120	0.00789	0.00064	0.00147
4	0.01249	0.00242	0.01063	0.02434	0.85364	0.03415	0.00992	0.00913	0.00226	0.00320	0.00187	0.01209	0.00159	0.00093	0.00101	0.00030	0.01715	0.00089	0.00050	0.00152
5	0.97224	0.00191	0.00145	0.00130	0.00191	0.00222	0.00107	0.00291	0.00168	0.00443	0.00138	0.00161	0.00107	0.00092	0.00061	0.00031	0.00076	0.00054	0.00061	0.00107
6	0.00205	0.09107	0.84367	0.00274	0.00413	0.00245	0.02494	0.00314	0.01147	0.00307	0.00177	0.00207	0.00128	0.00093	0.00092	0.00030	0.00142	0.00073	0.00043	0.00144
7	0.00128	0.00096	0.00660	0.00142	0.00155	0.00089	0.01479	0.00152	0.00201	0.00268	0.09365	0.68931	0.05592	0.02528	0.03233	0.00044	0.00068	0.06695	0.00090	0.00083
8	0.00233	0.00266	0.00577	0.00413	0.00511	0.00251	0.93518	0.00315	0.00232	0.00315	0.00198	0.00266	0.00150	0.00085	0.00121	0.00034	0.02217	0.00116	0.00050	0.00133
9	0.00140	0.00102	0.00132	0.00124	0.00149	0.00093	0.00093	0.00184	0.00272	0.00383	0.86514	0.02201	0.05342	0.00205	0.00120	0.01454	0.00048	0.00178	0.00106	0.02161
10	0.33064	0.00243	0.00237	0.00190	0.00262	0.03621	0.00156	0.49533	0.01462	0.10006	0.00218	0.00221	0.00155	0.00110	0.00086	0.00030	0.00097	0.00077	0.00087	0.00145
11	0.11464	0.32353	0.47215	0.00222	0.00333	0.00280	0.00956	0.01023	0.01096	0.03310	0.00843	0.00196	0.00135	0.00093	0.00081	0.00028	0.00121	0.00066	0.00048	0.00136
12	0.05644	0.00229	0.00376	0.07278	0.79905	0.01110	0.01458	0.00298	0.00220	0.00323	0.00186	0.01136	0.00156	0.00091	0.00096	0.00030	0.00116	0.00088	0.00050	0.01209
13	0.00198	0.00511	0.96014	0.00282	0.00428	0.00230	0.00365	0.00313	0.00209	0.00313	0.00177	0.00209	0.00125	0.00094	0.00094	0.00031	0.00146	0.00073	0.00042	0.00146
14	0.00187	0.00176	0.00296	0.96289	0.00681	0.00220	0.00275	0.00253	0.00198	0.00253	0.00176	0.00264	0.00132	0.00099	0.00099	0.00033	0.00132	0.00088	0.00044	0.00110
15	0.04429	0.02208	0.18880	0.01614	0.09191	0.05021	0.14186	0.11348	0.02600	0.11781	0.01678	0.01502	0.00175	0.00116	0.00133	0.00033	0.14810	0.00092	0.00065	0.00139
16	0.00518	0.01120	0.06854	0.00220	0.01294	0.03735	0.05316	0.14122	0.08218	0.35053	0.04405	0.02220	0.00674	0.00141	0.01292	0.00034	0.13060	0.01145	0.00432	0.00146
17	0.00236	0.04235	0.09689	0.00808	0.02119	0.04404	0.56486	0.01504	0.00530	0.04332	0.01633	0.04744	0.01177	0.00118	0.01197	0.00034	0.03537	0.03029	0.00057	0.00130
18	0.00158	0.00132	0.01119	0.01866	0.00203	0.02833	0.08191	0.02590	0.00207	0.02446	0.02490	0.60075	0.06631	0.02675	0.01863	0.00042	0.03194	0.03108	0.00084	0.00092
19	0.05540	0.16662	0.52058	0.00244	0.00359	0.00687	0.01832	0.17655	0.02671	0.01143	0.00187	0.00209	0.00138	0.00098	0.00088	0.00029	0.00127	0.00073	0.00056	0.00145
20	0.00597	0.01157	0.01591	0.15014	0.01119	0.16271	0.09859	0.32270	0.07676	0.10656	0.00913	0.00876	0.00184	0.00113	0.00099	0.00030	0.00124	0.01228	0.00078	0.00143
21	0.02374	0.01250	0.00209	0.01847	0.02211	0.00718	0.09579	0.03655	0.10200	0.02857	0.11670	0.26275	0.04959	0.00217	0.00118	0.00037	0.00083	0.21546	0.00088	0.00106
22	0.00166	0.00141	0.03501	0.07931	0.02400	0.00659	0.01757	0.02073	0.00172	0.00236	0.03926	0.07025	0.00319	0.42145	0.11170	0.05097	0.09787	0.01352	0.00059	0.00083
23	0.00229	0.00226	0.00334	0.48100	0.29337	0.09025	0.03739	0.02066	0.00646	0.01225	0.00712	0.00261	0.00151	0.00100	0.00104	0.00031	0.02444	0.01094	0.00049	0.00127
24	0.00239	0.54067	0.40617	0.00218	0.00328	0.02486	0.00252	0.00305	0.00206	0.00267	0.00155	0.00180	0.00126	0.00089	0.00077	0.00026	0.00124	0.00062	0.00042	0.00135
25	0.00123	0.00100	0.00108	0.00108	0.00138	0.00086	0.00081	0.00152	0.00236	0.00295	0.21344	0.04536	0.70435	0.00243	0.00117	0.00033	0.00050	0.01634	0.00095	0.00086
26	0.00358	0.00153	0.00202	0.00163	0.00225	0.00136	0.00131	0.01996	0.02536	0.67608	0.12659	0.04187	0.07311	0.00150	0.00104	0.00031	0.00076	0.00484	0.01342	0.00147
27	0.03052	0.08154	0.04015	0.00935	0.00280	0.05681	0.04943	0.07222	0.53910	0.02091	0.00753	0.01298	0.00246	0.00126	0.00107	0.00032	0.04828	0.01035	0.01147	0.00145
28	0.00654	0.00125	0.02130	0.01127	0.00943	0.00726	0.01968	0.00189	0.07549	0.01261	0.02074	0.15784	0.61524	0.00496	0.00118	0.00035	0.00693	0.02422	0.00089	0.00093
29	0.00136	0.00102	0.00127	0.00121	0.00146	0.00093	0.00091	0.00181	0.01244	0.00369	0.75234	0.03574	0.17790	0.00213	0.00117	0.00032	0.00048	0.00186	0.00105	0.00092
30	0.01540	0.00183	0.00235	0.00188	0.00257	0.00175	0.01961	0.16521	0.05175	0.58748	0.02966	0.00406	0.00282	0.00138	0.00103	0.00032	0.00089	0.09516	0.01330	0.00156
31	0.11054	0.22952	0.36739	0.00235	0.00338	0.02226	0.08194	0.09782	0.01467	0.02399	0.00199	0.01069	0.02181	0.00100	0.00088	0.00029	0.00680	0.00077	0.00055	0.00136
32	0.00235	0.00220	0.00362	0.11493	0.72296	0.00944	0.00280	0.03670	0.00229	0.00320	0.00213	0.01099	0.00188	0.01660	0.00107	0.00032	0.00117	0.06335	0.00053	0.00145
33	0.00196	0.00120	0.00128	0.00442	0.00154	0.00124	0.00093	0.04718	0.14375	0.02176	0.01615	0.14463	0.02011	0.00150	0.00086	0.00028	0.00056	0.00126	0.58832	0.00105
34	0.00134	0.00100	0.00124	0.00120	0.00144	0.00091	0.00089	0.00174	0.00262	0.00359	0.69975	0.04309	0.20938	0.01925	0.00791	0.00034	0.00050	0.00188	0.00103	0.00090
35	0.00326	0.36507	0.01814	0.00223	0.00287	0.56513	0.00186	0.01509	0.00250	0.00244	0.00148	0.00172	0.00128	0.00096	0.00082	0.00024	0.01261	0.00060	0.00048	0.00120
36	0.00208	0.00177	0.00208	0.00979	0.00240	0.00137	0.00514	0.01347	0.02103	0.00877	0.00191	0.00218	0.01226	0.00077	0.00075	0.00016	0.00074	0.00062	0.00060	0.91209
37	0.02322	0.09813	0.40930	0.07122	0.08384	0.02693	0.06734	0.05324	0.05744	0.06150	0.01551	0.00537	0.00985	0.00102	0.00096	0.00030	0.00775	0.00510	0.00057	0.00141
38	0.00272	0.00232	0.00237	0.00207	0.00266	0.04045	0.00162	0.17073	0.74158	0.00441	0.00368	0.00936	0.00888	0.00132	0.00100	0.00033	0.00087	0.00108	0.00098	0.00156
39	0.05111	0.01543	0.02034	0.04081	0.51743	0.09918	0.18297	0.03780	0.00235	0.00325	0.00183	0.00236	0.00148	0.00092	0.00102	0.00030	0.01861	0.00089	0.00051	0.00143
40	0.00189	0.00176	0.00293	0.83804	0.04976	0.00217	0.00265	0.00255	0.01265	0.00262	0.02600	0.00706	0.00165	0.00107	0.00105	0.00033	0.02431	0.01626	0.00415	0.00111
41	0.00202	0.00167	0.00202	0.01258	0.02047	0.00566	0.01034	0.00247	0.00220	0.02661	0.15560	0.00299	0.00277	0.00097	0.00082	0.00019	0.00072	0.00440	0.00068	0.74482
42	0.00145	0.00112	0.00164	0.00161	0.00177	0.00132	0.00125	0.00178	0.00161	0.00232	0.01317	0.01953	0.02272	0.04294	0.82000	0.00143	0.06178	0.00112	0.00055	0.00088
43	0.00245	0.00206	0.00229	0.00189	0.00257	0.00213	0.01545	0.07548	0.56081	0.01676	0.00316	0.00306	0.00240	0.00113	0.00092	0.00027	0.00080	0.00093	0.00087	0.30456
44	0.00181	0.00138	0.00167	0.01698	0.00194	0.00136	0.01186	0.05345	0.13405	0.03394	0.45200	0.02114	0.12991	0.02348	0.01092	0.00034	0.01104	0.01555	0.00097	0.07623
45	0.28068	0.00233	0.00226	0.00193	0.01411	0.05919	0.01160	0.29406	0.22129	0.03709	0.01355	0.00285	0.04534	0.00124	0.00808	0.00032	0.00094	0.00090	0.00085	0.00139
46	0.00144	0.00106	0.00139	0.00156	0.00178	0.00101	0.00128	0.00181	0.00224	0.00291	0.07706	0.17770	0.16710	0.00270	0.00130	0.00041	0.00075	0.55468	0.00093	0.00088
47	0.00118	0.00100	0.00102	0.00102	0.00134	0.00084	0.00076	0.00144	0.00227	0.00273	0.05772	0.03098	0.88933	0.00249	0.00117	0.00033	0.00050	0.00209	0.00093	0.00084
48	0.00580	0.03439	0.83091	0.01365	0.01294	0.00231	0.03684	0.00961	0.00212	0.01917	0.00189	0.02265	0.00140	0.00098	0.00095	0.00031	0.00142	0.00079	0.00045	0.00144
49	0.00820	0.00223	0.00358	0.27727	0.56063	0.02284	0.02187	0.04575	0.01832	0.00317	0.01731	0.00258	0.00164	0.00096	0.00100	0.00031	0.00953	0.00090	0.00052	0.00141
50	0.04940	0.00161	0.00210	0.00168	0.00234	0.00146	0.00136	0.03262	0.01577	0.72474	0.02885	0.10115	0.01457	0.01200	0.00105	0.00032	0.00080	0.00119	0.00548	0.00152
51	0.00147	0.00106	0.00144	0.00165	0.00184	0.00103	0.00136	0.00184	0.00218	0.00285	0.01960	0.25885	0.05480	0.00280	0.00133	0.00043	0.00080	0.64288	0.00092	0.00088
52	0.01529	0.14512	0.03503	0.09605	0.38778	0.02373	0.01759	0.04763	0.02534	0.06780	0.00603	0.01162	0.00669	0.00107	0.00118	0.00030	0.10891	0.00086	0.00056	0.00140

[dist]
# distance from previous block
# <min> <max>
8	152

[block]
# block no. 5 follows, 333 sequences, length 7
# corresponding to MSA columns:
# 681-687
name=unknown_F
#
# <colnr> <probs for GDERKNQSTAVLIFYWHMCP>
#	G	D	E	R	K	N	Q	S	T	A	V	L	I	F	Y	W	H	M	C	P
0	0.00238	0.00235	0.02437	0.18797	0.59767	0.03381	0.02748	0.05293	0.00231	0.00318	0.00197	0.03561	0.00167	0.00102	0.00104	0.00031	0.02104	0.00094	0.00052	0.00142
1	0.03630	0.00279	0.00266	0.00212	0.00285	0.15384	0.00171	0.51073	0.08540	0.05062	0.00233	0.00237	0.00172	0.00110	0.00093	0.00027	0.00110	0.00082	0.00086	0.13948
2	0.00345	0.00199	0.00230	0.00186	0.00254	0.02253	0.00150	0.17334	0.24435	0.41090	0.04996	0.00351	0.02072	0.00129	0.00099	0.00030	0.00085	0.00104	0.01967	0.03689
3	0.00245	0.00235	0.00401	0.00607	0.95910	0.00235	0.00303	0.00303	0.00225	0.00323	0.00186	0.00245	0.00157	0.00088	0.00098	0.00029	0.00117	0.00088	0.00049	0.00157
4	0.00275	0.00240	0.03678	0.00328	0.13587	0.00227	0.33437	0.21297	0.01983	0.10985	0.03665	0.01802	0.05933	0.00119	0.00108	0.00032	0.00121	0.01964	0.00075	0.00143
5	0.00224	0.00247	0.00531	0.04483	0.00491	0.00234	0.83245	0.00298	0.00226	0.00305	0.00215	0.04920	0.00174	0.00105	0.00127	0.03719	0.00157	0.00122	0.00051	0.00126
6	0.00404	0.00169	0.00228	0.00186	0.02623	0.00151	0.00148	0.03620	0.02649	0.79308	0.05956	0.00381	0.00292	0.00131	0.00102	0.00031	0.00084	0.03259	0.00117	0.00161

[dist]
# distance from previous block
# <min> <max>
1	28

[block]
# block no. 6 follows, 333 sequences, length 7
# corresponding to MSA columns:
# 717-723
name=unknown_G
#
# <colnr> <probs for GDERKNQSTAVLIFYWHMCP>
#	G	D	E	R	K	N	Q	S	T	A	V	L	I	F	Y	W	H	M	C	P
0	0.00235	0.27973	0.48864	0.01732	0.03471	0.00269	0.03206	0.01731	0.00216	0.06140	0.01711	0.01738	0.00157	0.00100	0.00092	0.00029	0.02072	0.00076	0.00050	0.00139
1	0.02502	0.00122	0.00151	0.00137	0.00173	0.00115	0.00105	0.00267	0.06692	0.19409	0.46694	0.08068	0.07476	0.00184	0.00108	0.00031	0.00058	0.00159	0.07438	0.00111
2	0.00126	0.00102	0.00114	0.00118	0.00148	0.00089	0.00092	0.00156	0.00227	0.00280	0.06945	0.06357	0.67454	0.00255	0.00121	0.00036	0.00058	0.17146	0.00093	0.00085
3	0.01685	0.00224	0.03460	0.21765	0.51028	0.01693	0.02172	0.02128	0.00220	0.02595	0.00199	0.03708	0.00168	0.00101	0.00102	0.00030	0.02160	0.00092	0.00053	0.06417
4	0.00246	0.01943	0.07883	0.05314	0.16924	0.00189	0.22781	0.00309	0.02669	0.18400	0.02203	0.13501	0.05048	0.00140	0.00108	0.00033	0.00111	0.01992	0.00073	0.00133
5	0.00122	0.00089	0.00114	0.00133	0.00143	0.00083	0.00091	0.00141	0.00193	0.00253	0.00593	0.77020	0.12783	0.04068	0.00140	0.00042	0.00059	0.03761	0.00090	0.00080
6	0.00228	0.00236	0.04009	0.02718	0.20595	0.01851	0.41013	0.03045	0.03268	0.03431	0.01453	0.02031	0.11208	0.00119	0.00110	0.00032	0.00127	0.03001	0.00062	0.01461

[dist]
# distance from previous block
# <min> <max>
1	4

[block]
# block no. 7 follows, 333 sequences, length 18
# corresponding to MSA columns:
# 728-734,737-747
name=unknown_H
#
# <colnr> <probs for GDERKNQSTAVLIFYWHMCP>
#	G	D	E	R	K	N	Q	S	T	A	V	L	I	F	Y	W	H	M	C	P
0	0.00950	0.03338	0.01360	0.01694	0.08223	0.03295	0.05365	0.08711	0.14121	0.02652	0.10318	0.02404	0.11995	0.00142	0.00123	0.00030	0.10343	0.00115	0.00076	0.14746
1	0.00134	0.00105	0.00120	0.00127	0.00149	0.01466	0.00095	0.00158	0.00207	0.00259	0.01882	0.16820	0.42558	0.14526	0.02922	0.00049	0.00074	0.18182	0.00085	0.00082
2	0.00236	0.03043	0.04754	0.00218	0.07144	0.03744	0.07056	0.08175	0.00234	0.01916	0.00185	0.00215	0.00148	0.00083	0.00084	0.00020	0.00899	0.00069	0.00060	0.61718
3	0.00121	0.00099	0.00105	0.00106	0.00136	0.00085	0.00078	0.00148	0.00229	0.00283	0.12475	0.07901	0.75800	0.00247	0.00117	0.00033	0.00050	0.00208	0.01694	0.00085
4	0.00786	0.09336	0.25356	0.03118	0.11760	0.01237	0.18699	0.05621	0.01508	0.16098	0.02007	0.00286	0.00905	0.00105	0.00099	0.00031	0.00125	0.02715	0.00065	0.00143
5	0.00188	0.00177	0.00299	0.89796	0.02828	0.00217	0.01807	0.00253	0.00199	0.00256	0.00190	0.00274	0.01730	0.00101	0.00099	0.00033	0.00130	0.00090	0.00045	0.01289
6	0.00412	0.00172	0.00229	0.00177	0.00250	0.00156	0.01192	0.06910	0.02662	0.79104	0.02548	0.00341	0.00256	0.00123	0.00098	0.00030	0.00084	0.00101	0.04994	0.00162
7	0.00217	0.00221	0.02225	0.25136	0.11558	0.01127	0.27694	0.02894	0.00214	0.00296	0.00192	0.01186	0.00158	0.02037	0.01730	0.00035	0.10831	0.01113	0.00051	0.11087
8	0.00165	0.00118	0.00162	0.00182	0.00206	0.00119	0.00157	0.03308	0.00234	0.00305	0.00515	0.04912	0.00559	0.00269	0.00135	0.00045	0.00090	0.88335	0.00091	0.00093
9	0.00201	0.00194	0.01637	0.69621	0.14583	0.00223	0.05339	0.01187	0.03575	0.00278	0.01160	0.01224	0.00156	0.00101	0.00100	0.00032	0.00128	0.00093	0.00049	0.00120
10	0.00126	0.00093	0.00118	0.00130	0.00144	0.00085	0.00091	0.00153	0.00220	0.00294	0.26526	0.55031	0.14307	0.00271	0.00122	0.00037	0.00054	0.02017	0.00096	0.00084
11	0.00905	0.01603	0.00333	0.63210	0.18334	0.00906	0.06750	0.01198	0.00208	0.01108	0.00188	0.01677	0.00150	0.00102	0.00104	0.00032	0.02090	0.00931	0.00048	0.00121
12	0.00143	0.00100	0.00119	0.00121	0.00143	0.00090	0.00087	0.00170	0.00225	0.04989	0.24604	0.25199	0.32884	0.08076	0.01138	0.00041	0.00059	0.00206	0.01518	0.00088
13	0.01460	0.00635	0.01530	0.03880	0.01493	0.06805	0.02175	0.05691	0.35346	0.03329	0.17048	0.03126	0.09722	0.02310	0.01912	0.00036	0.01818	0.01028	0.00532	0.00126
14	0.00173	0.01088	0.00137	0.00134	0.00161	0.00108	0.00101	0.02642	0.02968	0.07816	0.17021	0.22546	0.18237	0.03458	0.00125	0.00036	0.00062	0.10357	0.12731	0.00097
15	0.02008	0.04359	0.00850	0.00174	0.02641	0.02139	0.01016	0.06994	0.02327	0.06800	0.00197	0.00218	0.00156	0.00084	0.00081	0.00019	0.01103	0.00066	0.00065	0.68702
16	0.13904	0.01980	0.07316	0.00612	0.03956	0.04475	0.04572	0.15345	0.08817	0.18223	0.08233	0.04704	0.02415	0.00131	0.00099	0.00031	0.01350	0.00945	0.00828	0.02064
17	0.04245	0.01236	0.08755	0.04136	0.41544	0.05353	0.06352	0.12027	0.03403	0.06989	0.00985	0.00709	0.00712	0.00687	0.00101	0.00030	0.00730	0.00090	0.00838	0.01076

[dist]
# distance from previous block
# <min> <max>
15	196

[block]
# block no. 8 follows, 333 sequences, length 13
# corresponding to MSA columns:
# 1035-1047
name=unknown_I
#
# <colnr> <probs for GDERKNQSTAVLIFYWHMCP>
#	G	D	E	R	K	N	Q	S	T	A	V	L	I	F	Y	W	H	M	C	P
0	0.00173	0.02987	0.01475	0.00149	0.00183	0.02915	0.00119	0.01535	0.11591	0.01683	0.45396	0.00653	0.20868	0.00193	0.00128	0.00033	0.07663	0.02058	0.00094	0.00104
1	0.20181	0.00124	0.00128	0.00121	0.00153	0.00127	0.00091	0.01231	0.00204	0.09657	0.05987	0.05681	0.06712	0.15738	0.00153	0.00040	0.00068	0.04194	0.29313	0.00097
2	0.00154	0.00155	0.10521	0.01606	0.00813	0.00124	0.03551	0.02255	0.02677	0.00864	0.06999	0.45224	0.02568	0.13114	0.01585	0.01402	0.01545	0.03597	0.01153	0.00093
3	0.00145	0.00104	0.00120	0.00119	0.00148	0.00094	0.00090	0.00183	0.02275	0.04401	0.25128	0.11444	0.45648	0.00231	0.00115	0.00033	0.00054	0.04466	0.05110	0.00092
4	0.00252	0.53187	0.20141	0.00200	0.00290	0.02099	0.01039	0.09286	0.01016	0.00297	0.00181	0.01561	0.00157	0.00106	0.00870	0.00026	0.00910	0.02816	0.02325	0.03241
5	0.00200	0.00169	0.00197	0.00143	0.00224	0.00129	0.00113	0.00241	0.00200	0.00312	0.00186	0.00240	0.00163	0.07688	0.00107	0.00021	0.00075	0.00065	0.00059	0.89467
6	0.72135	0.01235	0.01733	0.00145	0.00202	0.02201	0.00119	0.06469	0.01172	0.01924	0.00168	0.00214	0.00138	0.07711	0.00108	0.00036	0.02864	0.00066	0.01251	0.00110
7	0.00261	0.02075	0.02121	0.01188	0.01150	0.08169	0.13067	0.09431	0.00801	0.14379	0.04706	0.05516	0.02419	0.03972	0.02024	0.00038	0.16590	0.02077	0.09893	0.00121
8	0.00141	0.00101	0.00131	0.00133	0.00141	0.00108	0.00090	0.00158	0.00158	0.00218	0.02557	0.11149	0.00360	0.46641	0.35746	0.00111	0.01778	0.00145	0.00062	0.00074
9	0.01444	0.00188	0.00301	0.62290	0.20813	0.02064	0.00257	0.00261	0.00201	0.01759	0.00190	0.00287	0.00156	0.07711	0.00133	0.00037	0.01651	0.00092	0.00048	0.00117
10	0.05785	0.08074	0.19604	0.03488	0.04298	0.01551	0.06884	0.03952	0.04300	0.04697	0.13869	0.07018	0.03560	0.08075	0.00134	0.00036	0.00793	0.01195	0.00070	0.02618
11	0.00136	0.00096	0.00112	0.00118	0.00138	0.00088	0.00084	0.00162	0.00212	0.01322	0.12107	0.29523	0.31478	0.08533	0.01585	0.00042	0.00060	0.03253	0.10868	0.00084
12	0.05066	0.30517	0.09996	0.02492	0.02130	0.12100	0.03995	0.10757	0.08884	0.01125	0.00214	0.00263	0.01430	0.08079	0.00752	0.00034	0.01234	0.00744	0.00059	0.00127

[dist]
# distance from previous block
# <min> <max>
5	15

[block]
# block no. 9 follows, 333 sequences, length 12
# corresponding to MSA columns:
# 1070-1081
name=unknown_J
#
# <colnr> <probs for GDERKNQSTAVLIFYWHMCP>
#	G	D	E	R	K	N	Q	S	T	A	V	L	I	F	Y	W	H	M	C	P
0	0.67342	0.00188	0.01722	0.01134	0.01218	0.00204	0.00121	0.05692	0.00205	0.09905	0.04437	0.04208	0.01385	0.00113	0.00074	0.00031	0.00078	0.00079	0.01748	0.00115
1	0.01255	0.00221	0.06345	0.33454	0.06931	0.02454	0.11872	0.11641	0.04468	0.03873	0.02262	0.06208	0.02522	0.01670	0.00773	0.00660	0.01296	0.01908	0.00064	0.00125
2	0.02309	0.02692	0.00136	0.00132	0.00153	0.00104	0.00095	0.01306	0.01317	0.02765	0.27843	0.37126	0.11829	0.07269	0.00145	0.00040	0.00060	0.03247	0.01339	0.00089
3	0.00210	0.03697	0.71893	0.02414	0.02607	0.00236	0.01417	0.04251	0.03077	0.00323	0.01105	0.00233	0.00148	0.00102	0.00103	0.00031	0.04038	0.01321	0.00048	0.02747
4	0.00153	0.00116	0.00140	0.00136	0.00162	0.00113	0.00101	0.03869	0.09168	0.00355	0.47706	0.16967	0.14573	0.02446	0.00126	0.00035	0.00057	0.03579	0.00101	0.00098
5	0.00133	0.00096	0.00125	0.01444	0.00158	0.00089	0.00099	0.00157	0.00202	0.01585	0.07703	0.64747	0.07990	0.04262	0.00139	0.00041	0.00062	0.08167	0.00091	0.02712
6	0.04048	0.16361	0.06376	0.00211	0.00285	0.10942	0.02184	0.35104	0.05039	0.11186	0.00244	0.03189	0.00192	0.02728	0.00103	0.00031	0.00112	0.01444	0.00079	0.00144
7	0.00159	0.00120	0.00160	0.05340	0.00199	0.01038	0.02079	0.02789	0.01470	0.02772	0.08330	0.44353	0.02827	0.11764	0.01638	0.00047	0.05160	0.09582	0.00083	0.00090
8	0.03791	0.00223	0.01566	0.06674	0.24984	0.04634	0.02913	0.18234	0.02171	0.21555	0.00277	0.01257	0.02804	0.00115	0.00101	0.00030	0.01790	0.00939	0.05796	0.00146
9	0.00216	0.12985	0.24769	0.00196	0.01215	0.02028	0.02257	0.04083	0.01705	0.08486	0.25155	0.05149	0.04290	0.04134	0.00122	0.00033	0.02215	0.00765	0.00075	0.00121
10	0.01054	0.03190	0.03786	0.03168	0.03162	0.01093	0.05665	0.08681	0.12349	0.04218	0.25288	0.02799	0.08733	0.00869	0.01229	0.00035	0.09535	0.04944	0.00084	0.00119
11	0.04238	0.03071	0.18704	0.05347	0.06979	0.04165	0.07103	0.02510	0.06354	0.13745	0.07528	0.06144	0.02254	0.01680	0.00123	0.00034	0.06616	0.03203	0.00072	0.00130

[dist]
# distance from previous block
# <min> <max>
0	447

# created by:
# /home/berkeley/.conda/envs/busco_data_prod/bin/msa2prfl.pl pipeline/OGs_align_augustus/2759/10253092.fs
