[name]
unknown

[dist]
# distance from previous block
# <min> <max>
0	117

[block]
# block no. 0 follows, 210 sequences, length 6
# corresponding to MSA columns:
# 470-475
name=unknown_A
#
# <colnr> <probs for GDERKNQSTAVLIFYWHMCP>
#	G	D	E	R	K	N	Q	S	T	A	V	L	I	F	Y	W	H	M	C	P
0	0.03366	0.02014	0.01991	0.12930	0.16633	0.06556	0.01923	0.09173	0.13775	0.06295	0.03399	0.02121	0.04636	0.00235	0.03288	0.02855	0.00168	0.04062	0.00110	0.04471
1	0.01562	0.00189	0.00233	0.01832	0.00279	0.01423	0.01405	0.05186	0.04525	0.05336	0.11254	0.41287	0.10740	0.03815	0.03259	0.02482	0.00115	0.02947	0.00137	0.01994
2	0.02794	0.03490	0.04927	0.34639	0.25202	0.06663	0.04862	0.01761	0.00333	0.03527	0.00336	0.01897	0.02505	0.03157	0.00175	0.00051	0.01670	0.01735	0.00081	0.00193
3	0.03412	0.00342	0.02797	0.16464	0.05989	0.04693	0.08375	0.15979	0.09465	0.04661	0.08378	0.02194	0.00371	0.00178	0.00159	0.00045	0.02926	0.00151	0.00111	0.13310
4	0.00334	0.09870	0.05643	0.11413	0.12975	0.01826	0.06161	0.04109	0.09403	0.04692	0.12468	0.09685	0.04534	0.00250	0.02785	0.01206	0.02157	0.00190	0.00109	0.00189
5	0.00299	0.00195	0.00243	0.00241	0.05314	0.00179	0.00173	0.03767	0.02462	0.14945	0.29285	0.04805	0.34600	0.00311	0.00173	0.00050	0.00095	0.02545	0.00153	0.00166

[dist]
# distance from previous block
# <min> <max>
5	12

[block]
# block no. 1 follows, 210 sequences, length 21
# corresponding to MSA columns:
# 488-490,492-509
name=unknown_B
#
# <colnr> <probs for GDERKNQSTAVLIFYWHMCP>
#	G	D	E	R	K	N	Q	S	T	A	V	L	I	F	Y	W	H	M	C	P
0	0.01149	0.01655	0.03421	0.04005	0.28884	0.01029	0.02630	0.01150	0.01181	0.00455	0.01975	0.19637	0.05977	0.03227	0.00196	0.00057	0.01558	0.19076	0.02564	0.00174
1	0.00338	0.00321	0.01237	0.15734	0.02968	0.06299	0.04495	0.06988	0.01396	0.01804	0.02146	0.03956	0.00300	0.02779	0.13156	0.00085	0.35588	0.00154	0.00084	0.00172
2	0.59292	0.01523	0.00302	0.00263	0.01507	0.12138	0.02289	0.09478	0.00336	0.02730	0.00297	0.02034	0.02069	0.01584	0.00130	0.00048	0.01214	0.02491	0.00101	0.00176
3	0.00200	0.00145	0.00181	0.00207	0.00218	0.01583	0.00138	0.00226	0.00283	0.00379	0.01622	0.72084	0.00885	0.13634	0.04939	0.00081	0.00114	0.00374	0.02584	0.00121
4	0.04101	0.02311	0.00389	0.00327	0.01407	0.06314	0.09500	0.12653	0.32147	0.05127	0.00607	0.10068	0.09081	0.00237	0.00164	0.00051	0.01319	0.03231	0.00760	0.00205
5	0.01909	0.00142	0.00181	0.00206	0.00225	0.00134	0.00143	0.00237	0.00304	0.01784	0.04274	0.70669	0.09363	0.00450	0.02038	0.00062	0.00095	0.03630	0.04024	0.00129
6	0.02736	0.02198	0.01859	0.32134	0.11155	0.03836	0.10502	0.06556	0.12132	0.03203	0.00357	0.03518	0.00288	0.02037	0.00179	0.00051	0.04361	0.00152	0.02549	0.00196
7	0.06748	0.00347	0.01152	0.04712	0.06705	0.00988	0.02664	0.41365	0.04442	0.08716	0.02229	0.04460	0.00751	0.01267	0.00154	0.00046	0.00152	0.01323	0.00130	0.11650
8	0.01197	0.34838	0.35495	0.00344	0.00506	0.02080	0.01300	0.14968	0.01764	0.04141	0.00281	0.00310	0.00215	0.00147	0.00128	0.00041	0.00186	0.00107	0.00085	0.01867
9	0.03352	0.00262	0.00344	0.00268	0.00379	0.00235	0.00220	0.05991	0.00442	0.80000	0.04762	0.02208	0.00421	0.00197	0.00153	0.00047	0.00128	0.00160	0.00181	0.00248
10	0.01026	0.00248	0.00290	0.01680	0.00333	0.00734	0.00951	0.24680	0.07703	0.08549	0.08394	0.31538	0.06364	0.00308	0.00169	0.00052	0.00118	0.02661	0.04018	0.00184
11	0.02342	0.05753	0.01836	0.17192	0.24602	0.05950	0.15206	0.05778	0.03875	0.05516	0.03790	0.01272	0.00307	0.00164	0.00157	0.00047	0.01362	0.02404	0.00093	0.02355
12	0.00292	0.00208	0.03460	0.01038	0.02215	0.00204	0.01141	0.03187	0.00940	0.11148	0.04455	0.09606	0.00484	0.13333	0.41123	0.03902	0.01911	0.00195	0.01007	0.00151
13	0.00190	0.00138	0.00178	0.00205	0.00221	0.00128	0.00141	0.00222	0.00306	0.00406	0.08285	0.71196	0.09556	0.04113	0.00214	0.00063	0.00090	0.04080	0.00141	0.00125
14	0.01369	0.02434	0.10911	0.00754	0.00371	0.02383	0.02065	0.04269	0.10717	0.22943	0.25782	0.06535	0.03642	0.00252	0.01233	0.00051	0.02522	0.00577	0.00993	0.00198
15	0.06206	0.17153	0.33441	0.03236	0.01879	0.04014	0.05011	0.10192	0.13503	0.02683	0.01114	0.00359	0.00254	0.00156	0.00137	0.00045	0.00185	0.00122	0.00093	0.00217
16	0.00298	0.00212	0.01624	0.00255	0.02569	0.01466	0.05068	0.00791	0.05967	0.11914	0.23046	0.09369	0.10535	0.19359	0.01618	0.00844	0.00655	0.04119	0.00135	0.00156
17	0.00217	0.00148	0.00187	0.00202	0.00228	0.00137	0.00141	0.00255	0.01197	0.05407	0.08579	0.56493	0.18244	0.04602	0.02504	0.00066	0.00098	0.01019	0.00142	0.00133
18	0.19705	0.05053	0.18907	0.04967	0.07674	0.01306	0.08794	0.08489	0.09010	0.07794	0.00747	0.02304	0.01353	0.00166	0.00144	0.00047	0.01365	0.00569	0.00102	0.01504
19	0.02188	0.05052	0.04445	0.10842	0.10874	0.02214	0.10841	0.21190	0.05218	0.03870	0.00792	0.03364	0.01552	0.00171	0.00154	0.00044	0.01976	0.00981	0.01810	0.12420
20	0.00276	0.02754	0.03617	0.01027	0.00317	0.03766	0.02492	0.02926	0.00336	0.01623	0.24141	0.12509	0.08242	0.05953	0.06237	0.00071	0.18312	0.01769	0.02078	0.01554

[dist]
# distance from previous block
# <min> <max>
2	23

[block]
# block no. 2 follows, 210 sequences, length 12
# corresponding to MSA columns:
# 558-569
name=unknown_C
#
# <colnr> <probs for GDERKNQSTAVLIFYWHMCP>
#	G	D	E	R	K	N	Q	S	T	A	V	L	I	F	Y	W	H	M	C	P
0	0.04481	0.00224	0.00326	0.15409	0.02075	0.00224	0.06299	0.01581	0.01421	0.17006	0.07404	0.19860	0.05308	0.04210	0.00214	0.04908	0.00853	0.03165	0.00913	0.04120
1	0.01569	0.16061	0.32824	0.05630	0.04619	0.06106	0.05119	0.03094	0.08826	0.05633	0.00364	0.03593	0.02040	0.00177	0.00839	0.00047	0.00189	0.01276	0.00090	0.01906
2	0.03555	0.19505	0.26413	0.04673	0.08738	0.04447	0.06515	0.05175	0.02993	0.07151	0.01133	0.02328	0.02163	0.00986	0.00147	0.00045	0.00769	0.00834	0.00089	0.02339
3	0.00356	0.01935	0.00281	0.01030	0.01432	0.01263	0.00739	0.05319	0.12240	0.15960	0.17231	0.03786	0.05499	0.02779	0.00284	0.23134	0.00877	0.01818	0.02136	0.01900
4	0.00203	0.00145	0.00179	0.00198	0.00223	0.00131	0.00139	0.00237	0.00317	0.03248	0.06018	0.56681	0.25445	0.02650	0.00202	0.00060	0.00089	0.03562	0.00142	0.00130
5	0.03584	0.29920	0.40548	0.05872	0.00554	0.04893	0.03592	0.02777	0.02526	0.00449	0.00266	0.00317	0.00209	0.00180	0.03671	0.00050	0.00206	0.00108	0.00072	0.00205
6	0.00946	0.01409	0.14202	0.14566	0.27611	0.02540	0.08442	0.03883	0.04578	0.05974	0.00375	0.03881	0.02447	0.01747	0.01685	0.00901	0.03089	0.01425	0.00090	0.00207
7	0.00206	0.00154	0.00181	0.00186	0.00224	0.00139	0.00137	0.00256	0.01896	0.02396	0.20632	0.24268	0.41841	0.02458	0.00196	0.00056	0.00085	0.04409	0.00146	0.00134
8	0.00366	0.00195	0.00241	0.00217	0.00283	0.00175	0.00167	0.00431	0.05037	0.32321	0.07491	0.17050	0.30706	0.02240	0.00184	0.00054	0.00101	0.02406	0.00158	0.00178
9	0.02147	0.31845	0.18674	0.08508	0.18792	0.02133	0.03510	0.03971	0.03619	0.00456	0.00307	0.03463	0.01651	0.00156	0.00133	0.00043	0.00180	0.00126	0.00078	0.00207
10	0.08079	0.01302	0.03425	0.01862	0.02920	0.02854	0.03391	0.10615	0.07743	0.33216	0.02621	0.04432	0.06221	0.01210	0.02243	0.01657	0.03700	0.01059	0.01239	0.00211
11	0.00223	0.00158	0.00197	0.00196	0.00227	0.00153	0.00142	0.02068	0.02639	0.00441	0.23142	0.14304	0.23042	0.03884	0.11238	0.14830	0.00129	0.00262	0.02598	0.00127

[dist]
# distance from previous block
# <min> <max>
26	152

[block]
# block no. 3 follows, 210 sequences, length 26
# corresponding to MSA columns:
# 809-818,841-844,851-855,878-884
name=unknown_D
#
# <colnr> <probs for GDERKNQSTAVLIFYWHMCP>
#	G	D	E	R	K	N	Q	S	T	A	V	L	I	F	Y	W	H	M	C	P
0	0.02461	0.17051	0.19256	0.25259	0.02410	0.01951	0.05173	0.10437	0.06527	0.04660	0.00313	0.01414	0.00240	0.00159	0.00148	0.00046	0.02073	0.00128	0.00089	0.00205
1	0.01532	0.06950	0.09014	0.08476	0.13786	0.10717	0.04977	0.13064	0.02668	0.09895	0.03998	0.00429	0.02349	0.00184	0.00742	0.00048	0.08561	0.00736	0.00102	0.01772
2	0.00281	0.00202	0.01355	0.02125	0.01726	0.01348	0.00182	0.07080	0.01936	0.03427	0.16638	0.11685	0.07033	0.05448	0.11257	0.20773	0.04359	0.00750	0.01375	0.01019
3	0.00206	0.00148	0.00178	0.00191	0.00206	0.00142	0.00125	0.00239	0.02954	0.00378	0.06735	0.40087	0.10733	0.34672	0.00401	0.00091	0.00109	0.02162	0.00125	0.00117
4	0.01647	0.01505	0.01640	0.09709	0.21122	0.20017	0.09017	0.11872	0.04041	0.01096	0.01574	0.03237	0.00281	0.01627	0.01571	0.00885	0.07151	0.00144	0.01665	0.00200
5	0.00210	0.00158	0.00192	0.00187	0.00225	0.00145	0.00140	0.00277	0.02313	0.00536	0.58257	0.05157	0.23430	0.03462	0.00199	0.00053	0.00079	0.03426	0.01417	0.00139
6	0.00217	0.00168	0.00204	0.00197	0.01065	0.00152	0.02805	0.00270	0.01392	0.03246	0.17441	0.08356	0.54289	0.01343	0.03365	0.00059	0.00992	0.01501	0.02799	0.00139
7	0.17017	0.42647	0.01656	0.00291	0.00403	0.14456	0.00258	0.18244	0.01086	0.00534	0.00247	0.00277	0.00204	0.00149	0.00122	0.00039	0.01986	0.00096	0.00089	0.00199
8	0.02585	0.00258	0.00340	0.00265	0.00374	0.00232	0.00218	0.03553	0.01786	0.78438	0.04386	0.00551	0.02518	0.00197	0.00158	0.00047	0.01731	0.00159	0.01959	0.00245
9	0.00223	0.00153	0.00178	0.00176	0.00183	0.00155	0.00106	0.00238	0.01817	0.00315	0.01834	0.02715	0.01539	0.79629	0.08608	0.00148	0.00165	0.00219	0.00095	0.01504
10	0.00410	0.30606	0.21273	0.00385	0.06123	0.03987	0.05729	0.19695	0.04616	0.00545	0.02969	0.00350	0.00263	0.00170	0.01564	0.00045	0.00841	0.00120	0.00092	0.00216
11	0.02199	0.00237	0.00381	0.03015	0.00404	0.00234	0.21219	0.00361	0.06035	0.01191	0.21041	0.07991	0.14986	0.03369	0.00211	0.00057	0.03432	0.13351	0.00126	0.00160
12	0.00331	0.00275	0.00315	0.00228	0.00360	0.01765	0.00182	0.00397	0.00322	0.04253	0.00306	0.00344	0.02012	0.00121	0.00116	0.00024	0.00115	0.00097	0.00095	0.88343
13	0.00329	0.00303	0.00489	0.55448	0.23579	0.01720	0.01656	0.01281	0.00319	0.02838	0.00283	0.00402	0.00223	0.00161	0.00176	0.01192	0.05668	0.00869	0.00075	0.02989
14	0.00218	0.00156	0.00196	0.00204	0.00219	0.00843	0.00139	0.00240	0.01124	0.00358	0.03867	0.30283	0.05622	0.29096	0.12784	0.08453	0.01814	0.02571	0.00110	0.01704
15	0.00335	0.01707	0.03491	0.09167	0.01766	0.01518	0.01158	0.07824	0.24283	0.05935	0.13716	0.02238	0.12029	0.00652	0.04811	0.01996	0.02775	0.01963	0.02446	0.00188
16	0.00221	0.00157	0.00223	0.00223	0.00241	0.00175	0.00163	0.00254	0.00235	0.00332	0.00411	0.00674	0.00409	0.22005	0.65744	0.07832	0.00326	0.00173	0.00082	0.00120
17	0.01444	0.24279	0.02451	0.01552	0.00431	0.35150	0.00680	0.17071	0.00430	0.03579	0.02739	0.01790	0.00604	0.00174	0.00145	0.01303	0.02136	0.00582	0.03265	0.00194
18	0.02499	0.01561	0.03834	0.02450	0.03404	0.02955	0.05798	0.09077	0.08051	0.08913	0.20750	0.01646	0.04632	0.01097	0.03033	0.00052	0.03667	0.00856	0.01575	0.14149
19	0.05287	0.21009	0.26496	0.02663	0.02235	0.04469	0.03989	0.03382	0.06853	0.05622	0.05476	0.02814	0.03817	0.00182	0.00150	0.00045	0.02924	0.01428	0.00095	0.01065
20	0.00329	0.00308	0.01600	0.50271	0.22183	0.01581	0.06857	0.02061	0.03072	0.02863	0.01218	0.02699	0.00277	0.01967	0.00167	0.00051	0.00191	0.02033	0.00082	0.00191
21	0.03046	0.00368	0.00586	0.03441	0.77665	0.03543	0.02168	0.03407	0.00355	0.00507	0.01426	0.00378	0.00250	0.00143	0.00156	0.00046	0.02070	0.00135	0.00079	0.00231
22	0.02857	0.00343	0.00475	0.04197	0.38114	0.04748	0.00864	0.05572	0.11033	0.02976	0.06588	0.02712	0.01239	0.00195	0.00216	0.00050	0.17359	0.00155	0.00098	0.00210
23	0.00218	0.00146	0.00168	0.00171	0.00172	0.00146	0.00098	0.00221	0.00226	0.00302	0.00501	0.07372	0.00578	0.85934	0.03030	0.00144	0.00149	0.00234	0.00095	0.00095
24	0.00255	0.05359	0.22590	0.01610	0.01836	0.00243	0.05616	0.00351	0.03487	0.00462	0.15951	0.22317	0.08453	0.02339	0.03951	0.00062	0.00151	0.04686	0.00114	0.00166
25	0.01186	0.00291	0.03161	0.15281	0.17635	0.00684	0.02828	0.04773	0.01969	0.02380	0.03271	0.09507	0.04286	0.00198	0.00162	0.01979	0.01900	0.01109	0.00097	0.27303

[dist]
# distance from previous block
# <min> <max>
1	32

[block]
# block no. 4 follows, 210 sequences, length 36
# corresponding to MSA columns:
# 920-941,967-980
name=unknown_E
#
# <colnr> <probs for GDERKNQSTAVLIFYWHMCP>
#	G	D	E	R	K	N	Q	S	T	A	V	L	I	F	Y	W	H	M	C	P
0	0.00706	0.03587	0.01809	0.02306	0.06367	0.08386	0.00981	0.40916	0.11519	0.01608	0.02259	0.05645	0.01445	0.00208	0.00762	0.00048	0.03885	0.01074	0.04709	0.01780
1	0.00218	0.00149	0.00194	0.00213	0.00235	0.00141	0.00149	0.00258	0.02011	0.04613	0.07282	0.67786	0.07292	0.03021	0.01927	0.00065	0.01100	0.02381	0.00141	0.00824
2	0.00261	0.00202	0.01775	0.00240	0.00260	0.00867	0.00179	0.02574	0.00281	0.03264	0.01558	0.25944	0.02229	0.26365	0.06976	0.00096	0.16658	0.03488	0.06648	0.00135
3	0.34158	0.01543	0.00306	0.00241	0.01339	0.00286	0.00194	0.08909	0.01363	0.14733	0.01841	0.00345	0.00253	0.00146	0.00117	0.00038	0.00122	0.00106	0.01370	0.32588
4	0.06288	0.14846	0.05376	0.00724	0.01879	0.04956	0.04909	0.16750	0.10610	0.03234	0.03817	0.05154	0.00349	0.00182	0.00142	0.00317	0.00912	0.02304	0.00110	0.17142
5	0.01827	0.00266	0.00342	0.00260	0.00380	0.00229	0.00213	0.03422	0.01937	0.63704	0.01125	0.00464	0.00340	0.00178	0.00952	0.00043	0.00128	0.00137	0.00160	0.23895
6	0.02122	0.10309	0.06813	0.14316	0.08146	0.04557	0.03434	0.22336	0.06796	0.07597	0.02118	0.04273	0.00832	0.00190	0.01393	0.00048	0.00172	0.00146	0.01031	0.03373
7	0.00435	0.21458	0.06424	0.02932	0.01671	0.01977	0.02903	0.20879	0.05431	0.09829	0.01091	0.00708	0.01219	0.00199	0.00599	0.02711	0.16736	0.00130	0.02460	0.00208
8	0.00352	0.00337	0.00566	0.15769	0.70221	0.00872	0.01648	0.00440	0.00335	0.00471	0.00306	0.04603	0.00267	0.00155	0.00158	0.00047	0.01721	0.00148	0.00077	0.01508
9	0.03224	0.00294	0.00337	0.00276	0.00376	0.01586	0.00222	0.12717	0.25833	0.32965	0.05839	0.00574	0.05261	0.00215	0.01427	0.00049	0.00130	0.00684	0.00157	0.07835
10	0.01076	0.08914	0.21464	0.03415	0.03364	0.07888	0.10822	0.05743	0.08349	0.16638	0.00403	0.05816	0.00323	0.02832	0.00171	0.00050	0.00995	0.01418	0.00108	0.00212
11	0.00249	0.00170	0.00218	0.00226	0.00257	0.00168	0.00169	0.05072	0.00333	0.05341	0.06757	0.39970	0.09062	0.07507	0.07997	0.00081	0.01403	0.13918	0.00963	0.00141
12	0.00221	0.00155	0.00191	0.00193	0.00202	0.00160	0.00125	0.00601	0.00243	0.00329	0.01827	0.11776	0.02567	0.58150	0.15820	0.02269	0.02227	0.01811	0.00098	0.01037
13	0.00294	0.00263	0.00425	0.60978	0.04419	0.01095	0.04565	0.01269	0.02078	0.02296	0.02858	0.08412	0.03976	0.00203	0.00172	0.01086	0.02546	0.01393	0.01502	0.00169
14	0.00395	0.28840	0.35354	0.00383	0.00536	0.13648	0.07949	0.03598	0.01357	0.02429	0.00262	0.00307	0.00206	0.00148	0.00147	0.00043	0.04009	0.00109	0.00074	0.00207
15	0.00290	0.00274	0.00467	0.90536	0.02972	0.00338	0.02226	0.00391	0.00305	0.00392	0.00271	0.00404	0.00204	0.00151	0.00152	0.00050	0.00203	0.00136	0.00068	0.00171
16	0.00215	0.00159	0.00228	0.00232	0.00254	0.00179	0.00174	0.00259	0.00249	0.00351	0.00476	0.12765	0.00488	0.12808	0.67226	0.00203	0.01556	0.01959	0.00091	0.00129
17	0.02174	0.09037	0.02661	0.01116	0.02159	0.26290	0.06123	0.08023	0.19541	0.04297	0.01678	0.04566	0.01198	0.01501	0.01119	0.00050	0.07363	0.00796	0.00107	0.00199
18	0.00204	0.00152	0.00185	0.00200	0.00230	0.00139	0.00145	0.00255	0.02875	0.01770	0.15313	0.43261	0.27684	0.00408	0.00187	0.00057	0.00087	0.06568	0.00146	0.00134
19	0.00194	0.00149	0.00178	0.00193	0.00222	0.00136	0.00137	0.00243	0.02922	0.00437	0.15240	0.44610	0.32292	0.00411	0.00186	0.00056	0.00084	0.02034	0.00145	0.00131
20	0.00313	0.00299	0.00495	0.07272	0.18560	0.00344	0.14956	0.01656	0.00295	0.00421	0.00347	0.12721	0.00339	0.00769	0.08984	0.01374	0.29607	0.00183	0.00887	0.00178
21	0.00380	0.00411	0.00830	0.00599	0.00743	0.03600	0.80986	0.03797	0.00372	0.03253	0.00315	0.00408	0.00237	0.00153	0.01899	0.00054	0.01502	0.00173	0.00083	0.00205
22	0.00279	0.00257	0.00425	0.76495	0.04519	0.00309	0.01094	0.00372	0.00314	0.00408	0.05373	0.03167	0.04679	0.00180	0.00155	0.00050	0.00184	0.00160	0.01415	0.00167
23	0.00290	0.00233	0.00259	0.00248	0.00305	0.00250	0.00186	0.00516	0.44692	0.02355	0.12744	0.22047	0.13985	0.00305	0.00170	0.00053	0.00100	0.00264	0.00814	0.00185
24	0.00288	0.00214	0.00931	0.01757	0.01865	0.00222	0.03854	0.08205	0.00343	0.06929	0.02021	0.46994	0.04013	0.00373	0.01349	0.00061	0.10343	0.08321	0.01761	0.00158
25	0.00296	0.00280	0.00455	0.87900	0.01003	0.01444	0.00414	0.01648	0.00307	0.00394	0.00267	0.00399	0.00203	0.00157	0.00166	0.00051	0.04242	0.00134	0.00069	0.00170
26	0.00439	0.01778	0.00445	0.00385	0.00425	0.40906	0.00879	0.01630	0.00331	0.01309	0.00234	0.00325	0.00210	0.00212	0.00313	0.00053	0.46377	0.00769	0.02809	0.00172
27	0.01149	0.14322	0.61551	0.02568	0.04211	0.01305	0.02595	0.02743	0.01348	0.00473	0.00268	0.00318	0.00201	0.00144	0.00145	0.00045	0.02228	0.00111	0.00070	0.04204
28	0.01229	0.00261	0.00304	0.00293	0.03291	0.05843	0.01047	0.14799	0.02690	0.09089	0.03901	0.41242	0.01711	0.01193	0.00208	0.00056	0.08845	0.01999	0.01825	0.00173
29	0.00220	0.00148	0.00168	0.00168	0.00168	0.00148	0.00095	0.00222	0.00221	0.00296	0.00476	0.00981	0.00547	0.91989	0.03445	0.00150	0.00155	0.00219	0.00092	0.00093
30	0.00429	0.00344	0.02188	0.05388	0.00516	0.01220	0.20477	0.19290	0.23918	0.12187	0.00476	0.05922	0.00373	0.00197	0.00163	0.00050	0.00983	0.01977	0.03683	0.00220
31	0.02063	0.00291	0.00353	0.02604	0.00955	0.02260	0.04593	0.03629	0.13503	0.08364	0.03692	0.00766	0.00892	0.00155	0.00133	0.00035	0.00129	0.02534	0.00112	0.52936
32	0.00383	0.01354	0.01306	0.03858	0.02118	0.01633	0.01087	0.16820	0.08232	0.06067	0.03640	0.02376	0.01191	0.00166	0.00136	0.00036	0.00132	0.02781	0.00116	0.46566
33	0.03990	0.01318	0.00320	0.00274	0.02053	0.01733	0.00212	0.17152	0.11423	0.25442	0.18463	0.10021	0.03652	0.00253	0.00785	0.00671	0.00123	0.00699	0.00156	0.01260
34	0.01104	0.01250	0.02206	0.02046	0.00297	0.01667	0.02997	0.03414	0.05486	0.07448	0.14866	0.15011	0.17477	0.16193	0.00273	0.00067	0.00118	0.04759	0.00132	0.03189
35	0.35844	0.01083	0.03260	0.00256	0.00353	0.01173	0.01173	0.10093	0.05981	0.20858	0.04435	0.05772	0.02126	0.00195	0.00139	0.00048	0.01556	0.01609	0.00129	0.03920

[dist]
# distance from previous block
# <min> <max>
1	38

[block]
# block no. 5 follows, 210 sequences, length 17
# corresponding to MSA columns:
# 1113-1122,1127-1133
name=unknown_F
#
# <colnr> <probs for GDERKNQSTAVLIFYWHMCP>
#	G	D	E	R	K	N	Q	S	T	A	V	L	I	F	Y	W	H	M	C	P
0	0.10864	0.10218	0.08837	0.10398	0.09184	0.05899	0.07635	0.10949	0.06268	0.09484	0.01951	0.01259	0.01145	0.00164	0.00145	0.00045	0.01280	0.00649	0.00103	0.03525
1	0.08476	0.11560	0.07274	0.09709	0.03590	0.05134	0.13287	0.11971	0.06665	0.09225	0.05693	0.03233	0.00848	0.00177	0.00150	0.00047	0.01333	0.00699	0.00108	0.00821
2	0.01954	0.05455	0.09216	0.11889	0.12736	0.12334	0.18506	0.14768	0.03424	0.03253	0.00859	0.00373	0.00242	0.00161	0.00852	0.00048	0.01841	0.00136	0.00900	0.01052
3	0.01200	0.00299	0.00434	0.07337	0.34778	0.02153	0.01069	0.09377	0.03873	0.05511	0.02549	0.02424	0.02311	0.05480	0.13504	0.01131	0.03333	0.01560	0.00099	0.01578
4	0.02122	0.00187	0.00220	0.00216	0.00237	0.02869	0.00816	0.00282	0.02521	0.00369	0.03008	0.05331	0.05198	0.41663	0.19633	0.00134	0.04252	0.06852	0.03025	0.01065
5	0.01720	0.01879	0.05384	0.07015	0.35133	0.03927	0.24019	0.06825	0.08351	0.00521	0.00983	0.00395	0.00257	0.00150	0.00165	0.00048	0.02774	0.00146	0.00087	0.00220
6	0.00185	0.00137	0.00172	0.00198	0.00216	0.00125	0.00135	0.00214	0.00303	0.00394	0.02522	0.72439	0.19858	0.02087	0.00200	0.00061	0.00086	0.00402	0.00140	0.00124
7	0.00370	0.01932	0.00453	0.04710	0.28837	0.01526	0.02559	0.03665	0.41532	0.00560	0.02926	0.00500	0.00378	0.00186	0.00171	0.00049	0.05339	0.01455	0.02627	0.00224
8	0.01088	0.01629	0.01585	0.00321	0.04863	0.02798	0.02378	0.14805	0.25462	0.03678	0.00394	0.00414	0.00305	0.00180	0.02249	0.00043	0.00803	0.00657	0.00118	0.36232
9	0.00219	0.00169	0.00189	0.00183	0.00231	0.00155	0.00137	0.00299	0.07831	0.02586	0.28300	0.07089	0.49310	0.00345	0.00176	0.00050	0.00081	0.00294	0.02212	0.00144
10	0.00400	0.07423	0.47345	0.01780	0.12941	0.00345	0.00430	0.04009	0.02157	0.18189	0.01377	0.00399	0.02214	0.00160	0.00145	0.00046	0.00187	0.00129	0.00097	0.00229
11	0.01952	0.00422	0.00367	0.00320	0.00389	0.32588	0.01516	0.11365	0.04960	0.12945	0.00373	0.00476	0.00313	0.10321	0.13725	0.00085	0.06307	0.01285	0.00107	0.00184
12	0.00190	0.00135	0.00180	0.00213	0.00223	0.00127	0.00145	0.00218	0.00291	0.00388	0.00821	0.85591	0.00979	0.04052	0.00217	0.00065	0.00093	0.05811	0.00139	0.00123
13	0.00221	0.00159	0.00225	0.02790	0.03285	0.00152	0.02178	0.01188	0.00310	0.03384	0.02630	0.74000	0.03365	0.00427	0.00189	0.00060	0.00102	0.05061	0.00137	0.00137
14	0.80205	0.00306	0.00254	0.00220	0.00317	0.00350	0.00181	0.09745	0.02790	0.04116	0.00252	0.00277	0.00189	0.00148	0.00103	0.00047	0.00123	0.00093	0.00105	0.00179
15	0.00415	0.00340	0.01975	0.34280	0.02600	0.05127	0.01771	0.27833	0.06443	0.05759	0.00373	0.00456	0.00283	0.01207	0.00156	0.00049	0.00174	0.02668	0.07888	0.00204
16	0.03609	0.02275	0.02892	0.01278	0.01543	0.02304	0.05654	0.21975	0.32138	0.10245	0.02273	0.00466	0.00821	0.00207	0.01743	0.00052	0.07255	0.00151	0.01213	0.01905

[dist]
# distance from previous block
# <min> <max>
1	5

[block]
# block no. 6 follows, 210 sequences, length 12
# corresponding to MSA columns:
# 1169-1178,1181,1182
name=unknown_G
#
# <colnr> <probs for GDERKNQSTAVLIFYWHMCP>
#	G	D	E	R	K	N	Q	S	T	A	V	L	I	F	Y	W	H	M	C	P
0	0.03033	0.08409	0.16919	0.09788	0.06491	0.07943	0.06926	0.11054	0.08325	0.02439	0.02688	0.02173	0.00290	0.01933	0.01059	0.00049	0.04157	0.00137	0.00095	0.06095
1	0.00266	0.00223	0.00304	0.07668	0.03092	0.00260	0.01203	0.02281	0.00312	0.00443	0.21407	0.04475	0.08655	0.16388	0.01802	0.00073	0.25501	0.00209	0.05292	0.00146
2	0.00213	0.00157	0.00189	0.00199	0.00231	0.00147	0.00147	0.02465	0.01396	0.00447	0.13717	0.30642	0.26493	0.05147	0.02017	0.01869	0.00100	0.10193	0.04098	0.00132
3	0.00208	0.00148	0.00189	0.00202	0.00227	0.00137	0.00144	0.00259	0.01837	0.01744	0.31869	0.47930	0.09384	0.00396	0.00185	0.00055	0.00083	0.02571	0.02298	0.00135
4	0.00198	0.00139	0.00180	0.00206	0.00216	0.00133	0.00138	0.00223	0.00282	0.00377	0.03200	0.64475	0.00899	0.20425	0.02121	0.00083	0.00110	0.06348	0.00130	0.00118
5	0.91379	0.00292	0.00229	0.00203	0.00298	0.00335	0.00167	0.00459	0.00266	0.04954	0.00229	0.00259	0.00174	0.00143	0.00097	0.00047	0.00118	0.00085	0.00098	0.00169
6	0.00227	0.00161	0.00221	0.02384	0.00293	0.00160	0.00207	0.00283	0.00328	0.00435	0.00804	0.31112	0.02811	0.00420	0.00198	0.00065	0.00121	0.55639	0.03994	0.00135
7	0.00187	0.00138	0.00176	0.00203	0.00221	0.00127	0.00140	0.00219	0.00306	0.00401	0.04034	0.72542	0.16453	0.00453	0.00191	0.00060	0.00088	0.03794	0.00142	0.00125
8	0.02538	0.00328	0.00355	0.00303	0.00394	0.01440	0.01576	0.20182	0.53729	0.06049	0.05706	0.00564	0.03007	0.00206	0.00153	0.00049	0.00129	0.00169	0.02891	0.00231
9	0.00320	0.00325	0.01498	0.09380	0.05391	0.01077	0.43649	0.01395	0.08443	0.01843	0.06409	0.03107	0.14164	0.00208	0.01139	0.00052	0.00190	0.00202	0.00102	0.01104
10	0.01896	0.00218	0.00255	0.00245	0.00295	0.02199	0.00185	0.12697	0.03389	0.08590	0.02045	0.43410	0.05868	0.03745	0.00201	0.00058	0.01212	0.08571	0.00140	0.04780
11	0.00361	0.03989	0.10673	0.02711	0.24430	0.00328	0.10951	0.06862	0.04150	0.02048	0.02608	0.00379	0.00268	0.00143	0.00147	0.00040	0.01874	0.00128	0.00090	0.27821

[dist]
# distance from previous block
# <min> <max>
0	1

[block]
# block no. 7 follows, 210 sequences, length 17
# corresponding to MSA columns:
# 1203-1219
name=unknown_H
#
# <colnr> <probs for GDERKNQSTAVLIFYWHMCP>
#	G	D	E	R	K	N	Q	S	T	A	V	L	I	F	Y	W	H	M	C	P
0	0.02073	0.10533	0.53916	0.00376	0.00548	0.02122	0.01557	0.02642	0.17143	0.04746	0.00344	0.00367	0.00253	0.00164	0.00832	0.00048	0.00925	0.00122	0.00089	0.01196
1	0.74776	0.01450	0.00240	0.01734	0.00306	0.02386	0.00173	0.00438	0.01927	0.02251	0.11645	0.00372	0.00332	0.00176	0.01244	0.00049	0.00121	0.00111	0.00104	0.00165
2	0.03984	0.01649	0.02654	0.08474	0.35522	0.14259	0.03252	0.08091	0.08699	0.05970	0.01891	0.01093	0.00281	0.00162	0.00155	0.00046	0.02316	0.00137	0.01147	0.00217
3	0.00223	0.00158	0.00216	0.00222	0.00235	0.00169	0.00158	0.00241	0.00253	0.00348	0.01940	0.28586	0.02066	0.15297	0.26356	0.14984	0.05943	0.01389	0.00100	0.01115
4	0.00347	0.02648	0.01672	0.00238	0.00285	0.00232	0.00182	0.05800	0.04106	0.17666	0.01792	0.02239	0.01061	0.30866	0.19041	0.00119	0.06220	0.00180	0.05145	0.00160
5	0.00188	0.00137	0.00172	0.00198	0.00213	0.00127	0.00132	0.00215	0.00295	0.00387	0.03052	0.69821	0.14650	0.09357	0.00246	0.00068	0.00092	0.00391	0.00137	0.00121
6	0.01730	0.00619	0.58754	0.00389	0.00561	0.03078	0.04466	0.11916	0.04099	0.02039	0.00325	0.00407	0.00252	0.09083	0.00205	0.00057	0.00203	0.00131	0.01473	0.00213
7	0.09413	0.85835	0.00741	0.00254	0.00380	0.00576	0.00251	0.00453	0.00304	0.00387	0.00211	0.00244	0.00192	0.00131	0.00097	0.00034	0.00158	0.00081	0.00068	0.00192
8	0.00307	0.00993	0.03593	0.02167	0.01300	0.01982	0.00880	0.01522	0.03250	0.07102	0.02296	0.27075	0.01229	0.04044	0.00211	0.00050	0.09027	0.03222	0.00113	0.29634
9	0.02423	0.14061	0.00400	0.00288	0.00380	0.02552	0.00234	0.12771	0.51200	0.00604	0.02323	0.00575	0.09206	0.00227	0.02047	0.00051	0.00137	0.00166	0.00135	0.00218
10	0.65926	0.05634	0.00296	0.00245	0.02214	0.10157	0.00194	0.02002	0.02039	0.05616	0.02839	0.00304	0.00228	0.00151	0.00107	0.00045	0.00137	0.00097	0.01593	0.00176
11	0.02009	0.00316	0.00373	0.06337	0.02603	0.01453	0.01708	0.24402	0.25891	0.09958	0.12291	0.00572	0.02202	0.01192	0.01152	0.00052	0.05083	0.00835	0.01354	0.00217
12	0.00197	0.00153	0.00176	0.00174	0.00216	0.00135	0.00130	0.00249	0.00377	0.00493	0.39299	0.06244	0.48153	0.00356	0.00179	0.00050	0.00076	0.01697	0.01512	0.00134
13	0.04303	0.03825	0.17435	0.02116	0.09698	0.00321	0.15888	0.05567	0.08874	0.09835	0.03120	0.01862	0.09129	0.00182	0.00152	0.00046	0.00168	0.00162	0.00107	0.07209
14	0.00235	0.00149	0.00194	0.00212	0.00237	0.00136	0.00149	0.00269	0.00319	0.09233	0.06579	0.68525	0.09807	0.00428	0.00188	0.00059	0.00091	0.02906	0.00147	0.00138
15	0.00406	0.62821	0.05775	0.00295	0.00412	0.12898	0.01623	0.02766	0.00342	0.00396	0.01959	0.00412	0.00283	0.00166	0.00120	0.00039	0.00178	0.08842	0.00078	0.00189
16	0.00200	0.00147	0.00195	0.00231	0.02817	0.00140	0.00155	0.00239	0.01660	0.00408	0.05760	0.69203	0.06811	0.04318	0.00215	0.00064	0.00096	0.07073	0.00138	0.00129

[dist]
# distance from previous block
# <min> <max>
4	12

[block]
# block no. 8 follows, 210 sequences, length 17
# corresponding to MSA columns:
# 1251-1267
name=unknown_I
#
# <colnr> <probs for GDERKNQSTAVLIFYWHMCP>
#	G	D	E	R	K	N	Q	S	T	A	V	L	I	F	Y	W	H	M	C	P
0	0.16076	0.03779	0.09085	0.02066	0.02068	0.06389	0.00795	0.20799	0.09677	0.14134	0.01758	0.00414	0.03114	0.00173	0.00141	0.00045	0.01287	0.00131	0.00122	0.07949
1	0.63263	0.01310	0.00260	0.00218	0.00313	0.00302	0.00178	0.01573	0.01324	0.19388	0.03674	0.02200	0.00277	0.00169	0.00121	0.01625	0.00119	0.00113	0.00117	0.03455
2	0.00214	0.00139	0.00185	0.00202	0.00214	0.00134	0.00138	0.00219	0.00269	0.00356	0.03213	0.41941	0.08255	0.11306	0.03009	0.24403	0.00116	0.05466	0.00115	0.00107
3	0.00224	0.00153	0.00187	0.00186	0.00199	0.00155	0.00120	0.00242	0.00245	0.02166	0.02239	0.04927	0.06721	0.60459	0.20998	0.00154	0.00195	0.00223	0.00098	0.00109
4	0.01797	0.00290	0.00314	0.00281	0.00359	0.00325	0.00218	0.02464	0.66067	0.07974	0.04636	0.00592	0.00484	0.02995	0.03390	0.00059	0.00126	0.00171	0.07236	0.00221
5	0.00308	0.04076	0.56634	0.02734	0.00557	0.00311	0.01329	0.00441	0.00316	0.00474	0.00281	0.01870	0.00219	0.00154	0.01504	0.00043	0.00189	0.00112	0.00073	0.28376
6	0.45862	0.01731	0.00325	0.00279	0.00368	0.26989	0.00221	0.10980	0.03336	0.02726	0.00267	0.00305	0.00211	0.01726	0.00898	0.00048	0.01977	0.00102	0.01466	0.00181
7	0.00353	0.00223	0.00249	0.00233	0.00290	0.01256	0.00190	0.17896	0.04270	0.05151	0.00562	0.02363	0.00498	0.00246	0.00147	0.00048	0.00114	0.23694	0.42045	0.00173
8	0.00206	0.00153	0.00176	0.00178	0.00199	0.00147	0.00119	0.00229	0.00282	0.00362	0.04728	0.09717	0.31454	0.42365	0.04697	0.00104	0.02007	0.02647	0.00116	0.00114
9	0.00228	0.00158	0.00206	0.00195	0.00234	0.00146	0.00148	0.00296	0.00418	0.03615	0.79259	0.03847	0.06438	0.00319	0.00180	0.00049	0.00077	0.03877	0.00164	0.00145
10	0.00185	0.00136	0.00174	0.00203	0.00218	0.00125	0.00138	0.00216	0.00304	0.00400	0.05193	0.77912	0.13328	0.00456	0.00191	0.00060	0.00086	0.00409	0.00142	0.00125
11	0.01756	0.00198	0.00256	0.00221	0.00289	0.00178	0.00174	0.00456	0.02228	0.34473	0.42531	0.03021	0.10375	0.00276	0.00169	0.00049	0.00097	0.02898	0.00169	0.00185
12	0.01384	0.20164	0.59534	0.00401	0.00584	0.02956	0.05990	0.00480	0.02313	0.00453	0.00264	0.00313	0.00201	0.00147	0.00151	0.00046	0.04227	0.00111	0.00068	0.00213
13	0.95740	0.00293	0.00223	0.00199	0.00293	0.00340	0.00164	0.00446	0.00258	0.00681	0.00211	0.00246	0.00164	0.00141	0.00094	0.00047	0.00117	0.00082	0.00094	0.00164
14	0.00279	0.03340	0.10068	0.02163	0.03040	0.00228	0.06093	0.03493	0.04904	0.01271	0.18731	0.05757	0.06798	0.03533	0.05221	0.16420	0.00148	0.02664	0.05697	0.00152
15	0.00216	0.00159	0.00228	0.00231	0.00256	0.00178	0.00176	0.00264	0.00257	0.00363	0.03063	0.06243	0.03197	0.08982	0.71539	0.00207	0.00335	0.02909	0.01065	0.00131
16	0.00336	0.12023	0.45185	0.03382	0.03117	0.01648	0.03541	0.00512	0.14887	0.02638	0.09002	0.00436	0.00357	0.00171	0.00152	0.00047	0.02124	0.00137	0.00092	0.00212

[dist]
# distance from previous block
# <min> <max>
1	27

[block]
# block no. 9 follows, 210 sequences, length 17
# corresponding to MSA columns:
# 1295-1311
name=unknown_J
#
# <colnr> <probs for GDERKNQSTAVLIFYWHMCP>
#	G	D	E	R	K	N	Q	S	T	A	V	L	I	F	Y	W	H	M	C	P
0	0.51346	0.02315	0.09069	0.02474	0.09455	0.02287	0.06330	0.07126	0.00321	0.01665	0.00273	0.02904	0.00222	0.00165	0.00961	0.00049	0.00819	0.00991	0.00093	0.01133
1	0.00271	0.00239	0.02405	0.10850	0.19550	0.00232	0.00255	0.01282	0.06915	0.01600	0.33694	0.04129	0.16688	0.00262	0.00168	0.00049	0.00119	0.00991	0.00128	0.00174
2	0.00215	0.00146	0.00168	0.00173	0.00176	0.00144	0.00102	0.00221	0.00236	0.00312	0.00560	0.13347	0.03216	0.77974	0.00669	0.00132	0.00137	0.01873	0.00101	0.00098
3	0.00306	0.00309	0.03300	0.12780	0.12074	0.03507	0.07088	0.00380	0.02405	0.01184	0.08424	0.03047	0.12737	0.01531	0.01610	0.00058	0.28024	0.00968	0.00093	0.00173
4	0.12393	0.00205	0.00244	0.00212	0.00280	0.00195	0.00167	0.01695	0.01721	0.25102	0.42834	0.01984	0.09076	0.00258	0.00159	0.00048	0.00095	0.00217	0.02939	0.00177
5	0.02146	0.06880	0.02759	0.03250	0.03588	0.16311	0.03223	0.13210	0.05186	0.02950	0.07104	0.03958	0.05800	0.18226	0.01207	0.00068	0.01897	0.01956	0.00109	0.00174
6	0.09503	0.00313	0.05967	0.03496	0.01213	0.02728	0.00241	0.14030	0.03807	0.37687	0.04032	0.01856	0.00390	0.09469	0.00221	0.02092	0.00848	0.01752	0.00142	0.00212
7	0.00201	0.00151	0.00179	0.00189	0.00218	0.00139	0.00136	0.00239	0.00323	0.00415	0.13254	0.19688	0.33380	0.18351	0.00299	0.00073	0.00100	0.12407	0.00135	0.00124
8	0.80130	0.00294	0.02326	0.02303	0.00321	0.00324	0.00183	0.00452	0.01238	0.04746	0.02064	0.00337	0.01048	0.00157	0.00105	0.00048	0.00121	0.02616	0.01019	0.00169
9	0.10285	0.00222	0.00283	0.00263	0.00292	0.00252	0.03947	0.02197	0.02348	0.00422	0.01276	0.12720	0.00526	0.29580	0.00420	0.00087	0.18572	0.13396	0.01972	0.00942
10	0.00322	0.00265	0.00311	0.00226	0.00356	0.00200	0.00180	0.00388	0.00318	0.03581	0.00300	0.03515	0.00256	0.00127	0.00116	0.00025	0.00112	0.00104	0.00095	0.89204
11	0.00326	0.00270	0.00315	0.00228	0.00358	0.00209	0.00182	0.03529	0.00331	0.02494	0.00315	0.01853	0.02146	0.00128	0.00117	0.00025	0.00113	0.00103	0.00096	0.86861
12	0.06845	0.00249	0.00278	0.00232	0.00316	0.00246	0.00184	0.11831	0.11179	0.13614	0.04811	0.01218	0.04089	0.02801	0.02262	0.00048	0.00118	0.02025	0.20386	0.17266
13	0.00299	0.00755	0.89619	0.00422	0.00637	0.00342	0.00541	0.00468	0.00319	0.00476	0.00298	0.04608	0.00229	0.00159	0.00146	0.00049	0.00218	0.00127	0.00068	0.00220
14	0.00370	0.01332	0.04469	0.15584	0.09994	0.00319	0.06706	0.14370	0.09089	0.03875	0.01211	0.03655	0.00309	0.01113	0.00155	0.00044	0.01026	0.02222	0.00105	0.24050
15	0.01285	0.00297	0.00435	0.55931	0.01951	0.00340	0.01274	0.18378	0.00401	0.11735	0.00352	0.00466	0.00265	0.00173	0.00153	0.00049	0.00182	0.04348	0.00102	0.01882
16	0.02045	0.08520	0.19866	0.04367	0.09099	0.05582	0.07968	0.15979	0.03715	0.10629	0.01730	0.01219	0.01382	0.05138	0.00184	0.00051	0.01441	0.00141	0.00729	0.00214

[dist]
# distance from previous block
# <min> <max>
0	2

[block]
# block no. 10 follows, 210 sequences, length 6
# corresponding to MSA columns:
# 1314-1319
name=unknown_K
#
# <colnr> <probs for GDERKNQSTAVLIFYWHMCP>
#	G	D	E	R	K	N	Q	S	T	A	V	L	I	F	Y	W	H	M	C	P
0	0.00263	0.03092	0.03422	0.24476	0.04890	0.00235	0.02324	0.03359	0.00322	0.02894	0.02595	0.42688	0.03876	0.00341	0.02838	0.00060	0.00145	0.01913	0.00113	0.00157
1	0.36167	0.04411	0.02959	0.04715	0.07745	0.03208	0.02699	0.08858	0.05370	0.11901	0.03569	0.05784	0.00320	0.00178	0.00131	0.00047	0.00142	0.00138	0.00113	0.01546
2	0.00321	0.00217	0.00284	0.02889	0.00325	0.01824	0.03400	0.02186	0.04499	0.16301	0.13030	0.09845	0.15803	0.05177	0.14257	0.00085	0.05112	0.02839	0.00132	0.01475
3	0.02051	0.00245	0.01629	0.00254	0.01510	0.03650	0.01724	0.09564	0.04270	0.06065	0.01994	0.07742	0.03684	0.29920	0.11642	0.00103	0.04091	0.02548	0.02246	0.05068
4	0.52651	0.06937	0.06931	0.00281	0.04737	0.03434	0.00233	0.07583	0.02456	0.03241	0.01868	0.02126	0.01928	0.00162	0.00124	0.00046	0.02356	0.00111	0.00099	0.02694
5	0.05710	0.04421	0.03847	0.01913	0.04301	0.21631	0.04931	0.10727	0.05361	0.09757	0.01902	0.02737	0.01601	0.00188	0.00192	0.00047	0.13516	0.00137	0.02782	0.04302

[dist]
# distance from previous block
# <min> <max>
12	99

[block]
# block no. 11 follows, 210 sequences, length 32
# corresponding to MSA columns:
# 1473-1489,1502,1513,1519-1531
name=unknown_L
#
# <colnr> <probs for GDERKNQSTAVLIFYWHMCP>
#	G	D	E	R	K	N	Q	S	T	A	V	L	I	F	Y	W	H	M	C	P
0	0.02519	0.01414	0.05596	0.05842	0.03458	0.32369	0.01089	0.02701	0.02660	0.11061	0.02039	0.06898	0.01015	0.03451	0.01660	0.01670	0.06967	0.00147	0.00100	0.07344
1	0.15991	0.08063	0.21532	0.03824	0.04073	0.01782	0.05800	0.08852	0.06722	0.04654	0.02566	0.00397	0.02419	0.01643	0.00154	0.00046	0.02484	0.00127	0.00097	0.08776
2	0.04165	0.38030	0.06684	0.21688	0.04332	0.07403	0.01107	0.05688	0.01489	0.02902	0.00260	0.00316	0.00210	0.00145	0.00130	0.00041	0.01673	0.00107	0.00078	0.03551
3	0.11674	0.05951	0.01967	0.06092	0.02657	0.02377	0.01242	0.08652	0.07665	0.30892	0.07058	0.05353	0.03713	0.00202	0.00148	0.00047	0.00665	0.00164	0.00138	0.03342
4	0.01446	0.00262	0.00379	0.20479	0.09455	0.01945	0.04503	0.07223	0.02655	0.03733	0.00525	0.02276	0.02103	0.01730	0.00194	0.00057	0.03769	0.32070	0.05020	0.00175
5	0.00212	0.00153	0.00180	0.00185	0.00208	0.00145	0.00129	0.00241	0.00299	0.00389	0.12053	0.06760	0.22702	0.41391	0.00442	0.00096	0.00117	0.14060	0.00123	0.00116
6	0.00264	0.00167	0.00212	0.00196	0.00243	0.00150	0.00149	0.00326	0.00409	0.11509	0.62729	0.03379	0.15729	0.01872	0.00187	0.00051	0.00082	0.02032	0.00163	0.00153
7	0.00204	0.00153	0.00175	0.00173	0.00204	0.00141	0.00120	0.00245	0.01311	0.00433	0.26804	0.05200	0.34702	0.27855	0.00353	0.00079	0.00098	0.01493	0.00134	0.00123
8	0.00248	0.00155	0.00200	0.00211	0.00242	0.00142	0.00152	0.00286	0.00331	0.10753	0.10477	0.50686	0.14783	0.03473	0.00205	0.00060	0.00095	0.07212	0.00147	0.00141
9	0.23463	0.00382	0.00393	0.00308	0.00422	0.00423	0.00254	0.64905	0.00586	0.06923	0.00343	0.00346	0.00243	0.00173	0.00138	0.00046	0.00153	0.00125	0.00140	0.00235
10	0.02732	0.60608	0.28659	0.00313	0.00470	0.00515	0.00349	0.04068	0.00326	0.00425	0.00235	0.00271	0.00196	0.00136	0.00113	0.00038	0.00180	0.00093	0.00069	0.00205
11	0.00209	0.00150	0.00193	0.00195	0.00225	0.00139	0.00143	0.00266	0.00383	0.00534	0.59796	0.23302	0.06172	0.01862	0.00191	0.00053	0.00079	0.03375	0.02598	0.00137
12	0.00363	0.00343	0.01371	0.00299	0.01509	0.26091	0.01437	0.00362	0.00916	0.01752	0.00285	0.02082	0.00275	0.06350	0.00424	0.39892	0.14300	0.01064	0.00759	0.00125
13	0.00187	0.00133	0.00175	0.00208	0.00218	0.00124	0.00139	0.00214	0.00290	0.00389	0.00833	0.88986	0.02557	0.02790	0.00206	0.00063	0.00089	0.00419	0.01857	0.00123
14	0.00417	0.88825	0.00772	0.00265	0.00393	0.02930	0.00261	0.02748	0.00323	0.01615	0.00220	0.00251	0.00199	0.00133	0.00100	0.00033	0.00165	0.00084	0.00069	0.00197
15	0.00417	0.09546	0.04986	0.01024	0.08858	0.17072	0.29287	0.13470	0.01295	0.00520	0.05784	0.00405	0.00932	0.00171	0.00995	0.00048	0.04749	0.00146	0.00092	0.00204
16	0.01928	0.01131	0.01100	0.00904	0.02206	0.00684	0.00195	0.03164	0.02345	0.07225	0.14098	0.04564	0.01900	0.00829	0.00148	0.00036	0.02494	0.01690	0.00114	0.53246
17	0.01364	0.02933	0.13956	0.18295	0.31709	0.03092	0.04911	0.06299	0.03066	0.04280	0.00959	0.03228	0.01168	0.00167	0.00163	0.00048	0.03309	0.00754	0.00087	0.00212
18	0.00313	0.01831	0.00275	0.00240	0.00302	0.00247	0.00186	0.04426	0.31295	0.05750	0.44715	0.00859	0.05141	0.00268	0.01069	0.00050	0.00100	0.00222	0.02526	0.00187
19	0.00214	0.00162	0.00222	0.02018	0.00275	0.00900	0.02166	0.00259	0.01192	0.00411	0.03633	0.57165	0.03073	0.03839	0.00221	0.00065	0.01829	0.22090	0.00135	0.00132
20	0.00852	0.07795	0.33919	0.01308	0.01536	0.03341	0.14662	0.13113	0.06147	0.02406	0.02568	0.03389	0.01779	0.00168	0.00152	0.00046	0.01113	0.00144	0.00094	0.05465
21	0.04250	0.00342	0.00461	0.04401	0.34724	0.08291	0.01193	0.02582	0.00981	0.38375	0.00995	0.00433	0.00299	0.00171	0.00795	0.00047	0.00787	0.00516	0.00124	0.00234
22	0.00189	0.00136	0.00174	0.00203	0.00215	0.00126	0.00136	0.00215	0.00291	0.00384	0.02032	0.76951	0.08216	0.08714	0.00243	0.00068	0.00093	0.01355	0.00137	0.00121
23	0.01095	0.00897	0.05144	0.49970	0.15206	0.04103	0.05559	0.01576	0.00684	0.03454	0.00279	0.00385	0.00216	0.00162	0.00187	0.00716	0.09087	0.00134	0.00075	0.01070
24	0.00365	0.01109	0.02705	0.09416	0.24055	0.02523	0.03540	0.02250	0.22918	0.08923	0.06317	0.04880	0.06642	0.00220	0.01322	0.00052	0.01109	0.01326	0.00119	0.00210
25	0.00205	0.00151	0.00193	0.00211	0.00239	0.00141	0.00159	0.00253	0.00343	0.00454	0.21756	0.35020	0.16893	0.02206	0.00202	0.00060	0.00095	0.21142	0.00146	0.00132
26	0.00206	0.00141	0.00173	0.00189	0.00194	0.00138	0.00118	0.00220	0.00255	0.00340	0.00645	0.41852	0.00760	0.50387	0.00501	0.00107	0.00121	0.03430	0.00115	0.00107
27	0.10872	0.05603	0.10354	0.03737	0.02281	0.01110	0.09953	0.29300	0.08904	0.10665	0.01085	0.01311	0.02047	0.00176	0.00150	0.00047	0.01286	0.00774	0.00121	0.00223
28	0.52294	0.00298	0.02586	0.01027	0.00327	0.01863	0.00198	0.07172	0.06191	0.04792	0.01973	0.07202	0.07229	0.00206	0.00143	0.00050	0.04506	0.01657	0.00112	0.00175
29	0.00222	0.00164	0.00238	0.01109	0.00267	0.00189	0.00182	0.00271	0.00245	0.00356	0.00418	0.02074	0.00400	0.09587	0.78201	0.00220	0.02078	0.00170	0.03478	0.00132
30	0.00534	0.07446	0.10018	0.01197	0.00453	0.07425	0.02404	0.30325	0.02106	0.29983	0.04856	0.00445	0.01251	0.00181	0.00148	0.00045	0.00164	0.00142	0.00641	0.00234
31	0.03466	0.16757	0.15117	0.02669	0.02173	0.05004	0.03732	0.15498	0.04106	0.23174	0.00387	0.01291	0.01367	0.00173	0.00700	0.00045	0.00964	0.00130	0.00117	0.03130

[dist]
# distance from previous block
# <min> <max>
2	36

[block]
# block no. 12 follows, 210 sequences, length 12
# corresponding to MSA columns:
# 1574-1585
name=unknown_M
#
# <colnr> <probs for GDERKNQSTAVLIFYWHMCP>
#	G	D	E	R	K	N	Q	S	T	A	V	L	I	F	Y	W	H	M	C	P
0	0.00309	0.00287	0.04395	0.00233	0.00367	0.00206	0.00195	0.00380	0.00314	0.00490	0.00291	0.03861	0.00253	0.00127	0.00117	0.00025	0.00116	0.00104	0.00091	0.87839
1	0.00291	0.00217	0.00262	0.00258	0.01563	0.00218	0.00195	0.04750	0.19725	0.04389	0.05864	0.29769	0.03987	0.02812	0.01374	0.00059	0.00116	0.14770	0.00140	0.09242
2	0.01888	0.00218	0.00263	0.00229	0.00300	0.00210	0.00180	0.06228	0.06761	0.32108	0.08917	0.10766	0.11093	0.00254	0.00158	0.00048	0.01236	0.01685	0.17267	0.00192
3	0.00212	0.00146	0.00171	0.00177	0.00188	0.00143	0.00111	0.00226	0.00256	0.00340	0.03334	0.15787	0.11499	0.57495	0.04646	0.01667	0.00137	0.01569	0.01787	0.00106
4	0.00247	0.00215	0.00211	0.00200	0.00246	0.09984	0.00149	0.00301	0.00393	0.02070	0.46885	0.02759	0.32812	0.02631	0.00189	0.00051	0.00098	0.00271	0.00147	0.00142
