[name]
unknown

[dist]
# distance from previous block
# <min> <max>
0	341

[block]
# block no. 0 follows, 244 sequences, length 6
# corresponding to MSA columns:
# 1311,1317-1320,1325
name=unknown_A
#
# <colnr> <probs for GDERKNQSTAVLIFYWHMCP>
#	G	D	E	R	K	N	Q	S	T	A	V	L	I	F	Y	W	H	M	C	P
0	0.00299	0.03428	0.01347	0.11081	0.25938	0.05174	0.01784	0.08247	0.05276	0.01478	0.03260	0.02656	0.05689	0.09323	0.02611	0.04174	0.01786	0.05204	0.00086	0.01159
1	0.00178	0.00132	0.00158	0.00168	0.00188	0.00124	0.00115	0.00217	0.03289	0.00361	0.14527	0.34744	0.19449	0.21605	0.00277	0.00067	0.00087	0.04089	0.00117	0.00108
2	0.53597	0.07829	0.19570	0.02611	0.00368	0.04396	0.03815	0.03213	0.00261	0.00509	0.00210	0.00257	0.00166	0.02584	0.00113	0.00042	0.00139	0.00086	0.00074	0.00159
3	0.00337	0.04555	0.00515	0.13248	0.63336	0.11461	0.03850	0.00411	0.00304	0.00401	0.00239	0.00316	0.00198	0.00121	0.00129	0.00039	0.00171	0.00113	0.00065	0.00192
4	0.04445	0.08493	0.01673	0.05996	0.18143	0.02287	0.11935	0.02380	0.01913	0.04760	0.03764	0.08249	0.02141	0.12903	0.03508	0.00060	0.04344	0.02764	0.00084	0.00156
5	0.15455	0.00276	0.00378	0.03273	0.22545	0.05374	0.10695	0.05949	0.02927	0.00439	0.01708	0.02956	0.00270	0.02595	0.01630	0.10725	0.04735	0.04330	0.01579	0.02159

[dist]
# distance from previous block
# <min> <max>
2	4

[block]
# block no. 1 follows, 244 sequences, length 18
# corresponding to MSA columns:
# 1331-1348
name=unknown_B
#
# <colnr> <probs for GDERKNQSTAVLIFYWHMCP>
#	G	D	E	R	K	N	Q	S	T	A	V	L	I	F	Y	W	H	M	C	P
0	0.02731	0.00172	0.00211	0.00205	0.00245	0.00785	0.01206	0.06467	0.06131	0.12718	0.05483	0.51198	0.05122	0.02578	0.00165	0.00050	0.00092	0.01208	0.00796	0.02436
1	0.05278	0.39335	0.05958	0.02698	0.11283	0.11247	0.04628	0.06358	0.02442	0.03390	0.00251	0.01142	0.01098	0.01645	0.01384	0.00039	0.01476	0.00100	0.00072	0.00175
2	0.07536	0.14578	0.08308	0.01558	0.03859	0.23052	0.01969	0.05790	0.02609	0.10495	0.01450	0.01841	0.00231	0.00151	0.01193	0.00038	0.02917	0.01088	0.00085	0.11250
3	0.00260	0.00148	0.00189	0.00187	0.00226	0.00134	0.00138	0.01185	0.01388	0.20298	0.08026	0.46540	0.18358	0.00329	0.00157	0.00048	0.00083	0.02035	0.00133	0.00137
4	0.00180	0.00150	0.02124	0.00160	0.00203	0.00124	0.01458	0.00224	0.00316	0.02781	0.24489	0.08641	0.56722	0.01634	0.00163	0.00046	0.00073	0.00266	0.00127	0.00120
5	0.87179	0.03396	0.02485	0.00186	0.00272	0.02152	0.00158	0.02143	0.00238	0.00579	0.00188	0.00219	0.00147	0.00123	0.00085	0.00040	0.00109	0.00073	0.00081	0.00147
6	0.01491	0.00856	0.05443	0.05024	0.12320	0.01646	0.17351	0.01298	0.00857	0.07092	0.02178	0.09290	0.00312	0.00202	0.02214	0.00049	0.19912	0.01369	0.10935	0.00162
7	0.00292	0.00253	0.02047	0.01573	0.02411	0.04539	0.01265	0.05292	0.00843	0.04171	0.00852	0.10509	0.02424	0.02568	0.02222	0.00037	0.03526	0.00129	0.00565	0.54482
8	0.00201	0.00141	0.00195	0.00191	0.00208	0.00153	0.01516	0.00228	0.00212	0.01320	0.01233	0.01984	0.00396	0.33851	0.48156	0.04212	0.00987	0.01321	0.02375	0.01120
9	0.68112	0.05560	0.02749	0.02212	0.00286	0.03110	0.00167	0.04783	0.00249	0.00533	0.00213	0.01657	0.00178	0.02568	0.01753	0.05441	0.00120	0.00087	0.00080	0.00143
10	0.00339	0.02066	0.01928	0.00260	0.00330	0.00953	0.02573	0.26871	0.27702	0.02270	0.05515	0.11122	0.03898	0.01380	0.01037	0.01360	0.04220	0.00840	0.03761	0.01571
11	0.00298	0.00245	0.00846	0.01079	0.01762	0.02150	0.00859	0.07673	0.42332	0.03004	0.09956	0.11975	0.04784	0.00994	0.01517	0.02143	0.00108	0.01200	0.00123	0.06952
12	0.00192	0.00132	0.00169	0.00170	0.00179	0.00139	0.00113	0.00207	0.00205	0.00281	0.02143	0.03720	0.00451	0.54582	0.30631	0.04833	0.00197	0.01484	0.00079	0.00093
13	0.00291	0.03656	0.63618	0.02538	0.09882	0.01933	0.07855	0.02250	0.01858	0.02198	0.00945	0.00306	0.00193	0.00142	0.01737	0.00044	0.00190	0.00107	0.00064	0.00192
14	0.00189	0.00149	0.00925	0.00171	0.00209	0.01243	0.00746	0.00235	0.00889	0.01942	0.31979	0.11631	0.37406	0.00315	0.00165	0.01826	0.00078	0.08534	0.00128	0.01242
15	0.02826	0.05514	0.16134	0.04539	0.07523	0.04134	0.03807	0.05169	0.10185	0.05010	0.12209	0.04230	0.02659	0.00231	0.06191	0.00053	0.05158	0.01044	0.01661	0.01723
16	0.12494	0.09949	0.03893	0.06622	0.06631	0.12217	0.01689	0.17843	0.03678	0.05624	0.01597	0.03305	0.00909	0.00149	0.00125	0.00038	0.02356	0.00803	0.00571	0.09509
17	0.37538	0.11894	0.01904	0.04486	0.14485	0.08635	0.05116	0.03322	0.00283	0.03249	0.00773	0.00301	0.02567	0.00133	0.00112	0.00039	0.01837	0.00778	0.00078	0.02470

[dist]
# distance from previous block
# <min> <max>
5	128

[block]
# block no. 2 follows, 244 sequences, length 11
# corresponding to MSA columns:
# 1500-1508,1515,1523
name=unknown_C
#
# <colnr> <probs for GDERKNQSTAVLIFYWHMCP>
#	G	D	E	R	K	N	Q	S	T	A	V	L	I	F	Y	W	H	M	C	P
0	0.04283	0.06198	0.09552	0.01327	0.04139	0.10924	0.01492	0.06270	0.08683	0.09455	0.08904	0.08226	0.11437	0.00219	0.02574	0.00045	0.00134	0.00829	0.00104	0.05205
1	0.10446	0.09697	0.15496	0.02544	0.16583	0.04740	0.03098	0.05915	0.07005	0.06588	0.05854	0.02064	0.03445	0.00164	0.00981	0.00041	0.00144	0.01941	0.01115	0.02138
2	0.06924	0.20338	0.38507	0.00301	0.02193	0.02009	0.01160	0.06028	0.05026	0.03244	0.04170	0.03349	0.01958	0.00150	0.00121	0.00039	0.00886	0.01009	0.01153	0.01437
3	0.03910	0.03200	0.18656	0.01442	0.12887	0.00282	0.02123	0.07802	0.17086	0.12866	0.07820	0.02112	0.02885	0.00177	0.01019	0.00043	0.01379	0.01692	0.01428	0.01190
4	0.28056	0.11736	0.10003	0.00252	0.01475	0.03199	0.01966	0.13263	0.08867	0.07931	0.03419	0.02332	0.01938	0.00956	0.00118	0.00041	0.00128	0.01661	0.01315	0.01344
5	0.01871	0.01598	0.02990	0.12831	0.16800	0.04123	0.02042	0.11280	0.08961	0.23107	0.02713	0.05267	0.03654	0.00172	0.00137	0.00042	0.01105	0.01008	0.00110	0.00190
6	0.00376	0.52816	0.07263	0.00267	0.00372	0.19520	0.00248	0.03756	0.11398	0.00371	0.00239	0.00260	0.00200	0.00128	0.00102	0.00033	0.00160	0.00087	0.00071	0.02333
7	0.00472	0.00595	0.00363	0.00331	0.00396	0.88075	0.00249	0.00507	0.00363	0.00322	0.00215	0.00258	0.00182	0.00197	0.06873	0.00047	0.00247	0.00089	0.00068	0.00151
8	0.00285	0.00311	0.11063	0.53033	0.05680	0.00299	0.14719	0.05771	0.00303	0.02632	0.04442	0.00372	0.00235	0.00136	0.00136	0.00043	0.00176	0.00127	0.00071	0.00166
9	0.02558	0.09161	0.10678	0.01470	0.03201	0.22274	0.01007	0.06738	0.02226	0.11950	0.00313	0.06700	0.00270	0.06279	0.01833	0.00047	0.06069	0.00125	0.00088	0.07013
10	0.00168	0.00148	0.02879	0.00163	0.00199	0.00123	0.00123	0.00211	0.03364	0.00356	0.01039	0.34672	0.52881	0.02838	0.00173	0.00050	0.00077	0.00302	0.00120	0.00115

[dist]
# distance from previous block
# <min> <max>
3	6

[block]
# block no. 3 follows, 244 sequences, length 15
# corresponding to MSA columns:
# 1540-1542,1547-1558
name=unknown_D
#
# <colnr> <probs for GDERKNQSTAVLIFYWHMCP>
#	G	D	E	R	K	N	Q	S	T	A	V	L	I	F	Y	W	H	M	C	P
0	0.07400	0.01755	0.04618	0.07015	0.19745	0.03309	0.04415	0.15772	0.12004	0.11167	0.02539	0.01887	0.00957	0.03590	0.01052	0.00046	0.00967	0.00130	0.01446	0.00188
1	0.00475	0.01639	0.00349	0.01486	0.02092	0.17631	0.00226	0.37867	0.01454	0.23730	0.08486	0.00423	0.03202	0.00169	0.00132	0.00039	0.00145	0.00131	0.00126	0.00197
2	0.00309	0.00346	0.00737	0.00536	0.02244	0.00326	0.85380	0.00426	0.03177	0.00429	0.01903	0.00369	0.00225	0.00116	0.00153	0.00044	0.00212	0.00154	0.00071	0.02844
3	0.03506	0.00291	0.00417	0.06286	0.43468	0.03194	0.02388	0.06616	0.09795	0.07673	0.00335	0.07550	0.00283	0.00153	0.00130	0.00040	0.00140	0.00137	0.00090	0.07509
4	0.00163	0.00117	0.00155	0.00184	0.00194	0.00109	0.00125	0.00189	0.00260	0.00346	0.03504	0.86387	0.04078	0.00406	0.00168	0.00053	0.00077	0.03252	0.00123	0.00108
5	0.04034	0.05590	0.01712	0.01667	0.05397	0.01378	0.01702	0.29523	0.45650	0.01332	0.00405	0.00393	0.00302	0.00161	0.00129	0.00042	0.00128	0.00129	0.00120	0.00207
6	0.05814	0.01413	0.03277	0.14317	0.07091	0.00286	0.15636	0.08475	0.03905	0.07241	0.01229	0.02433	0.01531	0.02138	0.08983	0.00631	0.09281	0.03247	0.02909	0.00165
7	0.01209	0.30120	0.33269	0.00306	0.02174	0.02419	0.04253	0.05375	0.02403	0.08017	0.03894	0.04628	0.01095	0.00148	0.00118	0.00038	0.00156	0.00116	0.00079	0.00182
8	0.00328	0.47893	0.35675	0.00291	0.00430	0.01733	0.01909	0.00421	0.02391	0.04487	0.02069	0.00273	0.00203	0.00126	0.00110	0.00035	0.01290	0.00091	0.00065	0.00181
9	0.00158	0.00133	0.00138	0.00139	0.00181	0.00112	0.00103	0.00193	0.00302	0.00366	0.06919	0.07940	0.82190	0.00336	0.00157	0.00045	0.00067	0.00283	0.00124	0.00112
10	0.00297	0.08412	0.41049	0.06473	0.08951	0.01362	0.07499	0.02517	0.00297	0.06390	0.02908	0.06816	0.01528	0.01417	0.00141	0.00043	0.00959	0.02684	0.00076	0.00179
11	0.02638	0.05000	0.11708	0.05695	0.12594	0.02224	0.05767	0.02891	0.06725	0.36250	0.03027	0.01699	0.00901	0.00157	0.00132	0.00041	0.00140	0.02101	0.00112	0.00198
12	0.00181	0.00129	0.00174	0.00203	0.00219	0.00125	0.00153	0.00217	0.00270	0.00355	0.00715	0.55191	0.02495	0.04697	0.00196	0.00059	0.00095	0.34292	0.00120	0.00111
13	0.00310	0.00289	0.00495	0.25227	0.61878	0.00302	0.04020	0.00391	0.00296	0.02828	0.02540	0.00354	0.00229	0.00126	0.00133	0.00041	0.00161	0.00122	0.00068	0.00190
14	0.02044	0.12251	0.14821	0.12674	0.18515	0.03697	0.13372	0.10065	0.02164	0.06803	0.01191	0.01329	0.00220	0.00133	0.00128	0.00040	0.00167	0.00118	0.00079	0.00187

[dist]
# distance from previous block
# <min> <max>
3	8

[block]
# block no. 4 follows, 244 sequences, length 12
# corresponding to MSA columns:
# 1574-1585
name=unknown_E
#
# <colnr> <probs for GDERKNQSTAVLIFYWHMCP>
#	G	D	E	R	K	N	Q	S	T	A	V	L	I	F	Y	W	H	M	C	P
0	0.68919	0.01670	0.01715	0.00200	0.00285	0.00292	0.00168	0.06818	0.00278	0.14026	0.02094	0.00273	0.00198	0.00136	0.00103	0.00041	0.02437	0.00088	0.00097	0.00161
1	0.02636	0.05891	0.27361	0.11859	0.06223	0.02212	0.23066	0.08856	0.02300	0.02579	0.00263	0.00330	0.00200	0.00134	0.00146	0.00042	0.04400	0.01244	0.00072	0.00183
2	0.01056	0.17053	0.44256	0.01263	0.02081	0.03193	0.07314	0.05521	0.02244	0.04431	0.05660	0.03462	0.01610	0.00148	0.00125	0.00040	0.00166	0.00121	0.00076	0.00183
3	0.00171	0.00142	0.00163	0.00181	0.04835	0.00124	0.00126	0.00209	0.00302	0.00374	0.08602	0.11978	0.66851	0.00330	0.00158	0.00046	0.00075	0.05094	0.00122	0.00117
4	0.00168	0.00134	0.00151	0.00149	0.00188	0.00117	0.00112	0.00211	0.00324	0.00414	0.31649	0.03620	0.59068	0.00317	0.00157	0.00044	0.00067	0.02864	0.00130	0.00116
5	0.07998	0.09684	0.16191	0.03179	0.19446	0.03839	0.26598	0.02347	0.01787	0.06103	0.00274	0.00326	0.01379	0.00126	0.00129	0.00040	0.00175	0.00119	0.00074	0.00185
6	0.00371	0.00308	0.03091	0.08013	0.21398	0.04069	0.15893	0.06399	0.09035	0.17486	0.00370	0.00455	0.01520	0.00160	0.00153	0.00044	0.04541	0.06407	0.00098	0.00190
7	0.00208	0.00176	0.01777	0.00246	0.00290	0.00157	0.15999	0.00256	0.00291	0.03478	0.11010	0.45438	0.14130	0.00320	0.00162	0.00049	0.00104	0.05665	0.00116	0.00128
8	0.00205	0.00154	0.00179	0.00175	0.01437	0.00143	0.00131	0.03340	0.04680	0.03221	0.33425	0.04719	0.41969	0.00294	0.00154	0.00044	0.00075	0.04183	0.01343	0.00129
9	0.01273	0.07555	0.54421	0.01398	0.05331	0.03267	0.06308	0.04394	0.01463	0.11786	0.00278	0.00312	0.00200	0.01287	0.00132	0.00042	0.00177	0.00107	0.00075	0.00194
10	0.05255	0.00510	0.02681	0.01562	0.04731	0.56352	0.05986	0.12910	0.01411	0.03001	0.00247	0.00296	0.00198	0.00144	0.00131	0.00038	0.02358	0.01939	0.00081	0.00169
11	0.00441	0.00382	0.00391	0.00318	0.00391	0.13512	0.00259	0.53831	0.05101	0.00624	0.00278	0.00308	0.00214	0.00174	0.00203	0.00044	0.23115	0.00115	0.00105	0.00195

[dist]
# distance from previous block
# <min> <max>
0	1

[block]
# block no. 5 follows, 244 sequences, length 17
# corresponding to MSA columns:
# 1587-1603
name=unknown_F
#
# <colnr> <probs for GDERKNQSTAVLIFYWHMCP>
#	G	D	E	R	K	N	Q	S	T	A	V	L	I	F	Y	W	H	M	C	P
0	0.01762	0.05358	0.06900	0.00301	0.05134	0.01019	0.01234	0.26200	0.23034	0.21593	0.02733	0.01687	0.01211	0.00167	0.00131	0.00041	0.00129	0.01035	0.00125	0.00207
1	0.00395	0.01208	0.00339	0.01444	0.01277	0.12669	0.01533	0.16334	0.56356	0.06319	0.00443	0.00420	0.00329	0.00167	0.00132	0.00042	0.00133	0.00134	0.00124	0.00204
2	0.00194	0.00131	0.00157	0.00158	0.00162	0.00134	0.00098	0.00201	0.00199	0.00268	0.00417	0.00838	0.00468	0.76722	0.12450	0.02661	0.00156	0.04422	0.00080	0.00086
3	0.06127	0.11948	0.20478	0.21294	0.08063	0.02400	0.06639	0.08334	0.01468	0.09038	0.00264	0.00313	0.00196	0.00134	0.00132	0.00041	0.02766	0.00109	0.00077	0.00181
4	0.02746	0.15399	0.06578	0.00978	0.24094	0.04605	0.07739	0.05513	0.02455	0.01376	0.00904	0.14986	0.09744	0.00193	0.00134	0.00041	0.00637	0.00924	0.00785	0.00168
5	0.00334	0.00310	0.00509	0.10928	0.76122	0.00320	0.00388	0.08672	0.00325	0.00457	0.00253	0.00329	0.00207	0.00123	0.00131	0.00040	0.00158	0.00118	0.00071	0.00204
6	0.00333	0.00300	0.00321	0.08648	0.00404	0.05066	0.01780	0.02523	0.77851	0.00526	0.00486	0.00462	0.00365	0.00171	0.00134	0.00044	0.00120	0.00143	0.00123	0.00201
7	0.03328	0.03286	0.44835	0.01748	0.01699	0.00283	0.01449	0.09283	0.03642	0.09474	0.05150	0.01867	0.03060	0.00150	0.00129	0.00040	0.01036	0.00120	0.00087	0.09334
8	0.00188	0.00132	0.00167	0.00168	0.00180	0.00138	0.00112	0.00206	0.00209	0.00283	0.00478	0.02634	0.08732	0.50638	0.32165	0.03012	0.00197	0.00184	0.00081	0.00095
9	0.00527	0.00331	0.00372	0.00285	0.00390	0.00351	0.00236	0.68699	0.00555	0.26318	0.00373	0.00353	0.00253	0.00160	0.00132	0.00040	0.00136	0.00123	0.00141	0.00225
10	0.00309	0.00326	0.00645	0.13274	0.32998	0.00322	0.49317	0.00406	0.00302	0.00415	0.00257	0.00346	0.00200	0.00116	0.00144	0.00043	0.00194	0.00138	0.00065	0.00185
11	0.00371	0.27435	0.33112	0.01428	0.01382	0.00347	0.06273	0.02180	0.01029	0.21312	0.01475	0.00316	0.00223	0.00135	0.00126	0.00038	0.02437	0.00105	0.00084	0.00192
12	0.00343	0.00319	0.00524	0.00766	0.86218	0.00322	0.00392	0.08680	0.00329	0.00467	0.00255	0.00326	0.00211	0.00121	0.00131	0.00039	0.00156	0.00118	0.00071	0.00211
13	0.00190	0.00137	0.00197	0.00198	0.00217	0.00153	0.00148	0.00223	0.00210	0.00297	0.00388	0.04867	0.02062	0.13150	0.69944	0.06989	0.00290	0.00159	0.00074	0.00108
14	0.00200	0.00170	0.00234	0.09089	0.12308	0.00167	0.01034	0.00257	0.02765	0.00383	0.09931	0.16326	0.37845	0.00320	0.04447	0.00053	0.00107	0.04122	0.00109	0.00132
15	0.00318	0.00302	0.02630	0.06988	0.63736	0.01149	0.08579	0.00396	0.00302	0.04625	0.01329	0.04602	0.02229	0.00145	0.00137	0.00041	0.00156	0.02068	0.00075	0.00193
16	0.00295	0.00281	0.00476	0.34161	0.57664	0.00304	0.00384	0.00375	0.00285	0.00394	0.00253	0.02379	0.00211	0.00131	0.00138	0.00042	0.01855	0.00123	0.00064	0.00184

[dist]
# distance from previous block
# <min> <max>
5	30

[block]
# block no. 6 follows, 244 sequences, length 19
# corresponding to MSA columns:
# 1636,1640-1656,1658
name=unknown_G
#
# <colnr> <probs for GDERKNQSTAVLIFYWHMCP>
#	G	D	E	R	K	N	Q	S	T	A	V	L	I	F	Y	W	H	M	C	P
0	0.02645	0.00736	0.03397	0.15368	0.06703	0.01499	0.05217	0.06452	0.07834	0.01729	0.13709	0.08862	0.08137	0.07623	0.05814	0.00635	0.02295	0.01097	0.00099	0.00148
1	0.00194	0.00133	0.00158	0.00155	0.00176	0.00126	0.00105	0.00224	0.00276	0.02356	0.28857	0.04816	0.15552	0.39772	0.01288	0.00080	0.00096	0.02246	0.03286	0.00105
2	0.00295	0.00253	0.01180	0.11842	0.01088	0.00280	0.04387	0.05554	0.46898	0.01669	0.05854	0.09794	0.03290	0.00208	0.00148	0.00046	0.02225	0.03176	0.01636	0.00178
3	0.00235	0.00169	0.00200	0.00178	0.00236	0.00147	0.00136	0.00299	0.05069	0.07582	0.25412	0.11774	0.23895	0.00252	0.00141	0.00039	0.00080	0.01570	0.01567	0.21019
4	0.01176	0.00164	0.02297	0.18399	0.01835	0.00160	0.00184	0.00247	0.00283	0.01876	0.15957	0.41228	0.09762	0.01055	0.01845	0.00052	0.00104	0.02534	0.00720	0.00124
5	0.00299	0.00316	0.11651	0.29579	0.31235	0.00283	0.06226	0.00389	0.01581	0.05619	0.01059	0.01666	0.00226	0.02190	0.00147	0.01023	0.00162	0.00123	0.00071	0.06156
6	0.01895	0.00231	0.00267	0.00196	0.00306	0.00181	0.00156	0.00345	0.04103	0.00440	0.01689	0.01614	0.00232	0.00110	0.00101	0.00022	0.00097	0.00089	0.02372	0.85553
7	0.00373	0.03838	0.01822	0.00267	0.00346	0.04781	0.00214	0.28379	0.45259	0.00593	0.01754	0.01151	0.00343	0.05398	0.00159	0.00046	0.00124	0.00138	0.04817	0.00196
8	0.04090	0.00208	0.00243	0.00214	0.00278	0.00209	0.00167	0.06594	0.20338	0.26456	0.07456	0.14122	0.11202	0.02024	0.00150	0.00045	0.00097	0.01395	0.04539	0.00173
9	0.01299	0.02226	0.00357	0.47039	0.03625	0.01698	0.01359	0.03010	0.01324	0.05667	0.01165	0.02620	0.00859	0.05144	0.07319	0.02722	0.09637	0.01274	0.00074	0.01583
10	0.03472	0.01022	0.02210	0.02490	0.00330	0.18677	0.00948	0.17998	0.09928	0.02058	0.03215	0.18150	0.13689	0.00235	0.00150	0.00044	0.03275	0.01843	0.00109	0.00158
11	0.00169	0.00128	0.00155	0.00165	0.00191	0.00115	0.00119	0.00206	0.00300	0.00392	0.23784	0.34932	0.32423	0.02032	0.00171	0.00049	0.00073	0.04356	0.00127	0.00113
12	0.00355	0.00187	0.00212	0.00186	0.00242	0.01486	0.00146	0.09805	0.04052	0.23556	0.02275	0.03978	0.02586	0.01255	0.00133	0.02236	0.00091	0.02964	0.44095	0.00159
13	0.01194	0.13579	0.41256	0.01845	0.02767	0.03347	0.08715	0.02671	0.06887	0.03602	0.01588	0.02671	0.01957	0.00158	0.00132	0.00042	0.01112	0.06219	0.00077	0.00181
14	0.00292	0.00182	0.00240	0.00226	0.00268	0.00191	0.00182	0.04033	0.04162	0.17590	0.03082	0.02617	0.07698	0.08812	0.18233	0.01412	0.07072	0.23454	0.00112	0.00144
15	0.00208	0.00166	0.00219	0.00215	0.00237	0.04192	0.02443	0.00240	0.00230	0.00311	0.01441	0.12764	0.03303	0.11909	0.46899	0.07024	0.03771	0.04234	0.00082	0.00112
16	0.01342	0.00178	0.00882	0.00208	0.01842	0.02143	0.00145	0.02332	0.03314	0.01473	0.00997	0.06346	0.00929	0.45868	0.16487	0.01592	0.10602	0.00897	0.02314	0.00111
17	0.08639	0.04185	0.14011	0.05174	0.09380	0.09916	0.03289	0.12065	0.02330	0.13189	0.02797	0.06477	0.02984	0.00174	0.00134	0.01366	0.00147	0.02353	0.01213	0.00177
18	0.01418	0.02390	0.02313	0.27286	0.44660	0.02821	0.06123	0.02755	0.02027	0.00410	0.01368	0.01791	0.01493	0.00135	0.00136	0.00041	0.01381	0.00125	0.00069	0.01261

[dist]
# distance from previous block
# <min> <max>
3	8

[block]
# block no. 7 follows, 244 sequences, length 21
# corresponding to MSA columns:
# 1678-1680,1702-1719
name=unknown_H
#
# <colnr> <probs for GDERKNQSTAVLIFYWHMCP>
#	G	D	E	R	K	N	Q	S	T	A	V	L	I	F	Y	W	H	M	C	P
0	0.02533	0.01176	0.00495	0.19827	0.66879	0.01316	0.01132	0.03592	0.00304	0.01139	0.00248	0.00328	0.00202	0.00123	0.00130	0.00040	0.00160	0.00116	0.00067	0.00195
1	0.01604	0.01123	0.00168	0.00159	0.00206	0.02778	0.00121	0.00258	0.07517	0.01397	0.11592	0.04699	0.64422	0.00303	0.00151	0.00044	0.00077	0.01490	0.01766	0.00124
2	0.11024	0.00220	0.00269	0.20098	0.02776	0.06753	0.03728	0.00872	0.02677	0.02021	0.00433	0.18380	0.01945	0.00225	0.00144	0.02201	0.00748	0.10387	0.14962	0.00137
3	0.14791	0.15311	0.11684	0.00265	0.00332	0.08015	0.01230	0.02912	0.00255	0.01537	0.00245	0.01711	0.00225	0.08331	0.08382	0.03262	0.19989	0.00111	0.01266	0.00147
4	0.00170	0.00123	0.00159	0.00185	0.00200	0.00115	0.00132	0.00200	0.00266	0.00350	0.01685	0.66276	0.12382	0.02599	0.00180	0.00055	0.00083	0.13629	0.01104	0.00110
5	0.00252	0.00237	0.00401	0.92124	0.03805	0.00294	0.00368	0.00340	0.00265	0.00341	0.00235	0.00352	0.00177	0.00132	0.00132	0.00044	0.00176	0.00117	0.00059	0.00149
6	0.02416	0.01303	0.02705	0.00210	0.01404	0.00182	0.00168	0.03565	0.04412	0.06277	0.14286	0.04645	0.15154	0.02532	0.11347	0.00063	0.01985	0.09058	0.01849	0.16439
7	0.00352	0.87838	0.06108	0.00237	0.00354	0.00508	0.00242	0.02496	0.00277	0.00329	0.00190	0.00218	0.00171	0.00115	0.00088	0.00029	0.00145	0.00073	0.00058	0.00172
8	0.01574	0.01656	0.00320	0.00266	0.00349	0.00322	0.00212	0.22070	0.53451	0.12416	0.02693	0.00478	0.02264	0.00178	0.00134	0.00043	0.00114	0.01116	0.00136	0.00208
9	0.00162	0.00117	0.00154	0.00183	0.00193	0.00109	0.00123	0.00188	0.00259	0.00345	0.03648	0.87453	0.04293	0.00406	0.00168	0.00053	0.00077	0.01837	0.00123	0.00108
10	0.05284	0.00294	0.00339	0.00263	0.00362	0.00303	0.00216	0.45876	0.01863	0.39896	0.00403	0.00385	0.00273	0.02371	0.00142	0.00042	0.00128	0.00125	0.01220	0.00216
11	0.00273	0.00291	0.01812	0.01602	0.00527	0.01713	0.59057	0.01455	0.00295	0.00398	0.00394	0.15335	0.03162	0.04374	0.03621	0.00056	0.01026	0.02851	0.01600	0.00156
12	0.00190	0.00138	0.00174	0.00192	0.00222	0.00129	0.00151	0.00235	0.01313	0.01869	0.04711	0.28656	0.25594	0.00359	0.00168	0.00053	0.00090	0.34098	0.01541	0.00118
13	0.00174	0.00125	0.00161	0.00186	0.00201	0.00117	0.00129	0.01135	0.01426	0.01511	0.02741	0.78440	0.07906	0.00394	0.00167	0.00053	0.00079	0.04819	0.00124	0.00113
14	0.02572	0.00330	0.00334	0.00283	0.01045	0.08748	0.00224	0.32270	0.36997	0.08022	0.02748	0.00415	0.00326	0.00188	0.02314	0.00046	0.01540	0.00646	0.00750	0.00203
15	0.00244	0.00174	0.00233	0.01171	0.00263	0.02470	0.05062	0.03424	0.00725	0.07983	0.00966	0.35929	0.02460	0.12343	0.06753	0.01022	0.02433	0.14921	0.01299	0.00127
16	0.23062	0.00244	0.00278	0.00223	0.00313	0.00243	0.00182	0.13217	0.01909	0.49326	0.03853	0.01973	0.02222	0.00165	0.00122	0.00041	0.00110	0.00127	0.02196	0.00195
17	0.11140	0.02851	0.01296	0.00317	0.00391	0.77295	0.00244	0.02943	0.00361	0.01729	0.00209	0.00241	0.00171	0.00135	0.00115	0.00035	0.00216	0.00085	0.00072	0.00156
18	0.00194	0.00138	0.00169	0.00162	0.00199	0.00123	0.00122	0.00245	0.00344	0.04483	0.55132	0.06397	0.29321	0.00295	0.00156	0.00044	0.00068	0.02147	0.00138	0.00124
19	0.07275	0.00272	0.00404	0.34930	0.01042	0.02370	0.12123	0.05850	0.03738	0.04118	0.00269	0.00371	0.00217	0.03184	0.00918	0.00050	0.18283	0.01243	0.03188	0.00157
20	0.00452	0.00250	0.00916	0.00235	0.00336	0.00226	0.00697	0.15805	0.01971	0.43185	0.00400	0.00389	0.01105	0.00762	0.02378	0.01619	0.00931	0.00117	0.01507	0.26718

[dist]
# distance from previous block
# <min> <max>
2	21

[block]
# block no. 8 follows, 244 sequences, length 6
# corresponding to MSA columns:
# 1840-1845
name=unknown_I
#
# <colnr> <probs for GDERKNQSTAVLIFYWHMCP>
#	G	D	E	R	K	N	Q	S	T	A	V	L	I	F	Y	W	H	M	C	P
0	0.00337	0.08017	0.03150	0.23160	0.32569	0.15417	0.02208	0.02997	0.06134	0.00397	0.00260	0.00342	0.00213	0.00136	0.00134	0.00040	0.02248	0.01991	0.00070	0.00178
1	0.02445	0.00150	0.00194	0.00189	0.00224	0.00148	0.00146	0.00277	0.03378	0.04343	0.41483	0.06138	0.06157	0.03700	0.17710	0.00079	0.00132	0.10815	0.00122	0.02170
2	0.03623	0.00134	0.00163	0.00177	0.00205	0.00124	0.00129	0.00225	0.00282	0.04468	0.05693	0.48684	0.26283	0.00359	0.00161	0.00050	0.00080	0.08920	0.00124	0.00117
3	0.00199	0.00137	0.00177	0.00171	0.00204	0.00126	0.00129	0.00254	0.00352	0.04347	0.67310	0.09943	0.11469	0.00291	0.00157	0.00044	0.00069	0.04358	0.00141	0.00126
4	0.00202	0.00139	0.00181	0.00183	0.00210	0.00135	0.00138	0.00247	0.00300	0.03670	0.34474	0.08024	0.09028	0.14741	0.11259	0.00079	0.00120	0.16632	0.00120	0.00118
5	0.00308	0.47278	0.48456	0.00303	0.00458	0.00413	0.00359	0.00407	0.00274	0.00366	0.00211	0.00246	0.00168	0.00119	0.00106	0.00035	0.00169	0.00084	0.00056	0.00183

[dist]
# distance from previous block
# <min> <max>
3	7

[block]
# block no. 9 follows, 244 sequences, length 9
# corresponding to MSA columns:
# 1856-1864
name=unknown_J
#
# <colnr> <probs for GDERKNQSTAVLIFYWHMCP>
#	G	D	E	R	K	N	Q	S	T	A	V	L	I	F	Y	W	H	M	C	P
0	0.88242	0.00265	0.00211	0.00185	0.00269	0.00306	0.00152	0.08260	0.00258	0.00613	0.00195	0.00223	0.00150	0.00126	0.00086	0.00041	0.00106	0.00076	0.00086	0.00150
1	0.00178	0.00124	0.00160	0.00180	0.00196	0.00116	0.00125	0.00207	0.00268	0.02391	0.08052	0.63264	0.08798	0.08363	0.00209	0.00058	0.00083	0.06994	0.00122	0.00110
2	0.00209	0.00155	0.00188	0.00183	0.00218	0.00148	0.00135	0.09458	0.00341	0.00463	0.35690	0.31364	0.13337	0.02417	0.00168	0.00047	0.00080	0.02178	0.00130	0.03092
3	0.00293	0.00187	0.00224	0.00205	0.00255	0.00186	0.00154	0.03534	0.19292	0.16696	0.18283	0.20188	0.04775	0.10626	0.00204	0.00054	0.00095	0.01537	0.00131	0.03082
4	0.39047	0.00247	0.00251	0.00208	0.00294	0.00258	0.00170	0.13151	0.03042	0.29543	0.00436	0.00421	0.09508	0.00163	0.00113	0.00041	0.00107	0.00121	0.02699	0.00178
5	0.07212	0.00230	0.00285	0.00226	0.00312	0.00218	0.00182	0.11727	0.01915	0.60540	0.02445	0.02321	0.00349	0.09536	0.00183	0.00049	0.00114	0.00140	0.01816	0.00198
6	0.00232	0.00153	0.00189	0.00176	0.00222	0.00135	0.00135	0.00281	0.00322	0.10022	0.31571	0.10607	0.20661	0.03175	0.00165	0.00045	0.00081	0.08861	0.03385	0.09581
7	0.00241	0.00153	0.00200	0.00202	0.00240	0.00139	0.00154	0.00286	0.01787	0.11902	0.06766	0.42765	0.02902	0.02495	0.00170	0.00051	0.00093	0.19750	0.00124	0.09581
8	0.00301	0.07158	0.57052	0.00410	0.09772	0.06114	0.04624	0.02560	0.00288	0.00406	0.00229	0.00282	0.00175	0.00136	0.00156	0.00042	0.09946	0.00102	0.00060	0.00187

[dist]
# distance from previous block
# <min> <max>
4	39

[block]
# block no. 10 follows, 244 sequences, length 10
# corresponding to MSA columns:
# 1916,1918-1926
name=unknown_K
#
# <colnr> <probs for GDERKNQSTAVLIFYWHMCP>
#	G	D	E	R	K	N	Q	S	T	A	V	L	I	F	Y	W	H	M	C	P
0	0.01796	0.04155	0.09876	0.02027	0.03379	0.06205	0.03608	0.06367	0.07150	0.04385	0.02770	0.03183	0.05227	0.10825	0.11975	0.00073	0.09996	0.01628	0.00977	0.04398
1	0.83292	0.00247	0.00199	0.00177	0.00255	0.00282	0.00144	0.02935	0.00240	0.03218	0.00208	0.00242	0.00161	0.00141	0.00104	0.04290	0.00103	0.00078	0.03539	0.00143
2	0.00314	0.00265	0.01753	0.15649	0.06646	0.02664	0.04335	0.19458	0.08833	0.02659	0.03251	0.04619	0.01932	0.04171	0.12638	0.01539	0.05705	0.00986	0.02416	0.00165
3	0.00189	0.00136	0.00164	0.00163	0.00196	0.00123	0.00120	0.00240	0.02220	0.03106	0.39977	0.20834	0.28564	0.00311	0.00156	0.00045	0.00069	0.00271	0.02995	0.00122
4	0.00189	0.00134	0.00157	0.00161	0.00188	0.00127	0.00117	0.00235	0.01795	0.00405	0.19116	0.20569	0.25028	0.08109	0.01584	0.00054	0.01747	0.03553	0.16618	0.00115
5	0.08009	0.01474	0.01228	0.00977	0.00387	0.10663	0.18818	0.11594	0.05131	0.07780	0.11618	0.02265	0.06782	0.01014	0.02763	0.00048	0.07674	0.00152	0.01456	0.00165
6	0.01494	0.00178	0.00195	0.00192	0.00234	0.04333	0.00145	0.00298	0.08354	0.05486	0.11504	0.24343	0.24172	0.03145	0.00169	0.00049	0.00092	0.10084	0.00122	0.05413
7	0.03929	0.02528	0.00303	0.00264	0.00292	0.07560	0.02043	0.00315	0.03178	0.00351	0.05228	0.01368	0.00315	0.03382	0.33473	0.00108	0.30854	0.00133	0.04241	0.00135
8	0.01178	0.20513	0.08737	0.01389	0.00340	0.03157	0.02093	0.04504	0.04776	0.02476	0.03131	0.06608	0.01767	0.05208	0.01771	0.00044	0.07659	0.03147	0.01557	0.19945
9	0.44310	0.02923	0.02695	0.02330	0.04392	0.06294	0.01238	0.03433	0.04982	0.11140	0.03777	0.00337	0.01824	0.01736	0.01192	0.00045	0.06992	0.00105	0.00093	0.00162

[dist]
# distance from previous block
# <min> <max>
2	9

[block]
# block no. 11 follows, 244 sequences, length 11
# corresponding to MSA columns:
# 1960-1965,1967-1971
name=unknown_L
#
# <colnr> <probs for GDERKNQSTAVLIFYWHMCP>
#	G	D	E	R	K	N	Q	S	T	A	V	L	I	F	Y	W	H	M	C	P
0	0.01430	0.33463	0.05217	0.00263	0.00363	0.01222	0.08411	0.03787	0.01187	0.16751	0.02488	0.02844	0.03437	0.01561	0.00825	0.00039	0.04970	0.00742	0.01271	0.09729
1	0.06441	0.00204	0.00237	0.00208	0.01146	0.03693	0.01156	0.02557	0.02348	0.32554	0.15233	0.07801	0.18912	0.01734	0.00151	0.00044	0.00992	0.01099	0.03330	0.00162
2	0.00206	0.00158	0.01620	0.00191	0.00225	0.00148	0.00145	0.00285	0.10361	0.02003	0.20641	0.30777	0.11456	0.03702	0.01106	0.00052	0.00087	0.10177	0.03841	0.02818
3	0.02412	0.17015	0.10366	0.20844	0.09198	0.03394	0.02462	0.07190	0.07729	0.03585	0.02779	0.03227	0.00922	0.00162	0.01803	0.00042	0.00153	0.01063	0.00081	0.05574
4	0.00316	0.00241	0.02229	0.02854	0.01952	0.05740	0.03756	0.10048	0.02348	0.12360	0.04530	0.07081	0.04396	0.01365	0.16504	0.00073	0.07276	0.05000	0.10083	0.01848
5	0.00197	0.00137	0.00171	0.00182	0.00194	0.00139	0.00128	0.01410	0.00238	0.00319	0.00541	0.18111	0.01770	0.45657	0.05845	0.00099	0.01391	0.21378	0.01990	0.00101
6	0.20736	0.09076	0.00378	0.00309	0.03109	0.54997	0.02677	0.02413	0.00335	0.04541	0.00217	0.00248	0.00174	0.00132	0.00110	0.00036	0.00191	0.00087	0.00075	0.00159
7	0.02028	0.00138	0.00175	0.00175	0.00184	0.00140	0.02440	0.00205	0.00215	0.00294	0.00493	0.24913	0.02158	0.54805	0.04526	0.02895	0.02635	0.01396	0.00090	0.00094
8	0.03702	0.12473	0.02610	0.03848	0.01649	0.04869	0.01246	0.17576	0.04389	0.02867	0.00274	0.02799	0.00224	0.00130	0.00110	0.00030	0.00127	0.00101	0.00089	0.40887
9	0.00972	0.06052	0.15403	0.06484	0.15791	0.02448	0.11279	0.11485	0.02679	0.06619	0.00298	0.01094	0.01020	0.02096	0.03003	0.00045	0.00162	0.00118	0.02054	0.10898
10	0.03099	0.09126	0.19508	0.04220	0.11397	0.06089	0.03364	0.15223	0.01922	0.03428	0.02695	0.01909	0.02585	0.00158	0.00157	0.00041	0.10024	0.01249	0.00686	0.03121

[dist]
# distance from previous block
# <min> <max>
15	236

[block]
# block no. 12 follows, 244 sequences, length 6
# corresponding to MSA columns:
# 2370-2375
name=unknown_M
#
# <colnr> <probs for GDERKNQSTAVLIFYWHMCP>
#	G	D	E	R	K	N	Q	S	T	A	V	L	I	F	Y	W	H	M	C	P
0	0.01651	0.05283	0.03445	0.02303	0.03809	0.03554	0.05672	0.10329	0.07791	0.03437	0.04735	0.26923	0.05632	0.04245	0.01893	0.00051	0.03351	0.01920	0.00105	0.03870
1	0.00306	0.08732	0.11291	0.08047	0.09100	0.04735	0.05875	0.07476	0.01384	0.07038	0.04573	0.09128	0.09696	0.01941	0.01281	0.00044	0.00141	0.02092	0.01273	0.05847
2	0.04044	0.04571	0.28644	0.08660	0.08332	0.03167	0.05688	0.06498	0.02255	0.16020	0.01446	0.00406	0.02530	0.02731	0.00144	0.00043	0.00158	0.02833	0.00089	0.01742
3	0.03563	0.04748	0.03421	0.04029	0.03560	0.03532	0.02360	0.03472	0.11538	0.33569	0.06124	0.07836	0.04308	0.00207	0.01905	0.00045	0.00122	0.01826	0.03653	0.00182
4	0.02003	0.02095	0.00333	0.26359	0.07146	0.00232	0.04987	0.01586	0.02973	0.18328	0.07378	0.06734	0.08664	0.01751	0.01659	0.01278	0.01544	0.02701	0.02089	0.00160
5	0.01428	0.08822	0.16368	0.07506	0.10951	0.06240	0.07759	0.04603	0.06768	0.16098	0.02167	0.02193	0.00263	0.01537	0.00155	0.02831	0.02567	0.00123	0.00090	0.01534

[dist]
# distance from previous block
# <min> <max>
0	2

[block]
# block no. 13 follows, 244 sequences, length 10
# corresponding to MSA columns:
# 2378-2385,2399,2400
name=unknown_N
#
# <colnr> <probs for GDERKNQSTAVLIFYWHMCP>
#	G	D	E	R	K	N	Q	S	T	A	V	L	I	F	Y	W	H	M	C	P
0	0.00196	0.00135	0.00182	0.01321	0.01386	0.00129	0.01216	0.02197	0.00258	0.02081	0.03132	0.57516	0.05168	0.05522	0.01684	0.12736	0.00096	0.03518	0.00110	0.01418
1	0.02307	0.02467	0.09096	0.09134	0.13933	0.06081	0.07104	0.02665	0.02407	0.05373	0.02544	0.08542	0.01965	0.10854	0.01475	0.03914	0.06834	0.01295	0.01855	0.00154
2	0.10302	0.05165	0.24549	0.09388	0.10575	0.04170	0.03467	0.07029	0.07718	0.09322	0.01077	0.01112	0.01238	0.00145	0.00131	0.00041	0.02363	0.01231	0.00085	0.00890
3	0.30451	0.02262	0.04334	0.12687	0.17326	0.07162	0.06420	0.01179	0.05579	0.01778	0.01048	0.00315	0.00207	0.00141	0.00905	0.00042	0.02843	0.00789	0.02332	0.02201
4	0.27168	0.09087	0.10396	0.02122	0.11563	0.21651	0.00255	0.04868	0.01784	0.00453	0.00242	0.01283	0.00205	0.02055	0.00122	0.00040	0.00157	0.02834	0.00076	0.03638
5	0.00280	0.02071	0.00201	0.00182	0.00214	0.00153	0.00133	0.01232	0.00262	0.18279	0.02219	0.05978	0.02501	0.39807	0.02164	0.05407	0.00119	0.13116	0.05560	0.00122
6	0.00369	0.73781	0.02994	0.00247	0.00355	0.02785	0.00238	0.11321	0.03423	0.00383	0.00213	0.00238	0.00184	0.00125	0.00104	0.00031	0.02883	0.00081	0.00068	0.00177
7	0.39461	0.00262	0.00256	0.00212	0.00294	0.00287	0.00173	0.26162	0.03119	0.11868	0.02686	0.00339	0.00251	0.00147	0.00107	0.00039	0.00109	0.00106	0.13948	0.00174
8	0.00179	0.00124	0.00167	0.00186	0.00202	0.00116	0.01792	0.00210	0.00266	0.02114	0.04704	0.76921	0.03802	0.00378	0.00162	0.00051	0.00079	0.02127	0.06308	0.00113
9	0.00169	0.00134	0.00151	0.00155	0.00189	0.00119	0.00113	0.00212	0.02239	0.00389	0.19145	0.19230	0.52556	0.02665	0.00171	0.00048	0.00071	0.02003	0.00126	0.00115

[dist]
# distance from previous block
# <min> <max>
10	30

[block]
# block no. 14 follows, 244 sequences, length 32
# corresponding to MSA columns:
# 2438,2439,2445-2447,2449-2475
name=unknown_O
#
# <colnr> <probs for GDERKNQSTAVLIFYWHMCP>
#	G	D	E	R	K	N	Q	S	T	A	V	L	I	F	Y	W	H	M	C	P
0	0.00295	0.10495	0.18400	0.03809	0.10596	0.06680	0.06480	0.03744	0.03161	0.03728	0.00384	0.20827	0.00799	0.02395	0.00615	0.00045	0.00979	0.03131	0.00086	0.03351
1	0.03946	0.02657	0.05653	0.15019	0.12618	0.00970	0.05071	0.11314	0.09086	0.13119	0.04162	0.03115	0.00313	0.00811	0.02069	0.00046	0.04178	0.02452	0.01607	0.01793
2	0.00178	0.00125	0.00163	0.00186	0.00200	0.00118	0.00127	0.00214	0.03173	0.02265	0.04909	0.80603	0.02811	0.02158	0.00176	0.00054	0.00079	0.02223	0.00124	0.00114
3	0.02344	0.00170	0.03310	0.00682	0.02116	0.00157	0.00154	0.05775	0.04302	0.01474	0.02812	0.55840	0.09049	0.03347	0.02648	0.02327	0.00476	0.01849	0.01044	0.00125
4	0.00916	0.06322	0.11470	0.02986	0.11100	0.00926	0.01492	0.01894	0.01195	0.02282	0.00250	0.01258	0.00205	0.00114	0.00110	0.00028	0.00682	0.00093	0.01017	0.55661
5	0.00204	0.00147	0.00201	0.03167	0.00232	0.00160	0.01026	0.01164	0.00230	0.02181	0.02389	0.20199	0.01095	0.29322	0.30211	0.00833	0.04497	0.02102	0.00532	0.00110
6	0.00168	0.00123	0.00158	0.00174	0.00193	0.00113	0.00122	0.00204	0.00292	0.00392	0.25425	0.56878	0.12488	0.00365	0.00164	0.00050	0.00073	0.02375	0.00129	0.00113
7	0.10086	0.00288	0.04797	0.02436	0.02449	0.01775	0.01857	0.18816	0.02446	0.47792	0.01263	0.01300	0.00282	0.00165	0.00999	0.00043	0.01584	0.00124	0.00496	0.01001
8	0.34623	0.02455	0.00246	0.00192	0.00281	0.01859	0.00154	0.01760	0.02021	0.01874	0.01217	0.03363	0.01155	0.03692	0.04228	0.00043	0.00115	0.00099	0.00084	0.40537
9	0.04495	0.00361	0.00383	0.00295	0.00398	0.00399	0.00244	0.88331	0.00598	0.00816	0.00314	0.00316	0.00224	0.00157	0.00129	0.00040	0.00142	0.00117	0.02021	0.00219
10	0.05278	0.00236	0.00341	0.43677	0.01553	0.00256	0.00271	0.05472	0.01416	0.35130	0.00355	0.00387	0.00243	0.00146	0.00128	0.00042	0.00141	0.00122	0.04625	0.00180
11	0.00925	0.00284	0.00316	0.00239	0.00345	0.07158	0.04319	0.13076	0.02996	0.03610	0.01159	0.00321	0.00229	0.00968	0.00117	0.00028	0.00612	0.00965	0.02482	0.59853
12	0.00181	0.00131	0.00147	0.00147	0.00166	0.00122	0.00096	0.00202	0.00257	0.00336	0.14592	0.05024	0.28503	0.46316	0.00406	0.00085	0.00097	0.01418	0.01676	0.00098
13	0.00278	0.00159	0.00205	0.00182	0.00230	0.00145	0.00141	0.00345	0.02960	0.20946	0.65626	0.00866	0.05846	0.00247	0.00150	0.00042	0.00075	0.00214	0.01196	0.00148
14	0.00195	0.00138	0.00171	0.00163	0.00199	0.00126	0.00122	0.00249	0.00868	0.03858	0.62200	0.03464	0.22492	0.03213	0.00172	0.00046	0.00069	0.01993	0.00138	0.00124
15	0.00211	0.00169	0.00245	0.00230	0.00247	0.00203	0.02429	0.00245	0.00208	0.00300	0.00329	0.00539	0.00326	0.18979	0.55718	0.02500	0.16791	0.00147	0.00070	0.00115
16	0.02057	0.01178	0.00334	0.00268	0.00335	0.01414	0.00220	0.47505	0.00438	0.04040	0.00316	0.00355	0.00242	0.00965	0.00840	0.00043	0.19089	0.00119	0.20060	0.00183
17	0.01466	0.01124	0.04529	0.00765	0.00445	0.03028	0.29550	0.02778	0.05377	0.02865	0.01267	0.02111	0.02231	0.00137	0.00136	0.00035	0.02641	0.02790	0.00624	0.36101
18	0.00249	0.00836	0.00255	0.00235	0.00262	0.06112	0.01058	0.04215	0.01802	0.01550	0.00353	0.02490	0.01980	0.09678	0.46793	0.01872	0.14450	0.00144	0.05538	0.00128
19	0.00265	0.00230	0.00379	0.09039	0.32656	0.00228	0.09243	0.01857	0.00295	0.03537	0.02935	0.24727	0.06876	0.01597	0.00156	0.00047	0.00132	0.04764	0.00093	0.00945
20	0.02245	0.00532	0.52142	0.00426	0.00588	0.01526	0.32539	0.03093	0.00866	0.01937	0.00254	0.00309	0.00184	0.00123	0.00138	0.00042	0.01105	0.00118	0.00065	0.01767
21	0.00286	0.01964	0.00267	0.00206	0.00295	0.00194	0.00974	0.03524	0.08908	0.06969	0.14346	0.01895	0.07596	0.00168	0.00124	0.00031	0.00779	0.02447	0.00106	0.48921
22	0.00175	0.00125	0.00163	0.00189	0.00201	0.00727	0.00130	0.00201	0.00260	0.02072	0.02423	0.84962	0.02623	0.00399	0.00172	0.00053	0.01472	0.03420	0.00123	0.00111
23	0.00322	0.00196	0.00744	0.00232	0.02086	0.00586	0.03034	0.04989	0.08514	0.24714	0.17604	0.17704	0.09195	0.00944	0.01610	0.00048	0.00103	0.06451	0.00134	0.00789
24	0.00922	0.24436	0.42181	0.00831	0.03723	0.05792	0.01644	0.03372	0.05076	0.03127	0.02898	0.00313	0.00811	0.00135	0.00122	0.00038	0.01737	0.00676	0.00071	0.02095
25	0.00297	0.00162	0.00188	0.00176	0.00221	0.00161	0.00134	0.02869	0.10093	0.15434	0.06394	0.17970	0.00500	0.00216	0.00123	0.00039	0.00080	0.01113	0.43683	0.00148
26	0.00244	0.00200	0.00301	0.00267	0.00306	0.01761	0.12331	0.03806	0.01298	0.02335	0.00405	0.06473	0.00402	0.12723	0.34007	0.00118	0.08700	0.12098	0.02095	0.00131
27	0.00987	0.01031	0.02153	0.01438	0.01882	0.05677	0.05621	0.06710	0.17661	0.14608	0.08426	0.05074	0.04996	0.01989	0.03473	0.00053	0.11425	0.05294	0.01332	0.00170
28	0.01983	0.01717	0.06212	0.06483	0.22602	0.06563	0.06321	0.10896	0.01645	0.06503	0.00702	0.00405	0.02414	0.03139	0.07131	0.06235	0.07050	0.01748	0.00082	0.00171
29	0.00227	0.00160	0.00201	0.00226	0.00245	0.00147	0.00160	0.00251	0.01244	0.01982	0.02405	0.70797	0.02627	0.01074	0.00192	0.00063	0.00101	0.16215	0.01545	0.00138
30	0.00330	0.00308	0.00518	0.49287	0.18853	0.00331	0.17873	0.03611	0.01415	0.00437	0.00319	0.00440	0.01601	0.00176	0.01549	0.00054	0.01235	0.01389	0.00082	0.00191
31	0.04280	0.03247	0.22701	0.03903	0.05315	0.08087	0.06238	0.11052	0.03774	0.08891	0.04802	0.07349	0.03592	0.01063	0.00140	0.00042	0.01293	0.00517	0.01064	0.02652

[dist]
# distance from previous block
# <min> <max>
4	24

[block]
# block no. 15 follows, 244 sequences, length 7
# corresponding to MSA columns:
# 2590-2596
name=unknown_P
#
# <colnr> <probs for GDERKNQSTAVLIFYWHMCP>
#	G	D	E	R	K	N	Q	S	T	A	V	L	I	F	Y	W	H	M	C	P
0	0.00173	0.00129	0.00161	0.00177	0.00199	0.00118	0.00127	0.00208	0.00295	0.00389	0.19847	0.48222	0.21490	0.00366	0.00166	0.00050	0.00076	0.07563	0.00128	0.00115
1	0.01369	0.00242	0.00282	0.01322	0.00311	0.01288	0.03482	0.17313	0.28705	0.01667	0.09394	0.09153	0.01793	0.09899	0.00205	0.00053	0.03518	0.05128	0.04707	0.00166
2	0.00298	0.11973	0.61343	0.00342	0.00499	0.02748	0.02978	0.08018	0.02854	0.00433	0.00254	0.00298	0.00192	0.00191	0.06975	0.00052	0.00196	0.00102	0.00066	0.00188
3	0.02211	0.00250	0.00265	0.00226	0.00300	0.03027	0.00177	0.13897	0.30084	0.03976	0.12035	0.04426	0.05087	0.00187	0.00128	0.00038	0.00102	0.00154	0.08224	0.15205
4	0.00237	0.00155	0.00197	0.06516	0.00239	0.03687	0.00139	0.03561	0.00220	0.00283	0.00367	0.05249	0.07114	0.11047	0.00430	0.58402	0.00121	0.01881	0.00072	0.00083
5	0.00222	0.00158	0.00208	0.00217	0.01660	0.00161	0.01489	0.00290	0.10717	0.04640	0.01755	0.39482	0.04322	0.06232	0.07420	0.05064	0.02154	0.11917	0.01766	0.00126
6	0.00256	0.00239	0.00383	0.68006	0.03237	0.00288	0.02361	0.00351	0.04953	0.00369	0.07146	0.00397	0.00268	0.00150	0.00155	0.00044	0.07032	0.00127	0.00070	0.04169

[dist]
# distance from previous block
# <min> <max>
6	32

[block]
# block no. 16 follows, 244 sequences, length 9
# corresponding to MSA columns:
# 2649-2651,2659-2664
name=unknown_Q
#
# <colnr> <probs for GDERKNQSTAVLIFYWHMCP>
#	G	D	E	R	K	N	Q	S	T	A	V	L	I	F	Y	W	H	M	C	P
0	0.26856	0.15370	0.08661	0.06591	0.02284	0.12681	0.01847	0.10109	0.02476	0.05902	0.00267	0.01281	0.00216	0.00143	0.00111	0.00039	0.00148	0.03637	0.01213	0.00169
1	0.08600	0.00242	0.00394	0.82944	0.00844	0.00296	0.04163	0.00346	0.00263	0.00363	0.00232	0.00341	0.00174	0.00130	0.00129	0.00044	0.00172	0.00115	0.00061	0.00148
2	0.00339	0.00279	0.00297	0.00262	0.00336	0.00318	0.00206	0.13546	0.71046	0.00575	0.02168	0.00528	0.02532	0.01986	0.00145	0.00046	0.00108	0.02600	0.02480	0.00201
3	0.00285	0.00284	0.00404	0.09270	0.00400	0.00394	0.00296	0.00320	0.00208	0.00320	0.00179	0.00295	0.00174	0.00222	0.00405	0.00057	0.86167	0.00116	0.00058	0.00145
4	0.00267	0.00227	0.00266	0.00195	0.00305	0.00172	0.00154	0.00323	0.00273	0.00424	0.00268	0.06611	0.00241	0.00119	0.00103	0.00022	0.00096	0.00098	0.00081	0.89755
5	0.00299	0.08542	0.14219	0.00344	0.12839	0.01954	0.02234	0.07632	0.04312	0.03564	0.04019	0.09167	0.03291	0.03569	0.00192	0.00047	0.12621	0.05521	0.03355	0.02278
6	0.00215	0.00154	0.00200	0.00218	0.00250	0.01585	0.00180	0.00267	0.00304	0.03301	0.10064	0.16496	0.07528	0.00357	0.01767	0.00057	0.00110	0.54995	0.00123	0.01828
7	0.01439	0.01484	0.00394	0.02067	0.01331	0.15768	0.20150	0.07151	0.18858	0.01589	0.05493	0.09375	0.02881	0.00206	0.00146	0.00045	0.00153	0.11201	0.00103	0.00165
