[name]
unknown

[dist]
# distance from previous block
# <min> <max>
2	504

[block]
# block no. 0 follows, 369 sequences, length 30
# corresponding to MSA columns:
# 1512-1524,1528,1529,1531-1545
name=unknown_A
#
# <colnr> <probs for GDERKNQSTAVLIFYWHMCP>
#	G	D	E	R	K	N	Q	S	T	A	V	L	I	F	Y	W	H	M	C	P
0	0.26587	0.09357	0.11124	0.02886	0.01209	0.04689	0.07919	0.06213	0.05863	0.09887	0.01381	0.04117	0.02036	0.01142	0.00968	0.00029	0.00840	0.00385	0.00062	0.03306
1	0.06705	0.08177	0.09264	0.01287	0.00266	0.04461	0.09899	0.11815	0.08089	0.08404	0.03217	0.01965	0.01849	0.00453	0.00968	0.00026	0.00678	0.01580	0.00065	0.20832
2	0.05124	0.05293	0.03859	0.08624	0.09670	0.04483	0.21049	0.03548	0.12911	0.02121	0.07127	0.00657	0.01938	0.00593	0.00918	0.00029	0.04557	0.01736	0.00059	0.05705
3	0.01706	0.00160	0.01837	0.18175	0.06697	0.03269	0.03069	0.04503	0.14467	0.06306	0.06076	0.22595	0.02376	0.00602	0.00103	0.00032	0.01520	0.06327	0.00072	0.00107
4	0.00139	0.00101	0.00129	0.01759	0.00151	0.01051	0.00094	0.00179	0.02877	0.02612	0.53800	0.08305	0.02856	0.09122	0.11063	0.00048	0.01064	0.03879	0.00685	0.00084
5	0.00111	0.00090	0.00098	0.00098	0.00125	0.00078	0.00073	0.00138	0.00213	0.00268	0.22120	0.07221	0.68614	0.00221	0.00107	0.00030	0.00045	0.00188	0.00087	0.00078
6	0.00155	0.00080	0.00119	0.01797	0.00125	0.00081	0.00080	0.00120	0.00119	0.00158	0.00162	0.00285	0.00162	0.03844	0.01508	0.90964	0.00081	0.00080	0.00040	0.00041
7	0.94527	0.01725	0.00139	0.00120	0.00176	0.01590	0.00099	0.00265	0.00155	0.00397	0.00125	0.00146	0.00098	0.00083	0.00056	0.00028	0.00071	0.00049	0.00055	0.00098
8	0.00230	0.00196	0.00207	0.00184	0.00236	0.00226	0.00144	0.06084	0.90508	0.00386	0.00356	0.00328	0.00267	0.00121	0.00091	0.00030	0.00073	0.00100	0.00091	0.00143
9	0.02993	0.27869	0.01182	0.02140	0.01608	0.37091	0.00161	0.03225	0.16906	0.02804	0.00194	0.01706	0.00658	0.00098	0.00078	0.00024	0.00570	0.00521	0.00056	0.00116
10	0.00120	0.00092	0.00111	0.00106	0.00131	0.00083	0.00080	0.00157	0.01358	0.00314	0.58227	0.02581	0.34761	0.00206	0.01250	0.00031	0.00046	0.00172	0.00092	0.00082
11	0.03558	0.04237	0.01576	0.03083	0.01390	0.23853	0.02487	0.34046	0.02580	0.04066	0.08743	0.00257	0.01907	0.00110	0.00093	0.00026	0.03213	0.00082	0.01768	0.02926
12	0.00128	0.00096	0.00118	0.00115	0.00139	0.00088	0.00990	0.01291	0.02451	0.01867	0.44224	0.15259	0.29939	0.00213	0.01003	0.00031	0.00050	0.01821	0.00090	0.00084
13	0.06484	0.08768	0.09039	0.03015	0.02386	0.08176	0.15489	0.12613	0.06671	0.12326	0.04957	0.02448	0.00753	0.00107	0.00457	0.00028	0.03179	0.00698	0.00066	0.02341
14	0.00225	0.36476	0.25423	0.02258	0.03769	0.02548	0.05787	0.04914	0.07070	0.03127	0.02958	0.00574	0.00481	0.00093	0.00086	0.00025	0.03941	0.00071	0.00050	0.00123
15	0.00223	0.00142	0.00159	0.00138	0.00178	0.00148	0.00108	0.16174	0.18617	0.11688	0.16613	0.02100	0.03553	0.04146	0.00102	0.00029	0.00063	0.00109	0.25595	0.00113
16	0.00192	0.00177	0.03724	0.03798	0.30619	0.04148	0.05387	0.01190	0.02559	0.04043	0.01851	0.06488	0.04907	0.03485	0.02479	0.00742	0.00722	0.23315	0.00063	0.00110
17	0.02054	0.07292	0.19436	0.08828	0.04784	0.06715	0.05588	0.12571	0.09092	0.14259	0.01582	0.00600	0.00786	0.00644	0.00534	0.00640	0.02852	0.01552	0.00064	0.00128
18	0.00260	0.01936	0.01585	0.12550	0.23110	0.03147	0.03189	0.10075	0.08582	0.22440	0.01538	0.05273	0.02081	0.00115	0.00094	0.00029	0.00876	0.02919	0.00072	0.00130
19	0.00133	0.00089	0.00101	0.00101	0.00106	0.00088	0.00061	0.00140	0.00863	0.01502	0.04028	0.03805	0.06971	0.78718	0.00391	0.00077	0.00081	0.01959	0.00727	0.00060
20	0.03194	0.00621	0.04057	0.23136	0.29691	0.02064	0.13925	0.02680	0.03801	0.01325	0.02785	0.05731	0.03071	0.00110	0.00498	0.00030	0.00809	0.01979	0.00378	0.00117
21	0.02980	0.19051	0.10851	0.23032	0.07837	0.08593	0.05086	0.08543	0.02003	0.05044	0.00184	0.02024	0.00701	0.00502	0.00439	0.01360	0.00650	0.00951	0.00051	0.00117
22	0.00131	0.00088	0.00101	0.00101	0.00101	0.00089	0.00057	0.00132	0.00132	0.00176	0.00284	0.01372	0.00327	0.93274	0.01364	0.00086	0.01135	0.00941	0.00055	0.00055
23	0.00114	0.00083	0.00104	0.00117	0.00129	0.00076	0.00081	0.00133	0.00184	0.00959	0.08930	0.64116	0.18150	0.04210	0.01136	0.00038	0.00054	0.01227	0.00083	0.00074
24	0.01419	0.03078	0.07005	0.26868	0.09999	0.01570	0.12825	0.03020	0.04963	0.01745	0.01147	0.14256	0.01430	0.01342	0.00806	0.00411	0.02201	0.05259	0.00547	0.00108
25	0.13176	0.04178	0.07199	0.13306	0.03051	0.29359	0.04214	0.04978	0.06931	0.01431	0.00169	0.00784	0.00137	0.01186	0.01009	0.01612	0.06787	0.00071	0.00312	0.00110
26	0.00132	0.01663	0.00114	0.00109	0.00113	0.00097	0.00068	0.00139	0.00134	0.00182	0.00271	0.00530	0.00301	0.74976	0.20719	0.00098	0.00119	0.00122	0.00053	0.00061
27	0.00678	0.02156	0.03677	0.17856	0.15785	0.02251	0.12313	0.01344	0.15565	0.01613	0.04962	0.01718	0.13189	0.00129	0.01457	0.00031	0.02468	0.01118	0.00947	0.00743
28	0.00823	0.19274	0.10361	0.06042	0.14708	0.01994	0.01676	0.03016	0.05095	0.06861	0.02829	0.12125	0.03193	0.00121	0.00085	0.00026	0.00091	0.02323	0.00725	0.08632
29	0.04841	0.08056	0.05644	0.04450	0.30444	0.01855	0.02543	0.08376	0.02730	0.05670	0.02924	0.03089	0.00179	0.00096	0.00086	0.00025	0.01705	0.00950	0.00611	0.15727

[dist]
# distance from previous block
# <min> <max>
0	74

[block]
# block no. 1 follows, 369 sequences, length 10
# corresponding to MSA columns:
# 1620-1624,1626-1630
name=unknown_B
#
# <colnr> <probs for GDERKNQSTAVLIFYWHMCP>
#	G	D	E	R	K	N	Q	S	T	A	V	L	I	F	Y	W	H	M	C	P
0	0.06493	0.10209	0.20911	0.03322	0.04210	0.19633	0.02592	0.05497	0.06905	0.02589	0.01656	0.06360	0.02255	0.00919	0.00092	0.00028	0.02211	0.01904	0.00056	0.02159
1	0.01774	0.04460	0.39020	0.03569	0.05806	0.01476	0.07124	0.04902	0.08442	0.06616	0.04683	0.03383	0.01478	0.00838	0.00096	0.00029	0.02271	0.01394	0.01583	0.01056
2	0.10645	0.00171	0.00220	0.03711	0.20675	0.01673	0.00912	0.03511	0.00927	0.04419	0.01323	0.07705	0.00188	0.01449	0.01207	0.00025	0.02162	0.01046	0.01391	0.36638
3	0.00161	0.00192	0.18905	0.02953	0.15136	0.00143	0.01701	0.01558	0.01817	0.00901	0.05941	0.21525	0.03084	0.10107	0.07893	0.00662	0.01269	0.01424	0.00967	0.03661
4	0.00140	0.00115	0.00150	0.00149	0.00167	0.05495	0.00116	0.00171	0.00150	0.00209	0.00235	0.00342	0.00218	0.00640	0.91107	0.00137	0.00236	0.00094	0.00048	0.00081
5	0.01526	0.02247	0.07502	0.02723	0.01802	0.00123	0.04455	0.01762	0.01029	0.01399	0.09323	0.16748	0.10520	0.02876	0.00121	0.02678	0.00077	0.25582	0.00072	0.07436
6	0.04654	0.07119	0.22650	0.14641	0.07736	0.01970	0.21112	0.02467	0.03943	0.05259	0.01339	0.01859	0.01208	0.00101	0.01529	0.00030	0.01069	0.00085	0.00051	0.01177
7	0.00180	0.01510	0.03109	0.14532	0.11516	0.00146	0.02595	0.01066	0.03972	0.08691	0.02556	0.15448	0.05497	0.01729	0.10305	0.00045	0.01759	0.15174	0.00067	0.00102
8	0.00122	0.00086	0.00110	0.00126	0.00138	0.00080	0.00090	0.00144	0.00184	0.02309	0.02789	0.62290	0.12751	0.02527	0.00121	0.00037	0.00057	0.14289	0.01673	0.00076
9	0.01450	0.06029	0.24409	0.19031	0.12529	0.07339	0.07920	0.01666	0.02048	0.03100	0.01176	0.04189	0.00901	0.00111	0.01420	0.00030	0.04904	0.01583	0.00048	0.00117

[dist]
# distance from previous block
# <min> <max>
7	29

[block]
# block no. 2 follows, 369 sequences, length 15
# corresponding to MSA columns:
# 1683-1697
name=unknown_C
#
# <colnr> <probs for GDERKNQSTAVLIFYWHMCP>
#	G	D	E	R	K	N	Q	S	T	A	V	L	I	F	Y	W	H	M	C	P
0	0.01687	0.03539	0.04938	0.05331	0.02549	0.03057	0.01861	0.06582	0.19276	0.01835	0.02775	0.02919	0.01265	0.01632	0.07401	0.01294	0.01680	0.00665	0.01096	0.28618
1	0.05400	0.00935	0.00177	0.03098	0.01580	0.10799	0.01743	0.10807	0.04918	0.03023	0.10570	0.02146	0.05831	0.23457	0.03804	0.01753	0.04669	0.01923	0.02364	0.00999
2	0.00114	0.00082	0.00106	0.00121	0.00130	0.00077	0.00083	0.00132	0.00179	0.00237	0.07508	0.68977	0.08609	0.08041	0.00141	0.00040	0.00055	0.05213	0.00082	0.00073
3	0.01727	0.11978	0.04694	0.00211	0.00263	0.65933	0.00171	0.02313	0.01133	0.00234	0.00152	0.00186	0.00129	0.01185	0.05268	0.00031	0.01555	0.00702	0.00763	0.01371
4	0.00116	0.00086	0.00108	0.00113	0.00130	0.00079	0.00081	0.00144	0.00209	0.00281	0.37331	0.36710	0.19923	0.02593	0.00118	0.00033	0.00048	0.01729	0.00088	0.00078
5	0.00269	0.59595	0.00384	0.03020	0.00255	0.30785	0.00161	0.02459	0.00210	0.00224	0.00135	0.00157	0.00118	0.00083	0.00067	0.00021	0.00117	0.00053	0.01773	0.00111
6	0.02075	0.00107	0.00121	0.00114	0.00144	0.00105	0.00088	0.03654	0.04349	0.12196	0.09673	0.06423	0.06038	0.02265	0.00091	0.00028	0.00054	0.06312	0.46068	0.00096
7	0.05424	0.04178	0.05783	0.16401	0.05822	0.05747	0.14807	0.07533	0.05274	0.12910	0.02191	0.05186	0.02090	0.00111	0.00097	0.00029	0.03264	0.01467	0.01569	0.00118
8	0.01679	0.25903	0.01417	0.00214	0.01250	0.18535	0.01197	0.01180	0.00177	0.00224	0.00128	0.00178	0.00119	0.00128	0.01713	0.00032	0.45713	0.00066	0.00041	0.00105
9	0.00114	0.00083	0.00107	0.00121	0.00132	0.00077	0.00084	0.00134	0.00187	0.00249	0.13405	0.67257	0.10470	0.02237	0.00120	0.00036	0.00052	0.04975	0.00085	0.00075
10	0.01687	0.00183	0.04045	0.15958	0.21410	0.02931	0.10628	0.03129	0.00194	0.05773	0.01764	0.12060	0.00227	0.07484	0.04889	0.01731	0.04637	0.01105	0.00056	0.00108
11	0.02791	0.06514	0.10584	0.01909	0.01809	0.03672	0.08597	0.20520	0.04632	0.27337	0.01319	0.03205	0.00939	0.00880	0.01700	0.00030	0.01895	0.00089	0.01445	0.00133
12	0.00148	0.00107	0.00137	0.00133	0.00998	0.00991	0.00094	0.02670	0.00151	0.02464	0.01036	0.01258	0.01026	0.42871	0.37520	0.01736	0.05062	0.00111	0.00054	0.01434
13	0.02832	0.43323	0.02470	0.03085	0.00862	0.05296	0.02068	0.08160	0.00211	0.01695	0.00174	0.01844	0.01846	0.00089	0.00073	0.00021	0.00945	0.00064	0.00703	0.24240
14	0.04081	0.01813	0.08020	0.07382	0.06704	0.01387	0.02277	0.08353	0.02598	0.15003	0.01681	0.02030	0.00698	0.00099	0.00934	0.00577	0.01274	0.00666	0.00064	0.34357

[dist]
# distance from previous block
# <min> <max>
0	19

[block]
# block no. 3 follows, 369 sequences, length 28
# corresponding to MSA columns:
# 1717-1732,1734-1745
name=unknown_D
#
# <colnr> <probs for GDERKNQSTAVLIFYWHMCP>
#	G	D	E	R	K	N	Q	S	T	A	V	L	I	F	Y	W	H	M	C	P
0	0.01254	0.14645	0.14349	0.06015	0.33867	0.05256	0.06109	0.04494	0.03154	0.03840	0.01537	0.01667	0.00692	0.00094	0.00088	0.01159	0.00109	0.00933	0.00050	0.00688
1	0.00117	0.00082	0.00110	0.00127	0.00135	0.00077	0.00621	0.00136	0.00737	0.01405	0.00985	0.86247	0.01197	0.02120	0.00120	0.00037	0.00055	0.04256	0.01362	0.00075
2	0.00148	0.00105	0.00903	0.00149	0.01032	0.00116	0.00887	0.00923	0.00147	0.03213	0.00227	0.01055	0.00210	0.01475	0.67784	0.16001	0.03800	0.00093	0.01654	0.00078
3	0.05168	0.05942	0.02106	0.22388	0.05167	0.06853	0.05331	0.05543	0.04494	0.02862	0.01905	0.04613	0.00172	0.00140	0.03893	0.00353	0.21665	0.00592	0.00052	0.00760
4	0.00206	0.01836	0.00870	0.01775	0.11416	0.03835	0.58736	0.00268	0.02430	0.00917	0.01433	0.04504	0.01300	0.02879	0.00704	0.03274	0.01381	0.02072	0.00050	0.00114
5	0.00127	0.00090	0.00115	0.00128	0.00142	0.00087	0.00092	0.00161	0.05521	0.01907	0.05450	0.61514	0.09428	0.01403	0.00117	0.00862	0.00056	0.10254	0.02465	0.00080
6	0.00140	0.00124	0.00195	0.01681	0.01220	0.00115	0.18262	0.00185	0.02046	0.00715	0.34578	0.07944	0.30619	0.00183	0.00577	0.00031	0.00479	0.00736	0.00080	0.00090
7	0.03193	0.03908	0.01970	0.16221	0.07904	0.09185	0.03062	0.11449	0.07115	0.15346	0.01186	0.02561	0.01742	0.00443	0.00093	0.00028	0.03116	0.00853	0.10506	0.00119
8	0.00135	0.00102	0.00145	0.00143	0.00156	0.00118	0.00109	0.01762	0.00146	0.00209	0.00239	0.00374	0.00231	0.13840	0.76087	0.01408	0.04568	0.00100	0.00049	0.00078
9	0.00186	0.00159	0.00186	0.00133	0.00213	0.00120	0.00106	0.00226	0.00186	0.00292	0.00159	0.00186	0.00133	0.00066	0.00066	0.00013	0.00066	0.00053	0.00053	0.97396
10	0.00990	0.00220	0.03730	0.02889	0.05257	0.03470	0.46136	0.07313	0.06386	0.05448	0.02931	0.08629	0.01539	0.00113	0.00105	0.00030	0.02334	0.02300	0.00061	0.00119
11	0.00183	0.05512	0.86526	0.00250	0.00376	0.00213	0.02801	0.00281	0.00191	0.00282	0.02485	0.00200	0.00132	0.00087	0.00085	0.00028	0.00129	0.00069	0.00040	0.00130
12	0.00126	0.00095	0.00113	0.00113	0.00136	0.00088	0.00085	0.00168	0.04620	0.00301	0.42017	0.09323	0.30181	0.02717	0.00115	0.00032	0.00049	0.06610	0.03030	0.00083
13	0.00117	0.00091	0.00101	0.00102	0.00127	0.00079	0.00075	0.00143	0.00211	0.01848	0.20723	0.11948	0.60393	0.01984	0.00113	0.00032	0.00047	0.01702	0.00086	0.00078
14	0.01008	0.00165	0.01089	0.02483	0.00232	0.00135	0.03253	0.03426	0.03851	0.08490	0.01362	0.01975	0.00164	0.00081	0.00073	0.00018	0.00072	0.00067	0.01664	0.70393
15	0.00161	0.00111	0.00132	0.00128	0.00157	0.00108	0.00098	0.00215	0.11927	0.10702	0.09683	0.19829	0.33806	0.01445	0.02005	0.00035	0.02571	0.06707	0.00086	0.00093
16	0.00134	0.00093	0.00119	0.00129	0.00140	0.00092	0.00097	0.00156	0.00172	0.00229	0.01783	0.11614	0.02386	0.37593	0.02454	0.00060	0.00082	0.39409	0.03188	0.00070
17	0.00241	0.90353	0.04071	0.00159	0.00238	0.00347	0.00161	0.03163	0.00190	0.00224	0.00129	0.00148	0.00116	0.00078	0.00060	0.00020	0.00097	0.00050	0.00040	0.00117
18	0.01460	0.04725	0.02017	0.00212	0.01476	0.00689	0.22101	0.04857	0.04713	0.08088	0.04876	0.06918	0.09790	0.00643	0.03344	0.00036	0.05662	0.17130	0.01157	0.00106
19	0.01993	0.00152	0.05245	0.01864	0.00708	0.00134	0.02707	0.04721	0.08191	0.28074	0.35072	0.00449	0.03826	0.00139	0.00095	0.00028	0.00067	0.00634	0.05786	0.00116
20	0.00159	0.00099	0.00125	0.00123	0.00147	0.00091	0.00091	0.01888	0.01509	0.12821	0.30837	0.32597	0.15916	0.00805	0.00108	0.00032	0.00053	0.01723	0.00786	0.00090
21	0.02024	0.01339	0.04890	0.02376	0.26774	0.24883	0.04997	0.02542	0.06298	0.03803	0.00217	0.03246	0.00726	0.00129	0.02867	0.00032	0.05303	0.07381	0.00055	0.00118
22	0.00224	0.32699	0.40039	0.02655	0.01662	0.08031	0.03395	0.03883	0.00202	0.02413	0.00159	0.01746	0.00127	0.00089	0.00082	0.00025	0.02338	0.00066	0.00043	0.00123
23	0.00151	0.00125	0.06656	0.00138	0.00169	0.00103	0.01844	0.00578	0.01034	0.07176	0.19074	0.21745	0.17561	0.04224	0.01511	0.00036	0.01683	0.12401	0.03703	0.00089
24	0.00169	0.00107	0.01057	0.00135	0.00157	0.00103	0.01801	0.00195	0.00183	0.12344	0.07682	0.04162	0.04907	0.28835	0.10971	0.00915	0.00921	0.21632	0.03639	0.00083
25	0.00904	0.01362	0.02301	0.06564	0.06159	0.01815	0.04637	0.05868	0.00713	0.08297	0.11565	0.13371	0.09597	0.14961	0.02130	0.00984	0.00768	0.04321	0.03023	0.00660
26	0.04320	0.18788	0.35226	0.09708	0.01494	0.01797	0.04154	0.07636	0.04461	0.02538	0.00860	0.01547	0.00501	0.01526	0.00090	0.00028	0.01149	0.02226	0.00050	0.01903
27	0.00753	0.04251	0.01505	0.14778	0.05963	0.02979	0.03881	0.02738	0.02334	0.00813	0.04388	0.28242	0.11814	0.01460	0.00500	0.01481	0.01483	0.10473	0.00070	0.00095

[dist]
# distance from previous block
# <min> <max>
4	67

[block]
# block no. 4 follows, 369 sequences, length 10
# corresponding to MSA columns:
# 1823-1832
name=unknown_E
#
# <colnr> <probs for GDERKNQSTAVLIFYWHMCP>
#	G	D	E	R	K	N	Q	S	T	A	V	L	I	F	Y	W	H	M	C	P
0	0.04910	0.02500	0.01888	0.11174	0.14611	0.04502	0.04213	0.04351	0.07021	0.07843	0.00232	0.05478	0.00976	0.02451	0.06261	0.00766	0.11117	0.03645	0.01395	0.04667
1	0.01740	0.01245	0.03001	0.06415	0.03762	0.01415	0.15624	0.05159	0.14273	0.03563	0.14183	0.02187	0.05066	0.00133	0.01578	0.00031	0.10291	0.01181	0.00910	0.08245
2	0.00123	0.00091	0.00113	0.00114	0.00134	0.00087	0.00084	0.00148	0.00189	0.01586	0.16419	0.11057	0.35421	0.09063	0.21598	0.01379	0.00094	0.02149	0.00075	0.00077
3	0.00203	0.00218	0.04144	0.06867	0.22914	0.01014	0.44473	0.00991	0.01315	0.01104	0.02902	0.03071	0.01863	0.00106	0.01566	0.00031	0.02132	0.02408	0.01056	0.01622
4	0.00144	0.00102	0.00126	0.00117	0.00143	0.00096	0.00088	0.00198	0.07172	0.04396	0.66333	0.03616	0.11570	0.01847	0.00109	0.00029	0.00048	0.00157	0.02211	0.01497
5	0.00181	0.00169	0.00270	0.80719	0.03676	0.01951	0.01609	0.04281	0.00192	0.00246	0.00173	0.02279	0.00138	0.00098	0.00095	0.00030	0.02230	0.01516	0.00044	0.00103
6	0.00189	0.00148	0.00172	0.00133	0.00199	0.00121	0.00106	0.00243	0.07763	0.05887	0.05670	0.02418	0.07633	0.01278	0.00082	0.00020	0.00064	0.02050	0.01331	0.64494
7	0.00133	0.00095	0.00124	0.04200	0.00145	0.00102	0.00086	0.00147	0.00141	0.00194	0.01672	0.01727	0.00290	0.52915	0.31349	0.02260	0.01575	0.01530	0.01247	0.00066
8	0.24778	0.02117	0.00227	0.04276	0.00262	0.59815	0.00156	0.02190	0.00225	0.02892	0.00143	0.00166	0.00115	0.00092	0.00079	0.00025	0.02227	0.00058	0.00051	0.00104
9	0.04429	0.00110	0.01112	0.00134	0.00156	0.01460	0.00099	0.02422	0.01858	0.11785	0.04707	0.55420	0.05634	0.02582	0.00116	0.00035	0.00949	0.05504	0.01398	0.00089

[dist]
# distance from previous block
# <min> <max>
1	23

[block]
# block no. 5 follows, 369 sequences, length 34
# corresponding to MSA columns:
# 1858-1866,1868-1892
name=unknown_F
#
# <colnr> <probs for GDERKNQSTAVLIFYWHMCP>
#	G	D	E	R	K	N	Q	S	T	A	V	L	I	F	Y	W	H	M	C	P
0	0.01284	0.00180	0.00543	0.01853	0.04411	0.00563	0.00827	0.19633	0.39367	0.06053	0.09801	0.05667	0.03774	0.00999	0.00578	0.00031	0.01101	0.01495	0.01044	0.00796
1	0.00986	0.01831	0.00242	0.17726	0.19709	0.01220	0.03914	0.06098	0.09524	0.02980	0.16763	0.01390	0.10014	0.00617	0.01499	0.00031	0.03731	0.00509	0.01105	0.00112
2	0.02551	0.02030	0.00252	0.01139	0.01332	0.54346	0.02051	0.17232	0.04134	0.04694	0.02495	0.00991	0.00157	0.00101	0.00088	0.00025	0.02457	0.00071	0.01634	0.02222
3	0.00136	0.00098	0.00133	0.00152	0.00170	0.00097	0.00126	0.00174	0.01695	0.00262	0.02247	0.20672	0.06605	0.00250	0.00120	0.00039	0.00073	0.66787	0.00083	0.00081
4	0.00169	0.00159	0.00269	0.96632	0.00618	0.00199	0.00249	0.00229	0.00179	0.00229	0.00159	0.00239	0.00120	0.00090	0.00090	0.00030	0.00120	0.00080	0.00040	0.00100
5	0.02933	0.28203	0.16200	0.00203	0.00278	0.15523	0.05608	0.17387	0.01132	0.03631	0.00180	0.02773	0.00146	0.00099	0.00437	0.00025	0.01656	0.00638	0.02827	0.00122
6	0.00110	0.00079	0.00105	0.00125	0.00131	0.00074	0.00084	0.00126	0.00172	0.00229	0.00499	0.91791	0.02364	0.01637	0.00119	0.00037	0.00053	0.02109	0.00083	0.00073
7	0.04901	0.24366	0.03919	0.00207	0.00265	0.62881	0.00171	0.01882	0.00232	0.00234	0.00137	0.00158	0.00115	0.00088	0.00074	0.00023	0.00139	0.00056	0.00045	0.00108
8	0.00186	0.00159	0.00186	0.00133	0.00213	0.00120	0.00106	0.00226	0.00186	0.00292	0.00159	0.00186	0.00133	0.00066	0.00066	0.00013	0.00066	0.00053	0.00053	0.97396
9	0.05562	0.04002	0.33122	0.01672	0.02446	0.05626	0.03184	0.26284	0.05036	0.05657	0.01193	0.01227	0.01173	0.00102	0.00090	0.00786	0.01185	0.00078	0.01446	0.00131
10	0.00241	0.82014	0.00998	0.00169	0.02102	0.03934	0.00159	0.01336	0.00186	0.01206	0.00135	0.01551	0.00124	0.00086	0.00074	0.00021	0.05456	0.00055	0.00041	0.00115
11	0.00116	0.00095	0.00104	0.00106	0.00134	0.00085	0.00082	0.00151	0.03761	0.00259	0.08359	0.07052	0.68503	0.00226	0.00108	0.00032	0.00051	0.10615	0.00085	0.00079
12	0.01441	0.78005	0.08970	0.00169	0.00247	0.05260	0.00171	0.01649	0.00188	0.00226	0.00130	0.00151	0.00115	0.00081	0.00069	0.00021	0.02900	0.00051	0.00040	0.00116
13	0.00215	0.00220	0.00402	0.07720	0.30693	0.01649	0.41405	0.02113	0.06571	0.00770	0.00195	0.00653	0.00157	0.00091	0.00106	0.00030	0.04235	0.02600	0.00050	0.00126
14	0.00115	0.00083	0.00110	0.00129	0.00138	0.00078	0.00091	0.00136	0.00182	0.00240	0.04259	0.74534	0.05201	0.00270	0.00115	0.00037	0.00056	0.14069	0.00084	0.00075
15	0.00120	0.00093	0.00111	0.00110	0.01099	0.00083	0.00081	0.00155	0.00949	0.00309	0.54228	0.04165	0.37766	0.00202	0.00106	0.00029	0.00045	0.00175	0.00092	0.00082
16	0.04688	0.00199	0.00216	0.00179	0.00237	0.00219	0.00701	0.32849	0.39390	0.12565	0.01273	0.00285	0.00220	0.00113	0.00087	0.00028	0.00079	0.00090	0.06441	0.00140
17	0.00114	0.00090	0.00103	0.00104	0.00128	0.00079	0.00077	0.00143	0.00218	0.00281	0.32736	0.10342	0.52213	0.00218	0.00107	0.00031	0.00046	0.02801	0.00088	0.00079
18	0.01244	0.00213	0.00295	0.19187	0.39008	0.04584	0.00637	0.23552	0.03015	0.00948	0.00915	0.00240	0.00155	0.00981	0.01328	0.00029	0.00680	0.00786	0.02073	0.00130
19	0.97481	0.00173	0.00132	0.00118	0.00173	0.00201	0.00097	0.00264	0.00153	0.00402	0.00125	0.00146	0.00097	0.00083	0.00056	0.00028	0.00069	0.00049	0.00056	0.00097
20	0.00131	0.00094	0.00128	0.00148	0.00164	0.00092	0.00120	0.00163	0.00195	0.00254	0.00503	0.33086	0.05388	0.00258	0.00120	0.00039	0.00070	0.58885	0.00083	0.00079
21	0.00126	0.00092	0.00117	0.00113	0.00135	0.00084	0.00085	0.00164	0.00241	0.01192	0.74494	0.05686	0.13658	0.00196	0.00107	0.00029	0.00045	0.03258	0.00095	0.00083
22	0.00124	0.00105	0.00109	0.00106	0.00138	0.00097	0.00080	0.00180	0.13344	0.00270	0.08439	0.02741	0.73528	0.00210	0.00104	0.00030	0.00049	0.00176	0.00086	0.00085
23	0.00170	0.00161	0.00272	0.94001	0.00610	0.00201	0.01474	0.00230	0.00179	0.00230	0.00159	0.00239	0.00120	0.00090	0.00093	0.00030	0.01521	0.00080	0.00040	0.00100
24	0.00819	0.00161	0.00178	0.00155	0.00201	0.00172	0.00122	0.13357	0.37695	0.15232	0.06992	0.04468	0.01166	0.00127	0.00087	0.00028	0.00067	0.00105	0.18742	0.00126
25	0.03118	0.00234	0.00248	0.00197	0.00263	0.00261	0.00161	0.70499	0.22000	0.00514	0.00250	0.01428	0.00184	0.00112	0.00089	0.00028	0.00091	0.00087	0.00089	0.00148
26	0.02912	0.03630	0.00913	0.00206	0.01416	0.11912	0.13433	0.23726	0.03147	0.06094	0.01545	0.01555	0.00161	0.00093	0.00400	0.00023	0.00387	0.00076	0.00065	0.28306
27	0.00117	0.00093	0.00106	0.00108	0.00131	0.00765	0.00079	0.00147	0.01755	0.00274	0.27645	0.24658	0.42468	0.00224	0.00107	0.00031	0.00048	0.00194	0.00087	0.00962
28	0.00113	0.00094	0.00099	0.00099	0.00128	0.00081	0.00075	0.00824	0.01857	0.00256	0.08415	0.05587	0.78659	0.00224	0.00107	0.00031	0.00047	0.03143	0.00085	0.00078
29	0.00190	0.00159	0.00186	0.00133	0.00213	0.00120	0.00107	0.00230	0.00187	0.02103	0.00163	0.00188	0.00135	0.00067	0.00067	0.00014	0.00067	0.00054	0.00054	0.95563
30	0.00216	0.47434	0.43484	0.00203	0.00302	0.04617	0.00234	0.00281	0.01252	0.00247	0.00923	0.00171	0.00122	0.00083	0.00072	0.00024	0.00115	0.00058	0.00040	0.00122
31	0.00136	0.00100	0.00138	0.00153	0.00172	0.00097	0.01308	0.00173	0.00927	0.00264	0.04715	0.19347	0.06581	0.00838	0.00121	0.00039	0.00073	0.63895	0.00083	0.00840
32	0.00212	0.00201	0.01059	0.27993	0.37976	0.01994	0.13329	0.05385	0.01801	0.02446	0.01254	0.00261	0.00795	0.01041	0.01492	0.00031	0.00706	0.01852	0.00050	0.00123
33	0.00610	0.06030	0.36551	0.09401	0.01858	0.00748	0.07554	0.04046	0.06162	0.02555	0.11094	0.04764	0.03641	0.00123	0.01088	0.00030	0.00703	0.01803	0.01123	0.00117

[dist]
# distance from previous block
# <min> <max>
0	2

[block]
# block no. 6 follows, 369 sequences, length 6
# corresponding to MSA columns:
# 1895-1900
name=unknown_G
#
# <colnr> <probs for GDERKNQSTAVLIFYWHMCP>
#	G	D	E	R	K	N	Q	S	T	A	V	L	I	F	Y	W	H	M	C	P
0	0.09754	0.00155	0.00196	0.00154	0.00218	0.00143	0.00126	0.03389	0.03084	0.74901	0.03902	0.00302	0.00233	0.00111	0.00087	0.00028	0.00074	0.00089	0.02913	0.00142
1	0.00149	0.01462	0.01723	0.00128	0.01498	0.00113	0.00089	0.00170	0.02417	0.03280	0.07890	0.03223	0.02632	0.54013	0.08192	0.00071	0.06555	0.02977	0.03345	0.00073
2	0.00130	0.00088	0.00103	0.00103	0.00105	0.00090	0.00061	0.00134	0.00132	0.00178	0.00278	0.00562	0.00315	0.86502	0.10787	0.00093	0.00103	0.00127	0.00054	0.00057
3	0.02207	0.00197	0.04940	0.40370	0.15144	0.00200	0.19293	0.03885	0.01753	0.02042	0.02366	0.00283	0.00169	0.00097	0.00093	0.00030	0.00116	0.04672	0.02029	0.00114
4	0.00167	0.00084	0.00084	0.00084	0.00104	0.00084	0.00063	0.00209	0.00188	0.00334	0.00293	0.00334	0.00230	0.00104	0.00063	0.00021	0.00042	0.00084	0.97346	0.00084
5	0.02832	0.01543	0.01267	0.01766	0.02792	0.04983	0.15005	0.19208	0.07414	0.08944	0.02966	0.12508	0.03680	0.01380	0.02694	0.01274	0.03891	0.02693	0.03044	0.00116

[dist]
# distance from previous block
# <min> <max>
0	2

[block]
# block no. 7 follows, 369 sequences, length 6
# corresponding to MSA columns:
# 1916-1921
name=unknown_H
#
# <colnr> <probs for GDERKNQSTAVLIFYWHMCP>
#	G	D	E	R	K	N	Q	S	T	A	V	L	I	F	Y	W	H	M	C	P
0	0.01716	0.00129	0.01638	0.01542	0.04105	0.02725	0.02479	0.03137	0.04016	0.05117	0.55344	0.04488	0.11184	0.00171	0.00102	0.00029	0.00060	0.01833	0.00089	0.00096
1	0.00167	0.00084	0.00084	0.00084	0.00104	0.00084	0.00063	0.00209	0.00188	0.00334	0.00293	0.00334	0.00230	0.00104	0.00063	0.00021	0.00042	0.00084	0.97346	0.00084
2	0.21190	0.08159	0.03954	0.01976	0.01924	0.13030	0.07357	0.09974	0.01371	0.14045	0.00196	0.02412	0.00156	0.00113	0.01358	0.00030	0.09456	0.01808	0.01373	0.00116
3	0.01358	0.00175	0.01288	0.02511	0.02862	0.05810	0.02975	0.05244	0.01546	0.08577	0.01276	0.02164	0.00202	0.16855	0.08966	0.02699	0.32780	0.01229	0.01385	0.00097
4	0.04149	0.01820	0.06694	0.01717	0.01665	0.02059	0.01384	0.16904	0.41076	0.04579	0.01889	0.00307	0.01215	0.01819	0.03289	0.00034	0.03359	0.02092	0.02028	0.01921
5	0.01412	0.00174	0.06626	0.02462	0.02720	0.00160	0.06681	0.08555	0.16615	0.11542	0.22934	0.03807	0.05609	0.00141	0.00099	0.00029	0.01563	0.04202	0.02282	0.02387

[dist]
# distance from previous block
# <min> <max>
0	1

[block]
# block no. 8 follows, 369 sequences, length 13
# corresponding to MSA columns:
# 1923-1935
name=unknown_I
#
# <colnr> <probs for GDERKNQSTAVLIFYWHMCP>
#	G	D	E	R	K	N	Q	S	T	A	V	L	I	F	Y	W	H	M	C	P
0	0.01407	0.02139	0.09571	0.12703	0.06270	0.02437	0.08207	0.08138	0.11356	0.01962	0.07474	0.05436	0.02100	0.02524	0.00104	0.00030	0.01748	0.04800	0.03509	0.08085
1	0.02453	0.00118	0.01450	0.02154	0.00169	0.00897	0.00905	0.04113	0.02415	0.08280	0.68704	0.00595	0.04579	0.00169	0.00102	0.00029	0.00055	0.02623	0.00094	0.00096
2	0.02711	0.14785	0.37088	0.01521	0.00837	0.02974	0.03125	0.03745	0.03402	0.05127	0.04553	0.02297	0.03090	0.00695	0.01558	0.00028	0.01448	0.00891	0.00054	0.10070
3	0.00150	0.00137	0.02517	0.00124	0.00154	0.10033	0.00097	0.01618	0.00225	0.01839	0.30170	0.10806	0.34993	0.00194	0.00102	0.00029	0.00061	0.02696	0.03968	0.00085
4	0.00219	0.53754	0.17459	0.01282	0.00260	0.02813	0.01941	0.02647	0.03517	0.01285	0.04408	0.00225	0.02757	0.00115	0.03492	0.00028	0.02611	0.01024	0.00047	0.00116
5	0.02600	0.00175	0.00277	0.72168	0.06604	0.03215	0.04495	0.01618	0.00186	0.00245	0.00172	0.02263	0.00139	0.00098	0.00098	0.00030	0.03615	0.01855	0.00043	0.00103
6	0.84064	0.00186	0.00153	0.00133	0.00190	0.04125	0.02214	0.02758	0.00170	0.05138	0.00140	0.00158	0.00106	0.00085	0.00060	0.00028	0.00076	0.00053	0.00059	0.00102
7	0.00184	0.00173	0.00285	0.58914	0.18512	0.01820	0.05228	0.00863	0.00920	0.00991	0.01776	0.01963	0.02606	0.01896	0.00862	0.00031	0.02132	0.00689	0.00046	0.00107
8	0.00110	0.00090	0.00097	0.00098	0.00124	0.00077	0.00072	0.00136	0.00212	0.00264	0.19238	0.07918	0.70806	0.00223	0.00107	0.00030	0.00045	0.00189	0.00086	0.00077
9	0.00809	0.09389	0.17495	0.03427	0.02427	0.05389	0.08235	0.03201	0.09158	0.25569	0.02615	0.03605	0.03839	0.00732	0.00092	0.00028	0.00760	0.00732	0.00565	0.01934
10	0.00183	0.04405	0.85504	0.00251	0.00373	0.00215	0.02136	0.00279	0.00189	0.00280	0.01865	0.00197	0.00127	0.00089	0.00092	0.00028	0.03549	0.00068	0.00039	0.00130
11	0.00186	0.00159	0.00186	0.00133	0.00213	0.00120	0.00106	0.00226	0.00186	0.00292	0.00159	0.00186	0.00133	0.00066	0.00066	0.00013	0.00066	0.00053	0.00053	0.97396
12	0.01545	0.03619	0.02178	0.05272	0.03979	0.02929	0.01647	0.13493	0.38989	0.10977	0.04659	0.00805	0.01923	0.00118	0.00771	0.00029	0.01197	0.00093	0.01179	0.04600

[dist]
# distance from previous block
# <min> <max>
4	9

[block]
# block no. 9 follows, 369 sequences, length 28
# corresponding to MSA columns:
# 1946-1948,1953-1962,1965-1979
name=unknown_J
#
# <colnr> <probs for GDERKNQSTAVLIFYWHMCP>
#	G	D	E	R	K	N	Q	S	T	A	V	L	I	F	Y	W	H	M	C	P
0	0.00167	0.00084	0.00084	0.00084	0.00104	0.00084	0.00063	0.00209	0.00188	0.00334	0.00293	0.00334	0.00230	0.00104	0.00063	0.00021	0.00042	0.00084	0.97346	0.00084
1	0.11442	0.04565	0.03420	0.04568	0.07586	0.34782	0.11797	0.03115	0.01262	0.05028	0.00643	0.03344	0.00490	0.00107	0.01180	0.00028	0.05903	0.00576	0.00052	0.00112
2	0.02042	0.00216	0.03176	0.00207	0.04277	0.03978	0.03425	0.24066	0.36415	0.16632	0.00765	0.02145	0.00867	0.00118	0.00498	0.00029	0.00089	0.00828	0.00086	0.00140
3	0.00634	0.01190	0.03227	0.09861	0.24283	0.09850	0.06392	0.07255	0.17736	0.04172	0.04960	0.04212	0.00221	0.00108	0.00091	0.00028	0.00101	0.01204	0.00064	0.04413
4	0.11049	0.02656	0.02486	0.01699	0.02269	0.29710	0.03399	0.01310	0.00188	0.02189	0.00157	0.01493	0.00142	0.03763	0.05755	0.02190	0.28659	0.00739	0.00047	0.00100
5	0.02368	0.00220	0.00234	0.00187	0.00249	0.01083	0.00152	0.64137	0.15195	0.03825	0.01296	0.00260	0.00191	0.00112	0.00087	0.00027	0.00088	0.01234	0.08913	0.00141
6	0.00143	0.00102	0.00139	0.00150	0.00166	0.00103	0.01290	0.00173	0.00185	0.01331	0.01312	0.07605	0.01905	0.19724	0.05132	0.00055	0.02258	0.57571	0.00578	0.00078
7	0.00996	0.01134	0.12506	0.04951	0.03149	0.01141	0.20811	0.15245	0.09919	0.19220	0.06640	0.00298	0.01697	0.00107	0.00095	0.00029	0.00516	0.01343	0.00073	0.00131
8	0.00113	0.00083	0.00106	0.00122	0.00134	0.00077	0.00086	0.00133	0.00183	0.00239	0.03506	0.69458	0.16230	0.00264	0.00113	0.00035	0.00053	0.07985	0.00083	0.00996
9	0.00126	0.00109	0.00958	0.02418	0.00158	0.02110	0.03520	0.00653	0.00222	0.00287	0.34610	0.03235	0.48682	0.00203	0.00854	0.00031	0.00056	0.01600	0.00085	0.00083
10	0.00195	0.00192	0.00267	0.00229	0.00231	0.00267	0.00191	0.00219	0.01575	0.00221	0.00128	0.00204	0.00125	0.00165	0.02064	0.00041	0.91217	0.00079	0.02294	0.00098
11	0.00334	0.00418	0.00258	0.00232	0.00279	0.92245	0.01644	0.01394	0.00255	0.01942	0.00144	0.00166	0.00118	0.00093	0.00082	0.00023	0.00159	0.00059	0.00048	0.00106
12	0.00165	0.00153	0.00255	0.81256	0.02772	0.00185	0.01614	0.00221	0.00180	0.00234	0.00197	0.08662	0.00171	0.00109	0.00092	0.00030	0.00112	0.01863	0.01629	0.00098
13	0.03534	0.00169	0.00177	0.00145	0.00193	0.00184	0.00117	0.47499	0.00302	0.00451	0.00249	0.00269	0.00187	0.00105	0.00076	0.00024	0.00071	0.00081	0.46049	0.00118
14	0.03048	0.00818	0.14844	0.07714	0.02616	0.00513	0.10869	0.02193	0.10295	0.08066	0.10270	0.10146	0.05385	0.00992	0.00898	0.00841	0.03074	0.05962	0.01346	0.00110
15	0.00130	0.00088	0.00103	0.00103	0.00105	0.00090	0.00061	0.00134	0.00132	0.00178	0.00277	0.00558	0.00314	0.85144	0.12143	0.00094	0.00106	0.00126	0.00054	0.00057
16	0.03737	0.00687	0.01827	0.00177	0.01112	0.01423	0.00144	0.31500	0.12804	0.33419	0.03501	0.04427	0.02677	0.00558	0.00093	0.00029	0.00082	0.01571	0.00094	0.00139
17	0.01384	0.82423	0.01500	0.00163	0.00237	0.07892	0.00157	0.04946	0.00199	0.00232	0.00131	0.00149	0.00117	0.00080	0.00061	0.00020	0.00101	0.00051	0.00042	0.00116
18	0.00214	0.00204	0.00348	0.11300	0.83453	0.00209	0.00268	0.00268	0.00203	0.00287	0.02288	0.00234	0.00155	0.00083	0.00089	0.00027	0.00107	0.00082	0.00045	0.00136
19	0.00212	0.00242	0.00529	0.00378	0.00469	0.00227	0.95962	0.00287	0.00212	0.00287	0.00181	0.00242	0.00136	0.00076	0.00106	0.00030	0.00151	0.00106	0.00045	0.00121
20	0.00130	0.00100	0.00134	0.00136	0.00158	0.00096	0.02845	0.00165	0.00912	0.00278	0.25431	0.13938	0.21302	0.02635	0.00127	0.00685	0.02004	0.28762	0.00084	0.00081
21	0.00128	0.00098	0.00107	0.00103	0.00131	0.00885	0.00078	0.01639	0.00895	0.02172	0.31347	0.03463	0.53964	0.00203	0.00103	0.00029	0.00047	0.00173	0.04352	0.00082
22	0.00205	0.00196	0.00334	0.30768	0.66200	0.00209	0.00267	0.00261	0.00196	0.00273	0.00166	0.00227	0.00135	0.00083	0.00089	0.00028	0.00111	0.00080	0.00043	0.00129
23	0.00114	0.00083	0.00107	0.00124	0.00135	0.00077	0.00088	0.00134	0.00182	0.00239	0.04055	0.70353	0.12203	0.01396	0.00118	0.00036	0.00055	0.10345	0.00083	0.00074
24	0.00212	0.00242	0.00529	0.00378	0.00469	0.00227	0.95962	0.00287	0.00212	0.00287	0.00181	0.00242	0.00136	0.00076	0.00106	0.00030	0.00151	0.00106	0.00045	0.00121
25	0.00180	0.00464	0.96383	0.00256	0.00388	0.00208	0.00331	0.00284	0.00189	0.00284	0.00161	0.00189	0.00114	0.00085	0.00085	0.00028	0.00133	0.00066	0.00038	0.00133
26	0.00279	0.01805	0.00225	0.00184	0.00242	0.03231	0.00147	0.32430	0.43092	0.10561	0.01465	0.00308	0.01705	0.02358	0.00099	0.00030	0.00084	0.01044	0.00571	0.00140
27	0.00187	0.00161	0.00198	0.00143	0.00221	0.00124	0.03761	0.01125	0.00190	0.00295	0.01437	0.01458	0.00149	0.00072	0.00069	0.00015	0.00069	0.00059	0.00054	0.90214

[dist]
# distance from previous block
# <min> <max>
0	18

[block]
# block no. 10 follows, 369 sequences, length 32
# corresponding to MSA columns:
# 1998-2012,2015-2017,2019-2032
name=unknown_K
#
# <colnr> <probs for GDERKNQSTAVLIFYWHMCP>
#	G	D	E	R	K	N	Q	S	T	A	V	L	I	F	Y	W	H	M	C	P
0	0.00224	0.55191	0.36472	0.00195	0.00292	0.03432	0.00221	0.01501	0.00191	0.01354	0.00143	0.00164	0.00116	0.00081	0.00069	0.00023	0.00112	0.00056	0.00040	0.00122
1	0.00262	0.40711	0.14038	0.01062	0.00607	0.08124	0.00855	0.08688	0.03250	0.13574	0.02298	0.01002	0.00648	0.00098	0.00082	0.00025	0.02561	0.01933	0.00058	0.00124
2	0.00133	0.00102	0.00126	0.00132	0.00157	0.00097	0.00108	0.00180	0.05482	0.00286	0.21674	0.02509	0.28527	0.00221	0.00113	0.00035	0.00062	0.39885	0.00087	0.00084
3	0.00195	0.00158	0.00186	0.00134	0.00212	0.00120	0.00107	0.00235	0.00189	0.04787	0.00173	0.01343	0.00143	0.00071	0.00068	0.00014	0.00067	0.00057	0.00056	0.91684
4	0.00281	0.23357	0.20328	0.00189	0.01146	0.00208	0.04070	0.01915	0.00611	0.36026	0.02735	0.00237	0.00177	0.00095	0.00082	0.00025	0.00893	0.00075	0.00069	0.07481
5	0.95207	0.00175	0.00135	0.00120	0.00176	0.00203	0.00099	0.02505	0.00159	0.00406	0.00127	0.00147	0.00098	0.00084	0.00056	0.00028	0.00070	0.00049	0.00056	0.00098
6	0.05249	0.02947	0.27274	0.02902	0.00423	0.00221	0.57462	0.00280	0.00200	0.00288	0.00176	0.01842	0.00134	0.00083	0.00096	0.00029	0.00138	0.00092	0.00044	0.00121
7	0.00224	0.00190	0.00201	0.00181	0.00231	0.00219	0.00141	0.00470	0.92829	0.01911	0.02128	0.00340	0.00283	0.00123	0.00092	0.00030	0.00071	0.00102	0.00092	0.00141
8	0.00186	0.00159	0.00186	0.00133	0.00213	0.00120	0.00106	0.00226	0.00186	0.00292	0.00159	0.00186	0.00133	0.00066	0.00066	0.00013	0.00066	0.00053	0.00053	0.97396
9	0.00206	0.00181	0.00254	0.00217	0.00230	0.01386	0.03252	0.02205	0.00161	0.07351	0.02516	0.01794	0.00170	0.01123	0.09224	0.00047	0.67435	0.01428	0.00717	0.00101
10	0.00257	0.00211	0.00221	0.00193	0.00247	0.02459	0.00152	0.18989	0.69910	0.02286	0.00338	0.00332	0.00257	0.00126	0.00097	0.00031	0.01064	0.02594	0.00092	0.00145
11	0.00141	0.00102	0.00126	0.00119	0.00144	0.00096	0.00090	0.00649	0.07033	0.03291	0.68775	0.01822	0.12930	0.01068	0.00108	0.00030	0.00048	0.03244	0.00095	0.00089
12	0.00249	0.00963	0.00210	0.00643	0.00227	0.01179	0.02155	0.35054	0.17379	0.07931	0.09778	0.07078	0.06499	0.00522	0.00101	0.00030	0.01855	0.06048	0.01487	0.00614
13	0.00121	0.00086	0.00110	0.00122	0.00135	0.00080	0.00086	0.00147	0.01554	0.01659	0.17016	0.58446	0.12886	0.00248	0.00111	0.00034	0.00052	0.05655	0.01374	0.00078
14	0.00629	0.00102	0.00124	0.00122	0.00137	0.01488	0.00089	0.01131	0.01784	0.00658	0.09995	0.07141	0.01556	0.20496	0.24866	0.00070	0.03967	0.02736	0.22831	0.00079
15	0.02411	0.00134	0.00174	0.00146	0.00196	0.00123	0.00118	0.02847	0.03349	0.53176	0.16495	0.05679	0.01211	0.00594	0.00096	0.00029	0.00068	0.07662	0.05366	0.00125
16	0.00163	0.00142	0.00199	0.01509	0.00193	0.00184	0.00145	0.00893	0.00143	0.00213	0.00187	0.00302	0.00184	0.10460	0.37145	0.01754	0.43955	0.00091	0.02052	0.00086
17	0.09684	0.44592	0.06985	0.00185	0.00254	0.27231	0.01180	0.04931	0.01321	0.02240	0.00144	0.00162	0.00119	0.00085	0.00070	0.00023	0.00576	0.00056	0.00047	0.00114
18	0.00705	0.50229	0.24367	0.00819	0.05497	0.03557	0.00204	0.05546	0.01277	0.04992	0.00157	0.00177	0.00126	0.00084	0.00071	0.00023	0.00106	0.00060	0.00771	0.01232
19	0.00117	0.00087	0.00112	0.00131	0.00138	0.01494	0.00091	0.00135	0.00176	0.00232	0.01097	0.84208	0.01299	0.00953	0.00120	0.00037	0.01426	0.07991	0.00082	0.00074
20	0.00131	0.00094	0.00121	0.00114	0.00136	0.00087	0.00085	0.00176	0.02046	0.01190	0.90191	0.00665	0.03428	0.01011	0.00108	0.00029	0.00044	0.00161	0.00098	0.00086
21	0.00240	0.90990	0.03839	0.00159	0.00237	0.02860	0.00160	0.00271	0.00184	0.00214	0.00126	0.00146	0.00115	0.00077	0.00059	0.00020	0.00099	0.00049	0.00039	0.00115
22	0.01544	0.01073	0.01217	0.01383	0.19519	0.00161	0.00152	0.10940	0.08991	0.17849	0.17050	0.03012	0.04933	0.04844	0.02387	0.00034	0.00082	0.03332	0.01378	0.00120
23	0.06426	0.00114	0.00135	0.00122	0.00155	0.00110	0.00095	0.03225	0.03882	0.13167	0.49771	0.01574	0.04230	0.00155	0.00094	0.00027	0.00053	0.02340	0.13132	0.01193
24	0.02819	0.00210	0.00387	0.15037	0.40106	0.00531	0.32934	0.01252	0.00580	0.01003	0.02179	0.00760	0.00157	0.00088	0.00538	0.00029	0.00438	0.00782	0.00047	0.00125
25	0.00225	0.00161	0.00192	0.00139	0.00217	0.00125	0.00112	0.02553	0.00203	0.15959	0.00192	0.00206	0.00148	0.00075	0.00071	0.00016	0.00069	0.00060	0.00063	0.79215
26	0.97481	0.00173	0.00132	0.00118	0.00173	0.00201	0.00097	0.00264	0.00153	0.00402	0.00125	0.00146	0.00097	0.00083	0.00056	0.00028	0.00069	0.00049	0.00056	0.00097
27	0.00237	0.92814	0.01949	0.02743	0.00243	0.00348	0.00159	0.00268	0.00182	0.00213	0.00126	0.00147	0.00115	0.00077	0.00059	0.00020	0.00097	0.00049	0.00038	0.00115
28	0.00172	0.00162	0.00276	0.92383	0.03380	0.00200	0.01714	0.00231	0.00181	0.00232	0.00160	0.00239	0.00120	0.00089	0.00090	0.00030	0.00120	0.00080	0.00040	0.00101
29	0.00122	0.00092	0.00113	0.00110	0.00133	0.00084	0.00082	0.00161	0.01351	0.00322	0.64800	0.06882	0.23608	0.00200	0.00106	0.00029	0.00045	0.01584	0.00094	0.00082
30	0.00210	0.00942	0.38061	0.03152	0.02016	0.12100	0.02970	0.01724	0.23236	0.01557	0.06654	0.01072	0.01962	0.00111	0.00603	0.00029	0.00810	0.00531	0.02135	0.00124
31	0.00130	0.00094	0.00115	0.00110	0.00134	0.00620	0.00082	0.00166	0.00238	0.02634	0.64566	0.03589	0.24796	0.00195	0.00105	0.00029	0.00045	0.00935	0.01336	0.00084

[dist]
# distance from previous block
# <min> <max>
2	26

[block]
# block no. 11 follows, 369 sequences, length 23
# corresponding to MSA columns:
# 2059-2061,2069-2082,2086-2091
name=unknown_L
#
# <colnr> <probs for GDERKNQSTAVLIFYWHMCP>
#	G	D	E	R	K	N	Q	S	T	A	V	L	I	F	Y	W	H	M	C	P
0	0.00115	0.00093	0.00099	0.00098	0.00127	0.00081	0.00074	0.00927	0.01041	0.00958	0.13927	0.04280	0.76262	0.00221	0.00106	0.00030	0.00047	0.01350	0.00086	0.00079
1	0.00129	0.00093	0.00126	0.00126	0.00135	0.00102	0.00089	0.00147	0.00140	0.00196	0.00269	0.05507	0.00282	0.37725	0.53300	0.00115	0.01278	0.00117	0.00052	0.00070
2	0.00177	0.00166	0.00277	0.83341	0.10862	0.00202	0.00249	0.00242	0.03157	0.00241	0.00167	0.00240	0.00127	0.00090	0.00090	0.00030	0.00117	0.00080	0.00042	0.00106
3	0.05141	0.00160	0.00201	0.00157	0.00222	0.00148	0.00129	0.11647	0.00940	0.68136	0.04007	0.00299	0.00230	0.00110	0.00087	0.00027	0.00075	0.00088	0.05035	0.03159
4	0.00725	0.00865	0.00215	0.00180	0.00223	0.11231	0.11824	0.08444	0.06441	0.08133	0.31619	0.03100	0.05949	0.00150	0.00103	0.00029	0.01885	0.06816	0.01962	0.00106
5	0.03048	0.00170	0.00204	0.00149	0.00227	0.00140	0.03474	0.07306	0.01616	0.06665	0.00179	0.00199	0.00141	0.00074	0.00071	0.00017	0.00073	0.00060	0.00060	0.76127
6	0.00146	0.00109	0.00145	0.01300	0.00833	0.00105	0.03531	0.03443	0.04144	0.02605	0.42642	0.10701	0.17184	0.01440	0.00112	0.00032	0.00058	0.11295	0.00089	0.00089
7	0.00179	0.00165	0.00282	0.85839	0.05286	0.00199	0.04016	0.00239	0.00184	0.02526	0.00165	0.00240	0.00124	0.00089	0.00090	0.00030	0.00119	0.00081	0.00042	0.00104
8	0.00156	0.01311	0.04020	0.00141	0.02785	0.00109	0.01270	0.02918	0.02626	0.05638	0.55394	0.08281	0.09689	0.00803	0.00104	0.00029	0.00057	0.01757	0.00089	0.02823
9	0.05393	0.01143	0.00244	0.02935	0.00271	0.67714	0.00695	0.08084	0.01055	0.00908	0.00183	0.01343	0.03931	0.00105	0.00093	0.00025	0.05182	0.00536	0.00053	0.00106
10	0.00209	0.00169	0.00197	0.01225	0.00224	0.00758	0.00947	0.11368	0.01657	0.03669	0.00733	0.03765	0.00967	0.00086	0.00076	0.00500	0.00763	0.00069	0.00061	0.72555
11	0.00197	0.00190	0.00268	0.58595	0.11201	0.09167	0.02812	0.00754	0.06006	0.02133	0.00202	0.02077	0.01605	0.02788	0.00101	0.00031	0.00115	0.01606	0.00048	0.00107
12	0.00194	0.00193	0.01117	0.07957	0.01239	0.01786	0.49353	0.01009	0.04010	0.02878	0.06247	0.03825	0.02782	0.03620	0.00121	0.00034	0.01586	0.11882	0.00059	0.00109
13	0.00936	0.00177	0.00268	0.73550	0.00536	0.01034	0.02214	0.12193	0.05392	0.02573	0.00182	0.00242	0.00135	0.00094	0.00090	0.00029	0.00114	0.00081	0.00051	0.00110
