[name]
unknown

[dist]
# distance from previous block
# <min> <max>
0	484

[block]
# block no. 0 follows, 339 sequences, length 7
# corresponding to MSA columns:
# 593-599
name=unknown_A
#
# <colnr> <probs for GDERKNQSTAVLIFYWHMCP>
#	G	D	E	R	K	N	Q	S	T	A	V	L	I	F	Y	W	H	M	C	P
0	0.00177	0.01545	0.02808	0.01229	0.00183	0.00115	0.00114	0.03402	0.02876	0.08871	0.13334	0.36407	0.08177	0.03623	0.00133	0.02784	0.00068	0.06600	0.00088	0.07464
1	0.02283	0.10892	0.16815	0.04491	0.12052	0.04276	0.05020	0.07054	0.01324	0.10300	0.05230	0.02599	0.00207	0.00130	0.02621	0.00033	0.08911	0.00090	0.02750	0.02922
2	0.01987	0.08057	0.09947	0.03286	0.07752	0.05553	0.05985	0.10928	0.13107	0.10891	0.03019	0.03353	0.01890	0.03632	0.00112	0.00031	0.01449	0.01168	0.00073	0.07781
3	0.00161	0.00120	0.00163	0.02313	0.04040	0.00118	0.02819	0.03974	0.04179	0.04040	0.03360	0.57171	0.05614	0.04043	0.01600	0.00041	0.01508	0.02391	0.00085	0.02261
4	0.00177	0.00140	0.03829	0.00149	0.00184	0.01297	0.02238	0.06948	0.04963	0.05469	0.29773	0.20858	0.13390	0.02721	0.01527	0.00036	0.00069	0.01517	0.04612	0.00102
5	0.01412	0.02355	0.05844	0.27141	0.07213	0.01579	0.05337	0.05980	0.01877	0.04792	0.01958	0.13126	0.01836	0.15689	0.01061	0.00044	0.02461	0.00124	0.00063	0.00109
6	0.03085	0.07180	0.04049	0.24294	0.14932	0.04754	0.07862	0.05734	0.07818	0.03787	0.01479	0.07538	0.02348	0.02144	0.00109	0.00032	0.01592	0.01076	0.00062	0.00124

[dist]
# distance from previous block
# <min> <max>
0	1

[block]
# block no. 1 follows, 339 sequences, length 7
# corresponding to MSA columns:
# 601-607
name=unknown_B
#
# <colnr> <probs for GDERKNQSTAVLIFYWHMCP>
#	G	D	E	R	K	N	Q	S	T	A	V	L	I	F	Y	W	H	M	C	P
0	0.03615	0.00291	0.00266	0.00217	0.00281	0.21579	0.00174	0.56273	0.00370	0.05745	0.00235	0.03598	0.00184	0.00123	0.00100	0.00029	0.02439	0.01959	0.02378	0.00144
1	0.02383	0.00136	0.00187	0.06834	0.01453	0.00133	0.03856	0.04856	0.02509	0.22069	0.08081	0.31753	0.09093	0.00209	0.01336	0.00036	0.00078	0.04792	0.00092	0.00112
2	0.00220	0.00219	0.03785	0.12205	0.54928	0.00215	0.08219	0.01968	0.04520	0.00308	0.01626	0.02691	0.02037	0.04339	0.02275	0.00036	0.00119	0.00101	0.00054	0.00136
3	0.00204	0.00198	0.02640	0.62404	0.07935	0.05317	0.02462	0.02309	0.02705	0.01875	0.02467	0.02522	0.00191	0.02525	0.00109	0.00034	0.00123	0.03813	0.00053	0.00114
4	0.03416	0.00224	0.00232	0.00199	0.00260	0.04440	0.00157	0.15434	0.62969	0.11047	0.00350	0.00324	0.00256	0.00125	0.00097	0.00032	0.00087	0.00101	0.00098	0.00154
5	0.00209	0.00194	0.00294	0.32229	0.12354	0.04840	0.08686	0.03571	0.00206	0.02761	0.01969	0.08113	0.00210	0.03525	0.07358	0.00045	0.13159	0.00108	0.00055	0.00113
6	0.00265	0.27470	0.13298	0.04000	0.10357	0.02204	0.03748	0.09240	0.03580	0.12506	0.01431	0.04525	0.02341	0.00120	0.01135	0.00030	0.03460	0.00090	0.00064	0.00135

[dist]
# distance from previous block
# <min> <max>
9	51

[block]
# block no. 2 follows, 339 sequences, length 32
# corresponding to MSA columns:
# 786-790,794-797,836-838,843-862
name=unknown_C
#
# <colnr> <probs for GDERKNQSTAVLIFYWHMCP>
#	G	D	E	R	K	N	Q	S	T	A	V	L	I	F	Y	W	H	M	C	P
0	0.02876	0.08296	0.09621	0.03255	0.03816	0.01690	0.02269	0.06267	0.03461	0.06976	0.08205	0.14181	0.02567	0.03720	0.01000	0.00031	0.00090	0.01705	0.00072	0.19900
1	0.02605	0.57205	0.06584	0.00954	0.01710	0.04271	0.01702	0.02426	0.02006	0.03275	0.02777	0.04315	0.03056	0.03134	0.01491	0.00029	0.00975	0.00080	0.00054	0.01351
2	0.01527	0.15158	0.36633	0.02543	0.03781	0.01154	0.03886	0.04255	0.03181	0.05575	0.00800	0.02988	0.01580	0.00101	0.00089	0.00027	0.00816	0.00537	0.00056	0.15314
3	0.01377	0.07013	0.26485	0.04999	0.15801	0.02482	0.06446	0.05224	0.06692	0.04612	0.02055	0.08058	0.02453	0.01175	0.00101	0.00031	0.00645	0.00103	0.01628	0.02621
4	0.04033	0.00217	0.00247	0.02461	0.00272	0.01636	0.01159	0.48025	0.01265	0.26740	0.01126	0.03486	0.03196	0.01038	0.00101	0.00030	0.00095	0.00977	0.02889	0.01006
5	0.00236	0.12936	0.18585	0.04424	0.11493	0.02724	0.11045	0.03547	0.05896	0.06209	0.02637	0.02716	0.01917	0.01250	0.01429	0.00034	0.12155	0.00094	0.00058	0.00617
6	0.00546	0.02299	0.05091	0.23465	0.42301	0.03120	0.04051	0.03765	0.02337	0.01901	0.00842	0.01743	0.00170	0.00111	0.01157	0.01306	0.02157	0.01751	0.00399	0.01488
7	0.00187	0.01042	0.01097	0.04631	0.00198	0.01615	0.00380	0.02656	0.06088	0.12641	0.14704	0.26191	0.20692	0.02892	0.00606	0.00036	0.00069	0.03164	0.00092	0.01019
8	0.02765	0.01211	0.00311	0.22224	0.41880	0.01955	0.00918	0.05081	0.00718	0.08715	0.00222	0.04977	0.00187	0.00121	0.00681	0.03164	0.02041	0.01458	0.01239	0.00132
9	0.00152	0.00125	0.01177	0.10048	0.07197	0.00123	0.01378	0.00191	0.01969	0.01214	0.06649	0.34355	0.14565	0.00970	0.00125	0.00037	0.02114	0.16986	0.00529	0.00095
10	0.02370	0.03857	0.00729	0.02511	0.05943	0.08899	0.01978	0.25219	0.05685	0.32025	0.00949	0.04554	0.00584	0.00621	0.00740	0.00031	0.00599	0.02466	0.00091	0.00146
11	0.00215	0.00158	0.02062	0.01431	0.00204	0.00160	0.00128	0.16754	0.07800	0.07836	0.25093	0.05840	0.13012	0.02179	0.03043	0.00037	0.06329	0.00140	0.07465	0.00114
12	0.01797	0.02112	0.00371	0.14589	0.75646	0.00230	0.00283	0.00289	0.00878	0.00308	0.01175	0.00901	0.00161	0.00092	0.00097	0.00029	0.00762	0.00088	0.00049	0.00144
13	0.00172	0.00117	0.01281	0.00461	0.00923	0.00106	0.00104	0.02170	0.03316	0.12068	0.07922	0.25616	0.34224	0.02830	0.03817	0.00041	0.00070	0.04572	0.00092	0.00098
14	0.01759	0.01045	0.03081	0.31893	0.17631	0.11127	0.04686	0.05323	0.00664	0.03844	0.01857	0.03883	0.00185	0.00623	0.01525	0.00034	0.08482	0.02182	0.00055	0.00122
15	0.02101	0.38635	0.00344	0.00683	0.00929	0.09078	0.00837	0.13289	0.07447	0.14232	0.02940	0.01589	0.02769	0.02159	0.00094	0.00027	0.00994	0.00083	0.00071	0.01699
16	0.00800	0.03414	0.71972	0.01546	0.02275	0.01220	0.06788	0.02024	0.01299	0.01302	0.00209	0.02704	0.02005	0.00102	0.00094	0.00031	0.00135	0.00669	0.01274	0.00138
17	0.00140	0.00104	0.00155	0.00154	0.00171	0.00121	0.00119	0.00172	0.00155	0.00223	0.00262	0.01426	0.00249	0.04436	0.88870	0.01856	0.01142	0.00107	0.00052	0.00085
18	0.36147	0.04678	0.08631	0.07016	0.10057	0.01580	0.01934	0.09247	0.00480	0.12471	0.00201	0.00877	0.00153	0.00648	0.00088	0.00030	0.01743	0.01611	0.00996	0.01413
19	0.09346	0.16175	0.02119	0.02419	0.03170	0.06067	0.03529	0.07379	0.02245	0.11093	0.02197	0.05644	0.02606	0.00135	0.02302	0.00031	0.07472	0.01853	0.00372	0.13845
20	0.00173	0.00119	0.00154	0.02026	0.00179	0.00112	0.02298	0.04388	0.02242	0.08242	0.52992	0.07682	0.14742	0.01470	0.01649	0.00034	0.00062	0.00170	0.01164	0.00101
21	0.00204	0.00647	0.02516	0.15725	0.25108	0.04782	0.09135	0.02648	0.02128	0.02035	0.03396	0.18607	0.03251	0.02120	0.00114	0.00034	0.00106	0.05431	0.00065	0.01947
22	0.03508	0.11049	0.23283	0.02126	0.03868	0.08700	0.02209	0.06374	0.05371	0.02936	0.03838	0.04220	0.02318	0.00128	0.00133	0.00032	0.17687	0.01238	0.00058	0.00923
23	0.00643	0.03205	0.02158	0.02852	0.02443	0.01008	0.02431	0.02308	0.02498	0.06406	0.02417	0.48745	0.03920	0.01726	0.01059	0.00039	0.00078	0.15221	0.00085	0.00757
24	0.00985	0.02059	0.00212	0.00163	0.01945	0.01304	0.01732	0.04035	0.04802	0.06472	0.12214	0.00314	0.01186	0.01254	0.00090	0.00022	0.00674	0.01876	0.00071	0.58588
25	0.01238	0.04613	0.06848	0.05141	0.12906	0.04479	0.03201	0.06059	0.06824	0.15916	0.04645	0.01357	0.04915	0.00951	0.00725	0.00028	0.00098	0.00327	0.00073	0.19656
26	0.02841	0.03342	0.06007	0.03859	0.05733	0.03127	0.08347	0.09059	0.01370	0.23931	0.05732	0.10751	0.02721	0.01001	0.02167	0.00033	0.00621	0.00778	0.00081	0.08499
27	0.03042	0.02440	0.03890	0.03595	0.16192	0.04328	0.05012	0.02442	0.04614	0.05483	0.05763	0.24574	0.07623	0.00169	0.00105	0.00032	0.00796	0.02118	0.00074	0.07709
28	0.04123	0.02441	0.16961	0.05409	0.08097	0.03315	0.09642	0.02994	0.02352	0.19779	0.03691	0.09854	0.00602	0.01500	0.00105	0.00031	0.00855	0.00588	0.00072	0.07589
29	0.06406	0.01171	0.08023	0.09769	0.09022	0.06528	0.06081	0.05863	0.04101	0.27358	0.02721	0.02584	0.02119	0.00116	0.00099	0.00030	0.01668	0.01356	0.00331	0.04653
30	0.01585	0.02824	0.04436	0.08225	0.26586	0.04238	0.19785	0.03091	0.02356	0.03993	0.05016	0.04488	0.01766	0.02867	0.00124	0.00033	0.04894	0.02612	0.00060	0.01021
31	0.04223	0.06517	0.06964	0.07083	0.12273	0.03033	0.28192	0.06079	0.01510	0.09183	0.01695	0.03069	0.01125	0.01269	0.00513	0.00031	0.01305	0.01325	0.00062	0.04549

[dist]
# distance from previous block
# <min> <max>
28	141

[block]
# block no. 3 follows, 339 sequences, length 55
# corresponding to MSA columns:
# 1114,1115,1118-1134,1152-1176,1187-1191,1197-1202
name=unknown_D
#
# <colnr> <probs for GDERKNQSTAVLIFYWHMCP>
#	G	D	E	R	K	N	Q	S	T	A	V	L	I	F	Y	W	H	M	C	P
0	0.03167	0.02742	0.03303	0.39295	0.25125	0.00509	0.03938	0.00961	0.01329	0.04773	0.00203	0.02416	0.00169	0.02993	0.01386	0.00035	0.05292	0.01453	0.00052	0.00856
1	0.00222	0.06358	0.06985	0.07791	0.37004	0.01230	0.07460	0.02880	0.03348	0.04006	0.00884	0.11098	0.05727	0.00128	0.00102	0.00031	0.01297	0.01391	0.00061	0.01998
2	0.02952	0.02635	0.05335	0.00477	0.01649	0.05886	0.01430	0.02254	0.12683	0.35232	0.03188	0.03604	0.03819	0.00123	0.00096	0.00028	0.01160	0.00648	0.00088	0.16714
3	0.00230	0.00519	0.01009	0.03962	0.01699	0.03260	0.03782	0.14272	0.06605	0.06313	0.12133	0.05979	0.05730	0.00400	0.01671	0.00029	0.00929	0.01683	0.00079	0.29717
4	0.00237	0.00939	0.02468	0.21877	0.16737	0.00763	0.09394	0.06417	0.25753	0.05723	0.05782	0.00329	0.01527	0.00115	0.00101	0.00032	0.00447	0.01149	0.00072	0.00137
5	0.00194	0.00719	0.02420	0.01757	0.03880	0.00151	0.15441	0.01562	0.05535	0.05288	0.08043	0.03230	0.04299	0.01723	0.01421	0.10848	0.01450	0.30181	0.00076	0.01784
6	0.00935	0.03865	0.01155	0.00161	0.01924	0.00416	0.03256	0.00545	0.03297	0.04523	0.11895	0.01399	0.07740	0.00110	0.00086	0.00021	0.00567	0.00351	0.00069	0.57684
7	0.00228	0.00215	0.00361	0.21584	0.65662	0.00224	0.02315	0.00295	0.03478	0.01232	0.00902	0.00253	0.00160	0.00091	0.00096	0.00030	0.00116	0.00088	0.00050	0.02620
8	0.00201	0.00179	0.01903	0.00146	0.00234	0.00131	0.00119	0.00246	0.00202	0.00317	0.00173	0.00202	0.00144	0.00072	0.00072	0.00015	0.00073	0.00058	0.00057	0.95457
9	0.00229	0.14285	0.18511	0.00830	0.08326	0.00794	0.27672	0.00941	0.08760	0.05304	0.10809	0.00759	0.01491	0.00108	0.00100	0.00030	0.00476	0.00380	0.00062	0.00133
10	0.00165	0.00088	0.00130	0.00130	0.00132	0.00090	0.00088	0.00133	0.00131	0.00176	0.00185	0.01107	0.00186	0.04112	0.09308	0.82623	0.01033	0.00090	0.00044	0.00048
11	0.00212	0.00211	0.00297	0.03686	0.00270	0.00295	0.00215	0.00234	0.00150	0.00234	0.00129	0.00214	0.00128	0.00168	0.00311	0.00042	0.92969	0.00085	0.00043	0.00106
12	0.00302	0.00172	0.00218	0.02862	0.01398	0.00141	0.00134	0.01754	0.00237	0.40144	0.00261	0.00258	0.00184	0.00094	0.00084	0.00022	0.00079	0.00076	0.00084	0.51496
13	0.00206	0.00185	0.00861	0.01877	0.00264	0.00690	0.08331	0.01102	0.00206	0.00317	0.00175	0.00208	0.00144	0.00074	0.00078	0.00017	0.00596	0.00064	0.00057	0.84549
14	0.00169	0.00084	0.00127	0.00127	0.00127	0.00084	0.00084	0.00127	0.00127	0.00169	0.00169	0.00295	0.00169	0.00338	0.00380	0.97172	0.00084	0.00084	0.00042	0.00042
15	0.00240	0.00229	0.00393	0.02626	0.88802	0.00229	0.03138	0.00743	0.00223	0.00965	0.00893	0.00249	0.00650	0.00089	0.00097	0.00029	0.00116	0.00089	0.00049	0.00152
16	0.00142	0.00118	0.00128	0.00146	0.00157	0.07921	0.00101	0.00163	0.01013	0.00253	0.01860	0.82404	0.00595	0.00282	0.00121	0.00038	0.00067	0.03485	0.00924	0.00083
17	0.00179	0.01138	0.00180	0.00181	0.03391	0.00144	0.00489	0.09105	0.02440	0.01311	0.02968	0.00623	0.01106	0.09658	0.32328	0.00083	0.01970	0.30646	0.01962	0.00098
18	0.00187	0.00176	0.00291	0.90236	0.02955	0.00217	0.00266	0.00260	0.03975	0.00256	0.00182	0.00263	0.00137	0.00098	0.00097	0.00032	0.00127	0.00087	0.00046	0.00111
19	0.01691	0.00101	0.00130	0.00122	0.00146	0.00094	0.00092	0.00185	0.00273	0.00390	0.94395	0.00717	0.00904	0.00197	0.00114	0.00031	0.00046	0.00174	0.00106	0.00092
20	0.00116	0.00098	0.00101	0.00101	0.00132	0.00083	0.00075	0.00142	0.00224	0.00270	0.06670	0.04114	0.87052	0.00245	0.00115	0.00033	0.00049	0.00206	0.00091	0.00083
21	0.00370	0.00263	0.00285	0.00219	0.00296	0.00288	0.00181	0.87682	0.00441	0.06519	0.00244	0.00246	0.00173	0.00118	0.00097	0.00029	0.00105	0.00855	0.00098	0.01492
22	0.92158	0.00191	0.00150	0.00132	0.00193	0.00220	0.00109	0.03958	0.00178	0.01810	0.00143	0.00163	0.00109	0.00092	0.00062	0.00030	0.00077	0.00055	0.00062	0.00108
23	0.00213	0.00213	0.00298	0.00255	0.00255	0.00298	0.00213	0.00234	0.00149	0.00234	0.00128	0.00213	0.00128	0.00170	0.00319	0.00043	0.96406	0.00085	0.00043	0.00106
24	0.00140	0.00108	0.00141	0.00151	0.00167	0.00540	0.02830	0.00676	0.09087	0.01115	0.00523	0.71868	0.06032	0.00603	0.01928	0.00308	0.00887	0.02718	0.00089	0.00089
25	0.97271	0.00188	0.00143	0.00128	0.00188	0.00218	0.00105	0.00286	0.00165	0.00436	0.00135	0.00158	0.00105	0.00090	0.00060	0.00030	0.00075	0.00053	0.00060	0.00105
26	0.00168	0.00084	0.00126	0.00127	0.00127	0.00084	0.00085	0.00127	0.00128	0.00170	0.00175	0.01887	0.00177	0.00337	0.00376	0.95566	0.00084	0.00088	0.00043	0.00043
27	0.00137	0.00099	0.00129	0.00122	0.00145	0.00091	0.00091	0.00182	0.00274	0.00387	0.93648	0.00731	0.03197	0.00200	0.00115	0.00031	0.00046	0.00176	0.00107	0.00091
28	0.00184	0.00175	0.00948	0.92790	0.01964	0.00215	0.00268	0.00248	0.00194	0.00249	0.00174	0.00261	0.00132	0.00107	0.01686	0.00034	0.00132	0.00087	0.00043	0.00108
29	0.00319	0.00189	0.00210	0.00168	0.00227	0.00198	0.00137	0.44233	0.00335	0.19619	0.00292	0.00297	0.00209	0.00116	0.00087	0.00027	0.00081	0.00091	0.33024	0.00140
30	0.00135	0.00098	0.00117	0.00118	0.00142	0.00087	0.00086	0.00166	0.00234	0.03314	0.34214	0.21900	0.37194	0.00237	0.00116	0.00033	0.00051	0.00726	0.00944	0.00087
31	0.01528	0.03582	0.00234	0.00173	0.00247	0.00162	0.00144	0.03437	0.05557	0.81254	0.00366	0.00322	0.00236	0.00119	0.00095	0.00030	0.00083	0.00096	0.02175	0.00161
32	0.00140	0.00100	0.00127	0.00123	0.00142	0.00095	0.00090	0.00179	0.01225	0.00342	0.67799	0.00738	0.03948	0.17890	0.00186	0.00043	0.00058	0.06593	0.00096	0.00086
33	0.00220	0.38123	0.58683	0.00234	0.00354	0.00288	0.00284	0.00301	0.00202	0.00277	0.00159	0.00186	0.00124	0.00089	0.00081	0.00027	0.00128	0.00064	0.00041	0.00136
34	0.00207	0.00174	0.00204	0.00150	0.00229	0.00585	0.00120	0.02217	0.02153	0.01586	0.04954	0.00234	0.00187	0.00085	0.00084	0.00017	0.03346	0.00067	0.00062	0.83339
35	0.58113	0.04539	0.02331	0.00164	0.01103	0.04165	0.00136	0.12280	0.10979	0.05105	0.00191	0.00201	0.00143	0.00100	0.00073	0.00030	0.00087	0.00067	0.00070	0.00124
36	0.00363	0.00463	0.00275	0.00250	0.00300	0.96194	0.00188	0.00388	0.00275	0.00238	0.00150	0.00175	0.00125	0.00100	0.00088	0.00025	0.00175	0.00063	0.00050	0.00113
37	0.00226	0.04355	0.30175	0.01095	0.18853	0.00703	0.36383	0.01525	0.04355	0.01104	0.00195	0.00240	0.00147	0.00089	0.00101	0.00031	0.00140	0.00092	0.00049	0.00141
38	0.00167	0.00086	0.00126	0.00127	0.00128	0.00086	0.00085	0.00130	0.00130	0.00174	0.00187	0.00338	0.00190	0.05521	0.00379	0.89044	0.00085	0.02929	0.00045	0.00045
39	0.00141	0.00094	0.00106	0.00106	0.00107	0.00094	0.00060	0.00142	0.00143	0.00190	0.00320	0.00640	0.02302	0.93825	0.01280	0.00093	0.00095	0.00142	0.00059	0.00060
40	0.01293	0.00129	0.00168	0.00141	0.00188	0.00116	0.00112	0.00323	0.00265	0.44082	0.37121	0.00486	0.00501	0.00149	0.00099	0.00029	0.00063	0.00126	0.14483	0.00125
41	0.00266	0.00221	0.00233	0.00203	0.00262	0.00253	0.00160	0.18264	0.78016	0.00445	0.00365	0.00338	0.00272	0.00129	0.00099	0.00032	0.00083	0.00106	0.00099	0.00156
42	0.97271	0.00188	0.00143	0.00128	0.00188	0.00218	0.00105	0.00286	0.00165	0.00436	0.00135	0.00158	0.00105	0.00090	0.00060	0.00030	0.00075	0.00053	0.00060	0.00105
43	0.04539	0.00222	0.00257	0.00198	0.00274	0.00229	0.00163	0.50476	0.00367	0.41818	0.00294	0.00272	0.00195	0.00117	0.00096	0.00030	0.00095	0.00090	0.00106	0.00163
44	0.41435	0.00192	0.00194	0.01127	0.00230	0.04866	0.00131	0.01518	0.02855	0.45630	0.00784	0.00251	0.00181	0.00107	0.00081	0.00030	0.00084	0.00077	0.00090	0.00136
45	0.00260	0.96643	0.00509	0.00166	0.00249	0.00385	0.00166	0.00291	0.00197	0.00229	0.00135	0.00156	0.00125	0.00083	0.00062	0.00021	0.00104	0.00052	0.00042	0.00125
46	0.00188	0.00180	0.00291	0.93898	0.00660	0.02666	0.00268	0.00252	0.00196	0.00248	0.00172	0.00257	0.00129	0.00097	0.00097	0.00032	0.00131	0.00086	0.00043	0.00108
47	0.00202	0.00168	0.00185	0.00173	0.00216	0.00185	0.00135	0.00387	0.59379	0.00378	0.17698	0.04148	0.06254	0.00170	0.00107	0.00034	0.00070	0.09087	0.00897	0.00129
48	0.00116	0.00098	0.00100	0.00100	0.00132	0.00083	0.00075	0.00142	0.00224	0.00269	0.05447	0.00926	0.91473	0.00244	0.00115	0.00033	0.00049	0.00204	0.00091	0.00083
49	0.00241	0.00231	0.00394	0.00597	0.95978	0.00231	0.00298	0.00298	0.00221	0.00318	0.00183	0.00241	0.00154	0.00087	0.00096	0.00029	0.00115	0.00087	0.00048	0.00154
50	0.00118	0.00098	0.00102	0.00103	0.00132	0.00083	0.00076	0.00144	0.00223	0.00273	0.10208	0.05098	0.80164	0.02591	0.00125	0.00034	0.00050	0.00204	0.00091	0.00082
51	0.00168	0.00085	0.00126	0.00126	0.00126	0.00085	0.00084	0.00127	0.00127	0.00169	0.00173	0.00306	0.00174	0.03209	0.00383	0.94276	0.00085	0.00086	0.00043	0.00043
52	0.00258	0.92273	0.04066	0.00171	0.00256	0.01166	0.00174	0.00292	0.00198	0.00232	0.00137	0.00158	0.00125	0.00084	0.00064	0.00021	0.00106	0.00053	0.00042	0.00125
53	0.00132	0.00094	0.00122	0.00138	0.00149	0.00091	0.00096	0.00945	0.03741	0.01089	0.05556	0.75207	0.01022	0.05887	0.00144	0.00042	0.00061	0.05311	0.00090	0.00083
54	0.03796	0.00167	0.00221	0.00171	0.00245	0.00147	0.00141	0.01396	0.01019	0.88267	0.01874	0.00329	0.00245	0.00120	0.00096	0.00030	0.00082	0.00097	0.00117	0.01441

[dist]
# distance from previous block
# <min> <max>
0	6

[block]
# block no. 4 follows, 339 sequences, length 16
# corresponding to MSA columns:
# 1209-1211,1215-1224,1228-1230
name=unknown_E
#
# <colnr> <probs for GDERKNQSTAVLIFYWHMCP>
#	G	D	E	R	K	N	Q	S	T	A	V	L	I	F	Y	W	H	M	C	P
0	0.00335	0.00265	0.03907	0.00219	0.00294	0.00282	0.00184	0.68504	0.22405	0.02179	0.00271	0.00264	0.00195	0.00119	0.00097	0.00030	0.00101	0.00092	0.00096	0.00162
1	0.90300	0.02480	0.00154	0.00130	0.00191	0.00220	0.00108	0.01620	0.00173	0.02263	0.00144	0.00165	0.00111	0.00091	0.00062	0.00030	0.00076	0.00055	0.01519	0.00107
2	0.00917	0.00299	0.13193	0.08782	0.24890	0.16918	0.08427	0.05009	0.14938	0.02601	0.01281	0.00267	0.01060	0.00104	0.00097	0.00030	0.00126	0.00864	0.00061	0.00138
3	0.00120	0.00085	0.00112	0.00134	0.00140	0.00079	0.00089	0.00138	0.00187	0.00252	0.00528	0.93351	0.00630	0.00298	0.00122	0.00039	0.00056	0.00270	0.03289	0.00079
4	0.00225	0.00214	0.00364	0.18680	0.74327	0.00222	0.00285	0.00283	0.00215	0.00302	0.00194	0.03895	0.00168	0.00097	0.00097	0.00030	0.00116	0.00094	0.00049	0.00142
5	0.00119	0.00086	0.00113	0.00133	0.00141	0.00080	0.00090	0.00138	0.00192	0.00256	0.05391	0.87193	0.05116	0.00296	0.00123	0.00039	0.00056	0.00268	0.00091	0.00080
6	0.00290	0.00233	0.00247	0.00208	0.00271	0.00264	0.00165	0.36400	0.59841	0.00484	0.00334	0.00314	0.00247	0.00126	0.00098	0.00032	0.00088	0.00101	0.00098	0.00158
7	0.00120	0.00085	0.00114	0.00137	0.00143	0.00080	0.00092	0.00138	0.00187	0.00250	0.00535	0.93312	0.00640	0.00303	0.00124	0.00040	0.00058	0.03472	0.00090	0.00079
8	0.00233	0.00199	0.00212	0.00193	0.00245	0.00228	0.00150	0.00485	0.86716	0.00401	0.05821	0.00411	0.00342	0.00141	0.00101	0.00033	0.00076	0.03765	0.00099	0.00148
9	0.91759	0.00183	0.00144	0.00129	0.00187	0.00213	0.00106	0.00279	0.00165	0.00424	0.00142	0.00171	0.00113	0.00126	0.05516	0.00037	0.00086	0.00056	0.00060	0.00104
10	0.00213	0.00213	0.00298	0.00255	0.00255	0.00298	0.00213	0.00234	0.00149	0.00234	0.00128	0.00213	0.00128	0.00170	0.00319	0.00043	0.96406	0.00085	0.00043	0.00106
11	0.00127	0.00105	0.00110	0.00106	0.00140	0.00092	0.00080	0.02641	0.02177	0.00289	0.11913	0.00881	0.80529	0.00235	0.00114	0.00032	0.00051	0.00197	0.00093	0.00087
12	0.06902	0.01358	0.14901	0.00225	0.00309	0.03303	0.00206	0.65995	0.00378	0.02651	0.00215	0.00223	0.00154	0.00112	0.00099	0.00030	0.02621	0.00082	0.00083	0.00154
13	0.01581	0.00217	0.00941	0.00227	0.00294	0.01017	0.16080	0.06080	0.54976	0.05612	0.01260	0.00325	0.00249	0.00117	0.00098	0.00031	0.00094	0.00766	0.00827	0.09210
14	0.00136	0.00099	0.00127	0.00120	0.00143	0.00091	0.00089	0.00178	0.00265	0.00372	0.84494	0.02596	0.07264	0.03444	0.00128	0.00033	0.00048	0.00179	0.00104	0.00090
15	0.00183	0.00169	0.00277	0.85276	0.00616	0.00208	0.00255	0.00254	0.04324	0.00257	0.00208	0.03532	0.00171	0.00112	0.00100	0.00033	0.00123	0.03746	0.00049	0.00108

[dist]
# distance from previous block
# <min> <max>
0	1

[block]
# block no. 5 follows, 339 sequences, length 8
# corresponding to MSA columns:
# 1232-1238,1244
name=unknown_F
#
# <colnr> <probs for GDERKNQSTAVLIFYWHMCP>
#	G	D	E	R	K	N	Q	S	T	A	V	L	I	F	Y	W	H	M	C	P
0	0.85660	0.00190	0.00156	0.00135	0.00197	0.00216	0.00112	0.04348	0.00187	0.07847	0.00159	0.00174	0.00118	0.00094	0.00065	0.00030	0.00077	0.00058	0.00066	0.00112
1	0.00123	0.00090	0.00115	0.00126	0.00141	0.00083	0.00088	0.00148	0.00214	0.00285	0.24261	0.58269	0.15162	0.00269	0.00120	0.00036	0.00053	0.00241	0.00094	0.00083
2	0.01730	0.00172	0.04049	0.09490	0.04685	0.00151	0.03315	0.00367	0.01507	0.52797	0.06442	0.01632	0.07993	0.00131	0.00099	0.00030	0.00086	0.00111	0.05073	0.00140
3	0.00141	0.00105	0.00129	0.00121	0.00146	0.00097	0.00090	0.03288	0.00267	0.00367	0.72479	0.00744	0.17861	0.03584	0.00127	0.00033	0.00050	0.00177	0.00102	0.00091
4	0.00339	0.00253	0.00279	0.00219	0.00287	0.00284	0.00180	0.81624	0.00412	0.00556	0.00231	0.00247	0.00171	0.00179	0.09400	0.00042	0.04964	0.00089	0.00090	0.00155
5	0.01858	0.05468	0.02821	0.01206	0.03575	0.05768	0.04683	0.19607	0.04732	0.14288	0.02220	0.00246	0.00182	0.00101	0.00094	0.00025	0.02881	0.00079	0.00075	0.30091
6	0.00195	0.00190	0.02586	0.67830	0.12434	0.00212	0.00256	0.00262	0.02710	0.00269	0.00179	0.00251	0.00138	0.00096	0.00100	0.00030	0.02630	0.00084	0.00047	0.09501
7	0.00229	0.00211	0.00291	0.00242	0.00269	0.02154	0.09289	0.15312	0.01722	0.00319	0.09435	0.00303	0.00232	0.01701	0.05896	0.00045	0.50503	0.01671	0.00061	0.00115

[dist]
# distance from previous block
# <min> <max>
0	28

[block]
# block no. 6 follows, 339 sequences, length 19
# corresponding to MSA columns:
# 1273-1291
name=unknown_G
#
# <colnr> <probs for GDERKNQSTAVLIFYWHMCP>
#	G	D	E	R	K	N	Q	S	T	A	V	L	I	F	Y	W	H	M	C	P
0	0.00212	0.00178	0.00205	0.00153	0.00234	0.00147	0.00121	0.00290	0.14430	0.02224	0.00210	0.00228	0.00169	0.00082	0.00076	0.00017	0.00073	0.00066	0.00065	0.80821
1	0.00158	0.00118	0.00168	0.00162	0.00184	0.00137	0.00127	0.08226	0.00182	0.00258	0.00258	0.00369	0.00236	0.00677	0.88094	0.00145	0.00247	0.00103	0.00056	0.00093
2	0.00145	0.00105	0.00134	0.00147	0.00163	0.00103	0.00107	0.08202	0.00217	0.00286	0.00537	0.67546	0.06939	0.00279	0.00123	0.00039	0.00065	0.14684	0.00091	0.00088
3	0.00150	0.00104	0.00116	0.00114	0.00118	0.00107	0.00067	0.00173	0.08209	0.00207	0.00314	0.00613	0.00349	0.88450	0.00461	0.00089	0.00093	0.00139	0.00062	0.00067
4	0.00357	0.00266	0.00284	0.00221	0.00296	0.00295	0.00182	0.86052	0.10080	0.00592	0.00250	0.00246	0.00179	0.00118	0.00097	0.00030	0.00104	0.00090	0.00097	0.00164
5	0.09358	0.00114	0.00122	0.00111	0.00146	0.00114	0.00086	0.01507	0.00221	0.15377	0.07491	0.00364	0.00283	0.00119	0.00076	0.00025	0.00055	0.00094	0.64232	0.00105
6	0.86735	0.00190	0.00155	0.00135	0.00197	0.00217	0.00111	0.04346	0.00185	0.06786	0.00156	0.00173	0.00117	0.00093	0.00064	0.00030	0.00077	0.00057	0.00066	0.00112
7	0.00203	0.12761	0.74990	0.00266	0.00394	0.00242	0.05887	0.00300	0.00205	0.00296	0.00183	0.03515	0.00143	0.00098	0.00091	0.00030	0.00137	0.00079	0.00043	0.00138
8	0.00260	0.96643	0.00509	0.00166	0.00249	0.00385	0.00166	0.00291	0.00197	0.00229	0.00135	0.00156	0.00125	0.00083	0.00062	0.00021	0.00104	0.00052	0.00042	0.00125
9	0.00244	0.00233	0.00379	0.03582	0.82841	0.02870	0.00286	0.00299	0.00219	0.02218	0.00182	0.00240	0.00153	0.00093	0.00109	0.00030	0.05738	0.00086	0.00049	0.00149
10	0.00204	0.00195	0.01529	0.00311	0.10459	0.00189	0.35697	0.01160	0.09340	0.01010	0.01386	0.03030	0.00333	0.00162	0.00118	0.00037	0.00118	0.34531	0.00071	0.00120
11	0.00136	0.00099	0.00128	0.00121	0.00144	0.00091	0.00091	0.00181	0.00272	0.00382	0.89826	0.00739	0.07023	0.00202	0.00115	0.00031	0.00046	0.00178	0.00106	0.00091
12	0.00228	0.00216	0.00366	0.03116	0.84439	0.00217	0.00279	0.00283	0.00219	0.00310	0.00224	0.05402	0.02005	0.00105	0.00099	0.00030	0.00111	0.02153	0.00052	0.00146
13	0.00187	0.00103	0.00097	0.00096	0.00119	0.03293	0.00072	0.00232	0.00206	0.00358	0.00311	0.00356	0.00245	0.00113	0.00069	0.00023	0.00050	0.00090	0.93889	0.00091
14	0.00168	0.00085	0.00128	0.00128	0.00128	0.00086	0.00086	0.00128	0.00128	0.00171	0.00172	0.00298	0.00171	0.00350	0.03446	0.94068	0.00090	0.00085	0.00043	0.00044
15	0.00260	0.96643	0.00509	0.00166	0.00249	0.00385	0.00166	0.00291	0.00197	0.00229	0.00135	0.00156	0.00125	0.00083	0.00062	0.00021	0.00104	0.00052	0.00042	0.00125
16	0.00121	0.00086	0.00115	0.00138	0.00144	0.00081	0.00094	0.00139	0.00188	0.00251	0.00534	0.90950	0.00638	0.00302	0.00125	0.00040	0.00058	0.05825	0.00090	0.00080
17	0.00195	0.00503	0.96081	0.00277	0.00421	0.00226	0.00359	0.00308	0.00205	0.00308	0.00174	0.00205	0.00123	0.00092	0.00092	0.00031	0.00144	0.00072	0.00041	0.00144
18	0.00213	0.00181	0.00286	0.00926	0.00289	0.00881	0.24940	0.02438	0.23855	0.05563	0.01734	0.00342	0.00238	0.00326	0.33697	0.00075	0.00164	0.00108	0.03622	0.00121

[dist]
# distance from previous block
# <min> <max>
2	30

[block]
# block no. 7 follows, 339 sequences, length 15
# corresponding to MSA columns:
# 1323-1337
name=unknown_H
#
# <colnr> <probs for GDERKNQSTAVLIFYWHMCP>
#	G	D	E	R	K	N	Q	S	T	A	V	L	I	F	Y	W	H	M	C	P
0	0.00155	0.00116	0.00158	0.00140	0.00171	0.00108	0.04369	0.01668	0.02789	0.01992	0.81547	0.00666	0.01986	0.00185	0.00112	0.00030	0.00054	0.00165	0.00102	0.03486
1	0.00120	0.00102	0.00104	0.00103	0.00136	0.00088	0.00078	0.00154	0.03222	0.00276	0.07524	0.00903	0.86377	0.00239	0.00114	0.00033	0.00050	0.00200	0.00092	0.00085
2	0.00186	0.00175	0.00295	0.93051	0.03953	0.00216	0.00271	0.00250	0.00195	0.00251	0.00173	0.00258	0.00130	0.00097	0.00097	0.00032	0.00129	0.00086	0.00043	0.00110
3	0.00246	0.01775	0.01342	0.00264	0.01486	0.06226	0.06637	0.13426	0.00207	0.00293	0.00150	0.00216	0.00134	0.00149	0.00251	0.00038	0.66905	0.00085	0.00051	0.00118
4	0.00139	0.00104	0.00154	0.00154	0.00171	0.00120	0.00119	0.00172	0.00156	0.00224	0.00262	0.00392	0.00248	0.04702	0.92232	0.00154	0.00253	0.00106	0.00052	0.00086
5	0.00206	0.00201	0.00279	0.01604	0.00252	0.00275	0.00201	0.01516	0.01512	0.00242	0.00165	0.00248	0.02419	0.00219	0.08728	0.00052	0.81640	0.00090	0.00046	0.00106
6	0.97187	0.00193	0.00148	0.00133	0.00193	0.00222	0.00108	0.00291	0.00170	0.00443	0.00142	0.00167	0.00112	0.00095	0.00063	0.00031	0.00078	0.00055	0.00062	0.00109
7	0.00218	0.00215	0.00297	0.00254	0.00257	0.00298	0.00212	0.03523	0.00159	0.00247	0.00131	0.00213	0.00129	0.00168	0.00311	0.00042	0.93087	0.00085	0.00044	0.00108
8	0.00139	0.00114	0.00149	0.00168	0.03506	0.03310	0.02380	0.00160	0.00190	0.00251	0.00479	0.80271	0.00566	0.01307	0.00136	0.00039	0.04947	0.01720	0.00084	0.00085
9	0.00371	0.00284	0.00288	0.00224	0.00300	0.07932	0.00184	0.84889	0.00437	0.03770	0.00232	0.00232	0.00165	0.00115	0.00096	0.00029	0.00112	0.00086	0.00094	0.00161
10	0.47639	0.00179	0.00187	0.00152	0.00220	0.00183	0.00125	0.02593	0.00227	0.47221	0.00259	0.00244	0.00173	0.00106	0.00079	0.00030	0.00080	0.00076	0.00090	0.00136
11	0.00142	0.00100	0.00126	0.00119	0.00144	0.00091	0.00089	0.00185	0.00265	0.02078	0.77628	0.00727	0.12678	0.00199	0.00112	0.00030	0.00047	0.00174	0.04974	0.00092
12	0.00154	0.00127	0.00170	0.00169	0.01359	0.04428	0.00129	0.00187	0.00163	0.00229	0.01513	0.00375	0.00243	0.03919	0.81070	0.00139	0.05381	0.00103	0.00052	0.00089
13	0.13276	0.07400	0.00228	0.00168	0.00230	0.01227	0.00138	0.23344	0.13014	0.22491	0.00283	0.00279	0.00203	0.00113	0.00085	0.00028	0.00083	0.00086	0.17184	0.00139
14	0.00132	0.00092	0.00120	0.00137	0.00150	0.00085	0.00097	0.00155	0.00201	0.02906	0.06328	0.69659	0.09090	0.00284	0.00123	0.00039	0.00059	0.10168	0.00092	0.00083

[dist]
# distance from previous block
# <min> <max>
0	24

[block]
# block no. 8 follows, 339 sequences, length 7
# corresponding to MSA columns:
# 1362-1368
name=unknown_I
#
# <colnr> <probs for GDERKNQSTAVLIFYWHMCP>
#	G	D	E	R	K	N	Q	S	T	A	V	L	I	F	Y	W	H	M	C	P
0	0.02597	0.29544	0.03021	0.00195	0.02627	0.00261	0.00169	0.21357	0.03728	0.35182	0.00259	0.00248	0.00182	0.00106	0.00086	0.00027	0.00097	0.00080	0.00085	0.00150
1	0.00126	0.00092	0.00119	0.00137	0.00148	0.00087	0.00096	0.00155	0.03076	0.00266	0.06232	0.74077	0.07266	0.00286	0.00123	0.00039	0.00058	0.07442	0.00091	0.00083
2	0.00213	0.00213	0.00298	0.00255	0.00255	0.00298	0.00213	0.00234	0.00149	0.00234	0.00128	0.00213	0.00128	0.00170	0.00319	0.00043	0.96406	0.00085	0.00043	0.00106
3	0.00202	0.00173	0.00202	0.00144	0.00230	0.00130	0.00115	0.00245	0.00202	0.00317	0.00173	0.00202	0.00144	0.00072	0.00072	0.00014	0.00072	0.00058	0.00058	0.97178
4	0.00244	0.00216	0.01630	0.01611	0.01664	0.01770	0.01854	0.05395	0.77746	0.00401	0.01914	0.00360	0.00288	0.00140	0.01504	0.00035	0.01491	0.01496	0.00093	0.00149
5	0.00118	0.00090	0.00109	0.00122	0.00138	0.00081	0.00085	0.00139	0.00203	0.00260	0.05598	0.59500	0.32649	0.00279	0.00120	0.00037	0.00053	0.00247	0.00091	0.00081
6	0.00263	0.85686	0.05188	0.00177	0.00261	0.06588	0.00177	0.00298	0.00203	0.00233	0.00138	0.00160	0.00125	0.00085	0.00065	0.00022	0.00111	0.00054	0.00042	0.00125

[dist]
# distance from previous block
# <min> <max>
0	1

[block]
# block no. 9 follows, 339 sequences, length 14
# corresponding to MSA columns:
# 1370-1383
name=unknown_J
#
# <colnr> <probs for GDERKNQSTAVLIFYWHMCP>
#	G	D	E	R	K	N	Q	S	T	A	V	L	I	F	Y	W	H	M	C	P
0	0.00130	0.00098	0.00121	0.00119	0.00142	0.00089	0.00088	0.00168	0.00251	0.00343	0.62394	0.11189	0.22212	0.00231	0.01957	0.00034	0.00052	0.00192	0.00100	0.00088
1	0.00121	0.00087	0.00114	0.00135	0.00143	0.00081	0.00092	0.00139	0.00190	0.00252	0.02347	0.85492	0.04448	0.01828	0.00130	0.00040	0.00058	0.04135	0.00090	0.00079
2	0.00157	0.00104	0.00132	0.00126	0.00149	0.00097	0.00093	0.00199	0.02154	0.06028	0.58810	0.07825	0.05652	0.10972	0.00156	0.00039	0.00057	0.03781	0.03378	0.00092
3	0.00264	0.00220	0.00232	0.00202	0.00261	0.00252	0.00159	0.17043	0.79240	0.00442	0.00367	0.00340	0.00274	0.00129	0.00099	0.00032	0.00082	0.00106	0.00099	0.00156
4	0.39912	0.00152	0.00145	0.00127	0.00176	0.00162	0.00102	0.04275	0.01696	0.15085	0.03912	0.00282	0.00212	0.00109	0.00073	0.00028	0.00066	0.00080	0.33298	0.00112
5	0.72721	0.00206	0.00178	0.00150	0.00215	0.00234	0.00124	0.21387	0.00234	0.03552	0.00165	0.00180	0.00123	0.00097	0.00070	0.00030	0.00082	0.00062	0.00070	0.00120
6	0.00184	0.00173	0.00292	0.96351	0.00669	0.00216	0.00270	0.00248	0.00194	0.00248	0.00173	0.00259	0.00130	0.00097	0.00097	0.00032	0.00130	0.00086	0.00043	0.00108
7	0.00260	0.96643	0.00509	0.00166	0.00249	0.00385	0.00166	0.00291	0.00197	0.00229	0.00135	0.00156	0.00125	0.00083	0.00062	0.00021	0.00104	0.00052	0.00042	0.00125
8	0.11157	0.00229	0.00256	0.00211	0.03914	0.02555	0.00166	0.46001	0.01673	0.32452	0.00271	0.00258	0.00184	0.00114	0.00093	0.00030	0.00097	0.00087	0.00098	0.00157
9	0.00231	0.03852	0.00210	0.00174	0.00223	0.00203	0.00137	0.09862	0.49743	0.03927	0.27457	0.00444	0.00450	0.00147	0.00101	0.00031	0.00072	0.00123	0.02478	0.00135
10	0.03126	0.00144	0.00187	0.00152	0.00210	0.00130	0.00123	0.00380	0.01606	0.61923	0.13366	0.04059	0.02377	0.00139	0.00097	0.00030	0.00071	0.00115	0.11625	0.00140
11	0.00186	0.00175	0.00296	0.92437	0.04565	0.00217	0.00271	0.00250	0.00195	0.00251	0.00173	0.00258	0.00131	0.00097	0.00097	0.00032	0.00129	0.00086	0.00043	0.00110
12	0.00134	0.00099	0.00126	0.00121	0.00145	0.00091	0.00091	0.00176	0.00263	0.00364	0.76294	0.03655	0.14304	0.00211	0.00116	0.00032	0.00048	0.03536	0.00104	0.00090
13	0.00176	0.00091	0.00133	0.00130	0.00133	0.00092	0.00088	0.03665	0.00139	0.00185	0.00171	0.00293	0.00169	0.00329	0.00369	0.93574	0.00085	0.00085	0.00044	0.00047

[dist]
# distance from previous block
# <min> <max>
0	1

[block]
# block no. 10 follows, 339 sequences, length 39
# corresponding to MSA columns:
# 1385-1389,1392-1400,1415-1425,1427-1439,1449
name=unknown_K
#
# <colnr> <probs for GDERKNQSTAVLIFYWHMCP>
#	G	D	E	R	K	N	Q	S	T	A	V	L	I	F	Y	W	H	M	C	P
0	0.00259	0.93450	0.00500	0.00167	0.00250	0.00380	0.00166	0.00298	0.03363	0.00235	0.00144	0.00163	0.00130	0.00085	0.00064	0.00021	0.00103	0.00054	0.00043	0.00126
1	0.00142	0.00106	0.00137	0.00150	0.00174	0.00101	0.00125	0.00181	0.00229	0.00295	0.12865	0.04167	0.24791	0.00255	0.00126	0.00040	0.00073	0.55864	0.00092	0.00088
2	0.00183	0.00171	0.00287	0.93167	0.00654	0.00212	0.00266	0.00247	0.00195	0.00250	0.00184	0.00287	0.00144	0.00103	0.00098	0.00033	0.00128	0.03239	0.00045	0.00107
3	0.00253	0.00212	0.00225	0.00200	0.00256	0.00244	0.00157	0.10801	0.82252	0.00425	0.00382	0.00373	0.00291	0.00135	0.00100	0.00033	0.00081	0.03328	0.00098	0.00153
4	0.00232	0.00219	0.00372	0.19317	0.76050	0.00227	0.00291	0.00291	0.00217	0.01593	0.00184	0.00245	0.00150	0.00089	0.00096	0.00030	0.00118	0.00087	0.00048	0.00145
5	0.00365	0.00779	0.00255	0.00203	0.01555	0.03031	0.06283	0.13364	0.06078	0.56036	0.05409	0.00824	0.00270	0.00128	0.00104	0.00031	0.01529	0.03498	0.00105	0.00153
6	0.01561	0.00316	0.03266	0.00290	0.02253	0.32374	0.33043	0.12115	0.00268	0.01226	0.00200	0.00244	0.00156	0.00099	0.00098	0.00029	0.00856	0.00988	0.09758	0.00862
7	0.00134	0.00100	0.00118	0.00113	0.00141	0.00088	0.00085	0.00170	0.00251	0.02431	0.50498	0.00813	0.44270	0.00219	0.00114	0.00032	0.00048	0.00187	0.00100	0.00089
8	0.00198	0.00187	0.00257	0.00715	0.00230	0.00252	0.00184	0.00923	0.00155	0.00234	0.00183	0.00899	0.00798	0.13845	0.02291	0.00052	0.73413	0.04432	0.00652	0.00098
9	0.00225	0.00158	0.02080	0.00158	0.00204	0.00159	0.00126	0.02394	0.34319	0.13622	0.34218	0.01285	0.02081	0.00155	0.00102	0.00031	0.00065	0.00132	0.08360	0.00126
10	0.00120	0.00086	0.00113	0.00135	0.00141	0.00080	0.00091	0.00137	0.00187	0.00248	0.00540	0.90728	0.02528	0.02100	0.00131	0.00040	0.00058	0.02369	0.00090	0.00079
11	0.08568	0.00233	0.01529	0.02110	0.00278	0.00252	0.00609	0.46688	0.23970	0.10808	0.02910	0.00289	0.01073	0.00121	0.00095	0.00030	0.00093	0.00095	0.00095	0.00153
12	0.94791	0.00189	0.00146	0.00130	0.00190	0.00218	0.00107	0.01698	0.00171	0.01472	0.00139	0.00161	0.00108	0.00091	0.00061	0.00030	0.00076	0.00054	0.00061	0.00107
13	0.00213	0.00213	0.00298	0.00255	0.00255	0.00298	0.00213	0.00234	0.00149	0.00234	0.00128	0.00213	0.00128	0.00170	0.00319	0.00043	0.96406	0.00085	0.00043	0.00106
14	0.01739	0.09744	0.07052	0.06557	0.12752	0.03158	0.02803	0.06037	0.45659	0.02359	0.00283	0.00288	0.00216	0.00112	0.00095	0.00031	0.00802	0.00093	0.00075	0.00145
15	0.12594	0.08052	0.00296	0.00231	0.00291	0.50140	0.07060	0.07733	0.00918	0.08599	0.00178	0.00198	0.00139	0.00102	0.00093	0.00027	0.03096	0.00070	0.00060	0.00123
16	0.00268	0.00202	0.00225	0.00196	0.00255	0.00225	0.01890	0.01698	0.77205	0.13945	0.00396	0.00363	0.01751	0.00132	0.00101	0.00704	0.00079	0.00109	0.00100	0.00153
17	0.00135	0.00099	0.00126	0.00119	0.00144	0.00091	0.00090	0.00178	0.00269	0.00374	0.84539	0.00751	0.12315	0.00204	0.00115	0.00031	0.00046	0.00179	0.00105	0.00091
18	0.04137	0.01950	0.00223	0.00175	0.00240	0.05008	0.00142	0.15847	0.07048	0.49358	0.01745	0.00316	0.01437	0.00124	0.00719	0.00030	0.00773	0.00094	0.10488	0.00148
19	0.00304	0.23783	0.02205	0.00198	0.00740	0.01030	0.00620	0.35236	0.21118	0.08404	0.03922	0.00270	0.00219	0.00114	0.00089	0.00028	0.00096	0.00088	0.01387	0.00148
20	0.00132	0.00097	0.00124	0.00121	0.00143	0.00089	0.00089	0.00172	0.00257	0.00355	0.71437	0.13370	0.12816	0.00219	0.00116	0.00032	0.00048	0.00193	0.00103	0.00089
21	0.00639	0.00182	0.01182	0.11129	0.40222	0.00182	0.06042	0.00267	0.03449	0.06041	0.07159	0.08902	0.05548	0.07758	0.00134	0.00036	0.00101	0.00124	0.00778	0.00125
22	0.01710	0.00136	0.00144	0.00132	0.00170	0.00144	0.00103	0.05132	0.23462	0.06583	0.00859	0.00378	0.00268	0.00124	0.00081	0.00027	0.00060	0.03316	0.57056	0.00115
23	0.00228	0.00257	0.01438	0.07096	0.01699	0.00243	0.86191	0.00308	0.00227	0.01030	0.00196	0.00262	0.00147	0.00083	0.00113	0.00033	0.00160	0.00112	0.00049	0.00130
24	0.04747	0.06683	0.23820	0.00205	0.01243	0.05807	0.00200	0.06265	0.00252	0.39270	0.00762	0.00254	0.00179	0.00103	0.00089	0.00028	0.00105	0.00080	0.00080	0.09828
25	0.02666	0.00189	0.03461	0.00179	0.00248	0.00175	0.00150	0.10787	0.15992	0.50854	0.08120	0.00355	0.00864	0.00138	0.01917	0.00033	0.00086	0.00684	0.00106	0.02996
26	0.00234	0.55777	0.37474	0.00212	0.00317	0.02013	0.00924	0.00297	0.00202	0.00260	0.00156	0.01454	0.00131	0.00090	0.00076	0.00025	0.00120	0.00063	0.00042	0.00131
27	0.00202	0.00173	0.00202	0.00144	0.00230	0.00130	0.00115	0.00245	0.00202	0.00317	0.00173	0.00202	0.00144	0.00072	0.00072	0.00014	0.00072	0.00058	0.00058	0.97178
28	0.00229	0.00267	0.02595	0.00407	0.00506	0.00245	0.93609	0.00311	0.00229	0.00311	0.00196	0.00261	0.00147	0.00082	0.00114	0.00033	0.00163	0.00114	0.00049	0.00131
29	0.00133	0.00099	0.00119	0.00114	0.00140	0.00089	0.00086	0.00172	0.00256	0.00350	0.63386	0.02098	0.27963	0.00210	0.00113	0.00031	0.00047	0.00182	0.04325	0.00089
30	0.00120	0.00098	0.00106	0.00105	0.00135	0.00084	0.00079	0.00149	0.00231	0.00288	0.19752	0.04021	0.73119	0.00239	0.00115	0.00033	0.00049	0.01101	0.00094	0.00084
31	0.00270	0.00223	0.00236	0.00204	0.00264	0.00255	0.00161	0.21640	0.74633	0.00452	0.00360	0.00334	0.00268	0.00128	0.00099	0.00032	0.00084	0.00105	0.00099	0.00156
32	0.77442	0.00193	0.00166	0.00142	0.00205	0.00218	0.00117	0.08952	0.01209	0.10350	0.00173	0.00185	0.00127	0.00096	0.00068	0.00030	0.00079	0.00061	0.00070	0.00117
33	0.05412	0.00268	0.00284	0.00219	0.00295	0.00297	0.00181	0.90691	0.00442	0.00603	0.00228	0.00229	0.00162	0.00115	0.00095	0.00029	0.00105	0.00086	0.00095	0.00162
34	0.00215	0.00188	0.00245	0.00220	0.00237	0.04192	0.01831	0.05485	0.00199	0.04977	0.00901	0.12340	0.00288	0.00203	0.01409	0.00042	0.48601	0.18256	0.00065	0.00106
35	0.00260	0.96643	0.00509	0.00166	0.00249	0.00385	0.00166	0.00291	0.00197	0.00229	0.00135	0.00156	0.00125	0.00083	0.00062	0.00021	0.00104	0.00052	0.00042	0.00125
36	0.00782	0.00237	0.00261	0.00218	0.02636	0.04705	0.03739	0.43713	0.24954	0.05544	0.00283	0.00284	0.00208	0.00491	0.00100	0.00030	0.01852	0.00094	0.09720	0.00149
37	0.00237	0.00204	0.00217	0.00197	0.00250	0.00235	0.00155	0.00497	0.89672	0.00399	0.00399	0.00400	0.00309	0.00140	0.00103	0.00034	0.01098	0.05207	0.00098	0.00150
38	0.00123	0.00099	0.00109	0.00107	0.00136	0.00085	0.00080	0.00155	0.00239	0.00307	0.33782	0.02182	0.60989	0.00229	0.00115	0.00032	0.00048	0.00195	0.00901	0.00085

[dist]
# distance from previous block
# <min> <max>
0	11

[block]
# block no. 11 follows, 339 sequences, length 7
# corresponding to MSA columns:
# 1461-1466,1468
name=unknown_L
#
# <colnr> <probs for GDERKNQSTAVLIFYWHMCP>
#	G	D	E	R	K	N	Q	S	T	A	V	L	I	F	Y	W	H	M	C	P
0	0.00201	0.00190	0.00322	0.67722	0.29165	0.00220	0.00278	0.00263	0.00202	0.00269	0.00176	0.00254	0.00137	0.00094	0.00097	0.00031	0.00125	0.00086	0.00045	0.00122
1	0.00132	0.00093	0.00120	0.00136	0.00145	0.00092	0.00094	0.00159	0.02892	0.00251	0.00468	0.62223	0.00539	0.13513	0.07635	0.00055	0.00080	0.06897	0.04396	0.00080
2	0.00166	0.00086	0.00129	0.00129	0.00131	0.00088	0.00088	0.00131	0.00129	0.00174	0.00177	0.00303	0.00175	0.00373	0.08951	0.88494	0.00100	0.00086	0.00043	0.00046
3	0.00260	0.96643	0.00509	0.00166	0.00249	0.00385	0.00166	0.00291	0.00197	0.00229	0.00135	0.00156	0.00125	0.00083	0.00062	0.00021	0.00104	0.00052	0.00042	0.00125
4	0.00121	0.00088	0.00114	0.00133	0.00143	0.00081	0.00091	0.00141	0.00196	0.00259	0.05396	0.77612	0.10643	0.00292	0.00123	0.00039	0.00057	0.04302	0.00091	0.00080
5	0.03083	0.00155	0.00209	0.17320	0.00295	0.00152	0.00151	0.03468	0.03111	0.44978	0.17536	0.00433	0.08407	0.00140	0.00101	0.00031	0.00082	0.00118	0.00098	0.00133
6	0.05181	0.00190	0.02837	0.00193	0.02627	0.02166	0.01679	0.08392	0.06674	0.58331	0.00335	0.00333	0.00232	0.01788	0.06241	0.00040	0.00101	0.02408	0.00101	0.00150

