[name]
unknown

[dist]
# distance from previous block
# <min> <max>
10	591

[block]
# block no. 0 follows, 197 sequences, length 7
# corresponding to MSA columns:
# 1596-1602
name=unknown_A
#
# <colnr> <probs for GDERKNQSTAVLIFYWHMCP>
#	G	D	E	R	K	N	Q	S	T	A	V	L	I	F	Y	W	H	M	C	P
0	0.00369	0.15557	0.32664	0.04359	0.06171	0.01547	0.02524	0.09000	0.02808	0.02524	0.00395	0.02686	0.05302	0.01958	0.00219	0.11286	0.00189	0.00147	0.00091	0.00204
1	0.04374	0.19754	0.05533	0.05093	0.02474	0.19253	0.09670	0.10167	0.05424	0.03984	0.01471	0.00444	0.04298	0.04169	0.00180	0.00050	0.01612	0.00141	0.00101	0.01808
2	0.03531	0.05595	0.07146	0.02511	0.09571	0.02283	0.02311	0.02160	0.02625	0.08517	0.23141	0.17064	0.06371	0.00280	0.00171	0.00051	0.00133	0.01875	0.00135	0.04530
3	0.00314	0.00521	0.46967	0.00355	0.00507	0.00282	0.03967	0.00441	0.02272	0.06204	0.10493	0.04700	0.13886	0.00246	0.00185	0.03700	0.00176	0.01599	0.00108	0.03079
4	0.02523	0.14914	0.25360	0.04854	0.02214	0.06333	0.12482	0.04420	0.01685	0.07243	0.00389	0.00556	0.00329	0.00193	0.00158	0.00050	0.00203	0.12365	0.00098	0.03633
5	0.01615	0.14036	0.18886	0.03009	0.16906	0.05006	0.07046	0.11499	0.02518	0.06997	0.01581	0.02663	0.00305	0.00176	0.00153	0.00047	0.00193	0.02885	0.00102	0.04376
6	0.00238	0.00185	0.00269	0.00281	0.04303	0.00210	0.00204	0.00291	0.00269	0.00380	0.00516	0.00715	0.07559	0.08155	0.72453	0.00220	0.03326	0.00188	0.00091	0.00145

[dist]
# distance from previous block
# <min> <max>
9	23

[block]
# block no. 1 follows, 197 sequences, length 9
# corresponding to MSA columns:
# 1679-1687
name=unknown_B
#
# <colnr> <probs for GDERKNQSTAVLIFYWHMCP>
#	G	D	E	R	K	N	Q	S	T	A	V	L	I	F	Y	W	H	M	C	P
0	0.02965	0.03636	0.25673	0.05389	0.13684	0.02504	0.03019	0.00460	0.03631	0.06943	0.12078	0.10890	0.02793	0.00250	0.01848	0.00056	0.00176	0.02680	0.00111	0.01213
1	0.01885	0.01773	0.04516	0.06740	0.09248	0.06288	0.00267	0.15695	0.02486	0.07306	0.06622	0.01797	0.28273	0.00256	0.00173	0.00050	0.01810	0.00210	0.00131	0.04474
2	0.02767	0.11009	0.03736	0.07682	0.02495	0.05304	0.07123	0.09220	0.14477	0.04230	0.03418	0.01740	0.01486	0.01097	0.01113	0.00070	0.18525	0.02328	0.00134	0.02046
3	0.02957	0.00256	0.00404	0.42263	0.14707	0.00291	0.00346	0.00365	0.00321	0.00438	0.00485	0.29233	0.00501	0.00276	0.00188	0.00057	0.03667	0.02973	0.00100	0.00174
4	0.00196	0.00140	0.00187	0.00224	0.00233	0.00131	0.00149	0.00224	0.00308	0.00410	0.00886	0.94244	0.01063	0.00504	0.00205	0.00065	0.00093	0.00457	0.00149	0.00131
5	0.00321	0.00273	0.00320	0.00237	0.00369	0.00208	0.00189	0.00390	0.00335	0.00516	0.00375	0.03279	0.03864	0.00153	0.00128	0.00028	0.00118	0.03280	0.00101	0.85517
6	0.00216	0.00178	0.00190	0.00187	0.00239	0.00163	0.00139	0.00296	0.08380	0.00477	0.13675	0.03613	0.65833	0.03090	0.02552	0.00062	0.00096	0.00315	0.00151	0.00147
7	0.00369	0.00350	0.00587	0.10324	0.74720	0.00356	0.00451	0.00459	0.00356	0.00500	0.00389	0.00496	0.05904	0.03837	0.00187	0.00053	0.00185	0.00159	0.00084	0.00234
8	0.05632	0.17065	0.00415	0.00295	0.00380	0.04540	0.00240	0.07287	0.34565	0.02230	0.04725	0.13980	0.00553	0.00258	0.00160	0.00052	0.00140	0.07134	0.00137	0.00210

[dist]
# distance from previous block
# <min> <max>
0	2

[block]
# block no. 2 follows, 197 sequences, length 11
# corresponding to MSA columns:
# 1690-1700
name=unknown_C
#
# <colnr> <probs for GDERKNQSTAVLIFYWHMCP>
#	G	D	E	R	K	N	Q	S	T	A	V	L	I	F	Y	W	H	M	C	P
0	0.04411	0.28036	0.22594	0.02969	0.07748	0.08251	0.04304	0.07890	0.04989	0.02781	0.00303	0.00347	0.00239	0.00170	0.01165	0.00048	0.02351	0.00120	0.01065	0.00222
1	0.86575	0.00325	0.00259	0.03039	0.00344	0.03139	0.00192	0.00473	0.00280	0.00691	0.00226	0.00270	0.00178	0.00155	0.00117	0.00050	0.03324	0.00091	0.00097	0.00175
2	0.04587	0.03345	0.03271	0.20605	0.04345	0.00261	0.04597	0.01445	0.03452	0.02385	0.05596	0.11177	0.19079	0.01831	0.00243	0.12018	0.01265	0.00225	0.00110	0.00161
3	0.00229	0.00177	0.00211	0.01626	0.02682	0.00162	0.00157	0.01554	0.02283	0.01733	0.25440	0.11902	0.45888	0.00383	0.00204	0.03184	0.00092	0.01794	0.00152	0.00147
4	0.01311	0.00448	0.21022	0.01749	0.06333	0.04086	0.21897	0.00465	0.02050	0.03649	0.05341	0.02728	0.08385	0.00192	0.00175	0.00048	0.03143	0.01052	0.00099	0.15829
5	0.01690	0.02481	0.07164	0.16342	0.08828	0.02654	0.38455	0.00479	0.00352	0.03212	0.01827	0.01905	0.00269	0.00168	0.00208	0.00053	0.10102	0.00164	0.00084	0.03562
6	0.02892	0.01559	0.05000	0.05813	0.05962	0.03530	0.09982	0.10708	0.16416	0.06209	0.09551	0.09196	0.01750	0.02769	0.00942	0.01361	0.01175	0.03402	0.00130	0.01652
7	0.11125	0.03449	0.11449	0.09190	0.01245	0.02280	0.04211	0.06653	0.06965	0.08216	0.07328	0.02520	0.05188	0.00241	0.02103	0.00055	0.00164	0.08271	0.00120	0.09227
8	0.03661	0.07217	0.28816	0.02359	0.04762	0.01541	0.02360	0.05129	0.02922	0.07980	0.18062	0.05112	0.03476	0.00220	0.00171	0.00050	0.02935	0.00181	0.00116	0.02933
9	0.01231	0.04610	0.12169	0.10699	0.16696	0.01566	0.01586	0.04852	0.04002	0.03328	0.09536	0.05347	0.05590	0.00207	0.00171	0.00048	0.03732	0.00174	0.01332	0.13122
10	0.01087	0.10890	0.19765	0.03035	0.02577	0.03777	0.01528	0.04426	0.06311	0.04130	0.05851	0.03423	0.08630	0.00993	0.02108	0.00050	0.02363	0.00161	0.00107	0.18789

[dist]
# distance from previous block
# <min> <max>
17	109

[block]
# block no. 3 follows, 197 sequences, length 20
# corresponding to MSA columns:
# 1928-1947
name=unknown_D
#
# <colnr> <probs for GDERKNQSTAVLIFYWHMCP>
#	G	D	E	R	K	N	Q	S	T	A	V	L	I	F	Y	W	H	M	C	P
0	0.00404	0.03768	0.07248	0.05276	0.06236	0.00987	0.09971	0.22367	0.01146	0.04149	0.01212	0.14350	0.00392	0.00213	0.00162	0.00047	0.00856	0.00698	0.02079	0.18441
1	0.02041	0.00318	0.07684	0.52326	0.01965	0.02289	0.01688	0.02041	0.01758	0.02522	0.03862	0.08260	0.01464	0.00234	0.01530	0.04217	0.00191	0.01567	0.00092	0.03951
2	0.01319	0.00422	0.13729	0.29489	0.25663	0.03408	0.06828	0.04493	0.02824	0.03691	0.00330	0.01117	0.00259	0.00166	0.00169	0.00051	0.02334	0.01444	0.00643	0.01619
3	0.01935	0.01486	0.18493	0.06527	0.14106	0.01154	0.34416	0.00504	0.01313	0.07751	0.01442	0.04750	0.01138	0.00179	0.00180	0.00053	0.02290	0.01969	0.00094	0.00220
4	0.00361	0.01723	0.02739	0.16879	0.27690	0.01475	0.31528	0.00478	0.03010	0.01867	0.02513	0.05394	0.01923	0.00179	0.00173	0.00052	0.00211	0.01499	0.00091	0.00215
5	0.01238	0.00169	0.00213	0.00249	0.05821	0.00156	0.00164	0.00259	0.01095	0.00448	0.07878	0.44155	0.32210	0.01843	0.01132	0.00063	0.00100	0.02519	0.00145	0.00143
6	0.01253	0.00351	0.07725	0.11203	0.02400	0.05067	0.21395	0.02533	0.02842	0.09326	0.03793	0.19300	0.06924	0.00261	0.00190	0.00055	0.03164	0.01909	0.00117	0.00193
7	0.02767	0.07300	0.39052	0.04374	0.07615	0.03180	0.07172	0.04489	0.00372	0.11384	0.00376	0.03040	0.01105	0.02392	0.01358	0.00056	0.01496	0.02152	0.00096	0.00224
8	0.00508	0.00281	0.00420	0.18373	0.17899	0.00275	0.00310	0.00585	0.01268	0.44863	0.02140	0.02299	0.07706	0.02131	0.00178	0.00053	0.00156	0.00178	0.00145	0.00233
9	0.00380	0.00365	0.00629	0.11672	0.74397	0.00372	0.04709	0.00478	0.00362	0.00510	0.00326	0.00465	0.00279	0.00158	0.00164	0.00050	0.00196	0.04169	0.00082	0.00240
10	0.01499	0.03723	0.47612	0.00364	0.00983	0.01640	0.02309	0.00447	0.04575	0.02774	0.01997	0.10932	0.07539	0.05629	0.00204	0.00060	0.00186	0.07223	0.00101	0.00201
11	0.00343	0.02683	0.34262	0.08401	0.09451	0.00391	0.16870	0.01319	0.01577	0.00483	0.00323	0.04350	0.00271	0.00191	0.00225	0.00055	0.15998	0.01378	0.01216	0.00213
12	0.00195	0.00156	0.00175	0.00187	0.00226	0.00136	0.00135	0.00234	0.00351	0.00435	0.04669	0.31335	0.57982	0.00436	0.00196	0.00058	0.00087	0.02721	0.00150	0.00135
13	0.16629	0.00276	0.00343	0.00270	0.00386	0.00256	0.00223	0.01754	0.00429	0.71556	0.04605	0.00527	0.00408	0.00209	0.01355	0.00052	0.00136	0.00155	0.00179	0.00250
14	0.07507	0.04495	0.02340	0.18701	0.17535	0.04477	0.01364	0.09493	0.03902	0.13274	0.05916	0.04945	0.00385	0.00200	0.00171	0.00051	0.03695	0.01215	0.00116	0.00216
15	0.00219	0.00160	0.00194	0.00212	0.00242	0.00148	0.00151	0.01935	0.01587	0.02008	0.04876	0.53060	0.28092	0.00454	0.01121	0.00063	0.00097	0.03652	0.01588	0.00141
16	0.12177	0.00288	0.00362	0.00284	0.00395	0.00277	0.04260	0.11387	0.00450	0.53819	0.00526	0.00496	0.00352	0.00188	0.00148	0.00048	0.00137	0.00150	0.14016	0.00241
17	0.08199	0.00396	0.01908	0.08218	0.00548	0.02471	0.11029	0.46448	0.03963	0.06867	0.00425	0.05580	0.01090	0.00204	0.00163	0.00051	0.00180	0.01885	0.00138	0.00236
18	0.07438	0.04468	0.11538	0.04318	0.01371	0.04802	0.05801	0.09672	0.00993	0.21939	0.05165	0.15031	0.00486	0.00244	0.00173	0.00053	0.02385	0.03778	0.00133	0.00212
19	0.00222	0.00168	0.00188	0.00192	0.00238	0.00148	0.00143	0.00274	0.02262	0.03768	0.10255	0.18279	0.57123	0.01425	0.00200	0.00058	0.00090	0.04671	0.00153	0.00144

[dist]
# distance from previous block
# <min> <max>
9	30

[block]
# block no. 4 follows, 197 sequences, length 11
# corresponding to MSA columns:
# 1985-1995
name=unknown_E
#
# <colnr> <probs for GDERKNQSTAVLIFYWHMCP>
#	G	D	E	R	K	N	Q	S	T	A	V	L	I	F	Y	W	H	M	C	P
0	0.03434	0.00354	0.01997	0.01628	0.17106	0.12089	0.04346	0.07087	0.01568	0.14113	0.00523	0.24155	0.02234	0.02015	0.00207	0.00056	0.06537	0.00226	0.00123	0.00203
1	0.00213	0.00153	0.00189	0.00210	0.00224	0.00147	0.00139	0.00249	0.02947	0.00402	0.03471	0.56206	0.07924	0.24777	0.00361	0.00087	0.00110	0.01927	0.00137	0.00127
2	0.01757	0.00367	0.00578	0.26109	0.48844	0.02744	0.03910	0.05572	0.03838	0.01827	0.00316	0.00411	0.00252	0.00158	0.00169	0.00050	0.02636	0.00145	0.00087	0.00229
3	0.01471	0.00411	0.19364	0.19678	0.10861	0.00331	0.04491	0.05226	0.08224	0.15713	0.02312	0.05697	0.01474	0.01315	0.01113	0.00055	0.00185	0.00169	0.00114	0.01795
4	0.00201	0.00145	0.00191	0.00224	0.00239	0.00135	0.00155	0.00235	0.00323	0.00429	0.06011	0.78293	0.06266	0.00485	0.00205	0.00064	0.00095	0.06020	0.00151	0.00133
5	0.04459	0.00279	0.02349	0.18456	0.00515	0.01271	0.03839	0.05017	0.00382	0.27871	0.03037	0.13806	0.03816	0.02933	0.00207	0.00057	0.06222	0.00205	0.05078	0.00201
6	0.02787	0.04597	0.12891	0.04453	0.12805	0.05981	0.11194	0.11476	0.08995	0.10726	0.02953	0.01680	0.03882	0.00847	0.00173	0.00051	0.01877	0.02291	0.00116	0.00227
7	0.00223	0.00164	0.00202	0.00218	0.00243	0.00158	0.00158	0.00270	0.02466	0.00425	0.06047	0.27124	0.19114	0.20752	0.04251	0.00091	0.00129	0.17696	0.00137	0.00132
8	0.11291	0.00245	0.00288	0.00262	0.00333	0.00250	0.00208	0.11465	0.04842	0.20933	0.03237	0.18865	0.00594	0.01678	0.05327	0.00068	0.00142	0.11919	0.07860	0.00194
9	0.04879	0.11685	0.05059	0.02522	0.04859	0.07128	0.06188	0.10006	0.02247	0.08371	0.04060	0.10425	0.02830	0.01152	0.03029	0.01859	0.02073	0.11313	0.00120	0.00196
10	0.00441	0.04820	0.28497	0.00407	0.05397	0.01878	0.01714	0.26356	0.11700	0.04384	0.02715	0.00417	0.00307	0.00190	0.01274	0.00050	0.01990	0.00140	0.00117	0.07207

[dist]
# distance from previous block
# <min> <max>
1	79

[block]
# block no. 5 follows, 197 sequences, length 30
# corresponding to MSA columns:
# 2080-2109
name=unknown_F
#
# <colnr> <probs for GDERKNQSTAVLIFYWHMCP>
#	G	D	E	R	K	N	Q	S	T	A	V	L	I	F	Y	W	H	M	C	P
0	0.00453	0.17027	0.01407	0.02486	0.06217	0.14623	0.02820	0.03235	0.00385	0.19286	0.01899	0.06539	0.06808	0.04501	0.03415	0.00059	0.03253	0.01498	0.01721	0.02367
1	0.00282	0.00216	0.00902	0.02180	0.00305	0.01710	0.01445	0.02622	0.03731	0.04842	0.29243	0.13678	0.18641	0.03463	0.00196	0.00053	0.00105	0.00268	0.02965	0.13155
2	0.02536	0.00328	0.01517	0.01523	0.01816	0.00955	0.00246	0.13923	0.46546	0.07360	0.02516	0.02729	0.10479	0.02779	0.00185	0.00055	0.00893	0.00765	0.00154	0.02695
3	0.03229	0.00179	0.00204	0.00194	0.00244	0.00166	0.00147	0.01560	0.04085	0.00569	0.48849	0.01275	0.38018	0.00348	0.00186	0.00052	0.00083	0.00297	0.00163	0.00152
4	0.00343	0.00328	0.00567	0.49435	0.25984	0.00363	0.11364	0.02670	0.01558	0.00474	0.02168	0.00457	0.00272	0.03129	0.00185	0.00055	0.00208	0.00155	0.00081	0.00204
5	0.01735	0.00389	0.04781	0.08329	0.69406	0.01129	0.04032	0.01506	0.00367	0.03083	0.00339	0.00436	0.01893	0.01088	0.00167	0.00050	0.00194	0.00751	0.00085	0.00241
6	0.00211	0.00145	0.00191	0.00223	0.00237	0.00135	0.00152	0.00241	0.00314	0.02131	0.00889	0.82971	0.04188	0.00486	0.00208	0.01436	0.00096	0.03173	0.02440	0.00134
7	0.03981	0.00247	0.01494	0.00255	0.00348	0.00220	0.00208	0.02072	0.02688	0.51952	0.28226	0.00748	0.02371	0.00239	0.00166	0.00050	0.00116	0.00200	0.04195	0.00225
8	0.00364	0.00250	0.00299	0.00307	0.00355	0.00235	0.00231	0.03321	0.05806	0.07306	0.02100	0.32018	0.14166	0.04679	0.00264	0.00083	0.00148	0.27687	0.00179	0.00201
9	0.01608	0.00198	0.00261	0.01218	0.00304	0.00180	0.00183	0.00439	0.00416	0.29300	0.36884	0.16351	0.05459	0.02055	0.00195	0.00056	0.00105	0.04430	0.00173	0.00185
10	0.00541	0.00403	0.00434	0.00348	0.00462	0.00447	0.00282	0.59832	0.26466	0.04549	0.04197	0.00485	0.00389	0.00206	0.00163	0.00050	0.00157	0.00162	0.00164	0.00263
11	0.00276	0.00267	0.01320	0.01593	0.00488	0.00246	0.35256	0.00352	0.00344	0.00464	0.02706	0.45248	0.02472	0.00337	0.00196	0.00060	0.00166	0.05102	0.00121	0.02987
12	0.00267	0.00182	0.00234	0.00252	0.00285	0.00180	0.00190	0.01140	0.08964	0.05338	0.05900	0.45849	0.01474	0.03046	0.00217	0.00067	0.00114	0.23674	0.02472	0.00156
13	0.00489	0.00532	0.42991	0.00369	0.00539	0.00311	0.01602	0.03254	0.04680	0.37500	0.01447	0.03233	0.00340	0.00188	0.00159	0.00051	0.00182	0.00153	0.01734	0.00248
14	0.00218	0.00162	0.00203	0.00197	0.00235	0.00147	0.00146	0.00283	0.00426	0.00587	0.68700	0.09104	0.18281	0.00358	0.00191	0.00052	0.00078	0.00314	0.00170	0.00147
15	0.00231	0.00160	0.00202	0.00204	0.00213	0.00169	0.00133	0.00250	0.00245	0.00336	0.00499	0.04891	0.00547	0.60645	0.30416	0.00185	0.00241	0.00224	0.00096	0.00114
16	0.00400	0.00381	0.00610	0.04343	0.79038	0.03322	0.00462	0.02196	0.01937	0.01504	0.00935	0.02384	0.01447	0.00159	0.00160	0.00048	0.00189	0.00153	0.00087	0.00246
17	0.00431	0.89734	0.00825	0.00281	0.00415	0.00629	0.00278	0.02368	0.00333	0.00392	0.00226	0.00263	0.00208	0.00143	0.00117	0.00036	0.02954	0.00089	0.00071	0.00207
18	0.00212	0.00165	0.00187	0.00188	0.00232	0.00146	0.00138	0.00269	0.02280	0.01719	0.26110	0.15262	0.51727	0.00394	0.00191	0.00055	0.00083	0.00338	0.00158	0.00144
19	0.00267	0.00191	0.00215	0.00207	0.00263	0.00177	0.00155	0.01051	0.10369	0.08411	0.12739	0.15824	0.48786	0.00373	0.00187	0.00055	0.00093	0.00318	0.00159	0.00163
20	0.00333	0.00286	0.00333	0.00238	0.00381	0.00214	0.00191	0.00405	0.00333	0.00524	0.00286	0.00333	0.00238	0.00119	0.00119	0.00024	0.00119	0.00095	0.00095	0.95332
21	0.59668	0.00353	0.02357	0.00264	0.00372	0.00385	0.00221	0.25621	0.00416	0.04978	0.00308	0.01895	0.00237	0.00743	0.00127	0.00050	0.00141	0.00830	0.00827	0.00205
22	0.00230	0.00172	0.00255	0.00255	0.00282	0.00199	0.00197	0.00285	0.00257	0.00371	0.00434	0.00649	0.00410	0.05131	0.89797	0.00254	0.00419	0.00175	0.00087	0.00142
23	0.00333	0.00343	0.07237	0.57599	0.17242	0.00352	0.04023	0.01289	0.01426	0.02106	0.00322	0.03043	0.00257	0.00178	0.01140	0.00054	0.00207	0.00152	0.00987	0.01710
24	0.00192	0.00162	0.00167	0.00168	0.00219	0.00136	0.00125	0.00234	0.00368	0.00444	0.06082	0.05887	0.84453	0.00408	0.00191	0.00055	0.00082	0.00342	0.00151	0.00136
25	0.02421	0.00314	0.00495	0.76882	0.11308	0.02970	0.00439	0.02480	0.00339	0.00443	0.00287	0.00417	0.00219	0.00159	0.00159	0.00052	0.00211	0.00141	0.00075	0.00189
26	0.00837	0.02164	0.07000	0.00302	0.01067	0.01835	0.04107	0.06083	0.01388	0.07766	0.02178	0.04151	0.02360	0.02443	0.00183	0.00041	0.06855	0.00140	0.00108	0.48990
27	0.01710	0.00204	0.00274	0.01841	0.00315	0.00205	0.04369	0.02428	0.06327	0.03078	0.04338	0.52462	0.06815	0.02847	0.01287	0.01002	0.05160	0.00957	0.00138	0.04243
28	0.06048	0.05689	0.08123	0.01789	0.04959	0.02484	0.00301	0.18943	0.42069	0.04049	0.00498	0.02042	0.01146	0.00198	0.00155	0.00051	0.00156	0.00159	0.00139	0.01003
29	0.01605	0.18054	0.49223	0.00435	0.06112	0.01453	0.04183	0.02557	0.04060	0.05948	0.00341	0.02430	0.01225	0.00167	0.00153	0.00048	0.01557	0.00132	0.00086	0.00230

[dist]
# distance from previous block
# <min> <max>
2	9

[block]
# block no. 6 follows, 197 sequences, length 34
# corresponding to MSA columns:
# 2132-2165
name=unknown_G
#
# <colnr> <probs for GDERKNQSTAVLIFYWHMCP>
#	G	D	E	R	K	N	Q	S	T	A	V	L	I	F	Y	W	H	M	C	P
0	0.00397	0.00379	0.00643	0.05733	0.81509	0.01356	0.04002	0.00493	0.00368	0.01860	0.01550	0.00413	0.00271	0.00147	0.00161	0.00048	0.00194	0.00147	0.00082	0.00248
1	0.00218	0.00160	0.00206	0.00211	0.00241	0.00149	0.00153	0.00282	0.02198	0.00546	0.51860	0.32548	0.07486	0.00406	0.01692	0.00059	0.00089	0.01184	0.00164	0.00145
2	0.03798	0.00403	0.00520	0.08976	0.29278	0.00438	0.00369	0.47884	0.04236	0.01982	0.00359	0.00400	0.00269	0.00174	0.00158	0.00049	0.00180	0.00144	0.00126	0.00255
3	0.00398	0.02842	0.00691	0.02282	0.71575	0.00391	0.14916	0.02604	0.00373	0.00526	0.00305	0.00401	0.00252	0.00149	0.00169	0.01448	0.00202	0.00149	0.00081	0.00244
4	0.00354	0.29916	0.45809	0.00360	0.00529	0.00418	0.00416	0.00478	0.01618	0.03173	0.02437	0.04154	0.02706	0.00195	0.00146	0.00048	0.00193	0.06749	0.00087	0.00214
5	0.00288	0.00230	0.00266	0.00245	0.00303	0.00241	0.00187	0.00499	0.33987	0.00643	0.54428	0.01003	0.06447	0.00293	0.00180	0.00052	0.00095	0.00254	0.00171	0.00188
6	0.01477	0.00315	0.00555	0.33720	0.17365	0.00331	0.19907	0.01973	0.00359	0.07421	0.01286	0.12256	0.01909	0.00204	0.00172	0.00054	0.00196	0.00198	0.00098	0.00202
7	0.00370	0.00370	0.04282	0.31544	0.34408	0.02513	0.12733	0.00987	0.01925	0.03708	0.01380	0.01940	0.01152	0.00169	0.00550	0.00052	0.01456	0.00157	0.00086	0.00217
8	0.00239	0.00193	0.00280	0.06935	0.01495	0.00193	0.06024	0.00321	0.08512	0.00458	0.06339	0.62695	0.03120	0.00413	0.00196	0.00062	0.00117	0.02112	0.00141	0.00154
9	0.00298	0.00286	0.01749	0.79183	0.01000	0.00342	0.03213	0.00401	0.00323	0.00418	0.01493	0.02374	0.01947	0.00216	0.03497	0.00062	0.01445	0.01498	0.00078	0.00177
10	0.05758	0.13815	0.35043	0.00413	0.05959	0.09377	0.02480	0.05356	0.05851	0.10053	0.01357	0.00896	0.00881	0.00170	0.00151	0.00048	0.01364	0.00700	0.00099	0.00228
11	0.02732	0.00177	0.00211	0.00209	0.00221	0.02005	0.00138	0.00261	0.00243	0.00338	0.00448	0.00841	0.00483	0.54964	0.25155	0.09927	0.01245	0.00201	0.00091	0.00111
12	0.00322	0.00832	0.93516	0.00458	0.00696	0.00373	0.00594	0.00509	0.00339	0.00509	0.00289	0.00339	0.00204	0.00153	0.00153	0.00051	0.00238	0.00119	0.00068	0.00238
13	0.00381	0.02458	0.29970	0.00584	0.07216	0.02081	0.44119	0.00523	0.01713	0.04403	0.00321	0.00399	0.00239	0.00153	0.00188	0.00053	0.04733	0.00157	0.00082	0.00226
14	0.38628	0.01932	0.03357	0.03025	0.02160	0.04614	0.01596	0.16112	0.07950	0.15382	0.00376	0.01286	0.00278	0.00178	0.00135	0.00050	0.00153	0.01043	0.01525	0.00218
15	0.00196	0.00141	0.00187	0.00223	0.00234	0.00131	0.00150	0.00225	0.00310	0.00412	0.00906	0.90706	0.03564	0.00500	0.00205	0.00065	0.00094	0.01470	0.00149	0.00131
16	0.01291	0.00160	0.00206	0.00208	0.00241	0.00148	0.00152	0.00284	0.00403	0.01803	0.56733	0.28392	0.07458	0.00383	0.00193	0.00055	0.00084	0.01492	0.00166	0.00146
17	0.11048	0.00393	0.01531	0.07658	0.07372	0.04548	0.04285	0.38451	0.06496	0.08077	0.02875	0.00449	0.01174	0.00734	0.00165	0.00050	0.01734	0.00739	0.01985	0.00235
18	0.23547	0.00361	0.00440	0.00353	0.00453	0.07376	0.17858	0.18041	0.02648	0.03995	0.08610	0.01966	0.01425	0.00254	0.06072	0.00063	0.01357	0.00160	0.04822	0.00201
19	0.00230	0.00172	0.00257	0.00257	0.00285	0.00200	0.00199	0.00286	0.00258	0.00372	0.00432	0.00638	0.00405	0.02705	0.92217	0.00257	0.00426	0.00173	0.00086	0.00143
20	0.00379	0.01574	0.01823	0.08925	0.43515	0.00394	0.36501	0.00490	0.00364	0.00506	0.01139	0.00418	0.00256	0.00147	0.00181	0.00051	0.02865	0.00162	0.00080	0.00229
21	0.05515	0.04682	0.03902	0.04178	0.12296	0.07946	0.03007	0.10527	0.06974	0.09231	0.01707	0.05431	0.00872	0.17831	0.00612	0.00071	0.02926	0.01978	0.00115	0.00199
22	0.00238	0.00866	0.00252	0.00247	0.00273	0.00197	0.00187	0.00287	0.00259	0.01677	0.00452	0.02571	0.00439	0.13889	0.77135	0.00236	0.00380	0.00186	0.00090	0.00139
23	0.00202	0.00148	0.00190	0.00211	0.00233	0.00136	0.00146	0.00242	0.00347	0.00464	0.20747	0.62259	0.13177	0.00454	0.00200	0.00061	0.00088	0.00406	0.00155	0.00136
24	0.02437	0.02914	0.30719	0.14240	0.21247	0.01471	0.15067	0.01655	0.04492	0.00514	0.02192	0.01733	0.00275	0.00161	0.00161	0.00051	0.00215	0.00149	0.00083	0.00225
25	0.01431	0.08699	0.18074	0.02416	0.13580	0.18537	0.03516	0.07984	0.05625	0.03568	0.00440	0.04999	0.05603	0.01358	0.00168	0.00050	0.00925	0.02712	0.00102	0.00214
26	0.00218	0.00149	0.00194	0.00224	0.00239	0.00141	0.00153	0.01915	0.00321	0.01531	0.01463	0.82461	0.00992	0.00482	0.01516	0.00066	0.00099	0.01435	0.06266	0.00137
27	0.06796	0.04100	0.53279	0.00384	0.00565	0.01150	0.00439	0.02890	0.06948	0.18419	0.00983	0.00416	0.00280	0.01106	0.00160	0.00051	0.00751	0.00939	0.00106	0.00238
28	0.02810	0.03611	0.03474	0.14077	0.22922	0.03541	0.23003	0.08332	0.04091	0.05077	0.03727	0.00846	0.01591	0.00179	0.00916	0.00052	0.00205	0.01224	0.00100	0.00222
29	0.00301	0.00331	0.16110	0.00820	0.00381	0.01130	0.00270	0.02534	0.19842	0.01570	0.03789	0.19193	0.04099	0.05563	0.04916	0.01225	0.01453	0.12312	0.02631	0.01529
30	0.00385	0.00232	0.00278	0.00244	0.00314	0.00223	0.00189	0.14379	0.03270	0.20428	0.22030	0.15750	0.19155	0.00318	0.00180	0.00053	0.00110	0.00271	0.02000	0.00193
31	0.00407	0.01884	0.00596	0.11938	0.58454	0.03938	0.04657	0.05800	0.02268	0.03207	0.01002	0.01329	0.01619	0.01394	0.00172	0.00050	0.00806	0.00152	0.00091	0.00236
32	0.11393	0.22602	0.03665	0.04876	0.05221	0.02315	0.02620	0.08671	0.01699	0.16559	0.01578	0.04415	0.02565	0.00212	0.02045	0.00050	0.00164	0.02569	0.01699	0.05081
33	0.10294	0.02411	0.01534	0.06041	0.12893	0.03056	0.03916	0.08543	0.01069	0.05084	0.01750	0.12294	0.06165	0.01631	0.00265	0.18211	0.01867	0.00192	0.01505	0.01276

[dist]
# distance from previous block
# <min> <max>
1	34

[block]
# block no. 7 follows, 197 sequences, length 36
# corresponding to MSA columns:
# 2237-2251,2273-2293
name=unknown_H
#
# <colnr> <probs for GDERKNQSTAVLIFYWHMCP>
#	G	D	E	R	K	N	Q	S	T	A	V	L	I	F	Y	W	H	M	C	P
0	0.26002	0.01873	0.12530	0.03685	0.10125	0.05578	0.04230	0.16523	0.03873	0.05957	0.01820	0.00910	0.01776	0.00184	0.01347	0.00051	0.00177	0.00133	0.00111	0.03113
1	0.00211	0.00153	0.00208	0.00231	0.00250	0.00143	0.02153	0.00249	0.01259	0.01562	0.05313	0.78969	0.05043	0.02425	0.00215	0.00066	0.00098	0.01168	0.00149	0.00136
2	0.08940	0.00308	0.00923	0.03210	0.04129	0.00300	0.00254	0.16072	0.03573	0.50875	0.05578	0.00525	0.00957	0.00197	0.00156	0.00049	0.00142	0.00158	0.01952	0.01702
3	0.02396	0.07924	0.30579	0.01642	0.02705	0.00899	0.01597	0.15244	0.09979	0.05290	0.04953	0.02986	0.01756	0.01871	0.00170	0.00051	0.00568	0.04034	0.00115	0.05240
4	0.00265	0.00183	0.00226	0.01983	0.00273	0.00173	0.00163	0.00350	0.06558	0.07096	0.45937	0.12177	0.19275	0.03768	0.00210	0.00057	0.00093	0.00890	0.00164	0.00160
5	0.03213	0.00284	0.00369	0.00286	0.00405	0.00258	0.00235	0.08670	0.00473	0.78745	0.00597	0.00538	0.00386	0.02233	0.00173	0.00052	0.00139	0.00160	0.02522	0.00264
6	0.00214	0.00164	0.00194	0.00203	0.00845	0.00150	0.00146	0.00274	0.03360	0.00492	0.24397	0.27673	0.35238	0.01784	0.00201	0.00058	0.00088	0.01853	0.02524	0.00143
7	0.02063	0.00378	0.00557	0.15600	0.27741	0.02590	0.11051	0.20313	0.06640	0.03260	0.00369	0.03611	0.00298	0.01146	0.00184	0.00052	0.03646	0.00162	0.00108	0.00231
8	0.00347	0.00185	0.00192	0.00178	0.00228	0.00188	0.00137	0.08586	0.01832	0.04715	0.00519	0.00578	0.00400	0.00189	0.00120	0.00039	0.00088	0.00150	0.81160	0.00168
9	0.00375	0.00205	0.00267	0.00258	0.00314	0.00193	0.00201	0.03327	0.02927	0.25970	0.04705	0.29550	0.05761	0.04870	0.00222	0.00065	0.00122	0.20326	0.00162	0.00181
10	0.00331	0.00181	0.00189	0.01946	0.00238	0.00186	0.00139	0.05322	0.04848	0.02782	0.00521	0.00584	0.00404	0.00189	0.00120	0.00039	0.00087	0.00151	0.81578	0.00165
11	0.01191	0.13467	0.30882	0.00982	0.01880	0.05507	0.02374	0.04809	0.20317	0.10664	0.00437	0.01404	0.02073	0.00187	0.00158	0.00050	0.01804	0.01470	0.00112	0.00233
12	0.00198	0.00142	0.00189	0.00225	0.00237	0.00133	0.00153	0.00228	0.00311	0.00413	0.00898	0.89257	0.02648	0.00500	0.00206	0.00065	0.00095	0.03822	0.00149	0.00131
13	0.00222	0.00155	0.00203	0.00229	0.00249	0.00147	0.00159	0.02738	0.00332	0.02426	0.03789	0.76725	0.05077	0.00959	0.01865	0.00068	0.00104	0.04263	0.00150	0.00139
14	0.01941	0.02054	0.05720	0.02028	0.08488	0.02106	0.01326	0.04525	0.13386	0.01209	0.37193	0.15539	0.02155	0.00295	0.00178	0.00053	0.00123	0.01351	0.00146	0.00186
15	0.00558	0.02191	0.11914	0.05325	0.03686	0.00334	0.00312	0.18141	0.07992	0.41397	0.03805	0.00506	0.00380	0.01406	0.00173	0.00051	0.01261	0.00157	0.00156	0.00253
16	0.00307	0.00216	0.00285	0.00286	0.04344	0.01744	0.00206	0.00370	0.02027	0.11008	0.36225	0.26244	0.01725	0.00758	0.00233	0.00058	0.11572	0.02074	0.00152	0.00169
17	0.00373	0.00304	0.00348	0.00267	0.00394	0.00270	0.00212	0.07139	0.18135	0.03297	0.00383	0.01274	0.00306	0.00179	0.02654	0.00039	0.00133	0.00123	0.00116	0.64054
18	0.00339	0.02046	0.01733	0.00402	0.00411	0.00462	0.00337	0.00379	0.00250	0.00387	0.00236	0.00380	0.00232	0.00378	0.10673	0.00090	0.80875	0.00143	0.00072	0.00174
19	0.00234	0.00156	0.00175	0.00175	0.00175	0.00156	0.00097	0.00234	0.00234	0.00312	0.00507	0.01052	0.00585	0.94349	0.00818	0.00156	0.00156	0.00234	0.00097	0.00097
20	0.00601	0.00766	0.00456	0.00414	0.00497	0.93704	0.00311	0.00642	0.00456	0.00394	0.00249	0.00290	0.00207	0.00166	0.00145	0.00041	0.00290	0.00104	0.00083	0.00186
21	0.00233	0.00158	0.00188	0.00190	0.00194	0.00162	0.00115	0.00242	0.00241	0.00325	0.00509	0.03052	0.00574	0.78122	0.13699	0.00167	0.00193	0.01434	0.00098	0.00105
22	0.00376	0.00316	0.00473	0.53993	0.00819	0.00393	0.00390	0.10339	0.00358	0.06718	0.00302	0.00415	0.00233	0.00202	0.00255	0.01616	0.22377	0.00144	0.00089	0.00193
23	0.18066	0.01487	0.06597	0.02156	0.06315	0.25171	0.05676	0.05059	0.14002	0.02444	0.07164	0.01487	0.01231	0.00187	0.00149	0.00048	0.00190	0.00640	0.00111	0.01820
24	0.00506	0.13930	0.19154	0.02918	0.00536	0.56717	0.00362	0.00580	0.00408	0.01307	0.00276	0.01323	0.00986	0.00165	0.00142	0.00043	0.00256	0.00112	0.00080	0.00199
25	0.00194	0.00152	0.00175	0.00192	0.00225	0.00134	0.00136	0.00229	0.00342	0.00429	0.03723	0.44640	0.47960	0.00450	0.00197	0.00059	0.00087	0.00393	0.00150	0.00134
26	0.00249	0.00168	0.00206	0.00216	0.00256	0.00152	0.00161	0.00297	0.01093	0.07868	0.08804	0.32936	0.31639	0.02951	0.00214	0.00063	0.00100	0.12326	0.00154	0.00148
27	0.05795	0.02046	0.03063	0.08877	0.18299	0.03267	0.08098	0.08674	0.05215	0.06175	0.15869	0.03407	0.00519	0.01438	0.02537	0.00058	0.04239	0.02097	0.00118	0.00208
28	0.00265	0.01324	0.00220	0.00212	0.00262	0.00177	0.00160	0.01547	0.07224	0.06915	0.11027	0.20876	0.37455	0.02211	0.00199	0.00058	0.00098	0.05364	0.04249	0.00158
29	0.00203	0.00154	0.00188	0.00204	0.00233	0.00140	0.00144	0.00250	0.01347	0.00468	0.19616	0.46196	0.28276	0.00436	0.00197	0.00059	0.00087	0.01507	0.00155	0.00138
30	0.00842	0.00175	0.00218	0.00204	0.00249	0.00162	0.00154	0.00329	0.03596	0.03665	0.71357	0.02275	0.13695	0.00331	0.00187	0.00051	0.00081	0.00958	0.01312	0.00157
31	0.12202	0.07713	0.03316	0.05836	0.03967	0.04075	0.00925	0.05150	0.02654	0.13870	0.01316	0.00426	0.01482	0.00168	0.00151	0.00042	0.03816	0.02329	0.00112	0.30449
32	0.02874	0.01048	0.00424	0.19748	0.24274	0.01231	0.04324	0.00389	0.02203	0.02265	0.00510	0.20479	0.03744	0.08763	0.02978	0.00671	0.02032	0.01758	0.00102	0.00182
33	0.00219	0.00159	0.00211	0.00244	0.00264	0.00154	0.00180	0.00275	0.03345	0.00446	0.04475	0.64691	0.01028	0.00473	0.00207	0.00067	0.00107	0.23165	0.00151	0.00140
34	0.09704	0.04063	0.01639	0.01626	0.00473	0.24983	0.00288	0.41784	0.05753	0.06042	0.00357	0.00376	0.00267	0.01746	0.00160	0.00048	0.00197	0.00130	0.00130	0.00233
35	0.03259	0.19999	0.02529	0.17619	0.08816	0.06730	0.00708	0.14694	0.07038	0.03044	0.01304	0.01641	0.00306	0.01770	0.01596	0.00055	0.05177	0.01629	0.01869	0.00217

[dist]
# distance from previous block
# <min> <max>
2	34

[block]
# block no. 8 follows, 197 sequences, length 18
# corresponding to MSA columns:
# 2356-2360,2370,2371,2388-2391,2418-2422,2424,2426
name=unknown_I
#
# <colnr> <probs for GDERKNQSTAVLIFYWHMCP>
#	G	D	E	R	K	N	Q	S	T	A	V	L	I	F	Y	W	H	M	C	P
0	0.04506	0.41432	0.00647	0.08160	0.16028	0.04145	0.00325	0.12012	0.03859	0.00524	0.00298	0.01036	0.00252	0.01336	0.00148	0.00045	0.01581	0.00120	0.00092	0.03452
1	0.05208	0.04953	0.15159	0.01654	0.14300	0.08123	0.06668	0.08300	0.06014	0.12779	0.03205	0.03326	0.00370	0.00872	0.01811	0.00055	0.00192	0.03685	0.00117	0.03209
2	0.03247	0.23976	0.02363	0.00264	0.00356	0.05627	0.01900	0.08272	0.02960	0.06899	0.16753	0.02896	0.20869	0.00274	0.01921	0.00051	0.00144	0.00910	0.00129	0.00188
3	0.02237	0.00321	0.01584	0.11917	0.00459	0.00349	0.00254	0.41839	0.00489	0.02395	0.00410	0.00597	0.00362	0.27051	0.04251	0.01217	0.01546	0.00170	0.02357	0.00197
4	0.02592	0.21053	0.24199	0.01941	0.04734	0.03822	0.02909	0.02832	0.04517	0.05561	0.10622	0.02585	0.07058	0.00225	0.01629	0.00051	0.00849	0.02508	0.00106	0.00207
5	0.00307	0.00277	0.01746	0.07879	0.23345	0.02314	0.04607	0.00405	0.06459	0.01517	0.01735	0.19599	0.09476	0.00311	0.00189	0.00058	0.01169	0.18301	0.00121	0.00186
6	0.01694	0.00172	0.00183	0.00172	0.00220	0.00170	0.00132	0.03496	0.00370	0.06701	0.08573	0.00670	0.03866	0.00208	0.00127	0.00041	0.00083	0.00169	0.72792	0.00162
7	0.00292	0.00218	0.00295	0.20631	0.02715	0.01863	0.02468	0.01715	0.01213	0.04185	0.04185	0.17919	0.10777	0.07942	0.00223	0.00061	0.01009	0.03536	0.18593	0.00160
8	0.02124	0.15959	0.34449	0.04425	0.06803	0.13756	0.06829	0.08065	0.02423	0.00518	0.01562	0.01152	0.00923	0.00162	0.00148	0.00047	0.00219	0.00129	0.00085	0.00222
9	0.04564	0.00302	0.00355	0.00294	0.00399	0.00309	0.00236	0.05005	0.34919	0.44385	0.00604	0.00551	0.00418	0.00216	0.01385	0.00054	0.00135	0.00165	0.05449	0.00254
10	0.00211	0.00155	0.00193	0.00206	0.00233	0.00143	0.00146	0.00255	0.00357	0.00476	0.27173	0.36375	0.18320	0.09287	0.00257	0.00068	0.00095	0.05761	0.00152	0.00135
11	0.01340	0.01159	0.32461	0.11855	0.20925	0.02249	0.02671	0.04210	0.02239	0.01296	0.06134	0.00549	0.09698	0.00193	0.00166	0.00051	0.01461	0.00164	0.00962	0.00217
12	0.00412	0.03877	0.07769	0.05821	0.27980	0.06346	0.10462	0.06221	0.20411	0.03319	0.01465	0.01460	0.01100	0.00193	0.01521	0.00053	0.00194	0.01053	0.00108	0.00234
13	0.00206	0.00151	0.00193	0.00213	0.00235	0.00139	0.00149	0.00248	0.00348	0.00465	0.21700	0.54555	0.12354	0.04160	0.00225	0.00065	0.00093	0.04214	0.00153	0.00135
14	0.00228	0.00154	0.00176	0.00181	0.00184	0.00152	0.00105	0.00232	0.00247	0.00328	0.00590	0.13177	0.03437	0.79327	0.00720	0.00141	0.00146	0.00266	0.00106	0.00103
15	0.01424	0.03128	0.04364	0.32528	0.37410	0.00370	0.07100	0.01774	0.01609	0.06082	0.00326	0.00419	0.00251	0.00155	0.00159	0.00050	0.00198	0.00145	0.02285	0.00222
16	0.02706	0.09112	0.28781	0.03080	0.03555	0.09251	0.23652	0.05421	0.03990	0.04064	0.01027	0.00402	0.00258	0.00163	0.00168	0.00050	0.02573	0.01436	0.00090	0.00223
17	0.00427	0.90825	0.00829	0.00281	0.00413	0.00631	0.00278	0.00478	0.00324	0.00379	0.00223	0.00262	0.00207	0.00143	0.00120	0.00036	0.03784	0.00088	0.00069	0.00205

[dist]
# distance from previous block
# <min> <max>
1	3

[block]
# block no. 9 follows, 197 sequences, length 19
# corresponding to MSA columns:
# 2435-2438,2449-2452,2457-2467
name=unknown_J
#
# <colnr> <probs for GDERKNQSTAVLIFYWHMCP>
#	G	D	E	R	K	N	Q	S	T	A	V	L	I	F	Y	W	H	M	C	P
0	0.01745	0.21840	0.08505	0.08814	0.07938	0.00940	0.00295	0.07996	0.07769	0.01457	0.09902	0.16627	0.02125	0.01396	0.00166	0.00051	0.00154	0.01383	0.00114	0.00782
1	0.80044	0.00342	0.07068	0.00234	0.00342	0.00347	0.00208	0.00486	0.00290	0.06065	0.00273	0.03233	0.00217	0.00164	0.00110	0.00050	0.00132	0.00105	0.00105	0.00183
2	0.01755	0.09105	0.19410	0.05040	0.04303	0.06477	0.12222	0.01303	0.08423	0.04325	0.02908	0.02116	0.03396	0.01937	0.07398	0.00069	0.08636	0.00159	0.00813	0.00205
3	0.04972	0.01667	0.00323	0.00255	0.00357	0.01332	0.01071	0.03899	0.02860	0.36155	0.06608	0.02601	0.15556	0.00276	0.04476	0.00056	0.00138	0.00188	0.00153	0.17057
4	0.00574	0.00418	0.00450	0.00350	0.00471	0.00459	0.00288	0.78712	0.04967	0.03538	0.03367	0.00470	0.03681	0.00206	0.00162	0.00049	0.00166	0.00159	0.01252	0.00262
5	0.00226	0.00164	0.00231	0.01235	0.00280	0.00153	0.03351	0.00264	0.00318	0.02304	0.00820	0.73605	0.00957	0.03191	0.00220	0.00066	0.00109	0.08792	0.00144	0.03570
6	0.16519	0.17679	0.31872	0.00363	0.03930	0.00398	0.01744	0.01325	0.02228	0.06308	0.04118	0.01870	0.02771	0.00184	0.00164	0.00049	0.06372	0.00767	0.01126	0.00211
7	0.01488	0.00215	0.00275	0.00240	0.00315	0.00194	0.00189	0.00501	0.04182	0.37587	0.24101	0.10675	0.15309	0.00305	0.00179	0.00053	0.00108	0.03707	0.00176	0.00200
8	0.00242	0.00172	0.00218	0.00207	0.00249	0.00160	0.00155	0.00324	0.03603	0.03135	0.73440	0.07968	0.08837	0.00341	0.00189	0.00052	0.00081	0.00300	0.00173	0.00156
9	0.03915	0.00342	0.00522	0.35351	0.28298	0.00377	0.03715	0.11455	0.07188	0.04995	0.00356	0.01385	0.00277	0.00170	0.00160	0.00051	0.00190	0.00930	0.00100	0.00223
10	0.00258	0.00198	0.00288	0.02634	0.04923	0.00196	0.04675	0.00317	0.01113	0.03251	0.24984	0.33609	0.03968	0.05371	0.00244	0.00065	0.04469	0.09139	0.00143	0.00155
11	0.00197	0.00154	0.00180	0.00195	0.00229	0.00136	0.00140	0.00236	0.00349	0.00442	0.08229	0.40238	0.45038	0.00443	0.00197	0.00059	0.00088	0.03164	0.00151	0.00135
12	0.02996	0.00472	0.00431	0.00357	0.00461	0.23138	0.01656	0.36232	0.14297	0.11004	0.01583	0.00438	0.01374	0.00195	0.00163	0.00048	0.02147	0.00145	0.02626	0.00238
13	0.23422	0.00348	0.00486	0.23404	0.32545	0.03835	0.03371	0.00466	0.01707	0.00531	0.00295	0.03109	0.00248	0.00169	0.00168	0.00052	0.05416	0.00139	0.00085	0.00205
14	0.00239	0.00176	0.00242	0.00283	0.03638	0.00174	0.00213	0.00297	0.01470	0.00445	0.01639	0.32438	0.03644	0.06025	0.06327	0.00086	0.00147	0.42234	0.00139	0.00144
15	0.00222	0.00168	0.00206	0.00211	0.00252	0.00155	0.00164	0.00286	0.01437	0.00522	0.35728	0.07280	0.31286	0.02258	0.00210	0.00060	0.00096	0.19157	0.00159	0.00144
16	0.00388	0.00373	0.00640	0.10860	0.81687	0.00380	0.02342	0.00485	0.00362	0.00513	0.00301	0.00402	0.00250	0.00145	0.00160	0.00049	0.00195	0.00144	0.00079	0.00246
17	0.17994	0.02076	0.12265	0.01555	0.04518	0.02775	0.02188	0.20767	0.07858	0.24206	0.00424	0.02005	0.00304	0.00183	0.00149	0.00050	0.00165	0.00142	0.00137	0.00240
18	0.01355	0.00323	0.02173	0.64441	0.17809	0.00369	0.05099	0.01280	0.00333	0.00447	0.00294	0.01341	0.00231	0.00164	0.00175	0.00053	0.03694	0.00147	0.00075	0.00196

[dist]
# distance from previous block
# <min> <max>
2	6

[block]
# block no. 10 follows, 197 sequences, length 7
# corresponding to MSA columns:
# 2479,2481-2486
name=unknown_K
#
# <colnr> <probs for GDERKNQSTAVLIFYWHMCP>
#	G	D	E	R	K	N	Q	S	T	A	V	L	I	F	Y	W	H	M	C	P
0	0.00243	0.00172	0.00216	0.00207	0.00248	0.00159	0.00155	0.00320	0.03159	0.03707	0.65380	0.08323	0.12103	0.02591	0.00205	0.00055	0.00085	0.02346	0.00169	0.00154
1	0.00361	0.19846	0.02149	0.23853	0.06239	0.05317	0.02191	0.00428	0.00309	0.00409	0.00272	0.01671	0.00244	0.02780	0.03535	0.00062	0.25337	0.00135	0.00075	0.04786
2	0.02444	0.02102	0.26976	0.00316	0.00477	0.00285	0.02087	0.02895	0.02924	0.05001	0.04881	0.00396	0.00305	0.00149	0.00137	0.00037	0.00157	0.00120	0.00099	0.48212
3	0.03484	0.07184	0.29080	0.05720	0.03460	0.12082	0.05405	0.20891	0.02149	0.02448	0.00341	0.00383	0.01739	0.00171	0.00159	0.00048	0.02218	0.00132	0.02677	0.00227
4	0.00268	0.00177	0.00227	0.00214	0.00258	0.00165	0.00163	0.00350	0.03275	0.07035	0.68677	0.05849	0.04879	0.00328	0.00186	0.00052	0.00086	0.04138	0.03514	0.00161
5	0.00209	0.00154	0.00205	0.03406	0.00270	0.00145	0.00163	0.00249	0.00333	0.00446	0.12362	0.68812	0.06179	0.00453	0.00199	0.00062	0.00097	0.03591	0.00149	0.02516
6	0.01812	0.14916	0.08146	0.03002	0.12102	0.25033	0.06143	0.10409	0.01596	0.03081	0.03489	0.03696	0.00326	0.03445	0.00178	0.00050	0.01177	0.01094	0.00098	0.00210

[dist]
# distance from previous block
# <min> <max>
0	9

[block]
# block no. 11 follows, 197 sequences, length 13
# corresponding to MSA columns:
# 2496-2508
name=unknown_L
#
# <colnr> <probs for GDERKNQSTAVLIFYWHMCP>
#	G	D	E	R	K	N	Q	S	T	A	V	L	I	F	Y	W	H	M	C	P
0	0.00329	0.00243	0.00269	0.00248	0.00312	0.00258	0.00191	0.03080	0.35932	0.02859	0.21078	0.05162	0.06924	0.00264	0.00163	0.00050	0.00103	0.02067	0.18344	0.02123
1	0.00215	0.00148	0.00181	0.00199	0.00204	0.00143	0.00123	0.00229	0.00270	0.00361	0.00694	0.47172	0.00822	0.47906	0.00515	0.00111	0.00125	0.00344	0.00123	0.00114
2	0.00213	0.00150	0.00199	0.01439	0.00252	0.00143	0.00158	0.01447	0.00318	0.01472	0.02446	0.81146	0.02679	0.02689	0.00223	0.01096	0.00100	0.03550	0.00147	0.00134
3	0.00406	0.01550	0.01496	0.00359	0.00403	0.02310	0.01444	0.15968	0.01212	0.05788	0.02601	0.00438	0.00302	0.01006	0.05553	0.01201	0.47701	0.00149	0.09919	0.00193
4	0.00196	0.00141	0.00186	0.00221	0.00233	0.00131	0.00148	0.00224	0.00310	0.00411	0.00917	0.90429	0.04860	0.00500	0.00205	0.00065	0.00093	0.00452	0.00149	0.00131
5	0.00329	0.02628	0.00494	0.78173	0.04771	0.05554	0.00429	0.00428	0.00329	0.00415	0.00281	0.00411	0.00216	0.00163	0.00169	0.00052	0.03068	0.00138	0.00073	0.01880
6	0.00193	0.00150	0.00176	0.00196	0.00226	0.00133	0.00137	0.00227	0.00335	0.00421	0.01225	0.51941	0.43148	0.00460	0.00198	0.00060	0.00088	0.00403	0.00149	0.00133
7	0.00354	0.00341	0.00491	0.09278	0.44751	0.08129	0.03071	0.02359	0.02254	0.00485	0.00467	0.26358	0.00476	0.00249	0.00172	0.00053	0.00175	0.00229	0.00102	0.00207
8	0.04984	0.09048	0.28319	0.00394	0.02423	0.08276	0.01272	0.24085	0.08119	0.03319	0.00337	0.00366	0.00253	0.00176	0.00170	0.00049	0.05799	0.00128	0.00107	0.02376
9	0.00281	0.02427	0.42632	0.00323	0.00455	0.00265	0.00358	0.00406	0.01496	0.01536	0.33693	0.05551	0.05597	0.00256	0.00171	0.00052	0.00156	0.02464	0.01690	0.00192
10	0.00333	0.09343	0.22835	0.00310	0.00403	0.12398	0.01706	0.00403	0.00332	0.03719	0.02582	0.20191	0.01816	0.19330	0.02223	0.00077	0.00185	0.01542	0.00103	0.00172
11	0.11636	0.01415	0.03036	0.01623	0.01242	0.02418	0.00222	0.19810	0.01260	0.04978	0.15846	0.23835	0.03195	0.03160	0.00200	0.00057	0.02875	0.02021	0.00142	0.01027
12	0.07453	0.09339	0.03342	0.03040	0.21115	0.02331	0.08567	0.11049	0.01340	0.02502	0.10505	0.02606	0.01908	0.01229	0.03080	0.01232	0.04978	0.01284	0.00107	0.02994

[dist]
# distance from previous block
# <min> <max>
0	1

[block]
# block no. 12 follows, 197 sequences, length 8
# corresponding to MSA columns:
# 2510-2517
name=unknown_M
#
# <colnr> <probs for GDERKNQSTAVLIFYWHMCP>
#	G	D	E	R	K	N	Q	S	T	A	V	L	I	F	Y	W	H	M	C	P
0	0.11002	0.15800	0.11524	0.17370	0.00567	0.05080	0.03879	0.01984	0.02509	0.16405	0.03307	0.02853	0.02216	0.00192	0.00156	0.00050	0.02126	0.02664	0.00109	0.00207
1	0.02107	0.03764	0.05279	0.11635	0.07772	0.00395	0.07305	0.30582	0.08878	0.16926	0.01652	0.00467	0.02130	0.00185	0.00161	0.00050	0.00177	0.00155	0.00136	0.00244
2	0.03629	0.05703	0.25961	0.06498	0.03122	0.01989	0.07189	0.14081	0.06706	0.07569	0.01866	0.06751	0.01268	0.02040	0.01511	0.00057	0.03564	0.00166	0.00110	0.00221
3	0.05253	0.28465	0.08775	0.03810	0.05887	0.09333	0.07244	0.11606	0.05217	0.06867	0.00338	0.01969	0.00273	0.00173	0.00152	0.00046	0.02541	0.01730	0.00101	0.00220
4	0.09896	0.02861	0.09143	0.11106	0.07882	0.04755	0.03742	0.08208	0.14578	0.04726	0.03457	0.01949	0.08844	0.00219	0.01186	0.00053	0.03470	0.00998	0.00116	0.02812
5	0.05199	0.02087	0.10682	0.02557	0.08053	0.11516	0.00284	0.05639	0.05599	0.12675	0.12271	0.05008	0.14237	0.00248	0.00171	0.00051	0.01557	0.01834	0.00131	0.00202
6	0.07612	0.22482	0.05906	0.03621	0.21375	0.01732	0.02073	0.05006	0.02447	0.11242	0.03834	0.00396	0.00300	0.00162	0.00148	0.00044	0.02421	0.00129	0.00102	0.08967
7	0.05185	0.07904	0.03934	0.09949	0.28215	0.05347	0.08464	0.01980	0.03897	0.04645	0.04237	0.03050	0.03947	0.00196	0.01139	0.00051	0.02412	0.01147	0.00099	0.04206

[dist]
# distance from previous block
# <min> <max>
4	38

[block]
# block no. 13 follows, 197 sequences, length 36
# corresponding to MSA columns:
# 2563-2574,2591-2593,2598-2608,2614-2616,2618-2624
name=unknown_N
#
# <colnr> <probs for GDERKNQSTAVLIFYWHMCP>
