[name]
unknown

[dist]
# distance from previous block
# <min> <max>
0	544

[block]
# block no. 0 follows, 288 sequences, length 10
# corresponding to MSA columns:
# 818-821,835-840
name=unknown_A
#
# <colnr> <probs for GDERKNQSTAVLIFYWHMCP>
#	G	D	E	R	K	N	Q	S	T	A	V	L	I	F	Y	W	H	M	C	P
0	0.02439	0.00999	0.01140	0.14515	0.50403	0.01295	0.05761	0.09821	0.00939	0.02778	0.01979	0.02908	0.00846	0.00121	0.00116	0.00035	0.01036	0.01142	0.00805	0.00921
1	0.00258	0.00256	0.03438	0.29644	0.48596	0.00261	0.05147	0.00336	0.02777	0.01631	0.00218	0.00290	0.00174	0.00109	0.00120	0.00035	0.02860	0.00102	0.00057	0.03691
2	0.00283	0.00237	0.00249	0.00224	0.00286	0.00273	0.00174	0.04004	0.85542	0.00479	0.00448	0.00417	0.00337	0.00152	0.00113	0.00037	0.00089	0.00126	0.06356	0.00175
3	0.05345	0.00205	0.01561	0.01164	0.01027	0.00853	0.01365	0.11153	0.01621	0.13962	0.05776	0.04415	0.04704	0.00143	0.00848	0.00030	0.02373	0.00111	0.06848	0.36496
4	0.00141	0.00101	0.00134	0.00157	0.00167	0.00095	0.00107	0.00164	0.00225	0.00300	0.06489	0.83228	0.03418	0.00356	0.02340	0.00048	0.00071	0.02260	0.00105	0.00094
5	0.00211	0.05378	0.02309	0.00225	0.03716	0.04910	0.00174	0.01473	0.00200	0.00280	0.00254	0.00380	0.00239	0.07305	0.49222	0.01202	0.15996	0.00110	0.00059	0.06357
6	0.00319	0.64368	0.06366	0.00222	0.01962	0.02070	0.01792	0.02550	0.06382	0.09458	0.00214	0.00229	0.00174	0.00108	0.00089	0.00028	0.01288	0.00075	0.00064	0.02243
7	0.00179	0.01045	0.04206	0.00179	0.03501	0.00134	0.00125	0.04110	0.01291	0.01150	0.01249	0.33935	0.02343	0.33660	0.09277	0.02295	0.00114	0.01025	0.00083	0.00097
8	0.00242	0.00241	0.00335	0.00288	0.00290	0.00334	0.00240	0.00267	0.00178	0.00274	0.00200	0.00291	0.04986	0.00203	0.00360	0.00049	0.90942	0.00106	0.00052	0.00122
9	0.00206	0.00180	0.04823	0.15627	0.05287	0.00169	0.02746	0.06371	0.01525	0.02989	0.37998	0.14289	0.05405	0.00208	0.00128	0.00038	0.00092	0.01697	0.00099	0.00124

[dist]
# distance from previous block
# <min> <max>
1	3

[block]
# block no. 1 follows, 288 sequences, length 19
# corresponding to MSA columns:
# 844-862
name=unknown_B
#
# <colnr> <probs for GDERKNQSTAVLIFYWHMCP>
#	G	D	E	R	K	N	Q	S	T	A	V	L	I	F	Y	W	H	M	C	P
0	0.00835	0.00282	0.02546	0.06085	0.08561	0.16481	0.10420	0.01169	0.00233	0.01177	0.00257	0.09983	0.01872	0.00227	0.07968	0.00052	0.30781	0.00878	0.00062	0.00130
1	0.80901	0.01560	0.02308	0.00955	0.05360	0.02382	0.02614	0.01243	0.00207	0.01392	0.00168	0.00198	0.00131	0.00106	0.00077	0.00035	0.00099	0.00067	0.00069	0.00129
2	0.62585	0.00208	0.00197	0.00166	0.00241	0.00222	0.00136	0.00405	0.00238	0.32205	0.00259	0.00256	0.00179	0.00117	0.00085	0.00035	0.00090	0.00080	0.02151	0.00146
3	0.00275	0.00268	0.00456	0.07045	0.77607	0.01531	0.07015	0.00349	0.02237	0.00364	0.00219	0.00288	0.00182	0.00114	0.01538	0.00036	0.00142	0.00104	0.00057	0.00172
4	0.00179	0.00131	0.00174	0.00195	0.00220	0.01176	0.00166	0.00224	0.00254	0.00329	0.01850	0.06212	0.06495	0.05627	0.00177	0.00054	0.00100	0.76234	0.00102	0.00101
5	0.01767	0.00121	0.00155	0.00145	0.00174	0.00113	0.00109	0.00227	0.01929	0.01990	0.89137	0.00824	0.02427	0.00228	0.00132	0.00036	0.00055	0.00200	0.00124	0.00110
6	0.02243	0.10580	0.13744	0.00203	0.00308	0.01573	0.00900	0.02793	0.03511	0.06065	0.00233	0.00260	0.01074	0.00100	0.00091	0.00024	0.00104	0.00642	0.00070	0.55482
7	0.00165	0.00110	0.00127	0.00127	0.00128	0.00112	0.00073	0.00167	0.00166	0.00222	0.00354	0.00725	0.00405	0.90680	0.05906	0.00114	0.00121	0.00162	0.00068	0.00070
8	0.16822	0.00196	0.00242	0.00190	0.00272	0.00183	0.00157	0.01915	0.01418	0.73103	0.00392	0.00352	0.00254	0.00134	0.00105	0.00035	0.00094	0.00105	0.03855	0.00177
9	0.92053	0.02160	0.00180	0.00154	0.00224	0.03048	0.00127	0.00337	0.00197	0.00497	0.00158	0.00185	0.00124	0.00105	0.00071	0.00035	0.00092	0.00062	0.00069	0.00123
10	0.00182	0.00113	0.00164	0.00162	0.00169	0.00123	0.00115	0.00173	0.00163	0.00225	0.00251	0.00422	0.00250	0.11308	0.34386	0.48200	0.03350	0.00114	0.00055	0.00072
11	0.00822	0.07117	0.12996	0.00260	0.01049	0.01967	0.01958	0.51686	0.01190	0.08783	0.00849	0.03954	0.00219	0.00149	0.01008	0.00726	0.03828	0.00650	0.00615	0.00174
12	0.00175	0.00125	0.00174	0.00201	0.00223	0.00124	0.00170	0.00222	0.00254	0.00331	0.00604	0.16391	0.00667	0.00320	0.00155	0.00051	0.00098	0.79507	0.00104	0.00102
13	0.00235	0.00201	0.00235	0.00168	0.00268	0.00151	0.00134	0.00285	0.00235	0.00369	0.00201	0.00235	0.00168	0.00084	0.00084	0.00017	0.00084	0.00067	0.00067	0.96711
14	0.00152	0.00111	0.00143	0.00144	0.00166	0.00102	0.00104	0.00194	0.00287	0.00397	0.61416	0.26086	0.09736	0.00269	0.00137	0.00039	0.00057	0.00239	0.00118	0.00102
15	0.00266	0.00279	0.02412	0.01820	0.02279	0.00271	0.59673	0.08118	0.04695	0.00925	0.03002	0.05638	0.00254	0.00773	0.00850	0.00041	0.05719	0.02768	0.00070	0.00149
16	0.00164	0.00124	0.00184	0.00183	0.00203	0.00145	0.00142	0.00203	0.00181	0.00262	0.00301	0.00448	0.00283	0.03065	0.91275	0.00177	0.02374	0.00122	0.00061	0.00101
17	0.10722	0.03314	0.05920	0.06362	0.27889	0.02907	0.02853	0.14986	0.05263	0.08655	0.00256	0.00809	0.00200	0.00120	0.00108	0.00034	0.00881	0.02309	0.00078	0.06333
18	0.08978	0.49288	0.04699	0.00813	0.01903	0.06072	0.02055	0.07846	0.05769	0.06486	0.00219	0.00992	0.00180	0.00114	0.00091	0.00029	0.01013	0.01303	0.00068	0.02082

[dist]
# distance from previous block
# <min> <max>
1	35

[block]
# block no. 2 follows, 288 sequences, length 10
# corresponding to MSA columns:
# 899-908
name=unknown_C
#
# <colnr> <probs for GDERKNQSTAVLIFYWHMCP>
#	G	D	E	R	K	N	Q	S	T	A	V	L	I	F	Y	W	H	M	C	P
0	0.00188	0.00162	0.00223	0.00194	0.00230	0.00169	0.07757	0.00226	0.00251	0.03453	0.16797	0.06266	0.40441	0.00237	0.00182	0.00040	0.20202	0.00191	0.00093	0.02695
1	0.06462	0.00165	0.00199	0.03481	0.04203	0.01095	0.01113	0.08862	0.04032	0.04440	0.18260	0.11244	0.22003	0.00233	0.00129	0.00040	0.00085	0.13728	0.00104	0.00122
2	0.01127	0.26312	0.16394	0.01048	0.04703	0.05143	0.06066	0.04252	0.05858	0.22098	0.02189	0.00301	0.00968	0.00122	0.00105	0.00032	0.01208	0.00842	0.00080	0.01152
3	0.00398	0.00358	0.15026	0.00268	0.00369	0.02700	0.00244	0.72136	0.02765	0.04204	0.00270	0.00273	0.00191	0.00132	0.00112	0.00034	0.00131	0.00100	0.00103	0.00187
4	0.00254	0.00243	0.00325	0.00280	0.00291	0.00327	0.00231	0.03010	0.11898	0.00318	0.02594	0.00289	0.00201	0.00190	0.00320	0.00047	0.76617	0.00106	0.02326	0.00132
5	0.01229	0.00204	0.00245	0.03327	0.12591	0.10479	0.01892	0.00269	0.03702	0.02168	0.04194	0.33763	0.05876	0.01381	0.00161	0.00042	0.09936	0.08335	0.00086	0.00120
6	0.02586	0.00246	0.00312	0.00267	0.00285	0.10399	0.07265	0.00277	0.00196	0.02076	0.00193	0.00312	0.00186	0.09026	0.03222	0.12239	0.50639	0.00105	0.00055	0.00113
7	0.00237	0.00179	0.00196	0.00180	0.00227	0.00194	0.00138	0.00421	0.47315	0.02627	0.24997	0.00557	0.04150	0.00175	0.00114	0.00035	0.00072	0.00148	0.17894	0.00144
8	0.00214	0.00201	0.00340	0.95747	0.00780	0.00252	0.00315	0.00289	0.00227	0.00289	0.00201	0.00302	0.00151	0.00113	0.00113	0.00038	0.00151	0.00101	0.00050	0.00126
9	0.01840	0.02192	0.27898	0.04815	0.10419	0.10034	0.09978	0.10127	0.13848	0.03104	0.00263	0.01490	0.00202	0.00123	0.00115	0.00036	0.01467	0.00942	0.00942	0.00163

[dist]
# distance from previous block
# <min> <max>
0	2

[block]
# block no. 3 follows, 288 sequences, length 13
# corresponding to MSA columns:
# 911-920,945-947
name=unknown_D
#
# <colnr> <probs for GDERKNQSTAVLIFYWHMCP>
#	G	D	E	R	K	N	Q	S	T	A	V	L	I	F	Y	W	H	M	C	P
0	0.02677	0.03575	0.02856	0.04430	0.15994	0.18020	0.07147	0.09671	0.01574	0.03335	0.00207	0.01217	0.00172	0.00140	0.00184	0.00038	0.27668	0.00098	0.00849	0.00148
1	0.10453	0.00175	0.00208	0.00172	0.00237	0.00169	0.00139	0.05140	0.03279	0.46258	0.06930	0.00413	0.00323	0.00143	0.00103	0.00033	0.00083	0.01333	0.24253	0.00156
2	0.22368	0.00277	0.00286	0.00226	0.00309	0.00306	0.00186	0.63002	0.00430	0.06634	0.02434	0.02561	0.00216	0.00137	0.00105	0.00035	0.00111	0.00101	0.00105	0.00172
3	0.00147	0.00107	0.00132	0.00147	0.00165	0.00096	0.00103	0.00173	0.00241	0.02002	0.09943	0.58338	0.25544	0.00320	0.00140	0.00043	0.00064	0.02091	0.00108	0.00096
4	0.00165	0.00110	0.00124	0.00124	0.00124	0.00110	0.00069	0.00165	0.00165	0.00220	0.00357	0.00741	0.00412	0.96019	0.00577	0.00110	0.00110	0.00165	0.00069	0.00069
5	0.00303	0.96087	0.00594	0.00194	0.00291	0.00448	0.00194	0.00339	0.00230	0.00267	0.00157	0.00182	0.00145	0.00097	0.00073	0.00024	0.00121	0.00061	0.00048	0.00145
6	0.00160	0.00116	0.00151	0.00143	0.00169	0.00107	0.00107	0.00214	0.00321	0.00454	0.95252	0.00846	0.01069	0.00232	0.00134	0.00036	0.00053	0.00205	0.00125	0.00107
7	0.16401	0.00291	0.00305	0.00238	0.00325	0.00321	0.00196	0.72005	0.00460	0.07963	0.00267	0.00266	0.00188	0.00131	0.00106	0.00034	0.00116	0.00096	0.00108	0.00181
8	0.00248	0.00248	0.00347	0.00297	0.00297	0.00347	0.00248	0.00273	0.00173	0.00273	0.00149	0.00248	0.00149	0.00198	0.00372	0.00050	0.95811	0.00099	0.00050	0.00124
9	0.00183	0.00130	0.00183	0.00209	0.00235	0.00130	0.00183	0.00235	0.00261	0.00339	0.00600	0.01278	0.00652	0.00313	0.00156	0.00052	0.00104	0.94550	0.00104	0.00104
10	0.08668	0.00123	0.00149	0.00151	0.00177	0.00121	0.01829	0.00225	0.01280	0.01489	0.22424	0.37661	0.01701	0.00244	0.00121	0.00038	0.00066	0.02190	0.19846	0.01498
11	0.16108	0.00288	0.00561	0.00407	0.00512	0.00278	0.73176	0.02922	0.00263	0.02153	0.00222	0.00285	0.00166	0.00099	0.00121	0.00037	0.00168	0.00119	0.00063	0.02051
12	0.00264	0.00214	0.00252	0.02506	0.00280	0.00926	0.01264	0.13159	0.29679	0.01584	0.04602	0.21764	0.03545	0.02905	0.01622	0.00796	0.12460	0.00840	0.01192	0.00147

[dist]
# distance from previous block
# <min> <max>
0	7

[block]
# block no. 4 follows, 288 sequences, length 20
# corresponding to MSA columns:
# 955-974
name=unknown_E
#
# <colnr> <probs for GDERKNQSTAVLIFYWHMCP>
#	G	D	E	R	K	N	Q	S	T	A	V	L	I	F	Y	W	H	M	C	P
0	0.00259	0.00242	0.02002	0.22554	0.21746	0.05455	0.00734	0.09252	0.11045	0.00383	0.06729	0.02121	0.05128	0.01780	0.01702	0.00040	0.04282	0.02535	0.01867	0.00146
1	0.00153	0.00109	0.00131	0.00135	0.00150	0.00103	0.00091	0.00171	0.00221	0.00291	0.15324	0.21017	0.21579	0.31385	0.02810	0.04811	0.00085	0.01255	0.00092	0.00086
2	0.02810	0.02538	0.02919	0.17561	0.09154	0.01624	0.00823	0.15312	0.16351	0.01941	0.04748	0.02122	0.00837	0.03675	0.04350	0.00636	0.11747	0.00626	0.00080	0.00148
3	0.90464	0.00230	0.00192	0.00167	0.00238	0.02288	0.04345	0.00337	0.00199	0.00497	0.00161	0.00190	0.00125	0.00105	0.00074	0.00035	0.00095	0.00065	0.00069	0.00124
4	0.01316	0.01161	0.00326	0.08047	0.29140	0.01612	0.01918	0.02845	0.01244	0.06537	0.01106	0.00275	0.00189	0.00101	0.00102	0.00027	0.00897	0.00088	0.01662	0.41404
5	0.26888	0.42687	0.00405	0.00233	0.08167	0.01378	0.01141	0.04794	0.06279	0.03945	0.00208	0.02111	0.00174	0.00113	0.00087	0.00031	0.01065	0.00079	0.00067	0.00147
6	0.01380	0.00200	0.00296	0.30434	0.01001	0.00206	0.04428	0.04547	0.02077	0.44322	0.02885	0.00368	0.01097	0.00133	0.00115	0.00036	0.00791	0.00113	0.05410	0.00160
7	0.04264	0.00880	0.03964	0.00586	0.01813	0.00935	0.02745	0.06675	0.10900	0.13225	0.27473	0.08338	0.13754	0.00783	0.00127	0.00037	0.00570	0.00891	0.00109	0.01932
8	0.02829	0.04674	0.09936	0.05225	0.24919	0.01745	0.04681	0.03926	0.01040	0.25128	0.00279	0.02425	0.00210	0.00128	0.00742	0.00035	0.04386	0.00103	0.00081	0.07508
9	0.00170	0.00111	0.00129	0.00130	0.00134	0.00110	0.00077	0.00174	0.00176	0.02204	0.01349	0.09749	0.00445	0.80324	0.01971	0.00857	0.00107	0.00947	0.00763	0.00075
10	0.00148	0.00107	0.00141	0.00163	0.00177	0.00101	0.00118	0.00176	0.00230	0.00303	0.03317	0.62428	0.09050	0.03010	0.01276	0.00050	0.00076	0.18930	0.00104	0.00095
11	0.00245	0.00509	0.73375	0.00321	0.00465	0.00265	0.06878	0.05723	0.00257	0.02328	0.00228	0.02197	0.00174	0.00122	0.00123	0.00037	0.04421	0.02112	0.00057	0.00164
12	0.02909	0.00260	0.00330	0.16520	0.14234	0.01526	0.01302	0.41930	0.04408	0.00497	0.00262	0.03331	0.00210	0.00168	0.02488	0.05312	0.03125	0.00944	0.00085	0.00159
13	0.00147	0.00110	0.00137	0.00151	0.00170	0.00102	0.00107	0.00183	0.02643	0.00322	0.13271	0.52006	0.22680	0.01200	0.00145	0.00044	0.00066	0.06312	0.00108	0.00098
14	0.00222	0.00180	0.00201	0.00186	0.00232	0.00195	0.00142	0.02688	0.45743	0.00446	0.31644	0.08158	0.07449	0.00204	0.00124	0.00038	0.00074	0.00176	0.01758	0.00142
15	0.00201	0.00163	0.00195	0.00156	0.00223	0.00133	0.00122	0.00258	0.02387	0.00402	0.37508	0.01641	0.04234	0.00155	0.00107	0.00026	0.00071	0.00133	0.01133	0.50752
16	0.19652	0.00227	0.00250	0.00203	0.00278	0.00237	0.00165	0.27358	0.06805	0.32396	0.02321	0.05171	0.01523	0.01160	0.00112	0.00036	0.00099	0.00115	0.01725	0.00167
17	0.04954	0.50831	0.03199	0.00218	0.00313	0.02825	0.00202	0.29057	0.00328	0.05599	0.00210	0.00223	0.00166	0.00112	0.00089	0.00029	0.00122	0.00077	0.00075	0.01370
18	0.00167	0.00121	0.00146	0.00147	0.00177	0.00111	0.00108	0.00210	0.03759	0.04054	0.21675	0.28352	0.29951	0.01204	0.04391	0.00914	0.00075	0.01478	0.00107	0.02853
19	0.05973	0.02160	0.10160	0.06357	0.06629	0.01747	0.09813	0.11531	0.04349	0.35335	0.01819	0.00869	0.00232	0.00133	0.00664	0.00036	0.01817	0.00108	0.00097	0.00171

[dist]
# distance from previous block
# <min> <max>
3	12

[block]
# block no. 5 follows, 288 sequences, length 10
# corresponding to MSA columns:
# 997-1006
name=unknown_F
#
# <colnr> <probs for GDERKNQSTAVLIFYWHMCP>
#	G	D	E	R	K	N	Q	S	T	A	V	L	I	F	Y	W	H	M	C	P
0	0.31835	0.03681	0.02120	0.01256	0.00272	0.24454	0.00175	0.01970	0.02477	0.01575	0.00213	0.01183	0.00193	0.09005	0.03836	0.00048	0.13312	0.02204	0.00066	0.00124
1	0.03482	0.01083	0.04992	0.06928	0.05675	0.01974	0.23186	0.09729	0.25060	0.02863	0.01385	0.02530	0.00245	0.01124	0.00145	0.00039	0.08405	0.00914	0.00081	0.00158
2	0.41030	0.00259	0.00249	0.00203	0.00281	0.02594	0.00167	0.38830	0.00350	0.10304	0.00248	0.00268	0.00182	0.00126	0.00095	0.00035	0.00106	0.01893	0.02620	0.00158
3	0.04599	0.00238	0.00277	0.03174	0.03145	0.01556	0.04949	0.07046	0.57628	0.06104	0.03409	0.01620	0.01144	0.00151	0.00114	0.00037	0.00099	0.01218	0.03324	0.00167
4	0.00139	0.00100	0.00134	0.00159	0.00166	0.00095	0.00107	0.00160	0.00215	0.00288	0.00607	0.90655	0.00723	0.00382	0.05430	0.00054	0.00079	0.00311	0.00103	0.00093
5	0.00410	0.00301	0.00324	0.00254	0.00340	0.00334	0.00208	0.76937	0.15130	0.04118	0.00308	0.00299	0.00219	0.00139	0.00114	0.00035	0.00118	0.00106	0.00115	0.00191
6	0.00199	0.00130	0.00160	0.00157	0.00187	0.00126	0.00117	0.00270	0.10157	0.07520	0.39174	0.24861	0.02815	0.00240	0.00127	0.00038	0.00065	0.02444	0.11098	0.00117
7	0.00150	0.00106	0.00130	0.00143	0.00152	0.00102	0.00094	0.00166	0.00205	0.00270	0.02329	0.43772	0.11000	0.34741	0.02746	0.00072	0.00088	0.03559	0.00091	0.00085
8	0.00209	0.00170	0.00194	0.00193	0.00231	0.00183	0.00144	0.00371	0.43927	0.00384	0.03426	0.39624	0.02324	0.00249	0.00130	0.00042	0.00079	0.06022	0.00110	0.01986
9	0.00360	0.01591	0.01419	0.00278	0.01919	0.62882	0.01370	0.02407	0.05196	0.00294	0.00215	0.04985	0.00193	0.00160	0.00156	0.08119	0.08171	0.00094	0.00063	0.00127

[dist]
# distance from previous block
# <min> <max>
1	4

[block]
# block no. 6 follows, 288 sequences, length 13
# corresponding to MSA columns:
# 1011-1023
name=unknown_G
#
# <colnr> <probs for GDERKNQSTAVLIFYWHMCP>
#	G	D	E	R	K	N	Q	S	T	A	V	L	I	F	Y	W	H	M	C	P
0	0.01313	0.04263	0.03901	0.07001	0.32950	0.16935	0.07192	0.02422	0.13279	0.06857	0.00253	0.00290	0.00197	0.00117	0.00117	0.00034	0.02545	0.00100	0.00071	0.00163
1	0.92931	0.00218	0.00170	0.00151	0.00222	0.00251	0.00124	0.00342	0.00198	0.04339	0.00169	0.00192	0.00129	0.00107	0.00072	0.00035	0.00088	0.00063	0.00073	0.00126
2	0.90115	0.00216	0.00169	0.00151	0.00220	0.00249	0.00124	0.00342	0.02157	0.02837	0.00176	0.00200	0.00135	0.00108	0.00072	0.00035	0.00087	0.00065	0.02416	0.00125
3	0.00166	0.00123	0.00131	0.00125	0.00167	0.00105	0.00095	0.00203	0.02227	0.07243	0.06709	0.01011	0.80755	0.00270	0.00132	0.00038	0.00061	0.00226	0.00109	0.00105
4	0.00159	0.00140	0.01830	0.01095	0.05493	0.01728	0.01007	0.00198	0.00266	0.00340	0.19908	0.13582	0.48640	0.00265	0.00133	0.00039	0.00070	0.03988	0.01013	0.00105
5	0.00303	0.96087	0.00594	0.00194	0.00291	0.00448	0.00194	0.00339	0.00230	0.00267	0.00157	0.00182	0.00145	0.00097	0.00073	0.00024	0.00121	0.00061	0.00048	0.00145
6	0.00303	0.96087	0.00594	0.00194	0.00291	0.00448	0.00194	0.00339	0.00230	0.00267	0.00157	0.00182	0.00145	0.00097	0.00073	0.00024	0.00121	0.00061	0.00048	0.00145
7	0.00227	0.00174	0.00195	0.00189	0.00228	0.00189	0.00142	0.08416	0.36236	0.00414	0.02548	0.37070	0.00505	0.00233	0.00124	0.00040	0.00079	0.02466	0.10391	0.00136
8	0.00148	0.00116	0.00134	0.00133	0.00166	0.00102	0.00102	0.00187	0.00280	0.00362	0.35217	0.03125	0.51227	0.00270	0.00136	0.00039	0.00060	0.07983	0.00112	0.00100
9	0.00154	0.00118	0.00134	0.00130	0.00164	0.00105	0.00098	0.00197	0.02101	0.01776	0.34985	0.02893	0.52569	0.01749	0.00140	0.00039	0.00059	0.01290	0.01198	0.00102
10	0.00312	0.00281	0.00275	0.00240	0.00306	0.11870	0.02180	0.10201	0.65810	0.01782	0.01785	0.00393	0.01550	0.00148	0.00114	0.00036	0.00108	0.00121	0.02318	0.00171
11	0.00302	0.00315	0.01216	0.17325	0.43651	0.21550	0.02494	0.02085	0.01584	0.02166	0.02266	0.00293	0.00194	0.00117	0.00119	0.00034	0.03017	0.01056	0.00061	0.00155
12	0.00902	0.00185	0.00241	0.02276	0.01478	0.01515	0.07069	0.01199	0.27544	0.01995	0.12510	0.16284	0.07557	0.01580	0.03871	0.04788	0.06682	0.01093	0.01100	0.00129

[dist]
# distance from previous block
# <min> <max>
1	30

[block]
# block no. 7 follows, 288 sequences, length 26
# corresponding to MSA columns:
# 1054-1079
name=unknown_H
#
# <colnr> <probs for GDERKNQSTAVLIFYWHMCP>
#	G	D	E	R	K	N	Q	S	T	A	V	L	I	F	Y	W	H	M	C	P
0	0.19706	0.37316	0.17948	0.00230	0.01188	0.06740	0.01996	0.02587	0.03351	0.00943	0.00185	0.00214	0.00151	0.00108	0.00096	0.00031	0.03525	0.00073	0.00472	0.03142
1	0.00694	0.02612	0.07900	0.03246	0.02770	0.00960	0.01869	0.09336	0.05532	0.09457	0.01687	0.05568	0.00261	0.04187	0.17607	0.01191	0.23753	0.00121	0.01112	0.00137
2	0.00154	0.00110	0.00136	0.00145	0.00157	0.00107	0.00097	0.00175	0.00949	0.00914	0.05688	0.35953	0.15149	0.28041	0.08025	0.02145	0.00851	0.01025	0.00091	0.00088
3	0.03358	0.00146	0.00193	0.00187	0.00211	0.02920	0.00145	0.02401	0.00196	0.01914	0.00294	0.00433	0.00274	0.05674	0.77848	0.00159	0.03360	0.00119	0.00064	0.00105
4	0.00160	0.00119	0.00158	0.00156	0.00182	0.00111	0.01729	0.00208	0.01428	0.00393	0.54464	0.15829	0.10514	0.02543	0.00148	0.00041	0.00066	0.11531	0.00115	0.00104
5	0.00160	0.00116	0.00151	0.00143	0.00169	0.00107	0.00107	0.00214	0.00321	0.00454	0.95252	0.00846	0.01069	0.00232	0.00134	0.00036	0.00053	0.00205	0.00125	0.00107
6	0.00293	0.00228	0.00248	0.00212	0.00274	0.00249	0.00168	0.31034	0.34799	0.01628	0.17791	0.02526	0.08977	0.00179	0.00121	0.00037	0.00091	0.00869	0.00115	0.00161
7	0.00423	0.00540	0.00321	0.00292	0.00350	0.95564	0.00219	0.00452	0.00321	0.00277	0.00175	0.00204	0.00146	0.00117	0.00102	0.00029	0.00204	0.00073	0.00058	0.00131
8	0.07566	0.00197	0.00257	0.00199	0.00285	0.00176	0.00164	0.02208	0.00318	0.86759	0.00423	0.00369	0.00267	0.00138	0.00111	0.00035	0.00096	0.00110	0.00135	0.00188
9	0.72499	0.00216	0.00191	0.00163	0.00237	0.00239	0.00134	0.04476	0.00233	0.18629	0.00222	0.00231	0.00159	0.00114	0.00081	0.00035	0.00090	0.00074	0.01839	0.00139
10	0.00233	0.00164	0.00166	0.14674	0.00256	0.08664	0.00131	0.00297	0.03607	0.00391	0.00330	0.00385	0.00258	0.00129	0.00088	0.00029	0.00083	0.00103	0.69901	0.00114
11	0.01556	0.00816	0.00321	0.45460	0.11134	0.00224	0.01978	0.02957	0.00935	0.24142	0.01327	0.00361	0.02454	0.00148	0.02295	0.01554	0.00132	0.01373	0.00685	0.00148
12	0.00282	0.52350	0.28434	0.00242	0.01326	0.00357	0.01118	0.01346	0.01576	0.04334	0.01541	0.01180	0.00179	0.01989	0.00108	0.00032	0.03319	0.00080	0.00056	0.00152
13	0.00950	0.00287	0.06982	0.05861	0.69804	0.03177	0.01285	0.01093	0.02755	0.01852	0.02340	0.00314	0.02570	0.00112	0.00113	0.00034	0.00135	0.00106	0.00061	0.00170
14	0.02182	0.84983	0.00544	0.00189	0.00280	0.01867	0.00185	0.00329	0.00236	0.00281	0.04398	0.00245	0.03682	0.00110	0.00078	0.00026	0.00116	0.00074	0.00054	0.00141
15	0.01145	0.02747	0.00195	0.02422	0.01392	0.01615	0.01361	0.07874	0.03553	0.01736	0.02977	0.49179	0.04819	0.05489	0.02418	0.01601	0.02387	0.06469	0.00511	0.00110
16	0.01762	0.03886	0.06550	0.01244	0.09213	0.02672	0.02437	0.03857	0.02765	0.56024	0.03517	0.01300	0.00273	0.00536	0.00115	0.00035	0.00707	0.00111	0.00111	0.02884
17	0.00212	0.00189	0.00249	0.01249	0.00240	0.03686	0.00179	0.00230	0.00184	0.00262	0.00921	0.10467	0.01848	0.06921	0.17184	0.12065	0.43619	0.00133	0.00060	0.00103
18	0.00158	0.00117	0.00148	0.00167	0.01803	0.00111	0.00122	0.00187	0.00233	0.00300	0.01929	0.26556	0.22529	0.15784	0.01456	0.00058	0.00086	0.28064	0.00098	0.00095
19	0.02951	0.03270	0.10849	0.10595	0.14327	0.06903	0.18842	0.09427	0.08084	0.05563	0.00256	0.01563	0.00200	0.00135	0.01756	0.00039	0.03801	0.01208	0.00071	0.00158
20	0.05092	0.06988	0.17936	0.06207	0.10857	0.07878	0.05762	0.10772	0.05044	0.18121	0.00993	0.00287	0.00197	0.00120	0.00113	0.00034	0.02137	0.00097	0.00080	0.01284
21	0.00267	0.00288	0.11714	0.12639	0.19380	0.02580	0.14314	0.01556	0.01318	0.06431	0.02997	0.02070	0.00214	0.00155	0.02210	0.00874	0.19962	0.00820	0.00063	0.00148
22	0.00183	0.00140	0.04453	0.00178	0.00864	0.00118	0.01613	0.00223	0.01871	0.07741	0.05753	0.56523	0.08233	0.00297	0.00138	0.00043	0.00078	0.09603	0.01838	0.00109
23	0.02115	0.06782	0.20747	0.05215	0.18023	0.05058	0.04736	0.08121	0.02786	0.19959	0.01755	0.00298	0.00206	0.00773	0.00119	0.00035	0.02464	0.00099	0.00541	0.00167
24	0.01479	0.07909	0.32200	0.02612	0.15830	0.01679	0.06808	0.05458	0.01945	0.14290	0.03463	0.02017	0.01359	0.01763	0.00118	0.00036	0.00137	0.00106	0.00073	0.00721
25	0.01363	0.00133	0.01594	0.00598	0.02445	0.00612	0.00662	0.01282	0.00196	0.07204	0.02340	0.08473	0.00377	0.41683	0.05443	0.19414	0.00113	0.02994	0.02156	0.00919

[dist]
# distance from previous block
# <min> <max>
1	19

[block]
# block no. 8 follows, 288 sequences, length 7
# corresponding to MSA columns:
# 1101-1107
name=unknown_I
#
# <colnr> <probs for GDERKNQSTAVLIFYWHMCP>
#	G	D	E	R	K	N	Q	S	T	A	V	L	I	F	Y	W	H	M	C	P
0	0.04024	0.42860	0.09806	0.04892	0.06421	0.02823	0.08377	0.03782	0.01511	0.04878	0.02883	0.01427	0.00195	0.00110	0.00094	0.00030	0.00129	0.00087	0.00062	0.05610
1	0.00194	0.03921	0.00175	0.00147	0.00182	0.00126	0.00113	0.00242	0.00299	0.07883	0.65887	0.02871	0.07748	0.02653	0.02280	0.00040	0.00068	0.00189	0.03151	0.01832
2	0.03327	0.11933	0.12849	0.04779	0.10561	0.06010	0.05598	0.08640	0.09425	0.03622	0.04032	0.00349	0.02974	0.00155	0.01458	0.02479	0.08880	0.02705	0.00073	0.00150
3	0.00180	0.00137	0.01864	0.01729	0.00206	0.00140	0.02263	0.00192	0.00206	0.00278	0.06469	0.23538	0.07179	0.04936	0.01816	0.26950	0.11168	0.10581	0.00079	0.00089
4	0.04101	0.03324	0.47985	0.08162	0.02418	0.02199	0.04644	0.04295	0.04761	0.01656	0.02355	0.03091	0.02067	0.00140	0.01238	0.00039	0.07208	0.00104	0.00062	0.00153
5	0.01148	0.00160	0.02607	0.03209	0.04111	0.01825	0.03935	0.00237	0.03372	0.00374	0.38250	0.07759	0.18700	0.03961	0.03425	0.00045	0.01852	0.01402	0.01175	0.02453
6	0.02841	0.00165	0.03958	0.01923	0.01505	0.02168	0.02928	0.01716	0.01159	0.01693	0.03051	0.43073	0.17224	0.02165	0.01757	0.00046	0.08453	0.03975	0.00093	0.00108

[dist]
# distance from previous block
# <min> <max>
1	7

[block]
# block no. 9 follows, 288 sequences, length 7
# corresponding to MSA columns:
# 1117-1123
name=unknown_J
#
# <colnr> <probs for GDERKNQSTAVLIFYWHMCP>
#	G	D	E	R	K	N	Q	S	T	A	V	L	I	F	Y	W	H	M	C	P
0	0.01109	0.01370	0.08357	0.21062	0.02466	0.06361	0.03054	0.01150	0.01977	0.03252	0.01285	0.02257	0.00275	0.21621	0.02522	0.06621	0.08344	0.05600	0.01203	0.00115
1	0.27764	0.00215	0.02449	0.00200	0.00268	0.00222	0.01996	0.15181	0.00281	0.25077	0.00289	0.00317	0.00215	0.00284	0.20964	0.00067	0.01959	0.00098	0.02008	0.00148
2	0.00169	0.00146	0.00251	0.00229	0.00261	0.00137	0.20822	0.00208	0.00233	0.00313	0.04039	0.67943	0.00631	0.00292	0.00142	0.00044	0.00094	0.03845	0.00095	0.00106
3	0.00144	0.00111	0.00131	0.00137	0.00162	0.00100	0.00099	0.00176	0.00257	0.00333	0.22951	0.25593	0.40914	0.03258	0.02523	0.00046	0.00068	0.02790	0.00107	0.00097
4	0.00490	0.00269	0.00276	0.00221	0.00303	0.21012	0.00178	0.00530	0.00324	0.74608	0.00388	0.00346	0.00251	0.00135	0.00111	0.00034	0.00120	0.00105	0.00122	0.00179
5	0.00147	0.00104	0.00131	0.00146	0.00155	0.00098	0.00096	0.00167	0.00220	0.00295	0.12830	0.56542	0.05178	0.23060	0.00245	0.00059	0.00074	0.00266	0.00099	0.00089
6	0.00255	0.00262	0.00545	0.00396	0.00492	0.00247	0.74182	0.00341	0.00261	0.00376	0.00260	0.00331	0.00198	0.00103	0.00122	0.00036	0.00161	0.00128	0.21163	0.00142

[dist]
# distance from previous block
# <min> <max>
5	11

[block]
# block no. 10 follows, 288 sequences, length 6
# corresponding to MSA columns:
# 1143-1148
name=unknown_K
#
# <colnr> <probs for GDERKNQSTAVLIFYWHMCP>
#	G	D	E	R	K	N	Q	S	T	A	V	L	I	F	Y	W	H	M	C	P
0	0.02447	0.10010	0.23594	0.05843	0.07971	0.03080	0.10926	0.08518	0.04411	0.07327	0.01855	0.01816	0.02779	0.00122	0.00111	0.00033	0.01325	0.00103	0.00071	0.07656
1	0.00195	0.00137	0.00166	0.00155	0.00191	0.00134	0.00118	0.00266	0.10130	0.07452	0.42323	0.06050	0.22932	0.00258	0.03988	0.00043	0.02648	0.00196	0.02500	0.00118
2	0.00143	0.00103	0.00136	0.00158	0.00169	0.00096	0.00109	0.00168	0.00231	0.00309	0.09494	0.76734	0.05044	0.00338	0.00144	0.00045	0.00067	0.06311	0.00107	0.00094
3	0.04557	0.03748	0.06085	0.03355	0.08564	0.01729	0.47006	0.10487	0.02269	0.05798	0.00263	0.02189	0.01581	0.00126	0.01695	0.00039	0.00160	0.00121	0.00070	0.00157
4	0.04662	0.03661	0.11842	0.12417	0.14093	0.04033	0.06248	0.11767	0.03260	0.07514	0.02017	0.01760	0.00214	0.01150	0.01314	0.00037	0.03245	0.01466	0.00074	0.09228
5	0.14483	0.00159	0.02414	0.01512	0.00214	0.00163	0.00139	0.02323	0.01530	0.04837	0.08465	0.36333	0.04842	0.04356	0.02598	0.00048	0.09034	0.04185	0.02254	0.00111

[dist]
# distance from previous block
# <min> <max>
3	16

[block]
# block no. 11 follows, 288 sequences, length 13
# corresponding to MSA columns:
# 1166-1177,1183
name=unknown_L
#
# <colnr> <probs for GDERKNQSTAVLIFYWHMCP>
#	G	D	E	R	K	N	Q	S	T	A	V	L	I	F	Y	W	H	M	C	P
0	0.02684	0.04803	0.03590	0.08836	0.16010	0.05413	0.02819	0.34142	0.06859	0.06014	0.02936	0.00299	0.00218	0.00125	0.00111	0.00034	0.00870	0.00102	0.00738	0.03397
1	0.03003	0.09362	0.04145	0.01714	0.36974	0.04295	0.07533	0.10754	0.08128	0.05078	0.01076	0.01265	0.00210	0.00127	0.01171	0.00036	0.01892	0.01107	0.00073	0.02058
2	0.00152	0.00111	0.00150	0.00171	0.01424	0.00105	0.01460	0.00177	0.00226	0.00299	0.04219	0.60475	0.06763	0.07917	0.00184	0.01583	0.00077	0.14312	0.00101	0.00094
3	0.02986	0.01602	0.02610	0.00214	0.02398	0.03744	0.01704	0.04057	0.16864	0.04590	0.00947	0.03204	0.00278	0.06630	0.27448	0.00080	0.02968	0.00834	0.00079	0.16764
4	0.00165	0.00110	0.00124	0.00124	0.00124	0.00110	0.00069	0.00165	0.00165	0.00220	0.00357	0.00741	0.00412	0.96019	0.00577	0.00110	0.00110	0.00165	0.00069	0.00069
5	0.39928	0.00182	0.00190	0.00188	0.00238	0.00198	0.00160	0.07194	0.00254	0.03128	0.00390	0.00730	0.00390	0.00210	0.00117	0.00043	0.00099	0.46148	0.00092	0.00121
6	0.04956	0.08049	0.04788	0.05651	0.05593	0.09359	0.13802	0.10683	0.23525	0.01852	0.00285	0.00332	0.00226	0.00965	0.00130	0.01585	0.04016	0.02689	0.01360	0.00155
7	0.10816	0.00240	0.00260	0.00211	0.00278	0.02269	0.02549	0.40149	0.06418	0.10501	0.02849	0.00384	0.01333	0.13070	0.01324	0.00046	0.00111	0.00114	0.06923	0.00155
8	0.01549	0.01245	0.00293	0.18262	0.10042	0.00216	0.03585	0.02477	0.12992	0.24843	0.06902	0.02943	0.03672	0.03580	0.00143	0.00040	0.03693	0.01895	0.01477	0.00152
9	0.01029	0.02203	0.07875	0.00822	0.03650	0.04621	0.03573	0.03398	0.04798	0.01519	0.09717	0.10182	0.03774	0.14404	0.09652	0.02292	0.05093	0.07916	0.00910	0.02572
10	0.06268	0.02720	0.00202	0.00182	0.00227	0.01221	0.00144	0.03318	0.11125	0.17716	0.09650	0.20209	0.07891	0.01911	0.00135	0.00042	0.00085	0.15785	0.01041	0.00131
11	0.00282	0.14580	0.06439	0.04732	0.09961	0.05426	0.05181	0.08497	0.18404	0.02145	0.03102	0.03441	0.02153	0.00143	0.00702	0.01062	0.02064	0.01433	0.02148	0.08107
12	0.00164	0.00123	0.00151	0.02694	0.00188	0.00116	0.00112	0.01222	0.01780	0.02279	0.36703	0.16236	0.29022	0.03627	0.01542	0.00043	0.01291	0.02494	0.00109	0.00104

[dist]
# distance from previous block
# <min> <max>
3	23

[block]
# block no. 12 follows, 288 sequences, length 17
# corresponding to MSA columns:
# 1209-1225
name=unknown_M
#
# <colnr> <probs for GDERKNQSTAVLIFYWHMCP>
#	G	D	E	R	K	N	Q	S	T	A	V	L	I	F	Y	W	H	M	C	P
0	0.23045	0.12410	0.07454	0.01927	0.06295	0.09651	0.01088	0.03707	0.02404	0.03029	0.00919	0.00850	0.00172	0.00117	0.00720	0.00031	0.04493	0.00691	0.00067	0.20930
1	0.00197	0.00113	0.00125	0.00124	0.00152	0.00109	0.00093	0.01937	0.00260	0.02041	0.18810	0.10105	0.07576	0.00187	0.00102	0.00032	0.00057	0.01180	0.56693	0.00107
2	0.00198	0.00174	0.00259	0.33967	0.01116	0.00211	0.00878	0.00946	0.00877	0.00285	0.01878	0.17083	0.03472	0.10589	0.04563	0.02249	0.19300	0.01778	0.00067	0.00110
3	0.00166	0.00116	0.00145	0.00141	0.00170	0.00105	0.00105	0.00209	0.00289	0.04381	0.52711	0.15783	0.22292	0.00259	0.00134	0.00038	0.00059	0.01453	0.01339	0.00106
4	0.00350	0.00249	0.00274	0.00231	0.00304	0.00275	0.00184	0.21431	0.56944	0.16179	0.02053	0.00391	0.00314	0.00149	0.00115	0.00037	0.00098	0.00121	0.00119	0.00183
5	0.00214	0.00201	0.00340	0.95747	0.00780	0.00252	0.00315	0.00289	0.00227	0.00289	0.00201	0.00302	0.00151	0.00113	0.00113	0.00038	0.00151	0.00101	0.00050	0.00126
6	0.25823	0.00170	0.00163	0.00149	0.00198	0.00185	0.00117	0.03600	0.15881	0.05130	0.01386	0.01449	0.00265	0.00133	0.00087	0.00032	0.00073	0.00101	0.44929	0.00129
7	0.96819	0.00219	0.00167	0.00149	0.00219	0.00254	0.00123	0.00333	0.00193	0.00508	0.00158	0.00184	0.00123	0.00105	0.00070	0.00035	0.00088	0.00061	0.00070	0.00123
8	0.00162	0.00121	0.00182	0.00182	0.00202	0.00142	0.00142	0.00202	0.00182	0.00263	0.00303	0.00445	0.00283	0.00850	0.95570	0.00182	0.00303	0.00121	0.00061	0.00101
9	0.00282	0.00243	0.00256	0.00231	0.00295	0.00282	0.00179	0.00602	0.95107	0.00474	0.00461	0.00423	0.00346	0.00154	0.00115	0.00038	0.00090	0.00128	0.00115	0.00179
10	0.96819	0.00219	0.00167	0.00149	0.00219	0.00254	0.00123	0.00333	0.00193	0.00508	0.00158	0.00184	0.00123	0.00105	0.00070	0.00035	0.00088	0.00061	0.00070	0.00123
11	0.00227	0.00586	0.95432	0.00323	0.00490	0.00263	0.00419	0.00359	0.00239	0.00359	0.00203	0.00239	0.00144	0.00108	0.00108	0.00036	0.00167	0.00084	0.00048	0.00167
12	0.00303	0.96087	0.00594	0.00194	0.00291	0.00448	0.00194	0.00339	0.00230	0.00267	0.00157	0.00182	0.00145	0.00097	0.00073	0.00024	0.00121	0.00061	0.00048	0.00145
13	0.96819	0.00219	0.00167	0.00149	0.00219	0.00254	0.00123	0.00333	0.00193	0.00508	0.00158	0.00184	0.00123	0.00105	0.00070	0.00035	0.00088	0.00061	0.00070	0.00123
14	0.00164	0.00112	0.00133	0.00131	0.00139	0.00110	0.00082	0.00180	0.00211	0.00288	0.26854	0.00784	0.00601	0.66978	0.00443	0.00088	0.00094	0.02445	0.00085	0.00080
15	0.00227	0.00586	0.95432	0.00323	0.00490	0.00263	0.00419	0.00359	0.00239	0.00359	0.00203	0.00239	0.00144	0.00108	0.00108	0.00036	0.00167	0.00084	0.00048	0.00167
16	0.00142	0.00114	0.00120	0.00122	0.00157	0.00097	0.00090	0.00170	0.00257	0.01931	0.04303	0.10900	0.80627	0.00290	0.00135	0.00039	0.00059	0.00244	0.00106	0.00097

[dist]
# distance from previous block
# <min> <max>
0	28

[block]
# block no. 13 follows, 288 sequences, length 6
# corresponding to MSA columns:
# 1254-1259
name=unknown_N
#
# <colnr> <probs for GDERKNQSTAVLIFYWHMCP>
#	G	D	E	R	K	N	Q	S	T	A	V	L	I	F	Y	W	H	M	C	P
0	0.05877	0.00293	0.00328	0.00253	0.00339	0.00320	0.04210	0.73016	0.03279	0.06503	0.00284	0.00299	0.00207	0.04108	0.00131	0.00038	0.00122	0.00105	0.00108	0.00181
1	0.00175	0.00122	0.00151	0.00146	0.00177	0.00112	0.00110	0.00225	0.02787	0.05407	0.49937	0.09460	0.22406	0.03046	0.00147	0.00040	0.00063	0.05264	0.00116	0.00108
2	0.02871	0.02454	0.03687	0.01722	0.04827	0.00193	0.01934	0.07742	0.02236	0.05145	0.01769	0.02335	0.04055	0.00114	0.00101	0.00025	0.01821	0.00092	0.00076	0.56802
3	0.05577	0.07384	0.02607	0.04218	0.04829	0.07345	0.02171	0.15168	0.02456	0.09518	0.03081	0.01277	0.03287	0.00148	0.02215	0.00034	0.04708	0.02036	0.01584	0.20356
4	0.03713	0.09079	0.15234	0.02697	0.08600	0.02389	0.02802	0.17528	0.11602	0.09522	0.01865	0.03128	0.00235	0.01752	0.01373	0.00037	0.01576	0.00105	0.00084	0.06681
5	0.10255	0.12852	0.09681	0.11368	0.07429	0.06764	0.04366	0.03688	0.02226	0.07485	0.03222	0.02844	0.00226	0.01707	0.01345	0.00039	0.10982	0.02104	0.00069	0.01347

[dist]
# distance from previous block
# <min> <max>
2	15

[block]
# block no. 14 follows, 288 sequences, length 6
# corresponding to MSA columns:
# 1275-1280
name=unknown_O
#
# <colnr> <probs for GDERKNQSTAVLIFYWHMCP>
#	G	D	E	R	K	N	Q	S	T	A	V	L	I	F	Y	W	H	M	C	P
0	0.00159	0.00109	0.00137	0.00145	0.00162	0.00100	0.00100	0.00183	0.00241	0.03113	0.22515	0.42841	0.13668	0.11340	0.00203	0.04465	0.00069	0.00249	0.00104	0.00094
1	0.00336	0.00189	0.00227	0.00194	0.00254	0.00191	0.00152	0.05562	0.27479	0.34577	0.09096	0.04087	0.03043	0.06611	0.00158	0.02823	0.00090	0.02104	0.02667	0.00158
2	0.00267	0.08085	0.40399	0.10396	0.11624	0.05128	0.06400	0.05139	0.02709	0.03200	0.00243	0.00295	0.01819	0.00132	0.02152	0.00038	0.00155	0.01601	0.00060	0.00159
3	0.06125	0.00220	0.03369	0.06527	0.14591	0.01506	0.02393	0.07161	0.06669	0.25230	0.01927	0.12465	0.02026	0.01542	0.01241	0.01346	0.02221	0.03191	0.00096	0.00154
4	0.00144	0.00106	0.00140	0.03426	0.00186	0.00101	0.00113	0.00167	0.00220	0.00289	0.00636	0.73880	0.08482	0.05935	0.00169	0.00049	0.00073	0.05689	0.00101	0.00093
5	0.00171	0.00129	0.02262	0.00168	0.00189	0.00119	0.00123	0.04196	0.03097	0.02754	0.05459	0.64717	0.05796	0.00335	0.04498	0.00050	0.00083	0.03388	0.02360	0.00105

[dist]
# distance from previous block
# <min> <max>
2	16

[block]
# block no. 15 follows, 288 sequences, length 29
# corresponding to MSA columns:
# 1297-1325
name=unknown_P
#
# <colnr> <probs for GDERKNQSTAVLIFYWHMCP>
#	G	D	E	R	K	N	Q	S	T	A	V	L	I	F	Y	W	H	M	C	P
0	0.02910	0.10420	0.27383	0.10776	0.15099	0.01801	0.02074	0.06532	0.02126	0.06007	0.01465	0.02639	0.01439	0.00121	0.00109	0.00034	0.01366	0.00671	0.00066	0.06962
1	0.00172	0.00122	0.00155	0.00148	0.00176	0.00115	0.00110	0.00233	0.04869	0.02513	0.71294	0.10542	0.05585	0.00238	0.00132	0.00037	0.00058	0.00209	0.02431	0.00862
2	0.00253	0.00718	0.05688	0.32625	0.27287	0.01300	0.12895	0.03453	0.00254	0.02733	0.01205	0.04619	0.00659	0.00134	0.00130	0.02849	0.01046	0.01943	0.00062	0.00146
3	0.01035	0.00127	0.02496	0.00167	0.00191	0.00110	0.00123	0.00193	0.00222	0.02058	0.00539	0.65281	0.00622	0.03228	0.00159	0.02989	0.00077	0.09932	0.00833	0.09618
4	0.01320	0.00196	0.00248	0.00199	0.00277	0.00184	0.00161	0.03740	0.14503	0.67039	0.02299	0.00436	0.05826	0.00152	0.00114	0.00035	0.00092	0.00124	0.02873	0.00180
5	0.94765	0.00219	0.00169	0.00150	0.00221	0.00252	0.00124	0.00338	0.00196	0.02532	0.00164	0.00188	0.00126	0.00106	0.00071	0.00035	0.00088	0.00062	0.00072	0.00124
6	0.00138	0.00099	0.00131	0.00158	0.00164	0.00092	0.00105	0.00158	0.00217	0.00289	0.00624	0.95945	0.00749	0.00355	0.00145	0.00046	0.00066	0.00322	0.00105	0.00092
7	0.76716	0.00214	0.00187	0.00160	0.00234	0.00236	0.00132	0.00379	0.00220	0.20313	0.00218	0.00226	0.00156	0.00112	0.00079	0.00035	0.00089	0.00072	0.00085	0.00137
8	0.00486	0.00194	0.00260	0.00200	0.00286	0.00169	0.00164	0.03081	0.00326	0.86453	0.02722	0.00389	0.00293	0.00140	0.00113	0.00034	0.00095	0.00114	0.01009	0.03472
9	0.00214	0.00201	0.00340	0.95747	0.00780	0.00252	0.00315	0.00289	0.00227	0.00289	0.00201	0.00302	0.00151	0.00113	0.00113	0.00038	0.00151	0.00101	0.00050	0.00126
10	0.00303	0.96087	0.00594	0.00194	0.00291	0.00448	0.00194	0.00339	0.00230	0.00267	0.00157	0.00182	0.00145	0.00097	0.00073	0.00024	0.00121	0.00061	0.00048	0.00145
11	0.00429	0.00305	0.00331	0.00255	0.00344	0.00335	0.00210	0.83984	0.05137	0.07066	0.00293	0.00287	0.00206	0.00137	0.00113	0.00034	0.00121	0.00104	0.00115	0.00192
12	0.00138	0.00099	0.00131	0.00158	0.00164	0.00092	0.00105	0.00158	0.00217	0.00289	0.00624	0.95945	0.00749	0.00355	0.00145	0.00046	0.00066	0.00322	0.00105	0.00092
13	0.00214	0.00201	0.00340	0.95747	0.00780	0.00252	0.00315	0.00289	0.00227	0.00289	0.00201	0.00302	0.00151	0.00113	0.00113	0.00038	0.00151	0.00101	0.00050	0.00126
14	0.00141	0.00102	0.00134	0.00159	0.00167	0.00096	0.00108	0.00166	0.01565	0.00293	0.00630	0.91086	0.02257	0.00350	0.00144	0.00046	0.00067	0.02292	0.00105	0.00094
15	0.00227	0.00586	0.95432	0.00323	0.00490	0.00263	0.00419	0.00359	0.00239	0.00359	0.00203	0.00239	0.00144	0.00108	0.00108	0.00036	0.00167	0.00084	0.00048	0.00167
16	0.00506	0.00196	0.00265	0.00203	0.00291	0.00171	0.00168	0.03033	0.00330	0.92902	0.00442	0.00383	0.00278	0.00140	0.00114	0.00035	0.00097	0.00114	0.00140	0.00193
17	0.94929	0.00219	0.00168	0.00150	0.00220	0.00252	0.00124	0.00337	0.00195	0.02370	0.00163	0.00188	0.00126	0.00106	0.00071	0.00035	0.00088	0.00062	0.00071	0.00124
18	0.00150	0.00107	0.00145	0.00172	0.00183	0.00102	0.00126	0.00179	0.00229	0.00303	0.00618	0.70200	0.00723	0.00343	0.00148	0.00048	0.00076	0.25947	0.00105	0.00095
19	0.00216	0.00115	0.00110	0.00110	0.00137	0.02216	0.00082	0.00268	0.00239	0.00419	0.00365	0.00418	0.00287	0.00132	0.00080	0.00026	0.00056	0.00105	0.94512	0.00106
20	0.00138	0.00099	0.00131	0.00158	0.00164	0.00092	0.00105	0.00158	0.00217	0.00289	0.00624	0.95945	0.00749	0.00355	0.00145	0.00046	0.00066	0.00322	0.00105	0.00092
21	0.00167	0.00128	0.00191	0.00188	0.00208	0.00153	0.00147	0.00206	0.00182	0.00264	0.00295	0.00434	0.00276	0.00814	0.90352	0.00175	0.05538	0.00120	0.00060	0.00102
22	0.96819	0.00219	0.00167	0.00149	0.00219	0.00254	0.00123	0.00333	0.00193	0.00508	0.00158	0.00184	0.00123	0.00105	0.00070	0.00035	0.00088	0.00061	0.00070	0.00123
23	0.00352	0.00410	0.00343	0.00301	0.01119	0.51460	0.03216	0.04954	0.01210	0.00302	0.00175	0.00229	0.00152	0.00147	0.00202	0.00037	0.35112	0.00087	0.00058	0.00133
24	0.00297	0.89237	0.07396	0.00203	0.00305	0.00435	0.00210	0.00341	0.00231	0.00273	0.00161	0.00186	0.00145	0.00098	0.00075	0.00025	0.00124	0.00062	0.00048	0.00147
25	0.00143	0.00111	0.00131	0.00145	0.00170	0.00100	0.00108	0.00172	0.00244	0.00305	0.00871	0.35798	0.45999	0.00316	0.00141	0.00043	0.00068	0.14935	0.00105	0.00096
26	0.01458	0.63553	0.09364	0.00222	0.00316	0.12301	0.00216	0.02403	0.06729	0.00302	0.00187	0.00211	0.00160	0.00109	0.00090	0.01002	0.01101	0.00071	0.00056	0.00148
27	0.00254	0.18047	0.60796	0.00308	0.01035	0.00295	0.10091	0.01403	0.01434	0.02466	0.00216	0.00249	0.01018	0.00107	0.00104	0.00034	0.00156	0.00087	0.00053	0.01846
28	0.01842	0.16799	0.10305	0.02354	0.02189	0.03552	0.00653	0.10674	0.30707	0.03702	0.00724	0.00317	0.00895	0.00538	0.00144	0.00037	0.13511	0.00815	0.00082	0.00161

[dist]
# distance from previous block
# <min> <max>
0	5

[block]
# block no. 16 follows, 288 sequences, length 12
# corresponding to MSA columns:
# 1334-1345
name=unknown_Q
#
# <colnr> <probs for GDERKNQSTAVLIFYWHMCP>
#	G	D	E	R	K	N	Q	S	T	A	V	L	I	F	Y	W	H	M	C	P
0	0.00245	0.00211	0.00234	0.01207	0.01243	0.00235	0.01647	0.01518	0.64030	0.00435	0.07756	0.02392	0.16305	0.00185	0.00125	0.00038	0.01773	0.00155	0.00111	0.00156
1	0.06071	0.00263	0.00266	0.00232	0.00300	0.03428	0.00182	0.17868	0.67207	0.00510	0.00402	0.02161	0.00305	0.00150	0.00112	0.00037	0.00099	0.00121	0.00110	0.00175
2	0.00223	0.00189	0.00221	0.00164	0.00254	0.00144	0.00130	0.00271	0.00239	0.00367	0.05018	0.05351	0.03412	0.00112	0.00091	0.00020	0.00081	0.00093	0.00073	0.83548
3	0.05706	0.00138	0.00163	0.00148	0.00189	0.00129	0.00114	0.02514	0.02280	0.05606	0.56074	0.02066	0.17712	0.00220	0.00126	0.00035	0.00063	0.01275	0.00115	0.05327
4	0.01809	0.02230	0.79973	0.00311	0.00463	0.00259	0.03326	0.02498	0.00251	0.03023	0.02690	0.00282	0.00184	0.00116	0.00109	0.00036	0.00159	0.02062	0.00056	0.00164
5	0.12053	0.00200	0.00254	0.00197	0.00283	0.00183	0.00163	0.03440	0.00315	0.81091	0.00407	0.00358	0.00259	0.00136	0.00109	0.00035	0.00096	0.00107	0.00131	0.00184
