[name]
unknown

[dist]
# distance from previous block
# <min> <max>
1	1222

[block]
# block no. 0 follows, 298 sequences, length 8
# corresponding to MSA columns:
# 1933-1940
name=unknown_A
#
# <colnr> <probs for GDERKNQSTAVLIFYWHMCP>
#	G	D	E	R	K	N	Q	S	T	A	V	L	I	F	Y	W	H	M	C	P
0	0.03016	0.08717	0.14238	0.04069	0.03522	0.07112	0.09764	0.06258	0.05126	0.10886	0.06138	0.04909	0.02694	0.02026	0.00132	0.00784	0.04961	0.01065	0.00834	0.03749
1	0.04015	0.08590	0.14809	0.01582	0.07331	0.03944	0.05510	0.14248	0.09147	0.07843	0.05663	0.04304	0.02986	0.00149	0.01636	0.00036	0.01035	0.01551	0.01295	0.04328
2	0.03285	0.18965	0.10984	0.03388	0.05722	0.05337	0.02318	0.08671	0.03543	0.17021	0.05965	0.05203	0.01374	0.03495	0.00123	0.00035	0.01501	0.01376	0.00082	0.01614
3	0.09781	0.07625	0.08221	0.04593	0.02494	0.03892	0.02524	0.17614	0.06012	0.13146	0.04045	0.04310	0.03014	0.01084	0.03101	0.00039	0.02543	0.02359	0.01902	0.01700
4	0.04928	0.06421	0.13595	0.02548	0.09358	0.04564	0.06101	0.15387	0.07505	0.08042	0.05578	0.03061	0.03886	0.01123	0.00117	0.00035	0.01647	0.02979	0.01171	0.01954
5	0.03800	0.64625	0.02168	0.02177	0.02666	0.02695	0.00195	0.10059	0.05557	0.03028	0.00192	0.00211	0.00161	0.00103	0.00081	0.00027	0.00117	0.00070	0.00061	0.02007
6	0.01204	0.01216	0.01953	0.04511	0.00297	0.03241	0.02460	0.13809	0.04331	0.06862	0.02685	0.02925	0.02483	0.01928	0.01500	0.00031	0.02101	0.05314	0.00081	0.41065
7	0.00168	0.00132	0.03659	0.01587	0.00165	0.00126	0.00102	0.02208	0.00182	0.00248	0.03772	0.04887	0.01993	0.62715	0.13337	0.02679	0.01735	0.00155	0.00069	0.00081

[dist]
# distance from previous block
# <min> <max>
62	160

[block]
# block no. 1 follows, 298 sequences, length 13
# corresponding to MSA columns:
# 2234-2244,2247,2248
name=unknown_B
#
# <colnr> <probs for GDERKNQSTAVLIFYWHMCP>
#	G	D	E	R	K	N	Q	S	T	A	V	L	I	F	Y	W	H	M	C	P
0	0.00148	0.00104	0.00132	0.00146	0.00159	0.00099	0.00100	0.00172	0.02051	0.01387	0.06345	0.58248	0.10426	0.12690	0.01876	0.03257	0.00074	0.02399	0.00096	0.00089
1	0.03955	0.00139	0.01372	0.01661	0.00194	0.00132	0.00115	0.02566	0.02798	0.18049	0.03545	0.25638	0.05306	0.25884	0.04010	0.01386	0.00094	0.00183	0.02863	0.00109
2	0.07107	0.03306	0.05385	0.06377	0.05125	0.02533	0.05375	0.24818	0.04968	0.10468	0.00272	0.03390	0.00213	0.00126	0.00106	0.00032	0.01380	0.01589	0.03662	0.13770
3	0.04263	0.01930	0.01084	0.01961	0.01442	0.00166	0.01905	0.07270	0.06735	0.09756	0.05902	0.23501	0.15839	0.01728	0.03991	0.02586	0.03626	0.01543	0.01322	0.03450
4	0.00158	0.00112	0.00140	0.00154	0.00175	0.00106	0.00116	0.00196	0.02196	0.01803	0.06940	0.36509	0.19362	0.03408	0.00149	0.00045	0.00072	0.22956	0.05307	0.00097
5	0.11879	0.01244	0.00786	0.03373	0.02355	0.18833	0.05119	0.12897	0.03810	0.07806	0.02288	0.05931	0.01017	0.17949	0.01376	0.00049	0.00802	0.00605	0.01752	0.00128
6	0.08734	0.04968	0.05013	0.02176	0.04114	0.11841	0.09844	0.27716	0.12640	0.05110	0.00263	0.00854	0.00202	0.00126	0.00112	0.00034	0.02552	0.01928	0.00668	0.01104
7	0.02712	0.00141	0.00205	0.00200	0.01864	0.02263	0.03708	0.00214	0.00184	0.00267	0.00280	0.00407	0.00259	0.00735	0.83786	0.00159	0.02341	0.00115	0.00059	0.00103
8	0.01022	0.00788	0.01941	0.27838	0.14802	0.02066	0.17753	0.01944	0.02487	0.11894	0.01530	0.03357	0.01657	0.00641	0.01170	0.00619	0.03753	0.01670	0.02098	0.00971
9	0.00303	0.88219	0.00554	0.00194	0.00286	0.04271	0.00190	0.04417	0.00239	0.00277	0.00158	0.00181	0.00143	0.00096	0.00073	0.00024	0.00121	0.00061	0.00050	0.00142
10	0.00152	0.00114	0.00142	0.00146	0.00167	0.00108	0.00106	0.00198	0.03960	0.00353	0.37392	0.31574	0.14629	0.03570	0.00151	0.00041	0.01510	0.04244	0.01343	0.00099
11	0.00173	0.02654	0.00171	0.00166	0.00185	0.03478	0.01287	0.02040	0.01007	0.01190	0.02659	0.38328	0.03230	0.14729	0.20215	0.01795	0.01121	0.04239	0.01240	0.00095
12	0.00182	0.03820	0.00193	0.00173	0.00189	0.01163	0.00130	0.00210	0.01459	0.02155	0.02460	0.12678	0.04641	0.24434	0.27870	0.00854	0.13607	0.02406	0.01279	0.00096

[dist]
# distance from previous block
# <min> <max>
5	23

[block]
# block no. 2 follows, 298 sequences, length 33
# corresponding to MSA columns:
# 2331-2333,2348-2360,2368-2371,2379-2383,2387-2394
name=unknown_C
#
# <colnr> <probs for GDERKNQSTAVLIFYWHMCP>
#	G	D	E	R	K	N	Q	S	T	A	V	L	I	F	Y	W	H	M	C	P
0	0.02336	0.09587	0.26197	0.03103	0.05140	0.03024	0.08257	0.12925	0.03330	0.09308	0.02595	0.01393	0.01561	0.00125	0.00937	0.00033	0.01389	0.00098	0.01962	0.06700
1	0.03424	0.10991	0.23804	0.02511	0.02814	0.03635	0.05786	0.13799	0.05753	0.07242	0.03107	0.04912	0.02234	0.00142	0.01453	0.00035	0.02267	0.00400	0.00434	0.05258
2	0.00170	0.00128	0.00724	0.01969	0.00702	0.00631	0.01151	0.00210	0.02746	0.04802	0.19371	0.23148	0.27997	0.04441	0.02926	0.01314	0.02717	0.04651	0.00100	0.00102
3	0.00204	0.00199	0.04529	0.62988	0.02045	0.00218	0.02364	0.00817	0.01654	0.01055	0.00286	0.06971	0.01713	0.00169	0.02718	0.00042	0.01571	0.09793	0.00542	0.00121
4	0.01150	0.21212	0.10096	0.10046	0.07369	0.05316	0.06418	0.09015	0.02036	0.03485	0.01272	0.07638	0.01925	0.01973	0.01151	0.00037	0.06653	0.02047	0.00067	0.01096
5	0.01325	0.01079	0.00191	0.00169	0.00216	0.00139	0.00663	0.02337	0.04873	0.31166	0.16045	0.20512	0.09422	0.01274	0.00865	0.00039	0.00079	0.06600	0.02874	0.00132
6	0.00194	0.00133	0.00175	0.00169	0.00199	0.00142	0.00130	0.02955	0.07995	0.06725	0.11411	0.10310	0.06882	0.02324	0.45266	0.00104	0.00177	0.01236	0.03360	0.00112
7	0.00997	0.00146	0.00168	0.00151	0.00195	0.00144	0.00117	0.06919	0.07886	0.20205	0.04674	0.10851	0.06724	0.00175	0.00460	0.00811	0.00071	0.00868	0.38309	0.00129
8	0.01747	0.00118	0.00155	0.00168	0.01432	0.00111	0.00119	0.01631	0.00755	0.11579	0.03263	0.62898	0.04447	0.01898	0.00141	0.00044	0.00073	0.08681	0.00636	0.00105
9	0.00236	0.00233	0.00332	0.01323	0.00292	0.00322	0.01793	0.00261	0.00170	0.00264	0.00151	0.00249	0.00149	0.00212	0.02981	0.02548	0.88221	0.00097	0.00048	0.00118
10	0.00314	0.00163	0.00202	0.00171	0.00227	0.00154	0.00136	0.07519	0.06536	0.37166	0.23091	0.03264	0.10211	0.00181	0.00116	0.00035	0.00077	0.02411	0.07882	0.00145
11	0.00150	0.00105	0.00136	0.00152	0.00167	0.00098	0.00108	0.00177	0.00231	0.02287	0.11026	0.62348	0.10345	0.00309	0.00139	0.00042	0.00996	0.08322	0.02766	0.00095
12	0.00398	0.05198	0.01581	0.00276	0.00342	0.71763	0.03273	0.09359	0.02220	0.04314	0.00196	0.00218	0.00156	0.00115	0.00100	0.00029	0.00179	0.00077	0.00065	0.00138
13	0.00238	0.00237	0.00331	0.00285	0.00285	0.00330	0.00237	0.00262	0.00169	0.00264	0.00152	0.01444	0.00153	0.00202	0.01625	0.00050	0.93469	0.00099	0.00049	0.00119
14	0.00170	0.00117	0.00143	0.00136	0.00167	0.00106	0.00102	0.00215	0.01977	0.05915	0.52181	0.07779	0.26801	0.00243	0.00134	0.01870	0.00058	0.00206	0.01577	0.00105
15	0.00174	0.00132	0.01697	0.00172	0.01878	0.00667	0.00924	0.01731	0.04349	0.03232	0.04664	0.43537	0.03324	0.19664	0.07245	0.00949	0.02520	0.02955	0.00090	0.00098
16	0.00260	0.00255	0.02104	0.20387	0.60787	0.01632	0.03695	0.02926	0.03666	0.00352	0.00227	0.00296	0.01273	0.00107	0.00112	0.00034	0.00872	0.00798	0.00058	0.00160
17	0.02411	0.00240	0.00267	0.00232	0.03319	0.04253	0.01328	0.16754	0.38348	0.24952	0.00971	0.00378	0.03170	0.00142	0.00109	0.00035	0.00099	0.00115	0.02705	0.00171
18	0.00802	0.00252	0.00323	0.65743	0.01996	0.16534	0.02882	0.01651	0.01037	0.01825	0.00212	0.03134	0.00170	0.00121	0.00113	0.00931	0.00821	0.00100	0.01228	0.00125
19	0.01813	0.31770	0.03237	0.10765	0.02396	0.05746	0.02789	0.14329	0.02972	0.16970	0.02122	0.01389	0.00206	0.00378	0.00104	0.00777	0.01391	0.00619	0.00077	0.00152
20	0.01118	0.01385	0.02025	0.43254	0.06376	0.03373	0.11876	0.02153	0.01742	0.02433	0.06292	0.10304	0.03483	0.00154	0.00958	0.00294	0.01169	0.00134	0.01349	0.00127
21	0.00157	0.00125	0.01298	0.00147	0.00180	0.00112	0.02721	0.00897	0.01820	0.00399	0.63482	0.04935	0.21052	0.00235	0.00130	0.00036	0.00060	0.01997	0.00113	0.00104
22	0.00178	0.00148	0.02812	0.03688	0.05483	0.00138	0.02707	0.00933	0.08003	0.03271	0.08206	0.44683	0.14903	0.01014	0.00135	0.00041	0.00843	0.02605	0.00097	0.00111
23	0.03509	0.00248	0.01377	0.16807	0.45265	0.01923	0.05220	0.07403	0.02579	0.10069	0.00559	0.02449	0.00197	0.00525	0.00115	0.00035	0.01387	0.00105	0.00069	0.00160
24	0.01873	0.03356	0.00322	0.01358	0.00326	0.62801	0.00217	0.01195	0.02158	0.00278	0.00169	0.00214	0.00146	0.00134	0.00166	0.00034	0.24992	0.00078	0.00056	0.00127
25	0.00382	0.12086	0.02880	0.00279	0.03015	0.69746	0.00216	0.05681	0.04179	0.00303	0.00186	0.00210	0.00153	0.00113	0.00097	0.00029	0.00176	0.00074	0.00060	0.00136
26	0.03325	0.02675	0.18468	0.01993	0.05927	0.02097	0.03709	0.09152	0.06643	0.33897	0.03794	0.03720	0.00765	0.00142	0.00720	0.00036	0.01161	0.01516	0.00096	0.00164
27	0.00976	0.00231	0.01844	0.25831	0.40719	0.00239	0.09044	0.01474	0.00987	0.04612	0.03519	0.02038	0.01137	0.02215	0.00504	0.00037	0.02215	0.02167	0.00062	0.00148
28	0.00163	0.00125	0.00167	0.07329	0.03038	0.00120	0.00999	0.00191	0.00960	0.01275	0.04724	0.61121	0.15531	0.00304	0.00568	0.00044	0.00449	0.02050	0.00737	0.00104
29	0.02487	0.01022	0.02574	0.18133	0.16689	0.02311	0.03596	0.10866	0.04292	0.29589	0.01104	0.01352	0.00220	0.01445	0.00630	0.00036	0.03299	0.00106	0.00088	0.00161
30	0.00603	0.06014	0.12501	0.10233	0.28328	0.02824	0.08057	0.03121	0.01515	0.11484	0.01783	0.02484	0.00665	0.00124	0.00134	0.00035	0.09770	0.00104	0.00066	0.00154
31	0.03328	0.05446	0.07371	0.09196	0.06926	0.04768	0.12726	0.06610	0.01673	0.24621	0.02976	0.05395	0.00532	0.01726	0.00865	0.00037	0.03949	0.00417	0.00464	0.00973
32	0.03097	0.04425	0.11377	0.03416	0.21719	0.02520	0.10610	0.09103	0.02919	0.13658	0.01471	0.03042	0.01637	0.00122	0.00113	0.00033	0.02221	0.00911	0.00076	0.07530

[dist]
# distance from previous block
# <min> <max>
2	91

[block]
# block no. 3 follows, 298 sequences, length 12
# corresponding to MSA columns:
# 2491-2502
name=unknown_D
#
# <colnr> <probs for GDERKNQSTAVLIFYWHMCP>
#	G	D	E	R	K	N	Q	S	T	A	V	L	I	F	Y	W	H	M	C	P
0	0.03425	0.26102	0.18461	0.04547	0.00846	0.04662	0.00958	0.04078	0.03895	0.05373	0.03387	0.07028	0.01483	0.01838	0.03187	0.00036	0.00676	0.00783	0.00068	0.09168
1	0.03606	0.24729	0.34450	0.04269	0.02251	0.00910	0.01417	0.05889	0.04050	0.06191	0.02090	0.03775	0.01228	0.00122	0.00100	0.00834	0.00127	0.00093	0.00804	0.03067
2	0.00773	0.01782	0.00178	0.00808	0.00867	0.00138	0.01287	0.01185	0.05749	0.01471	0.09030	0.15398	0.03533	0.17759	0.14904	0.01085	0.00886	0.05175	0.06698	0.11294
3	0.00214	0.00202	0.00345	0.67844	0.07906	0.00235	0.08437	0.01406	0.01523	0.00302	0.00238	0.07496	0.00203	0.00128	0.00114	0.00037	0.00139	0.01295	0.00056	0.01880
4	0.00290	0.90569	0.00561	0.00194	0.00282	0.00428	0.00191	0.00325	0.00220	0.00258	0.00152	0.00180	0.00141	0.00100	0.00087	0.00025	0.05750	0.00061	0.00047	0.00140
5	0.00255	0.00279	0.00578	0.10368	0.00562	0.00275	0.75514	0.03359	0.00258	0.00349	0.00225	0.02391	0.00176	0.00106	0.00138	0.00038	0.04802	0.00128	0.00057	0.00144
6	0.91491	0.00218	0.00171	0.00150	0.00219	0.00251	0.00124	0.05654	0.00205	0.00503	0.00159	0.00183	0.00123	0.00104	0.00070	0.00034	0.00087	0.00062	0.00070	0.00123
7	0.00152	0.00105	0.00125	0.00132	0.00136	0.00104	0.00081	0.00160	0.00176	0.00235	0.00431	0.25077	0.03291	0.61994	0.07250	0.00094	0.00107	0.00198	0.00076	0.00075
8	0.03384	0.00228	0.00238	0.00213	0.00270	0.02338	0.00166	0.03863	0.71710	0.01513	0.08449	0.00425	0.00371	0.01164	0.00122	0.00037	0.02660	0.00125	0.02563	0.00161
9	0.00220	0.00207	0.00348	0.82187	0.09358	0.00249	0.02884	0.02699	0.00231	0.00300	0.00199	0.00290	0.00150	0.00109	0.00110	0.00036	0.00145	0.00098	0.00051	0.00129
10	0.00248	0.00193	0.00227	0.00166	0.00258	0.00152	0.00133	0.00310	0.04928	0.07736	0.01955	0.00262	0.00198	0.00092	0.00086	0.00019	0.00081	0.00075	0.02059	0.80822
11	0.01692	0.00248	0.00404	0.14724	0.66300	0.00259	0.01780	0.06507	0.03255	0.00376	0.03253	0.00295	0.00202	0.00107	0.00109	0.00033	0.00128	0.00102	0.00061	0.00163

[dist]
# distance from previous block
# <min> <max>
4	23

[block]
# block no. 4 follows, 298 sequences, length 20
# corresponding to MSA columns:
# 2555-2574
name=unknown_E
#
# <colnr> <probs for GDERKNQSTAVLIFYWHMCP>
#	G	D	E	R	K	N	Q	S	T	A	V	L	I	F	Y	W	H	M	C	P
0	0.00170	0.00114	0.00146	0.00154	0.00174	0.00109	0.00109	0.01102	0.05151	0.05361	0.24995	0.56144	0.01418	0.01658	0.00138	0.00041	0.00064	0.00252	0.02597	0.00103
1	0.00237	0.00224	0.06148	0.00176	0.00276	0.01365	0.00150	0.02121	0.00236	0.01647	0.00199	0.00230	0.00163	0.00085	0.00084	0.00018	0.00089	0.00067	0.00066	0.86420
2	0.00196	0.00151	0.00173	0.00168	0.00193	0.00162	0.01080	0.01309	0.29614	0.00314	0.00431	0.12163	0.01976	0.41915	0.03802	0.00074	0.00102	0.05982	0.00088	0.00108
3	0.01827	0.00202	0.00335	0.80563	0.10528	0.00242	0.00299	0.00297	0.00226	0.04153	0.00205	0.00292	0.00154	0.00109	0.00109	0.00036	0.00141	0.00097	0.00053	0.00130
4	0.06856	0.06852	0.12910	0.00896	0.03104	0.19858	0.15020	0.22430	0.00313	0.03144	0.00208	0.00241	0.00159	0.00117	0.00123	0.00033	0.07424	0.00090	0.00069	0.00152
5	0.04199	0.01571	0.00256	0.01290	0.01444	0.02799	0.01227	0.31686	0.08768	0.16243	0.04528	0.00908	0.08443	0.02955	0.01655	0.02232	0.02310	0.02944	0.04391	0.00151
6	0.02824	0.00166	0.00214	0.00172	0.00240	0.00148	0.00140	0.00453	0.00291	0.67852	0.03545	0.00403	0.00300	0.00138	0.00103	0.00032	0.00083	0.01387	0.21345	0.00163
7	0.00842	0.00123	0.00169	0.03339	0.02050	0.00126	0.00127	0.00766	0.00224	0.07476	0.13819	0.39327	0.01568	0.07645	0.15670	0.01368	0.03365	0.01800	0.00092	0.00102
8	0.01073	0.06844	0.10171	0.43478	0.13697	0.02694	0.04603	0.01858	0.00826	0.05183	0.01029	0.01542	0.00174	0.00116	0.00119	0.00423	0.04430	0.00098	0.00798	0.00842
9	0.00184	0.00116	0.00150	0.00145	0.00170	0.00110	0.00107	0.00212	0.01934	0.07142	0.30771	0.05880	0.16964	0.08436	0.05370	0.16235	0.00085	0.05799	0.00096	0.00095
10	0.00160	0.00115	0.00150	0.00144	0.00171	0.00106	0.01151	0.00205	0.00288	0.02357	0.64936	0.08618	0.13108	0.01257	0.00995	0.00038	0.00061	0.05220	0.00816	0.00103
11	0.01428	0.10198	0.13915	0.05873	0.17083	0.13911	0.13649	0.05994	0.04571	0.01124	0.02025	0.01330	0.00187	0.00122	0.00744	0.00035	0.07504	0.00097	0.00061	0.00149
12	0.00277	0.03864	0.02279	0.15965	0.03423	0.01346	0.00658	0.07371	0.23806	0.15286	0.01818	0.06500	0.08539	0.00782	0.01449	0.00555	0.01013	0.04830	0.00094	0.00146
13	0.00143	0.00107	0.00133	0.00146	0.00161	0.00102	0.00104	0.00166	0.00217	0.00281	0.01847	0.44754	0.24070	0.13340	0.02106	0.00054	0.01903	0.10180	0.00095	0.00089
14	0.00788	0.00147	0.02492	0.02173	0.00207	0.00135	0.01675	0.02610	0.10455	0.03519	0.09981	0.15100	0.39732	0.01838	0.00708	0.00040	0.00074	0.05589	0.02627	0.00111
15	0.03008	0.03110	0.07615	0.06311	0.11274	0.04615	0.11772	0.24254	0.02406	0.14855	0.00266	0.01035	0.00202	0.03193	0.00705	0.00038	0.03890	0.01211	0.00082	0.00160
16	0.00154	0.00119	0.00151	0.00162	0.00178	0.01276	0.00639	0.01198	0.00218	0.00817	0.02188	0.64086	0.09084	0.03209	0.04757	0.00051	0.04742	0.03693	0.00095	0.03181
17	0.01327	0.00155	0.00179	0.00171	0.00206	0.00160	0.00128	0.14087	0.12423	0.06003	0.04243	0.36246	0.03328	0.02969	0.03081	0.00044	0.00084	0.02042	0.13001	0.00123
18	0.13625	0.03635	0.21474	0.01598	0.01861	0.02539	0.04888	0.04052	0.01463	0.06779	0.02172	0.04863	0.00991	0.01498	0.01234	0.00033	0.01461	0.02447	0.00070	0.23317
19	0.08364	0.02040	0.01693	0.02574	0.02736	0.03113	0.00689	0.09891	0.10283	0.10114	0.06339	0.03567	0.01543	0.01020	0.00109	0.00030	0.02585	0.00711	0.05218	0.27381

[dist]
# distance from previous block
# <min> <max>
1	34

[block]
# block no. 5 follows, 298 sequences, length 15
# corresponding to MSA columns:
# 2613-2616,2628-2634,2637-2640
name=unknown_F
#
# <colnr> <probs for GDERKNQSTAVLIFYWHMCP>
#	G	D	E	R	K	N	Q	S	T	A	V	L	I	F	Y	W	H	M	C	P
0	0.01170	0.07033	0.04730	0.01363	0.02178	0.14035	0.34384	0.10477	0.05474	0.03551	0.03662	0.02388	0.02698	0.02294	0.00131	0.00036	0.02792	0.01389	0.00071	0.00144
1	0.01252	0.00162	0.01339	0.01533	0.00257	0.00942	0.17268	0.00255	0.03359	0.03973	0.44812	0.04779	0.14585	0.01399	0.00132	0.00037	0.00085	0.01346	0.02369	0.00116
2	0.02054	0.07819	0.41849	0.01314	0.01530	0.02050	0.04493	0.16891	0.01778	0.05744	0.03040	0.01698	0.01906	0.00135	0.00841	0.00636	0.01780	0.02923	0.00071	0.01450
3	0.06197	0.01259	0.01153	0.02545	0.04586	0.63972	0.02211	0.01898	0.00279	0.00294	0.00183	0.01974	0.00159	0.01109	0.01740	0.00035	0.10140	0.00082	0.00058	0.00128
4	0.02242	0.00220	0.02456	0.18743	0.43646	0.01037	0.02119	0.00295	0.00233	0.03552	0.00289	0.07528	0.03986	0.01410	0.04858	0.02121	0.02613	0.02446	0.00063	0.00141
5	0.03093	0.14868	0.07164	0.04172	0.40576	0.01886	0.03941	0.10299	0.03204	0.05961	0.02195	0.00272	0.00192	0.00109	0.00104	0.00032	0.00800	0.00094	0.00067	0.00972
6	0.00224	0.00208	0.00339	0.79840	0.07206	0.01501	0.02261	0.01575	0.02557	0.01551	0.00206	0.00293	0.00156	0.00110	0.00110	0.00036	0.00143	0.00098	0.00053	0.01534
7	0.00157	0.00106	0.00121	0.00123	0.00125	0.00105	0.00071	0.00160	0.00166	0.00220	0.00382	0.07148	0.02852	0.85410	0.02338	0.00102	0.00106	0.00171	0.00070	0.00069
8	0.00233	0.06371	0.15874	0.03113	0.13251	0.03046	0.10388	0.05293	0.03167	0.01778	0.03968	0.11854	0.04375	0.07452	0.03548	0.00046	0.01997	0.02473	0.01639	0.00134
9	0.07327	0.23724	0.25472	0.04599	0.08505	0.03136	0.05643	0.12742	0.02379	0.02995	0.00218	0.00247	0.01537	0.00110	0.00099	0.00032	0.00935	0.00085	0.00063	0.00154
10	0.02353	0.11486	0.59458	0.01267	0.01262	0.01220	0.02709	0.09512	0.03431	0.03470	0.00217	0.00990	0.00161	0.00116	0.00758	0.00035	0.01251	0.00086	0.00059	0.00160
11	0.00158	0.00112	0.00147	0.00147	0.00156	0.00121	0.00100	0.00177	0.00168	0.00233	0.00321	0.00581	0.00340	0.50793	0.45828	0.00140	0.00196	0.00140	0.00063	0.00081
12	0.48055	0.01385	0.00946	0.01208	0.00818	0.02322	0.00149	0.15541	0.08541	0.05164	0.04937	0.02000	0.01578	0.00784	0.00991	0.00036	0.02262	0.00586	0.02561	0.00136
13	0.07586	0.10183	0.12198	0.01918	0.02120	0.02636	0.03560	0.12761	0.05383	0.06058	0.01399	0.15694	0.01651	0.01001	0.00789	0.01725	0.03229	0.01277	0.00516	0.08319
14	0.13552	0.17788	0.16068	0.03060	0.06034	0.01575	0.02344	0.02571	0.02556	0.05954	0.02646	0.04535	0.00782	0.00118	0.00095	0.00030	0.00730	0.00906	0.00067	0.18590

[dist]
# distance from previous block
# <min> <max>
4	64

[block]
# block no. 6 follows, 298 sequences, length 12
# corresponding to MSA columns:
# 2708-2715,2717-2720
name=unknown_G
#
# <colnr> <probs for GDERKNQSTAVLIFYWHMCP>
#	G	D	E	R	K	N	Q	S	T	A	V	L	I	F	Y	W	H	M	C	P
0	0.15423	0.06485	0.06931	0.04186	0.06258	0.00768	0.06613	0.10950	0.03201	0.07111	0.02565	0.15404	0.00935	0.01178	0.00979	0.00037	0.02564	0.01115	0.02118	0.05180
1	0.06203	0.16053	0.02701	0.07767	0.13329	0.03547	0.05355	0.11340	0.09760	0.03980	0.02887	0.01690	0.01261	0.00800	0.02856	0.01381	0.01825	0.01357	0.00073	0.05836
2	0.03108	0.00208	0.00322	0.21124	0.37254	0.00227	0.00252	0.05768	0.02960	0.00338	0.00259	0.02362	0.01541	0.05547	0.12165	0.02001	0.02205	0.02160	0.00062	0.00138
3	0.03091	0.05021	0.00263	0.00182	0.00274	0.00172	0.05400	0.00292	0.02715	0.01829	0.00219	0.03854	0.00188	0.00096	0.00086	0.00020	0.00089	0.00080	0.00067	0.76062
4	0.02978	0.18603	0.26144	0.04146	0.08412	0.01271	0.01317	0.02606	0.01502	0.16168	0.02248	0.04330	0.00863	0.00123	0.00103	0.00032	0.01371	0.00940	0.00071	0.06773
5	0.00287	0.75680	0.12938	0.03499	0.00326	0.03141	0.00221	0.02318	0.00233	0.00280	0.00163	0.00190	0.00142	0.00097	0.00078	0.00026	0.00127	0.00064	0.00049	0.00144
6	0.00185	0.00142	0.00196	0.00184	0.00190	0.00173	0.00137	0.00194	0.00164	0.00235	0.00251	0.00443	0.00260	0.26374	0.28898	0.16974	0.24739	0.00120	0.00056	0.00086
7	0.00242	0.03797	0.13708	0.17370	0.15184	0.04088	0.09780	0.01226	0.01829	0.05362	0.11407	0.05022	0.02890	0.00159	0.02306	0.00714	0.04586	0.00123	0.00069	0.00138
8	0.01323	0.10138	0.21206	0.08342	0.04119	0.02746	0.02871	0.03570	0.01505	0.32102	0.01030	0.02780	0.01011	0.02205	0.01951	0.00038	0.00712	0.01570	0.00625	0.00157
9	0.00184	0.00156	0.00182	0.02136	0.00218	0.05129	0.03760	0.00259	0.15338	0.01311	0.11289	0.37101	0.16894	0.02135	0.01159	0.00042	0.00082	0.02416	0.00099	0.00111
10	0.00159	0.00106	0.00122	0.00124	0.00125	0.00106	0.00072	0.00161	0.00165	0.00219	0.00365	0.05109	0.00421	0.88753	0.00527	0.00102	0.00104	0.03122	0.00069	0.00069
11	0.16649	0.04217	0.07407	0.06932	0.07976	0.00875	0.02961	0.13941	0.04418	0.22371	0.02175	0.03881	0.01243	0.00129	0.00104	0.00034	0.01013	0.00104	0.00089	0.03480

[dist]
# distance from previous block
# <min> <max>
3	21

[block]
# block no. 7 follows, 298 sequences, length 11
# corresponding to MSA columns:
# 2744-2754
name=unknown_H
#
# <colnr> <probs for GDERKNQSTAVLIFYWHMCP>
#	G	D	E	R	K	N	Q	S	T	A	V	L	I	F	Y	W	H	M	C	P
0	0.03915	0.77676	0.05451	0.01794	0.00302	0.05892	0.00200	0.03187	0.00236	0.00286	0.00160	0.00185	0.00141	0.00097	0.00076	0.00025	0.00124	0.00062	0.00050	0.00141
1	0.00302	0.79843	0.06195	0.00206	0.00300	0.11056	0.00203	0.00342	0.00233	0.00265	0.00157	0.00182	0.00141	0.00097	0.00076	0.00025	0.00129	0.00061	0.00048	0.00141
2	0.01269	0.15072	0.05926	0.00235	0.00282	0.13157	0.00204	0.07874	0.01198	0.03811	0.00241	0.01419	0.00217	0.01477	0.01065	0.00039	0.28872	0.07757	0.09756	0.00130
3	0.00160	0.00106	0.00121	0.00122	0.00124	0.00107	0.00070	0.00164	0.00166	0.00225	0.02169	0.02869	0.00412	0.86785	0.03229	0.00103	0.00108	0.00161	0.02729	0.00070
4	0.00224	0.00206	0.02935	0.56916	0.12351	0.01126	0.01444	0.01614	0.01065	0.03341	0.01385	0.04754	0.00241	0.00140	0.00117	0.00037	0.00974	0.08894	0.02106	0.00129
5	0.00151	0.00113	0.00132	0.00139	0.00165	0.00104	0.00102	0.00189	0.03379	0.01529	0.11270	0.26450	0.39064	0.05596	0.00156	0.00044	0.00066	0.09277	0.01978	0.00096
6	0.90915	0.00211	0.00167	0.00147	0.00216	0.00241	0.00121	0.00336	0.00195	0.06411	0.00170	0.00190	0.00128	0.00104	0.00071	0.00034	0.00085	0.00063	0.00072	0.00123
7	0.00149	0.00109	0.00130	0.00134	0.00160	0.00098	0.00098	0.00182	0.00255	0.02481	0.24635	0.25077	0.38165	0.02180	0.00140	0.00040	0.00060	0.03835	0.01976	0.00097
8	0.03978	0.00248	0.00377	0.06169	0.46965	0.00253	0.04906	0.13707	0.04420	0.15936	0.00266	0.00308	0.00202	0.00115	0.00109	0.00034	0.00123	0.01634	0.00079	0.00170
9	0.00150	0.00108	0.00126	0.00130	0.00145	0.00102	0.00087	0.00170	0.00214	0.00282	0.13880	0.15003	0.21318	0.39720	0.01974	0.00069	0.00083	0.04868	0.01486	0.00084
10	0.01582	0.00232	0.01682	0.01201	0.01182	0.03447	0.01035	0.13964	0.50488	0.04470	0.02374	0.13013	0.01311	0.00961	0.00119	0.00038	0.00095	0.01567	0.01083	0.00157

[dist]
# distance from previous block
# <min> <max>
2	23

[block]
# block no. 8 follows, 298 sequences, length 6
# corresponding to MSA columns:
# 2787-2792
name=unknown_I
#
# <colnr> <probs for GDERKNQSTAVLIFYWHMCP>
#	G	D	E	R	K	N	Q	S	T	A	V	L	I	F	Y	W	H	M	C	P
0	0.08802	0.00267	0.02902	0.04917	0.02690	0.04044	0.01730	0.35188	0.18726	0.15160	0.02701	0.00317	0.00240	0.00142	0.01650	0.00036	0.00115	0.00104	0.00101	0.00168
1	0.00166	0.00113	0.00144	0.00148	0.00170	0.00106	0.00111	0.00196	0.02295	0.02817	0.21800	0.18210	0.20398	0.04503	0.00195	0.13600	0.00073	0.14765	0.00098	0.00092
2	0.03019	0.00231	0.00393	0.33222	0.46965	0.00250	0.06430	0.00307	0.00234	0.00329	0.00219	0.04694	0.00187	0.00116	0.00118	0.00035	0.02942	0.00108	0.00055	0.00147
3	0.00172	0.00117	0.00149	0.00155	0.00174	0.00112	0.00109	0.04560	0.00234	0.04234	0.10784	0.53223	0.03796	0.09974	0.05537	0.01851	0.00085	0.02467	0.00098	0.02170
4	0.00160	0.00113	0.00153	0.00153	0.00167	0.00123	0.00111	0.00188	0.00187	0.00264	0.08178	0.00588	0.00392	0.31871	0.49676	0.00132	0.00197	0.03881	0.03378	0.00088
5	0.02953	0.00241	0.02841	0.00217	0.00294	0.01896	0.00181	0.34556	0.08263	0.34738	0.02414	0.04322	0.00287	0.00150	0.00111	0.00035	0.00103	0.04021	0.02206	0.00171

[dist]
# distance from previous block
# <min> <max>
0	6

[block]
# block no. 9 follows, 298 sequences, length 20
# corresponding to MSA columns:
# 2799-2818
name=unknown_J
#
# <colnr> <probs for GDERKNQSTAVLIFYWHMCP>
#	G	D	E	R	K	N	Q	S	T	A	V	L	I	F	Y	W	H	M	C	P
0	0.02437	0.32811	0.07941	0.00978	0.09248	0.09339	0.07666	0.02881	0.01545	0.03026	0.00191	0.00224	0.00157	0.00100	0.00096	0.00027	0.02465	0.00077	0.00058	0.18730
1	0.00160	0.00108	0.00126	0.00127	0.00131	0.00108	0.00076	0.00164	0.00167	0.00225	0.00365	0.06526	0.01211	0.79952	0.04975	0.01215	0.00111	0.02113	0.00069	0.02068
2	0.00181	0.00140	0.01971	0.00182	0.00206	0.00957	0.00144	0.02446	0.00193	0.03563	0.00314	0.04209	0.01479	0.04689	0.73703	0.00147	0.04112	0.00126	0.01135	0.00104
3	0.04980	0.08726	0.03689	0.04207	0.04166	0.14052	0.07770	0.31480	0.06931	0.07999	0.00252	0.00921	0.00191	0.00679	0.00114	0.00033	0.02781	0.00784	0.00083	0.00159
4	0.00417	0.00279	0.00307	0.00236	0.00321	0.00302	0.00195	0.76660	0.00472	0.14181	0.00293	0.00287	0.00204	0.00132	0.00108	0.00033	0.00113	0.00101	0.05179	0.00182
5	0.00291	0.93604	0.03163	0.00191	0.00287	0.00429	0.00194	0.00329	0.00223	0.00261	0.00154	0.00178	0.00141	0.00094	0.00071	0.00024	0.00119	0.00059	0.00047	0.00141
6	0.00138	0.00111	0.00121	0.00124	0.00155	0.00097	0.00093	0.00169	0.00252	0.00315	0.13122	0.08198	0.65917	0.03020	0.00143	0.00040	0.00060	0.06518	0.01312	0.00094
7	0.00133	0.00109	0.00118	0.00121	0.00153	0.00094	0.00089	0.00162	0.00249	0.00306	0.08633	0.15241	0.71900	0.00284	0.00132	0.00038	0.00057	0.01984	0.00103	0.00093
8	0.00142	0.00109	0.00126	0.00128	0.00154	0.00097	0.00093	0.00175	0.00256	0.00335	0.30679	0.16363	0.41605	0.06649	0.00160	0.00042	0.00060	0.01701	0.01033	0.00094
9	0.04253	0.00184	0.00243	0.00189	0.00269	0.00164	0.00155	0.01476	0.01599	0.83425	0.02452	0.00376	0.00282	0.00136	0.00108	0.00034	0.00091	0.00110	0.04275	0.00178
10	0.00417	0.00307	0.00329	0.00252	0.00340	0.00340	0.00209	0.95094	0.00516	0.00691	0.00263	0.00263	0.00187	0.00132	0.00110	0.00033	0.00121	0.00099	0.00110	0.00187
11	0.00239	0.00198	0.00231	0.00166	0.00263	0.00152	0.00133	0.02865	0.00238	0.02794	0.00203	0.00232	0.00166	0.00084	0.00083	0.00017	0.00083	0.00067	0.00068	0.91719
12	0.00137	0.00098	0.00130	0.00151	0.00160	0.00092	0.00103	0.00160	0.00222	0.00297	0.10551	0.80805	0.02905	0.01501	0.00144	0.00044	0.00064	0.02241	0.00103	0.00091
13	0.77666	0.00217	0.01234	0.02205	0.01266	0.01452	0.00134	0.02464	0.00211	0.09403	0.00189	0.00209	0.00141	0.00107	0.00075	0.00034	0.00090	0.00068	0.02708	0.00128
14	0.00136	0.00098	0.00128	0.00152	0.00161	0.00091	0.00103	0.00156	0.00213	0.00282	0.00625	0.86127	0.05400	0.01895	0.00147	0.00045	0.00065	0.03985	0.00101	0.00089
15	0.00220	0.00192	0.00310	0.63810	0.06330	0.00226	0.02296	0.02020	0.01111	0.03920	0.07253	0.02541	0.03397	0.00138	0.00124	0.00583	0.03425	0.01914	0.00063	0.00126
16	0.00236	0.00208	0.00747	0.13290	0.01596	0.04859	0.05999	0.02283	0.33241	0.02025	0.02945	0.11209	0.01834	0.00934	0.00127	0.00040	0.00107	0.18091	0.00093	0.00136
17	0.01837	0.00180	0.01536	0.02433	0.17488	0.00170	0.01790	0.05253	0.01732	0.20782	0.14812	0.10845	0.16527	0.00192	0.00123	0.00036	0.01232	0.02793	0.00100	0.00138
18	0.00157	0.00124	0.01106	0.00139	0.00171	0.00110	0.00105	0.02403	0.01868	0.02919	0.03613	0.19975	0.55132	0.03679	0.00150	0.00042	0.01181	0.06926	0.00101	0.00099
19	0.41815	0.07511	0.28290	0.00844	0.02126	0.01915	0.02546	0.03573	0.03007	0.06127	0.01230	0.00228	0.00157	0.00108	0.00088	0.00033	0.00117	0.00076	0.00066	0.00143

[dist]
# distance from previous block
# <min> <max>
1	52

[block]
# block no. 10 follows, 298 sequences, length 18
# corresponding to MSA columns:
# 2887-2891,2893-2905
name=unknown_K
#
# <colnr> <probs for GDERKNQSTAVLIFYWHMCP>
#	G	D	E	R	K	N	Q	S	T	A	V	L	I	F	Y	W	H	M	C	P
0	0.08811	0.02945	0.01233	0.27898	0.14217	0.06084	0.09948	0.03353	0.04063	0.06013	0.01396	0.07079	0.00225	0.00150	0.02936	0.00039	0.01170	0.00898	0.00068	0.01473
1	0.03751	0.52809	0.09933	0.00211	0.00303	0.08934	0.00204	0.07204	0.00983	0.10017	0.00221	0.02661	0.01382	0.00113	0.00086	0.00028	0.00123	0.00079	0.00065	0.00892
2	0.01548	0.00897	0.01083	0.01020	0.00233	0.02794	0.00145	0.17807	0.05842	0.11383	0.07400	0.01075	0.03543	0.22333	0.13401	0.01084	0.04464	0.00883	0.00765	0.02301
3	0.03534	0.84911	0.02102	0.00192	0.00280	0.00413	0.00190	0.00323	0.00221	0.00271	0.02105	0.00193	0.00159	0.00102	0.00086	0.00025	0.04641	0.00064	0.00049	0.00139
4	0.00167	0.00114	0.00133	0.00132	0.00139	0.00115	0.00082	0.02843	0.00182	0.00249	0.03510	0.05871	0.01515	0.69800	0.09247	0.01797	0.00117	0.00161	0.02418	0.01407
5	0.00135	0.00097	0.00127	0.00151	0.00159	0.00090	0.00102	0.00154	0.00212	0.00281	0.00624	0.88667	0.05191	0.01777	0.00146	0.00045	0.00065	0.01787	0.00101	0.00089
6	0.00420	0.00308	0.00326	0.00251	0.00338	0.02546	0.00207	0.89490	0.00504	0.04100	0.00267	0.00266	0.00189	0.00131	0.00110	0.00033	0.00122	0.00099	0.00109	0.00185
7	0.00412	0.00305	0.00327	0.00252	0.00338	0.00338	0.00207	0.92067	0.03550	0.00684	0.00269	0.00268	0.00191	0.00132	0.00110	0.00033	0.00120	0.00100	0.00110	0.00186
8	0.00132	0.00111	0.00115	0.00115	0.00150	0.00093	0.00086	0.00161	0.00254	0.00308	0.08857	0.04324	0.84368	0.00276	0.00130	0.00037	0.00056	0.00232	0.00103	0.00093
9	0.00231	0.02620	0.87467	0.00311	0.00466	0.04767	0.01952	0.00351	0.00236	0.00342	0.00195	0.00230	0.00140	0.00104	0.00104	0.00034	0.00163	0.00081	0.00047	0.00160
10	0.00142	0.00109	0.00131	0.00135	0.00161	0.00098	0.00100	0.00178	0.00263	0.00345	0.33992	0.21851	0.35955	0.00275	0.00133	0.00039	0.00059	0.05830	0.00108	0.00096
11	0.00182	0.00115	0.00143	0.00149	0.00171	0.00111	0.00107	0.00232	0.06006	0.06625	0.17331	0.46723	0.02545	0.01153	0.00128	0.00039	0.00064	0.02227	0.15843	0.00105
12	0.00150	0.00114	0.00132	0.00129	0.00160	0.00102	0.00096	0.01715	0.00270	0.01278	0.35468	0.09145	0.45212	0.01685	0.02287	0.00041	0.00062	0.00217	0.01637	0.00099
13	0.01269	0.00115	0.00142	0.00140	0.00168	0.00106	0.00105	0.00205	0.01414	0.03203	0.48891	0.12411	0.21208	0.04097	0.00148	0.00040	0.00061	0.06065	0.00111	0.00101
14	0.01810	0.79487	0.02648	0.00193	0.00278	0.00396	0.00189	0.02110	0.00227	0.00277	0.01849	0.03116	0.00185	0.00123	0.01588	0.00029	0.03704	0.01602	0.00053	0.00137
15	0.05534	0.01496	0.03512	0.11114	0.01931	0.02596	0.48767	0.07539	0.00259	0.02780	0.00217	0.00288	0.00169	0.02208	0.01602	0.00041	0.09633	0.00112	0.00061	0.00142
16	0.02383	0.00190	0.00240	0.00196	0.00265	0.00184	0.00159	0.06253	0.13358	0.57139	0.04601	0.04936	0.01352	0.00158	0.00119	0.00036	0.02526	0.02928	0.02811	0.00168
17	0.00292	0.70660	0.06824	0.01248	0.00306	0.02375	0.01323	0.06007	0.02512	0.00299	0.00173	0.00200	0.00150	0.00105	0.00095	0.00027	0.05982	0.00068	0.01208	0.00144

[dist]
# distance from previous block
# <min> <max>
4	58

[block]
# block no. 11 follows, 298 sequences, length 10
# corresponding to MSA columns:
# 2975-2984
name=unknown_L
#
# <colnr> <probs for GDERKNQSTAVLIFYWHMCP>
#	G	D	E	R	K	N	Q	S	T	A	V	L	I	F	Y	W	H	M	C	P
0	0.00259	0.00296	0.00647	0.00462	0.00573	0.00277	0.95061	0.00351	0.00259	0.00351	0.00222	0.00296	0.00166	0.00092	0.00129	0.00037	0.00185	0.00129	0.00055	0.00148
1	0.00398	0.00504	0.00312	0.05795	0.00363	0.90199	0.00217	0.00429	0.00306	0.00269	0.00171	0.00203	0.00142	0.00113	0.00100	0.00029	0.00195	0.00072	0.00056	0.00127
2	0.00189	0.00102	0.00151	0.00150	0.00151	0.00106	0.00102	0.00151	0.00151	0.00204	0.02592	0.02751	0.00226	0.00382	0.03167	0.85491	0.03727	0.00104	0.00051	0.00054
3	0.00284	0.17507	0.47917	0.01646	0.01522	0.01496	0.03910	0.15083	0.02104	0.06000	0.01413	0.00249	0.00171	0.00111	0.00101	0.00032	0.00142	0.00086	0.00064	0.00162
4	0.00238	0.00235	0.00314	0.00273	0.00277	0.02849	0.00224	0.00273	0.04054	0.00270	0.00176	0.01976	0.00173	0.02399	0.03571	0.01829	0.80595	0.00103	0.00053	0.00119
5	0.00156	0.00112	0.00144	0.00145	0.00168	0.00104	0.00106	0.00202	0.02098	0.02081	0.56183	0.26232	0.08294	0.00260	0.00132	0.00038	0.00058	0.03271	0.00114	0.00102
6	0.01088	0.08663	0.14030	0.09735	0.01619	0.06276	0.10150	0.02259	0.11678	0.02415	0.03042	0.16889	0.05267	0.00170	0.00116	0.00036	0.00947	0.02952	0.00076	0.02591
7	0.01514	0.02998	0.04910	0.01025	0.01966	0.05745	0.03419	0.06301	0.16125	0.01341	0.00298	0.06324	0.01417	0.10302	0.10746	0.00061	0.22389	0.00123	0.02868	0.00128
8	0.00181	0.00123	0.00150	0.00144	0.00176	0.00114	0.00108	0.02410	0.03348	0.07072	0.44239	0.14503	0.23219	0.00243	0.00128	0.00037	0.00061	0.01704	0.01932	0.00109
9	0.03826	0.00116	0.00143	0.00149	0.00168	0.00112	0.00109	0.00197	0.00229	0.02997	0.18228	0.21978	0.06460	0.25552	0.00246	0.00059	0.00081	0.19161	0.00096	0.00092

[dist]
# distance from previous block
# <min> <max>
2	3

[block]
# block no. 12 follows, 298 sequences, length 7
# corresponding to MSA columns:
# 2989-2995
name=unknown_M
#
# <colnr> <probs for GDERKNQSTAVLIFYWHMCP>
#	G	D	E	R	K	N	Q	S	T	A	V	L	I	F	Y	W	H	M	C	P
0	0.00158	0.00111	0.00139	0.00154	0.00173	0.00105	0.00112	0.00199	0.04056	0.02522	0.08334	0.53949	0.11571	0.00296	0.00134	0.00042	0.00067	0.11830	0.05949	0.00099
1	0.04686	0.00465	0.00308	0.00275	0.00329	0.74867	0.00210	0.08030	0.00309	0.00312	0.00174	0.00206	0.00144	0.00121	0.00123	0.00031	0.09143	0.00075	0.00061	0.00131
2	0.00225	0.00207	0.06558	0.10832	0.11270	0.03375	0.07272	0.03653	0.00248	0.06936	0.05436	0.33054	0.00430	0.01326	0.00136	0.00040	0.03284	0.03952	0.01641	0.00125
3	0.00200	0.00177	0.00286	0.04078	0.03622	0.00171	0.20966	0.01384	0.05734	0.01713	0.07502	0.18993	0.12466	0.04642	0.00151	0.00041	0.01607	0.09417	0.00085	0.06763
4	0.00231	0.00182	0.00216	0.00161	0.00247	0.00140	0.00127	0.00277	0.00236	0.05795	0.04030	0.05656	0.03874	0.00112	0.00090	0.00020	0.00079	0.00093	0.00075	0.78359
5	0.02182	0.01509	0.07895	0.14975	0.28599	0.02632	0.03109	0.12687	0.04010	0.01921	0.01662	0.14444	0.01667	0.00150	0.00118	0.00036	0.02052	0.00132	0.00072	0.00148
6	0.02287	0.16397	0.25611	0.04977	0.19711	0.06230	0.06636	0.06761	0.02352	0.05118	0.00217	0.00261	0.00169	0.00109	0.00105	0.00033	0.01458	0.01351	0.00061	0.00157

[dist]
# distance from previous block
# <min> <max>
1	12

[block]
# block no. 13 follows, 298 sequences, length 11
# corresponding to MSA columns:
# 3014-3024
name=unknown_N
#
# <colnr> <probs for GDERKNQSTAVLIFYWHMCP>
#	G	D	E	R	K	N	Q	S	T	A	V	L	I	F	Y	W	H	M	C	P
0	0.50048	0.21453	0.02333	0.03931	0.03368	0.03966	0.01234	0.01790	0.01426	0.00402	0.03045	0.02973	0.00178	0.00115	0.00089	0.00032	0.03348	0.00078	0.00064	0.00128
1	0.00240	0.00168	0.00192	0.00172	0.00216	0.00178	0.00133	0.10729	0.25993	0.04900	0.30453	0.00547	0.03314	0.00195	0.01832	0.04186	0.00078	0.01250	0.15092	0.00132
2	0.00295	0.88154	0.04638	0.00197	0.00292	0.04364	0.00198	0.00334	0.00227	0.00262	0.00155	0.00179	0.00141	0.00095	0.00073	0.00024	0.00123	0.00060	0.00047	0.00141
3	0.03068	0.00111	0.00127	0.00129	0.00140	0.00110	0.00083	0.00169	0.00186	0.00253	0.05081	0.07068	0.14248	0.56577	0.08091	0.02881	0.00108	0.01418	0.00076	0.00078
4	0.07019	0.00267	0.03033	0.05865	0.00335	0.01415	0.00204	0.57015	0.03045	0.03638	0.00310	0.00425	0.00257	0.01810	0.00121	0.00037	0.00117	0.14827	0.00100	0.00161
5	0.00217	0.00200	0.00329	0.91280	0.00736	0.00248	0.00300	0.04841	0.00234	0.00300	0.00198	0.00291	0.00148	0.00111	0.00110	0.00036	0.00145	0.00098	0.00052	0.00125
6	0.00154	0.00115	0.00144	0.00138	0.00165	0.00106	0.00103	0.00208	0.03226	0.00411	0.73389	0.06213	0.14745	0.00237	0.00130	0.00036	0.00054	0.00207	0.00117	0.00103
7	0.00215	0.00211	0.02614	0.70721	0.14682	0.00243	0.00299	0.00284	0.00220	0.00291	0.00201	0.00299	0.00160	0.01914	0.03772	0.00043	0.03554	0.00099	0.00050	0.00129
8	0.00259	0.03176	0.11944	0.01096	0.03089	0.08155	0.08170	0.05272	0.06305	0.04946	0.00984	0.01936	0.01189	0.00161	0.00122	0.00035	0.02890	0.22563	0.00078	0.17632
9	0.00193	0.00113	0.00163	0.03328	0.00181	0.00116	0.00853	0.00911	0.02854	0.01136	0.00246	0.05799	0.01176	0.02804	0.06450	0.68828	0.01490	0.00113	0.01294	0.01952
10	0.01487	0.00181	0.00196	0.00183	0.00216	0.09621	0.00141	0.07609	0.03894	0.05297	0.02382	0.03876	0.01822	0.09074	0.38954	0.00098	0.02065	0.03470	0.09320	0.00113

[dist]
# distance from previous block
# <min> <max>
4	27

[block]
# block no. 14 follows, 298 sequences, length 21
# corresponding to MSA columns:
# 3053-3071,3073,3074
name=unknown_O
#
# <colnr> <probs for GDERKNQSTAVLIFYWHMCP>
#	G	D	E	R	K	N	Q	S	T	A	V	L	I	F	Y	W	H	M	C	P
0	0.10382	0.00224	0.00268	0.00210	0.00291	0.01350	0.01919	0.24398	0.00942	0.52877	0.00354	0.00346	0.00240	0.00134	0.00107	0.00034	0.00102	0.03016	0.00717	0.02089
1	0.04103	0.00254	0.01298	0.16366	0.43837	0.03471	0.05140	0.07499	0.00821	0.10041	0.00835	0.00282	0.00181	0.00110	0.00114	0.00034	0.02686	0.00098	0.00067	0.02762
2	0.00207	0.00172	0.00233	0.06471	0.01926	0.03667	0.03097	0.03010	0.00202	0.03156	0.00293	0.05190	0.01125	0.16500	0.34715	0.00101	0.17215	0.01841	0.00772	0.00107
3	0.00156	0.00114	0.00158	0.01829	0.00183	0.00124	0.00120	0.00183	0.00187	0.00260	0.02494	0.21826	0.01354	0.18420	0.43189	0.02628	0.02175	0.03520	0.00990	0.00090
4	0.00211	0.00192	0.00314	0.85727	0.00698	0.00238	0.00287	0.01910	0.02716	0.00296	0.00215	0.01459	0.00166	0.00125	0.01517	0.00038	0.00142	0.00101	0.03524	0.00123
5	0.00259	0.00296	0.00647	0.00462	0.00573	0.00277	0.95061	0.00351	0.00259	0.00351	0.00222	0.00296	0.00166	0.00092	0.00129	0.00037	0.00185	0.00129	0.00055	0.00148
6	0.00284	0.01886	0.00257	0.00226	0.01429	0.02809	0.00175	0.11327	0.71050	0.01181	0.00436	0.05315	0.02820	0.00158	0.00112	0.00037	0.00093	0.00131	0.00108	0.00167
7	0.00141	0.00107	0.00127	0.00135	0.00160	0.00095	0.00098	0.00171	0.00247	0.01386	0.16041	0.34309	0.41639	0.00292	0.00134	0.00040	0.00060	0.04616	0.00105	0.00095
8	0.00162	0.00116	0.00144	0.00149	0.00173	0.00109	0.00110	0.02681	0.01796	0.02483	0.26764	0.32234	0.18216	0.05067	0.00155	0.00043	0.00067	0.09324	0.00106	0.00100
9	0.00161	0.00112	0.00138	0.00143	0.00154	0.00111	0.00916	0.01903	0.02772	0.01005	0.03547	0.36472	0.03450	0.42325	0.02413	0.01788	0.00090	0.01073	0.01341	0.00085
10	0.07237	0.00289	0.00301	0.00237	0.00319	0.02713	0.00194	0.70257	0.09968	0.05353	0.00282	0.00278	0.00201	0.00131	0.00106	0.00033	0.00114	0.00098	0.01709	0.00178
11	0.03527	0.02138	0.03763	0.09472	0.04505	0.03320	0.03290	0.25163	0.01968	0.28961	0.00293	0.00305	0.00207	0.01222	0.01413	0.00036	0.03409	0.00100	0.02948	0.03961
12	0.02824	0.00122	0.00155	0.00153	0.00170	0.00130	0.00110	0.00195	0.00866	0.02327	0.11601	0.11757	0.09910	0.27770	0.25821	0.00095	0.05652	0.00170	0.00079	0.00092
13	0.01123	0.09546	0.06401	0.03246	0.00341	0.11834	0.16061	0.08203	0.06479	0.05550	0.05171	0.12346	0.03366	0.00156	0.00116	0.00034	0.01631	0.02472	0.00079	0.05845
14	0.00298	0.21528	0.04383	0.00225	0.01672	0.09279	0.00625	0.11238	0.30896	0.04005	0.02021	0.02695	0.00818	0.05072	0.00130	0.00036	0.02306	0.01036	0.01585	0.00151
15	0.00270	0.01501	0.03538	0.00177	0.00274	0.00167	0.00148	0.05499	0.01195	0.11819	0.01293	0.00255	0.00187	0.00094	0.00088	0.00020	0.00088	0.00075	0.00076	0.73236
16	0.00945	0.06942	0.46886	0.02228	0.00973	0.03506	0.16982	0.01809	0.00244	0.04415	0.01481	0.07907	0.00220	0.01049	0.00118	0.00036	0.01533	0.01787	0.00060	0.00878
17	0.00151	0.00116	0.00143	0.00147	0.00172	0.00107	0.02137	0.00187	0.02924	0.01241	0.06827	0.32929	0.36719	0.06147	0.00161	0.00044	0.00886	0.07109	0.01757	0.00096
18	0.01384	0.00356	0.00292	0.14897	0.01330	0.46731	0.01552	0.06737	0.05366	0.02852	0.01648	0.07558	0.01566	0.00147	0.00118	0.00034	0.03755	0.03479	0.00070	0.00130
19	0.04205	0.00281	0.03877	0.03659	0.01954	0.10673	0.00648	0.31302	0.03840	0.33576	0.01328	0.01038	0.00224	0.00657	0.00115	0.00034	0.02212	0.00101	0.00104	0.00170
20	0.00156	0.00111	0.00139	0.00150	0.00167	0.00105	0.00105	0.01991	0.03319	0.01997	0.11146	0.53813	0.14812	0.04908	0.00166	0.03391	0.00068	0.03259	0.00101	0.00095

[dist]
# distance from previous block
# <min> <max>
4	52

[block]
# block no. 15 follows, 298 sequences, length 10
# corresponding to MSA columns:
# 3558-3567
name=unknown_P
#
# <colnr> <probs for GDERKNQSTAVLIFYWHMCP>
#	G	D	E	R	K	N	Q	S	T	A	V	L	I	F	Y	W	H	M	C	P
0	0.02182	0.01285	0.08007	0.00877	0.06327	0.02236	0.03474	0.04495	0.04204	0.05596	0.19028	0.18364	0.09791	0.02913	0.01147	0.00039	0.01161	0.01234	0.00091	0.07549
1	0.20901	0.00259	0.01964	0.05506	0.04790	0.01885	0.28330	0.15814	0.01220	0.01542	0.00235	0.01666	0.02122	0.00119	0.00981	0.00035	0.02409	0.00101	0.00070	0.10049
