[name]
unknown

[dist]
# distance from previous block
# <min> <max>
0	195

[block]
# block no. 0 follows, 198 sequences, length 25
# corresponding to MSA columns:
# 2122-2132,2138-2146,2148,2149,2152,2154,2155
name=unknown_A
#
# <colnr> <probs for GDERKNQSTAVLIFYWHMCP>
#	G	D	E	R	K	N	Q	S	T	A	V	L	I	F	Y	W	H	M	C	P
0	0.03090	0.09514	0.05862	0.03093	0.06794	0.06401	0.06112	0.08353	0.03706	0.04681	0.04685	0.04086	0.01615	0.01975	0.00173	0.00046	0.03556	0.02166	0.01109	0.22984
1	0.05423	0.02321	0.04220	0.04172	0.04972	0.05138	0.05921	0.11000	0.04606	0.05049	0.02159	0.17867	0.02272	0.03946	0.02847	0.00060	0.04139	0.00565	0.01089	0.12233
2	0.04451	0.06322	0.05046	0.04155	0.04205	0.03618	0.02878	0.13190	0.06715	0.09153	0.04113	0.04352	0.04999	0.00795	0.01732	0.00048	0.01276	0.00937	0.01845	0.20169
3	0.01641	0.00747	0.06167	0.05077	0.13041	0.05345	0.03837	0.12998	0.04893	0.07093	0.04017	0.07932	0.02382	0.03036	0.00805	0.09615	0.01845	0.00176	0.00114	0.09239
4	0.05937	0.04556	0.05345	0.10067	0.19718	0.06175	0.05267	0.10295	0.02542	0.04764	0.08212	0.02562	0.02597	0.03038	0.01284	0.00054	0.01509	0.00162	0.00722	0.05193
5	0.03017	0.03593	0.03730	0.04147	0.02747	0.07420	0.01089	0.06068	0.04834	0.14397	0.02856	0.02260	0.03144	0.02958	0.02797	0.18461	0.11606	0.00157	0.01992	0.02727
6	0.14945	0.03638	0.03472	0.03728	0.10069	0.01603	0.03957	0.12897	0.03102	0.08757	0.01346	0.03310	0.00294	0.01218	0.00155	0.00044	0.02080	0.00135	0.00112	0.25136
7	0.00221	0.00149	0.00197	0.00226	0.00244	0.00137	0.00154	0.00252	0.00316	0.04371	0.00875	0.84980	0.02996	0.00478	0.00201	0.00063	0.00096	0.01807	0.00150	0.02089
8	0.01437	0.08179	0.09482	0.00863	0.01701	0.03845	0.02207	0.43869	0.13580	0.02462	0.00396	0.01390	0.00301	0.00213	0.02428	0.00053	0.03012	0.00689	0.00719	0.03173
9	0.01425	0.01379	0.04063	0.07321	0.09313	0.21800	0.03089	0.03447	0.01796	0.10829	0.00963	0.10246	0.00351	0.00209	0.01275	0.00047	0.01883	0.00870	0.00108	0.19587
10	0.02175	0.22105	0.28079	0.01357	0.04140	0.02141	0.03087	0.07271	0.02243	0.14190	0.01719	0.03656	0.00298	0.00743	0.00154	0.00047	0.01731	0.00137	0.00103	0.04623
11	0.01563	0.18406	0.47481	0.00389	0.00564	0.00408	0.03545	0.08171	0.03430	0.04350	0.00364	0.00486	0.00297	0.00183	0.00151	0.00050	0.00201	0.08762	0.00974	0.00225
12	0.00222	0.00173	0.00204	0.00200	0.00246	0.00165	0.00152	0.00282	0.03133	0.02437	0.08271	0.01191	0.52203	0.03700	0.26572	0.00114	0.00184	0.00275	0.00133	0.00144
13	0.04833	0.00939	0.10019	0.11105	0.10864	0.00317	0.05749	0.11187	0.02981	0.09043	0.00473	0.15096	0.01130	0.00337	0.09674	0.00075	0.02674	0.03184	0.00115	0.00204
14	0.00302	0.00284	0.00480	0.93990	0.01102	0.00356	0.00444	0.00409	0.00320	0.00409	0.00284	0.00427	0.00213	0.00160	0.00160	0.00053	0.00213	0.00142	0.00071	0.00178
15	0.00231	0.00174	0.00255	0.00254	0.00280	0.00202	0.00195	0.00284	0.00255	0.00367	0.00430	0.00655	0.00410	0.08223	0.85011	0.00246	0.02125	0.00176	0.00086	0.00140
16	0.33258	0.00387	0.00384	0.00307	0.00423	0.00432	0.00253	0.53613	0.03354	0.04519	0.00348	0.00357	0.00251	0.00178	0.00139	0.00049	0.00154	0.00126	0.01233	0.00236
17	0.00302	0.00284	0.00480	0.93990	0.01102	0.00356	0.00444	0.00409	0.00320	0.00409	0.00284	0.00427	0.00213	0.00160	0.00160	0.00053	0.00213	0.00142	0.00071	0.00178
18	0.00374	0.00422	0.00888	0.00643	0.00785	0.00415	0.81313	0.00497	0.00361	0.00497	0.00310	0.00422	0.00239	0.00153	0.00231	0.00056	0.11922	0.00183	0.00080	0.00211
19	0.00204	0.00147	0.00195	0.00230	0.00246	0.00138	0.00164	0.00240	0.00319	0.00420	0.00916	0.75549	0.05854	0.00488	0.00206	0.00066	0.00100	0.14236	0.00148	0.00133
20	0.00199	0.00160	0.00178	0.00183	0.00226	0.00140	0.00134	0.00247	0.01399	0.00461	0.14819	0.20244	0.59262	0.00412	0.00192	0.00056	0.00084	0.01314	0.00153	0.00138
21	0.00209	0.00152	0.00199	0.00228	0.00247	0.00144	0.00162	0.00255	0.02211	0.00441	0.07717	0.69014	0.06587	0.00470	0.00203	0.00064	0.00098	0.11312	0.00151	0.00136
22	0.00347	0.03695	0.02570	0.02153	0.00406	0.00243	0.00211	0.02883	0.00345	0.01850	0.00290	0.00336	0.00238	0.00124	0.00121	0.00026	0.00127	0.00098	0.00096	0.83840
23	0.04464	0.08256	0.53534	0.01556	0.01424	0.02427	0.06847	0.12009	0.01517	0.03926	0.00310	0.00354	0.00226	0.00166	0.00865	0.00051	0.00893	0.00125	0.00088	0.00961
24	0.00210	0.00156	0.00180	0.00185	0.00213	0.00143	0.00127	0.00242	0.00329	0.00425	0.14948	0.17829	0.34718	0.25694	0.00369	0.01963	0.00105	0.01902	0.00137	0.00125

[dist]
# distance from previous block
# <min> <max>
2	31

[block]
# block no. 1 follows, 198 sequences, length 39
# corresponding to MSA columns:
# 2190,2192-2218,2231-2234,2236,2264,2267-2271
name=unknown_B
#
# <colnr> <probs for GDERKNQSTAVLIFYWHMCP>
#	G	D	E	R	K	N	Q	S	T	A	V	L	I	F	Y	W	H	M	C	P
0	0.00830	0.02239	0.11424	0.11967	0.21776	0.01813	0.21555	0.05976	0.02386	0.03726	0.01827	0.01658	0.00902	0.00167	0.00184	0.00050	0.05786	0.00155	0.00091	0.05485
1	0.85130	0.00312	0.00258	0.00232	0.01781	0.00356	0.00186	0.03290	0.00300	0.06604	0.00255	0.00284	0.00192	0.00153	0.00106	0.00049	0.00127	0.00094	0.00107	0.00184
2	0.00373	0.00422	0.00913	0.00657	0.00812	0.00398	0.87967	0.00504	0.00375	0.00509	0.00340	0.00478	0.00266	0.00148	0.00196	0.00055	0.01877	0.03414	0.00083	0.00213
3	0.00295	0.05875	0.01775	0.03198	0.04130	0.00238	0.02822	0.10084	0.01995	0.03596	0.02941	0.52911	0.05846	0.00378	0.00185	0.00058	0.00123	0.02602	0.00778	0.00168
4	0.00901	0.01063	0.01531	0.31580	0.23921	0.14510	0.02855	0.06105	0.01026	0.04516	0.00376	0.07409	0.01762	0.00189	0.00160	0.00050	0.00201	0.00164	0.01477	0.00206
5	0.00196	0.00142	0.00185	0.00219	0.00232	0.00131	0.00147	0.00225	0.00311	0.00410	0.00935	0.84786	0.08227	0.01474	0.00210	0.00065	0.00093	0.01733	0.00148	0.00130
6	0.03249	0.00316	0.00471	0.15739	0.33252	0.01183	0.01442	0.08843	0.01720	0.16414	0.02278	0.11303	0.01006	0.00210	0.00166	0.00557	0.00167	0.00185	0.01276	0.00223
7	0.02945	0.01930	0.03292	0.13051	0.26257	0.18926	0.05923	0.09617	0.05413	0.08000	0.00337	0.00394	0.00259	0.00166	0.00166	0.00049	0.02812	0.00138	0.00101	0.00225
8	0.04891	0.00355	0.00406	0.00333	0.02666	0.00374	0.00265	0.42124	0.10486	0.29088	0.01581	0.00484	0.00355	0.00197	0.00156	0.00049	0.00150	0.01002	0.04782	0.00257
9	0.00549	0.00412	0.00493	0.12045	0.11398	0.01380	0.00339	0.63653	0.01673	0.05894	0.00377	0.00401	0.00271	0.00183	0.00160	0.00049	0.00181	0.00145	0.00141	0.00257
10	0.00237	0.00168	0.00210	0.00199	0.00243	0.00153	0.00151	0.00307	0.01008	0.03491	0.66971	0.02283	0.18888	0.01124	0.00193	0.00053	0.00082	0.02940	0.01148	0.00152
11	0.00197	0.00140	0.00185	0.00221	0.00231	0.00131	0.00148	0.00227	0.00309	0.00415	0.01926	0.91455	0.01052	0.00494	0.00202	0.00064	0.00092	0.00447	0.01933	0.00131
12	0.00207	0.00161	0.00187	0.00185	0.00227	0.00142	0.00137	0.00262	0.00398	0.00523	0.42717	0.09011	0.43395	0.01489	0.00198	0.00054	0.00080	0.00324	0.00160	0.00141
13	0.00220	0.00163	0.00204	0.00194	0.00235	0.00148	0.00146	0.00289	0.00437	0.00603	0.76197	0.01260	0.18630	0.00342	0.00189	0.00051	0.00077	0.00298	0.00171	0.00148
14	0.95506	0.00310	0.00235	0.00210	0.00310	0.00359	0.00173	0.00470	0.00272	0.00718	0.00223	0.00260	0.00173	0.00149	0.00099	0.00050	0.00124	0.00087	0.00099	0.00173
15	0.00521	0.00223	0.00287	0.00239	0.00324	0.00201	0.00190	0.00591	0.01899	0.52891	0.10994	0.06428	0.01376	0.00231	0.00155	0.00048	0.00111	0.00193	0.22879	0.00219
16	0.95506	0.00310	0.00235	0.00210	0.00310	0.00359	0.00173	0.00470	0.00272	0.00718	0.00223	0.00260	0.00173	0.00149	0.00099	0.00050	0.00124	0.00087	0.00099	0.00173
17	0.95506	0.00310	0.00235	0.00210	0.00310	0.00359	0.00173	0.00470	0.00272	0.00718	0.00223	0.00260	0.00173	0.00149	0.00099	0.00050	0.00124	0.00087	0.00099	0.00173
18	0.00195	0.00139	0.00186	0.00223	0.00232	0.00130	0.00149	0.00223	0.00306	0.00409	0.00882	0.94271	0.01059	0.00501	0.00204	0.00065	0.00093	0.00455	0.00149	0.00130
19	0.95506	0.00310	0.00235	0.00210	0.00310	0.00359	0.00173	0.00470	0.00272	0.00718	0.00223	0.00260	0.00173	0.00149	0.00099	0.00050	0.00124	0.00087	0.00099	0.00173
20	0.00406	0.00235	0.00250	0.00215	0.00282	0.00246	0.00170	0.24714	0.00453	0.06419	0.00493	0.00538	0.00373	0.00189	0.00128	0.00041	0.00105	0.00149	0.64408	0.00189
21	0.00339	0.00290	0.00337	0.00244	0.00383	0.00227	0.00195	0.02034	0.03587	0.00534	0.00298	0.00342	0.00246	0.00125	0.00124	0.00026	0.00941	0.00099	0.00098	0.89529
22	0.00572	0.00245	0.00323	0.00264	0.00360	0.00219	0.00212	0.04620	0.00442	0.63026	0.07953	0.13755	0.02213	0.00254	0.00167	0.00051	0.00123	0.00214	0.04752	0.00235
23	0.03383	0.00254	0.00334	0.00271	0.00374	0.00227	0.00218	0.03581	0.00435	0.70110	0.00675	0.14802	0.02979	0.00248	0.00166	0.00052	0.00128	0.00208	0.01312	0.00243
24	0.00351	0.00253	0.00398	0.00334	0.00411	0.01196	0.19836	0.01925	0.05839	0.16860	0.04362	0.32205	0.11963	0.00325	0.00188	0.00057	0.00143	0.03025	0.00144	0.00185
25	0.00229	0.00171	0.00257	0.00257	0.00286	0.00200	0.00200	0.00286	0.00257	0.00372	0.00429	0.00629	0.00400	0.01200	0.93741	0.00257	0.00429	0.00171	0.00086	0.00143
26	0.00195	0.00141	0.00185	0.00219	0.00231	0.00131	0.00147	0.00224	0.00310	0.00411	0.01808	0.87668	0.05719	0.01521	0.00210	0.00065	0.00093	0.00445	0.00148	0.00130
27	0.05707	0.00273	0.00355	0.00278	0.00394	0.00248	0.00228	0.02951	0.03379	0.77230	0.05937	0.00565	0.00449	0.00203	0.00159	0.00050	0.00132	0.00165	0.01037	0.00258
28	0.29821	0.00291	0.00334	0.00266	0.00382	0.00284	0.00219	0.04606	0.00414	0.61062	0.00495	0.00450	0.00322	0.00183	0.00142	0.00049	0.00134	0.00137	0.00166	0.00242
29	0.01650	0.00262	0.00339	0.00269	0.00377	0.00237	0.00221	0.05442	0.01351	0.70219	0.00605	0.00581	0.00407	0.00203	0.00155	0.00048	0.00129	0.03002	0.14255	0.00249
30	0.95506	0.00310	0.00235	0.00210	0.00310	0.00359	0.00173	0.00470	0.00272	0.00718	0.00223	0.00260	0.00173	0.00149	0.00099	0.00050	0.00124	0.00087	0.00099	0.00173
31	0.00229	0.00167	0.00202	0.00192	0.00238	0.00148	0.00144	0.00291	0.00418	0.03288	0.56338	0.04407	0.31423	0.00352	0.00188	0.00052	0.00080	0.00305	0.00166	0.01371
32	0.90807	0.00316	0.00247	0.00218	0.00319	0.00366	0.00180	0.05044	0.00296	0.00732	0.00231	0.00266	0.00178	0.00151	0.00102	0.00049	0.00126	0.00090	0.00102	0.00178
33	0.00352	0.00338	0.06547	0.38919	0.04439	0.00980	0.00831	0.01573	0.25602	0.03106	0.00870	0.00492	0.00805	0.00195	0.00727	0.00054	0.06598	0.00624	0.06740	0.00206
34	0.00195	0.00148	0.00179	0.00202	0.00227	0.00133	0.00140	0.00228	0.00330	0.00422	0.03691	0.59082	0.31639	0.01533	0.00206	0.00062	0.00090	0.01211	0.00149	0.00132
35	0.92171	0.00304	0.00232	0.00208	0.00305	0.00352	0.00171	0.00467	0.00275	0.00714	0.00233	0.00272	0.00182	0.00150	0.00099	0.00049	0.00122	0.00089	0.03432	0.00172
36	0.00198	0.00153	0.00181	0.00198	0.00229	0.00137	0.00140	0.00238	0.01113	0.00436	0.07386	0.47170	0.38378	0.01435	0.00203	0.00061	0.00089	0.01972	0.00150	0.00134
37	0.00232	0.00165	0.00210	0.00203	0.00242	0.00151	0.00151	0.00302	0.01090	0.02402	0.70470	0.10237	0.10534	0.00349	0.00189	0.00052	0.00080	0.01661	0.01130	0.00150
38	0.00426	0.92998	0.02297	0.00277	0.00415	0.00629	0.00279	0.00480	0.00325	0.00379	0.00224	0.00258	0.00205	0.00137	0.00103	0.00034	0.00172	0.00086	0.00068	0.00206

[dist]
# distance from previous block
# <min> <max>
1	1

[block]
# block no. 2 follows, 198 sequences, length 16
# corresponding to MSA columns:
# 2275,2276,2278-2282,2286,2287,2289-2295
name=unknown_C
#
# <colnr> <probs for GDERKNQSTAVLIFYWHMCP>
#	G	D	E	R	K	N	Q	S	T	A	V	L	I	F	Y	W	H	M	C	P
0	0.00438	0.91170	0.00822	0.00274	0.00411	0.00619	0.00273	0.00490	0.00330	0.03640	0.00237	0.00267	0.00212	0.00139	0.00105	0.00035	0.00170	0.00088	0.00073	0.00208
1	0.00308	0.05066	0.07929	0.06185	0.01739	0.01235	0.00242	0.03427	0.15610	0.02830	0.40202	0.04332	0.05626	0.00270	0.00175	0.00051	0.01057	0.00896	0.02633	0.00186
2	0.00222	0.00163	0.00208	0.00198	0.00237	0.00149	0.00148	0.00293	0.00441	0.00615	0.81883	0.03481	0.10687	0.00339	0.00189	0.00051	0.00076	0.00298	0.00173	0.00149
3	0.00352	0.17387	0.73377	0.00420	0.00635	0.00423	0.00524	0.04233	0.00352	0.00504	0.00280	0.00325	0.00206	0.00151	0.00144	0.00048	0.00223	0.00114	0.00071	0.00232
4	0.00273	0.00816	0.04330	0.02682	0.03499	0.01102	0.00214	0.01026	0.11984	0.02722	0.09096	0.32760	0.13474	0.00360	0.00853	0.00058	0.00766	0.07415	0.01219	0.05350
5	0.03256	0.05793	0.00480	0.00360	0.00479	0.13730	0.00295	0.63920	0.06607	0.02954	0.00374	0.00377	0.00273	0.00186	0.00153	0.00047	0.00186	0.00136	0.00143	0.00252
6	0.00598	0.00763	0.00454	0.00412	0.00495	0.93733	0.00309	0.00639	0.00454	0.00392	0.00247	0.00289	0.00206	0.00165	0.00144	0.00041	0.00289	0.00103	0.00082	0.00186
7	0.00201	0.00142	0.00188	0.00223	0.00236	0.00133	0.00152	0.00232	0.00312	0.00418	0.00888	0.85165	0.03113	0.00488	0.00202	0.00064	0.00095	0.04981	0.02635	0.00131
8	0.00384	0.00348	0.00515	0.00424	0.00456	0.00448	0.08940	0.00432	0.00280	0.08545	0.00261	0.00374	0.00231	0.00252	0.00444	0.00065	0.72901	0.00144	0.00083	0.04474
9	0.00302	0.00284	0.00480	0.93990	0.01102	0.00356	0.00444	0.00409	0.00320	0.00409	0.00284	0.00427	0.00213	0.00160	0.00160	0.00053	0.00213	0.00142	0.00071	0.00178
10	0.00378	0.00432	0.00944	0.00675	0.00836	0.00405	0.92795	0.00513	0.00378	0.00513	0.00324	0.00432	0.00243	0.00135	0.00189	0.00054	0.00270	0.00189	0.00081	0.00216
11	0.00211	0.00166	0.00191	0.00185	0.00231	0.00147	0.00138	0.00271	0.01643	0.00524	0.40818	0.04879	0.46489	0.01684	0.00197	0.00054	0.00081	0.00314	0.00159	0.01617
12	0.03362	0.00174	0.00214	0.00222	0.00262	0.00160	0.00161	0.01485	0.00347	0.13210	0.00985	0.52999	0.21698	0.00421	0.00192	0.00060	0.00100	0.03640	0.00154	0.00155
13	0.00334	0.00325	0.00455	0.00394	0.00396	0.00449	0.00325	0.00369	0.00245	0.00380	0.00243	0.00409	0.00245	0.05282	0.08084	0.00090	0.81585	0.00147	0.00073	0.00168
14	0.22978	0.03444	0.00395	0.03351	0.05064	0.04710	0.01256	0.17291	0.29052	0.06799	0.00437	0.00464	0.00333	0.00189	0.00146	0.00050	0.00152	0.02720	0.00134	0.01034
15	0.02793	0.00640	0.60423	0.00395	0.00577	0.00357	0.00461	0.03975	0.17551	0.00565	0.05318	0.00501	0.03641	0.00189	0.00158	0.00052	0.00195	0.01879	0.00100	0.00230

[dist]
# distance from previous block
# <min> <max>
4	7

[block]
# block no. 3 follows, 198 sequences, length 14
# corresponding to MSA columns:
# 2312-2322,2348-2350
name=unknown_D
#
# <colnr> <probs for GDERKNQSTAVLIFYWHMCP>
#	G	D	E	R	K	N	Q	S	T	A	V	L	I	F	Y	W	H	M	C	P
0	0.01768	0.00356	0.02598	0.04136	0.01848	0.01722	0.01015	0.35248	0.06715	0.10265	0.01236	0.06224	0.00363	0.01714	0.01195	0.00049	0.00771	0.01740	0.01080	0.19958
1	0.00396	0.00380	0.00650	0.00982	0.93377	0.00380	0.00491	0.00491	0.00364	0.00523	0.00301	0.00396	0.00254	0.00143	0.00158	0.00048	0.00190	0.00143	0.00079	0.00254
2	0.00451	0.00242	0.00304	0.00253	0.00333	0.00231	0.00201	0.12684	0.02548	0.32534	0.43405	0.00842	0.02366	0.00260	0.00173	0.00050	0.00111	0.00221	0.02581	0.00211
3	0.01205	0.16347	0.16728	0.02463	0.08030	0.02376	0.08441	0.04101	0.02629	0.06431	0.04945	0.10178	0.02361	0.04513	0.06108	0.00067	0.02591	0.00183	0.00103	0.00201
4	0.04195	0.00436	0.00467	0.00359	0.00486	0.00481	0.00296	0.85616	0.00722	0.04754	0.00388	0.00386	0.00273	0.00191	0.00158	0.00048	0.00173	0.00143	0.00159	0.00268
5	0.02268	0.00238	0.00315	0.00259	0.00355	0.00209	0.00207	0.00619	0.00423	0.65255	0.04875	0.14813	0.08911	0.00267	0.00170	0.00052	0.00122	0.00226	0.00183	0.00231
6	0.01912	0.00278	0.01971	0.03275	0.12386	0.00256	0.01539	0.03808	0.03021	0.42510	0.07173	0.02749	0.12403	0.01285	0.01623	0.00055	0.00811	0.01892	0.00828	0.00227
7	0.00449	0.05019	0.13653	0.04642	0.05913	0.01303	0.04337	0.07933	0.09052	0.23581	0.02463	0.04951	0.02310	0.00881	0.00901	0.00055	0.04379	0.06136	0.01820	0.00225
8	0.04785	0.00334	0.01161	0.02315	0.00436	0.04187	0.04261	0.21928	0.08688	0.27343	0.00471	0.00515	0.00352	0.03461	0.15511	0.00088	0.02857	0.00938	0.00142	0.00227
9	0.00222	0.00150	0.00179	0.00195	0.00223	0.00139	0.00139	0.00270	0.00345	0.00487	0.13597	0.42680	0.17057	0.00391	0.00180	0.00055	0.00086	0.02682	0.20784	0.00138
10	0.01880	0.00409	0.08496	0.31041	0.17348	0.08422	0.04510	0.05454	0.05080	0.03743	0.00329	0.01425	0.00261	0.00186	0.00920	0.00054	0.08318	0.00897	0.01016	0.00209
11	0.06544	0.04644	0.07653	0.23564	0.06817	0.05203	0.08500	0.11978	0.01786	0.11983	0.00389	0.06888	0.00315	0.00191	0.00161	0.00051	0.01137	0.00946	0.01038	0.00213
12	0.00212	0.00166	0.00235	0.04751	0.00302	0.00160	0.03890	0.00258	0.01576	0.00423	0.03102	0.67343	0.11054	0.00489	0.05173	0.00073	0.00122	0.00394	0.00140	0.00139
13	0.00598	0.00746	0.00455	0.00410	0.00495	0.88775	0.00309	0.05542	0.00469	0.00425	0.00255	0.00294	0.00210	0.00166	0.00145	0.00042	0.00283	0.00105	0.00087	0.00190

[dist]
# distance from previous block
# <min> <max>
0	9

[block]
# block no. 4 follows, 198 sequences, length 10
# corresponding to MSA columns:
# 2360,2361,2363,2383,2384,2387-2391
name=unknown_E
#
# <colnr> <probs for GDERKNQSTAVLIFYWHMCP>
#	G	D	E	R	K	N	Q	S	T	A	V	L	I	F	Y	W	H	M	C	P
0	0.00478	0.01690	0.00419	0.02103	0.02017	0.00371	0.00259	0.47952	0.02239	0.02192	0.03281	0.00406	0.00306	0.01474	0.00154	0.00041	0.00151	0.00132	0.00133	0.34200
1	0.07890	0.02911	0.03579	0.05954	0.05159	0.12851	0.02983	0.17622	0.13949	0.05961	0.00425	0.08216	0.00363	0.03640	0.00208	0.01168	0.05828	0.00962	0.00120	0.00212
2	0.00297	0.00204	0.00245	0.00219	0.00275	0.01547	0.00169	0.01675	0.03626	0.08934	0.50128	0.02975	0.12954	0.00297	0.00186	0.00049	0.03053	0.00252	0.06858	0.06056
3	0.00382	0.01814	0.16134	0.07955	0.20613	0.05396	0.16376	0.06050	0.09047	0.01700	0.02190	0.00519	0.04288	0.00183	0.00171	0.00051	0.01855	0.03063	0.01991	0.00221
4	0.00244	0.00169	0.00208	0.00205	0.00241	0.00173	0.00154	0.00317	0.04070	0.00493	0.18602	0.04106	0.14743	0.05904	0.28555	0.00117	0.00190	0.00228	0.21135	0.00146
5	0.00302	0.01971	0.04424	0.04708	0.05084	0.06795	0.05778	0.03003	0.05096	0.01453	0.31489	0.04970	0.17867	0.00307	0.02616	0.00057	0.02552	0.00242	0.01112	0.00175
6	0.01302	0.00373	0.16218	0.00307	0.01965	0.01508	0.01224	0.02724	0.08943	0.15116	0.03990	0.06531	0.04809	0.00198	0.00154	0.00043	0.01385	0.00164	0.01500	0.31545
7	0.00275	0.00237	0.00334	0.00307	0.00325	0.00303	0.00246	0.00322	0.00260	0.00385	0.00407	0.00580	0.04608	0.04238	0.47530	0.00166	0.35626	0.00169	0.03529	0.00153
8	0.01934	0.07343	0.06336	0.09342	0.07008	0.12974	0.03213	0.04521	0.02345	0.07275	0.01606	0.03470	0.02307	0.03606	0.00221	0.00052	0.12235	0.00858	0.04542	0.08811
9	0.03740	0.02670	0.21541	0.01056	0.00434	0.00298	0.03576	0.05675	0.14282	0.09927	0.07556	0.10748	0.05805	0.04681	0.02331	0.00063	0.00950	0.02908	0.01555	0.00204

[dist]
# distance from previous block
# <min> <max>
6	6

[block]
# block no. 5 follows, 198 sequences, length 10
# corresponding to MSA columns:
# 2406-2408,2415,2416,2424-2428
name=unknown_F
#
# <colnr> <probs for GDERKNQSTAVLIFYWHMCP>
#	G	D	E	R	K	N	Q	S	T	A	V	L	I	F	Y	W	H	M	C	P
0	0.02167	0.00269	0.00356	0.00279	0.00393	0.00240	0.00228	0.03894	0.02168	0.78163	0.06215	0.02459	0.01982	0.00215	0.00163	0.00050	0.00132	0.00176	0.00191	0.00258
1	0.01167	0.00245	0.08754	0.03200	0.03004	0.00196	0.01320	0.01880	0.01109	0.03742	0.05170	0.41534	0.08094	0.03062	0.01076	0.00064	0.00129	0.11598	0.01175	0.03481
2	0.02400	0.25326	0.30347	0.02596	0.03383	0.02670	0.14716	0.07045	0.00374	0.03478	0.00290	0.00342	0.00224	0.00151	0.00149	0.00045	0.01790	0.00123	0.00083	0.04466
3	0.00213	0.00173	0.00191	0.00198	0.00242	0.00160	0.00144	0.00292	0.09378	0.00460	0.06480	0.28669	0.51998	0.00411	0.00191	0.00057	0.00089	0.00354	0.00152	0.00146
4	0.00227	0.00163	0.00193	0.00193	0.00227	0.00149	0.00138	0.00271	0.00360	0.02956	0.27608	0.10615	0.31243	0.19549	0.00319	0.00076	0.00101	0.05330	0.00147	0.00136
5	0.04544	0.03213	0.03849	0.21486	0.13754	0.02400	0.10112	0.18090	0.05274	0.07395	0.00358	0.01787	0.00274	0.00174	0.00170	0.00050	0.03538	0.00149	0.01318	0.02065
6	0.04271	0.10408	0.05874	0.06852	0.14083	0.02912	0.28871	0.05273	0.00376	0.04518	0.00321	0.02063	0.00256	0.00153	0.00160	0.00047	0.01424	0.00147	0.00967	0.11026
7	0.00234	0.00174	0.00256	0.00254	0.00281	0.00202	0.00196	0.00286	0.00257	0.00373	0.00425	0.00634	0.00400	0.04483	0.83984	0.02428	0.02479	0.00172	0.02342	0.00140
8	0.00425	0.81213	0.02830	0.00291	0.00430	0.00595	0.02761	0.03025	0.02551	0.00413	0.00244	0.00278	0.00216	0.00140	0.00110	0.00036	0.00172	0.00093	0.00075	0.04103
9	0.00216	0.00159	0.00189	0.00194	0.00231	0.00142	0.00141	0.00262	0.00370	0.02567	0.25920	0.25536	0.37133	0.04251	0.00219	0.00060	0.00088	0.02029	0.00155	0.00140

[dist]
# distance from previous block
# <min> <max>
0	4

[block]
# block no. 6 follows, 198 sequences, length 21
# corresponding to MSA columns:
# 2435-2442,2467-2479
name=unknown_G
#
# <colnr> <probs for GDERKNQSTAVLIFYWHMCP>
#	G	D	E	R	K	N	Q	S	T	A	V	L	I	F	Y	W	H	M	C	P
0	0.00216	0.00162	0.00200	0.00193	0.00233	0.00147	0.00143	0.00280	0.00418	0.00570	0.63726	0.04184	0.24736	0.02118	0.01916	0.00057	0.00085	0.00304	0.00165	0.00145
1	0.00288	0.00168	0.00220	0.00222	0.00260	0.00153	0.00161	0.00335	0.00370	0.15570	0.22533	0.48626	0.08194	0.00399	0.00191	0.00058	0.00095	0.00355	0.01644	0.00159
2	0.00428	0.94471	0.00839	0.00274	0.00411	0.00633	0.00274	0.00479	0.00325	0.00377	0.00223	0.00257	0.00205	0.00137	0.00103	0.00034	0.00171	0.00086	0.00068	0.00205
3	0.03269	0.00192	0.00220	0.00193	0.00258	0.00182	0.00152	0.00501	0.00371	0.29056	0.00547	0.00571	0.00399	0.00189	0.00127	0.00041	0.00095	0.00151	0.63301	0.00188
4	0.00473	0.00381	0.00404	0.00341	0.00445	0.00433	0.00271	0.33595	0.60222	0.00790	0.00556	0.00521	0.00412	0.00208	0.00162	0.00052	0.00144	0.00168	0.00162	0.00260
5	0.00428	0.94471	0.00839	0.00274	0.00411	0.00633	0.00274	0.00479	0.00325	0.00377	0.00223	0.00257	0.00205	0.00137	0.00103	0.00034	0.00171	0.00086	0.00068	0.00205
6	0.00544	0.00666	0.00463	0.03144	0.00503	0.71716	0.01410	0.02190	0.03210	0.00412	0.00258	0.00314	0.00217	0.00183	0.00202	0.00047	0.14135	0.00114	0.00084	0.00188
7	0.00324	0.00220	0.00292	0.00240	0.00322	0.00188	0.03271	0.00397	0.00411	0.12565	0.47509	0.04078	0.00939	0.00252	0.00166	0.00044	0.00103	0.01196	0.00151	0.27333
8	0.00488	0.00307	0.02673	0.00293	0.01178	0.00264	0.02740	0.04251	0.12583	0.34249	0.00481	0.02446	0.00353	0.02138	0.00161	0.00043	0.00136	0.00146	0.00144	0.34925
9	0.00454	0.00364	0.00386	0.00329	0.00429	0.00411	0.00261	0.27334	0.60244	0.02432	0.00622	0.00581	0.04985	0.00219	0.00163	0.00052	0.00139	0.00178	0.00162	0.00253
10	0.00302	0.00284	0.00480	0.93990	0.01102	0.00356	0.00444	0.00409	0.00320	0.00409	0.00284	0.00427	0.00213	0.00160	0.00160	0.00053	0.00213	0.00142	0.00071	0.00178
11	0.00229	0.00171	0.00253	0.00253	0.00280	0.00198	0.00194	0.00283	0.00256	0.00368	0.00433	0.00652	0.00410	0.06377	0.88578	0.00252	0.00414	0.00175	0.00086	0.00140
12	0.00219	0.00153	0.00203	0.00235	0.00252	0.00145	0.00166	0.00263	0.02611	0.02454	0.00867	0.78952	0.01014	0.00481	0.00204	0.00065	0.00101	0.11327	0.00150	0.00138
13	0.00212	0.00160	0.00187	0.00189	0.00230	0.00141	0.00138	0.00262	0.00382	0.02335	0.29992	0.20261	0.44140	0.00396	0.00192	0.00055	0.00083	0.00343	0.00158	0.00142
14	0.00603	0.00610	0.00467	0.00391	0.00496	0.48517	0.00307	0.45354	0.00599	0.00691	0.00314	0.00335	0.00238	0.00178	0.00152	0.00045	0.00234	0.00123	0.00120	0.00228
15	0.00428	0.94471	0.00839	0.00274	0.00411	0.00633	0.00274	0.00479	0.00325	0.00377	0.00223	0.00257	0.00205	0.00137	0.00103	0.00034	0.00171	0.00086	0.00068	0.00205
16	0.00549	0.00252	0.00317	0.00260	0.00355	0.00235	0.00209	0.02933	0.10925	0.54531	0.08264	0.02547	0.03865	0.00223	0.00158	0.00049	0.00119	0.00184	0.13791	0.00235
17	0.00373	0.00177	0.00194	0.00177	0.00230	0.00173	0.00137	0.03047	0.00367	0.15237	0.00535	0.00583	0.00404	0.00188	0.00121	0.00040	0.00087	0.00151	0.77609	0.00172
18	0.00242	0.00172	0.00225	0.00209	0.00251	0.00158	0.01193	0.00318	0.01435	0.03085	0.80692	0.01189	0.06441	0.02041	0.00200	0.00053	0.00083	0.01688	0.00172	0.00154
19	0.00240	0.00158	0.00211	0.03373	0.00272	0.00149	0.00164	0.00278	0.00337	0.06142	0.12962	0.62138	0.05448	0.01783	0.00214	0.02049	0.00099	0.02242	0.01600	0.00142
20	0.01016	0.00258	0.02596	0.00894	0.00341	0.03835	0.01096	0.06312	0.07696	0.22054	0.00676	0.40727	0.00667	0.01457	0.02380	0.00062	0.02093	0.01144	0.04506	0.00190

[dist]
# distance from previous block
# <min> <max>
1	4

[block]
# block no. 7 follows, 198 sequences, length 20
# corresponding to MSA columns:
# 2504-2523
name=unknown_H
#
# <colnr> <probs for GDERKNQSTAVLIFYWHMCP>
#	G	D	E	R	K	N	Q	S	T	A	V	L	I	F	Y	W	H	M	C	P
0	0.00372	0.00354	0.00596	0.15155	0.73427	0.00365	0.00463	0.00471	0.01492	0.00505	0.01508	0.00457	0.03809	0.00158	0.00160	0.00049	0.00187	0.00152	0.00083	0.00236
1	0.00340	0.00285	0.00337	0.03127	0.00402	0.00234	0.00207	0.01451	0.06826	0.01926	0.02261	0.00426	0.00306	0.00145	0.00132	0.00030	0.00876	0.03294	0.00104	0.77290
2	0.00197	0.00141	0.00187	0.00222	0.00233	0.00131	0.00149	0.00228	0.00315	0.00423	0.06589	0.88523	0.01086	0.00491	0.00203	0.00064	0.00092	0.00445	0.00150	0.00131
3	0.00220	0.00163	0.00204	0.00194	0.00235	0.00148	0.00146	0.00289	0.00437	0.00603	0.76205	0.01260	0.18622	0.00342	0.00189	0.00051	0.00077	0.00298	0.00171	0.00148
4	0.00589	0.00437	0.00469	0.00364	0.00488	0.00485	0.00299	0.85655	0.06218	0.00977	0.00401	0.00401	0.00287	0.00213	0.01913	0.00052	0.00178	0.00147	0.00159	0.00269
5	0.48309	0.00291	0.00303	0.00247	0.00359	0.00297	0.00204	0.00625	0.00365	0.46910	0.00426	0.00402	0.00284	0.00173	0.00130	0.00050	0.00130	0.00124	0.00148	0.00223
6	0.00636	0.00404	0.00453	0.00347	0.00474	0.00430	0.00287	0.69599	0.00678	0.24358	0.00447	0.00425	0.00303	0.00194	0.00160	0.00048	0.00166	0.00148	0.00170	0.00272
7	0.00705	0.00269	0.00367	0.00282	0.00404	0.00233	0.00233	0.00767	0.00458	0.90941	0.03173	0.00563	0.00427	0.00202	0.00162	0.00050	0.00135	0.00164	0.00197	0.00269
8	0.00212	0.00159	0.00218	0.00237	0.00257	0.00151	0.03332	0.00260	0.03522	0.00431	0.06121	0.75993	0.03419	0.04596	0.00228	0.00067	0.00102	0.00414	0.00146	0.00137
9	0.18787	0.00310	0.00479	0.55946	0.14462	0.00360	0.05379	0.00436	0.00321	0.00492	0.00294	0.00404	0.01374	0.00157	0.00150	0.00052	0.00194	0.00136	0.00079	0.00190
10	0.00281	0.00205	0.00252	0.00265	0.03133	0.00214	0.00183	0.01349	0.20475	0.02136	0.01307	0.27670	0.01446	0.22142	0.01152	0.08435	0.00131	0.08938	0.00131	0.00154
11	0.00363	0.22442	0.64789	0.00409	0.00610	0.02997	0.00496	0.03337	0.00349	0.00486	0.00273	0.00319	0.00206	0.00153	0.00148	0.00047	0.02164	0.00112	0.00071	0.00228
12	0.92417	0.00308	0.00240	0.00213	0.00313	0.00355	0.00175	0.00481	0.00278	0.03741	0.00236	0.00269	0.00181	0.00150	0.00101	0.00050	0.00124	0.00089	0.00102	0.00177
13	0.00379	0.00428	0.00917	0.00658	0.00817	0.00404	0.88507	0.00528	0.04674	0.00520	0.00339	0.00439	0.00254	0.00139	0.00188	0.00054	0.00263	0.00189	0.00085	0.00218
14	0.00219	0.00148	0.00193	0.00222	0.00240	0.00137	0.00154	0.00253	0.00321	0.03490	0.02194	0.77080	0.06301	0.00470	0.00199	0.00063	0.00095	0.04666	0.03418	0.00137
15	0.03485	0.00273	0.00304	0.00289	0.00359	0.00924	0.00230	0.02482	0.44925	0.04654	0.07912	0.05867	0.05068	0.00295	0.00178	0.00058	0.00125	0.20644	0.01721	0.00206
16	0.00240	0.00182	0.00228	0.00215	0.00255	0.00178	0.00162	0.03494	0.01572	0.00596	0.64891	0.08123	0.14212	0.00343	0.00204	0.00053	0.04438	0.00295	0.00165	0.00154
17	0.00233	0.00162	0.00230	0.00240	0.00263	0.00173	0.00176	0.00276	0.00280	0.03449	0.00604	0.34392	0.00649	0.07112	0.50778	0.00174	0.00280	0.00277	0.00113	0.00139
18	0.03765	0.00613	0.00427	0.00393	0.01933	0.64461	0.00296	0.01376	0.00403	0.00419	0.00291	0.05607	0.00264	0.00202	0.00204	0.00047	0.14748	0.00131	0.04238	0.00181
19	0.03166	0.04691	0.01860	0.00335	0.04665	0.06980	0.00741	0.04729	0.01761	0.02421	0.00364	0.01373	0.00328	0.02211	0.43493	0.00759	0.15116	0.00152	0.01547	0.03309

[dist]
# distance from previous block
# <min> <max>
0	30

[block]
# block no. 8 follows, 198 sequences, length 12
# corresponding to MSA columns:
# 2575-2579,2588-2593,2595
name=unknown_I
#
# <colnr> <probs for GDERKNQSTAVLIFYWHMCP>
#	G	D	E	R	K	N	Q	S	T	A	V	L	I	F	Y	W	H	M	C	P
0	0.53767	0.13053	0.02947	0.04454	0.02175	0.08438	0.02453	0.03451	0.00328	0.03328	0.00309	0.00344	0.04073	0.00162	0.00118	0.00047	0.00157	0.00109	0.00097	0.00188
1	0.75367	0.00316	0.00282	0.00257	0.03462	0.00355	0.01471	0.05729	0.01828	0.05580	0.00271	0.00302	0.00205	0.00154	0.00111	0.00049	0.00131	0.00100	0.01946	0.02083
2	0.00341	0.00276	0.00324	0.00236	0.00370	0.00211	0.00189	0.00411	0.00334	0.03719	0.00310	0.00358	0.00254	0.00160	0.03267	0.00033	0.00128	0.00102	0.03398	0.85579
3	0.00298	0.00149	0.00149	0.00149	0.00186	0.00149	0.00112	0.00373	0.00336	0.00597	0.00522	0.00597	0.00410	0.00186	0.00112	0.00037	0.00075	0.00149	0.95264	0.00149
4	0.00229	0.00171	0.00253	0.00253	0.00280	0.00198	0.00194	0.00283	0.00256	0.00368	0.00433	0.00652	0.00410	0.06377	0.88578	0.00252	0.00414	0.00175	0.00086	0.00140
5	0.00302	0.00284	0.00480	0.93990	0.01102	0.00356	0.00444	0.00409	0.00320	0.00409	0.00284	0.00427	0.00213	0.00160	0.00160	0.00053	0.00213	0.00142	0.00071	0.00178
6	0.00298	0.00149	0.00149	0.00149	0.00186	0.00149	0.00112	0.00373	0.00336	0.00597	0.00522	0.00597	0.00410	0.00186	0.00112	0.00037	0.00075	0.00149	0.95264	0.00149
7	0.00212	0.00154	0.00192	0.00206	0.00235	0.00140	0.00146	0.00255	0.00357	0.01995	0.23192	0.46374	0.21350	0.01948	0.00207	0.00060	0.00089	0.02593	0.00155	0.00138
8	0.00241	0.00167	0.00204	0.00201	0.00205	0.00178	0.00127	0.00247	0.00235	0.00321	0.00466	0.00922	0.00521	0.71554	0.13340	0.05467	0.05192	0.00214	0.00092	0.00106
9	0.00346	0.00293	0.00339	0.00244	0.00385	0.00228	0.00195	0.05076	0.00353	0.00546	0.00290	0.00335	0.00239	0.00122	0.00121	0.00025	0.00121	0.00097	0.00098	0.90547
10	0.00372	0.00377	0.06151	0.13852	0.31604	0.04315	0.07337	0.03419	0.13447	0.01998	0.11051	0.00549	0.01957	0.00189	0.00168	0.00051	0.01035	0.00972	0.00936	0.00221
11	0.00347	0.00279	0.00327	0.00236	0.00374	0.00212	0.00189	0.00418	0.00337	0.04479	0.00307	0.00350	0.00250	0.00124	0.00120	0.00025	0.00118	0.00099	0.03335	0.88072

[dist]
# distance from previous block
# <min> <max>
3	5

[block]
# block no. 9 follows, 198 sequences, length 31
# corresponding to MSA columns:
# 2627-2638,2683-2701
name=unknown_J
#
# <colnr> <probs for GDERKNQSTAVLIFYWHMCP>
#	G	D	E	R	K	N	Q	S	T	A	V	L	I	F	Y	W	H	M	C	P
0	0.00253	0.01576	0.00248	0.00224	0.01058	0.00177	0.02785	0.02199	0.01680	0.01454	0.68554	0.03694	0.05806	0.00311	0.00181	0.00050	0.00088	0.01482	0.08021	0.00158
1	0.09400	0.00310	0.01592	0.00333	0.00423	0.00323	0.13188	0.03208	0.39004	0.02447	0.13259	0.09900	0.02296	0.00243	0.00168	0.00053	0.00138	0.00911	0.00143	0.02661
2	0.02645	0.00556	0.00453	0.09354	0.00543	0.40589	0.00312	0.34242	0.08637	0.00650	0.00336	0.00363	0.00255	0.00179	0.00152	0.00046	0.00223	0.00128	0.00117	0.00222
3	0.00298	0.00149	0.00149	0.00149	0.00186	0.00149	0.00112	0.00373	0.00336	0.00597	0.00522	0.00597	0.00410	0.00186	0.00112	0.00037	0.00075	0.00149	0.95264	0.00149
4	0.30425	0.03059	0.04224	0.00303	0.00424	0.03470	0.00259	0.34117	0.00498	0.21194	0.00375	0.00372	0.00261	0.00176	0.00139	0.00048	0.00157	0.00126	0.00140	0.00235
5	0.01803	0.51557	0.32902	0.00355	0.01359	0.00520	0.01945	0.04419	0.02979	0.00465	0.00266	0.00304	0.00216	0.00147	0.00126	0.00042	0.00194	0.00104	0.00075	0.00221
6	0.60521	0.03018	0.00317	0.00257	0.00361	0.04219	0.00211	0.17245	0.02830	0.06455	0.03067	0.00338	0.00255	0.00167	0.00120	0.00049	0.00141	0.00111	0.00119	0.00200
7	0.95506	0.00310	0.00235	0.00210	0.00310	0.00359	0.00173	0.00470	0.00272	0.00718	0.00223	0.00260	0.00173	0.00149	0.00099	0.00050	0.00124	0.00087	0.00099	0.00173
8	0.00216	0.00163	0.00200	0.00191	0.00233	0.00147	0.00143	0.00282	0.00429	0.00584	0.67926	0.01291	0.26913	0.00349	0.00189	0.00051	0.00077	0.00303	0.00169	0.00147
9	0.00198	0.00142	0.00187	0.00218	0.00231	0.00132	0.00146	0.00229	0.00317	0.00424	0.07828	0.82012	0.03572	0.03270	0.00221	0.00066	0.00093	0.00433	0.00149	0.00131
10	0.92631	0.00308	0.00239	0.00213	0.00313	0.00355	0.00175	0.00480	0.00278	0.03531	0.00235	0.00269	0.00180	0.00150	0.00101	0.00050	0.00124	0.00089	0.00102	0.00176
11	0.00301	0.00224	0.00276	0.00230	0.00315	0.00189	0.00182	0.01102	0.01961	0.05274	0.40946	0.00861	0.02226	0.00246	0.00162	0.00042	0.00103	0.07629	0.00142	0.37590
12	0.00244	0.00168	0.00216	0.00201	0.00244	0.00153	0.00152	0.00315	0.00445	0.04565	0.80620	0.01201	0.10212	0.00329	0.00188	0.00051	0.00079	0.00289	0.00174	0.00155
13	0.00296	0.00239	0.00284	0.00228	0.00323	0.00202	0.00178	0.00399	0.07686	0.00581	0.36201	0.00692	0.00752	0.00208	0.00149	0.00037	0.00102	0.00178	0.02440	0.48824
14	0.95506	0.00310	0.00235	0.00210	0.00310	0.00359	0.00173	0.00470	0.00272	0.00718	0.00223	0.00260	0.00173	0.00149	0.00099	0.00050	0.00124	0.00087	0.00099	0.00173
15	0.00250	0.00187	0.00219	0.00210	0.00260	0.00178	0.00159	0.00356	0.11770	0.03314	0.39233	0.08275	0.30424	0.00349	0.00186	0.00054	0.00089	0.02908	0.01418	0.00160
16	0.00219	0.00169	0.00206	0.00222	0.00264	0.00155	0.00179	0.00275	0.00369	0.00467	0.09521	0.10448	0.40783	0.00422	0.00203	0.00062	0.00107	0.35639	0.00151	0.00141
17	0.95506	0.00310	0.00235	0.00210	0.00310	0.00359	0.00173	0.00470	0.00272	0.00718	0.00223	0.00260	0.00173	0.00149	0.00099	0.00050	0.00124	0.00087	0.00099	0.00173
18	0.00321	0.00220	0.00242	0.00221	0.00276	0.00922	0.00170	0.11418	0.12801	0.00655	0.29243	0.04717	0.02899	0.00255	0.00155	0.00047	0.00097	0.00850	0.34313	0.00177
19	0.00201	0.00146	0.00190	0.00221	0.00238	0.00136	0.00154	0.00234	0.00316	0.00415	0.00950	0.73185	0.11547	0.02131	0.01666	0.00069	0.00102	0.07821	0.00147	0.00132
20	0.00361	0.00407	0.02425	0.00622	0.00769	0.00376	0.79318	0.00489	0.00376	0.00508	0.00391	0.00607	0.00330	0.00175	0.00192	0.00056	0.00254	0.12048	0.00089	0.00207
21	0.02153	0.00277	0.00372	0.00286	0.00409	0.00244	0.00236	0.03079	0.00463	0.89767	0.00619	0.00536	0.00390	0.00197	0.00160	0.00049	0.00137	0.00159	0.00196	0.00271
22	0.01261	0.00166	0.00218	0.00238	0.00261	0.00161	0.01721	0.01797	0.05253	0.01873	0.05714	0.76141	0.02466	0.00455	0.00198	0.00063	0.00100	0.01619	0.00150	0.00144
23	0.00326	0.00782	0.85460	0.02348	0.00689	0.00366	0.02705	0.00508	0.01428	0.01843	0.00308	0.01981	0.00225	0.00159	0.00154	0.00051	0.00232	0.00128	0.00072	0.00234
24	0.00542	0.00256	0.00329	0.00269	0.00366	0.00239	0.00216	0.01770	0.13619	0.54750	0.23951	0.00726	0.01771	0.00236	0.00169	0.00050	0.00119	0.00198	0.00187	0.00238
25	0.00198	0.00158	0.00179	0.00187	0.00227	0.00138	0.00137	0.00242	0.00364	0.00459	0.15128	0.23898	0.54316	0.00418	0.00194	0.00057	0.00085	0.03326	0.00153	0.00137
26	0.00390	0.00379	0.00643	0.08619	0.81725	0.01503	0.03418	0.00487	0.00362	0.00512	0.00300	0.00398	0.00249	0.00144	0.00159	0.00048	0.00196	0.00144	0.00079	0.00245
27	0.00203	0.00161	0.00186	0.00190	0.00230	0.00145	0.00140	0.00250	0.00370	0.00474	0.22311	0.19424	0.49640	0.01615	0.00206	0.00057	0.01514	0.02591	0.00153	0.00138
28	0.00377	0.00197	0.00247	0.00226	0.00291	0.00174	0.00172	0.01266	0.00969	0.31717	0.06792	0.26474	0.28453	0.00353	0.00183	0.00055	0.00104	0.00951	0.00817	0.00183
29	0.02339	0.00286	0.00327	0.00284	0.00367	0.00943	0.00224	0.19040	0.20198	0.20210	0.07321	0.14166	0.05616	0.00275	0.00171	0.00053	0.00128	0.04416	0.03417	0.00219
30	0.40155	0.03936	0.03189	0.06134	0.03784	0.04109	0.04674	0.07708	0.01242	0.11435	0.03910	0.02209	0.00314	0.03045	0.01281	0.00055	0.00528	0.00832	0.01261	0.00197

[dist]
# distance from previous block
# <min> <max>
2	49

[block]
# block no. 10 follows, 198 sequences, length 11
# corresponding to MSA columns:
# 2751-2761
name=unknown_K
#
# <colnr> <probs for GDERKNQSTAVLIFYWHMCP>
#	G	D	E	R	K	N	Q	S	T	A	V	L	I	F	Y	W	H	M	C	P
0	0.02417	0.05664	0.08714	0.01725	0.02708	0.04585	0.02502	0.04135	0.02055	0.02721	0.01700	0.17557	0.01787	0.19040	0.12366	0.00099	0.02897	0.01259	0.01702	0.04368
1	0.04790	0.00372	0.02897	0.04276	0.11946	0.05060	0.04771	0.27776	0.01927	0.04654	0.06428	0.01834	0.03689	0.00199	0.00992	0.00047	0.01037	0.00157	0.04123	0.13027
2	0.18924	0.00343	0.01330	0.02328	0.02522	0.03506	0.18503	0.02779	0.03047	0.02694	0.01525	0.00385	0.00262	0.01691	0.02655	0.00049	0.02540	0.00128	0.00098	0.34693
3	0.00419	0.00376	0.03399	0.14330	0.12157	0.07919	0.03856	0.20794	0.10778	0.03614	0.01865	0.00536	0.01813	0.08963	0.05653	0.00072	0.01015	0.01087	0.01139	0.00212
4	0.00224	0.00160	0.00216	0.00251	0.00274	0.00155	0.00194	0.00271	0.00334	0.00438	0.00884	0.47072	0.04519	0.03339	0.00230	0.00071	0.00118	0.40967	0.00146	0.00137
5	0.00222	0.00169	0.00219	0.00243	0.00260	0.00173	0.00171	0.00285	0.07592	0.00431	0.00842	0.76264	0.03054	0.00462	0.00219	0.00064	0.05388	0.03650	0.00145	0.00143
6	0.00219	0.00164	0.00202	0.00221	0.00250	0.00155	0.00160	0.02527	0.02822	0.00458	0.07694	0.51121	0.21528	0.01963	0.00209	0.00063	0.00099	0.09855	0.00150	0.00141
7	0.00229	0.00157	0.00188	0.00191	0.00196	0.00160	0.00117	0.00241	0.00247	0.00334	0.02766	0.07807	0.00613	0.71703	0.14250	0.00161	0.00188	0.00241	0.00101	0.00107
8	0.02410	0.42284	0.00627	0.00323	0.00447	0.04901	0.00287	0.36667	0.02976	0.03598	0.00311	0.00330	0.00245	0.00170	0.00147	0.00043	0.03775	0.00116	0.00112	0.00232
9	0.28038	0.00298	0.00339	0.00275	0.00389	0.00289	0.00224	0.04010	0.01800	0.53215	0.00506	0.00499	0.00348	0.00212	0.01595	0.00055	0.00143	0.02015	0.01495	0.04254
10	0.01211	0.00218	0.02555	0.08281	0.01942	0.02219	0.00914	0.01528	0.04352	0.02631	0.01322	0.32506	0.02234	0.19367	0.08084	0.05006	0.00960	0.03240	0.00117	0.01313

[dist]
# distance from previous block
# <min> <max>
2	7

[block]
# block no. 11 follows, 198 sequences, length 9
# corresponding to MSA columns:
# 2770-2778
name=unknown_L
#
# <colnr> <probs for GDERKNQSTAVLIFYWHMCP>
#	G	D	E	R	K	N	Q	S	T	A	V	L	I	F	Y	W	H	M	C	P
0	0.01864	0.01460	0.03432	0.23704	0.05521	0.00341	0.12933	0.08685	0.07702	0.02160	0.01285	0.04160	0.01176	0.00200	0.01044	0.00051	0.03878	0.04060	0.00103	0.16242
1	0.00242	0.00169	0.00191	0.00191	0.00204	0.00169	0.00119	0.01874	0.03889	0.00358	0.00634	0.04408	0.09504	0.69642	0.02082	0.02528	0.00149	0.03428	0.00108	0.00113
2	0.00304	0.00281	0.00464	0.79771	0.04058	0.00347	0.00420	0.00411	0.01985	0.00421	0.00319	0.02787	0.00258	0.00193	0.01603	0.00057	0.02805	0.01524	0.01815	0.00179
3	0.00438	0.00368	0.01525	0.01602	0.02637	0.08200	0.01826	0.19612	0.33525	0.05746	0.04181	0.01449	0.07349	0.01884	0.00187	0.00053	0.03507	0.00983	0.04702	0.00225
4	0.00234	0.00185	0.00209	0.00200	0.00251	0.00172	0.00151	0.03229	0.06556	0.00535	0.32528	0.05349	0.42938	0.02986	0.00204	0.00056	0.00090	0.02374	0.00157	0.01595
5	0.03012	0.00335	0.00546	0.28715	0.40737	0.01477	0.05985	0.01893	0.01749	0.00493	0.02819	0.00440	0.00284	0.00226	0.06376	0.00063	0.01428	0.00148	0.00083	0.03191
6	0.00212	0.00159	0.00212	0.06448	0.00299	0.00154	0.00178	0.00253	0.00324	0.00423	0.03033	0.58411	0.13213	0.03392	0.00220	0.00066	0.00108	0.12616	0.00142	0.00136
7	0.00322	0.00289	0.00469	0.79134	0.04738	0.00351	0.00419	0.00448	0.06483	0.03028	0.00325	0.00455	0.00247	0.02441	0.00176	0.00056	0.00203	0.00148	0.00082	0.00187
8	0.33386	0.02897	0.01479	0.01978	0.10633	0.05215	0.01442	0.11740	0.04318	0.03950	0.00302	0.00343	0.00236	0.00166	0.00144	0.03058	0.00152	0.00113	0.00106	0.18344

[dist]
# distance from previous block
# <min> <max>
2	3

[block]
# block no. 12 follows, 198 sequences, length 10
# corresponding to MSA columns:
# 2782-2786,2788-2792
name=unknown_M
#
# <colnr> <probs for GDERKNQSTAVLIFYWHMCP>
#	G	D	E	R	K	N	Q	S	T	A	V	L	I	F	Y	W	H	M	C	P
0	0.00420	0.04688	0.00434	0.03575	0.10741	0.02178	0.03888	0.08008	0.04344	0.12664	0.01807	0.07621	0.02019	0.01138	0.00171	0.00045	0.02692	0.01513	0.00122	0.31931
1	0.11842	0.30605	0.03943	0.03815	0.07425	0.10979	0.07147	0.07978	0.06718	0.01910	0.01823	0.00370	0.01746	0.00166	0.00146	0.00045	0.02914	0.00124	0.00094	0.00211
2	0.00304	0.00164	0.00180	0.00201	0.06014	0.00164	0.00136	0.00380	0.00337	0.00592	0.00508	0.00584	0.00400	0.00184	0.00115	0.00038	0.00082	0.00149	0.89312	0.00156
3	0.01387	0.02261	0.08992	0.00309	0.03266	0.01904	0.02425	0.05628	0.04015	0.35131	0.06059	0.02330	0.03068	0.05731	0.01193	0.00056	0.00148	0.02163	0.07625	0.06309
4	0.00435	0.00225	0.00287	0.00247	0.00322	0.00210	0.00193	0.05992	0.04102	0.35317	0.32590	0.11270	0.05834	0.00288	0.00176	0.00052	0.00108	0.00247	0.01902	0.00204
5	0.00298	0.00149	0.00149	0.00149	0.00186	0.00149	0.00112	0.00373	0.00336	0.00597	0.00522	0.00597	0.00410	0.00186	0.00112	0.00037	0.00075	0.00149	0.95264	0.00149
