[name]
unknown

[dist]
# distance from previous block
# <min> <max>
0	81

[block]
# block no. 0 follows, 310 sequences, length 12
# corresponding to MSA columns:
# 96-100,109-111,116-119
name=unknown_A
#
# <colnr> <probs for GDERKNQSTAVLIFYWHMCP>
#	G	D	E	R	K	N	Q	S	T	A	V	L	I	F	Y	W	H	M	C	P
0	0.00221	0.10165	0.00227	0.00197	0.00237	0.00172	0.00173	0.07917	0.00265	0.06766	0.00483	0.00954	0.00501	0.00247	0.00132	0.00044	0.00100	0.70993	0.00095	0.00114
1	0.00273	0.00196	0.00229	0.07923	0.00286	0.00213	0.00161	0.14270	0.36795	0.11722	0.05492	0.10377	0.01446	0.03057	0.01680	0.00039	0.00092	0.00135	0.03310	0.02302
2	0.10356	0.01023	0.02827	0.01179	0.00268	0.02646	0.00801	0.20003	0.37779	0.02657	0.04342	0.03623	0.04984	0.03002	0.03360	0.00041	0.00749	0.00119	0.00095	0.00147
3	0.00152	0.00121	0.00160	0.10136	0.00226	0.00122	0.01675	0.00201	0.06794	0.00298	0.11043	0.38448	0.18654	0.06318	0.04170	0.00048	0.00083	0.01162	0.00091	0.00097
4	0.10293	0.00189	0.00287	0.69650	0.03695	0.00228	0.00254	0.03935	0.02063	0.00312	0.00223	0.08009	0.00189	0.00124	0.00104	0.00035	0.00126	0.00107	0.00057	0.00120
5	0.01015	0.01987	0.12144	0.20106	0.02420	0.02158	0.05692	0.04621	0.00908	0.15676	0.00236	0.01020	0.00176	0.00103	0.00096	0.00028	0.00114	0.00087	0.02112	0.29301
6	0.00179	0.00125	0.00181	0.00163	0.00181	0.00122	0.09997	0.00193	0.00182	0.03842	0.02464	0.04132	0.00385	0.58997	0.00402	0.07893	0.00105	0.09034	0.01342	0.00080
7	0.01349	0.03150	0.02302	0.19904	0.05548	0.06310	0.03044	0.12648	0.21491	0.10321	0.03376	0.00333	0.01868	0.00127	0.00110	0.00033	0.02591	0.00104	0.05244	0.00146
8	0.00241	0.00132	0.00153	0.00134	0.00179	0.00121	0.00104	0.01255	0.02136	0.16371	0.03700	0.04118	0.03817	0.04631	0.00111	0.00031	0.00067	0.03017	0.43951	0.15732
9	0.01863	0.22410	0.03221	0.01581	0.02181	0.15648	0.01017	0.11719	0.10602	0.01304	0.00802	0.03763	0.03081	0.05037	0.00118	0.00032	0.01018	0.01733	0.02651	0.10219
10	0.00294	0.74255	0.00479	0.00180	0.00266	0.00359	0.00172	0.00330	0.00223	0.10204	0.00183	0.00200	0.00154	0.00096	0.00079	0.00024	0.02065	0.00064	0.02425	0.07947
11	0.00184	0.07872	0.00181	0.00158	0.00184	0.00126	0.01941	0.00211	0.00220	0.10221	0.02951	0.62470	0.03622	0.01437	0.00129	0.00040	0.00072	0.04606	0.03271	0.00102

[dist]
# distance from previous block
# <min> <max>
14	71

[block]
# block no. 1 follows, 310 sequences, length 7
# corresponding to MSA columns:
# 227-233
name=unknown_B
#
# <colnr> <probs for GDERKNQSTAVLIFYWHMCP>
#	G	D	E	R	K	N	Q	S	T	A	V	L	I	F	Y	W	H	M	C	P
0	0.00187	0.00126	0.00183	0.10216	0.00241	0.00138	0.00140	0.00226	0.00199	0.09330	0.10819	0.00469	0.00346	0.11401	0.55361	0.00120	0.00204	0.00124	0.00070	0.00102
1	0.27084	0.06770	0.02113	0.10791	0.00322	0.19696	0.01660	0.06726	0.02381	0.02833	0.00186	0.00222	0.00148	0.00130	0.03267	0.00035	0.05220	0.00074	0.00063	0.10280
2	0.10082	0.00158	0.00176	0.11926	0.00254	0.04940	0.00138	0.01678	0.07186	0.02099	0.17252	0.17844	0.17581	0.02261	0.00125	0.00038	0.00082	0.05985	0.00090	0.00107
3	0.15120	0.02547	0.01302	0.13586	0.03520	0.04128	0.01782	0.25203	0.01627	0.04515	0.00215	0.01276	0.00166	0.00111	0.00102	0.00029	0.03674	0.00084	0.01124	0.19888
4	0.00197	0.00122	0.00145	0.00139	0.00155	0.00123	0.00091	0.00234	0.09226	0.10787	0.00375	0.10631	0.00392	0.61428	0.05436	0.00086	0.00105	0.00159	0.00079	0.00091
5	0.00181	0.00178	0.09297	0.00211	0.00253	0.00161	0.10131	0.04235	0.00194	0.00275	0.00255	0.00366	0.00229	0.00578	0.62131	0.10827	0.00232	0.00108	0.00056	0.00104
6	0.12049	0.00160	0.00203	0.00186	0.00224	0.04192	0.11010	0.01889	0.01977	0.03116	0.00488	0.30316	0.12255	0.08162	0.00154	0.00044	0.00091	0.10864	0.02518	0.00104

[dist]
# distance from previous block
# <min> <max>
1	2

[block]
# block no. 2 follows, 310 sequences, length 15
# corresponding to MSA columns:
# 236-241,248-256
name=unknown_C
#
# <colnr> <probs for GDERKNQSTAVLIFYWHMCP>
#	G	D	E	R	K	N	Q	S	T	A	V	L	I	F	Y	W	H	M	C	P
0	0.00160	0.00128	0.00175	0.00174	0.00194	0.03653	0.00135	0.00197	0.00175	0.00246	0.00279	0.00407	0.00260	0.00768	0.92343	0.00165	0.00280	0.00112	0.00057	0.00095
1	0.00140	0.00104	0.00140	0.00156	0.00168	0.00100	0.01376	0.00164	0.00209	0.00277	0.02519	0.64089	0.08047	0.04585	0.03238	0.00050	0.01955	0.12501	0.00094	0.00089
2	0.02626	0.00207	0.00243	0.00197	0.00268	0.02559	0.00160	0.19796	0.10104	0.48899	0.02082	0.02999	0.05566	0.00151	0.00109	0.00034	0.00094	0.03627	0.00116	0.00164
3	0.00253	0.00252	0.00377	0.22599	0.27821	0.06991	0.12465	0.02257	0.11249	0.00326	0.00221	0.00290	0.00179	0.00119	0.00140	0.00035	0.12688	0.01536	0.00059	0.00142
4	0.00182	0.00093	0.00138	0.00139	0.00139	0.00093	0.00093	0.00141	0.00141	0.00188	0.00199	0.00359	0.00202	0.03331	0.00409	0.91074	0.00092	0.02889	0.00048	0.00048
5	0.00226	0.00201	0.00222	0.00161	0.00254	0.03987	0.00128	0.00272	0.00222	0.00341	0.00187	0.00218	0.00156	0.00080	0.00079	0.00016	0.00083	0.00063	0.00062	0.93040
6	0.03904	0.20315	0.46550	0.00262	0.01180	0.01737	0.01600	0.12028	0.01804	0.01161	0.00193	0.00228	0.00149	0.00111	0.00113	0.00032	0.07446	0.00983	0.00056	0.00149
7	0.00153	0.00111	0.00157	0.00165	0.00180	0.00118	0.01172	0.00997	0.00192	0.01150	0.00416	0.35186	0.00453	0.06171	0.42516	0.00103	0.01395	0.07696	0.01577	0.00092
8	0.00175	0.00118	0.00152	0.00140	0.00157	0.00118	0.06166	0.01465	0.01212	0.00278	0.01320	0.02594	0.01244	0.53651	0.04578	0.00076	0.00100	0.02175	0.24199	0.00083
9	0.00216	0.00195	0.01151	0.03739	0.03624	0.02534	0.21319	0.07351	0.05629	0.02309	0.08490	0.13767	0.11551	0.04696	0.04811	0.00046	0.04850	0.01467	0.02135	0.00120
10	0.01043	0.00137	0.00170	0.00158	0.01328	0.00134	0.00119	0.02218	0.12566	0.11081	0.54234	0.03523	0.07328	0.00200	0.00119	0.00034	0.00063	0.02827	0.02600	0.00119
11	0.00343	0.00191	0.03502	0.00217	0.01276	0.01164	0.11722	0.00399	0.02603	0.50622	0.10553	0.02779	0.04954	0.00156	0.00114	0.00034	0.00097	0.06545	0.02579	0.00151
12	0.00213	0.00442	0.68018	0.05260	0.01775	0.00231	0.04926	0.02691	0.03297	0.00346	0.04458	0.02749	0.01649	0.00123	0.01006	0.00035	0.00143	0.00097	0.02394	0.00147
13	0.11893	0.14163	0.02187	0.00217	0.00288	0.16270	0.00183	0.21981	0.04887	0.18719	0.00242	0.00248	0.00178	0.00120	0.00111	0.00031	0.06954	0.00083	0.01095	0.00150
14	0.01108	0.01718	0.01208	0.01393	0.01572	0.00175	0.04868	0.06716	0.02860	0.12772	0.02534	0.02052	0.01832	0.00123	0.00871	0.00914	0.04081	0.02056	0.05964	0.45182

[dist]
# distance from previous block
# <min> <max>
2	90

[block]
# block no. 3 follows, 310 sequences, length 12
# corresponding to MSA columns:
# 347-350,390-397
name=unknown_D
#
# <colnr> <probs for GDERKNQSTAVLIFYWHMCP>
#	G	D	E	R	K	N	Q	S	T	A	V	L	I	F	Y	W	H	M	C	P
0	0.00156	0.00117	0.00146	0.00907	0.00179	0.00109	0.02527	0.01100	0.02804	0.01410	0.08886	0.24020	0.33478	0.02126	0.00132	0.00039	0.00068	0.12268	0.07388	0.02141
1	0.09105	0.01408	0.06721	0.00223	0.01619	0.03202	0.09645	0.01013	0.01557	0.01319	0.06506	0.00816	0.04431	0.00217	0.00126	0.00041	0.00106	0.50690	0.01144	0.00112
2	0.76227	0.00202	0.00181	0.05789	0.00247	0.00228	0.00133	0.02644	0.00206	0.13050	0.00188	0.00205	0.00137	0.00104	0.00074	0.00033	0.00087	0.00067	0.00074	0.00125
3	0.00169	0.00116	0.00172	0.00170	0.00192	0.00131	0.00132	0.00206	0.00180	0.05862	0.00309	0.06019	0.00290	0.00727	0.84630	0.00154	0.00259	0.00124	0.00063	0.00099
4	0.00144	0.00114	0.00134	0.00136	0.00166	0.00106	0.00107	0.00183	0.01710	0.00321	0.20221	0.04236	0.51022	0.00260	0.00134	0.00038	0.02371	0.18400	0.00101	0.00095
5	0.00155	0.00113	0.00149	0.00168	0.00190	0.00109	0.00138	0.00192	0.00232	0.00300	0.02397	0.17144	0.15851	0.03411	0.00158	0.01722	0.00083	0.57299	0.00096	0.00092
6	0.80561	0.00196	0.00165	0.00144	0.00209	0.00220	0.00118	0.00327	0.00201	0.11122	0.05762	0.00229	0.00183	0.00109	0.00073	0.00033	0.00081	0.00071	0.00076	0.00121
7	0.00262	0.00251	0.00429	0.00649	0.95625	0.00251	0.00324	0.00324	0.00241	0.00345	0.00199	0.00262	0.00167	0.00094	0.00105	0.00031	0.00126	0.00094	0.00052	0.00167
8	0.01416	0.01737	0.00221	0.00179	0.00238	0.00164	0.00144	0.06841	0.04334	0.49308	0.16740	0.08967	0.04540	0.00172	0.00120	0.00034	0.03265	0.01315	0.00116	0.00149
9	0.00220	0.00545	0.91658	0.00300	0.00452	0.04332	0.00383	0.00339	0.00226	0.00332	0.00189	0.00222	0.00134	0.00101	0.00100	0.00033	0.00158	0.00078	0.00045	0.00155
10	0.74501	0.00226	0.03789	0.00160	0.00232	0.00241	0.00137	0.10137	0.01796	0.04504	0.00177	0.00195	0.00133	0.00103	0.00074	0.00032	0.00088	0.00065	0.00072	0.03338
11	0.01059	0.05597	0.14098	0.06322	0.03598	0.03330	0.14518	0.24997	0.03706	0.02053	0.01214	0.01521	0.01940	0.01025	0.05753	0.00041	0.04588	0.00630	0.00071	0.03937

[dist]
# distance from previous block
# <min> <max>
1	26

[block]
# block no. 4 follows, 310 sequences, length 34
# corresponding to MSA columns:
# 444-447,459-488
name=unknown_E
#
# <colnr> <probs for GDERKNQSTAVLIFYWHMCP>
#	G	D	E	R	K	N	Q	S	T	A	V	L	I	F	Y	W	H	M	C	P
0	0.00220	0.05560	0.34451	0.03104	0.06849	0.02870	0.01286	0.01700	0.11636	0.02396	0.00788	0.20669	0.00889	0.00162	0.00110	0.00035	0.00957	0.02287	0.01817	0.02216
1	0.01861	0.07172	0.19023	0.00259	0.04222	0.18649	0.08166	0.06667	0.02307	0.00338	0.00230	0.08839	0.00203	0.00120	0.00098	0.00029	0.00129	0.00466	0.00416	0.20808
2	0.00180	0.00102	0.00150	0.01775	0.00158	0.00108	0.00104	0.00150	0.00146	0.00197	0.00212	0.04797	0.00217	0.03388	0.06982	0.76499	0.04624	0.00105	0.00050	0.00056
3	0.00231	0.00230	0.00324	0.02219	0.00287	0.00322	0.00233	0.00255	0.00163	0.00255	0.00140	0.00232	0.00139	0.00183	0.00342	0.00046	0.94145	0.00093	0.00046	0.00116
4	0.79860	0.00205	0.00172	0.00149	0.00216	0.00231	0.00123	0.04838	0.01304	0.09721	0.02254	0.00210	0.00153	0.00106	0.00073	0.00033	0.00084	0.00067	0.00075	0.00124
5	0.00231	0.00231	0.00324	0.00278	0.00278	0.00324	0.00231	0.00254	0.00162	0.00254	0.00139	0.00231	0.00139	0.00185	0.00347	0.00046	0.96091	0.00093	0.00046	0.00116
6	0.00142	0.00107	0.00131	0.00127	0.00154	0.00096	0.00095	0.00184	0.00278	0.00379	0.65265	0.06975	0.25206	0.00237	0.00125	0.00035	0.00052	0.00206	0.00111	0.00096
7	0.00279	0.00235	0.00248	0.00218	0.00281	0.00270	0.00171	0.11254	0.84716	0.00468	0.00410	0.00379	0.00307	0.00142	0.00107	0.00035	0.00087	0.00117	0.00107	0.00169
8	0.00452	0.00174	0.00236	0.00182	0.00260	0.00151	0.00150	0.00494	0.00298	0.88727	0.02234	0.00377	0.01296	0.00134	0.00105	0.00032	0.00087	0.00109	0.04327	0.00174
9	0.00135	0.00099	0.00127	0.00141	0.00156	0.00091	0.00099	0.00164	0.00233	0.00313	0.24692	0.56342	0.12556	0.00293	0.00132	0.00040	0.00059	0.04134	0.00103	0.00090
10	0.00309	0.00250	0.00265	0.00225	0.00293	0.00285	0.00179	0.32118	0.63802	0.00517	0.00372	0.00348	0.00275	0.00138	0.00107	0.00034	0.00095	0.00111	0.00107	0.00172
11	0.00147	0.00108	0.00136	0.00129	0.00155	0.00098	0.00097	0.00194	0.00290	0.00405	0.80931	0.00814	0.13880	0.00221	0.00124	0.00033	0.00050	0.00194	0.01896	0.00098
12	0.02617	0.04817	0.01144	0.00706	0.00272	0.00186	0.00620	0.09636	0.00961	0.72166	0.00374	0.00336	0.00243	0.00127	0.00102	0.00032	0.00093	0.00101	0.05295	0.00171
13	0.00735	0.00192	0.00223	0.02396	0.00260	0.01543	0.00133	0.02134	0.00900	0.01481	0.01111	0.01368	0.00176	0.00942	0.00091	0.00019	0.02028	0.00071	0.01111	0.83088
14	0.01963	0.05022	0.54076	0.07737	0.00420	0.00620	0.05116	0.04804	0.03411	0.05474	0.02347	0.00735	0.00694	0.01253	0.00773	0.00543	0.02913	0.00928	0.00058	0.01113
15	0.00210	0.00720	0.00178	0.00165	0.00189	0.00778	0.00124	0.05039	0.00201	0.11708	0.00316	0.00502	0.00302	0.28087	0.42161	0.01385	0.03304	0.03999	0.00533	0.00101
16	0.00200	0.00188	0.00317	0.96030	0.00728	0.00235	0.00294	0.00270	0.00211	0.00270	0.00188	0.00282	0.00141	0.00106	0.00106	0.00035	0.00141	0.00094	0.00047	0.00117
17	0.04166	0.00193	0.00315	0.85591	0.04756	0.00238	0.00286	0.01420	0.00214	0.00286	0.00187	0.00276	0.00141	0.00106	0.00107	0.00035	0.01421	0.00092	0.00049	0.00120
18	0.00950	0.00135	0.00203	0.02036	0.00228	0.00131	0.12294	0.02742	0.04119	0.01880	0.01084	0.57017	0.07537	0.00861	0.00130	0.00040	0.00081	0.04091	0.04338	0.00103
19	0.83232	0.00214	0.00192	0.01882	0.01610	0.01135	0.04585	0.03767	0.00198	0.01257	0.00159	0.00187	0.00123	0.00106	0.00976	0.00034	0.00092	0.00064	0.00066	0.00119
20	0.00138	0.00105	0.00136	0.00149	0.00161	0.00104	0.00105	0.00162	0.00212	0.00285	0.09098	0.63553	0.12961	0.01153	0.03655	0.00046	0.05987	0.00759	0.01140	0.00090
21	0.10458	0.00190	0.00239	0.00185	0.00266	0.00173	0.00153	0.06097	0.00298	0.76308	0.00370	0.00328	0.00237	0.00125	0.00101	0.00032	0.00090	0.00099	0.00120	0.04131
22	0.04097	0.02605	0.01632	0.29830	0.15984	0.03687	0.03241	0.05268	0.05974	0.22275	0.03225	0.00306	0.00212	0.00116	0.00105	0.00033	0.00624	0.00099	0.00077	0.00610
23	0.04102	0.01717	0.00953	0.07799	0.37486	0.02366	0.10199	0.03087	0.09320	0.01879	0.05747	0.08466	0.02796	0.00675	0.00633	0.00035	0.00621	0.01905	0.00070	0.00142
24	0.00134	0.00095	0.00127	0.00150	0.00157	0.00090	0.00103	0.00154	0.00203	0.00271	0.00567	0.82064	0.00673	0.05707	0.00159	0.00047	0.00067	0.09050	0.00096	0.00086
25	0.00222	0.00165	0.00204	0.00214	0.00249	0.00168	0.00178	0.04725	0.14985	0.00382	0.02134	0.01033	0.04238	0.00274	0.00148	0.00050	0.00103	0.68756	0.01645	0.00127
26	0.03194	0.10955	0.19479	0.04327	0.08490	0.14916	0.03529	0.07218	0.03658	0.14362	0.00579	0.01734	0.00213	0.02982	0.00860	0.00040	0.03126	0.00100	0.00078	0.00161
27	0.04554	0.01424	0.03611	0.02394	0.00267	0.02618	0.06139	0.08224	0.01186	0.10505	0.02615	0.19757	0.08874	0.05857	0.08129	0.04193	0.03062	0.04999	0.01462	0.00129
28	0.00161	0.00116	0.00145	0.00166	0.00176	0.00107	0.00111	0.00177	0.01577	0.00300	0.02313	0.85971	0.01768	0.05372	0.00168	0.00051	0.00074	0.01041	0.00106	0.00101
29	0.00243	0.02138	0.91594	0.00326	0.02693	0.00265	0.00397	0.00355	0.00242	0.00361	0.00217	0.00261	0.00161	0.00118	0.00112	0.00038	0.00164	0.00088	0.00054	0.00171
30	0.00278	0.13870	0.26622	0.15603	0.05919	0.05068	0.09292	0.02464	0.04769	0.05113	0.01248	0.03618	0.00225	0.00555	0.01079	0.00040	0.01551	0.02463	0.00069	0.00156
31	0.01251	0.00158	0.01349	0.00170	0.00212	0.00143	0.02202	0.01971	0.07200	0.10978	0.22632	0.10904	0.36130	0.01338	0.00141	0.00042	0.01069	0.01869	0.00113	0.00126
32	0.08706	0.00259	0.00274	0.00216	0.00291	0.00284	0.00177	0.66867	0.05981	0.06440	0.00273	0.00280	0.00198	0.01860	0.00108	0.00033	0.00105	0.00095	0.07386	0.00165
33	0.00633	0.28015	0.51587	0.00256	0.00376	0.05897	0.01084	0.05419	0.01076	0.01311	0.01097	0.00230	0.01767	0.00105	0.00093	0.00030	0.00748	0.00077	0.00052	0.00148

[dist]
# distance from previous block
# <min> <max>
1	34

[block]
# block no. 5 follows, 310 sequences, length 38
# corresponding to MSA columns:
# 523-527,542-546,551-574,577,580-582
name=unknown_F
#
# <colnr> <probs for GDERKNQSTAVLIFYWHMCP>
#	G	D	E	R	K	N	Q	S	T	A	V	L	I	F	Y	W	H	M	C	P
0	0.01842	0.06725	0.02442	0.03493	0.34197	0.04367	0.04269	0.01251	0.00216	0.02627	0.00837	0.00827	0.00199	0.03612	0.22681	0.00068	0.10059	0.00099	0.00056	0.00133
1	0.14747	0.20770	0.02534	0.11132	0.14970	0.23353	0.03489	0.01359	0.00237	0.01809	0.00173	0.00216	0.00143	0.00503	0.00101	0.00030	0.04172	0.00075	0.00054	0.00133
2	0.27606	0.00178	0.00192	0.00159	0.00224	0.00919	0.00129	0.03500	0.04045	0.41566	0.00319	0.00311	0.00221	0.00120	0.00088	0.00031	0.00081	0.00091	0.20075	0.00144
3	0.00162	0.00107	0.00148	0.00148	0.00158	0.00116	0.00104	0.01247	0.00162	0.00225	0.00279	0.02021	0.00286	0.26667	0.43740	0.23417	0.00181	0.00698	0.00058	0.00075
4	0.00154	0.00103	0.00119	0.00119	0.00121	0.00105	0.00069	0.00156	0.00155	0.00208	0.00329	0.00671	0.00375	0.89136	0.07675	0.00108	0.00116	0.00151	0.00064	0.00066
5	0.00153	0.00109	0.00141	0.00134	0.00159	0.00100	0.00101	0.00202	0.00295	0.01437	0.88678	0.03005	0.02260	0.00219	0.00124	0.00034	0.00051	0.01479	0.01218	0.00100
6	0.00283	0.96348	0.00554	0.00181	0.00271	0.00418	0.00181	0.00317	0.00215	0.00249	0.00147	0.00170	0.00136	0.00090	0.00068	0.00023	0.00113	0.00057	0.00045	0.00136
7	0.00129	0.00092	0.00123	0.00147	0.00153	0.00086	0.00098	0.00147	0.00202	0.00270	0.00583	0.96215	0.00699	0.00331	0.00135	0.00043	0.00061	0.00301	0.00098	0.00086
8	0.00153	0.00104	0.00123	0.00123	0.00126	0.00107	0.00074	0.00159	0.00156	0.00211	0.00326	0.00652	0.00367	0.82435	0.14364	0.00112	0.00129	0.00148	0.00063	0.00068
9	0.00154	0.00109	0.00143	0.00135	0.00160	0.00101	0.00102	0.00204	0.00298	0.01580	0.92875	0.00791	0.00982	0.00216	0.00125	0.00033	0.00051	0.01723	0.00116	0.00101
10	0.00200	0.00188	0.00317	0.96030	0.00728	0.00235	0.00294	0.00270	0.00211	0.00270	0.00188	0.00282	0.00141	0.00106	0.00106	0.00035	0.00141	0.00094	0.00047	0.00117
11	0.00834	0.00181	0.05716	0.00870	0.11188	0.00157	0.01636	0.03421	0.03482	0.17964	0.35397	0.01359	0.02131	0.00158	0.00111	0.00032	0.00932	0.00786	0.08702	0.04942
12	0.03291	0.01725	0.02736	0.00238	0.00320	0.02167	0.01429	0.73417	0.09272	0.02216	0.01348	0.00270	0.00199	0.00127	0.00104	0.00032	0.00114	0.00096	0.00725	0.00172
13	0.00395	0.00504	0.00300	0.00272	0.00327	0.95860	0.00204	0.00422	0.00300	0.00259	0.00163	0.00191	0.00136	0.00109	0.00095	0.00027	0.00191	0.00068	0.00054	0.00123
14	0.00675	0.03341	0.09883	0.02500	0.19222	0.04120	0.14225	0.06281	0.13542	0.09617	0.02333	0.02788	0.01922	0.01228	0.01120	0.00036	0.05692	0.01253	0.00074	0.00150
15	0.00910	0.00139	0.00178	0.02990	0.04945	0.01080	0.00540	0.01221	0.05379	0.06190	0.45547	0.13760	0.08975	0.00204	0.00118	0.00033	0.00068	0.00179	0.00102	0.07441
16	0.04639	0.00181	0.00241	0.00186	0.00267	0.00159	0.00154	0.00506	0.00297	0.91591	0.00405	0.00352	0.00255	0.00129	0.00105	0.00033	0.00090	0.00104	0.00128	0.00177
17	0.00144	0.00119	0.00148	0.00142	0.01405	0.00108	0.03697	0.00183	0.01485	0.00331	0.30629	0.06130	0.51335	0.01814	0.00136	0.00037	0.01754	0.00207	0.00100	0.00096
18	0.13059	0.16294	0.09165	0.03352	0.10698	0.25423	0.03285	0.06395	0.04236	0.05781	0.00199	0.00224	0.00155	0.00105	0.00093	0.00030	0.00604	0.00077	0.00063	0.00763
19	0.00161	0.00115	0.00156	0.00176	0.00197	0.00113	0.00146	0.00201	0.00232	0.00303	0.02695	0.13773	0.05716	0.07512	0.00172	0.00051	0.00090	0.68003	0.00095	0.00093
20	0.00151	0.00113	0.00170	0.00170	0.00189	0.00132	0.00132	0.00189	0.00170	0.00245	0.00283	0.00415	0.00264	0.00793	0.95865	0.00170	0.00283	0.00113	0.00057	0.00094
21	0.00614	0.00332	0.27691	0.07044	0.40882	0.03040	0.03918	0.01825	0.05582	0.01350	0.00226	0.02864	0.00648	0.00112	0.00112	0.00033	0.02831	0.00687	0.00056	0.00154
22	0.17848	0.00859	0.00751	0.13111	0.36080	0.04554	0.10321	0.08561	0.00637	0.02703	0.00207	0.01002	0.00166	0.00106	0.00102	0.00033	0.00921	0.01455	0.00438	0.00145
23	0.00147	0.00106	0.00144	0.02350	0.00182	0.00104	0.01345	0.01046	0.00209	0.00276	0.00535	0.57786	0.01983	0.12996	0.00189	0.00052	0.00078	0.20294	0.00092	0.00088
24	0.91889	0.02031	0.00839	0.00983	0.00214	0.02006	0.00121	0.00313	0.00183	0.00463	0.00148	0.00173	0.00116	0.00098	0.00067	0.00032	0.00085	0.00058	0.00065	0.00115
25	0.00151	0.00113	0.00170	0.00170	0.00189	0.00132	0.00132	0.00189	0.00170	0.00245	0.00283	0.00415	0.00264	0.00793	0.95865	0.00170	0.00283	0.00113	0.00057	0.00094
26	0.01190	0.01082	0.04097	0.00607	0.00277	0.00250	0.00173	0.52403	0.09251	0.01770	0.15178	0.00440	0.11508	0.00157	0.00110	0.00033	0.00096	0.00126	0.01100	0.00153
27	0.00148	0.00111	0.00138	0.00133	0.00749	0.00102	0.00099	0.00198	0.02463	0.00391	0.70137	0.03798	0.20080	0.00227	0.00124	0.00034	0.00052	0.00198	0.00720	0.00099
28	0.00152	0.00112	0.00163	0.00163	0.00179	0.00128	0.00123	0.00183	0.00167	0.00239	0.00287	0.00446	0.00277	0.12020	0.82376	0.02465	0.00257	0.00118	0.00057	0.00090
29	0.00202	0.00191	0.00327	0.92306	0.01791	0.00236	0.02927	0.00273	0.00213	0.00273	0.00189	0.00282	0.00142	0.00105	0.00106	0.00035	0.00142	0.00095	0.00047	0.00119
30	0.00214	0.00199	0.01556	0.55069	0.02525	0.00231	0.01978	0.00344	0.25937	0.00333	0.08349	0.00365	0.01646	0.00127	0.00110	0.00035	0.00670	0.00111	0.00070	0.00131
31	0.00148	0.00108	0.00139	0.00131	0.00157	0.00099	0.00098	0.00196	0.00295	0.00413	0.88022	0.00808	0.08552	0.00220	0.00125	0.00033	0.00050	0.00194	0.00115	0.00099
32	0.00161	0.00702	0.01137	0.08008	0.09825	0.01504	0.00141	0.00202	0.02272	0.00883	0.14010	0.37801	0.21809	0.00245	0.00125	0.00038	0.00725	0.00217	0.00091	0.00103
33	0.20024	0.12771	0.33391	0.05977	0.05038	0.09427	0.03972	0.04143	0.00235	0.02623	0.00187	0.00227	0.00144	0.00103	0.00091	0.00032	0.00133	0.01283	0.00056	0.00140
34	0.00151	0.00113	0.00170	0.00170	0.00189	0.00132	0.00132	0.00189	0.00170	0.00245	0.00283	0.00415	0.00264	0.00793	0.95865	0.00170	0.00283	0.00113	0.00057	0.00094
35	0.00151	0.00113	0.00170	0.00170	0.00189	0.00132	0.00132	0.00189	0.00170	0.00245	0.00283	0.00415	0.00264	0.00793	0.95865	0.00170	0.00283	0.00113	0.00057	0.00094
36	0.15886	0.00269	0.00283	0.00843	0.00300	0.05761	0.04196	0.54923	0.03905	0.02884	0.01343	0.00267	0.00829	0.00976	0.00678	0.03047	0.01355	0.00092	0.02009	0.00154
37	0.48084	0.18085	0.00888	0.01301	0.01013	0.03828	0.00755	0.09178	0.01895	0.12902	0.00200	0.00212	0.00150	0.00105	0.00078	0.00030	0.00098	0.00070	0.00074	0.01054

[dist]
# distance from previous block
# <min> <max>
2	20

[block]
# block no. 6 follows, 310 sequences, length 6
# corresponding to MSA columns:
# 603,624-628
name=unknown_G
#
# <colnr> <probs for GDERKNQSTAVLIFYWHMCP>
#	G	D	E	R	K	N	Q	S	T	A	V	L	I	F	Y	W	H	M	C	P
0	0.00285	0.80313	0.00499	0.00184	0.00266	0.05413	0.00175	0.04496	0.00227	0.00265	0.00166	0.00211	0.00155	0.06849	0.00104	0.00029	0.00117	0.00066	0.00050	0.00132
1	0.11604	0.00184	0.00232	0.00182	0.00259	0.00170	0.00150	0.04801	0.00297	0.74995	0.05738	0.00358	0.00282	0.00132	0.00103	0.00033	0.00088	0.00105	0.00121	0.00168
2	0.00165	0.00117	0.00145	0.00144	0.00158	0.00122	0.00099	0.06841	0.00196	0.00264	0.00404	0.16672	0.07243	0.38032	0.24778	0.04158	0.00139	0.00166	0.00073	0.00085
3	0.19147	0.72176	0.05862	0.00180	0.00269	0.00373	0.00180	0.00317	0.00209	0.00298	0.00149	0.00173	0.00131	0.00093	0.00069	0.00025	0.00109	0.00058	0.00049	0.00133
4	0.00227	0.00131	0.00182	0.00191	0.00225	0.00126	0.00163	0.00273	0.00253	0.18916	0.00533	0.06443	0.00546	0.00263	0.00138	0.00045	0.00094	0.71034	0.00104	0.00113
5	0.00191	0.00171	0.00278	0.77324	0.00609	0.00209	0.00249	0.00247	0.00200	0.00257	0.00216	0.00362	0.00188	0.18863	0.00190	0.00048	0.00133	0.00106	0.00050	0.00107

[dist]
# distance from previous block
# <min> <max>
1	1

[block]
# block no. 7 follows, 310 sequences, length 8
# corresponding to MSA columns:
# 646-652,656
name=unknown_H
#
# <colnr> <probs for GDERKNQSTAVLIFYWHMCP>
#	G	D	E	R	K	N	Q	S	T	A	V	L	I	F	Y	W	H	M	C	P
0	0.00376	0.00204	0.00250	0.00188	0.00274	0.00182	0.00154	0.17615	0.00310	0.46491	0.00311	0.00293	0.00212	0.00113	0.00097	0.00027	0.00091	0.00090	0.00103	0.32622
1	0.00144	0.00103	0.00133	0.00154	0.00167	0.00100	0.00110	0.00181	0.04532	0.00291	0.00560	0.73314	0.00646	0.00306	0.00132	0.00042	0.00067	0.13635	0.05289	0.00092
2	0.01547	0.02145	0.01616	0.04605	0.07060	0.01427	0.00199	0.57641	0.02588	0.05096	0.00255	0.02597	0.00193	0.00122	0.00101	0.00030	0.00111	0.00096	0.01238	0.11332
3	0.00204	0.00182	0.00303	0.77215	0.04038	0.00219	0.01898	0.00270	0.01490	0.01761	0.00224	0.01745	0.01571	0.00127	0.00121	0.04433	0.00132	0.01539	0.02412	0.00116
4	0.00291	0.89471	0.00537	0.00185	0.00275	0.00412	0.00182	0.07115	0.00235	0.00279	0.00155	0.00176	0.00139	0.00093	0.00071	0.00023	0.00113	0.00059	0.00050	0.00139
5	0.00212	0.00179	0.01744	0.01981	0.24018	0.00172	0.01729	0.01844	0.11778	0.03205	0.31685	0.08273	0.03660	0.00169	0.00114	0.00033	0.00084	0.01712	0.00090	0.07318
6	0.03581	0.17098	0.24710	0.00299	0.12351	0.12761	0.03456	0.08751	0.03918	0.02098	0.00214	0.02601	0.00178	0.01295	0.01684	0.00034	0.03463	0.01302	0.00060	0.00145
7	0.04776	0.00213	0.00341	0.28973	0.42280	0.01832	0.03089	0.00284	0.00223	0.00314	0.00240	0.10110	0.00223	0.02230	0.00123	0.00036	0.02688	0.01834	0.00057	0.00135

[dist]
# distance from previous block
# <min> <max>
0	2

[block]
# block no. 8 follows, 310 sequences, length 6
# corresponding to MSA columns:
# 659-664
name=unknown_I
#
# <colnr> <probs for GDERKNQSTAVLIFYWHMCP>
#	G	D	E	R	K	N	Q	S	T	A	V	L	I	F	Y	W	H	M	C	P
0	0.00234	0.01697	0.11313	0.15158	0.28735	0.03984	0.07019	0.02139	0.01816	0.02725	0.05261	0.05918	0.04251	0.00132	0.00108	0.00033	0.00121	0.03078	0.00065	0.06214
1	0.00311	0.00231	0.00267	0.00227	0.02693	0.00261	0.00179	0.40756	0.14837	0.06407	0.06270	0.02093	0.00275	0.03166	0.02253	0.00040	0.13451	0.00111	0.06021	0.00151
2	0.00184	0.00145	0.03340	0.00157	0.00195	0.00131	0.00128	0.08942	0.02896	0.03395	0.29248	0.11980	0.22006	0.00234	0.00125	0.00037	0.00071	0.14690	0.01985	0.00109
3	0.00194	0.00186	0.04864	0.34959	0.08753	0.00185	0.02276	0.06201	0.00249	0.00330	0.10623	0.02470	0.22408	0.00178	0.02561	0.00038	0.00109	0.00139	0.03160	0.00118
4	0.07133	0.03815	0.09780	0.01953	0.03264	0.03356	0.01767	0.04128	0.05877	0.04713	0.00242	0.07981	0.00209	0.00115	0.00094	0.00026	0.01429	0.00093	0.00070	0.43956
5	0.05058	0.05920	0.03352	0.01728	0.04134	0.14550	0.01127	0.02566	0.03012	0.06517	0.10204	0.27793	0.02291	0.01148	0.03175	0.00040	0.02513	0.01453	0.03306	0.00116

[dist]
# distance from previous block
# <min> <max>
4	8

[block]
# block no. 9 follows, 310 sequences, length 6
# corresponding to MSA columns:
# 678-680,682-684
name=unknown_J
#
# <colnr> <probs for GDERKNQSTAVLIFYWHMCP>
#	G	D	E	R	K	N	Q	S	T	A	V	L	I	F	Y	W	H	M	C	P
0	0.00261	0.04273	0.07837	0.16190	0.09312	0.08438	0.02616	0.15632	0.06175	0.01543	0.05237	0.04382	0.00245	0.00180	0.06113	0.02288	0.05657	0.01298	0.00070	0.02253
1	0.00255	0.00200	0.02862	0.02996	0.02777	0.00166	0.04816	0.03990	0.04308	0.12705	0.01991	0.02250	0.02773	0.00116	0.00095	0.00025	0.00091	0.05059	0.00078	0.52448
2	0.01309	0.14203	0.27336	0.03483	0.03684	0.02757	0.03587	0.16028	0.01636	0.02077	0.02230	0.02237	0.00196	0.02764	0.01628	0.00036	0.07674	0.01116	0.01130	0.04890
3	0.02144	0.42459	0.22272	0.03573	0.00328	0.02126	0.03858	0.07294	0.00238	0.02741	0.00204	0.00270	0.00175	0.07248	0.00120	0.00034	0.00124	0.02317	0.02336	0.00137
4	0.00178	0.00144	0.04138	0.00177	0.04865	0.00129	0.00130	0.00244	0.09461	0.04849	0.31582	0.22943	0.09067	0.04082	0.05155	0.00046	0.00080	0.00191	0.02428	0.00110
5	0.00250	0.08348	0.14635	0.01451	0.08612	0.03797	0.01286	0.08242	0.06075	0.07255	0.02930	0.03886	0.04307	0.04586	0.04820	0.12729	0.00118	0.00108	0.00070	0.06495

[dist]
# distance from previous block
# <min> <max>
0	345

# created by:
# /home/berkeley/.conda/envs/busco_data_prod/bin/msa2prfl.pl pipeline/OGs_align_augustus/2759/10264728.fs
