[name]
unknown

[dist]
# distance from previous block
# <min> <max>
0	178

[block]
# block no. 0 follows, 305 sequences, length 13
# corresponding to MSA columns:
# 337-349
name=unknown_A
#
# <colnr> <probs for GDERKNQSTAVLIFYWHMCP>
#	G	D	E	R	K	N	Q	S	T	A	V	L	I	F	Y	W	H	M	C	P
0	0.05500	0.05741	0.01268	0.04256	0.01200	0.03966	0.00159	0.03126	0.04889	0.09985	0.06092	0.03735	0.01962	0.03694	0.00126	0.00036	0.00096	0.23911	0.00086	0.20171
1	0.00264	0.06157	0.03189	0.30012	0.21770	0.06635	0.02563	0.07880	0.03097	0.05151	0.03064	0.04823	0.00220	0.01109	0.00902	0.01434	0.01420	0.00107	0.00065	0.00140
2	0.05645	0.12526	0.30275	0.00915	0.05824	0.01056	0.03058	0.06067	0.06571	0.02617	0.01263	0.05036	0.05654	0.00157	0.02115	0.04001	0.01436	0.01473	0.00623	0.03688
3	0.02640	0.07512	0.04442	0.02245	0.02437	0.03024	0.00153	0.04565	0.11725	0.09730	0.09311	0.08522	0.08390	0.04043	0.04513	0.06266	0.00882	0.00133	0.00085	0.09382
4	0.00758	0.05447	0.15513	0.09779	0.02640	0.01286	0.01554	0.06214	0.03794	0.08032	0.06381	0.03865	0.04299	0.03007	0.01115	0.00033	0.01079	0.00707	0.00074	0.24423
5	0.00180	0.00169	0.06766	0.00170	0.00215	0.01821	0.01375	0.00224	0.02382	0.01731	0.07267	0.29810	0.10550	0.06133	0.00835	0.00040	0.02961	0.06109	0.01335	0.19927
6	0.03081	0.00268	0.00286	0.00227	0.00304	0.01606	0.00184	0.63589	0.13071	0.04644	0.04191	0.03322	0.00253	0.00138	0.00107	0.00032	0.00106	0.00108	0.00105	0.04379
7	0.00254	0.03923	0.03306	0.03233	0.03073	0.19181	0.02371	0.05929	0.13794	0.03306	0.07237	0.12759	0.14708	0.00188	0.01505	0.00036	0.00878	0.00147	0.04046	0.00126
8	0.00291	0.00287	0.00218	0.02192	0.00253	0.37236	0.00152	0.03630	0.08769	0.02905	0.04645	0.02509	0.04563	0.00157	0.03113	0.00033	0.00123	0.00104	0.24941	0.03878
9	0.00246	0.01836	0.70227	0.00292	0.00426	0.10177	0.03174	0.04357	0.02476	0.01540	0.00238	0.00264	0.04050	0.00112	0.00103	0.00033	0.00154	0.00087	0.00054	0.00153
10	0.00250	0.00228	0.01739	0.35477	0.29188	0.02475	0.03871	0.06150	0.05678	0.03343	0.02926	0.02849	0.00210	0.00131	0.00844	0.02759	0.01573	0.00106	0.00063	0.00141
11	0.01175	0.18677	0.19150	0.07293	0.07683	0.08186	0.08348	0.07362	0.01615	0.08646	0.01519	0.05816	0.00218	0.00126	0.00105	0.00032	0.01072	0.02764	0.00067	0.00145
12	0.00153	0.00103	0.00120	0.00123	0.00126	0.00102	0.00073	0.00159	0.00170	0.00229	0.03770	0.13614	0.00451	0.76290	0.02446	0.00094	0.00099	0.00176	0.01632	0.00071

[dist]
# distance from previous block
# <min> <max>
1	39

[block]
# block no. 1 follows, 305 sequences, length 18
# corresponding to MSA columns:
# 408-416,418,419,425-427,436-439
name=unknown_B
#
# <colnr> <probs for GDERKNQSTAVLIFYWHMCP>
#	G	D	E	R	K	N	Q	S	T	A	V	L	I	F	Y	W	H	M	C	P
0	0.29481	0.07702	0.03927	0.06263	0.11574	0.18129	0.02488	0.07100	0.02044	0.01029	0.00206	0.00914	0.02009	0.00117	0.00586	0.00763	0.02336	0.00081	0.01908	0.01345
1	0.00190	0.00166	0.01044	0.05042	0.23077	0.00164	0.04095	0.01684	0.04952	0.00905	0.07597	0.32098	0.13307	0.00225	0.01556	0.00039	0.02110	0.00193	0.01436	0.00120
2	0.00203	0.00191	0.00322	0.95969	0.00739	0.00239	0.00298	0.00274	0.00215	0.00274	0.00191	0.00286	0.00143	0.00107	0.00107	0.00036	0.00143	0.00095	0.00048	0.00119
3	0.00898	0.00120	0.01480	0.00152	0.00176	0.00110	0.01192	0.00198	0.04863	0.02777	0.13513	0.51383	0.16091	0.02682	0.00142	0.00041	0.01056	0.01517	0.00100	0.01509
4	0.00291	0.92932	0.00554	0.00186	0.00278	0.00422	0.00184	0.03642	0.00228	0.00267	0.00153	0.00175	0.00139	0.00093	0.00070	0.00023	0.00115	0.00059	0.00048	0.00139
5	0.81216	0.02155	0.00186	0.01586	0.01119	0.02210	0.01512	0.03543	0.00202	0.02022	0.00167	0.00196	0.00130	0.01201	0.00077	0.00034	0.00090	0.00064	0.02170	0.00120
6	0.00203	0.00191	0.00322	0.95969	0.00739	0.00239	0.00298	0.00274	0.00215	0.00274	0.00191	0.00286	0.00143	0.00107	0.00107	0.00036	0.00143	0.00095	0.00048	0.00119
7	0.11161	0.03889	0.07508	0.06485	0.07771	0.03216	0.17444	0.14997	0.07823	0.11983	0.00252	0.01373	0.00188	0.00114	0.00107	0.00033	0.01456	0.00098	0.00077	0.04026
8	0.00215	0.00156	0.00190	0.01050	0.01923	0.00890	0.01107	0.01615	0.13093	0.08089	0.05413	0.21149	0.03532	0.14594	0.01999	0.00047	0.02351	0.02140	0.03036	0.17410
9	0.02608	0.18845	0.05601	0.01459	0.00770	0.03553	0.02032	0.02926	0.03119	0.01869	0.00948	0.15743	0.01340	0.08020	0.26849	0.00078	0.02037	0.01438	0.00067	0.00698
10	0.01101	0.38367	0.25297	0.00259	0.01146	0.00313	0.13474	0.04254	0.01498	0.09257	0.01307	0.00251	0.01822	0.00106	0.00096	0.00030	0.01125	0.00085	0.00060	0.00149
11	0.00774	0.00142	0.00193	0.02876	0.00219	0.00152	0.03029	0.04904	0.03911	0.04042	0.01239	0.07620	0.01756	0.20144	0.31994	0.00936	0.03429	0.07347	0.01596	0.03694
12	0.00203	0.00191	0.00322	0.95969	0.00739	0.00239	0.00298	0.00274	0.00215	0.00274	0.00191	0.00286	0.00143	0.00107	0.00107	0.00036	0.00143	0.00095	0.00048	0.00119
13	0.01369	0.09561	0.06396	0.07935	0.18216	0.14314	0.04693	0.03051	0.05087	0.02297	0.00953	0.01290	0.00177	0.00104	0.00099	0.00028	0.01142	0.00085	0.00062	0.23144
14	0.00150	0.00112	0.00134	0.00138	0.00165	0.00101	0.00100	0.00186	0.02600	0.01817	0.16319	0.34906	0.30241	0.01878	0.00875	0.00648	0.00063	0.03145	0.01127	0.05295
15	0.00284	0.05705	0.13232	0.10917	0.21619	0.02379	0.04623	0.20851	0.09858	0.02127	0.01531	0.01624	0.01158	0.00121	0.00111	0.00033	0.02196	0.00649	0.00824	0.00157
16	0.00133	0.00104	0.00119	0.00126	0.00149	0.00093	0.00090	0.00159	0.00232	0.00293	0.09507	0.28665	0.50142	0.06706	0.01592	0.00045	0.00064	0.01595	0.00098	0.00089
17	0.01000	0.03470	0.08160	0.05256	0.07365	0.03479	0.06932	0.21820	0.25215	0.04259	0.04418	0.01529	0.02126	0.00139	0.00696	0.00035	0.02557	0.00616	0.00772	0.00157

[dist]
# distance from previous block
# <min> <max>
3	38

[block]
# block no. 2 follows, 305 sequences, length 9
# corresponding to MSA columns:
# 478-486
name=unknown_C
#
# <colnr> <probs for GDERKNQSTAVLIFYWHMCP>
#	G	D	E	R	K	N	Q	S	T	A	V	L	I	F	Y	W	H	M	C	P
0	0.07295	0.28021	0.27723	0.02791	0.02565	0.06164	0.05489	0.06687	0.02311	0.02287	0.01722	0.00253	0.02997	0.00110	0.00097	0.00030	0.01674	0.00083	0.00059	0.01643
1	0.02310	0.14024	0.02241	0.10627	0.00296	0.00209	0.04916	0.06680	0.01181	0.02020	0.02506	0.10333	0.00276	0.04392	0.20256	0.05278	0.01827	0.01173	0.01385	0.08070
2	0.76905	0.03561	0.00190	0.01799	0.00231	0.00246	0.00130	0.05817	0.02806	0.05597	0.00182	0.00201	0.00138	0.00105	0.00073	0.00033	0.00087	0.00066	0.01705	0.00126
3	0.01332	0.00195	0.03781	0.00994	0.00245	0.01363	0.04475	0.20875	0.05011	0.07320	0.12279	0.04078	0.01322	0.03647	0.02463	0.07443	0.03106	0.01147	0.17895	0.01030
4	0.00273	0.00143	0.00174	0.00150	0.00196	0.00137	0.00118	0.07926	0.02466	0.24864	0.30642	0.03354	0.00514	0.00164	0.00105	0.00031	0.00067	0.00138	0.28405	0.00129
5	0.00230	0.13283	0.33744	0.01450	0.01992	0.03074	0.04705	0.02643	0.11968	0.01066	0.06584	0.03739	0.07491	0.02426	0.01074	0.00037	0.02643	0.00883	0.00828	0.00140
6	0.00165	0.00112	0.00140	0.00135	0.00161	0.00104	0.00101	0.00214	0.01892	0.02931	0.65748	0.08121	0.06638	0.02146	0.00130	0.00036	0.00055	0.01723	0.09347	0.00102
7	0.00278	0.04706	0.08726	0.12355	0.05147	0.01797	0.21192	0.18228	0.09307	0.04331	0.00277	0.02536	0.02797	0.00135	0.00971	0.01869	0.03074	0.00111	0.02018	0.00148
8	0.00141	0.00100	0.00135	0.00151	0.00162	0.00095	0.01457	0.00161	0.00209	0.00280	0.04425	0.68930	0.05701	0.05397	0.01802	0.03492	0.00072	0.04942	0.02261	0.00087

[dist]
# distance from previous block
# <min> <max>
3	23

[block]
# block no. 3 follows, 305 sequences, length 6
# corresponding to MSA columns:
# 523-528
name=unknown_D
#
# <colnr> <probs for GDERKNQSTAVLIFYWHMCP>
#	G	D	E	R	K	N	Q	S	T	A	V	L	I	F	Y	W	H	M	C	P
0	0.00175	0.00126	0.00168	0.05316	0.05134	0.00121	0.00123	0.00226	0.02144	0.04433	0.60214	0.02749	0.12734	0.03306	0.00136	0.00036	0.00064	0.00182	0.02505	0.00108
1	0.00213	0.00144	0.00179	0.02311	0.00213	0.02780	0.01489	0.04785	0.01931	0.12435	0.09872	0.28765	0.12022	0.06496	0.02284	0.00047	0.01706	0.12118	0.00099	0.00110
2	0.08938	0.00179	0.00216	0.00176	0.00242	0.00172	0.00142	0.08148	0.07285	0.48174	0.16548	0.00451	0.05110	0.00152	0.00107	0.00033	0.00082	0.00124	0.03564	0.00155
3	0.00275	0.01770	0.01653	0.12948	0.05056	0.07768	0.21742	0.11062	0.02940	0.07549	0.07706	0.00353	0.01477	0.03693	0.01395	0.00038	0.06350	0.00114	0.05976	0.00137
4	0.00183	0.00132	0.00163	0.05105	0.00207	0.00129	0.00118	0.03794	0.07144	0.04906	0.50071	0.03950	0.21205	0.00214	0.00122	0.00035	0.00064	0.00185	0.02164	0.00111
5	0.02057	0.03071	0.01876	0.03134	0.01803	0.00270	0.03120	0.44357	0.15487	0.03237	0.10356	0.02676	0.01983	0.01313	0.00122	0.00035	0.03271	0.00118	0.01557	0.00157

[dist]
# distance from previous block
# <min> <max>
0	2

[block]
# block no. 4 follows, 305 sequences, length 28
# corresponding to MSA columns:
# 533-544,548-563
name=unknown_E
#
# <colnr> <probs for GDERKNQSTAVLIFYWHMCP>
#	G	D	E	R	K	N	Q	S	T	A	V	L	I	F	Y	W	H	M	C	P
0	0.05867	0.00172	0.01213	0.00168	0.00230	0.00163	0.00959	0.07613	0.04300	0.43973	0.02047	0.01570	0.00272	0.00143	0.01440	0.00677	0.00084	0.00106	0.28370	0.00633
1	0.00256	0.02141	0.50332	0.03744	0.04240	0.01014	0.09876	0.07927	0.09108	0.05660	0.00246	0.03082	0.00186	0.00117	0.00111	0.00034	0.01607	0.00099	0.00064	0.00157
2	0.00151	0.00109	0.00139	0.00143	0.00167	0.00099	0.01068	0.00185	0.00250	0.03311	0.28342	0.35518	0.23292	0.00275	0.00131	0.00039	0.00062	0.06519	0.00106	0.00096
3	0.05469	0.01802	0.02977	0.00174	0.00225	0.00168	0.03125	0.01794	0.20444	0.08932	0.39044	0.02451	0.06656	0.00942	0.00117	0.00034	0.00075	0.00535	0.02063	0.02973
4	0.00272	0.00283	0.18744	0.10916	0.14224	0.01113	0.10047	0.04791	0.05584	0.13805	0.04790	0.01153	0.01405	0.00117	0.00107	0.00032	0.00122	0.00864	0.00557	0.11075
5	0.00230	0.00192	0.00225	0.00161	0.00256	0.00146	0.00129	0.01744	0.00228	0.01938	0.00196	0.00226	0.00161	0.00081	0.00080	0.00016	0.00080	0.00065	0.00065	0.93780
6	0.00241	0.01410	0.00287	0.10948	0.23828	0.02116	0.01591	0.08002	0.07295	0.04248	0.00277	0.02876	0.01111	0.08879	0.20283	0.00464	0.02347	0.00113	0.00068	0.03616
7	0.01157	0.03738	0.12021	0.04194	0.01291	0.02876	0.03919	0.06203	0.02091	0.13054	0.03061	0.06144	0.04729	0.00129	0.00100	0.00028	0.00102	0.01527	0.00078	0.33557
8	0.03346	0.40576	0.10512	0.00717	0.00311	0.10082	0.04010	0.09519	0.06406	0.05776	0.03277	0.01950	0.00209	0.00125	0.01388	0.00031	0.00125	0.01428	0.00067	0.00144
9	0.00215	0.00198	0.00332	0.85722	0.03477	0.00242	0.02663	0.02149	0.00223	0.01967	0.00196	0.00286	0.00147	0.00109	0.00112	0.00036	0.01656	0.00096	0.00051	0.00124
10	0.01350	0.00205	0.01164	0.00678	0.07053	0.00167	0.03302	0.02711	0.00672	0.04657	0.00207	0.00922	0.00169	0.00089	0.00090	0.00020	0.01764	0.00074	0.00067	0.74638
11	0.01326	0.00262	0.00241	0.01078	0.03798	0.22526	0.00164	0.11643	0.16192	0.04964	0.00311	0.02169	0.02644	0.18164	0.06604	0.00056	0.04928	0.00114	0.02689	0.00128
12	0.00235	0.23067	0.66368	0.00283	0.01762	0.00951	0.01702	0.00333	0.00224	0.00316	0.00181	0.00215	0.00137	0.00103	0.00104	0.00032	0.03713	0.00076	0.00046	0.00152
13	0.96985	0.00208	0.00158	0.00141	0.00208	0.00241	0.00116	0.00316	0.00183	0.00482	0.00149	0.00174	0.00116	0.00100	0.00066	0.00033	0.00083	0.00058	0.00066	0.00116
14	0.00576	0.00157	0.00199	0.01120	0.02179	0.01011	0.06631	0.08474	0.06617	0.01932	0.09925	0.08340	0.32023	0.11564	0.00179	0.00045	0.02308	0.05125	0.01485	0.00110
15	0.00139	0.00101	0.00124	0.00137	0.00149	0.00094	0.00092	0.00160	0.00211	0.00278	0.07912	0.49381	0.15279	0.20506	0.00221	0.00055	0.00070	0.04059	0.00949	0.00085
16	0.01912	0.00234	0.02509	0.05273	0.01641	0.09932	0.05384	0.10493	0.18089	0.06308	0.04310	0.02302	0.02292	0.18269	0.02589	0.00052	0.06498	0.01699	0.00082	0.00130
17	0.00141	0.00107	0.00118	0.00118	0.00140	0.00097	0.00081	0.00162	0.00223	0.00282	0.12974	0.04112	0.47677	0.30957	0.00262	0.00058	0.00071	0.02245	0.00091	0.00084
18	0.01627	0.06303	0.00300	0.01208	0.02392	0.30426	0.03806	0.13746	0.12212	0.03749	0.04684	0.00789	0.00586	0.07341	0.04250	0.00043	0.06226	0.00101	0.00075	0.00135
19	0.00217	0.00156	0.00181	0.00167	0.00206	0.00161	0.00127	0.07851	0.23578	0.06085	0.33442	0.16460	0.05580	0.02074	0.00128	0.00037	0.00070	0.00180	0.03174	0.00126
20	0.00853	0.17212	0.68963	0.03838	0.00431	0.00959	0.01627	0.00338	0.02045	0.01108	0.00197	0.01615	0.00150	0.00105	0.00097	0.00032	0.00147	0.00081	0.00049	0.00152
21	0.00143	0.00106	0.00137	0.03708	0.00178	0.00103	0.00107	0.00166	0.00210	0.00277	0.05718	0.52314	0.12015	0.14211	0.02581	0.00054	0.01469	0.06323	0.00092	0.00088
22	0.05076	0.00277	0.00295	0.00232	0.00311	0.02437	0.01144	0.71122	0.04725	0.04650	0.00281	0.03841	0.00213	0.00136	0.00106	0.00033	0.00112	0.00993	0.01954	0.02062
23	0.03502	0.01111	0.00246	0.00188	0.02461	0.00168	0.02766	0.01385	0.02494	0.07315	0.00218	0.00982	0.00177	0.00095	0.00095	0.00021	0.03653	0.00837	0.00070	0.72216
24	0.00184	0.02942	0.00190	0.00192	0.00223	0.00144	0.01168	0.02062	0.07522	0.00883	0.02395	0.07995	0.05842	0.01046	0.00143	0.00046	0.00093	0.66726	0.00098	0.00106
25	0.05625	0.00197	0.03785	0.00191	0.00270	0.00170	0.00162	0.03604	0.02717	0.71413	0.02772	0.00961	0.01384	0.01833	0.00115	0.00035	0.00093	0.02531	0.00120	0.02022
26	0.06802	0.07134	0.02160	0.03776	0.00310	0.01626	0.00920	0.46178	0.02801	0.16403	0.00285	0.03134	0.00693	0.00930	0.00852	0.01533	0.00561	0.00100	0.02521	0.01279
27	0.03112	0.03776	0.02891	0.00794	0.00265	0.00652	0.01526	0.07096	0.02122	0.09682	0.04680	0.02250	0.01197	0.01927	0.00105	0.00026	0.01859	0.02775	0.00449	0.52816

[dist]
# distance from previous block
# <min> <max>
1	33

[block]
# block no. 5 follows, 305 sequences, length 22
# corresponding to MSA columns:
# 653-656,671-680,683-686,701-704
name=unknown_F
#
# <colnr> <probs for GDERKNQSTAVLIFYWHMCP>
#	G	D	E	R	K	N	Q	S	T	A	V	L	I	F	Y	W	H	M	C	P
0	0.04581	0.15869	0.48201	0.00254	0.00371	0.02605	0.02312	0.08943	0.02085	0.02821	0.00793	0.04559	0.01806	0.00117	0.00097	0.00032	0.00133	0.00091	0.00061	0.04269
1	0.02167	0.04684	0.18485	0.01761	0.05276	0.01339	0.05494	0.05793	0.08023	0.05156	0.03827	0.24066	0.01011	0.06022	0.02094	0.00043	0.01507	0.01127	0.00079	0.02045
2	0.11284	0.00967	0.35808	0.01027	0.00339	0.00692	0.02387	0.14466	0.01789	0.16190	0.02458	0.07864	0.00241	0.02429	0.00114	0.00036	0.00119	0.00489	0.01148	0.00151
3	0.00215	0.01169	0.00206	0.01534	0.02040	0.04817	0.04525	0.02602	0.12021	0.07720	0.43607	0.03584	0.13986	0.00197	0.00120	0.00035	0.00078	0.01319	0.00106	0.00121
4	0.01014	0.01776	0.35268	0.03303	0.08492	0.03989	0.03823	0.02788	0.03680	0.01185	0.02763	0.15729	0.07910	0.00674	0.01622	0.00039	0.04614	0.01128	0.00068	0.00135
5	0.00140	0.00104	0.00126	0.00139	0.00156	0.00096	0.00097	0.00170	0.02497	0.01048	0.09340	0.52468	0.26183	0.04988	0.00153	0.00044	0.00063	0.01998	0.00100	0.00091
6	0.07193	0.02932	0.02001	0.05038	0.00320	0.23355	0.03936	0.22095	0.09343	0.08543	0.05573	0.04413	0.02448	0.00141	0.00105	0.00033	0.00125	0.02176	0.00086	0.00144
7	0.01317	0.00206	0.00322	0.78716	0.02497	0.03622	0.02822	0.02094	0.00226	0.02106	0.00204	0.01545	0.00157	0.00112	0.00111	0.00035	0.01654	0.00098	0.02034	0.00123
8	0.00898	0.00120	0.00161	0.01311	0.00190	0.00115	0.04727	0.00197	0.02244	0.02289	0.06799	0.37436	0.18916	0.07982	0.00166	0.00045	0.01428	0.10066	0.04814	0.00096
9	0.00135	0.00099	0.00124	0.00140	0.00156	0.00091	0.00098	0.00160	0.00224	0.00295	0.08411	0.62378	0.20995	0.00307	0.00133	0.00041	0.00061	0.03945	0.02118	0.00090
10	0.00235	0.25299	0.68497	0.00278	0.00418	0.00295	0.02920	0.00335	0.00225	0.00318	0.00182	0.00214	0.00137	0.00099	0.00094	0.00031	0.00148	0.00075	0.00046	0.00153
11	0.00236	0.00221	0.00371	0.47863	0.35012	0.00245	0.05065	0.04509	0.01378	0.00327	0.01223	0.02679	0.00181	0.00111	0.00109	0.00034	0.00135	0.00104	0.00055	0.00141
12	0.07016	0.00181	0.00192	0.00167	0.00218	0.04092	0.00130	0.09550	0.13949	0.19830	0.11656	0.04491	0.05533	0.04537	0.00123	0.00036	0.00082	0.00129	0.17952	0.00135
13	0.00135	0.00103	0.00123	0.00132	0.00152	0.00093	0.00093	0.00161	0.00231	0.00299	0.14624	0.38970	0.34707	0.06456	0.01938	0.00046	0.00065	0.01485	0.00099	0.00089
14	0.00210	0.00194	0.00321	0.68041	0.16532	0.00227	0.00281	0.01527	0.00226	0.00298	0.03698	0.03131	0.01001	0.01546	0.01043	0.00038	0.00134	0.01373	0.00055	0.00125
15	0.01433	0.14115	0.20849	0.29757	0.02029	0.11623	0.03208	0.01657	0.02345	0.01292	0.00221	0.02847	0.01791	0.01538	0.00118	0.00034	0.04078	0.00878	0.00054	0.00133
16	0.06823	0.00284	0.00295	0.00232	0.00311	0.02905	0.00190	0.74014	0.05897	0.03574	0.00283	0.00281	0.02177	0.00130	0.00104	0.00032	0.00112	0.00098	0.02084	0.00172
17	0.16875	0.06515	0.06787	0.29094	0.14894	0.06484	0.07276	0.07468	0.00245	0.00940	0.00193	0.01048	0.00152	0.00108	0.00102	0.00678	0.00861	0.00088	0.00058	0.00137
18	0.00375	0.00163	0.00207	0.00168	0.00231	0.00149	0.00136	0.05410	0.01240	0.57134	0.07313	0.00417	0.00325	0.01140	0.00107	0.00032	0.00080	0.01706	0.22779	0.00887
19	0.00137	0.00105	0.00125	0.00131	0.00154	0.00094	0.00095	0.00169	0.00250	0.00327	0.28995	0.27763	0.36465	0.01954	0.00138	0.00039	0.00058	0.02806	0.00105	0.00093
20	0.00293	0.87882	0.00539	0.00188	0.00279	0.03226	0.00184	0.03616	0.00231	0.00270	0.00154	0.00177	0.00140	0.00093	0.00071	0.00023	0.00116	0.00059	0.00049	0.02409
21	0.00230	0.00191	0.00238	0.08695	0.08699	0.00210	0.00946	0.00402	0.46999	0.03169	0.06532	0.17214	0.02070	0.00182	0.00116	0.00037	0.00089	0.03115	0.00097	0.00769

[dist]
# distance from previous block
# <min> <max>
0	56

[block]
# block no. 6 follows, 305 sequences, length 21
# corresponding to MSA columns:
# 761-770,787-797
name=unknown_G
#
# <colnr> <probs for GDERKNQSTAVLIFYWHMCP>
#	G	D	E	R	K	N	Q	S	T	A	V	L	I	F	Y	W	H	M	C	P
0	0.00223	0.00533	0.89301	0.00300	0.00452	0.00248	0.00381	0.00354	0.04608	0.02319	0.00209	0.00238	0.00148	0.00105	0.00102	0.00034	0.00154	0.00082	0.00050	0.00160
1	0.06595	0.00278	0.03337	0.00237	0.00323	0.01453	0.03501	0.59126	0.01682	0.21953	0.00286	0.00278	0.00196	0.00126	0.00105	0.00033	0.00114	0.00097	0.00106	0.00175
2	0.00131	0.00093	0.00125	0.00149	0.00156	0.00087	0.00100	0.00149	0.00206	0.00274	0.00592	0.96157	0.00710	0.00336	0.00137	0.00044	0.00062	0.00305	0.00100	0.00087
3	0.00212	0.00107	0.00109	0.00106	0.00134	0.00107	0.00080	0.02242	0.00233	0.03030	0.00350	0.00396	0.00273	0.00125	0.00077	0.00025	0.00053	0.00100	0.92137	0.00104
4	0.00138	0.00107	0.00125	0.00125	0.00153	0.00095	0.00093	0.00173	0.00263	0.00343	0.37737	0.12844	0.45550	0.00260	0.00128	0.00036	0.00055	0.01573	0.00107	0.00094
5	0.00171	0.00149	0.03508	0.06472	0.02222	0.01029	0.04406	0.01633	0.01527	0.02483	0.34343	0.19045	0.20273	0.00229	0.00125	0.00037	0.00076	0.02068	0.00098	0.00107
6	0.01416	0.00200	0.00253	0.00201	0.01658	0.00188	0.00162	0.18384	0.01381	0.59271	0.09055	0.00375	0.00310	0.00145	0.01324	0.00034	0.00095	0.00111	0.00120	0.05318
7	0.86441	0.00984	0.02243	0.00833	0.00923	0.03118	0.00131	0.02008	0.00196	0.02118	0.00158	0.00182	0.00122	0.00101	0.00070	0.00033	0.00090	0.00061	0.00067	0.00120
8	0.01069	0.02155	0.37460	0.05340	0.14872	0.00250	0.15088	0.04245	0.04507	0.05935	0.02047	0.02468	0.00998	0.00116	0.00116	0.00035	0.02982	0.00103	0.00062	0.00154
9	0.00253	0.00237	0.01928	0.08093	0.58147	0.01928	0.05478	0.02878	0.00686	0.02487	0.02208	0.05840	0.00673	0.00673	0.01349	0.04638	0.02182	0.00112	0.00060	0.00149
10	0.00189	0.00117	0.00147	0.00135	0.00166	0.00110	0.00103	0.02360	0.00294	0.07105	0.69013	0.00695	0.02352	0.00196	0.00116	0.00032	0.00055	0.00170	0.16534	0.00108
11	0.00182	0.00094	0.00139	0.00140	0.00140	0.00095	0.00093	0.00142	0.00144	0.00192	0.00212	0.03688	0.00218	0.05891	0.02725	0.85603	0.00097	0.00105	0.00050	0.00050
12	0.02231	0.01213	0.02574	0.02040	0.03709	0.07808	0.15873	0.22617	0.04600	0.22396	0.00289	0.03403	0.00623	0.01367	0.00135	0.00035	0.08076	0.00109	0.00745	0.00156
13	0.00134	0.00105	0.00121	0.00126	0.00151	0.00092	0.00090	0.00163	0.00245	0.00314	0.20822	0.27123	0.47568	0.02279	0.00138	0.00039	0.00057	0.00240	0.00103	0.00091
14	0.00221	0.00213	0.02629	0.71216	0.03048	0.01377	0.03189	0.04797	0.05110	0.00311	0.00997	0.00302	0.00170	0.00124	0.01507	0.00038	0.02291	0.00900	0.01433	0.00127
15	0.00213	0.00123	0.00157	0.00145	0.00180	0.00112	0.00110	0.00260	0.02092	0.18202	0.46327	0.14958	0.09929	0.00220	0.00122	0.00035	0.00061	0.01134	0.05504	0.00115
16	0.00286	0.72843	0.02658	0.00195	0.00279	0.02530	0.00186	0.02613	0.10696	0.01418	0.00193	0.00219	0.00168	0.02262	0.00969	0.00029	0.02190	0.00070	0.00056	0.00141
17	0.00147	0.00107	0.00132	0.00133	0.00158	0.00097	0.00097	0.00185	0.00267	0.01679	0.49182	0.22006	0.22735	0.00256	0.00128	0.00037	0.00055	0.01124	0.01379	0.00097
18	0.00241	0.01056	0.00323	0.09246	0.02144	0.04916	0.02916	0.01546	0.07335	0.00288	0.02118	0.00799	0.02485	0.00171	0.00271	0.00043	0.63820	0.00102	0.00056	0.00124
19	0.00155	0.00111	0.00137	0.00134	0.00160	0.00102	0.00099	0.00195	0.00972	0.02564	0.48397	0.11486	0.20683	0.06681	0.03013	0.00044	0.00066	0.02208	0.01462	0.01328
20	0.00141	0.00101	0.00131	0.00150	0.00162	0.00095	0.00104	0.00169	0.01601	0.01502	0.05952	0.72389	0.08246	0.02144	0.00143	0.00044	0.00065	0.06671	0.00101	0.00091

[dist]
# distance from previous block
# <min> <max>
1	2

[block]
# block no. 7 follows, 305 sequences, length 29
# corresponding to MSA columns:
# 800-804,807-809,833-840,852-864
name=unknown_H
#
# <colnr> <probs for GDERKNQSTAVLIFYWHMCP>
#	G	D	E	R	K	N	Q	S	T	A	V	L	I	F	Y	W	H	M	C	P
0	0.01055	0.22620	0.01276	0.00239	0.00277	0.11685	0.00804	0.02764	0.00211	0.03452	0.00187	0.02200	0.00174	0.01928	0.06294	0.00047	0.42628	0.00722	0.01313	0.00124
1	0.11368	0.49172	0.13904	0.00197	0.00286	0.02736	0.00631	0.01839	0.02713	0.06420	0.00201	0.00226	0.00163	0.00108	0.00564	0.00028	0.01367	0.00623	0.07314	0.00139
2	0.96985	0.00208	0.00158	0.00141	0.00208	0.00241	0.00116	0.00316	0.00183	0.00482	0.00149	0.00174	0.00116	0.00100	0.00066	0.00033	0.00083	0.00058	0.00066	0.00116
3	0.10868	0.01796	0.00290	0.00254	0.00315	0.72960	0.00195	0.06783	0.00303	0.05032	0.00183	0.00204	0.00145	0.00112	0.00094	0.00029	0.00170	0.00072	0.00064	0.00131
4	0.00155	0.00104	0.00131	0.00142	0.00162	0.00095	0.00100	0.00180	0.00225	0.05281	0.05332	0.59681	0.19146	0.01121	0.00134	0.00041	0.00063	0.02831	0.03718	0.01359
5	0.00184	0.01486	0.00160	0.00152	0.00184	0.02375	0.00114	0.01927	0.05102	0.06197	0.25357	0.24097	0.19623	0.02965	0.00138	0.00039	0.00070	0.07323	0.00103	0.02405
6	0.02455	0.86831	0.03190	0.00188	0.00281	0.00410	0.00188	0.02435	0.02708	0.00275	0.00160	0.00182	0.00143	0.00095	0.00072	0.00024	0.00115	0.00061	0.00049	0.00140
7	0.01089	0.00162	0.00207	0.00167	0.00231	0.00147	0.00135	0.03073	0.01995	0.61031	0.06025	0.00396	0.00310	0.00136	0.00101	0.00031	0.00079	0.00111	0.24419	0.00156
8	0.02103	0.00182	0.00226	0.00180	0.00250	0.00173	0.00147	0.13664	0.02221	0.57683	0.03499	0.02082	0.00287	0.00137	0.00103	0.00032	0.00086	0.00111	0.16671	0.00163
9	0.01563	0.00207	0.00208	0.00177	0.00227	0.08290	0.01093	0.29165	0.02627	0.03027	0.14546	0.00420	0.01382	0.01893	0.00108	0.00032	0.00608	0.01763	0.32531	0.00131
10	0.00141	0.00106	0.00125	0.00133	0.00156	0.00095	0.00096	0.00170	0.01275	0.01537	0.09926	0.36441	0.39978	0.01941	0.00145	0.02324	0.00061	0.04312	0.00946	0.00091
11	0.04284	0.00189	0.00246	0.00190	0.00271	0.00170	0.00157	0.06285	0.00312	0.83598	0.00401	0.00352	0.00255	0.00131	0.00105	0.00033	0.00092	0.00105	0.02645	0.00178
12	0.07163	0.00170	0.00212	0.00174	0.00238	0.00160	0.00140	0.05774	0.03853	0.51587	0.19716	0.04350	0.04003	0.00162	0.00110	0.00034	0.00081	0.00134	0.01788	0.00152
13	0.00147	0.01370	0.00137	0.00140	0.00166	0.00103	0.00105	0.00181	0.01007	0.01887	0.16638	0.28786	0.36240	0.00279	0.00131	0.00039	0.00063	0.12383	0.00103	0.00095
14	0.01970	0.00182	0.00230	0.00186	0.00255	0.00172	0.00150	0.05975	0.12301	0.58509	0.12874	0.01944	0.01613	0.00151	0.00110	0.00034	0.00085	0.00789	0.02306	0.00164
15	0.04903	0.00199	0.00251	0.00195	0.00275	0.00187	0.00161	0.15504	0.00329	0.72551	0.00388	0.02599	0.00256	0.00135	0.00106	0.00033	0.00094	0.00108	0.01548	0.00176
16	0.00131	0.00094	0.00125	0.00148	0.00155	0.00088	0.00099	0.00150	0.00207	0.00275	0.01723	0.92848	0.01878	0.01343	0.00141	0.00044	0.00062	0.00301	0.00100	0.00087
17	0.00240	0.00178	0.00272	0.20978	0.03620	0.00187	0.10567	0.09646	0.01117	0.09509	0.00975	0.17660	0.02136	0.00190	0.01855	0.00039	0.01120	0.09837	0.09750	0.00126
18	0.01309	0.00235	0.00320	0.00273	0.00284	0.00912	0.01679	0.02163	0.06549	0.03598	0.00177	0.00253	0.00160	0.00178	0.00312	0.00045	0.80228	0.00096	0.01103	0.00125
19	0.00167	0.00113	0.00134	0.00131	0.00136	0.00117	0.00081	0.01898	0.00169	0.01544	0.01670	0.00658	0.00378	0.79203	0.09886	0.00106	0.02383	0.01084	0.00067	0.00074
20	0.00211	0.00198	0.00335	0.86122	0.08346	0.00241	0.01327	0.01430	0.00221	0.00286	0.00193	0.00284	0.00146	0.00106	0.00107	0.00035	0.00142	0.00096	0.00049	0.00124
21	0.00205	0.00192	0.00318	0.70468	0.14460	0.00227	0.00280	0.00271	0.00221	0.00290	0.02873	0.04590	0.03325	0.00126	0.00114	0.00036	0.01716	0.00112	0.00054	0.00124
22	0.00231	0.00196	0.00231	0.00728	0.00263	0.00844	0.01379	0.01854	0.00229	0.01756	0.00196	0.00228	0.00161	0.00083	0.00084	0.00017	0.01069	0.00066	0.00813	0.89570
23	0.00269	0.58649	0.27240	0.00225	0.00332	0.01273	0.02000	0.00330	0.00225	0.03541	0.01545	0.00211	0.00157	0.00112	0.01667	0.00030	0.01932	0.00070	0.00050	0.00144
24	0.00184	0.00128	0.00157	0.00146	0.00178	0.00125	0.00110	0.01323	0.11072	0.04750	0.60494	0.03313	0.05012	0.03049	0.03196	0.00040	0.00067	0.00176	0.06368	0.00112
25	0.04579	0.02372	0.12202	0.01827	0.02343	0.01347	0.02403	0.32121	0.32826	0.04174	0.00877	0.00670	0.01188	0.00130	0.00105	0.00034	0.00111	0.00104	0.00420	0.00167
26	0.00155	0.00117	0.00143	0.00877	0.00169	0.00670	0.00104	0.01908	0.02021	0.00388	0.60920	0.09565	0.18386	0.00951	0.00130	0.00036	0.00057	0.02710	0.00592	0.00101
27	0.07117	0.07695	0.17779	0.06846	0.02562	0.02592	0.10406	0.05033	0.06301	0.03472	0.13965	0.04293	0.05560	0.00146	0.00117	0.00034	0.03692	0.00822	0.00372	0.01196
28	0.70939	0.06611	0.03205	0.00171	0.00756	0.02972	0.02518	0.02316	0.00793	0.02526	0.00169	0.01155	0.00134	0.00104	0.00079	0.00032	0.01973	0.00067	0.00066	0.03414

[dist]
# distance from previous block
# <min> <max>
2	31

[block]
# block no. 8 follows, 305 sequences, length 7
# corresponding to MSA columns:
# 954-958,999,1000
name=unknown_I
#
# <colnr> <probs for GDERKNQSTAVLIFYWHMCP>
#	G	D	E	R	K	N	Q	S	T	A	V	L	I	F	Y	W	H	M	C	P
0	0.03687	0.00123	0.00151	0.00142	0.00174	0.00117	0.00107	0.00225	0.04943	0.02518	0.59856	0.06313	0.11229	0.00233	0.02253	0.01695	0.00064	0.01700	0.00108	0.04362
1	0.00229	0.00217	0.02897	0.03838	0.09816	0.04671	0.01444	0.02572	0.39774	0.00378	0.06185	0.03258	0.20264	0.01479	0.00123	0.00037	0.01306	0.01281	0.00093	0.00140
2	0.00144	0.00112	0.00141	0.00136	0.00165	0.00102	0.02143	0.00184	0.00267	0.00355	0.46347	0.08084	0.34334	0.02292	0.02446	0.00041	0.00064	0.02441	0.00106	0.00096
3	0.00203	0.00182	0.00255	0.01505	0.00245	0.01446	0.03629	0.02408	0.00187	0.00271	0.02240	0.05625	0.02130	0.08995	0.23494	0.01939	0.43085	0.00122	0.01932	0.00106
4	0.05047	0.06902	0.03172	0.00232	0.02341	0.06663	0.01648	0.27982	0.15242	0.04558	0.00255	0.01530	0.00198	0.00123	0.00115	0.00030	0.06821	0.00091	0.00083	0.16966
5	0.00240	0.00192	0.03786	0.01226	0.01285	0.00168	0.03249	0.11429	0.03614	0.08205	0.13837	0.08395	0.06864	0.03607	0.01475	0.00035	0.01714	0.02815	0.00089	0.27775
6	0.01326	0.29131	0.24398	0.05689	0.03862	0.03882	0.01890	0.07790	0.04170	0.09217	0.01354	0.01461	0.00186	0.01383	0.02223	0.00035	0.01704	0.00086	0.00064	0.00148

[dist]
# distance from previous block
# <min> <max>
0	1

[block]
# block no. 9 follows, 305 sequences, length 20
# corresponding to MSA columns:
# 1002,1003,1015-1020,1022-1033
name=unknown_J
#
# <colnr> <probs for GDERKNQSTAVLIFYWHMCP>
#	G	D	E	R	K	N	Q	S	T	A	V	L	I	F	Y	W	H	M	C	P
0	0.00224	0.05624	0.64988	0.00269	0.00393	0.00234	0.02819	0.02407	0.02529	0.03039	0.09966	0.01516	0.00917	0.00131	0.00116	0.03445	0.00136	0.01040	0.00060	0.00147
1	0.00830	0.00201	0.01947	0.72222	0.09051	0.00719	0.00282	0.00793	0.00218	0.00288	0.02529	0.00314	0.01124	0.01763	0.00131	0.00770	0.05301	0.00770	0.00624	0.00122
2	0.00257	0.21322	0.34060	0.02102	0.05270	0.04157	0.01808	0.01237	0.01968	0.08103	0.14040	0.00773	0.00285	0.00124	0.00106	0.00031	0.02847	0.00098	0.00798	0.00615
3	0.07257	0.00190	0.00217	0.00160	0.00249	0.00152	0.00128	0.01351	0.00228	0.06041	0.01839	0.01166	0.00185	0.01154	0.00087	0.00020	0.00081	0.00072	0.00070	0.79355
4	0.00165	0.00136	0.01795	0.03580	0.00204	0.00128	0.01469	0.03523	0.06385	0.00375	0.43167	0.13328	0.20660	0.00245	0.02461	0.00039	0.00659	0.01471	0.00104	0.00107
5	0.00986	0.00195	0.00239	0.02875	0.02742	0.00157	0.01443	0.01156	0.01029	0.03415	0.00203	0.00947	0.00167	0.00088	0.00088	0.00019	0.01725	0.00071	0.00066	0.82387
6	0.00135	0.00098	0.00128	0.00151	0.00160	0.00092	0.00102	0.00161	0.02607	0.00280	0.00599	0.90232	0.02855	0.00330	0.00136	0.00043	0.00063	0.01639	0.00100	0.00090
7	0.01487	0.00261	0.00281	0.04606	0.00318	0.09601	0.03315	0.36410	0.07735	0.17257	0.02310	0.00354	0.07790	0.00137	0.00108	0.00032	0.00796	0.00109	0.00731	0.06361
8	0.00140	0.00107	0.00128	0.00137	0.00161	0.00097	0.00102	0.00168	0.00236	0.00302	0.12166	0.25309	0.40762	0.01326	0.01671	0.03424	0.00068	0.13506	0.00099	0.00090
9	0.00208	0.00199	0.00268	0.02935	0.00266	0.04239	0.04025	0.00247	0.03475	0.00277	0.02551	0.20511	0.01248	0.01125	0.08981	0.00056	0.46948	0.02265	0.00065	0.00111
10	0.00239	0.00242	0.00327	0.02619	0.01792	0.03685	0.00235	0.00265	0.00172	0.00260	0.00147	0.00241	0.00145	0.01453	0.00336	0.00047	0.87537	0.00094	0.00048	0.00118
11	0.00196	0.00648	0.00205	0.00198	0.02101	0.00168	0.02786	0.05483	0.12228	0.01467	0.08635	0.16551	0.09181	0.04373	0.07680	0.01868	0.08474	0.17554	0.00090	0.00113
12	0.00223	0.00191	0.00223	0.00159	0.00254	0.00143	0.00127	0.00270	0.00223	0.00350	0.00191	0.00223	0.00159	0.00080	0.00080	0.00016	0.00080	0.00064	0.00064	0.96883
13	0.00141	0.00105	0.00123	0.00129	0.00149	0.00095	0.00090	0.00165	0.00225	0.01347	0.11978	0.29102	0.36127	0.15465	0.03154	0.00053	0.00072	0.01296	0.00095	0.00088
14	0.00273	0.00161	0.00169	0.00146	0.00193	0.03569	0.00115	0.12391	0.02811	0.13174	0.01292	0.01894	0.00265	0.00135	0.01157	0.00029	0.00075	0.00102	0.55402	0.06645
15	0.00165	0.00125	0.00150	0.00145	0.00173	0.00652	0.00108	0.01573	0.08031	0.01401	0.54783	0.11107	0.15317	0.02046	0.00136	0.00037	0.00951	0.02364	0.00629	0.00105
16	0.02285	0.00264	0.01180	0.00228	0.00297	0.03649	0.00183	0.34292	0.51936	0.00518	0.00360	0.02194	0.00275	0.00143	0.00108	0.00035	0.00101	0.01677	0.00105	0.00169
17	0.00156	0.00107	0.00125	0.00126	0.00131	0.00108	0.00077	0.00168	0.01814	0.00229	0.02772	0.04061	0.05686	0.73392	0.08718	0.01161	0.00114	0.00912	0.00070	0.00073
18	0.06100	0.00215	0.00256	0.00202	0.00278	0.02803	0.01298	0.21925	0.01725	0.55242	0.01820	0.03706	0.00261	0.00140	0.00110	0.01274	0.00098	0.00110	0.02269	0.00168
19	0.00153	0.00110	0.00131	0.00133	0.00144	0.00110	0.00088	0.00813	0.02546	0.00254	0.04426	0.16927	0.13249	0.49794	0.07841	0.00083	0.01341	0.01695	0.00079	0.00081

[dist]
# distance from previous block
# <min> <max>
4	80

[block]
# block no. 10 follows, 305 sequences, length 12
# corresponding to MSA columns:
# 1122-1133
name=unknown_K
#
# <colnr> <probs for GDERKNQSTAVLIFYWHMCP>
#	G	D	E	R	K	N	Q	S	T	A	V	L	I	F	Y	W	H	M	C	P
0	0.01384	0.00144	0.01012	0.00950	0.00210	0.00133	0.00885	0.03940	0.02968	0.21861	0.17776	0.22026	0.08534	0.04524	0.01314	0.01258	0.00079	0.06198	0.00861	0.03942
1	0.00194	0.00115	0.00148	0.00147	0.00174	0.00104	0.00107	0.00226	0.00254	0.15308	0.27788	0.38626	0.11542	0.02046	0.00135	0.00039	0.00064	0.01491	0.01386	0.00107
2	0.00171	0.00161	0.09870	0.00164	0.00204	0.00122	0.01148	0.00222	0.01579	0.04825	0.35313	0.24572	0.13287	0.00237	0.00128	0.00037	0.01107	0.04111	0.01061	0.01682
3	0.00299	0.86546	0.00536	0.00193	0.00281	0.10129	0.00186	0.00332	0.00227	0.00254	0.00151	0.00174	0.00138	0.00094	0.00072	0.00023	0.00123	0.00059	0.00047	0.00136
4	0.02033	0.00193	0.00229	0.00168	0.00260	0.00155	0.00136	0.02777	0.02353	0.18007	0.00240	0.00253	0.00182	0.00092	0.00086	0.00020	0.00083	0.00074	0.00079	0.72578
5	0.01589	0.03400	0.02253	0.00262	0.09977	0.06761	0.00192	0.19761	0.40098	0.03841	0.02423	0.01531	0.01538	0.00140	0.00110	0.01247	0.00104	0.01097	0.03519	0.00160
6	0.02019	0.03652	0.15633	0.02960	0.02430	0.01874	0.02871	0.13671	0.01698	0.03985	0.02060	0.23996	0.01628	0.02245	0.02739	0.04082	0.08666	0.01740	0.00077	0.01974
7	0.01301	0.10402	0.02083	0.15095	0.12577	0.02535	0.06567	0.01233	0.01852	0.05331	0.02222	0.24613	0.06260	0.01170	0.00980	0.00038	0.03385	0.01639	0.00592	0.00124
8	0.00242	0.00517	0.85961	0.00294	0.00445	0.00240	0.00372	0.00359	0.00235	0.10036	0.00216	0.00241	0.00149	0.00105	0.00103	0.00034	0.00152	0.00082	0.00054	0.00161
9	0.01187	0.02050	0.76709	0.00293	0.00433	0.00248	0.03718	0.03734	0.02113	0.01878	0.00233	0.01654	0.02619	0.00121	0.01268	0.00036	0.01409	0.00090	0.00053	0.00155
10	0.01140	0.00860	0.01218	0.19424	0.04127	0.01300	0.26648	0.12718	0.03801	0.14598	0.01797	0.03628	0.02130	0.00130	0.00123	0.00581	0.02922	0.01413	0.01299	0.00145
11	0.00182	0.00121	0.00156	0.00149	0.00179	0.00113	0.01304	0.02574	0.02067	0.07407	0.47281	0.21342	0.08439	0.00236	0.00125	0.00036	0.00062	0.03680	0.04440	0.00107

[dist]
# distance from previous block
# <min> <max>
2	6

[block]
# block no. 11 follows, 305 sequences, length 6
# corresponding to MSA columns:
# 1151-1156
name=unknown_L
#
# <colnr> <probs for GDERKNQSTAVLIFYWHMCP>
#	G	D	E	R	K	N	Q	S	T	A	V	L	I	F	Y	W	H	M	C	P
0	0.68345	0.03722	0.03087	0.00162	0.00233	0.00244	0.00138	0.06121	0.05445	0.08214	0.03294	0.00229	0.00175	0.00110	0.00078	0.00033	0.00088	0.00073	0.00077	0.00130
1	0.00262	0.03255	0.12077	0.07761	0.06960	0.02171	0.09374	0.14345	0.08971	0.07024	0.03468	0.11261	0.01636	0.04397	0.03653	0.00043	0.01629	0.00131	0.01443	0.00141
2	0.00167	0.00113	0.00143	0.00152	0.00176	0.00107	0.00116	0.00207	0.02488	0.04958	0.11021	0.31055	0.17289	0.03794	0.00147	0.00043	0.00071	0.23052	0.04800	0.00099
3	0.00231	0.00176	0.00201	0.00182	0.00226	0.00190	0.00142	0.08542	0.33734	0.05019	0.21419	0.05421	0.12189	0.03518	0.00142	0.00039	0.03623	0.04764	0.00106	0.00134
4	0.00163	0.00114	0.00136	0.00135	0.00162	0.00105	0.00098	0.00201	0.03322	0.05339	0.24033	0.16670	0.31646	0.10669	0.02126	0.01956	0.00070	0.02857	0.00101	0.00097
5	0.09819	0.00193	0.00217	0.00182	0.00243	0.00200	0.00145	0.14901	0.20585	0.25711	0.14500	0.00440	0.03698	0.03742	0.00122	0.00036	0.00084	0.00123	0.04908	0.00150

[dist]
# distance from previous block
# <min> <max>
0	1

[block]
# block no. 12 follows, 305 sequences, length 17
# corresponding to MSA columns:
# 1158-1166,1177-1181,1183,1198,1199
name=unknown_M
#
# <colnr> <probs for GDERKNQSTAVLIFYWHMCP>
#	G	D	E	R	K	N	Q	S	T	A	V	L	I	F	Y	W	H	M	C	P
0	0.02412	0.00120	0.00154	0.00162	0.00187	0.00118	0.00127	0.00222	0.03198	0.05264	0.15035	0.25179	0.06575	0.05695	0.01729	0.00047	0.01120	0.29713	0.02839	0.00101
1	0.00389	0.04986	0.00313	0.00270	0.00327	0.86860	0.00205	0.00430	0.04746	0.00271	0.00178	0.00202	0.00147	0.00111	0.00096	0.00028	0.00185	0.00071	0.00057	0.00127
2	0.01877	0.00235	0.02518	0.08995	0.26694	0.03964	0.03361	0.07037	0.06221	0.19473	0.04010	0.01262	0.02616	0.00123	0.00106	0.00032	0.00112	0.01604	0.00082	0.09679
3	0.00241	0.01560	0.02330	0.01979	0.00314	0.07238	0.14438	0.03974	0.03182	0.01781	0.02425	0.03023	0.00768	0.05574	0.11746	0.00060	0.39073	0.00112	0.00060	0.00122
4	0.41867	0.01624	0.01846	0.31767	0.10488	0.02621	0.02163	0.03173	0.00217	0.02177	0.00179	0.00231	0.00138	0.00104	0.00091	0.00034	0.01012	0.00079	0.00060	0.00128
5	0.00224	0.08341	0.81449	0.00313	0.03631	0.00265	0.03653	0.00338	0.00227	0.00333	0.00190	0.00226	0.00138	0.00101	0.00100	0.00033	0.00155	0.00080	0.00046	0.00157
6	0.00139	0.00108	0.00127	0.00131	0.00157	0.00097	0.00096	0.00177	0.02387	0.00329	0.27126	0.24618	0.41399	0.00271	0.00129	0.00038	0.00057	0.02414	0.00105	0.00095
7	0.00209	0.00108	0.00112	0.00109	0.00137	0.00107	0.00082	0.01571	0.01546	0.03373	0.03095	0.02249	0.01798	0.00135	0.00080	0.00026	0.00053	0.00109	0.84997	0.00104
8	0.14001	0.00194	0.00255	0.00210	0.00273	0.00695	0.11784	0.04218	0.16790	0.24272	0.08893	0.06021	0.00932	0.00738	0.00116	0.01555	0.00772	0.02581	0.05557	0.00142
9	0.00150	0.00109	0.00135	0.00140	0.00163	0.00100	0.00102	0.00186	0.01683	0.02615	0.26589	0.30228	0.26553	0.01142	0.03123	0.01167	0.00068	0.05550	0.00103	0.00096
10	0.00275	0.05215	0.00906	0.04426	0.01142	0.02866	0.34014	0.07430	0.03540	0.09604	0.02869	0.00330	0.03180	0.00701	0.04335	0.00043	0.18220	0.00695	0.00069	0.00140
11	0.00248	0.00220	0.00350	0.00471	0.56393	0.00221	0.03621	0.08182	0.00263	0.01361	0.03931	0.06366	0.04242	0.03179	0.01524	0.00039	0.00980	0.08191	0.00070	0.00148
12	0.09232	0.00791	0.01917	0.01210	0.00272	0.04955	0.00891	0.26170	0.03789	0.20456	0.06650	0.05871	0.01073	0.01241	0.03507	0.02277	0.00854	0.02794	0.00097	0.05952
13	0.81206	0.03217	0.02803	0.00170	0.03409	0.00247	0.00137	0.01503	0.01892	0.02600	0.00166	0.00191	0.00129	0.00108	0.00904	0.00034	0.01029	0.00064	0.00067	0.00123
14	0.75278	0.01977	0.02626	0.00180	0.03134	0.04648	0.02666	0.03233	0.01003	0.00457	0.01609	0.01575	0.00148	0.00106	0.00075	0.00033	0.00095	0.00070	0.00964	0.00122
15	0.02886	0.01221	0.05088	0.01106	0.02784	0.00810	0.01224	0.05915	0.10265	0.08996	0.22908	0.06931	0.15276	0.00203	0.01370	0.00037	0.00662	0.05906	0.05239	0.01173
16	0.16837	0.02423	0.04234	0.00183	0.00255	0.00186	0.02380	0.08108	0.02913	0.08849	0.04876	0.09238	0.01316	0.00146	0.00100	0.00030	0.00826	0.07714	0.00083	0.29304

[dist]
# distance from previous block
# <min> <max>
0	2

[block]
# block no. 13 follows, 305 sequences, length 9
# corresponding to MSA columns:
# 1205-1213
name=unknown_N
#
# <colnr> <probs for GDERKNQSTAVLIFYWHMCP>
#	G	D	E	R	K	N	Q	S	T	A	V	L	I	F	Y	W	H	M	C	P
0	0.04162	0.23629	0.08337	0.03518	0.03500	0.02610	0.04188	0.12750	0.05453	0.07249	0.02536	0.08680	0.01059	0.01043	0.00113	0.00033	0.03314	0.03960	0.00075	0.03790
1	0.01882	0.00930	0.01483	0.01521	0.14764	0.00185	0.08434	0.02020	0.04922	0.26081	0.04357	0.07510	0.02955	0.00153	0.01886	0.00034	0.01419	0.02290	0.00980	0.16193
2	0.00273	0.21004	0.12318	0.04689	0.04942	0.02369	0.04040	0.17267	0.04153	0.04831	0.06095	0.09650	0.02452	0.00152	0.01177	0.00034	0.01768	0.00946	0.00076	0.01764
3	0.00251	0.07353	0.11832	0.01803	0.02461	0.00238	0.30189	0.07485	0.07573	0.05753	0.12574	0.05296	0.03458	0.00142	0.00119	0.00035	0.01318	0.01902	0.00078	0.00141
4	0.00140	0.00108	0.00127	0.00131	0.00155	0.00098	0.00095	0.00177	0.02344	0.00324	0.26301	0.23826	0.38012	0.05095	0.00150	0.00041	0.00060	0.02621	0.00103	0.00093
5	0.00166	0.00149	0.04688	0.01590	0.03343	0.01543	0.02739	0.01317	0.01693	0.00308	0.06745	0.42654	0.06539	0.03739	0.00152	0.00044	0.01625	0.20772	0.00092	0.00102
6	0.02574	0.04128	0.05004	0.28883	0.10513	0.10779	0.12925	0.02918	0.02296	0.06594	0.02717	0.02368	0.00197	0.00125	0.01145	0.00035	0.04662	0.00102	0.00062	0.01974
7	0.00209	0.00118	0.00128	0.00129	0.01376	0.01378	0.00095	0.01517	0.02453	0.04669	0.04140	0.08183	0.02231	0.01381	0.01027	0.03111	0.00064	0.03133	0.64554	0.00104
8	0.02986	0.00180	0.00205	0.00187	0.02185	0.02148	0.00142	0.16947	0.12154	0.12368	0.20425	0.11458	0.08637	0.01148	0.00124	0.01275	0.00082	0.04081	0.03137	0.00133

[dist]
# distance from previous block
# <min> <max>
0	1

[block]
# block no. 14 follows, 305 sequences, length 18
# corresponding to MSA columns:
# 1215-1218,1245-1247,1261-1271
name=unknown_O
#
# <colnr> <probs for GDERKNQSTAVLIFYWHMCP>
#	G	D	E	R	K	N	Q	S	T	A	V	L	I	F	Y	W	H	M	C	P
0	0.03326	0.04898	0.12264	0.14462	0.18705	0.17010	0.12494	0.06979	0.02441	0.02968	0.00211	0.00906	0.00167	0.00110	0.00109	0.00033	0.01724	0.00987	0.00060	0.00146
1	0.01155	0.00809	0.01416	0.01381	0.02906	0.00175	0.01726	0.01027	0.03976	0.05762	0.15109	0.20726	0.37608	0.00935	0.00973	0.00054	0.01035	0.02948	0.00128	0.00151
2	0.10912	0.00191	0.00241	0.00188	0.00268	0.00177	0.00155	0.04689	0.03358	0.76930	0.00389	0.01485	0.00253	0.00132	0.00104	0.00033	0.00091	0.00105	0.00123	0.00174
3	0.05653	0.00183	0.03030	0.01976	0.01881	0.00567	0.01541	0.13661	0.04652	0.19799	0.16107	0.16041	0.05967	0.02895	0.02333	0.00041	0.01094	0.01506	0.00939	0.00133
