[name]
unknown

[dist]
# distance from previous block
# <min> <max>
0	1277

[block]
# block no. 0 follows, 296 sequences, length 27
# corresponding to MSA columns:
# 1412-1430,1433-1440
name=unknown_A
#
# <colnr> <probs for GDERKNQSTAVLIFYWHMCP>
#	G	D	E	R	K	N	Q	S	T	A	V	L	I	F	Y	W	H	M	C	P
0	0.03641	0.01797	0.22063	0.02070	0.04531	0.01318	0.01597	0.09153	0.10124	0.07711	0.04222	0.16440	0.02846	0.01022	0.00119	0.00037	0.00422	0.04210	0.00085	0.06593
1	0.09808	0.03760	0.05486	0.02949	0.17997	0.02358	0.01528	0.06051	0.04287	0.14857	0.07796	0.06282	0.03542	0.01956	0.02350	0.00039	0.02116	0.01062	0.02518	0.03260
2	0.02310	0.23997	0.19084	0.02682	0.06914	0.04012	0.01188	0.10234	0.03998	0.08189	0.02803	0.02875	0.04252	0.00127	0.00100	0.00031	0.00568	0.00600	0.00072	0.05962
3	0.04077	0.05556	0.02988	0.05350	0.04362	0.02338	0.06477	0.21400	0.06347	0.07456	0.09286	0.01461	0.10890	0.00158	0.00120	0.03206	0.00106	0.00581	0.02191	0.05649
4	0.02023	0.01147	0.02518	0.02276	0.03649	0.00833	0.04234	0.03139	0.05657	0.10997	0.03753	0.04538	0.00249	0.00117	0.00098	0.00025	0.00603	0.00717	0.02933	0.50494
5	0.02274	0.00127	0.00167	0.00167	0.02402	0.00122	0.03765	0.00192	0.00245	0.00332	0.24964	0.23783	0.26831	0.05992	0.03564	0.00048	0.03803	0.00218	0.00098	0.00907
6	0.00693	0.04605	0.10384	0.11471	0.24366	0.03525	0.07802	0.08351	0.15778	0.04916	0.00264	0.02525	0.00208	0.00124	0.00121	0.00035	0.04495	0.00106	0.00072	0.00159
7	0.07014	0.00242	0.03406	0.02590	0.02582	0.04329	0.14229	0.15499	0.10265	0.09098	0.07275	0.02512	0.01896	0.01719	0.10532	0.00051	0.02319	0.00387	0.01551	0.02503
8	0.04723	0.00141	0.02977	0.02382	0.00200	0.00127	0.01136	0.02861	0.00302	0.01381	0.74284	0.01840	0.06798	0.00214	0.00126	0.00035	0.00063	0.00186	0.00113	0.00110
9	0.03416	0.00280	0.01720	0.05993	0.02382	0.00269	0.69374	0.04498	0.03069	0.03017	0.00246	0.03757	0.00194	0.00109	0.00127	0.00037	0.01172	0.00129	0.00064	0.00148
10	0.00166	0.02956	0.00154	0.00143	0.00175	0.00120	0.00107	0.04652	0.00264	0.01127	0.20453	0.26934	0.32182	0.00263	0.00128	0.00038	0.00065	0.03434	0.03846	0.02793
11	0.04630	0.51335	0.29125	0.00233	0.00342	0.00346	0.03047	0.01501	0.03138	0.00316	0.02277	0.02888	0.00184	0.00110	0.00088	0.00029	0.00128	0.00081	0.00054	0.00147
12	0.51755	0.02446	0.00220	0.03193	0.02907	0.00226	0.00149	0.04029	0.00239	0.24066	0.00247	0.03071	0.00184	0.00119	0.00090	0.00033	0.01406	0.00085	0.00086	0.05450
13	0.00154	0.00117	0.00171	0.00191	0.04300	0.00111	0.04654	0.00789	0.00222	0.00299	0.04224	0.72697	0.03586	0.00309	0.00147	0.02736	0.00741	0.02242	0.02213	0.00097
14	0.00219	0.00133	0.00172	0.00153	0.00191	0.00124	0.00118	0.02657	0.02816	0.15332	0.75619	0.00730	0.00881	0.00207	0.00126	0.00035	0.00061	0.00181	0.00123	0.00121
15	0.00183	0.00119	0.00153	0.00146	0.00176	0.00109	0.00109	0.00231	0.01313	0.09114	0.62459	0.15385	0.08463	0.00240	0.00130	0.00037	0.00059	0.01346	0.00118	0.00109
16	0.00168	0.00121	0.00158	0.00177	0.00196	0.00120	0.00135	0.02639	0.05305	0.01364	0.01479	0.53890	0.01373	0.00312	0.00142	0.00046	0.00080	0.32091	0.00104	0.00102
17	0.00273	0.00265	0.00451	0.03421	0.87994	0.01385	0.03908	0.00339	0.00252	0.00357	0.00208	0.00274	0.00173	0.00099	0.00110	0.00033	0.00135	0.00099	0.00055	0.00172
18	0.00135	0.00112	0.00118	0.00120	0.00155	0.00095	0.00091	0.00165	0.00254	0.00308	0.06470	0.04487	0.81599	0.00280	0.00132	0.00038	0.00058	0.05185	0.00104	0.00094
19	0.00158	0.00912	0.00137	0.00130	0.00167	0.01528	0.00099	0.01222	0.02891	0.02617	0.18896	0.03091	0.65093	0.00259	0.00129	0.00037	0.00062	0.02366	0.00106	0.00102
20	0.00272	0.00262	0.00453	0.02400	0.90280	0.00263	0.03762	0.00338	0.00251	0.00359	0.00208	0.00275	0.00174	0.00098	0.00110	0.00033	0.00133	0.00100	0.00055	0.00173
21	0.00246	0.00238	0.00336	0.00286	0.00290	0.00329	0.01438	0.00272	0.00175	0.02232	0.00156	0.00248	0.00151	0.00190	0.00349	0.00047	0.90829	0.00097	0.01968	0.00122
22	0.04859	0.00141	0.00155	0.00143	0.00179	0.00150	0.00111	0.11720	0.01474	0.03524	0.01300	0.00399	0.00274	0.03073	0.18054	0.00058	0.00111	0.00107	0.54053	0.00116
23	0.00292	0.02225	0.04930	0.13010	0.09500	0.03790	0.25727	0.17671	0.01722	0.04086	0.00807	0.01312	0.00183	0.00132	0.01133	0.00038	0.13114	0.00108	0.00068	0.00151
24	0.03350	0.14933	0.58576	0.00292	0.00426	0.00289	0.07648	0.08145	0.00258	0.02937	0.01116	0.00240	0.00158	0.00107	0.00104	0.00033	0.01086	0.00085	0.00057	0.00159
25	0.02160	0.01870	0.40298	0.00619	0.00721	0.04691	0.00819	0.09259	0.07051	0.18279	0.02857	0.00899	0.00782	0.04522	0.00779	0.00830	0.00444	0.00483	0.01458	0.01181
26	0.31881	0.00732	0.00755	0.03553	0.00824	0.01645	0.02246	0.07599	0.01058	0.06311	0.00672	0.04582	0.00622	0.21612	0.04898	0.00734	0.05305	0.02234	0.00075	0.02662

[dist]
# distance from previous block
# <min> <max>
1	11

[block]
# block no. 1 follows, 296 sequences, length 10
# corresponding to MSA columns:
# 1467-1476
name=unknown_B
#
# <colnr> <probs for GDERKNQSTAVLIFYWHMCP>
#	G	D	E	R	K	N	Q	S	T	A	V	L	I	F	Y	W	H	M	C	P
0	0.01834	0.00164	0.00215	0.05230	0.00260	0.00153	0.00146	0.03206	0.02574	0.43769	0.32641	0.00525	0.01943	0.00165	0.00115	0.00034	0.00081	0.00140	0.03593	0.03212
1	0.00268	0.00245	0.00359	0.03321	0.01940	0.01920	0.25872	0.05569	0.40302	0.02928	0.01475	0.00410	0.05298	0.01178	0.02042	0.01276	0.02937	0.01542	0.00088	0.01031
2	0.96900	0.00214	0.00162	0.00145	0.00214	0.00248	0.00120	0.00325	0.00188	0.00495	0.00154	0.00179	0.00120	0.00102	0.00068	0.00034	0.00085	0.00060	0.00068	0.00120
3	0.03328	0.00206	0.00306	0.00243	0.00305	0.00206	0.21508	0.19553	0.04070	0.07708	0.23094	0.09188	0.02587	0.05301	0.00145	0.00040	0.00106	0.00157	0.01810	0.00137
4	0.00138	0.00102	0.00130	0.00151	0.00163	0.00095	0.00102	0.00167	0.02778	0.00293	0.03335	0.80421	0.11056	0.00330	0.00139	0.00044	0.00063	0.00297	0.00103	0.00093
5	0.00153	0.00113	0.00144	0.00156	0.00173	0.00110	0.00110	0.00205	0.08011	0.00341	0.25870	0.58326	0.03271	0.00295	0.00136	0.00041	0.00063	0.02273	0.00108	0.00101
6	0.96900	0.00214	0.00162	0.00145	0.00214	0.00248	0.00120	0.00325	0.00188	0.00495	0.00154	0.00179	0.00120	0.00102	0.00068	0.00034	0.00085	0.00060	0.00068	0.00120
7	0.00150	0.00108	0.00146	0.00167	0.00182	0.00104	0.00126	0.00181	0.00229	0.00303	0.04713	0.52607	0.06172	0.00350	0.05195	0.00053	0.00087	0.28931	0.00101	0.00095
8	0.01684	0.50695	0.07236	0.00179	0.00254	0.01690	0.00172	0.00289	0.00253	0.01748	0.26249	0.02282	0.06577	0.00149	0.00096	0.00029	0.00099	0.00116	0.00074	0.00129
9	0.00197	0.05713	0.02999	0.04472	0.02619	0.04333	0.04869	0.01570	0.01558	0.02312	0.39296	0.07648	0.12287	0.04163	0.00144	0.00039	0.00943	0.04628	0.00097	0.00114

[dist]
# distance from previous block
# <min> <max>
1	6

[block]
# block no. 2 follows, 296 sequences, length 15
# corresponding to MSA columns:
# 1498-1512
name=unknown_C
#
# <colnr> <probs for GDERKNQSTAVLIFYWHMCP>
#	G	D	E	R	K	N	Q	S	T	A	V	L	I	F	Y	W	H	M	C	P
0	0.44817	0.13559	0.03143	0.02221	0.03816	0.11362	0.03376	0.11849	0.02596	0.02092	0.00188	0.00212	0.00146	0.00108	0.00085	0.00032	0.00116	0.00074	0.00069	0.00139
1	0.00227	0.00180	0.00234	0.16908	0.04616	0.01139	0.01764	0.01376	0.26796	0.05084	0.23959	0.05807	0.05905	0.02029	0.00126	0.00037	0.00091	0.00153	0.03433	0.00134
2	0.00137	0.00098	0.00130	0.00153	0.00162	0.00092	0.00104	0.00158	0.00217	0.00289	0.04426	0.86155	0.02418	0.01906	0.00148	0.00045	0.00065	0.03104	0.00103	0.00090
3	0.00229	0.03495	0.78891	0.00333	0.00486	0.00265	0.14075	0.00350	0.00237	0.00347	0.00200	0.00241	0.00144	0.00103	0.00108	0.00035	0.00165	0.00088	0.00048	0.00160
4	0.00154	0.00116	0.00136	0.00131	0.00163	0.00104	0.00098	0.00200	0.02106	0.02147	0.50627	0.02521	0.40601	0.00247	0.00130	0.00036	0.00055	0.00213	0.00113	0.00102
5	0.00299	0.00249	0.00264	0.00230	0.00297	0.00286	0.00181	0.16649	0.79129	0.00502	0.00418	0.00387	0.00312	0.00147	0.00112	0.00037	0.00093	0.00121	0.00112	0.00177
6	0.00386	0.04953	0.00323	0.00277	0.00330	0.80866	0.00212	0.00414	0.00293	0.00269	0.00172	0.00209	0.00147	0.00143	0.03386	0.00035	0.07328	0.00074	0.00056	0.00127
7	0.00292	0.00184	0.00197	0.00167	0.00218	0.00195	0.00132	0.32965	0.04445	0.04608	0.04123	0.01831	0.00289	0.00138	0.00095	0.00030	0.00079	0.00110	0.49765	0.00139
8	0.00185	0.00126	0.00141	0.00139	0.00144	0.00125	0.00082	0.02200	0.00184	0.00247	0.00380	0.00733	0.02575	0.87629	0.04556	0.00110	0.00121	0.00165	0.00075	0.00082
9	0.05168	0.00209	0.00238	0.00176	0.00269	0.02712	0.01041	0.01888	0.01207	0.11033	0.00224	0.00245	0.00175	0.00093	0.00089	0.00021	0.01079	0.00073	0.00074	0.73989
10	0.00170	0.00119	0.00141	0.01553	0.00156	0.00121	0.00092	0.03344	0.01646	0.00263	0.03447	0.16975	0.03417	0.57801	0.02157	0.03081	0.02220	0.01116	0.02099	0.00082
11	0.00226	0.00192	0.00223	0.00165	0.00255	0.00151	0.00132	0.01672	0.03781	0.00368	0.03195	0.01792	0.02942	0.00103	0.00088	0.00020	0.00081	0.01690	0.00072	0.82853
12	0.03675	0.00245	0.00309	0.08778	0.07472	0.05725	0.08849	0.13273	0.20407	0.07340	0.04495	0.01427	0.06298	0.00876	0.00132	0.00036	0.06104	0.00945	0.00088	0.03527
13	0.05054	0.01347	0.06168	0.08730	0.03203	0.08362	0.05628	0.07675	0.03084	0.06355	0.16218	0.02794	0.02860	0.01235	0.00162	0.00037	0.17294	0.00121	0.00079	0.03594
14	0.05751	0.17871	0.13671	0.02531	0.02893	0.06604	0.02308	0.09798	0.11197	0.13364	0.02603	0.00297	0.01985	0.00130	0.01039	0.00033	0.02475	0.00094	0.00079	0.05279

[dist]
# distance from previous block
# <min> <max>
0	43

[block]
# block no. 3 follows, 296 sequences, length 29
# corresponding to MSA columns:
# 1589-1609,1615-1622
name=unknown_D
#
# <colnr> <probs for GDERKNQSTAVLIFYWHMCP>
#	G	D	E	R	K	N	Q	S	T	A	V	L	I	F	Y	W	H	M	C	P
0	0.04571	0.29792	0.11410	0.00232	0.00324	0.04199	0.05628	0.18400	0.01691	0.14199	0.03789	0.00693	0.01679	0.00136	0.02193	0.00034	0.00126	0.00093	0.00079	0.00731
1	0.07697	0.07965	0.18119	0.01278	0.03040	0.18669	0.04775	0.08828	0.00286	0.11380	0.05160	0.02732	0.04209	0.00132	0.00103	0.00032	0.00131	0.00741	0.02126	0.02597
2	0.03826	0.03015	0.11278	0.00217	0.00289	0.03546	0.05484	0.05177	0.10369	0.23592	0.18427	0.02222	0.05860	0.00963	0.00124	0.00036	0.01885	0.03444	0.00101	0.00147
3	0.02684	0.05214	0.11402	0.23781	0.04102	0.07587	0.20507	0.01843	0.03243	0.09130	0.03958	0.00956	0.03067	0.00127	0.00746	0.00476	0.00574	0.00393	0.00067	0.00143
4	0.00166	0.01745	0.02904	0.00184	0.00206	0.00154	0.00147	0.00204	0.00179	0.00258	0.00292	0.02169	0.00278	0.05882	0.79732	0.00158	0.05062	0.00121	0.00059	0.00100
5	0.00825	0.00275	0.02122	0.02589	0.01888	0.01095	0.66109	0.02413	0.06986	0.02775	0.00305	0.00396	0.04437	0.00123	0.00130	0.00038	0.01308	0.05972	0.00068	0.00147
6	0.04919	0.01264	0.01963	0.05520	0.01411	0.09801	0.01187	0.07424	0.07619	0.15846	0.01472	0.19749	0.05321	0.00217	0.01745	0.00041	0.00108	0.14164	0.00097	0.00133
7	0.00699	0.20749	0.42274	0.02204	0.01018	0.02648	0.07198	0.08007	0.05277	0.07650	0.00226	0.00249	0.00167	0.00110	0.00103	0.00033	0.01078	0.00087	0.00063	0.00160
8	0.00186	0.00135	0.00179	0.00198	0.00225	0.02152	0.00170	0.00235	0.00255	0.02536	0.04568	0.02754	0.03049	0.00318	0.04509	0.00055	0.00109	0.78164	0.00100	0.00104
9	0.00151	0.00112	0.00143	0.00162	0.00182	0.00105	0.00125	0.00184	0.00239	0.00309	0.04539	0.35772	0.21303	0.01635	0.00148	0.00046	0.00076	0.34571	0.00102	0.00095
10	0.00233	0.00214	0.00349	0.60331	0.21668	0.00248	0.01597	0.04228	0.03765	0.00322	0.00221	0.01525	0.00177	0.00123	0.00122	0.02737	0.00769	0.01179	0.00057	0.00136
11	0.01903	0.00207	0.00241	0.03586	0.05493	0.06330	0.02150	0.18679	0.02296	0.01942	0.00329	0.12895	0.00304	0.02185	0.07030	0.00047	0.09264	0.04454	0.20535	0.00129
12	0.00139	0.00100	0.00131	0.00153	0.00162	0.00094	0.00104	0.00160	0.00214	0.00285	0.03246	0.79015	0.03109	0.06244	0.01312	0.00050	0.00071	0.05222	0.00100	0.00090
13	0.02631	0.00220	0.02077	0.65921	0.19578	0.00251	0.00300	0.04939	0.00241	0.00328	0.00205	0.00287	0.00157	0.00109	0.00108	0.00035	0.00139	0.00097	0.02238	0.00136
14	0.01310	0.08464	0.46798	0.02475	0.06959	0.00286	0.05982	0.04819	0.05045	0.01463	0.00212	0.01398	0.00166	0.00125	0.00500	0.00037	0.13657	0.00092	0.00056	0.00155
15	0.00163	0.00117	0.00154	0.00155	0.02583	0.00108	0.00112	0.00211	0.00297	0.02185	0.74621	0.07925	0.07790	0.00236	0.00131	0.00036	0.00057	0.02897	0.00117	0.00106
16	0.07697	0.00460	0.00341	0.02799	0.00369	0.72114	0.10855	0.02554	0.00298	0.00307	0.00178	0.00213	0.00145	0.00112	0.00104	0.00030	0.01157	0.00079	0.00059	0.00131
17	0.03612	0.00143	0.00176	0.00155	0.00200	0.00134	0.02404	0.05681	0.00291	0.14904	0.34101	0.01712	0.26734	0.03107	0.02360	0.00041	0.00076	0.01488	0.02561	0.00119
18	0.00292	0.93707	0.00567	0.00188	0.00280	0.00428	0.00187	0.00327	0.00227	0.00264	0.02611	0.00194	0.00165	0.00098	0.00072	0.00024	0.00116	0.00063	0.00049	0.00141
19	0.00884	0.11866	0.02234	0.00233	0.00285	0.11233	0.00196	0.03703	0.00254	0.27465	0.03331	0.00304	0.00223	0.00202	0.07720	0.00048	0.28368	0.00098	0.01208	0.00144
20	0.00311	0.00343	0.03003	0.00258	0.00311	0.41105	0.08571	0.10637	0.02338	0.01814	0.00314	0.23265	0.00313	0.02437	0.00923	0.00038	0.02004	0.01812	0.00077	0.00128
21	0.01283	0.00254	0.01400	0.00234	0.01594	0.15874	0.04902	0.02877	0.10916	0.01020	0.15915	0.01105	0.09398	0.00168	0.00164	0.00035	0.20149	0.01047	0.00624	0.11039
22	0.00164	0.00117	0.00151	0.00141	0.00169	0.00108	0.00107	0.01348	0.00312	0.01971	0.87924	0.00826	0.04321	0.00226	0.00130	0.00035	0.00055	0.01668	0.00121	0.00106
23	0.96900	0.00214	0.00162	0.00145	0.00214	0.00248	0.00120	0.00325	0.00188	0.00495	0.00154	0.00179	0.00120	0.00102	0.00068	0.00034	0.00085	0.00060	0.00068	0.00120
24	0.00180	0.00099	0.00138	0.00140	0.00142	0.00098	0.00092	0.00149	0.00156	0.00207	0.00280	0.07701	0.02486	0.18915	0.00424	0.67284	0.00095	0.01299	0.00058	0.00057
25	0.00158	0.00118	0.00177	0.00177	0.00197	0.00138	0.00138	0.00197	0.00177	0.00256	0.00296	0.00434	0.00276	0.00828	0.95682	0.00177	0.00296	0.00118	0.00059	0.00099
26	0.00252	0.00265	0.00514	0.03760	0.02342	0.00262	0.62649	0.00825	0.15378	0.00370	0.04599	0.00864	0.00831	0.00129	0.01159	0.00039	0.02321	0.03225	0.00070	0.00147
27	0.05886	0.00289	0.00309	0.00240	0.00325	0.00318	0.00198	0.77725	0.04737	0.06493	0.00295	0.00290	0.02112	0.00135	0.00109	0.00034	0.00115	0.00102	0.00110	0.00181
28	0.00336	0.00218	0.00247	0.00208	0.00273	0.00235	0.00167	0.19186	0.35967	0.21676	0.03847	0.00412	0.01895	0.00151	0.00117	0.00035	0.02819	0.01992	0.10053	0.00166

[dist]
# distance from previous block
# <min> <max>
0	4

[block]
# block no. 4 follows, 296 sequences, length 6
# corresponding to MSA columns:
# 1628-1632,1642
name=unknown_E
#
# <colnr> <probs for GDERKNQSTAVLIFYWHMCP>
#	G	D	E	R	K	N	Q	S	T	A	V	L	I	F	Y	W	H	M	C	P
0	0.71652	0.06154	0.00218	0.00169	0.00241	0.04330	0.00140	0.11665	0.00240	0.04091	0.00178	0.00198	0.00136	0.00107	0.00076	0.00033	0.00097	0.00067	0.00074	0.00132
1	0.04560	0.04260	0.03546	0.00232	0.00310	0.15196	0.01707	0.36512	0.04419	0.14766	0.06752	0.01837	0.00261	0.00134	0.00106	0.00032	0.00121	0.00103	0.01758	0.03388
2	0.02996	0.00122	0.00142	0.00135	0.00151	0.00124	0.00090	0.00184	0.00180	0.00254	0.00401	0.00647	0.10435	0.58246	0.13103	0.00097	0.03062	0.00150	0.02817	0.06664
3	0.00171	0.00140	0.01757	0.00183	0.00212	0.00130	0.10451	0.02150	0.00236	0.00322	0.18214	0.25083	0.08468	0.15979	0.06338	0.02344	0.00101	0.04710	0.02911	0.00099
4	0.00328	0.02955	0.06185	0.06778	0.02313	0.29310	0.03123	0.15043	0.29904	0.00406	0.00287	0.02393	0.00224	0.00131	0.00108	0.00034	0.00140	0.00102	0.00082	0.00155
5	0.01389	0.00229	0.01916	0.16337	0.07180	0.01340	0.23505	0.05701	0.03855	0.05345	0.08603	0.07072	0.01851	0.00142	0.00127	0.00035	0.04184	0.01589	0.00075	0.09523

[dist]
# distance from previous block
# <min> <max>
1	1

[block]
# block no. 5 follows, 296 sequences, length 10
# corresponding to MSA columns:
# 1659-1662,1680-1685
name=unknown_F
#
# <colnr> <probs for GDERKNQSTAVLIFYWHMCP>
#	G	D	E	R	K	N	Q	S	T	A	V	L	I	F	Y	W	H	M	C	P
0	0.00152	0.00109	0.00136	0.00146	0.00159	0.00106	0.00100	0.00183	0.03521	0.00299	0.15253	0.41506	0.07781	0.21207	0.03394	0.01789	0.00081	0.03892	0.00096	0.00090
1	0.00142	0.00112	0.00134	0.00146	0.02594	0.00100	0.00102	0.00174	0.00251	0.00325	0.21046	0.28224	0.41570	0.02546	0.00144	0.00041	0.00061	0.02088	0.00104	0.00096
2	0.00250	0.35926	0.48574	0.04724	0.00406	0.02582	0.01992	0.00335	0.00231	0.00309	0.00196	0.03652	0.00163	0.00110	0.00094	0.00031	0.00143	0.00083	0.00049	0.00150
3	0.16280	0.01850	0.06020	0.01689	0.00305	0.17181	0.00192	0.18513	0.20544	0.05351	0.01290	0.04488	0.00249	0.00143	0.00109	0.00035	0.01806	0.03717	0.00088	0.00150
4	0.00225	0.00220	0.00433	0.00332	0.00399	0.00212	0.52616	0.00285	0.00236	0.03052	0.00335	0.18795	0.00332	0.12341	0.00198	0.00049	0.04533	0.05211	0.00071	0.00124
5	0.02079	0.00156	0.00198	0.00190	0.03626	0.03458	0.02105	0.00274	0.00225	0.19052	0.07333	0.02795	0.03259	0.28703	0.17080	0.02103	0.02738	0.04432	0.00085	0.00112
6	0.04834	0.03191	0.01951	0.00233	0.03014	0.16308	0.02473	0.16025	0.04242	0.17778	0.04330	0.03831	0.03911	0.07790	0.01754	0.00043	0.05250	0.02027	0.00875	0.00143
7	0.00169	0.03316	0.03213	0.00180	0.00204	0.00159	0.00145	0.00206	0.00194	0.00274	0.07561	0.03807	0.05518	0.07444	0.59352	0.00129	0.07824	0.00136	0.00067	0.00101
8	0.03763	0.00282	0.00554	0.01907	0.00510	0.00275	0.70204	0.09983	0.00283	0.06619	0.00238	0.00297	0.00176	0.00117	0.01969	0.00039	0.02442	0.00122	0.00067	0.00152
9	0.04307	0.09989	0.19960	0.05196	0.12648	0.06383	0.03386	0.07025	0.03492	0.07544	0.01716	0.01425	0.01555	0.00141	0.00787	0.00036	0.07923	0.06265	0.00070	0.00149

[dist]
# distance from previous block
# <min> <max>
3	17

[block]
# block no. 6 follows, 296 sequences, length 12
# corresponding to MSA columns:
# 1731-1738,1759-1762
name=unknown_G
#
# <colnr> <probs for GDERKNQSTAVLIFYWHMCP>
#	G	D	E	R	K	N	Q	S	T	A	V	L	I	F	Y	W	H	M	C	P
0	0.10484	0.01793	0.25043	0.28782	0.11685	0.05383	0.05645	0.02597	0.01105	0.02333	0.00200	0.00257	0.00152	0.00110	0.00114	0.00035	0.03992	0.00090	0.00056	0.00144
1	0.12746	0.00230	0.00240	0.00198	0.00266	0.01326	0.00159	0.34226	0.17099	0.11947	0.01633	0.00339	0.01853	0.00135	0.00100	0.00033	0.00094	0.00104	0.17114	0.00158
2	0.00161	0.00117	0.00143	0.00135	0.00167	0.00107	0.00102	0.00212	0.02410	0.02750	0.66788	0.00865	0.25161	0.00236	0.00129	0.00035	0.00055	0.00204	0.00117	0.00105
3	0.01605	0.00126	0.00155	0.00143	0.00178	0.00118	0.00109	0.00277	0.02513	0.15512	0.43643	0.07988	0.02199	0.01562	0.00121	0.00035	0.00062	0.01181	0.22357	0.00117
4	0.00138	0.00103	0.00128	0.00140	0.00158	0.00093	0.00098	0.00166	0.00241	0.00317	0.19054	0.52994	0.25357	0.00305	0.00136	0.00041	0.00060	0.00271	0.00106	0.00093
5	0.00150	0.00116	0.00137	0.00132	0.00163	0.00105	0.00099	0.00200	0.03628	0.00382	0.52101	0.04405	0.37483	0.00248	0.00130	0.00036	0.00055	0.00214	0.00113	0.00102
6	0.00191	0.00166	0.00230	0.00214	0.00227	0.01989	0.00171	0.00225	0.00178	0.00262	0.00246	0.00373	0.00234	0.03094	0.58090	0.00127	0.31863	0.00111	0.01905	0.00106
7	0.00290	0.90089	0.06635	0.00197	0.00296	0.00425	0.00203	0.00332	0.00225	0.00266	0.00156	0.00181	0.00142	0.00095	0.00073	0.00024	0.00121	0.00060	0.00047	0.00143
8	0.01419	0.00174	0.00206	0.00168	0.00232	0.00988	0.00131	0.01171	0.07317	0.04527	0.22604	0.05834	0.04058	0.00169	0.02498	0.00031	0.03455	0.00126	0.00088	0.44802
9	0.01940	0.01674	0.00311	0.00248	0.02070	0.01498	0.13231	0.29622	0.07765	0.15174	0.04230	0.05653	0.11847	0.01625	0.00129	0.00037	0.01903	0.00788	0.00101	0.00155
10	0.00240	0.00244	0.03508	0.34665	0.32614	0.00249	0.16637	0.01698	0.02243	0.00333	0.00237	0.06394	0.00202	0.00119	0.00115	0.00036	0.00142	0.00118	0.00058	0.00146
11	0.00334	0.00262	0.00306	0.00250	0.00325	0.00289	0.07100	0.36676	0.44035	0.04741	0.00368	0.02746	0.00279	0.00146	0.00114	0.00036	0.00108	0.01601	0.00108	0.00175

[dist]
# distance from previous block
# <min> <max>
2	3

[block]
# block no. 7 follows, 296 sequences, length 18
# corresponding to MSA columns:
# 1766,1767,1811-1826
name=unknown_H
#
# <colnr> <probs for GDERKNQSTAVLIFYWHMCP>
#	G	D	E	R	K	N	Q	S	T	A	V	L	I	F	Y	W	H	M	C	P
0	0.89497	0.00227	0.02516	0.00155	0.00227	0.00253	0.00131	0.05261	0.00206	0.00502	0.00161	0.00185	0.00124	0.00104	0.00071	0.00034	0.00089	0.00062	0.00070	0.00124
1	0.02651	0.00283	0.00275	0.00235	0.01206	0.21074	0.04401	0.21762	0.10304	0.08691	0.05660	0.01936	0.01916	0.11484	0.02023	0.00046	0.03540	0.01752	0.00617	0.00142
2	0.00169	0.00111	0.00142	0.00156	0.00173	0.00106	0.00108	0.01752	0.03175	0.06021	0.04138	0.72724	0.03731	0.02942	0.00147	0.00044	0.00068	0.01019	0.03173	0.00100
3	0.04297	0.00277	0.01001	0.00232	0.00313	0.03398	0.00191	0.59142	0.05799	0.16110	0.02182	0.00302	0.00225	0.00142	0.01255	0.00035	0.00696	0.00102	0.02587	0.01716
4	0.00140	0.00101	0.00127	0.00145	0.00155	0.00094	0.00097	0.00160	0.00216	0.00286	0.05158	0.66939	0.11738	0.11140	0.00186	0.00050	0.00068	0.01876	0.01236	0.00089
5	0.00245	0.00234	0.00394	0.36674	0.54356	0.00256	0.00319	0.00312	0.00236	0.00326	0.00207	0.01820	0.00172	0.00111	0.00120	0.00035	0.03876	0.00102	0.00053	0.00152
6	0.02209	0.00187	0.00252	0.00194	0.00278	0.00162	0.00160	0.00522	0.00312	0.89880	0.02537	0.00379	0.00286	0.00137	0.00110	0.00034	0.00093	0.00111	0.00134	0.02025
7	0.00156	0.00110	0.00144	0.00148	0.00158	0.00116	0.00101	0.00175	0.00180	0.00246	0.01902	0.13202	0.03529	0.40509	0.36264	0.01447	0.00170	0.01289	0.00071	0.00083
8	0.00221	0.00210	0.00355	0.76636	0.16178	0.00249	0.02125	0.00299	0.02091	0.00300	0.00204	0.00293	0.00156	0.00109	0.00111	0.00036	0.00144	0.00099	0.00051	0.00133
9	0.00136	0.00097	0.00128	0.00152	0.00160	0.00091	0.00102	0.00155	0.00212	0.00282	0.00619	0.89446	0.03727	0.02496	0.00150	0.00046	0.00065	0.01744	0.00102	0.00089
10	0.01321	0.00261	0.00297	0.01698	0.06613	0.00291	0.02021	0.32416	0.49571	0.02421	0.00359	0.00346	0.00266	0.00138	0.00111	0.00035	0.00104	0.00113	0.01443	0.00177
11	0.00263	0.13133	0.08287	0.03046	0.09840	0.02172	0.08089	0.02710	0.03299	0.04007	0.00213	0.00248	0.00170	0.00100	0.00726	0.00026	0.00114	0.00081	0.00064	0.43411
12	0.01198	0.05134	0.08287	0.01170	0.13621	0.07024	0.10622	0.21208	0.06278	0.16005	0.01198	0.02558	0.00220	0.00126	0.00112	0.00033	0.01153	0.00911	0.00086	0.03056
13	0.00214	0.00123	0.00152	0.00147	0.00166	0.00119	0.00101	0.00233	0.01116	0.15528	0.00415	0.09317	0.01410	0.56358	0.04957	0.00086	0.00109	0.09269	0.00085	0.00095
14	0.00165	0.00120	0.00158	0.00174	0.00199	0.00116	0.00143	0.00210	0.01568	0.01250	0.07913	0.16972	0.16368	0.01137	0.01227	0.00048	0.00086	0.51943	0.00103	0.00100
15	0.00298	0.19517	0.29843	0.00966	0.10915	0.04164	0.03907	0.06009	0.07200	0.11747	0.01503	0.00775	0.00905	0.00116	0.00106	0.00033	0.01673	0.00092	0.00070	0.00161
16	0.00272	0.00148	0.00196	0.00179	0.00223	0.00138	0.01729	0.04071	0.03121	0.29747	0.10541	0.25393	0.07150	0.03561	0.00144	0.00042	0.00083	0.13016	0.00114	0.00130
17	0.00182	0.00134	0.00193	0.02531	0.00216	0.00150	0.03238	0.01153	0.00198	0.02560	0.01450	0.04290	0.03333	0.10798	0.49850	0.00813	0.06485	0.03463	0.08858	0.00102

[dist]
# distance from previous block
# <min> <max>
0	40

[block]
# block no. 8 follows, 296 sequences, length 34
# corresponding to MSA columns:
# 1905-1907,1909-1939
name=unknown_I
#
# <colnr> <probs for GDERKNQSTAVLIFYWHMCP>
#	G	D	E	R	K	N	Q	S	T	A	V	L	I	F	Y	W	H	M	C	P
0	0.00255	0.00231	0.00379	0.16798	0.26901	0.02188	0.18968	0.04393	0.03065	0.05968	0.03390	0.02639	0.13030	0.00140	0.00119	0.00036	0.00706	0.00132	0.00517	0.00145
1	0.01754	0.10807	0.11945	0.00916	0.40778	0.10620	0.04643	0.06547	0.02100	0.05972	0.00226	0.02255	0.00183	0.00111	0.00106	0.00032	0.00683	0.00096	0.00064	0.00162
2	0.02702	0.01697	0.03086	0.01733	0.07278	0.07857	0.02495	0.17452	0.04173	0.17732	0.00997	0.10086	0.01328	0.00171	0.00920	0.00039	0.17505	0.02068	0.00530	0.00150
3	0.24804	0.04299	0.01507	0.07024	0.25751	0.20366	0.02249	0.05019	0.00678	0.00813	0.01389	0.01090	0.00168	0.00113	0.00106	0.00033	0.03634	0.00344	0.00471	0.00142
4	0.00141	0.00105	0.00130	0.00145	0.00163	0.00097	0.00103	0.00171	0.01456	0.00309	0.10874	0.56759	0.22015	0.00993	0.00140	0.00042	0.00063	0.05005	0.01196	0.00094
5	0.13592	0.00941	0.00272	0.07804	0.04049	0.03004	0.00190	0.24718	0.35305	0.04840	0.01182	0.01222	0.00832	0.00135	0.00105	0.00035	0.00105	0.00106	0.01399	0.00163
6	0.00196	0.00134	0.00173	0.00161	0.00181	0.00142	0.00115	0.03731	0.01104	0.03877	0.00295	0.01184	0.00298	0.36137	0.27725	0.12208	0.05488	0.00127	0.00066	0.06657
7	0.03643	0.06561	0.27396	0.01802	0.11932	0.01882	0.08759	0.20087	0.05213	0.04708	0.04873	0.00290	0.00217	0.00119	0.00110	0.00034	0.01313	0.00099	0.00074	0.00889
8	0.02507	0.27594	0.07295	0.02416	0.06773	0.21758	0.01328	0.12427	0.08454	0.00949	0.00211	0.00596	0.00171	0.00120	0.00392	0.00031	0.05982	0.00083	0.00764	0.00149
9	0.00147	0.00115	0.00135	0.00142	0.00173	0.00104	0.00112	0.00185	0.01030	0.00321	0.11402	0.09982	0.50950	0.01086	0.00140	0.00042	0.00068	0.23665	0.00104	0.00097
10	0.00151	0.00105	0.00125	0.00133	0.00139	0.00102	0.00083	0.00161	0.00186	0.00246	0.01716	0.29844	0.05665	0.56449	0.01908	0.00083	0.00093	0.02653	0.00081	0.00077
11	0.00219	0.01107	0.57334	0.00288	0.01497	0.00229	0.09386	0.00332	0.05154	0.01524	0.13252	0.01214	0.04345	0.00135	0.00116	0.00036	0.01648	0.00705	0.01329	0.00149
12	0.00227	0.00550	0.89645	0.00309	0.00465	0.00256	0.00393	0.03253	0.01203	0.00362	0.01382	0.00245	0.00156	0.00114	0.00945	0.00036	0.00161	0.00084	0.00050	0.00163
13	0.00140	0.00107	0.00128	0.00135	0.00158	0.00096	0.00097	0.00172	0.00254	0.00332	0.27225	0.33123	0.34862	0.01348	0.00139	0.00040	0.00059	0.01384	0.00107	0.00095
14	0.00235	0.00202	0.00242	0.01940	0.02221	0.00158	0.00956	0.02623	0.00944	0.00367	0.00200	0.00234	0.00165	0.00084	0.00084	0.00018	0.00086	0.00069	0.00066	0.89106
15	0.00142	0.00111	0.00128	0.00128	0.00157	0.00098	0.00094	0.00180	0.00981	0.00351	0.36366	0.13142	0.46204	0.01251	0.00136	0.00038	0.00056	0.00229	0.00109	0.00097
16	0.00235	0.01025	0.05606	0.05996	0.17997	0.01811	0.07729	0.02822	0.11564	0.03823	0.25957	0.00757	0.06187	0.00821	0.00431	0.00827	0.05141	0.01046	0.00086	0.00139
17	0.00139	0.00112	0.00124	0.00125	0.00156	0.00097	0.00093	0.00173	0.00985	0.00329	0.21345	0.10806	0.61983	0.00908	0.00135	0.00038	0.00057	0.02193	0.00106	0.00096
18	0.00259	0.00242	0.01493	0.22166	0.28874	0.00280	0.03460	0.05077	0.03273	0.03024	0.00206	0.00279	0.00170	0.00149	0.02149	0.00042	0.28552	0.00100	0.00059	0.00145
19	0.00398	0.00489	0.00313	0.00284	0.01215	0.82221	0.01205	0.03888	0.08393	0.00304	0.00199	0.00221	0.00161	0.00117	0.00101	0.00030	0.00186	0.00078	0.00064	0.00135
20	0.00410	0.00314	0.00323	0.00252	0.00337	0.05553	0.00206	0.82097	0.04945	0.02061	0.00270	0.00269	0.00193	0.00131	0.00109	0.00033	0.00123	0.00099	0.00107	0.02168
21	0.01507	0.02436	0.00301	0.01108	0.00286	0.04030	0.00714	0.05614	0.03929	0.14364	0.00229	0.00741	0.00190	0.01128	0.06448	0.00049	0.47487	0.00098	0.00929	0.08410
22	0.00135	0.00097	0.00128	0.00152	0.00160	0.00090	0.00102	0.00155	0.00214	0.00285	0.02189	0.91503	0.03698	0.00342	0.00140	0.00044	0.00064	0.00309	0.00103	0.00090
23	0.00189	0.00128	0.00153	0.00151	0.00182	0.00915	0.00112	0.00862	0.06910	0.09278	0.23836	0.30123	0.22111	0.01683	0.00136	0.00040	0.00066	0.01891	0.01124	0.00110
24	0.02242	0.02826	0.00314	0.00272	0.03175	0.44583	0.02443	0.18248	0.20526	0.01653	0.00828	0.00279	0.01517	0.00127	0.00105	0.00032	0.00149	0.00093	0.00438	0.00151
25	0.02027	0.00202	0.01260	0.00198	0.00265	0.00197	0.01066	0.21666	0.07303	0.36160	0.16008	0.03831	0.05078	0.00767	0.00119	0.00035	0.00091	0.01996	0.01570	0.00160
26	0.00159	0.00108	0.00141	0.00155	0.00166	0.00103	0.00726	0.00179	0.00208	0.03027	0.01472	0.52029	0.02381	0.23020	0.03083	0.00989	0.00087	0.11785	0.00093	0.00089
27	0.00151	0.00111	0.00621	0.00164	0.00180	0.00105	0.00857	0.00185	0.01644	0.00672	0.04774	0.58121	0.07296	0.02392	0.00149	0.00046	0.00074	0.20645	0.01716	0.00095
28	0.05683	0.01332	0.02074	0.01175	0.00551	0.03717	0.02722	0.06389	0.08275	0.04476	0.02285	0.07257	0.00268	0.02997	0.03469	0.10421	0.21503	0.00118	0.15166	0.00119
29	0.01999	0.08077	0.48720	0.00877	0.02619	0.01805	0.19113	0.06013	0.05808	0.02008	0.01041	0.00263	0.00172	0.00113	0.00870	0.00036	0.00154	0.00095	0.00059	0.00159
30	0.00137	0.00100	0.00128	0.00148	0.00159	0.00092	0.00101	0.00159	0.00221	0.00293	0.05731	0.74778	0.12514	0.01257	0.00147	0.01296	0.00064	0.01625	0.00961	0.00090
31	0.01663	0.10566	0.28986	0.00270	0.04562	0.01701	0.05448	0.11565	0.06646	0.06680	0.02860	0.00919	0.00747	0.00671	0.00601	0.00033	0.01359	0.00998	0.00072	0.13653
32	0.03100	0.11717	0.29059	0.01962	0.07003	0.02669	0.04062	0.08786	0.09658	0.08607	0.01108	0.00833	0.00754	0.00124	0.00791	0.01174	0.00129	0.00789	0.00072	0.07604
33	0.01437	0.09185	0.06181	0.04676	0.17980	0.02530	0.04330	0.08464	0.05336	0.07171	0.01886	0.02504	0.00840	0.00708	0.00754	0.00033	0.00433	0.06364	0.00396	0.18792

[dist]
# distance from previous block
# <min> <max>
3	62

[block]
# block no. 9 follows, 296 sequences, length 8
# corresponding to MSA columns:
# 2024,2026-2029,2033-2035
name=unknown_J
#
# <colnr> <probs for GDERKNQSTAVLIFYWHMCP>
#	G	D	E	R	K	N	Q	S	T	A	V	L	I	F	Y	W	H	M	C	P
0	0.00964	0.01677	0.01582	0.01375	0.02913	0.04173	0.02365	0.02668	0.07348	0.02122	0.02401	0.11906	0.02633	0.29295	0.14669	0.00080	0.08265	0.00897	0.01419	0.01248
1	0.02240	0.35328	0.17880	0.02852	0.02293	0.07731	0.05897	0.08321	0.03108	0.04289	0.00211	0.02488	0.00173	0.00114	0.00102	0.00030	0.03179	0.00085	0.00062	0.03615
2	0.01229	0.02465	0.00249	0.22289	0.01544	0.07617	0.01278	0.11417	0.03190	0.04329	0.04965	0.11106	0.05243	0.16014	0.02912	0.00052	0.02361	0.01540	0.00079	0.00120
3	0.00151	0.00102	0.00134	0.00154	0.00165	0.00094	0.00105	0.00172	0.00216	0.04045	0.00612	0.81647	0.04726	0.04210	0.00157	0.00047	0.00068	0.03001	0.00102	0.00093
4	0.01682	0.43029	0.10116	0.00242	0.01531	0.10279	0.04363	0.12172	0.07496	0.02561	0.01405	0.01314	0.00184	0.00115	0.00100	0.00030	0.03081	0.00083	0.00065	0.00151
5	0.04265	0.00111	0.00139	0.00155	0.00171	0.00106	0.00108	0.00182	0.02398	0.00303	0.03602	0.70184	0.03802	0.04604	0.00154	0.00046	0.00070	0.06276	0.00099	0.03224
6	0.24104	0.05155	0.02029	0.00201	0.00280	0.05607	0.00168	0.26826	0.01579	0.22630	0.03124	0.00301	0.02281	0.01305	0.00103	0.00033	0.00105	0.00094	0.00097	0.03977
7	0.02519	0.02154	0.03075	0.01247	0.00262	0.01523	0.00163	0.16213	0.30635	0.02572	0.06468	0.13890	0.12453	0.00194	0.00124	0.00037	0.02614	0.01831	0.00102	0.01924

[dist]
# distance from previous block
# <min> <max>
1	3

[block]
# block no. 10 follows, 296 sequences, length 62
# corresponding to MSA columns:
# 2039-2058,2060-2064,2067-2071,2073-2079,2081,2085,2090-2100,2114-2117,2119,2130-2136
name=unknown_K
#
# <colnr> <probs for GDERKNQSTAVLIFYWHMCP>
#	G	D	E	R	K	N	Q	S	T	A	V	L	I	F	Y	W	H	M	C	P
0	0.02803	0.00153	0.00191	0.00178	0.00203	0.01348	0.00663	0.05038	0.04450	0.02563	0.20437	0.05399	0.00481	0.18850	0.21230	0.00083	0.09708	0.05059	0.00084	0.01080
1	0.00140	0.00101	0.00133	0.00156	0.00166	0.00095	0.00108	0.00165	0.00891	0.00293	0.04522	0.80364	0.03826	0.00903	0.00816	0.00046	0.00068	0.07013	0.00103	0.00092
2	0.04684	0.01097	0.70585	0.01135	0.01031	0.01299	0.03136	0.05997	0.04546	0.03017	0.01088	0.00257	0.00737	0.00111	0.00105	0.00035	0.00150	0.00088	0.00058	0.00845
3	0.03526	0.00259	0.00398	0.18030	0.53192	0.03674	0.05090	0.05159	0.07182	0.00370	0.00224	0.00284	0.00180	0.00115	0.01132	0.00036	0.00829	0.00100	0.00061	0.00160
4	0.00357	0.00393	0.01501	0.00293	0.01181	0.45094	0.09842	0.15290	0.10345	0.01415	0.00228	0.00256	0.00846	0.00129	0.00137	0.00034	0.11504	0.00092	0.00071	0.00992
5	0.00153	0.00105	0.00135	0.00153	0.00166	0.00100	0.00108	0.00895	0.01326	0.00970	0.08335	0.66849	0.02495	0.00305	0.00134	0.00042	0.00066	0.07935	0.09635	0.00096
6	0.00248	0.13663	0.39534	0.16665	0.08910	0.00283	0.12757	0.02188	0.01307	0.02033	0.00205	0.00254	0.00155	0.00109	0.00761	0.00035	0.00597	0.00091	0.00053	0.00153
7	0.00711	0.00180	0.00233	0.01264	0.00246	0.06253	0.10567	0.06945	0.00692	0.07497	0.01107	0.30698	0.00993	0.18338	0.04738	0.00058	0.03845	0.01136	0.04388	0.00112
8	0.00150	0.00111	0.00142	0.00160	0.00176	0.00107	0.00115	0.01041	0.04761	0.00308	0.04053	0.66618	0.08771	0.00319	0.00140	0.00044	0.00070	0.12715	0.00104	0.00097
9	0.06982	0.01247	0.00164	0.00170	0.00200	0.01403	0.00135	0.03382	0.02132	0.01383	0.04757	0.26811	0.15918	0.00276	0.00134	0.00043	0.00082	0.33299	0.01377	0.00105
10	0.01787	0.38442	0.44773	0.00260	0.01926	0.01366	0.01211	0.04363	0.00244	0.02126	0.00192	0.00224	0.00151	0.00107	0.00546	0.00031	0.00140	0.00633	0.01325	0.00154
11	0.01153	0.01368	0.04359	0.13967	0.01626	0.04225	0.01956	0.20321	0.09695	0.10990	0.01412	0.02763	0.00710	0.00150	0.01067	0.03563	0.00467	0.00109	0.19955	0.00144
12	0.00165	0.00115	0.00146	0.00145	0.00172	0.00106	0.00110	0.00713	0.00283	0.03982	0.52510	0.14599	0.17772	0.00256	0.00133	0.00038	0.00061	0.08477	0.00114	0.00104
13	0.00281	0.70066	0.23674	0.00222	0.00332	0.03240	0.00243	0.00339	0.00229	0.00282	0.00165	0.00191	0.00141	0.00098	0.00080	0.00027	0.00131	0.00065	0.00047	0.00147
14	0.00640	0.32110	0.38011	0.00256	0.01325	0.04536	0.00796	0.06316	0.07277	0.07025	0.00223	0.00640	0.00170	0.00110	0.00095	0.00031	0.00136	0.00081	0.00063	0.00158
15	0.00174	0.00143	0.00200	0.00198	0.00211	0.00711	0.02133	0.00206	0.00789	0.00715	0.06827	0.39681	0.01895	0.01059	0.14862	0.00066	0.20794	0.09152	0.00084	0.00102
16	0.09501	0.00658	0.00293	0.02550	0.05295	0.19014	0.04253	0.17612	0.05561	0.12453	0.03313	0.02221	0.02459	0.00176	0.05091	0.00566	0.07687	0.00105	0.01045	0.00146
17	0.04325	0.00256	0.00426	0.01474	0.03456	0.03892	0.42246	0.03378	0.16590	0.07093	0.03443	0.01980	0.00275	0.00151	0.02338	0.00041	0.01693	0.06715	0.00080	0.00148
18	0.00247	0.23914	0.65860	0.00290	0.01322	0.01263	0.03177	0.02133	0.00238	0.00334	0.00189	0.00222	0.00142	0.00103	0.00097	0.00032	0.00152	0.00078	0.00048	0.00158
19	0.00278	0.01030	0.06853	0.01242	0.00363	0.00670	0.28383	0.08952	0.10295	0.14138	0.00969	0.09635	0.12671	0.00163	0.00129	0.00037	0.02963	0.00150	0.00931	0.00147
20	0.11664	0.00298	0.00280	0.00909	0.00668	0.31464	0.11647	0.06565	0.00717	0.00828	0.09275	0.00410	0.06484	0.02649	0.04658	0.06639	0.00515	0.04137	0.00073	0.00120
21	0.00306	0.03197	0.00399	0.13762	0.45769	0.27542	0.03664	0.02147	0.00707	0.00328	0.01054	0.00258	0.00169	0.00106	0.00106	0.00032	0.00153	0.00092	0.00056	0.00152
22	0.00172	0.00124	0.00169	0.03022	0.00191	0.00135	0.01083	0.00195	0.01063	0.01198	0.09622	0.08243	0.01453	0.31015	0.25330	0.07724	0.05884	0.03216	0.00072	0.00088
23	0.04772	0.00301	0.00370	0.00295	0.00366	0.23162	0.28428	0.07483	0.03509	0.10069	0.03311	0.07185	0.02433	0.01777	0.00131	0.00037	0.03010	0.02664	0.00557	0.00140
24	0.07635	0.00229	0.00253	0.07764	0.06239	0.15762	0.04200	0.00318	0.11314	0.02048	0.00276	0.00915	0.00243	0.07893	0.32400	0.00672	0.00608	0.01041	0.00067	0.00122
25	0.00179	0.00147	0.03053	0.00193	0.00215	0.00155	0.04518	0.00205	0.00180	0.01031	0.00291	0.06332	0.00754	0.10270	0.48806	0.13327	0.09471	0.00129	0.00649	0.00095
26	0.00782	0.00271	0.04257	0.00360	0.01976	0.01050	0.50065	0.10195	0.04190	0.03241	0.00279	0.04115	0.00236	0.00662	0.06008	0.00047	0.05841	0.05831	0.00449	0.00145
27	0.00218	0.00211	0.00347	0.78127	0.07779	0.02435	0.04673	0.00290	0.00228	0.00293	0.00672	0.00320	0.01957	0.00116	0.00113	0.00037	0.00621	0.01383	0.00052	0.00127
28	0.02856	0.02141	0.00411	0.03176	0.00409	0.25783	0.31874	0.13143	0.06498	0.03194	0.01805	0.03527	0.00221	0.00549	0.00408	0.00035	0.01279	0.02471	0.00073	0.00145
29	0.00180	0.00140	0.01708	0.00172	0.01987	0.01298	0.01210	0.02514	0.06623	0.03633	0.24125	0.36361	0.10635	0.05016	0.02100	0.00046	0.00078	0.01965	0.00104	0.00108
30	0.07539	0.00225	0.01120	0.00224	0.00299	0.03517	0.08342	0.15910	0.04549	0.40609	0.04349	0.02374	0.04196	0.01484	0.00655	0.00037	0.00888	0.03413	0.00110	0.00161
31	0.00242	0.00222	0.00374	0.56115	0.37429	0.00249	0.00315	0.00312	0.00236	0.03160	0.00208	0.00289	0.00162	0.00107	0.00110	0.00035	0.00139	0.00099	0.00054	0.00145
32	0.01389	0.00394	0.37973	0.00370	0.00492	0.01366	0.44841	0.01586	0.00763	0.00351	0.00247	0.01884	0.03016	0.00120	0.00968	0.00038	0.03355	0.00642	0.00056	0.00150
33	0.00264	0.02109	0.05621	0.06664	0.13266	0.05630	0.54511	0.00345	0.00897	0.01960	0.00233	0.00972	0.00792	0.01126	0.01633	0.00039	0.01906	0.00796	0.01090	0.00147
34	0.03959	0.00243	0.00405	0.00309	0.01228	0.02244	0.37916	0.05690	0.06644	0.26836	0.01415	0.04060	0.03409	0.00412	0.02204	0.00040	0.02093	0.00648	0.00090	0.00156
35	0.00280	0.07371	0.06686	0.13140	0.25242	0.02504	0.24561	0.01484	0.02686	0.09150	0.00250	0.01365	0.00200	0.00116	0.00116	0.00035	0.01022	0.03572	0.00065	0.00154
36	0.00260	0.00207	0.00335	0.03560	0.35691	0.00202	0.10294	0.02272	0.00837	0.12945	0.04956	0.05508	0.15242	0.01412	0.02573	0.00040	0.01547	0.01891	0.00081	0.00146
37	0.00676	0.07165	0.07956	0.00318	0.00850	0.05006	0.34041	0.03821	0.10339	0.06801	0.01308	0.02275	0.04310	0.01945	0.00157	0.00038	0.12657	0.00120	0.00071	0.00146
38	0.02067	0.00257	0.02819	0.08238	0.05866	0.00981	0.38646	0.04784	0.05623	0.24343	0.01223	0.01340	0.00220	0.00119	0.00124	0.00036	0.02122	0.00950	0.00083	0.00159
39	0.00198	0.00136	0.00198	0.01324	0.01457	0.00879	0.02961	0.01006	0.02279	0.03516	0.00271	0.05007	0.00263	0.08134	0.31780	0.32599	0.07720	0.00121	0.00061	0.00089
40	0.00173	0.00150	0.00240	0.01092	0.01017	0.00143	0.17567	0.00228	0.04414	0.00857	0.13496	0.39350	0.14250	0.00256	0.00137	0.00041	0.01112	0.05272	0.00096	0.00109
41	0.00309	0.00254	0.00910	0.02735	0.00439	0.01885	0.48195	0.04127	0.04919	0.21083	0.01100	0.04158	0.00240	0.00147	0.02580	0.00041	0.04574	0.02070	0.00081	0.00153
42	0.00933	0.00259	0.03264	0.24479	0.62925	0.01101	0.03569	0.01534	0.00247	0.00345	0.00205	0.00277	0.00166	0.00102	0.00110	0.00034	0.00138	0.00098	0.00054	0.00160
43	0.00215	0.00203	0.00346	0.80123	0.10630	0.00243	0.02727	0.00287	0.00226	0.00294	0.00892	0.00996	0.00171	0.00115	0.00112	0.00037	0.00144	0.02057	0.00052	0.00128
44	0.00273	0.00264	0.02478	0.29154	0.28709	0.04949	0.20241	0.01378	0.03429	0.06576	0.00228	0.00291	0.00174	0.00107	0.00117	0.00035	0.01277	0.00105	0.00061	0.00152
45	0.02352	0.03770	0.08906	0.00314	0.00410	0.00235	0.38987	0.03439	0.04203	0.27038	0.03438	0.05059	0.00258	0.00133	0.00913	0.00037	0.00138	0.00127	0.00086	0.00158
46	0.00228	0.02957	0.90594	0.00311	0.00471	0.00260	0.01429	0.00352	0.00235	0.01887	0.00201	0.00235	0.00142	0.00105	0.00104	0.00035	0.00161	0.00082	0.00048	0.00163
47	0.00410	0.00522	0.00311	0.00284	0.00340	0.94558	0.00213	0.00438	0.00312	0.00271	0.00176	0.00211	0.00148	0.00116	0.00100	0.00029	0.00198	0.01178	0.00057	0.00128
48	0.00375	0.01275	0.06892	0.00263	0.08650	0.01748	0.06159	0.05012	0.03250	0.49828	0.02327	0.03425	0.04351	0.00446	0.00117	0.00036	0.00108	0.05461	0.00109	0.00167
49	0.00814	0.00232	0.02246	0.06155	0.01620	0.01756	0.17838	0.10758	0.05438	0.42494	0.03687	0.03701	0.01112	0.00140	0.00117	0.00036	0.00118	0.01470	0.00105	0.00166
50	0.00212	0.00193	0.00323	0.90833	0.00731	0.00239	0.00297	0.00283	0.00222	0.02251	0.00214	0.03341	0.00168	0.00118	0.00111	0.00037	0.00143	0.00105	0.00053	0.00123
51	0.00536	0.01492	0.08205	0.08623	0.08829	0.00201	0.18727	0.01896	0.04081	0.16518	0.16993	0.04747	0.08349	0.00157	0.00120	0.00036	0.00114	0.00144	0.00089	0.00143
52	0.01978	0.00911	0.06937	0.00931	0.02206	0.01486	0.07214	0.10682	0.03164	0.58748	0.00779	0.02753	0.01413	0.00136	0.00112	0.00035	0.00110	0.00114	0.00114	0.00176
53	0.01054	0.01502	0.01030	0.29304	0.13315	0.03949	0.14940	0.05552	0.01918	0.22499	0.00522	0.00765	0.00194	0.00118	0.00120	0.00035	0.02846	0.00106	0.00077	0.00154
54	0.78784	0.04168	0.00742	0.00215	0.11697	0.02206	0.00152	0.00329	0.00200	0.00464	0.00161	0.00191	0.00128	0.00102	0.00074	0.00033	0.00095	0.00065	0.00065	0.00128
55	0.00223	0.05168	0.49629	0.02751	0.00433	0.02212	0.18992	0.00316	0.00236	0.01228	0.00276	0.17500	0.00253	0.00146	0.00115	0.00037	0.00147	0.00132	0.00060	0.00145
56	0.00646	0.07738	0.16665	0.00641	0.02782	0.00676	0.05565	0.01404	0.04865	0.17050	0.00718	0.00482	0.00191	0.00103	0.00096	0.00026	0.00109	0.00085	0.00075	0.40080
57	0.00247	0.02647	0.01335	0.00785	0.00260	0.00155	0.00138	0.01908	0.00240	0.08540	0.00262	0.10043	0.00572	0.00116	0.00091	0.00022	0.00084	0.00096	0.00075	0.72384
