[name]
unknown

[dist]
# distance from previous block
# <min> <max>
2	199

[block]
# block no. 0 follows, 292 sequences, length 8
# corresponding to MSA columns:
# 884-888,893-895
name=unknown_A
#
# <colnr> <probs for GDERKNQSTAVLIFYWHMCP>
#	G	D	E	R	K	N	Q	S	T	A	V	L	I	F	Y	W	H	M	C	P
0	0.00295	0.05389	0.00274	0.00223	0.00288	0.00280	0.00178	0.19785	0.58744	0.00491	0.03130	0.02646	0.00336	0.00170	0.02116	0.00039	0.00100	0.02780	0.02567	0.00168
1	0.02803	0.05722	0.02228	0.03356	0.01441	0.00294	0.06080	0.52294	0.06606	0.03456	0.05001	0.03588	0.01527	0.01513	0.02136	0.01453	0.00121	0.00116	0.00098	0.00165
2	0.01405	0.07237	0.12432	0.10082	0.09164	0.01284	0.03820	0.05723	0.04037	0.03006	0.13679	0.06262	0.08688	0.01307	0.01983	0.01310	0.01465	0.03125	0.00080	0.03911
3	0.01904	0.12768	0.30567	0.03986	0.01987	0.03370	0.02931	0.06948	0.02215	0.11468	0.03628	0.06200	0.02365	0.02861	0.02868	0.00041	0.00134	0.03536	0.00075	0.00149
4	0.00256	0.00288	0.03130	0.02612	0.00541	0.00266	0.79146	0.00352	0.02588	0.00361	0.00252	0.00346	0.00197	0.00107	0.00128	0.00038	0.00174	0.03821	0.05249	0.00147
5	0.01792	0.08093	0.08501	0.04414	0.07900	0.02435	0.03022	0.11168	0.12384	0.11988	0.02589	0.04502	0.03628	0.00189	0.02208	0.10046	0.01566	0.02290	0.01139	0.00145
6	0.01340	0.08723	0.17035	0.09633	0.26998	0.03245	0.02223	0.04128	0.07047	0.06346	0.01133	0.01735	0.01452	0.01371	0.00891	0.00037	0.02000	0.03392	0.00068	0.01204
7	0.00208	0.00157	0.00193	0.00194	0.05315	0.00161	0.00138	0.01869	0.23585	0.02724	0.48578	0.06960	0.02645	0.00205	0.00124	0.00036	0.00070	0.01747	0.04962	0.00129

[dist]
# distance from previous block
# <min> <max>
0	29

[block]
# block no. 1 follows, 292 sequences, length 10
# corresponding to MSA columns:
# 925-934
name=unknown_B
#
# <colnr> <probs for GDERKNQSTAVLIFYWHMCP>
#	G	D	E	R	K	N	Q	S	T	A	V	L	I	F	Y	W	H	M	C	P
0	0.02181	0.04062	0.67155	0.00284	0.00419	0.00244	0.03247	0.01994	0.01470	0.05139	0.05981	0.02940	0.03086	0.00130	0.00109	0.00036	0.00144	0.01162	0.00063	0.00157
1	0.01019	0.10065	0.17482	0.12585	0.10093	0.06755	0.10497	0.04083	0.02573	0.06947	0.00271	0.03653	0.02885	0.02067	0.00923	0.00038	0.05445	0.01186	0.01285	0.00147
2	0.01506	0.05231	0.10318	0.05294	0.10028	0.04299	0.04322	0.20743	0.04469	0.05829	0.02740	0.08001	0.08258	0.00164	0.00974	0.00036	0.00956	0.01738	0.04086	0.01007
3	0.00176	0.00118	0.00140	0.00147	0.03730	0.00109	0.00103	0.00218	0.00265	0.02925	0.29596	0.08942	0.26049	0.02043	0.00126	0.00036	0.00060	0.00189	0.24924	0.00105
4	0.03943	0.01976	0.08281	0.05214	0.04223	0.04475	0.10300	0.05634	0.02776	0.09392	0.01371	0.27641	0.01796	0.06616	0.01485	0.00045	0.01665	0.01763	0.01272	0.00130
5	0.01678	0.07577	0.20421	0.05458	0.09232	0.06010	0.06891	0.06259	0.02548	0.05899	0.02441	0.03070	0.01251	0.00981	0.00119	0.00033	0.03430	0.02144	0.00069	0.14491
6	0.00206	0.00156	0.00199	0.02690	0.02456	0.02441	0.03330	0.01953	0.05325	0.06509	0.12551	0.17948	0.15402	0.10998	0.03821	0.01943	0.05911	0.03588	0.02462	0.00112
7	0.01127	0.00121	0.00156	0.01438	0.00181	0.01204	0.00116	0.00187	0.01041	0.00269	0.01628	0.28157	0.05730	0.20652	0.27305	0.03727	0.02835	0.03022	0.01014	0.00091
8	0.03254	0.08751	0.08501	0.09764	0.05224	0.05874	0.05683	0.17128	0.05995	0.08466	0.02394	0.04863	0.00947	0.01420	0.01909	0.00037	0.01297	0.00822	0.00823	0.06846
9	0.09195	0.06096	0.06500	0.03531	0.06705	0.05003	0.00936	0.07079	0.04391	0.14420	0.07529	0.09380	0.04025	0.01073	0.01658	0.00038	0.02800	0.03309	0.00995	0.05336

[dist]
# distance from previous block
# <min> <max>
4	90

[block]
# block no. 2 follows, 292 sequences, length 14
# corresponding to MSA columns:
# 1032-1043,1045,1046
name=unknown_C
#
# <colnr> <probs for GDERKNQSTAVLIFYWHMCP>
#	G	D	E	R	K	N	Q	S	T	A	V	L	I	F	Y	W	H	M	C	P
0	0.01787	0.00854	0.13437	0.10497	0.08851	0.03275	0.03921	0.04078	0.13215	0.07368	0.07962	0.08039	0.05824	0.00760	0.01349	0.01024	0.03957	0.00793	0.00083	0.02925
1	0.00138	0.00100	0.00130	0.00151	0.00160	0.00093	0.00101	0.00159	0.00220	0.00292	0.05832	0.82061	0.05452	0.04342	0.00159	0.00047	0.00066	0.00301	0.00103	0.00091
2	0.03864	0.13875	0.06769	0.07632	0.03604	0.09318	0.13279	0.01482	0.02380	0.00885	0.00969	0.11644	0.04504	0.03646	0.02653	0.04182	0.05601	0.02414	0.01172	0.00126
3	0.00226	0.02897	0.00345	0.71001	0.11223	0.00953	0.01434	0.01271	0.01622	0.01190	0.02994	0.00326	0.01638	0.00866	0.00869	0.00038	0.00142	0.00105	0.00056	0.00804
4	0.03073	0.17752	0.25094	0.02999	0.07707	0.06042	0.05975	0.09530	0.00961	0.06454	0.02998	0.02787	0.02678	0.00676	0.00113	0.00998	0.01026	0.01500	0.00069	0.01570
5	0.03899	0.02665	0.07265	0.09794	0.25784	0.08083	0.08197	0.04857	0.02982	0.10623	0.03384	0.03305	0.02468	0.00135	0.00856	0.00036	0.02236	0.00705	0.00073	0.02654
6	0.00239	0.00237	0.00318	0.00277	0.00283	0.01844	0.00229	0.00277	0.04065	0.00281	0.00232	0.01781	0.05233	0.00203	0.00330	0.00048	0.81079	0.02864	0.00057	0.00122
7	0.01174	0.00162	0.03764	0.01619	0.03876	0.00767	0.01412	0.03443	0.03588	0.10306	0.18207	0.09801	0.28479	0.05422	0.04641	0.00048	0.00091	0.02481	0.00599	0.00119
8	0.02522	0.02491	0.14669	0.06341	0.13924	0.11187	0.09039	0.10507	0.01869	0.12515	0.02448	0.02530	0.01644	0.00131	0.00125	0.00035	0.05416	0.00934	0.00076	0.01598
9	0.00163	0.00113	0.00149	0.00150	0.00160	0.00122	0.00103	0.00180	0.00173	0.00239	0.00335	0.02338	0.00357	0.47506	0.40946	0.03837	0.00188	0.02793	0.00065	0.00082
10	0.00159	0.00108	0.00139	0.00156	0.00170	0.00101	0.00107	0.01665	0.01196	0.03756	0.04124	0.77639	0.05039	0.01962	0.00146	0.00045	0.00067	0.01179	0.02145	0.00098
11	0.01831	0.00225	0.02434	0.14879	0.21123	0.03142	0.04332	0.02865	0.09146	0.04898	0.02964	0.09996	0.02671	0.01659	0.00706	0.01783	0.08858	0.06272	0.00076	0.00139
12	0.05832	0.05930	0.01663	0.23919	0.31340	0.07455	0.01375	0.04538	0.01198	0.07269	0.01429	0.01302	0.00189	0.00128	0.01573	0.00037	0.03762	0.00098	0.00065	0.00897
13	0.45402	0.00226	0.00216	0.02114	0.01558	0.04802	0.00966	0.12738	0.02195	0.10980	0.01431	0.03848	0.00811	0.02089	0.01581	0.01387	0.01368	0.01316	0.04112	0.00862

[dist]
# distance from previous block
# <min> <max>
3	10

[block]
# block no. 3 follows, 292 sequences, length 27
# corresponding to MSA columns:
# 1063-1089
name=unknown_D
#
# <colnr> <probs for GDERKNQSTAVLIFYWHMCP>
#	G	D	E	R	K	N	Q	S	T	A	V	L	I	F	Y	W	H	M	C	P
0	0.06726	0.02332	0.01200	0.00204	0.02471	0.02283	0.00162	0.20028	0.04172	0.03078	0.00238	0.02906	0.00193	0.00109	0.00094	0.00025	0.00600	0.00085	0.00080	0.53015
1	0.06624	0.07953	0.08555	0.10493	0.03519	0.01611	0.01687	0.14169	0.04114	0.21524	0.00968	0.00564	0.00544	0.00141	0.02544	0.00631	0.02255	0.00095	0.00399	0.11609
2	0.24422	0.01532	0.00279	0.08487	0.02485	0.03846	0.03726	0.20620	0.02404	0.14871	0.00876	0.00643	0.00191	0.00739	0.02559	0.00913	0.02952	0.00092	0.00086	0.08277
3	0.00170	0.00121	0.00163	0.00161	0.00175	0.00132	0.00645	0.00195	0.00184	0.01395	0.02529	0.01689	0.01715	0.35359	0.44912	0.00707	0.02955	0.03626	0.02401	0.00764
4	0.00594	0.00708	0.18104	0.02705	0.02730	0.00207	0.09872	0.07841	0.11302	0.06390	0.25786	0.01932	0.05088	0.00175	0.01616	0.00038	0.00917	0.01632	0.02217	0.00143
5	0.05701	0.00546	0.00591	0.00182	0.00242	0.00633	0.00146	0.19218	0.04636	0.25094	0.13659	0.02235	0.01053	0.00848	0.02311	0.00037	0.01195	0.00862	0.18300	0.02511
6	0.00191	0.00134	0.00195	0.00189	0.00215	0.01396	0.08122	0.00222	0.00228	0.09075	0.01988	0.55682	0.01573	0.08490	0.05155	0.00056	0.00098	0.06788	0.00097	0.00105
7	0.00303	0.91150	0.00571	0.00194	0.00287	0.00432	0.00192	0.00339	0.00228	0.02914	0.00163	0.00187	0.00147	0.00099	0.00080	0.00025	0.02431	0.00062	0.00050	0.00144
8	0.03571	0.00205	0.00262	0.00203	0.00287	0.00191	0.00167	0.12454	0.02311	0.74701	0.02592	0.00370	0.00279	0.00139	0.00111	0.00034	0.00097	0.00111	0.00818	0.01097
9	0.03043	0.00322	0.00321	0.00253	0.00336	0.09731	0.00206	0.74435	0.04445	0.04268	0.01370	0.00277	0.00203	0.00134	0.00110	0.00033	0.00126	0.00099	0.00107	0.00181
10	0.00226	0.00222	0.00395	0.69504	0.07579	0.00260	0.15023	0.00300	0.00230	0.00302	0.00201	0.00295	0.00154	0.00112	0.00127	0.00038	0.04746	0.00104	0.00051	0.00132
11	0.02003	0.00204	0.00234	0.00174	0.00267	0.00169	0.00139	0.05543	0.06691	0.02370	0.01113	0.01243	0.00200	0.00098	0.00088	0.00021	0.00085	0.00769	0.01455	0.77133
12	0.00194	0.00097	0.00146	0.00146	0.00146	0.00097	0.00097	0.00146	0.00146	0.00194	0.00194	0.00340	0.00194	0.00389	0.00437	0.96746	0.00097	0.00097	0.00049	0.00049
13	0.00148	0.00108	0.00138	0.00155	0.00170	0.00101	0.00672	0.00713	0.01002	0.00898	0.02688	0.60521	0.15244	0.07327	0.00808	0.00050	0.00073	0.08989	0.00101	0.00093
14	0.00191	0.00122	0.00146	0.00145	0.00171	0.00121	0.00108	0.01923	0.02986	0.03518	0.18439	0.19291	0.08003	0.04159	0.01887	0.00041	0.02383	0.06070	0.29417	0.00878
15	0.00160	0.00118	0.00169	0.00170	0.00186	0.00134	0.00127	0.00193	0.00177	0.00253	0.00313	0.01916	0.00307	0.16543	0.78517	0.00166	0.00265	0.00130	0.00062	0.00094
16	0.00193	0.00098	0.00146	0.00146	0.00147	0.00099	0.00098	0.00148	0.00147	0.00197	0.00200	0.00351	0.00201	0.02312	0.03090	0.92128	0.00103	0.00099	0.00049	0.00050
17	0.01231	0.00174	0.00181	0.00164	0.00212	0.05171	0.00128	0.10502	0.05168	0.12404	0.08915	0.06908	0.37669	0.00223	0.00123	0.00037	0.00081	0.04912	0.05672	0.00125
18	0.00162	0.00115	0.00145	0.00158	0.00176	0.00111	0.00111	0.02943	0.04254	0.02367	0.10352	0.66920	0.07458	0.01637	0.00144	0.00044	0.00068	0.01964	0.00771	0.00101
19	0.00910	0.00275	0.01235	0.00293	0.00329	0.10592	0.11426	0.03249	0.04337	0.09002	0.01674	0.01212	0.00940	0.00933	0.00255	0.00043	0.51885	0.00628	0.00643	0.00136
20	0.25391	0.00264	0.00274	0.00217	0.00299	0.00287	0.00179	0.51211	0.03136	0.16343	0.00274	0.00270	0.00192	0.00128	0.00101	0.00034	0.00107	0.00093	0.01029	0.00171
21	0.01458	0.00110	0.00142	0.00158	0.00171	0.00106	0.00830	0.02061	0.00220	0.00774	0.00597	0.70853	0.06697	0.08179	0.03018	0.00054	0.00766	0.03613	0.00099	0.00093
22	0.01983	0.16485	0.15730	0.01878	0.01540	0.05501	0.03584	0.13965	0.05054	0.16718	0.00690	0.01141	0.00212	0.01171	0.07594	0.01286	0.03480	0.00695	0.01136	0.00155
23	0.00154	0.00110	0.00140	0.00157	0.00172	0.00106	0.00111	0.00189	0.03718	0.01387	0.03415	0.65490	0.09936	0.02190	0.00149	0.00045	0.01060	0.07843	0.03528	0.00097
24	0.00146	0.00101	0.00134	0.00157	0.00167	0.00094	0.00107	0.00167	0.00218	0.02139	0.00614	0.87284	0.01927	0.01272	0.00146	0.00046	0.00067	0.04304	0.00815	0.00093
25	0.53763	0.15919	0.09410	0.02609	0.01187	0.06562	0.03661	0.02735	0.00223	0.01487	0.00173	0.00203	0.00137	0.00106	0.00082	0.00485	0.00114	0.00069	0.00939	0.00133
26	0.01076	0.07498	0.38054	0.00628	0.00624	0.00225	0.03399	0.04215	0.01048	0.11978	0.11802	0.04170	0.02995	0.02054	0.06369	0.00046	0.02046	0.00731	0.00896	0.00147

[dist]
# distance from previous block
# <min> <max>
3	40

[block]
# block no. 4 follows, 292 sequences, length 7
# corresponding to MSA columns:
# 1152-1154,1157,1162-1164
name=unknown_E
#
# <colnr> <probs for GDERKNQSTAVLIFYWHMCP>
#	G	D	E	R	K	N	Q	S	T	A	V	L	I	F	Y	W	H	M	C	P
0	0.01752	0.16680	0.09307	0.03469	0.04487	0.10291	0.15188	0.15276	0.03974	0.08336	0.01291	0.05479	0.00220	0.00144	0.02252	0.00037	0.01478	0.00109	0.00075	0.00154
1	0.00250	0.01796	0.00226	0.00211	0.03835	0.01981	0.00151	0.06619	0.40208	0.02890	0.00402	0.03492	0.01597	0.28582	0.02535	0.00062	0.01812	0.03124	0.00093	0.00136
2	0.02233	0.00113	0.00142	0.00151	0.00171	0.00105	0.00107	0.00196	0.00233	0.06646	0.10638	0.51723	0.13390	0.07447	0.03185	0.00051	0.00077	0.03190	0.00103	0.00099
3	0.04297	0.03210	0.05680	0.14707	0.17387	0.02358	0.03851	0.11204	0.03126	0.08632	0.02114	0.10206	0.03589	0.01214	0.00929	0.00039	0.00928	0.05346	0.01036	0.00145
4	0.00290	0.00238	0.04115	0.16220	0.07463	0.01498	0.04436	0.16572	0.02074	0.10689	0.01162	0.04438	0.01857	0.01081	0.01439	0.01108	0.07317	0.00111	0.03737	0.14156
5	0.00204	0.00116	0.00134	0.00135	0.00158	0.00116	0.00100	0.01940	0.01850	0.03859	0.02171	0.09296	0.02426	0.12376	0.03718	0.05516	0.00080	0.08496	0.47209	0.00101
6	0.02802	0.00287	0.04523	0.00423	0.04104	0.00262	0.72480	0.00336	0.00250	0.00353	0.00235	0.02106	0.00188	0.02042	0.00151	0.03188	0.02396	0.00128	0.03602	0.00143

[dist]
# distance from previous block
# <min> <max>
0	38

[block]
# block no. 5 follows, 292 sequences, length 7
# corresponding to MSA columns:
# 1206-1210,1212,1215
name=unknown_F
#
# <colnr> <probs for GDERKNQSTAVLIFYWHMCP>
#	G	D	E	R	K	N	Q	S	T	A	V	L	I	F	Y	W	H	M	C	P
0	0.03733	0.14161	0.09015	0.01647	0.02149	0.10210	0.02412	0.27826	0.13092	0.02557	0.01337	0.05852	0.01201	0.00150	0.01192	0.00036	0.02122	0.01065	0.00085	0.00158
1	0.81221	0.00204	0.00169	0.00152	0.00217	0.00231	0.00123	0.00331	0.00202	0.07834	0.00217	0.08299	0.00185	0.00127	0.00079	0.00036	0.00085	0.00086	0.00077	0.00124
2	0.96860	0.00216	0.00164	0.00147	0.00216	0.00251	0.00121	0.00329	0.00190	0.00502	0.00156	0.00182	0.00121	0.00104	0.00069	0.00035	0.00087	0.00061	0.00069	0.00121
3	0.00163	0.00112	0.00133	0.00135	0.00141	0.00113	0.00086	0.00173	0.00179	0.00240	0.03234	0.00755	0.03297	0.72639	0.10745	0.00107	0.00125	0.07474	0.00072	0.00076
4	0.70005	0.00211	0.00187	0.00160	0.00231	0.00234	0.00132	0.03901	0.03054	0.16370	0.00226	0.00236	0.00164	0.00113	0.00080	0.00034	0.00088	0.00075	0.04363	0.00136
5	0.87419	0.00220	0.00177	0.00155	0.00226	0.00251	0.00128	0.04976	0.00213	0.05161	0.00175	0.00196	0.00132	0.00107	0.00073	0.00035	0.00089	0.00065	0.00075	0.00128
6	0.81221	0.00246	0.00188	0.00165	0.00235	0.08315	0.00134	0.04094	0.00219	0.04104	0.00172	0.00194	0.00132	0.00107	0.00075	0.00034	0.00098	0.00065	0.00073	0.00127

[dist]
# distance from previous block
# <min> <max>
0	2

[block]
# block no. 6 follows, 292 sequences, length 21
# corresponding to MSA columns:
# 1218-1238
name=unknown_G
#
# <colnr> <probs for GDERKNQSTAVLIFYWHMCP>
#	G	D	E	R	K	N	Q	S	T	A	V	L	I	F	Y	W	H	M	C	P
0	0.00939	0.00222	0.00255	0.01605	0.00275	0.06190	0.00693	0.01419	0.00230	0.01482	0.03297	0.00299	0.01349	0.02908	0.01801	0.00032	0.19519	0.01380	0.00616	0.55488
1	0.67367	0.01558	0.02045	0.01521	0.04330	0.01828	0.02990	0.03222	0.01192	0.00980	0.00216	0.04315	0.01319	0.01208	0.02009	0.00039	0.01211	0.02006	0.00519	0.00126
2	0.00264	0.00302	0.01427	0.00447	0.00551	0.02608	0.83998	0.00356	0.01751	0.00353	0.00234	0.01448	0.00184	0.00106	0.00141	0.00038	0.04217	0.01369	0.00058	0.00148
3	0.00208	0.00896	0.02710	0.00695	0.00842	0.00810	0.02979	0.03345	0.08011	0.06497	0.02731	0.24202	0.12268	0.07677	0.06070	0.00055	0.04979	0.12466	0.02443	0.00116
4	0.06995	0.00235	0.00267	0.00201	0.00293	0.00223	0.00165	0.30666	0.00344	0.22555	0.00274	0.00275	0.00196	0.00114	0.00098	0.00027	0.00099	0.00088	0.00098	0.36788
5	0.02114	0.00245	0.00345	0.00294	0.00298	0.00340	0.02058	0.00272	0.00173	0.00275	0.00148	0.00245	0.00147	0.00192	0.00357	0.00048	0.92178	0.00098	0.00049	0.00123
6	0.00162	0.00110	0.00141	0.00156	0.00171	0.00105	0.00109	0.01334	0.02985	0.02644	0.12056	0.67477	0.02059	0.00305	0.00135	0.00042	0.00066	0.03039	0.06805	0.00100
7	0.01418	0.00175	0.00237	0.00192	0.00265	0.00154	0.00156	0.00473	0.00305	0.75839	0.04276	0.08748	0.01470	0.00172	0.00118	0.00037	0.00091	0.05574	0.00132	0.00171
8	0.05109	0.00217	0.00243	0.00192	0.00274	0.00209	0.00154	0.11660	0.23678	0.11831	0.03447	0.00322	0.00256	0.00120	0.00098	0.00028	0.00089	0.00096	0.02599	0.39378
9	0.00301	0.00248	0.00264	0.00231	0.00298	0.00284	0.00182	0.14147	0.78619	0.02006	0.00430	0.00408	0.00323	0.00151	0.00114	0.00037	0.00094	0.01570	0.00114	0.00178
10	0.00160	0.00119	0.00175	0.00175	0.00193	0.00137	0.00134	0.00197	0.00178	0.00256	0.00304	0.00463	0.00290	0.08691	0.87789	0.00174	0.00284	0.00123	0.00061	0.00097
11	0.03470	0.00197	0.00258	0.00199	0.00285	0.00175	0.00164	0.03734	0.02379	0.85321	0.00422	0.00368	0.00268	0.00136	0.00111	0.00034	0.00095	0.00110	0.00133	0.02139
12	0.02597	0.00206	0.00257	0.00202	0.00282	0.00195	0.00166	0.15244	0.05289	0.65185	0.02779	0.00402	0.03366	0.00146	0.00112	0.00035	0.00096	0.00869	0.02392	0.00180
13	0.00158	0.00117	0.00143	0.00137	0.00166	0.00109	0.00102	0.00213	0.03490	0.00408	0.64685	0.05094	0.18697	0.02317	0.00139	0.00037	0.00056	0.00207	0.03620	0.00104
14	0.00270	0.00253	0.00219	0.00211	0.00247	0.26880	0.00745	0.09170	0.00282	0.03546	0.01389	0.33383	0.00438	0.00810	0.00132	0.00039	0.02874	0.11053	0.07941	0.00118
15	0.00422	0.00216	0.00260	0.00207	0.00285	0.00215	0.00168	0.19976	0.15632	0.51598	0.01410	0.00371	0.00278	0.00140	0.00110	0.00034	0.00096	0.00113	0.08291	0.00180
16	0.00148	0.00102	0.00134	0.00156	0.00166	0.00094	0.00106	0.00169	0.00219	0.03014	0.00627	0.85783	0.04484	0.01797	0.00148	0.00046	0.00067	0.02542	0.00104	0.00094
17	0.00339	0.00158	0.00197	0.00165	0.00223	0.00145	0.00131	0.04202	0.02467	0.44456	0.12831	0.03217	0.07740	0.02509	0.00122	0.00035	0.00078	0.00970	0.19866	0.00147
18	0.00209	0.00160	0.01374	0.00163	0.00206	0.02186	0.00127	0.05020	0.13192	0.07138	0.02225	0.13153	0.40601	0.00258	0.02295	0.00042	0.00081	0.07323	0.04125	0.00120
19	0.02260	0.00118	0.00142	0.00142	0.00170	0.00109	0.00104	0.01239	0.01569	0.03284	0.37209	0.26698	0.22620	0.01414	0.00137	0.00039	0.00061	0.00793	0.01787	0.00103
20	0.78013	0.02514	0.01563	0.01716	0.00725	0.01968	0.01849	0.01650	0.00808	0.05016	0.00186	0.01554	0.00145	0.00110	0.00077	0.00034	0.00094	0.00071	0.01779	0.00127

[dist]
# distance from previous block
# <min> <max>
14	49

[block]
# block no. 7 follows, 292 sequences, length 6
# corresponding to MSA columns:
# 1355-1358,1363,1364
name=unknown_H
#
# <colnr> <probs for GDERKNQSTAVLIFYWHMCP>
#	G	D	E	R	K	N	Q	S	T	A	V	L	I	F	Y	W	H	M	C	P
0	0.10866	0.00181	0.01220	0.04916	0.10467	0.01439	0.03730	0.05491	0.02665	0.05855	0.02787	0.15332	0.01812	0.05654	0.04425	0.06737	0.01548	0.11625	0.03126	0.00121
1	0.02950	0.02464	0.04266	0.28672	0.06459	0.02393	0.10097	0.28769	0.03858	0.03437	0.00248	0.02296	0.00190	0.00124	0.00116	0.00035	0.01713	0.00106	0.01650	0.00155
2	0.00182	0.00128	0.00174	0.07240	0.00242	0.00129	0.00154	0.02472	0.00256	0.02444	0.09767	0.24449	0.04547	0.00277	0.00139	0.00044	0.00087	0.41108	0.06054	0.00106
3	0.00262	0.00236	0.00397	0.18946	0.60297	0.00247	0.02575	0.00326	0.00248	0.03679	0.02537	0.02571	0.00213	0.00116	0.00119	0.00035	0.03079	0.00109	0.03849	0.00158
4	0.00265	0.10952	0.02290	0.05836	0.01951	0.03270	0.38500	0.04834	0.09180	0.01906	0.05213	0.03388	0.02385	0.01409	0.00137	0.00037	0.04970	0.01571	0.01762	0.00144
5	0.03289	0.06124	0.05962	0.03536	0.04793	0.01606	0.01613	0.08256	0.02048	0.10305	0.03003	0.02235	0.01892	0.00113	0.00096	0.00026	0.00101	0.00091	0.00078	0.44834

[dist]
# distance from previous block
# <min> <max>
1	8

[block]
# block no. 8 follows, 292 sequences, length 28
# corresponding to MSA columns:
# 1384-1388,1392,1394-1400,1427-1441
name=unknown_I
#
# <colnr> <probs for GDERKNQSTAVLIFYWHMCP>
#	G	D	E	R	K	N	Q	S	T	A	V	L	I	F	Y	W	H	M	C	P
0	0.92802	0.00215	0.00165	0.00148	0.00216	0.00249	0.00121	0.00333	0.02287	0.00499	0.00166	0.00192	0.00129	0.00105	0.00070	0.00035	0.00086	0.00063	0.01996	0.00122
1	0.31181	0.01377	0.00270	0.00211	0.00293	0.00287	0.00175	0.48171	0.00379	0.14436	0.00256	0.00257	0.00181	0.00130	0.00909	0.00035	0.00108	0.00089	0.00100	0.01154
2	0.00163	0.00110	0.00126	0.00126	0.00128	0.00111	0.00073	0.00169	0.01173	0.00226	0.01700	0.01879	0.01160	0.87532	0.04140	0.00766	0.00114	0.00163	0.00069	0.00071
3	0.00238	0.00197	0.00969	0.22685	0.03863	0.00211	0.08310	0.06490	0.14673	0.05537	0.12527	0.10587	0.07175	0.00180	0.00506	0.00038	0.02760	0.01705	0.01214	0.00136
4	0.00188	0.00130	0.00175	0.00187	0.00216	0.00127	0.00157	0.01461	0.01948	0.03790	0.22187	0.06650	0.02296	0.00281	0.00145	0.00046	0.00088	0.59708	0.00109	0.00108
5	0.01625	0.00242	0.01994	0.00266	0.00295	0.01561	0.03784	0.08712	0.03595	0.08128	0.00693	0.00299	0.00193	0.00809	0.00266	0.00043	0.57568	0.01326	0.08466	0.00135
6	0.00239	0.17385	0.17382	0.03807	0.05482	0.01176	0.03396	0.01947	0.02662	0.03488	0.15736	0.03101	0.06631	0.01331	0.01325	0.00038	0.11240	0.00790	0.00073	0.02773
7	0.54489	0.16591	0.04973	0.00197	0.00812	0.07740	0.03179	0.01269	0.00218	0.03220	0.00174	0.00204	0.00139	0.00118	0.01273	0.00035	0.04676	0.00070	0.00493	0.00131
8	0.88572	0.00216	0.00173	0.00152	0.00222	0.00248	0.00125	0.03144	0.00206	0.04531	0.00174	0.00196	0.00132	0.00107	0.00072	0.00034	0.00087	0.00065	0.01417	0.00126
9	0.00224	0.00578	0.95490	0.00319	0.00484	0.00260	0.00413	0.00354	0.00236	0.00354	0.00201	0.00236	0.00142	0.00106	0.00106	0.00035	0.00165	0.00083	0.00047	0.00165
10	0.00900	0.00203	0.13840	0.01871	0.01158	0.00832	0.01037	0.03127	0.05673	0.01237	0.47992	0.02038	0.15804	0.00207	0.00125	0.00036	0.00080	0.02022	0.01696	0.00121
11	0.00299	0.96137	0.00586	0.00191	0.00287	0.00442	0.00191	0.00335	0.00227	0.00263	0.00155	0.00179	0.00144	0.00096	0.00072	0.00024	0.00120	0.00060	0.00048	0.00144
12	0.00174	0.00126	0.00154	0.00144	0.00177	0.00117	0.00110	0.01899	0.04533	0.03401	0.63816	0.02352	0.20139	0.00235	0.00131	0.00036	0.00059	0.02167	0.00118	0.00110
13	0.00211	0.00199	0.00335	0.95801	0.00770	0.00248	0.00311	0.00286	0.00224	0.00286	0.00199	0.00298	0.00149	0.00112	0.00112	0.00037	0.00149	0.00099	0.00050	0.00124
14	0.58008	0.00227	0.00213	0.00177	0.00252	0.00249	0.00146	0.17695	0.01598	0.17331	0.02337	0.00252	0.00186	0.00119	0.00087	0.00034	0.00094	0.00081	0.00767	0.00146
15	0.02096	0.00183	0.00218	0.00183	0.00247	0.00179	0.00146	0.07090	0.17005	0.40614	0.05768	0.02653	0.08989	0.00164	0.00112	0.00035	0.00084	0.01533	0.12541	0.00159
16	0.00160	0.00119	0.00177	0.00177	0.00195	0.00138	0.00136	0.00198	0.00179	0.00257	0.00302	0.00455	0.00287	0.06042	0.90433	0.00176	0.00289	0.00122	0.00060	0.00098
17	0.00216	0.00124	0.00127	0.00123	0.00155	0.00128	0.00093	0.01702	0.11710	0.00421	0.01625	0.03010	0.02662	0.00144	0.00087	0.00029	0.00058	0.00117	0.77355	0.00114
18	0.01352	0.00177	0.00233	0.00189	0.00259	0.00159	0.00153	0.04271	0.01242	0.66954	0.11191	0.08631	0.02505	0.00173	0.00118	0.00036	0.00088	0.01972	0.00130	0.00168
19	0.00228	0.00130	0.00167	0.00164	0.00199	0.00120	0.00125	0.00793	0.02449	0.20961	0.07213	0.33464	0.18028	0.02180	0.00145	0.00690	0.00076	0.12639	0.00112	0.00117
20	0.01774	0.01169	0.00254	0.00203	0.00271	0.01272	0.00164	0.37830	0.06884	0.18274	0.22586	0.00467	0.04188	0.00163	0.00115	0.00034	0.00094	0.00133	0.03963	0.00160
21	0.00191	0.00131	0.00160	0.00148	0.00186	0.00122	0.00114	0.01686	0.05287	0.07206	0.52718	0.04117	0.19795	0.00229	0.00128	0.00036	0.00062	0.03109	0.01599	0.02975
22	0.00409	0.00178	0.00229	0.00183	0.00255	0.00159	0.00148	0.05792	0.00315	0.65606	0.03803	0.01812	0.13742	0.00165	0.00116	0.00035	0.00795	0.00135	0.05957	0.00167
23	0.01762	0.00257	0.00313	0.11124	0.07293	0.01001	0.01905	0.39570	0.16152	0.05402	0.02354	0.02173	0.01456	0.00158	0.01976	0.00039	0.05202	0.01050	0.00647	0.00166
24	0.00148	0.00103	0.00134	0.00155	0.00167	0.00096	0.00107	0.00171	0.00224	0.02261	0.03520	0.75354	0.07757	0.02604	0.00151	0.00046	0.00068	0.05963	0.00876	0.00094
25	0.00193	0.00145	0.00172	0.00178	0.00205	0.00152	0.00128	0.01057	0.27746	0.03156	0.01967	0.56737	0.01517	0.01212	0.02656	0.00046	0.00079	0.00752	0.01781	0.00120
26	0.17897	0.09685	0.00963	0.01011	0.00317	0.60669	0.01056	0.01342	0.00280	0.01510	0.00177	0.00207	0.00146	0.00124	0.01541	0.00032	0.01704	0.00072	0.01138	0.00130
27	0.00140	0.00111	0.00126	0.00134	0.00160	0.00099	0.00097	0.00172	0.01918	0.00307	0.06020	0.31077	0.52263	0.02838	0.00148	0.00042	0.00063	0.04085	0.00104	0.00095

[dist]
# distance from previous block
# <min> <max>
8	42

[block]
# block no. 9 follows, 292 sequences, length 9
# corresponding to MSA columns:
# 1488-1496
name=unknown_J
#
# <colnr> <probs for GDERKNQSTAVLIFYWHMCP>
#	G	D	E	R	K	N	Q	S	T	A	V	L	I	F	Y	W	H	M	C	P
0	0.00226	0.00168	0.00192	0.00181	0.00222	0.00178	0.00138	0.05562	0.33296	0.04033	0.19897	0.20257	0.05406	0.00218	0.00123	0.00038	0.00075	0.03344	0.06310	0.00135
1	0.15588	0.05226	0.03237	0.01041	0.02202	0.00203	0.00164	0.05095	0.03005	0.28329	0.05544	0.01196	0.01247	0.00139	0.00990	0.00032	0.01381	0.03489	0.01026	0.20868
2	0.05840	0.14163	0.37819	0.04119	0.06838	0.07675	0.02810	0.06386	0.02015	0.04042	0.00218	0.01637	0.00171	0.00123	0.00951	0.00035	0.02874	0.00886	0.00061	0.01339
3	0.00193	0.00116	0.00162	0.00157	0.00166	0.00124	0.00110	0.00188	0.00168	0.04611	0.00273	0.00466	0.00274	0.25247	0.25919	0.37609	0.03959	0.00121	0.00061	0.00077
4	0.00150	0.00113	0.00130	0.00131	0.00162	0.00099	0.00097	0.00183	0.00264	0.02953	0.21875	0.16805	0.53640	0.00279	0.00134	0.00039	0.00059	0.02677	0.00109	0.00099
5	0.03780	0.00198	0.00260	0.06562	0.08510	0.00198	0.01775	0.15382	0.03949	0.29985	0.08717	0.10796	0.06477	0.00174	0.00118	0.00036	0.00098	0.01684	0.01147	0.00154
6	0.05278	0.05283	0.00344	0.36029	0.04531	0.01723	0.03219	0.29479	0.02029	0.06764	0.00247	0.01611	0.00188	0.00126	0.00113	0.00035	0.01520	0.01250	0.00079	0.00153
7	0.03475	0.00119	0.00120	0.00116	0.00147	0.00121	0.00088	0.02963	0.02134	0.02721	0.00366	0.03167	0.00292	0.00136	0.00082	0.00028	0.00057	0.00109	0.83646	0.00110
8	0.00262	0.00318	0.06118	0.00463	0.00579	0.00281	0.89524	0.00358	0.00262	0.00358	0.00225	0.00298	0.00168	0.00095	0.00130	0.00038	0.00187	0.00129	0.00056	0.00152

[dist]
# distance from previous block
# <min> <max>
0	18

[block]
# block no. 10 follows, 292 sequences, length 8
# corresponding to MSA columns:
# 1515,1519-1525
name=unknown_K
#
# <colnr> <probs for GDERKNQSTAVLIFYWHMCP>
#	G	D	E	R	K	N	Q	S	T	A	V	L	I	F	Y	W	H	M	C	P
0	0.00329	0.00299	0.00274	0.00241	0.00306	0.17663	0.00187	0.10515	0.63795	0.04570	0.00383	0.00361	0.00287	0.00143	0.00111	0.00036	0.00113	0.00113	0.00104	0.00170
1	0.00171	0.00120	0.00169	0.00167	0.00178	0.00136	0.00122	0.00188	0.00173	0.00246	0.00293	0.02604	0.00294	0.19382	0.51855	0.15747	0.05524	0.00127	0.02417	0.00086
2	0.00233	0.08190	0.83588	0.00304	0.00460	0.00275	0.00385	0.00364	0.04549	0.00352	0.00209	0.00240	0.00151	0.00107	0.00104	0.00035	0.00158	0.00083	0.00050	0.00164
3	0.96860	0.00216	0.00164	0.00147	0.00216	0.00251	0.00121	0.00329	0.00190	0.00502	0.00156	0.00182	0.00121	0.00104	0.00069	0.00035	0.00087	0.00061	0.00069	0.00121
4	0.88480	0.00216	0.00169	0.00150	0.00218	0.00249	0.00123	0.04453	0.00207	0.00507	0.00170	0.00196	0.00131	0.00106	0.00071	0.00034	0.00087	0.00064	0.04245	0.00123
5	0.00147	0.00112	0.00126	0.00131	0.00151	0.00104	0.00089	0.00173	0.02078	0.00280	0.02895	0.19074	0.40784	0.28586	0.02112	0.00063	0.00080	0.02835	0.00093	0.00088
6	0.38017	0.00228	0.00235	0.00189	0.00267	0.00243	0.00156	0.25098	0.00319	0.29032	0.00281	0.00276	0.00194	0.00123	0.00094	0.00034	0.00097	0.00089	0.04870	0.00159
7	0.57500	0.01762	0.02138	0.00175	0.00251	0.02674	0.00147	0.08714	0.01764	0.17058	0.00228	0.00237	0.00165	0.00113	0.00084	0.00033	0.00095	0.00076	0.02122	0.04665

[dist]
# distance from previous block
# <min> <max>
3	38

[block]
# block no. 11 follows, 292 sequences, length 6
# corresponding to MSA columns:
# 1565-1570
name=unknown_L
#
# <colnr> <probs for GDERKNQSTAVLIFYWHMCP>
#	G	D	E	R	K	N	Q	S	T	A	V	L	I	F	Y	W	H	M	C	P
0	0.23836	0.05499	0.01383	0.01364	0.05795	0.08561	0.01733	0.05702	0.06538	0.05701	0.02868	0.10182	0.05518	0.00176	0.00111	0.00037	0.01247	0.11901	0.01714	0.00131
1	0.00219	0.00539	0.87398	0.00304	0.00457	0.00247	0.00387	0.00342	0.00243	0.00362	0.08273	0.00287	0.00219	0.00117	0.00108	0.00035	0.00156	0.00093	0.00054	0.00160
2	0.06699	0.00199	0.00258	0.00199	0.00285	0.00180	0.00164	0.05933	0.00323	0.83920	0.00413	0.00361	0.00262	0.00136	0.00110	0.00035	0.00096	0.00108	0.00132	0.00186
3	0.00245	0.00245	0.00343	0.00294	0.00294	0.00343	0.00245	0.00269	0.00171	0.00269	0.00147	0.00245	0.00147	0.00196	0.00367	0.00049	0.95865	0.00098	0.00049	0.00122
4	0.83075	0.00236	0.00185	0.00162	0.00232	0.05151	0.00132	0.04912	0.00219	0.04616	0.00174	0.00196	0.00132	0.00107	0.00075	0.00034	0.00095	0.00065	0.00074	0.00128
5	0.82075	0.00212	0.00179	0.00155	0.00227	0.00238	0.00128	0.00362	0.00210	0.15070	0.00200	0.00212	0.00145	0.00109	0.00076	0.00035	0.00088	0.00069	0.00080	0.00132

[dist]
# distance from previous block
# <min> <max>
0	27

[block]
# block no. 12 follows, 292 sequences, length 12
# corresponding to MSA columns:
# 1598-1607,1609,1610
name=unknown_M
#
# <colnr> <probs for GDERKNQSTAVLIFYWHMCP>
#	G	D	E	R	K	N	Q	S	T	A	V	L	I	F	Y	W	H	M	C	P
0	0.00165	0.00129	0.00180	0.00180	0.00200	0.02452	0.00139	0.00203	0.00184	0.00260	0.00307	0.03286	0.00293	0.03407	0.87874	0.00170	0.00285	0.00126	0.00061	0.00099
1	0.02145	0.00225	0.00253	0.00216	0.00286	0.00244	0.00171	0.06192	0.57820	0.27246	0.00431	0.00394	0.00308	0.00145	0.00111	0.00036	0.00091	0.00119	0.03388	0.00178
2	0.01546	0.00130	0.00150	0.00142	0.00153	0.00136	0.00091	0.07149	0.00195	0.01697	0.00341	0.02278	0.00375	0.74921	0.08107	0.00104	0.02178	0.00154	0.00072	0.00083
3	0.00214	0.00113	0.00114	0.00112	0.00140	0.00113	0.00084	0.04018	0.00246	0.00423	0.00384	0.02569	0.02490	0.00139	0.00082	0.00027	0.00055	0.00112	0.88458	0.00107
4	0.43903	0.00203	0.00211	0.00173	0.00247	0.00209	0.00142	0.05812	0.00270	0.40030	0.03742	0.00303	0.00230	0.00126	0.00092	0.00034	0.00090	0.00091	0.03939	0.00153
5	0.00169	0.00116	0.00147	0.00156	0.00176	0.00111	0.00111	0.00211	0.04962	0.05412	0.14661	0.51469	0.09930	0.05317	0.04072	0.00051	0.00078	0.02644	0.00105	0.00102
6	0.05888	0.00190	0.00248	0.00193	0.00274	0.00170	0.00158	0.02732	0.00310	0.82240	0.00421	0.02071	0.00278	0.02484	0.00121	0.00036	0.00094	0.00114	0.01798	0.00180
7	0.02485	0.00209	0.00243	0.00195	0.00267	0.00210	0.00159	0.25727	0.07585	0.39559	0.01652	0.00385	0.03483	0.00142	0.00106	0.00033	0.00092	0.00113	0.17185	0.00168
8	0.00178	0.00119	0.00161	0.00171	0.00184	0.00122	0.00124	0.01184	0.01191	0.04734	0.00500	0.55163	0.01587	0.02250	0.05145	0.12812	0.06103	0.08088	0.00092	0.00095
9	0.01014	0.04290	0.03505	0.00740	0.00213	0.00160	0.00758	0.09046	0.03549	0.07216	0.29100	0.11937	0.05661	0.04349	0.01222	0.01005	0.00081	0.02562	0.13471	0.00121
10	0.01158	0.00128	0.02974	0.00151	0.00179	0.00110	0.00115	0.02059	0.01277	0.02050	0.02406	0.45937	0.32515	0.01663	0.00142	0.00043	0.00070	0.05806	0.01117	0.00100
11	0.00155	0.00109	0.00140	0.00156	0.00172	0.00102	0.00110	0.02055	0.00239	0.01873	0.10156	0.64299	0.09317	0.01896	0.00147	0.00045	0.00068	0.07417	0.01449	0.00097

[dist]
# distance from previous block
# <min> <max>
5	50

[block]
# block no. 13 follows, 292 sequences, length 15
# corresponding to MSA columns:
# 1664-1671,1684,1685,1697,1699-1702
name=unknown_N
#
# <colnr> <probs for GDERKNQSTAVLIFYWHMCP>
#	G	D	E	R	K	N	Q	S	T	A	V	L	I	F	Y	W	H	M	C	P
0	0.00165	0.00110	0.00136	0.01202	0.00998	0.00102	0.00105	0.00196	0.00237	0.03992	0.07515	0.48467	0.18077	0.01599	0.00135	0.00041	0.00065	0.02990	0.13768	0.00099
1	0.00318	0.63681	0.01870	0.04111	0.00325	0.20279	0.01619	0.01426	0.00249	0.01312	0.00174	0.01733	0.00156	0.00108	0.00089	0.00027	0.02258	0.00071	0.00053	0.00140
2	0.00882	0.00142	0.01747	0.01355	0.01726	0.00976	0.00129	0.01634	0.09381	0.02804	0.17513	0.36487	0.16637	0.01018	0.01824	0.00044	0.00792	0.04694	0.00105	0.00111
3	0.00283	0.23668	0.05406	0.05007	0.19002	0.03653	0.05638	0.03216	0.04598	0.04425	0.00215	0.00252	0.00174	0.00109	0.00843	0.00029	0.01885	0.00084	0.00063	0.21447
4	0.05101	0.01057	0.01621	0.12114	0.07021	0.04184	0.01648	0.22295	0.05897	0.26456	0.00949	0.05884	0.00252	0.00141	0.00110	0.00035	0.00114	0.00760	0.01724	0.02637
5	0.00151	0.00104	0.00136	0.00154	0.00166	0.00098	0.00105	0.00178	0.01492	0.02642	0.07323	0.77684	0.02103	0.04195	0.00157	0.00046	0.00067	0.01305	0.01799	0.00095
6	0.00172	0.00133	0.01619	0.01399	0.01273	0.00125	0.00878	0.00997	0.08245	0.03450	0.09414	0.53996	0.12765	0.00917	0.00141	0.00043	0.01093	0.03129	0.00104	0.00108
7	0.01872	0.04515	0.03093	0.45900	0.06789	0.02284	0.04294	0.12164	0.00263	0.03865	0.00212	0.00285	0.00165	0.00970	0.01195	0.01519	0.10316	0.00099	0.00062	0.00140
8	0.00194	0.00098	0.00145	0.00145	0.00147	0.00098	0.00098	0.00150	0.00149	0.00202	0.00202	0.00345	0.00199	0.00392	0.02765	0.91568	0.00101	0.00098	0.02853	0.00051
9	0.01689	0.00142	0.00174	0.00169	0.00204	0.00139	0.00125	0.02789	0.12846	0.14149	0.17553	0.39993	0.05361	0.00253	0.00129	0.00040	0.00072	0.01746	0.02307	0.00123
10	0.01389	0.00192	0.00227	0.00190	0.00252	0.00194	0.00151	0.15445	0.17280	0.29307	0.24175	0.02568	0.01862	0.00169	0.00116	0.00035	0.00084	0.00141	0.06068	0.00157
11	0.04339	0.01102	0.00911	0.01958	0.05214	0.14753	0.04257	0.28635	0.00330	0.09689	0.00284	0.02228	0.00243	0.09416	0.01628	0.01303	0.06939	0.05706	0.00919	0.00146
12	0.00209	0.00192	0.00329	0.62717	0.04739	0.00223	0.08520	0.00277	0.00232	0.00304	0.00290	0.07264	0.01476	0.00151	0.00120	0.00039	0.00137	0.10241	0.02417	0.00123
13	0.00264	0.00302	0.00660	0.00471	0.00584	0.00283	0.94966	0.00358	0.00264	0.00358	0.00226	0.00302	0.00170	0.00094	0.00132	0.00038	0.00189	0.00132	0.00057	0.00151
14	0.20937	0.00170	0.00200	0.00204	0.02055	0.01214	0.01187	0.01725	0.05856	0.03910	0.00418	0.03774	0.00421	0.01648	0.06770	0.00054	0.03089	0.43345	0.01622	0.01400

[dist]
# distance from previous block
# <min> <max>
1	5

[block]
# block no. 14 follows, 292 sequences, length 21
# corresponding to MSA columns:
# 1714-1725,1728-1736
name=unknown_O
#
# <colnr> <probs for GDERKNQSTAVLIFYWHMCP>
#	G	D	E	R	K	N	Q	S	T	A	V	L	I	F	Y	W	H	M	C	P
0	0.07674	0.01317	0.74765	0.00284	0.00423	0.00244	0.00350	0.01620	0.00235	0.01187	0.00241	0.06792	0.00830	0.00135	0.01206	0.00038	0.00149	0.00735	0.01622	0.00155
1	0.87542	0.00212	0.00169	0.00153	0.00932	0.00244	0.00123	0.01892	0.00950	0.01441	0.00176	0.00974	0.00139	0.00114	0.00792	0.00035	0.00088	0.00067	0.03835	0.00123
2	0.90322	0.00218	0.00173	0.00152	0.00223	0.00250	0.00125	0.03184	0.00205	0.04093	0.00170	0.00192	0.00129	0.00106	0.00072	0.00035	0.00088	0.00064	0.00073	0.00126
3	0.00162	0.00109	0.00125	0.00126	0.00128	0.00109	0.00073	0.00165	0.00167	0.00223	0.00366	0.03637	0.00420	0.88536	0.02629	0.00107	0.00111	0.02667	0.00070	0.00070
4	0.00295	0.00274	0.00501	0.15348	0.04500	0.02435	0.51412	0.08411	0.03530	0.09257	0.00255	0.00314	0.00188	0.00110	0.00124	0.00037	0.00767	0.00718	0.01372	0.00154
5	0.96860	0.00216	0.00164	0.00147	0.00216	0.00251	0.00121	0.00329	0.00190	0.00502	0.00156	0.00182	0.00121	0.00104	0.00069	0.00035	0.00087	0.00061	0.00069	0.00121
6	0.00211	0.00199	0.00335	0.95801	0.00770	0.00248	0.00311	0.00286	0.00224	0.00286	0.00199	0.00298	0.00149	0.00112	0.00112	0.00037	0.00149	0.00099	0.00050	0.00124
7	0.00282	0.00219	0.01049	0.00210	0.01308	0.00241	0.00164	0.05043	0.65096	0.05597	0.01126	0.00416	0.01911	0.00148	0.00108	0.00035	0.00085	0.00122	0.15316	0.01523
8	0.01483	0.00514	0.01365	0.00281	0.00339	0.89517	0.00213	0.00437	0.00310	0.00281	0.00178	0.00209	0.00148	0.00116	0.00103	0.00029	0.01310	0.00073	0.02963	0.00129
9	0.00277	0.00266	0.00454	0.00686	0.95372	0.00266	0.00343	0.00343	0.00255	0.00365	0.00210	0.00277	0.00177	0.00100	0.00111	0.00033	0.00133	0.00100	0.00055	0.00177
10	0.00139	0.00101	0.00136	0.00159	0.00166	0.00098	0.00108	0.00159	0.00213	0.00285	0.00604	0.93412	0.00724	0.00346	0.00149	0.00046	0.02651	0.00312	0.00102	0.00092
11	0.00164	0.00116	0.00150	0.00141	0.00168	0.00106	0.00106	0.00215	0.00314	0.02071	0.90916	0.00830	0.02523	0.01522	0.00137	0.00036	0.00054	0.00201	0.00122	0.00106
12	0.00299	0.96137	0.00586	0.00191	0.00287	0.00442	0.00191	0.00335	0.00227	0.00263	0.00155	0.00179	0.00144	0.00096	0.00072	0.00024	0.00120	0.00060	0.00048	0.00144
13	0.78790	0.00228	0.00189	0.00163	0.00235	0.02257	0.00134	0.07256	0.01586	0.08027	0.00191	0.00208	0.00142	0.00110	0.00077	0.00034	0.00092	0.00069	0.00078	0.00133
14	0.00208	0.00104	0.00104	0.00104	0.00130	0.00104	0.00078	0.00261	0.00235	0.00417	0.00365	0.00417	0.00287	0.00130	0.00078	0.00026	0.00052	0.00104	0.96691	0.00104
15	0.00160	0.00120	0.00180	0.00180	0.00200	0.00140	0.00140	0.00200	0.00180	0.00260	0.00300	0.00439	0.00280	0.00839	0.95627	0.00180	0.00300	0.00120	0.00060	0.00100
16	0.07872	0.00303	0.00318	0.00246	0.00333	0.01864	0.00203	0.80614	0.02022	0.04714	0.00269	0.00268	0.00190	0.00132	0.00108	0.00034	0.00120	0.00098	0.00109	0.00184
17	0.00186	0.00134	0.00174	0.00166	0.00168	0.00154	0.00115	0.00186	0.01145	0.00230	0.00290	0.04659	0.00320	0.46762	0.03854	0.21631	0.18697	0.00992	0.00062	0.00078
18	0.00192	0.00098	0.00144	0.00144	0.00144	0.00098	0.00095	0.00147	0.00147	0.00196	0.00206	0.00369	0.00210	0.07434	0.00447	0.89630	0.00098	0.00102	0.00050	0.00050
19	0.04031	0.00221	0.00403	0.00306	0.00379	0.01088	0.45767	0.03701	0.00857	0.01807	0.28823	0.02738	0.04111	0.00155	0.00127	0.00037	0.00125	0.01607	0.03585	0.00132
20	0.76520	0.00212	0.00185	0.00158	0.00231	0.00236	0.00130	0.02329	0.00222	0.17292	0.01491	0.00227	0.00163	0.00112	0.00079	0.00035	0.00088	0.00072	0.00083	0.00135

[dist]
# distance from previous block
# <min> <max>
0	1

[block]
# block no. 15 follows, 292 sequences, length 12
# corresponding to MSA columns:
# 1738-1749
name=unknown_P
#
# <colnr> <probs for GDERKNQSTAVLIFYWHMCP>
#	G	D	E	R	K	N	Q	S	T	A	V	L	I	F	Y	W	H	M	C	P
0	0.66681	0.02391	0.02148	0.00168	0.00244	0.00239	0.00142	0.04126	0.00235	0.22383	0.00227	0.00232	0.00161	0.00113	0.00082	0.00034	0.00092	0.00075	0.00086	0.00141
1	0.00239	0.01582	0.00173	0.00156	0.00196	0.01109	0.00120	0.05705	0.05074	0.14758	0.15978	0.19195	0.13040	0.00216	0.00118	0.00036	0.00072	0.02609	0.19501	0.00123
2	0.00174	0.00114	0.00138	0.00138	0.00151	0.00109	0.00089	0.01063	0.00196	0.02249	0.05581	0.17248	0.05024	0.46803	0.02391	0.10209	0.00095	0.01295	0.02381	0.04551
3	0.02698	0.00207	0.00247	0.01474	0.00280	0.02548	0.02183	0.05262	0.03730	0.25783	0.02453	0.02884	0.01407	0.01174	0.00104	0.00027	0.00093	0.00098	0.01520	0.45828
4	0.00144	0.00106	0.00138	0.00151	0.00167	0.00098	0.01544	0.00171	0.00233	0.00309	0.10527	0.60094	0.17241	0.02899	0.00150	0.00044	0.00066	0.03233	0.02592	0.00094
5	0.00150	0.00107	0.00133	0.00145	0.00165	0.00097	0.00102	0.00177	0.00238	0.03195	0.09354	0.52938	0.26519	0.02720	0.00149	0.00044	0.00065	0.03499	0.00106	0.00096
6	0.05310	0.05551	0.22331	0.02826	0.01382	0.03276	0.21334	0.03686	0.02373	0.04723	0.03010	0.00281	0.00191	0.00135	0.00971	0.00039	0.20168	0.00102	0.01445	0.00867
7	0.05047	0.01528	0.06633	0.19977	0.05064	0.02090	0.02956	0.10082	0.02151	0.24399	0.02093	0.03454	0.00262	0.01314	0.01206	0.00038	0.01063	0.05854	0.01531	0.03258
8	0.03030	0.01534	0.01527	0.01675	0.00224	0.01559	0.01151	0.03464	0.03404	0.19389	0.09524	0.25124	0.12644	0.03677	0.03779	0.00784	0.01576	0.02615	0.03196	0.00124
9	0.05104	0.00994	0.03772	0.02267	0.00945	0.02514	0.01479	0.03650	0.03539	0.01537	0.04657	0.46873	0.04143	0.01307	0.03265	0.00770	0.04130	0.06295	0.01605	0.01152
10	0.04660	0.05710	0.09864	0.05263	0.03983	0.03689	0.05117	0.13720	0.04699	0.05805	0.06133	0.04102	0.04106	0.05598	0.01818	0.01980	0.06199	0.01070	0.02407	0.04077
11	0.15476	0.02889	0.06414	0.09047	0.08014	0.01818	0.06259	0.06088	0.02942	0.08476	0.05136	0.08269	0.06256	0.01834	0.01076	0.00039	0.02846	0.03276	0.01263	0.02582

[dist]
# distance from previous block
# <min> <max>
1	218

[block]
# block no. 16 follows, 292 sequences, length 19
# corresponding to MSA columns:
# 2101-2119
name=unknown_Q
#
# <colnr> <probs for GDERKNQSTAVLIFYWHMCP>
#	G	D	E	R	K	N	Q	S	T	A	V	L	I	F	Y	W	H	M	C	P
0	0.09921	0.16256	0.11915	0.02094	0.03008	0.08578	0.04774	0.08823	0.05185	0.05037	0.04558	0.02310	0.03438	0.01335	0.00765	0.01479	0.00887	0.03548	0.01383	0.04704
1	0.13142	0.12857	0.09682	0.08853	0.08197	0.05181	0.03010	0.07519	0.02132	0.03455	0.02765	0.02029	0.00201	0.00133	0.00804	0.00915	0.09285	0.00753	0.01438	0.07650
2	0.04069	0.05284	0.02616	0.01136	0.01676	0.00604	0.01916	0.14655	0.02163	0.03291	0.03001	0.09365	0.03628	0.03372	0.04268	0.22171	0.01389	0.01575	0.02571	0.11251
3	0.00164	0.00117	0.00159	0.01501	0.00193	0.00112	0.02102	0.01613	0.00695	0.02485	0.04008	0.58849	0.06133	0.03934	0.01414	0.02348	0.00624	0.11839	0.01092	0.00618
4	0.01088	0.01776	0.00153	0.00144	0.00156	0.00131	0.00096	0.04798	0.00192	0.00264	0.01561	0.03171	0.01548	0.54740	0.15194	0.09069	0.00133	0.02672	0.03033	0.00082
5	0.02221	0.27377	0.05036	0.00252	0.00323	0.24799	0.01691	0.16711	0.00296	0.02618	0.00202	0.01887	0.00173	0.00131	0.00136	0.00033	0.14501	0.01402	0.00066	0.00145
6	0.00289	0.01241	0.02091	0.33942	0.02585	0.01468	0.26437	0.09779	0.02726	0.08327	0.02879	0.00331	0.00214	0.00129	0.01048	0.00039	0.00695	0.00115	0.01130	0.04537
