[name]
unknown

[dist]
# distance from previous block
# <min> <max>
1	234

[block]
# block no. 0 follows, 271 sequences, length 11
# corresponding to MSA columns:
# 413-415,422-429
name=unknown_A
#
# <colnr> <probs for GDERKNQSTAVLIFYWHMCP>
#	G	D	E	R	K	N	Q	S	T	A	V	L	I	F	Y	W	H	M	C	P
0	0.00164	0.00120	0.00165	0.03497	0.01865	0.00116	0.00140	0.00194	0.00242	0.00319	0.02471	0.60354	0.05310	0.00348	0.00166	0.04005	0.00083	0.20234	0.00106	0.00102
1	0.00314	0.02269	0.06254	0.04899	0.50321	0.00291	0.08995	0.16243	0.00320	0.02673	0.01188	0.03640	0.00228	0.00129	0.00122	0.00037	0.00144	0.01679	0.00074	0.00181
2	0.01962	0.02409	0.05883	0.05915	0.06612	0.01054	0.06963	0.15226	0.04685	0.42547	0.00376	0.01393	0.00268	0.00147	0.00122	0.00038	0.00125	0.03976	0.00113	0.00186
3	0.00262	0.01696	0.61350	0.00340	0.03264	0.00260	0.10648	0.00377	0.01848	0.07240	0.01608	0.08505	0.00239	0.00141	0.00125	0.00039	0.01699	0.00121	0.00067	0.00169
4	0.00156	0.00132	0.00165	0.00167	0.02108	0.00117	0.04457	0.00194	0.01634	0.00331	0.03644	0.23798	0.60176	0.00305	0.00144	0.00043	0.00072	0.02140	0.00109	0.00107
5	0.01346	0.03779	0.13446	0.01354	0.05165	0.02667	0.05191	0.14952	0.04996	0.32068	0.00962	0.04426	0.01911	0.00830	0.00139	0.03994	0.00126	0.02366	0.00105	0.00175
6	0.01075	0.00292	0.07965	0.29133	0.35043	0.03516	0.04111	0.07409	0.01666	0.03066	0.01184	0.01200	0.00198	0.00131	0.00132	0.03389	0.00149	0.00109	0.00066	0.00163
7	0.02545	0.00288	0.00450	0.05853	0.58896	0.01736	0.06619	0.13383	0.01823	0.06866	0.00254	0.00305	0.00198	0.00116	0.00119	0.00036	0.00142	0.00109	0.00075	0.00186
8	0.00268	0.00241	0.00398	0.57490	0.27304	0.00273	0.02607	0.05439	0.00270	0.02677	0.00231	0.00316	0.00177	0.00118	0.00120	0.00038	0.00151	0.00108	0.01619	0.00155
9	0.04520	0.01720	0.04445	0.10946	0.34044	0.01519	0.16260	0.07015	0.06090	0.04175	0.00266	0.01184	0.01259	0.00121	0.00124	0.00037	0.01794	0.00114	0.00072	0.04293
10	0.04005	0.01812	0.05973	0.02761	0.06583	0.01295	0.12156	0.12214	0.02878	0.13165	0.01272	0.11181	0.04199	0.01064	0.00971	0.00039	0.01161	0.04403	0.00093	0.12774

[dist]
# distance from previous block
# <min> <max>
2	37

[block]
# block no. 1 follows, 271 sequences, length 17
# corresponding to MSA columns:
# 467-483
name=unknown_B
#
# <colnr> <probs for GDERKNQSTAVLIFYWHMCP>
#	G	D	E	R	K	N	Q	S	T	A	V	L	I	F	Y	W	H	M	C	P
0	0.10512	0.09494	0.07584	0.01077	0.07028	0.05048	0.01658	0.08757	0.09945	0.07543	0.05502	0.02106	0.04119	0.10225	0.00164	0.00537	0.00117	0.00120	0.00606	0.07857
1	0.25725	0.08566	0.07144	0.05183	0.08946	0.01294	0.01260	0.10011	0.03741	0.03835	0.01949	0.00267	0.00192	0.00116	0.00101	0.00032	0.01187	0.00087	0.00077	0.20285
2	0.23540	0.05273	0.03931	0.01328	0.08036	0.11241	0.06999	0.12333	0.05323	0.07337	0.01475	0.00283	0.00772	0.00130	0.01137	0.00036	0.00132	0.00094	0.00083	0.10518
3	0.00305	0.00290	0.01275	0.10675	0.60051	0.03427	0.02736	0.09166	0.05474	0.00418	0.00250	0.00321	0.00204	0.00119	0.00122	0.00036	0.00890	0.01716	0.00069	0.02456
4	0.00290	0.00279	0.00457	0.13838	0.76302	0.02033	0.00353	0.00373	0.04200	0.00383	0.00234	0.00305	0.00192	0.00111	0.00119	0.00036	0.00144	0.00107	0.00061	0.00181
5	0.00182	0.00132	0.00183	0.00178	0.00197	0.00145	0.01763	0.00839	0.02475	0.00289	0.03138	0.01735	0.01164	0.25831	0.54313	0.02234	0.00869	0.00146	0.04086	0.00101
6	0.00177	0.00126	0.00157	0.02564	0.01086	0.00125	0.00111	0.00209	0.02327	0.01054	0.18222	0.11867	0.09220	0.41512	0.03410	0.00080	0.00102	0.07461	0.00095	0.00096
7	0.00284	0.00262	0.00434	0.27495	0.60372	0.00278	0.00343	0.04890	0.00278	0.01702	0.00238	0.02459	0.00197	0.00119	0.00120	0.00037	0.00145	0.00112	0.00063	0.00173
8	0.00251	0.00229	0.00371	0.79877	0.04812	0.01538	0.02882	0.05503	0.00263	0.01868	0.00227	0.01255	0.00173	0.00123	0.00121	0.00039	0.00158	0.00110	0.00060	0.00141
9	0.34513	0.00277	0.01488	0.03780	0.01994	0.01121	0.00193	0.38997	0.00378	0.14107	0.01907	0.00283	0.00204	0.00133	0.00104	0.00037	0.00115	0.00096	0.00103	0.00172
10	0.00277	0.38957	0.50581	0.00287	0.01654	0.00353	0.01268	0.00374	0.01299	0.01785	0.01092	0.01192	0.00174	0.00114	0.00100	0.00033	0.00153	0.00084	0.00055	0.00167
11	0.00161	0.01212	0.00147	0.00159	0.00178	0.00107	0.00111	0.00187	0.00246	0.03102	0.05218	0.65402	0.19226	0.02244	0.00158	0.00047	0.00070	0.01811	0.00112	0.00102
12	0.00284	0.04091	0.46698	0.02554	0.03976	0.02281	0.00979	0.02789	0.01605	0.14103	0.02278	0.06067	0.05395	0.00175	0.02998	0.00043	0.00148	0.01595	0.00079	0.01862
13	0.00332	0.03496	0.11006	0.15468	0.24250	0.00963	0.16234	0.01547	0.01868	0.21250	0.01581	0.00331	0.00217	0.00122	0.00123	0.00038	0.00805	0.00114	0.00080	0.00175
14	0.01496	0.02027	0.03132	0.05348	0.37878	0.02386	0.09929	0.02026	0.00278	0.11440	0.01455	0.09113	0.05484	0.02100	0.00139	0.00040	0.01510	0.02654	0.00081	0.01484
15	0.03161	0.00871	0.26445	0.27448	0.11281	0.02231	0.12659	0.02256	0.03541	0.01598	0.00237	0.01646	0.00182	0.00120	0.00121	0.00038	0.01274	0.00107	0.00062	0.04721
16	0.00248	0.02839	0.34493	0.04409	0.08009	0.00816	0.11511	0.01088	0.04148	0.03762	0.01453	0.09347	0.10816	0.00165	0.00132	0.00039	0.03009	0.00143	0.00074	0.03499

[dist]
# distance from previous block
# <min> <max>
0	2

[block]
# block no. 2 follows, 271 sequences, length 11
# corresponding to MSA columns:
# 486,487,490-498
name=unknown_C
#
# <colnr> <probs for GDERKNQSTAVLIFYWHMCP>
#	G	D	E	R	K	N	Q	S	T	A	V	L	I	F	Y	W	H	M	C	P
0	0.00288	0.05680	0.46061	0.02482	0.08240	0.00279	0.13419	0.05370	0.01854	0.08208	0.01224	0.02166	0.01520	0.00125	0.00118	0.00037	0.00158	0.00109	0.00069	0.02595
1	0.01257	0.09962	0.28720	0.05505	0.12458	0.01663	0.09274	0.03646	0.04627	0.13924	0.00289	0.02798	0.01450	0.00130	0.00120	0.00037	0.01679	0.00110	0.00076	0.02275
2	0.00206	0.01900	0.11800	0.03234	0.01807	0.02080	0.01996	0.02164	0.00230	0.01994	0.02473	0.11292	0.03336	0.02347	0.47464	0.00117	0.01452	0.00149	0.00073	0.03885
3	0.00239	0.01575	0.10108	0.23679	0.06504	0.01780	0.07370	0.00297	0.01279	0.05801	0.00347	0.12857	0.02647	0.07345	0.04967	0.07883	0.01850	0.03269	0.00073	0.00130
4	0.00308	0.02730	0.25104	0.10336	0.23653	0.03942	0.07848	0.06884	0.02394	0.09638	0.01305	0.01928	0.00989	0.00125	0.00119	0.00037	0.00151	0.00110	0.00073	0.02325
5	0.00280	0.04379	0.24101	0.20135	0.20103	0.03987	0.05603	0.02817	0.04541	0.04171	0.01697	0.01111	0.01378	0.00124	0.00120	0.00037	0.01188	0.00107	0.00844	0.03277
6	0.00274	0.00293	0.13176	0.06588	0.08085	0.04123	0.16832	0.07788	0.00281	0.03716	0.01803	0.04839	0.01478	0.00915	0.06950	0.00760	0.06060	0.01624	0.10629	0.03788
7	0.16328	0.01638	0.14674	0.07043	0.10437	0.04536	0.06394	0.07787	0.02607	0.11278	0.01658	0.03244	0.02762	0.00153	0.02020	0.00040	0.02813	0.00112	0.00807	0.03668
8	0.02946	0.04753	0.08845	0.14213	0.15435	0.02566	0.06100	0.06024	0.01641	0.09496	0.02788	0.04390	0.02582	0.00918	0.11151	0.00055	0.00156	0.00123	0.01110	0.04708
9	0.01182	0.02720	0.16247	0.04963	0.24184	0.03370	0.05980	0.03183	0.02678	0.04419	0.06456	0.07909	0.07763	0.00167	0.01116	0.00038	0.00906	0.00140	0.00079	0.06501
10	0.01511	0.03189	0.16867	0.08046	0.07452	0.03667	0.05989	0.02445	0.04045	0.12709	0.10352	0.11440	0.02858	0.00170	0.00125	0.00038	0.01014	0.00879	0.00089	0.07115

[dist]
# distance from previous block
# <min> <max>
11	99

[block]
# block no. 3 follows, 271 sequences, length 31
# corresponding to MSA columns:
# 629-643,659-668,672-674,676-678
name=unknown_D
#
# <colnr> <probs for GDERKNQSTAVLIFYWHMCP>
#	G	D	E	R	K	N	Q	S	T	A	V	L	I	F	Y	W	H	M	C	P
0	0.07598	0.13124	0.16875	0.04750	0.10459	0.07164	0.02917	0.09413	0.03100	0.05825	0.06163	0.03394	0.01358	0.00811	0.00115	0.00035	0.00520	0.00490	0.00078	0.05811
1	0.05775	0.13683	0.12667	0.02359	0.15044	0.04412	0.02410	0.04332	0.04918	0.07881	0.02532	0.03305	0.07955	0.01614	0.00119	0.00035	0.00530	0.00117	0.00080	0.10233
2	0.09620	0.15844	0.19483	0.00707	0.10867	0.05404	0.02327	0.05832	0.03488	0.04407	0.02248	0.13154	0.01860	0.00160	0.00116	0.00037	0.01667	0.00716	0.00077	0.01985
3	0.03655	0.08184	0.15562	0.00662	0.07965	0.05203	0.06925	0.03830	0.05991	0.09198	0.02090	0.07501	0.03256	0.02569	0.01967	0.00591	0.01379	0.00875	0.01326	0.11271
4	0.03578	0.04872	0.13800	0.02016	0.05328	0.02263	0.03433	0.03811	0.03038	0.04731	0.04485	0.12353	0.03767	0.11409	0.01613	0.00051	0.01088	0.11781	0.00086	0.06497
5	0.00315	0.20305	0.04779	0.01578	0.01726	0.17971	0.04315	0.03164	0.18881	0.04707	0.06964	0.04702	0.03623	0.00162	0.00119	0.00662	0.00856	0.03139	0.00087	0.01946
6	0.00157	0.00120	0.00149	0.01359	0.00191	0.00110	0.00118	0.00190	0.00832	0.00332	0.07912	0.48595	0.24730	0.01564	0.00706	0.00047	0.00074	0.09061	0.00110	0.03645
7	0.01714	0.04490	0.04401	0.00235	0.00982	0.01101	0.00198	0.40505	0.03774	0.03274	0.00824	0.01570	0.01305	0.00126	0.00107	0.00029	0.00114	0.00098	0.00095	0.35057
8	0.00280	0.11367	0.11970	0.40205	0.06484	0.08262	0.02564	0.03601	0.02197	0.02643	0.02121	0.01414	0.00197	0.00123	0.00115	0.00036	0.00903	0.00102	0.00063	0.05351
9	0.01566	0.08955	0.27363	0.03093	0.11457	0.04841	0.16819	0.06581	0.02301	0.06704	0.03194	0.00672	0.00214	0.00125	0.00128	0.00037	0.04004	0.00107	0.00633	0.01208
10	0.01184	0.09443	0.79364	0.00328	0.02197	0.00293	0.00403	0.00381	0.01628	0.01899	0.00234	0.00267	0.01629	0.00117	0.00111	0.00037	0.00167	0.00090	0.00055	0.00174
11	0.00195	0.00129	0.00165	0.00159	0.00190	0.00120	0.00118	0.00251	0.03734	0.07253	0.57109	0.20275	0.07975	0.00265	0.00141	0.00040	0.00064	0.00234	0.01464	0.00118
12	0.00179	0.00152	0.00177	0.02373	0.04005	0.01240	0.01324	0.01234	0.07116	0.00377	0.19871	0.03848	0.52912	0.00263	0.00141	0.00040	0.01176	0.02136	0.01318	0.00117
13	0.00264	0.03593	0.01394	0.57532	0.10212	0.01917	0.02912	0.03127	0.03148	0.05753	0.01166	0.02052	0.03107	0.00567	0.00535	0.00040	0.00715	0.00829	0.00992	0.00146
14	0.01039	0.01716	0.01722	0.68800	0.16565	0.01079	0.01231	0.00322	0.00249	0.01975	0.00238	0.01250	0.01122	0.00125	0.00122	0.00039	0.00880	0.01325	0.00058	0.00144
15	0.00148	0.00105	0.00140	0.00167	0.00174	0.00099	0.00112	0.00169	0.00229	0.00305	0.00651	0.90448	0.00779	0.03621	0.00169	0.00051	0.00072	0.02356	0.00110	0.00097
16	0.00228	0.00214	0.00362	0.93732	0.02581	0.00267	0.00334	0.00307	0.00240	0.00308	0.00213	0.00319	0.00160	0.00120	0.00120	0.00040	0.00160	0.00107	0.00053	0.00134
17	0.01439	0.05435	0.40385	0.02451	0.02956	0.02157	0.02087	0.08080	0.01482	0.16526	0.03346	0.05076	0.01028	0.04937	0.00551	0.00042	0.00142	0.01629	0.00083	0.00167
18	0.00206	0.00180	0.00287	0.41137	0.13088	0.00201	0.00248	0.00261	0.00242	0.00320	0.00404	0.31254	0.01794	0.00772	0.00144	0.01061	0.01340	0.06857	0.00078	0.00126
19	0.46496	0.06871	0.03459	0.01293	0.13150	0.11059	0.01777	0.05872	0.00563	0.02326	0.00206	0.01005	0.00167	0.01862	0.00106	0.00037	0.01604	0.00084	0.01914	0.00147
20	0.00254	0.00470	0.51329	0.01039	0.00534	0.00286	0.34042	0.00368	0.00260	0.00374	0.01080	0.01382	0.01830	0.00123	0.00142	0.00040	0.06110	0.00115	0.00057	0.00166
21	0.00249	0.00213	0.00249	0.00178	0.00284	0.00160	0.00142	0.00302	0.00249	0.00391	0.00213	0.00249	0.00178	0.00089	0.00089	0.00018	0.00089	0.00071	0.00071	0.96519
22	0.00212	0.00141	0.00157	0.00144	0.00192	0.00123	0.00111	0.02142	0.02468	0.14000	0.12596	0.00981	0.65753	0.00268	0.00138	0.00040	0.00068	0.00224	0.00120	0.00122
23	0.00241	0.00210	0.00316	0.45329	0.08311	0.00241	0.02647	0.01174	0.17337	0.02443	0.01056	0.10288	0.04415	0.00869	0.02037	0.00044	0.00133	0.01440	0.01326	0.00144
24	0.00148	0.00106	0.00140	0.00166	0.00174	0.00099	0.00112	0.00171	0.00232	0.00310	0.02332	0.89461	0.01621	0.01123	0.01370	0.00051	0.00073	0.01145	0.01068	0.00098
25	0.00174	0.00116	0.00132	0.00132	0.00132	0.00117	0.00074	0.00175	0.00175	0.00233	0.00377	0.00779	0.00433	0.93960	0.02433	0.00118	0.00120	0.00173	0.00072	0.00073
26	0.89905	0.00233	0.00185	0.00163	0.00238	0.00266	0.00134	0.02219	0.00218	0.05302	0.00185	0.00207	0.00140	0.00114	0.00077	0.00037	0.00094	0.00069	0.00079	0.00135
27	0.00240	0.00620	0.95165	0.00342	0.00519	0.00278	0.00443	0.00380	0.00253	0.00380	0.00215	0.00253	0.00152	0.00114	0.00114	0.00038	0.00177	0.00089	0.00051	0.00177
28	0.02354	0.12827	0.02927	0.00249	0.00332	0.01823	0.00209	0.31548	0.42744	0.00546	0.01189	0.00361	0.00280	0.01315	0.00120	0.00038	0.00116	0.00729	0.00108	0.00185
29	0.00297	0.52554	0.11739	0.01032	0.00346	0.05528	0.03324	0.00353	0.01887	0.00305	0.00208	0.01297	0.01860	0.00146	0.02047	0.00036	0.15383	0.00086	0.00056	0.01516
30	0.02205	0.06860	0.08841	0.06213	0.16660	0.02871	0.04457	0.02269	0.03816	0.09602	0.03212	0.06126	0.04271	0.01867	0.15098	0.00063	0.01185	0.01749	0.00473	0.02161

[dist]
# distance from previous block
# <min> <max>
0	1

[block]
# block no. 4 follows, 271 sequences, length 11
# corresponding to MSA columns:
# 689,691-695,700-704
name=unknown_E
#
# <colnr> <probs for GDERKNQSTAVLIFYWHMCP>
#	G	D	E	R	K	N	Q	S	T	A	V	L	I	F	Y	W	H	M	C	P
0	0.02046	0.26568	0.24603	0.02327	0.00432	0.00321	0.19042	0.02792	0.01382	0.14469	0.01377	0.01821	0.00206	0.00122	0.00116	0.00035	0.01997	0.00104	0.00072	0.00168
1	0.00308	0.00221	0.00332	0.58308	0.02564	0.00253	0.00277	0.06895	0.07082	0.18599	0.01721	0.00355	0.00222	0.00132	0.00120	0.00039	0.00138	0.00113	0.02163	0.00156
2	0.00189	0.00145	0.01152	0.06207	0.02596	0.01013	0.00895	0.02477	0.00235	0.02138	0.04198	0.33689	0.06008	0.22022	0.09952	0.00076	0.01194	0.03747	0.01960	0.00106
3	0.01160	0.09859	0.06375	0.12859	0.18185	0.00988	0.20668	0.01858	0.01986	0.04916	0.02424	0.09100	0.03643	0.02290	0.00798	0.01233	0.01292	0.00140	0.00072	0.00153
4	0.00226	0.00213	0.00360	0.95498	0.00826	0.00266	0.00333	0.00306	0.00240	0.00306	0.00213	0.00320	0.00160	0.00120	0.00120	0.00040	0.00160	0.00107	0.00053	0.00133
5	0.00156	0.00113	0.00157	0.00175	0.00186	0.00111	0.01359	0.00181	0.00225	0.00302	0.01786	0.68566	0.02320	0.04020	0.15552	0.01510	0.00115	0.02967	0.00101	0.00099
6	0.00248	0.00249	0.03589	0.53501	0.23261	0.02314	0.03158	0.00319	0.00248	0.00330	0.01655	0.03220	0.00203	0.00139	0.00143	0.03031	0.04073	0.00115	0.00058	0.00145
7	0.00280	0.01172	0.06239	0.23115	0.23891	0.01932	0.06463	0.02037	0.03641	0.10256	0.01786	0.08742	0.02323	0.01417	0.03703	0.00046	0.01568	0.01157	0.00078	0.00157
8	0.00203	0.00133	0.00167	0.01921	0.00207	0.00126	0.00125	0.01234	0.02910	0.10437	0.10174	0.42356	0.22010	0.00307	0.01366	0.00046	0.01537	0.02430	0.02194	0.00117
9	0.00234	0.01844	0.54455	0.00295	0.00416	0.00240	0.05704	0.00359	0.08891	0.01979	0.05979	0.15871	0.00353	0.00174	0.00125	0.00040	0.00143	0.02663	0.00076	0.00159
10	0.09172	0.01944	0.05342	0.02165	0.19127	0.02667	0.02443	0.03574	0.07741	0.04211	0.03632	0.13771	0.17501	0.00872	0.00130	0.00041	0.00108	0.05323	0.00093	0.00144

[dist]
# distance from previous block
# <min> <max>
18	127

[block]
# block no. 5 follows, 271 sequences, length 35
# corresponding to MSA columns:
# 933-965,967,968
name=unknown_F
#
# <colnr> <probs for GDERKNQSTAVLIFYWHMCP>
#	G	D	E	R	K	N	Q	S	T	A	V	L	I	F	Y	W	H	M	C	P
0	0.05857	0.07082	0.16776	0.00744	0.07370	0.05129	0.03741	0.12021	0.06955	0.06527	0.01381	0.04619	0.01835	0.01682	0.00127	0.00288	0.00750	0.07808	0.00493	0.08815
1	0.01793	0.03589	0.04380	0.03786	0.15766	0.02288	0.01143	0.04774	0.03999	0.03362	0.01511	0.38755	0.04235	0.01686	0.00145	0.00707	0.00105	0.07196	0.00095	0.00686
2	0.27870	0.17303	0.02409	0.03203	0.04142	0.04046	0.02880	0.01332	0.03374	0.07468	0.05220	0.10366	0.06821	0.00179	0.01806	0.00040	0.00112	0.01203	0.00085	0.00140
3	0.00304	0.02215	0.09939	0.11670	0.25775	0.08047	0.10398	0.02470	0.11129	0.06460	0.02018	0.00962	0.01967	0.00133	0.00132	0.00630	0.03391	0.00115	0.00075	0.02169
4	0.30169	0.03756	0.13022	0.04800	0.09535	0.02612	0.00729	0.04740	0.08587	0.05454	0.01894	0.02372	0.01496	0.07261	0.00803	0.00496	0.00121	0.00106	0.00080	0.01968
5	0.07029	0.40270	0.15529	0.00945	0.02581	0.15759	0.00241	0.05604	0.01040	0.05277	0.00623	0.01723	0.01156	0.01633	0.00105	0.00033	0.00145	0.00086	0.00066	0.00157
6	0.00644	0.13631	0.11509	0.19792	0.08025	0.01751	0.00933	0.03458	0.05486	0.04557	0.00845	0.03341	0.03455	0.01230	0.01093	0.00037	0.00984	0.02947	0.01937	0.14344
7	0.02088	0.20805	0.11911	0.02685	0.09123	0.08392	0.04488	0.05495	0.02830	0.05123	0.01784	0.11594	0.00296	0.00174	0.01150	0.00039	0.05363	0.05311	0.00076	0.01271
8	0.05171	0.03314	0.05656	0.06625	0.21628	0.01787	0.02565	0.02081	0.02962	0.03095	0.01824	0.11770	0.00891	0.04985	0.07391	0.01404	0.05113	0.01344	0.07470	0.02924
9	0.01502	0.41385	0.02570	0.03282	0.01332	0.01360	0.00178	0.01936	0.01816	0.02318	0.14356	0.19807	0.01979	0.00190	0.00113	0.00034	0.01042	0.00953	0.01323	0.02524
10	0.01972	0.00258	0.12983	0.03093	0.00328	0.02695	0.08114	0.08836	0.02446	0.04092	0.01487	0.01737	0.01600	0.08019	0.15786	0.00072	0.05895	0.11955	0.08494	0.00137
11	0.02070	0.28077	0.10871	0.16128	0.08504	0.04553	0.04021	0.03185	0.01931	0.00905	0.01928	0.02575	0.01087	0.01552	0.01133	0.00035	0.00731	0.00502	0.00064	0.10148
12	0.01709	0.01062	0.00289	0.04386	0.08912	0.00182	0.13669	0.01044	0.03162	0.05113	0.20594	0.16329	0.15332	0.01208	0.00149	0.00042	0.02576	0.04010	0.00100	0.00132
13	0.00158	0.00124	0.00138	0.00140	0.00174	0.00110	0.00104	0.00200	0.02625	0.01486	0.14957	0.15076	0.59081	0.00298	0.00142	0.00042	0.00064	0.03210	0.01765	0.00106
14	0.01229	0.02627	0.01552	0.02592	0.00267	0.02425	0.03597	0.05167	0.07363	0.10536	0.03246	0.34133	0.02214	0.01041	0.15474	0.00068	0.03201	0.02539	0.00598	0.00132
15	0.00911	0.01293	0.04365	0.07917	0.25391	0.02820	0.02059	0.14453	0.07381	0.03160	0.10952	0.01814	0.03747	0.01459	0.06763	0.00050	0.03441	0.01775	0.00087	0.00161
16	0.00643	0.00134	0.00173	0.00167	0.00188	0.00139	0.00118	0.00772	0.04244	0.07955	0.06291	0.05399	0.01685	0.34169	0.28629	0.06121	0.00166	0.01101	0.01803	0.00103
17	0.01121	0.00114	0.00138	0.00151	0.00161	0.00109	0.00099	0.00181	0.00894	0.00295	0.02932	0.47098	0.08752	0.32071	0.01609	0.00072	0.00088	0.01878	0.02144	0.00092
18	0.00294	0.01082	0.02776	0.13869	0.57378	0.03407	0.07857	0.01177	0.09134	0.01489	0.00251	0.00313	0.00201	0.00115	0.00120	0.00037	0.00148	0.00111	0.00066	0.00178
19	0.03719	0.00593	0.00230	0.23593	0.05441	0.01133	0.00182	0.01049	0.01680	0.00305	0.01501	0.07612	0.01240	0.35562	0.03813	0.00076	0.01844	0.10240	0.00075	0.00109
20	0.00171	0.00124	0.00164	0.00642	0.01706	0.00116	0.01578	0.00207	0.02254	0.02414	0.13507	0.49487	0.15589	0.01436	0.00167	0.04281	0.00076	0.05867	0.00110	0.00106
21	0.00162	0.00119	0.00161	0.00178	0.00193	0.00113	0.02510	0.01593	0.01947	0.00328	0.02753	0.78056	0.02029	0.01592	0.00156	0.00048	0.00076	0.04863	0.03019	0.00103
22	0.09276	0.04881	0.03159	0.11411	0.33522	0.08562	0.04264	0.07168	0.04411	0.02214	0.00256	0.03377	0.00751	0.00565	0.02470	0.00041	0.02649	0.00110	0.00751	0.00163
23	0.01650	0.04507	0.39673	0.01837	0.07815	0.00233	0.04508	0.01473	0.02534	0.02497	0.12142	0.10989	0.00972	0.00176	0.00124	0.00039	0.00133	0.06248	0.02295	0.00153
24	0.00208	0.00104	0.00156	0.00156	0.00156	0.00104	0.00104	0.00156	0.00156	0.00208	0.00208	0.00364	0.00208	0.00417	0.00469	0.96512	0.00104	0.00104	0.00052	0.00052
25	0.28320	0.03964	0.28264	0.01697	0.03301	0.05848	0.02926	0.03392	0.00272	0.19179	0.00256	0.00898	0.00185	0.00882	0.00107	0.00037	0.00135	0.00092	0.00081	0.00164
26	0.00291	0.07784	0.18328	0.04961	0.17555	0.05632	0.20527	0.02894	0.03009	0.05222	0.03264	0.01350	0.04087	0.01075	0.01523	0.00040	0.01466	0.00758	0.00071	0.00163
27	0.00955	0.22837	0.26181	0.02355	0.04029	0.01194	0.07510	0.05310	0.02961	0.16614	0.00666	0.01251	0.01410	0.00973	0.02724	0.01302	0.00824	0.00658	0.00077	0.00169
28	0.00156	0.00116	0.00150	0.00175	0.00185	0.01324	0.00122	0.00181	0.00237	0.00313	0.01735	0.80377	0.02758	0.00368	0.00982	0.00050	0.01160	0.09401	0.00110	0.00100
29	0.01279	0.11178	0.08088	0.02261	0.02840	0.46710	0.02176	0.03534	0.01271	0.16350	0.01712	0.01617	0.00207	0.00130	0.00110	0.00033	0.00171	0.00094	0.00078	0.00158
30	0.04895	0.07881	0.14706	0.06792	0.04311	0.07657	0.08649	0.19548	0.02745	0.15650	0.00796	0.01130	0.02245	0.00525	0.00121	0.00037	0.01420	0.00109	0.00611	0.00172
31	0.00227	0.00214	0.02238	0.78293	0.02847	0.00250	0.01254	0.00303	0.00246	0.01422	0.01305	0.01896	0.01295	0.00144	0.00127	0.00711	0.00152	0.06883	0.00061	0.00133
32	0.03019	0.07610	0.16412	0.00241	0.00688	0.00942	0.02964	0.17383	0.04361	0.03611	0.00252	0.02127	0.00199	0.00116	0.00103	0.00029	0.00119	0.00092	0.00080	0.39652
33	0.01057	0.27524	0.36449	0.00959	0.03481	0.00882	0.02794	0.03740	0.04521	0.06772	0.00730	0.05195	0.01736	0.00132	0.00107	0.00034	0.00141	0.00104	0.00069	0.03573
34	0.01822	0.10871	0.31444	0.01290	0.01131	0.02138	0.04078	0.06622	0.03111	0.15177	0.00694	0.00790	0.02273	0.00185	0.05747	0.00047	0.11557	0.00105	0.00077	0.00842

[dist]
# distance from previous block
# <min> <max>
3	8

[block]
# block no. 6 follows, 271 sequences, length 25
# corresponding to MSA columns:
# 1037-1061
name=unknown_G
#
# <colnr> <probs for GDERKNQSTAVLIFYWHMCP>
#	G	D	E	R	K	N	Q	S	T	A	V	L	I	F	Y	W	H	M	C	P
0	0.01765	0.03149	0.06073	0.04087	0.21494	0.00286	0.34201	0.08174	0.01315	0.11411	0.00271	0.01005	0.00207	0.00120	0.00131	0.00038	0.02106	0.01265	0.00076	0.02827
1	0.85473	0.00224	0.00182	0.00163	0.00233	0.00258	0.01107	0.00346	0.01056	0.01161	0.01847	0.02085	0.00171	0.00124	0.00086	0.00894	0.01236	0.00077	0.03148	0.00129
2	0.00283	0.00274	0.00456	0.15882	0.69166	0.01704	0.03021	0.00357	0.01442	0.00374	0.01417	0.00316	0.01108	0.00117	0.00130	0.00037	0.03569	0.00110	0.00060	0.00175
3	0.00270	0.03758	0.01357	0.03191	0.01960	0.02582	0.16680	0.08068	0.02445	0.10823	0.02664	0.24838	0.10022	0.00230	0.00643	0.00043	0.04018	0.06170	0.00098	0.00141
4	0.04473	0.04998	0.12802	0.00261	0.02605	0.03822	0.06282	0.02671	0.02634	0.46023	0.02079	0.04119	0.01446	0.00157	0.00121	0.00038	0.00123	0.05059	0.00111	0.00177
5	0.02316	0.01834	0.00277	0.04787	0.01160	0.00247	0.02021	0.27864	0.14620	0.11033	0.08675	0.03408	0.05115	0.07465	0.07027	0.00055	0.00125	0.01048	0.00763	0.00160
6	0.02941	0.00234	0.01002	0.01900	0.02120	0.08209	0.00183	0.05375	0.03365	0.55415	0.03702	0.08096	0.00363	0.01519	0.00131	0.00040	0.00112	0.04992	0.00126	0.00176
7	0.00313	0.00238	0.00301	0.03713	0.01593	0.01563	0.08937	0.05109	0.44697	0.14228	0.06272	0.05543	0.05671	0.00177	0.00128	0.00040	0.00107	0.01082	0.00115	0.00172
8	0.00214	0.00191	0.00321	0.00271	0.00308	0.00206	0.21674	0.00259	0.00223	0.00309	0.01777	0.03371	0.00365	0.21485	0.18234	0.01550	0.14797	0.14258	0.00073	0.00115
9	0.00908	0.00258	0.02733	0.13269	0.24888	0.05133	0.04463	0.07794	0.10316	0.05757	0.13278	0.03461	0.02932	0.00164	0.00135	0.02324	0.00806	0.01133	0.00088	0.00159
10	0.00297	0.01996	0.02252	0.01469	0.00593	0.00300	0.81816	0.03417	0.01097	0.04118	0.00258	0.01346	0.00194	0.00108	0.00138	0.00040	0.00191	0.00139	0.00067	0.00164
11	0.00347	0.00253	0.00269	0.00230	0.00301	0.02522	0.00182	0.17582	0.51010	0.11849	0.03443	0.00423	0.00341	0.00157	0.00118	0.00038	0.00100	0.00127	0.10527	0.00182
12	0.01851	0.02679	0.12254	0.11772	0.13604	0.00232	0.11411	0.03013	0.01671	0.16120	0.09306	0.04467	0.02232	0.00165	0.00127	0.00040	0.00131	0.07984	0.00785	0.00159
13	0.02401	0.07590	0.23317	0.15510	0.02702	0.01184	0.06271	0.16831	0.06395	0.05480	0.05195	0.04282	0.02034	0.00144	0.00118	0.00038	0.00140	0.00121	0.00082	0.00165
14	0.00240	0.04871	0.00247	0.00214	0.00249	0.09947	0.00168	0.06666	0.02467	0.01805	0.00297	0.00419	0.00270	0.04446	0.60872	0.02425	0.04088	0.00119	0.00069	0.00121
15	0.00158	0.00114	0.00147	0.00169	0.00183	0.00108	0.00122	0.00186	0.00242	0.00318	0.03701	0.56507	0.11330	0.07983	0.00190	0.00054	0.00080	0.18201	0.00109	0.00099
16	0.00291	0.02993	0.11636	0.17527	0.43496	0.03606	0.06000	0.02198	0.02387	0.04073	0.02181	0.00316	0.00819	0.00120	0.00124	0.00037	0.01853	0.00109	0.00065	0.00171
17	0.00252	0.00209	0.00245	0.00178	0.00280	0.00158	0.00142	0.00303	0.00250	0.02666	0.00237	0.04006	0.00205	0.00102	0.00092	0.00019	0.00088	0.00083	0.00074	0.90411
18	0.00150	0.00106	0.00140	0.00165	0.00171	0.00100	0.00109	0.00169	0.00225	0.00300	0.00630	0.84290	0.00752	0.09252	0.01484	0.00057	0.00078	0.01619	0.00107	0.00095
19	0.00175	0.00123	0.00156	0.00152	0.00160	0.00123	0.03097	0.00186	0.00190	0.00255	0.01487	0.09136	0.01830	0.71858	0.08417	0.00111	0.00130	0.01347	0.00983	0.00082
20	0.00268	0.02214	0.11842	0.37957	0.36617	0.01749	0.02648	0.03214	0.00266	0.00363	0.00228	0.00305	0.00978	0.00116	0.00120	0.00038	0.00750	0.00105	0.00058	0.00163
21	0.01668	0.00238	0.00382	0.19932	0.37700	0.01131	0.06667	0.04397	0.01333	0.02322	0.00310	0.10503	0.01430	0.06222	0.00162	0.00044	0.02439	0.02299	0.00668	0.00154
22	0.00158	0.00109	0.00137	0.00158	0.00170	0.00102	0.00108	0.00183	0.00232	0.00318	0.00645	0.68722	0.06578	0.07787	0.00182	0.00052	0.00073	0.04380	0.09810	0.00098
23	0.04052	0.00317	0.16888	0.31770	0.37998	0.00868	0.02591	0.00891	0.00259	0.01044	0.00239	0.00310	0.02020	0.00117	0.00117	0.00038	0.00152	0.00106	0.00058	0.00164
24	0.00308	0.02101	0.04151	0.13294	0.39428	0.06513	0.05839	0.10296	0.05380	0.01883	0.00255	0.03340	0.00211	0.00132	0.00138	0.00038	0.06338	0.00115	0.00071	0.00171

[dist]
# distance from previous block
# <min> <max>
1	18

[block]
# block no. 7 follows, 271 sequences, length 44
# corresponding to MSA columns:
# 1090-1092,1094-1134
name=unknown_H
#
# <colnr> <probs for GDERKNQSTAVLIFYWHMCP>
#	G	D	E	R	K	N	Q	S	T	A	V	L	I	F	Y	W	H	M	C	P
0	0.01128	0.07451	0.08862	0.02540	0.05663	0.07022	0.06149	0.17927	0.20091	0.07406	0.11368	0.01031	0.01220	0.00151	0.00120	0.00037	0.00126	0.00529	0.01010	0.00171
1	0.00159	0.00114	0.00146	0.00162	0.00179	0.00107	0.00114	0.01164	0.01019	0.00351	0.17009	0.62977	0.08683	0.00333	0.00148	0.00045	0.00068	0.03734	0.03386	0.00103
2	0.00296	0.13837	0.18435	0.01799	0.01059	0.01819	0.05332	0.06215	0.02456	0.07643	0.01786	0.01155	0.00206	0.00121	0.00968	0.00030	0.01184	0.00091	0.00074	0.35494
3	0.01029	0.28964	0.15995	0.00746	0.03770	0.00648	0.03171	0.06697	0.03886	0.13422	0.01605	0.01222	0.00817	0.01110	0.00109	0.00032	0.00566	0.00906	0.00079	0.15226
4	0.05273	0.70679	0.04728	0.00218	0.00317	0.03490	0.00213	0.07052	0.01899	0.01557	0.00201	0.00241	0.00176	0.00123	0.01069	0.00031	0.00132	0.02383	0.00062	0.00156
5	0.00154	0.00122	0.00139	0.00141	0.00174	0.00108	0.00106	0.00195	0.01446	0.00363	0.23304	0.12273	0.54843	0.00298	0.00144	0.00042	0.00064	0.05861	0.00116	0.00105
6	0.00202	0.00164	0.00821	0.11325	0.13352	0.00166	0.01427	0.02425	0.04551	0.01685	0.04943	0.49599	0.01993	0.01854	0.00148	0.00046	0.00097	0.04420	0.00657	0.00125
7	0.02599	0.11946	0.25758	0.02513	0.04326	0.03474	0.10622	0.04180	0.01788	0.22519	0.01982	0.03532	0.00634	0.00526	0.00117	0.00037	0.00142	0.00871	0.00849	0.01586
8	0.09384	0.00265	0.00308	0.12081	0.05756	0.06227	0.00217	0.23438	0.00340	0.20164	0.00295	0.02547	0.00223	0.01226	0.02092	0.00041	0.06727	0.00109	0.02370	0.06190
9	0.00149	0.00113	0.00137	0.00152	0.00172	0.00102	0.00107	0.00177	0.00255	0.00328	0.09314	0.51058	0.31711	0.01974	0.00157	0.00046	0.00068	0.03768	0.00112	0.00100
10	0.02328	0.00179	0.00221	0.00577	0.04583	0.00183	0.00157	0.05186	0.19231	0.12828	0.24966	0.10021	0.04909	0.02590	0.02775	0.03870	0.00094	0.04114	0.01044	0.00143
11	0.01888	0.13695	0.29208	0.05019	0.05917	0.06371	0.04175	0.00348	0.05019	0.00945	0.04937	0.09281	0.02757	0.00908	0.00983	0.00039	0.00140	0.04204	0.00567	0.03600
12	0.00150	0.00123	0.00133	0.00135	0.00172	0.00106	0.00104	0.00185	0.00278	0.00341	0.09747	0.02025	0.74938	0.01150	0.00148	0.00042	0.00066	0.09941	0.00113	0.00103
13	0.00183	0.00130	0.00157	0.00150	0.00183	0.00122	0.00113	0.00246	0.05012	0.02601	0.54294	0.03643	0.19355	0.02596	0.00148	0.00040	0.00064	0.03221	0.07625	0.00115
14	0.03754	0.04030	0.09058	0.10566	0.26164	0.06182	0.06671	0.02690	0.00822	0.01133	0.03214	0.04456	0.02123	0.00520	0.04726	0.00047	0.12819	0.00806	0.00066	0.00154
15	0.00286	0.00790	0.01736	0.02102	0.01115	0.03277	0.01895	0.09697	0.00263	0.14040	0.00340	0.04172	0.00307	0.21840	0.12330	0.01220	0.12629	0.00135	0.11693	0.00130
16	0.00232	0.00135	0.00174	0.00181	0.00214	0.00130	0.00146	0.00853	0.01078	0.11826	0.05607	0.19379	0.03100	0.00271	0.00139	0.00045	0.00086	0.36614	0.19669	0.00121
17	0.00229	0.02563	0.00403	0.04926	0.11362	0.00215	0.31769	0.00294	0.01194	0.01052	0.00844	0.26773	0.03202	0.00913	0.00147	0.00044	0.00679	0.13168	0.00084	0.00136
18	0.00687	0.15398	0.27966	0.03254	0.16812	0.02770	0.18415	0.00381	0.01732	0.05219	0.01930	0.01576	0.00559	0.00122	0.00120	0.00037	0.01423	0.01366	0.00064	0.00168
19	0.06401	0.00219	0.00358	0.83413	0.05672	0.00268	0.01381	0.00313	0.00240	0.00326	0.00211	0.00311	0.00160	0.00118	0.00117	0.00040	0.00155	0.00104	0.00055	0.00136
20	0.00303	0.19570	0.35589	0.11925	0.01233	0.19893	0.05928	0.01415	0.00271	0.00336	0.00200	0.00247	0.00157	0.00116	0.00114	0.00035	0.02369	0.00087	0.00055	0.00158
21	0.00171	0.00128	0.00189	0.00189	0.00210	0.00148	0.00146	0.00212	0.00192	0.00276	0.00324	0.00487	0.00307	0.05806	0.90414	0.00189	0.00311	0.00131	0.00065	0.00105
22	0.00182	0.00147	0.00220	0.07736	0.00274	0.00142	0.08803	0.01582	0.00288	0.01205	0.35262	0.27703	0.12795	0.00267	0.00143	0.00042	0.00085	0.02898	0.00110	0.00115
23	0.00801	0.12425	0.02338	0.14015	0.34480	0.03695	0.07938	0.00386	0.01886	0.12366	0.00261	0.01162	0.00209	0.00138	0.01590	0.00039	0.04260	0.01771	0.00071	0.00168
24	0.02188	0.00206	0.00276	0.00212	0.00304	0.00182	0.00175	0.02931	0.00345	0.89699	0.00462	0.00402	0.00292	0.00148	0.00119	0.00037	0.00102	0.00119	0.01599	0.00201
25	0.01471	0.00441	0.00311	0.00281	0.00340	0.61019	0.00757	0.10807	0.01174	0.02684	0.00267	0.01626	0.00236	0.00210	0.07488	0.00047	0.01002	0.08972	0.00723	0.00142
26	0.00317	0.77774	0.09681	0.00228	0.01664	0.01223	0.00228	0.04062	0.00257	0.00997	0.00184	0.00220	0.00164	0.02457	0.00096	0.00030	0.00134	0.00072	0.00055	0.00157
27	0.06758	0.00215	0.00278	0.00690	0.01640	0.00547	0.04666	0.13787	0.02069	0.39300	0.09933	0.00965	0.07266	0.03068	0.02798	0.00045	0.03990	0.01294	0.00523	0.00168
28	0.00171	0.00128	0.00190	0.00190	0.00211	0.00149	0.00147	0.00213	0.00192	0.00277	0.00323	0.00483	0.00305	0.04381	0.91836	0.00190	0.00314	0.00130	0.00065	0.00106
29	0.00152	0.00111	0.00144	0.00167	0.00181	0.00104	0.00118	0.00180	0.00244	0.00321	0.04459	0.67974	0.13114	0.00363	0.01414	0.00050	0.00076	0.10617	0.00111	0.00100
30	0.01618	0.06483	0.12931	0.27908	0.17552	0.00284	0.21693	0.00351	0.03252	0.00357	0.00255	0.05476	0.00214	0.00128	0.00123	0.00039	0.00158	0.00959	0.00062	0.00157
31	0.00168	0.00122	0.00163	0.00187	0.00205	0.00118	0.00144	0.00211	0.02233	0.00340	0.05924	0.51103	0.02387	0.00346	0.00156	0.00050	0.00085	0.35840	0.00112	0.00105
32	0.00502	0.00256	0.00310	0.00238	0.00332	0.00254	0.00197	0.37188	0.01981	0.56842	0.00401	0.00362	0.00262	0.00147	0.00120	0.00037	0.00114	0.00116	0.00137	0.00204
33	0.00142	0.00121	0.00123	0.00123	0.00163	0.00101	0.00092	0.00173	0.00274	0.00327	0.03071	0.03472	0.90803	0.00304	0.00142	0.00041	0.00061	0.00254	0.00112	0.00101
34	0.96633	0.00232	0.00176	0.00158	0.00232	0.00269	0.00130	0.00352	0.00204	0.00538	0.00167	0.00195	0.00130	0.00111	0.00074	0.00037	0.00093	0.00065	0.00074	0.00130
35	0.00424	0.00527	0.00360	0.02094	0.12883	0.81028	0.00252	0.00461	0.00329	0.00307	0.00191	0.00229	0.00159	0.00121	0.00110	0.00032	0.00205	0.00082	0.00061	0.00146
36	0.00526	0.00224	0.00294	0.00226	0.00319	0.03139	0.02505	0.04228	0.00350	0.86183	0.00451	0.00395	0.00286	0.00146	0.00121	0.00037	0.00109	0.00119	0.00142	0.00201
37	0.00322	0.00211	0.00256	0.00187	0.00290	0.00164	0.00151	0.00373	0.00272	0.24281	0.00279	0.00289	0.00208	0.00104	0.00097	0.00023	0.00092	0.00084	0.00091	0.72229
38	0.00207	0.00105	0.00157	0.00157	0.00158	0.00105	0.00105	0.00158	0.00157	0.00210	0.00211	0.00367	0.00211	0.00428	0.02804	0.94140	0.00109	0.00105	0.00052	0.00053
39	0.00249	0.00213	0.00249	0.00178	0.00284	0.00160	0.00142	0.00302	0.00249	0.00391	0.00213	0.00249	0.00178	0.00089	0.00089	0.00018	0.00089	0.00071	0.00071	0.96519
40	0.00145	0.00121	0.00127	0.00130	0.00167	0.00103	0.00098	0.00177	0.00272	0.00328	0.03451	0.07502	0.81743	0.00308	0.00144	0.00042	0.00064	0.04863	0.00112	0.00102
41	0.96633	0.00232	0.00176	0.00158	0.00232	0.00269	0.00130	0.00352	0.00204	0.00538	0.00167	0.00195	0.00130	0.00111	0.00074	0.00037	0.00093	0.00065	0.00074	0.00130
42	0.00187	0.00128	0.00168	0.00159	0.01186	0.00117	0.00118	0.00242	0.00335	0.05007	0.85156	0.02421	0.03831	0.00243	0.00140	0.00038	0.00060	0.00214	0.00131	0.00118
43	0.02657	0.00920	0.00270	0.00241	0.00308	0.00290	0.01183	0.00605	0.86189	0.00492	0.00497	0.00478	0.02695	0.00168	0.00122	0.00041	0.00096	0.02448	0.00119	0.00184

[dist]
# distance from previous block
# <min> <max>
2	20

[block]
# block no. 8 follows, 271 sequences, length 12
# corresponding to MSA columns:
# 1164-1175
name=unknown_I
#
# <colnr> <probs for GDERKNQSTAVLIFYWHMCP>
#	G	D	E	R	K	N	Q	S	T	A	V	L	I	F	Y	W	H	M	C	P
0	0.00143	0.00117	0.00126	0.00134	0.00165	0.00100	0.00097	0.00171	0.00261	0.00319	0.01061	0.27358	0.68885	0.00324	0.00145	0.00043	0.00063	0.00277	0.00111	0.00100
1	0.00279	0.00290	0.00365	0.00314	0.00320	0.08946	0.00260	0.00306	0.00198	0.00289	0.00160	0.00258	0.00157	0.00202	0.00368	0.00051	0.86950	0.00102	0.00053	0.00132
2	0.00338	0.15026	0.41674	0.00278	0.00407	0.00277	0.02856	0.05132	0.00293	0.24686	0.01386	0.00341	0.00227	0.00132	0.00113	0.00036	0.00143	0.04086	0.00084	0.02486
3	0.00257	0.00262	0.00357	0.82512	0.00764	0.13232	0.00319	0.00330	0.00253	0.00305	0.00209	0.00306	0.00159	0.00120	0.00118	0.00039	0.00168	0.00103	0.00054	0.00134
4	0.01477	0.00255	0.00291	0.00246	0.02553	0.00277	0.00189	0.30569	0.21964	0.06462	0.00333	0.00392	0.00270	0.13194	0.00208	0.00047	0.08738	0.00119	0.00102	0.12315
5	0.32367	0.00273	0.00259	0.00213	0.00295	0.13199	0.00172	0.07625	0.00313	0.43683	0.00318	0.00302	0.00215	0.00132	0.00103	0.00036	0.00117	0.00095	0.00110	0.00171
6	0.00233	0.03069	0.00388	0.87031	0.00799	0.00275	0.05915	0.00313	0.00242	0.00310	0.00213	0.00316	0.00161	0.00118	0.00120	0.00040	0.00161	0.00107	0.00054	0.00136
7	0.00286	0.11780	0.65790	0.00324	0.00473	0.13264	0.03630	0.00395	0.00267	0.02430	0.00212	0.00247	0.00157	0.00114	0.00110	0.00036	0.00176	0.00087	0.00055	0.00169
8	0.00281	0.00268	0.00434	0.07555	0.73595	0.02271	0.00332	0.00359	0.04275	0.00380	0.00274	0.08925	0.00249	0.00135	0.00122	0.00037	0.00137	0.00129	0.00066	0.00176
9	0.00162	0.00147	0.00204	0.00180	0.00227	0.00129	0.12987	0.00202	0.00271	0.00334	0.03482	0.11842	0.68823	0.00283	0.00143	0.00041	0.00081	0.00247	0.00105	0.00109
10	0.05033	0.00249	0.10895	0.02749	0.00287	0.01823	0.00195	0.15734	0.00285	0.03844	0.13200	0.00492	0.00377	0.21233	0.10482	0.00073	0.12696	0.00135	0.00085	0.00133
11	0.00364	0.02638	0.06401	0.00323	0.13261	0.01866	0.01413	0.34165	0.14568	0.10396	0.00359	0.02922	0.02034	0.02046	0.00139	0.00040	0.02669	0.04110	0.00104	0.00182

[dist]
# distance from previous block
# <min> <max>
1	7

[block]
# block no. 9 follows, 271 sequences, length 25
# corresponding to MSA columns:
# 1183-1206,1210
name=unknown_J
#
# <colnr> <probs for GDERKNQSTAVLIFYWHMCP>
#	G	D	E	R	K	N	Q	S	T	A	V	L	I	F	Y	W	H	M	C	P
0	0.01213	0.00172	0.02094	0.02140	0.06011	0.00160	0.02665	0.06970	0.02467	0.03806	0.56426	0.00778	0.14180	0.00222	0.00136	0.00038	0.00079	0.00194	0.00118	0.00131
1	0.05335	0.00206	0.00273	0.00210	0.00302	0.00181	0.00173	0.00568	0.00335	0.88712	0.00453	0.00395	0.00286	0.00145	0.00118	0.00037	0.00101	0.00117	0.00143	0.01912
2	0.00256	0.00253	0.00355	0.00307	0.00308	0.00353	0.00255	0.00284	0.00184	0.00288	0.00168	0.00276	0.00167	0.00257	0.06828	0.00062	0.89110	0.00107	0.00053	0.00130
3	0.00171	0.00124	0.00151	0.00145	0.00178	0.00110	0.00108	0.00217	0.00312	0.03485	0.56703	0.07386	0.29930	0.00269	0.00142	0.00039	0.00060	0.00233	0.00125	0.00111
4	0.00166	0.00119	0.00162	0.00190	0.00206	0.00115	0.00147	0.00202	0.00250	0.00329	0.00650	0.55044	0.00749	0.00356	0.00158	0.00051	0.00087	0.40805	0.00111	0.00103
5	0.04123	0.00520	0.00334	0.00297	0.00363	0.77520	0.00226	0.11256	0.02124	0.01869	0.00207	0.00231	0.00165	0.00127	0.00109	0.00032	0.00198	0.00082	0.00071	0.00148
6	0.00329	0.88362	0.00606	0.00211	0.00312	0.02713	0.00207	0.04232	0.01567	0.00305	0.00177	0.00200	0.00159	0.00106	0.00080	0.00026	0.00130	0.00067	0.00055	0.00156
7	0.00246	0.07076	0.88757	0.00332	0.00505	0.00292	0.00427	0.00378	0.00252	0.00373	0.00212	0.00249	0.00152	0.00113	0.00111	0.00037	0.00174	0.00087	0.00051	0.00176
8	0.02208	0.00225	0.01916	0.02760	0.00294	0.01539	0.00176	0.03970	0.44987	0.14115	0.22726	0.02248	0.01952	0.00182	0.00126	0.00039	0.00092	0.00153	0.00123	0.00168
9	0.00311	0.00296	0.00482	0.00368	0.00463	0.00307	0.43770	0.10502	0.40021	0.01633	0.00353	0.00373	0.00263	0.00132	0.00131	0.00040	0.00148	0.00135	0.00094	0.00179
10	0.00226	0.00213	0.00360	0.95498	0.00826	0.00266	0.00333	0.00306	0.00240	0.00306	0.00213	0.00320	0.00160	0.00120	0.00120	0.00040	0.00160	0.00107	0.00053	0.00133
11	0.00294	0.00282	0.00482	0.04567	0.91229	0.00284	0.00367	0.00365	0.00272	0.00388	0.00225	0.00298	0.00189	0.00107	0.00119	0.00036	0.00143	0.00107	0.00059	0.00188
12	0.00179	0.00125	0.00175	0.00174	0.00190	0.00139	0.00127	0.01293	0.00191	0.00267	0.00343	0.00541	0.02861	0.20857	0.60415	0.11580	0.00243	0.00138	0.00066	0.00094
13	0.00146	0.00116	0.00131	0.00141	0.00168	0.00101	0.00101	0.00175	0.00261	0.00327	0.07356	0.34907	0.52796	0.01623	0.00152	0.00044	0.00065	0.01178	0.00112	0.00100
14	0.00280	0.00314	0.00666	0.00480	0.00592	0.00302	0.85225	0.00383	0.03038	0.00385	0.02489	0.00338	0.00209	0.00111	0.00153	0.00041	0.04629	0.00141	0.00064	0.00160
15	0.24789	0.00264	0.00281	0.00223	0.00309	0.00282	0.00183	0.39652	0.02669	0.26558	0.00316	0.00306	0.00218	0.00137	0.00107	0.00036	0.00110	0.00101	0.03275	0.00182
16	0.00152	0.00114	0.00138	0.00150	0.00171	0.00103	0.00106	0.00180	0.00260	0.00338	0.16607	0.43390	0.30684	0.02871	0.00166	0.01847	0.00067	0.02443	0.00113	0.00100
17	0.00297	0.00285	0.00487	0.00736	0.95038	0.00285	0.00368	0.00368	0.00273	0.00392	0.00226	0.00297	0.00190	0.00107	0.00119	0.00036	0.00142	0.00107	0.00059	0.00190
18	0.00226	0.00213	0.00360	0.95498	0.00826	0.00266	0.00333	0.00306	0.00240	0.00306	0.00213	0.00320	0.00160	0.00120	0.00120	0.00040	0.00160	0.00107	0.00053	0.00133
19	0.00161	0.00108	0.00136	0.00157	0.00170	0.00102	0.00108	0.00190	0.00238	0.00334	0.01755	0.70993	0.05104	0.00329	0.00141	0.00045	0.00068	0.03406	0.16353	0.00101
20	0.00178	0.00130	0.00178	0.00201	0.00225	0.00126	0.01171	0.00222	0.00264	0.00344	0.02461	0.25913	0.07436	0.01123	0.00164	0.00052	0.00096	0.59499	0.00110	0.00107
21	0.00336	0.00295	0.00294	0.00260	0.01441	0.07565	0.00202	0.16566	0.70507	0.00527	0.00428	0.00401	0.00320	0.00156	0.00121	0.00039	0.00111	0.00126	0.00116	0.00188
22	0.00201	0.00148	0.00207	0.02305	0.09151	0.00147	0.04707	0.00685	0.00220	0.02201	0.02398	0.05747	0.11486	0.40518	0.06921	0.05135	0.00534	0.00576	0.06612	0.00103
23	0.00354	0.00169	0.00206	0.00177	0.00233	0.00794	0.00141	0.05105	0.03187	0.37376	0.04970	0.04431	0.00374	0.00822	0.01826	0.00038	0.00769	0.03944	0.34931	0.00154
24	0.00282	0.00334	0.04192	0.00503	0.02141	0.00302	0.89610	0.00384	0.00282	0.00384	0.00241	0.00320	0.00181	0.00102	0.00140	0.00040	0.00200	0.00139	0.00060	0.00163

[dist]
# distance from previous block
# <min> <max>
0	3

[block]
# block no. 10 follows, 271 sequences, length 6
# corresponding to MSA columns:
# 1214-1219
name=unknown_K
#
# <colnr> <probs for GDERKNQSTAVLIFYWHMCP>
#	G	D	E	R	K	N	Q	S	T	A	V	L	I	F	Y	W	H	M	C	P
0	0.00273	0.06077	0.02483	0.21766	0.39629	0.01933	0.04166	0.04142	0.00271	0.01921	0.02308	0.05200	0.02842	0.03170	0.01490	0.00042	0.01936	0.00126	0.00067	0.00159
1	0.00208	0.00191	0.04088	0.11806	0.03551	0.01395	0.01590	0.00248	0.00209	0.00294	0.01493	0.05866	0.02018	0.08239	0.32216	0.06320	0.16845	0.01393	0.01913	0.00115
2	0.00231	0.00187	0.00233	0.05223	0.05270	0.00172	0.00150	0.03773	0.03744	0.00348	0.00284	0.00438	0.00271	0.27269	0.10036	0.00067	0.00129	0.00114	0.00073	0.41989
3	0.03350	0.08828	0.02333	0.00213	0.00305	0.03252	0.00178	0.06808	0.13186	0.07620	0.00266	0.00284	0.00208	0.00117	0.00114	0.00028	0.05133	0.00088	0.00084	0.47606
4	0.02283	0.12018	0.07234	0.00231	0.01533	0.02360	0.00196	0.03255	0.35209	0.07369	0.07979	0.07153	0.04861	0.00204	0.02899	0.00043	0.01333	0.03574	0.00103	0.00161
