[name]
unknown

[dist]
# distance from previous block
# <min> <max>
0	817

[block]
# block no. 0 follows, 292 sequences, length 34
# corresponding to MSA columns:
# 888-891,893-903,907-923,925,926
name=unknown_A
#
# <colnr> <probs for GDERKNQSTAVLIFYWHMCP>
#	G	D	E	R	K	N	Q	S	T	A	V	L	I	F	Y	W	H	M	C	P
0	0.00244	0.10960	0.02852	0.01413	0.00733	0.02617	0.02234	0.08351	0.07067	0.04817	0.03336	0.14259	0.08426	0.02069	0.01922	0.00284	0.03023	0.10207	0.01894	0.13291
1	0.12813	0.01435	0.00776	0.07697	0.05236	0.01428	0.02377	0.02544	0.04559	0.05123	0.10865	0.12513	0.04020	0.05245	0.02056	0.05315	0.08079	0.01302	0.01810	0.04805
2	0.02586	0.05272	0.10562	0.10463	0.02523	0.04048	0.02996	0.04668	0.03974	0.03856	0.02855	0.14046	0.05645	0.09607	0.03775	0.02443	0.01076	0.01827	0.00076	0.07700
3	0.02756	0.01738	0.04739	0.02077	0.00293	0.00665	0.01463	0.13486	0.07361	0.08319	0.02240	0.03454	0.03383	0.01718	0.00116	0.00029	0.03203	0.00997	0.00084	0.41879
4	0.00145	0.00104	0.00131	0.00147	0.00163	0.00096	0.00102	0.00170	0.00230	0.01688	0.06374	0.63099	0.19775	0.01974	0.01352	0.00046	0.00067	0.02412	0.01832	0.00094
5	0.03663	0.00145	0.00706	0.00823	0.00210	0.00143	0.02246	0.03571	0.04738	0.11208	0.17399	0.29106	0.10286	0.03599	0.04262	0.00770	0.02633	0.02474	0.01901	0.00116
6	0.01470	0.00143	0.00172	0.00155	0.00200	0.00132	0.00119	0.04112	0.03986	0.20856	0.20542	0.13274	0.27463	0.02574	0.00138	0.00664	0.00072	0.01013	0.01856	0.01059
7	0.01777	0.01071	0.00288	0.00247	0.00310	0.41780	0.00193	0.29650	0.03676	0.02191	0.01061	0.04681	0.02582	0.00166	0.03149	0.00037	0.00152	0.02255	0.03655	0.01080
8	0.08061	0.00139	0.00166	0.00156	0.00195	0.00132	0.00116	0.01507	0.03050	0.18245	0.13615	0.29401	0.09677	0.06405	0.00153	0.00928	0.00075	0.00919	0.04462	0.02597
9	0.15336	0.00152	0.00173	0.00156	0.00202	0.00149	0.00120	0.03411	0.00894	0.23462	0.11926	0.14896	0.10742	0.05891	0.00990	0.01144	0.00079	0.00874	0.09279	0.00125
10	0.04807	0.00124	0.00151	0.00156	0.00180	0.00121	0.00117	0.01507	0.00233	0.06312	0.06614	0.22403	0.10838	0.21150	0.01329	0.00059	0.00087	0.20887	0.02826	0.00099
11	0.02038	0.00291	0.00315	0.00244	0.00329	0.00317	0.00200	0.79634	0.01472	0.09249	0.00288	0.00296	0.00207	0.03249	0.00126	0.00036	0.00118	0.00103	0.01305	0.00184
12	0.09991	0.00142	0.00163	0.00152	0.00192	0.00136	0.00114	0.01975	0.03448	0.16350	0.19533	0.16310	0.20798	0.07063	0.01456	0.00044	0.00076	0.00666	0.01271	0.00118
13	0.07069	0.00124	0.00148	0.00147	0.00177	0.00117	0.00108	0.00228	0.00804	0.10158	0.21386	0.32076	0.17556	0.05561	0.00152	0.00043	0.00068	0.01936	0.02036	0.00107
14	0.45119	0.00210	0.00217	0.00178	0.00254	0.00219	0.00146	0.07081	0.02880	0.39595	0.01949	0.00290	0.00214	0.00124	0.00092	0.00035	0.00092	0.00089	0.01060	0.00156
15	0.08251	0.00133	0.00154	0.00148	0.00167	0.00140	0.00102	0.04188	0.01374	0.04093	0.00352	0.08435	0.01119	0.45123	0.15104	0.02573	0.01346	0.00568	0.06535	0.00093
16	0.01037	0.00140	0.00178	0.01954	0.03239	0.00138	0.00127	0.04740	0.02917	0.11231	0.16205	0.20464	0.10998	0.15561	0.03328	0.01073	0.00991	0.04161	0.01404	0.00113
17	0.04529	0.00152	0.00185	0.00165	0.00212	0.00144	0.00126	0.05181	0.03335	0.28152	0.19277	0.16023	0.12824	0.05019	0.00147	0.00894	0.00078	0.01161	0.02265	0.00131
18	0.00288	0.00220	0.00239	0.00211	0.00271	0.00245	0.00165	0.09473	0.62492	0.07197	0.07017	0.04493	0.01677	0.00164	0.00114	0.00037	0.00086	0.00137	0.05309	0.00166
19	0.00198	0.01936	0.02293	0.00205	0.06842	0.02563	0.00669	0.02052	0.01160	0.04390	0.13145	0.20685	0.07845	0.09553	0.14949	0.04364	0.02364	0.02980	0.01697	0.00109
20	0.00556	0.00223	0.00667	0.18641	0.19531	0.05699	0.03526	0.05258	0.08091	0.07405	0.02543	0.05020	0.01562	0.03252	0.07253	0.02200	0.02975	0.01842	0.03616	0.00140
21	0.01031	0.00120	0.00152	0.00161	0.00185	0.00114	0.00118	0.00992	0.04489	0.08075	0.07996	0.52304	0.10379	0.02488	0.00148	0.00489	0.00072	0.09583	0.00996	0.00106
22	0.00137	0.00112	0.00120	0.00121	0.00154	0.00096	0.00090	0.00167	0.00258	0.00318	0.12633	0.07363	0.74657	0.02019	0.00141	0.00039	0.00058	0.01317	0.00106	0.00095
23	0.00243	0.00853	0.02332	0.09788	0.02601	0.01546	0.00166	0.04038	0.00903	0.01936	0.00818	0.02077	0.00187	0.01284	0.00098	0.00023	0.00659	0.00080	0.00068	0.70298
24	0.02882	0.00893	0.01811	0.10500	0.12453	0.01216	0.03546	0.07607	0.01133	0.20536	0.10259	0.06532	0.02084	0.00193	0.01152	0.11805	0.00760	0.01776	0.01818	0.01046
25	0.00212	0.00128	0.00160	0.00156	0.00180	0.00124	0.00110	0.03457	0.02391	0.13119	0.09571	0.27829	0.03500	0.29422	0.03687	0.00066	0.00093	0.04355	0.01333	0.00105
26	0.21104	0.00233	0.00315	0.11326	0.29512	0.00248	0.02156	0.12850	0.02536	0.10603	0.01772	0.01288	0.02935	0.00955	0.01304	0.00037	0.00117	0.00103	0.00450	0.00155
27	0.07944	0.22433	0.11125	0.06937	0.02611	0.03798	0.06334	0.06940	0.01463	0.04206	0.01976	0.00249	0.00179	0.00110	0.00772	0.00029	0.00842	0.00082	0.00065	0.21904
28	0.00835	0.01298	0.03926	0.02600	0.04562	0.01166	0.00619	0.07731	0.08969	0.06352	0.10851	0.08656	0.02908	0.00282	0.11531	0.00057	0.12646	0.14145	0.00090	0.00776
29	0.00169	0.00120	0.00135	0.00136	0.00142	0.01310	0.00083	0.00189	0.04436	0.00250	0.05019	0.11053	0.00470	0.73374	0.00468	0.00093	0.00773	0.01627	0.00077	0.00079
30	0.00159	0.00132	0.02099	0.03703	0.02246	0.00116	0.01478	0.00904	0.00254	0.02035	0.13594	0.24596	0.40865	0.01123	0.00138	0.00041	0.00072	0.06242	0.00102	0.00103
31	0.01784	0.05413	0.01809	0.26545	0.32177	0.04533	0.02917	0.05247	0.01504	0.13274	0.00743	0.01527	0.00194	0.00117	0.00113	0.00035	0.01316	0.00525	0.00070	0.00157
32	0.00415	0.00202	0.00281	0.14819	0.06780	0.02296	0.00198	0.01479	0.00299	0.64358	0.04113	0.00382	0.01766	0.00138	0.00118	0.00035	0.01921	0.00114	0.00114	0.00172
33	0.52410	0.02382	0.00258	0.13063	0.02370	0.19350	0.03308	0.02743	0.00233	0.00414	0.00171	0.00211	0.00135	0.00110	0.00093	0.00034	0.02452	0.00073	0.00064	0.00128

[dist]
# distance from previous block
# <min> <max>
0	1

[block]
# block no. 1 follows, 292 sequences, length 9
# corresponding to MSA columns:
# 928-936
name=unknown_B
#
# <colnr> <probs for GDERKNQSTAVLIFYWHMCP>
#	G	D	E	R	K	N	Q	S	T	A	V	L	I	F	Y	W	H	M	C	P
0	0.00148	0.00112	0.00158	0.02755	0.00196	0.00107	0.03672	0.00174	0.00220	0.00291	0.02881	0.68813	0.06208	0.06449	0.01781	0.00051	0.00080	0.05711	0.00098	0.00094
1	0.01474	0.00194	0.00273	0.01626	0.29661	0.00204	0.00196	0.10982	0.02249	0.03093	0.01800	0.00437	0.01276	0.20552	0.12326	0.01000	0.03143	0.01110	0.08271	0.00133
2	0.96860	0.00216	0.00164	0.00147	0.00216	0.00251	0.00121	0.00329	0.00190	0.00502	0.00156	0.00182	0.00121	0.00104	0.00069	0.00035	0.00087	0.00061	0.00069	0.00121
3	0.00230	0.00217	0.01764	0.22172	0.23168	0.06433	0.02353	0.00294	0.03219	0.02411	0.08224	0.02921	0.09936	0.02168	0.06063	0.00047	0.01339	0.05980	0.00073	0.00987
4	0.00299	0.96137	0.00586	0.00191	0.00287	0.00442	0.00191	0.00335	0.00227	0.00263	0.00155	0.00179	0.00144	0.00096	0.00072	0.00024	0.00120	0.00060	0.00048	0.00144
5	0.00156	0.00116	0.00160	0.01941	0.00203	0.00111	0.02123	0.00190	0.00237	0.00312	0.05961	0.46706	0.09190	0.02147	0.00152	0.00047	0.00080	0.29967	0.00102	0.00097
6	0.10050	0.00325	0.00266	0.00233	0.00290	0.35514	0.02901	0.16473	0.00314	0.08531	0.00292	0.14633	0.00262	0.00157	0.00111	0.00034	0.02061	0.00121	0.07296	0.00137
7	0.00274	0.00264	0.00450	0.03757	0.86498	0.00266	0.03228	0.00349	0.03152	0.00366	0.00218	0.00283	0.00181	0.00101	0.00111	0.00034	0.00134	0.00101	0.00057	0.00175
8	0.01144	0.00230	0.02254	0.06836	0.17408	0.03457	0.01744	0.05177	0.17896	0.11054	0.10091	0.04016	0.01797	0.00977	0.00120	0.00034	0.01590	0.01044	0.00090	0.13042

[dist]
# distance from previous block
# <min> <max>
2	35

[block]
# block no. 2 follows, 292 sequences, length 28
# corresponding to MSA columns:
# 972-999
name=unknown_C
#
# <colnr> <probs for GDERKNQSTAVLIFYWHMCP>
#	G	D	E	R	K	N	Q	S	T	A	V	L	I	F	Y	W	H	M	C	P
0	0.00773	0.04070	0.07432	0.04375	0.12801	0.01464	0.06346	0.01449	0.06316	0.02104	0.15241	0.02646	0.09545	0.00152	0.00852	0.00032	0.01597	0.00127	0.00079	0.22598
1	0.00232	0.02874	0.20200	0.03422	0.26487	0.00218	0.06872	0.01507	0.01556	0.01911	0.08422	0.10005	0.03405	0.01671	0.01292	0.00763	0.00903	0.00132	0.00070	0.08059
2	0.00145	0.00116	0.00135	0.01151	0.01313	0.00103	0.00100	0.00185	0.01202	0.00351	0.32565	0.12062	0.49636	0.00267	0.00133	0.00038	0.00059	0.00230	0.00109	0.00100
3	0.00250	0.00198	0.00234	0.00168	0.00266	0.00150	0.00135	0.00299	0.00238	0.06767	0.00215	0.00242	0.00173	0.00087	0.00085	0.00018	0.00084	0.00069	0.00071	0.90251
4	0.00224	0.00578	0.95490	0.00319	0.00484	0.00260	0.00413	0.00354	0.00236	0.00354	0.00201	0.00236	0.00142	0.00106	0.00106	0.00035	0.00165	0.00083	0.00047	0.00165
5	0.03948	0.00249	0.00281	0.00221	0.00302	0.00262	0.00181	0.47216	0.08431	0.28128	0.00341	0.01187	0.00240	0.00138	0.00109	0.00034	0.00105	0.00838	0.06363	0.01425
6	0.00952	0.00159	0.00257	0.00232	0.00274	0.00152	0.17882	0.00263	0.03738	0.06767	0.03928	0.30970	0.02727	0.01773	0.00860	0.00046	0.00104	0.27610	0.01189	0.00116
7	0.96860	0.00216	0.00164	0.00147	0.00216	0.00251	0.00121	0.00329	0.00190	0.00502	0.00156	0.00182	0.00121	0.00104	0.00069	0.00035	0.00087	0.00061	0.00069	0.00121
8	0.01192	0.00125	0.00158	0.00151	0.00184	0.00114	0.00113	0.00248	0.01901	0.14289	0.41234	0.22285	0.14068	0.01762	0.00138	0.00039	0.00065	0.01705	0.00116	0.00114
9	0.00168	0.00120	0.00142	0.00135	0.00169	0.00107	0.00101	0.00214	0.01906	0.04814	0.45911	0.04115	0.37849	0.00244	0.00129	0.00036	0.00058	0.00210	0.01747	0.01824
10	0.02506	0.00189	0.00212	0.00175	0.00236	0.00191	0.00140	0.24011	0.06270	0.14523	0.13161	0.00432	0.03420	0.00148	0.00103	0.00031	0.00082	0.00119	0.26174	0.07875
11	0.55755	0.00209	0.00206	0.00170	0.00246	0.00220	0.00140	0.03867	0.00252	0.36426	0.00270	0.00263	0.00184	0.00118	0.00087	0.00034	0.00091	0.00082	0.01228	0.00150
12	0.02819	0.00168	0.00198	0.00173	0.00226	0.00164	0.00136	0.09460	0.10580	0.25437	0.13891	0.08738	0.15312	0.00963	0.00122	0.00037	0.00079	0.03381	0.07977	0.00141
13	0.00168	0.00122	0.00150	0.00142	0.00173	0.00113	0.00107	0.01076	0.03859	0.02176	0.66466	0.03499	0.16789	0.01761	0.00138	0.00037	0.00058	0.01806	0.01252	0.00108
14	0.00162	0.00117	0.00158	0.00157	0.00169	0.00129	0.00112	0.00186	0.00174	0.00245	0.00323	0.01851	0.00334	0.38330	0.54363	0.00146	0.01565	0.00139	0.01252	0.00087
15	0.00139	0.00101	0.00127	0.00146	0.00159	0.00093	0.00100	0.00160	0.00222	0.00291	0.02107	0.71022	0.17845	0.03971	0.00156	0.00046	0.00065	0.01423	0.01735	0.00091
16	0.03214	0.00122	0.00143	0.00143	0.00172	0.00634	0.00106	0.00723	0.01616	0.04479	0.26584	0.22298	0.27805	0.03963	0.00148	0.00042	0.00066	0.05085	0.02554	0.00103
17	0.01475	0.00141	0.00165	0.00154	0.00193	0.00137	0.00841	0.03435	0.10645	0.10269	0.19446	0.15468	0.20173	0.02425	0.00131	0.00038	0.00069	0.01037	0.13637	0.00120
18	0.00191	0.00126	0.00161	0.00170	0.00197	0.00120	0.00130	0.00831	0.05518	0.08673	0.08374	0.39265	0.11501	0.00290	0.00139	0.00044	0.00076	0.23249	0.00837	0.00110
19	0.00177	0.00127	0.00139	0.00133	0.00157	0.00123	0.00091	0.05185	0.03433	0.01926	0.04751	0.01941	0.32960	0.42964	0.00324	0.00069	0.00086	0.02242	0.03080	0.00093
20	0.00167	0.00115	0.00137	0.00145	0.00165	0.01387	0.00102	0.00730	0.01188	0.02772	0.16090	0.46137	0.11366	0.05528	0.00154	0.00043	0.00067	0.01682	0.11926	0.00099
21	0.01840	0.00115	0.00134	0.00132	0.00138	0.00114	0.00861	0.00181	0.00844	0.02821	0.00377	0.06487	0.01312	0.81480	0.01521	0.00100	0.00107	0.01288	0.00073	0.00076
22	0.00180	0.00161	0.02513	0.01809	0.00246	0.00142	0.13121	0.01717	0.01549	0.04115	0.03444	0.10004	0.56202	0.00244	0.00136	0.00039	0.02186	0.01985	0.00096	0.00112
23	0.00850	0.00185	0.00226	0.00173	0.00253	0.00151	0.01691	0.00272	0.00233	0.02983	0.05826	0.06324	0.00266	0.01774	0.04060	0.00030	0.03072	0.00098	0.00886	0.70646
24	0.03038	0.00119	0.00139	0.00135	0.00154	0.00115	0.00091	0.01359	0.01069	0.01879	0.26449	0.11129	0.10177	0.39912	0.00828	0.00740	0.00082	0.00190	0.00906	0.01489
25	0.00270	0.00225	0.01864	0.02969	0.00813	0.07363	0.01280	0.03041	0.01323	0.10472	0.01671	0.05947	0.01146	0.03552	0.00977	0.00031	0.06324	0.01469	0.00077	0.49185
26	0.01437	0.01678	0.00148	0.01891	0.00156	0.00129	0.00088	0.01563	0.02401	0.01454	0.00351	0.01421	0.00918	0.76656	0.05947	0.00102	0.00118	0.01750	0.00070	0.01720
27	0.03584	0.00755	0.00654	0.05633	0.02958	0.01447	0.01535	0.10312	0.09091	0.06037	0.02443	0.16081	0.04107	0.02686	0.21426	0.02308	0.02618	0.03982	0.00086	0.02256

[dist]
# distance from previous block
# <min> <max>
1	191

[block]
# block no. 3 follows, 292 sequences, length 47
# corresponding to MSA columns:
# 1266-1312
name=unknown_D
#
# <colnr> <probs for GDERKNQSTAVLIFYWHMCP>
#	G	D	E	R	K	N	Q	S	T	A	V	L	I	F	Y	W	H	M	C	P
0	0.00156	0.00106	0.00135	0.00149	0.00157	0.00103	0.00098	0.00175	0.01080	0.02298	0.01343	0.55291	0.00601	0.30980	0.04238	0.00071	0.00090	0.02751	0.00091	0.00087
1	0.06542	0.00182	0.03675	0.01517	0.00244	0.00165	0.00148	0.09003	0.02506	0.27937	0.35166	0.04122	0.06722	0.00184	0.00119	0.00035	0.00081	0.00155	0.00116	0.01380
2	0.00858	0.05740	0.29063	0.04399	0.01087	0.00614	0.12215	0.17259	0.02911	0.08204	0.05394	0.04331	0.00735	0.01877	0.00127	0.00037	0.02411	0.00568	0.00077	0.02093
3	0.00161	0.00119	0.00162	0.00165	0.00181	0.00615	0.00121	0.01175	0.00191	0.00265	0.01125	0.17590	0.02929	0.18199	0.53616	0.00519	0.01147	0.01555	0.00072	0.00093
4	0.03586	0.00193	0.01881	0.00178	0.00208	0.15768	0.01198	0.01255	0.01268	0.00308	0.03042	0.47112	0.20698	0.00272	0.00131	0.00040	0.00898	0.01765	0.00094	0.00104
5	0.16308	0.00232	0.00259	0.00205	0.00284	0.00240	0.00167	0.32173	0.03782	0.37824	0.00833	0.00327	0.00233	0.03499	0.00120	0.00037	0.00102	0.00102	0.03102	0.00171
6	0.10234	0.00205	0.00256	0.00199	0.00283	0.00193	0.00164	0.10838	0.01062	0.73055	0.02095	0.00357	0.00266	0.00136	0.00108	0.00035	0.00097	0.00108	0.00128	0.00182
7	0.00138	0.00103	0.00130	0.00148	0.00163	0.00095	0.00103	0.00162	0.00226	0.00295	0.03895	0.66769	0.21203	0.00348	0.03491	0.00048	0.00072	0.02416	0.00103	0.00093
8	0.03809	0.00120	0.00147	0.00159	0.00179	0.01185	0.00112	0.00631	0.00231	0.09528	0.01276	0.69245	0.07852	0.00304	0.00136	0.00043	0.00701	0.01809	0.02431	0.00104
9	0.01126	0.00277	0.00304	0.00237	0.00321	0.00301	0.00195	0.67347	0.08372	0.15001	0.00314	0.00305	0.00220	0.00136	0.00110	0.00034	0.00112	0.00104	0.04999	0.00184
10	0.00140	0.00112	0.00127	0.00135	0.00160	0.00101	0.00097	0.00170	0.01409	0.00307	0.07202	0.32956	0.53300	0.00934	0.00143	0.00041	0.01778	0.00689	0.00104	0.00095
11	0.01053	0.00176	0.00787	0.00210	0.00261	0.01179	0.18122	0.05294	0.04695	0.08020	0.01668	0.09746	0.00320	0.01982	0.00550	0.00035	0.01363	0.02075	0.42336	0.00127
12	0.00262	0.00168	0.00184	0.00163	0.00205	0.00176	0.00125	0.21821	0.07236	0.05246	0.02297	0.04352	0.05291	0.13886	0.00173	0.00870	0.00084	0.03915	0.33419	0.00127
13	0.00220	0.00139	0.00185	0.00192	0.00228	0.00134	0.00162	0.00819	0.03580	0.12656	0.08583	0.02759	0.08897	0.00272	0.00143	0.00046	0.00093	0.60667	0.00110	0.00117
14	0.00189	0.00140	0.00159	0.00154	0.00191	0.00136	0.00116	0.02625	0.15595	0.04642	0.18226	0.17302	0.33421	0.00921	0.00131	0.00039	0.00067	0.02520	0.03310	0.00116
15	0.00150	0.00107	0.00127	0.00137	0.00146	0.00102	0.00089	0.00164	0.00199	0.00260	0.00572	0.33472	0.14534	0.43571	0.00334	0.00073	0.00086	0.05709	0.00087	0.00082
16	0.00137	0.00098	0.00130	0.00155	0.00161	0.00091	0.00103	0.00156	0.00213	0.00284	0.00610	0.93714	0.00732	0.02644	0.00153	0.00047	0.00066	0.00314	0.00103	0.00090
17	0.96860	0.00216	0.00164	0.00147	0.00216	0.00251	0.00121	0.00329	0.00190	0.00502	0.00156	0.00182	0.00121	0.00104	0.00069	0.00035	0.00087	0.00061	0.00069	0.00121
18	0.00160	0.00110	0.00124	0.00124	0.00131	0.00106	0.00075	0.00167	0.00184	0.00956	0.03178	0.04598	0.13779	0.74110	0.01170	0.00094	0.00099	0.00684	0.00077	0.00075
19	0.15308	0.00171	0.00208	0.00176	0.00239	0.00162	0.00141	0.00837	0.02652	0.49282	0.11058	0.10993	0.03296	0.00682	0.00115	0.00037	0.00084	0.02552	0.01855	0.00151
20	0.00299	0.96137	0.00586	0.00191	0.00287	0.00442	0.00191	0.00335	0.00227	0.00263	0.00155	0.00179	0.00144	0.00096	0.00072	0.00024	0.00120	0.00060	0.00048	0.00144
21	0.00304	0.92013	0.00574	0.00196	0.00290	0.04548	0.00192	0.00340	0.00231	0.00264	0.00156	0.00180	0.00144	0.00097	0.00073	0.00024	0.00123	0.00060	0.00048	0.00143
22	0.00171	0.00119	0.00152	0.00148	0.00174	0.00111	0.00109	0.02498	0.00990	0.03509	0.61290	0.21054	0.06751	0.00252	0.00133	0.00038	0.00059	0.01159	0.01176	0.00107
23	0.00146	0.00102	0.00129	0.00146	0.00151	0.00097	0.00094	0.00160	0.00200	0.00267	0.01700	0.62077	0.01362	0.30471	0.00277	0.00065	0.00079	0.02300	0.00093	0.00084
24	0.00327	0.72504	0.01504	0.00215	0.00303	0.21653	0.00199	0.00959	0.00250	0.00993	0.00163	0.00187	0.00145	0.00101	0.00079	0.00025	0.00138	0.00063	0.00051	0.00141
25	0.00139	0.00106	0.00127	0.00139	0.00160	0.00095	0.00098	0.00164	0.00240	0.00307	0.09682	0.45908	0.37865	0.00312	0.00143	0.01710	0.00062	0.02547	0.00105	0.00093
26	0.00224	0.00207	0.00334	0.68571	0.10611	0.00234	0.01365	0.00294	0.00229	0.00933	0.00202	0.00286	0.00156	0.00106	0.00107	0.00033	0.00137	0.00094	0.00054	0.15823
27	0.00194	0.00097	0.00146	0.00146	0.00146	0.00097	0.00097	0.00146	0.00146	0.00194	0.00194	0.00340	0.00194	0.00389	0.00437	0.96746	0.00097	0.00097	0.00049	0.00049
28	0.00212	0.00199	0.00334	0.93387	0.01562	0.00248	0.00308	0.00932	0.00226	0.00289	0.00204	0.01255	0.00156	0.00114	0.00112	0.00037	0.00148	0.00102	0.00051	0.00125
29	0.00224	0.06796	0.00306	0.00246	0.00261	0.00283	0.00938	0.00259	0.01722	0.00292	0.11170	0.00374	0.03314	0.03044	0.10952	0.00061	0.59461	0.00117	0.00062	0.00118
30	0.00276	0.00264	0.00452	0.02495	0.93573	0.00265	0.00343	0.00342	0.00254	0.00364	0.00210	0.00277	0.00177	0.00100	0.00111	0.00033	0.00133	0.00100	0.00055	0.00176
31	0.00142	0.00102	0.00129	0.00147	0.00157	0.00095	0.00099	0.00163	0.00220	0.00292	0.07697	0.65305	0.10489	0.11254	0.00192	0.01078	0.00069	0.01541	0.00739	0.00089
32	0.00163	0.00119	0.00149	0.00148	0.00171	0.00108	0.00818	0.00686	0.01527	0.00296	0.08862	0.37037	0.11485	0.16415	0.00234	0.09515	0.00077	0.01131	0.00090	0.10969
33	0.00141	0.00105	0.00128	0.00143	0.00161	0.00095	0.00100	0.00165	0.00230	0.01097	0.03374	0.55563	0.30351	0.04386	0.00157	0.00046	0.00065	0.03498	0.00103	0.00093
34	0.00237	0.00202	0.00234	0.00168	0.00267	0.00154	0.00134	0.02562	0.00239	0.00373	0.00200	0.00233	0.00166	0.00084	0.00084	0.00017	0.00084	0.00067	0.00067	0.94429
35	0.02011	0.00203	0.00233	0.00203	0.00264	0.00213	0.00160	0.10575	0.36370	0.24189	0.03601	0.10517	0.05445	0.01679	0.00125	0.00039	0.00089	0.03368	0.00556	0.00160
36	0.00169	0.00117	0.00139	0.00141	0.00166	0.00107	0.00103	0.00199	0.00758	0.05282	0.14646	0.13011	0.33480	0.19675	0.00223	0.00054	0.00075	0.11457	0.00101	0.00097
37	0.04461	0.00196	0.00258	0.00199	0.00285	0.00174	0.00164	0.03781	0.00322	0.88291	0.00424	0.00369	0.00267	0.00137	0.00111	0.00035	0.00096	0.00110	0.00135	0.00187
38	0.01218	0.00272	0.00302	0.00237	0.00321	0.00292	0.00194	0.60267	0.11709	0.20777	0.01954	0.00321	0.00242	0.00139	0.00112	0.00034	0.00111	0.00108	0.01206	0.00186
39	0.00139	0.00104	0.00128	0.00142	0.00160	0.00094	0.00099	0.00164	0.00235	0.00306	0.10696	0.55627	0.26860	0.02942	0.00151	0.00044	0.00063	0.01847	0.00105	0.00093
40	0.00232	0.00199	0.00232	0.00166	0.00265	0.00149	0.00133	0.00282	0.00232	0.00364	0.00199	0.00232	0.00166	0.00083	0.00083	0.00017	0.00083	0.00066	0.00066	0.96753
41	0.00143	0.00104	0.00136	0.00159	0.00170	0.00097	0.00112	0.00170	0.01070	0.00299	0.03900	0.75375	0.06942	0.00336	0.00143	0.00045	0.00068	0.10533	0.00104	0.00094
42	0.00137	0.00098	0.00131	0.00156	0.00164	0.00092	0.00105	0.00158	0.00217	0.00288	0.01411	0.91389	0.02271	0.00347	0.00143	0.00045	0.00066	0.02586	0.00104	0.00091
43	0.04094	0.00135	0.00169	0.00178	0.00210	0.00133	0.00145	0.00255	0.06247	0.04968	0.12508	0.11284	0.12030	0.00270	0.00138	0.00044	0.00084	0.44750	0.02248	0.00111
44	0.00695	0.00140	0.00175	0.00158	0.00196	0.01156	0.00121	0.02995	0.03956	0.14207	0.66579	0.04070	0.02036	0.01009	0.00131	0.00036	0.00066	0.01210	0.00942	0.00122
45	0.00161	0.00122	0.00183	0.00182	0.00201	0.00143	0.00142	0.00201	0.00180	0.00260	0.00297	0.00436	0.00277	0.00828	0.93980	0.00177	0.01951	0.00119	0.00060	0.00100
46	0.01232	0.03496	0.00187	0.00968	0.00194	0.02132	0.00119	0.03249	0.02839	0.11699	0.00699	0.06782	0.02721	0.36195	0.23088	0.02550	0.00150	0.00959	0.00637	0.00104

[dist]
# distance from previous block
# <min> <max>
0	3

[block]
# block no. 4 follows, 292 sequences, length 12
# corresponding to MSA columns:
# 1316-1323,1329-1332
name=unknown_E
#
# <colnr> <probs for GDERKNQSTAVLIFYWHMCP>
#	G	D	E	R	K	N	Q	S	T	A	V	L	I	F	Y	W	H	M	C	P
0	0.77349	0.06084	0.00212	0.00169	0.00238	0.09968	0.00139	0.02246	0.00212	0.00464	0.00160	0.00187	0.00127	0.00107	0.00079	0.00034	0.01971	0.00063	0.00067	0.00125
1	0.06281	0.00228	0.00954	0.01081	0.01179	0.13239	0.01045	0.16101	0.03486	0.03616	0.24238	0.15749	0.03708	0.00201	0.00136	0.02174	0.04272	0.00160	0.01365	0.00787
2	0.00273	0.00231	0.00248	0.00226	0.00286	0.00264	0.00179	0.04018	0.81200	0.00462	0.00463	0.00505	0.00369	0.00168	0.00118	0.00039	0.00091	0.10577	0.00113	0.00169
3	0.02873	0.05298	0.01290	0.11841	0.03630	0.02333	0.03587	0.10415	0.28733	0.01955	0.05109	0.02380	0.00985	0.01384	0.03004	0.08012	0.06315	0.00628	0.00084	0.00143
4	0.00159	0.00128	0.00144	0.00139	0.00175	0.00120	0.00105	0.00230	0.10776	0.00377	0.36970	0.00916	0.46454	0.00249	0.00131	0.00037	0.00060	0.02610	0.00112	0.00108
5	0.00186	0.00141	0.00170	0.00171	0.02841	0.00137	0.00125	0.02325	0.12876	0.02967	0.38086	0.08797	0.23862	0.00239	0.00130	0.00038	0.00068	0.06610	0.00112	0.00117
6	0.00154	0.00115	0.00143	0.00142	0.00167	0.00106	0.00105	0.00202	0.02566	0.00388	0.56483	0.17216	0.16095	0.02682	0.00145	0.00040	0.00059	0.02975	0.00114	0.00102
7	0.00237	0.00206	0.00256	0.00223	0.10784	0.00162	0.00156	0.00288	0.00234	0.00365	0.00200	0.00237	0.00167	0.00085	0.00086	0.00018	0.00088	0.00070	0.00065	0.86072
8	0.00236	0.01154	0.02425	0.04886	0.42304	0.01005	0.01660	0.01363	0.07415	0.01951	0.14728	0.08478	0.06328	0.00170	0.01375	0.00037	0.01100	0.01353	0.00079	0.01950
9	0.00223	0.00180	0.00224	0.00172	0.00248	0.00147	0.04769	0.01124	0.01238	0.03417	0.02031	0.02676	0.06785	0.12898	0.00159	0.00034	0.00089	0.01911	0.02210	0.59466
10	0.00172	0.02236	0.00157	0.00152	0.00177	0.00113	0.00107	0.00197	0.00221	0.04281	0.04655	0.50309	0.06935	0.15369	0.00200	0.00050	0.00077	0.03710	0.00095	0.10785
11	0.05527	0.00974	0.01545	0.43904	0.00509	0.00905	0.12222	0.01519	0.01304	0.01060	0.01993	0.02027	0.02374	0.12869	0.00197	0.03596	0.04113	0.02508	0.00738	0.00118

[dist]
# distance from previous block
# <min> <max>
2	39

[block]
# block no. 5 follows, 292 sequences, length 42
# corresponding to MSA columns:
# 1384-1386,1421-1437,1440-1461
name=unknown_F
#
# <colnr> <probs for GDERKNQSTAVLIFYWHMCP>
#	G	D	E	R	K	N	Q	S	T	A	V	L	I	F	Y	W	H	M	C	P
0	0.00146	0.00106	0.00132	0.00142	0.00158	0.00099	0.00098	0.00172	0.00238	0.00318	0.23378	0.41024	0.16420	0.12912	0.01630	0.00968	0.00071	0.01793	0.00103	0.00092
1	0.00320	0.55749	0.06007	0.00237	0.01161	0.25125	0.01416	0.00820	0.01194	0.00277	0.00169	0.00202	0.00149	0.00530	0.00503	0.00851	0.05030	0.00069	0.00052	0.00140
2	0.00138	0.00100	0.00130	0.00153	0.00162	0.00092	0.00104	0.00159	0.00220	0.00291	0.03331	0.84421	0.06872	0.01341	0.00146	0.00045	0.00065	0.02034	0.00104	0.00091
3	0.88091	0.01111	0.00185	0.01480	0.00235	0.00896	0.01328	0.02873	0.00201	0.00493	0.00161	0.00191	0.00126	0.00522	0.00079	0.00035	0.01736	0.00064	0.00069	0.00123
4	0.01559	0.00132	0.00160	0.00566	0.00185	0.00117	0.00107	0.01238	0.00229	0.03883	0.12158	0.07186	0.23302	0.05949	0.01099	0.21201	0.00079	0.00598	0.01006	0.19244
5	0.01934	0.00103	0.00129	0.00147	0.00157	0.00097	0.00098	0.00162	0.00211	0.00284	0.02598	0.68876	0.08480	0.13805	0.00204	0.01284	0.00071	0.01173	0.00098	0.00088
6	0.00160	0.00119	0.00178	0.00178	0.00197	0.00139	0.00137	0.00199	0.00181	0.00260	0.01315	0.00452	0.00291	0.03475	0.91969	0.00176	0.00292	0.00122	0.00061	0.00099
7	0.00173	0.00136	0.00210	0.00232	0.09773	0.00153	0.00993	0.00215	0.00191	0.00275	0.01607	0.01860	0.00863	0.02142	0.78984	0.00156	0.00759	0.01109	0.00062	0.00108
8	0.03249	0.00121	0.00151	0.00147	0.00177	0.00112	0.00109	0.00231	0.00710	0.10193	0.41750	0.24417	0.11432	0.03421	0.00144	0.00040	0.00064	0.01156	0.02266	0.00109
9	0.00165	0.00120	0.00177	0.00176	0.00196	0.00138	0.00135	0.00202	0.00180	0.01563	0.00305	0.00458	0.00288	0.07254	0.87902	0.00173	0.00284	0.00123	0.00062	0.00099
10	0.00176	0.00127	0.00176	0.00201	0.00226	0.00126	0.00173	0.00225	0.00255	0.00331	0.00608	0.06687	0.03176	0.00311	0.00153	0.00051	0.00100	0.86694	0.00103	0.00102
11	0.41022	0.00211	0.00214	0.00179	0.00248	0.00224	0.00145	0.16621	0.01418	0.24246	0.05384	0.04981	0.00666	0.01258	0.00104	0.00858	0.00092	0.00104	0.01879	0.00147
12	0.02069	0.00139	0.00182	0.00183	0.00218	0.00134	0.00146	0.04373	0.00262	0.18724	0.00530	0.29823	0.00550	0.04069	0.00153	0.00047	0.00089	0.34594	0.03595	0.00119
13	0.00141	0.00103	0.00132	0.00149	0.00162	0.00095	0.00103	0.00166	0.00230	0.00306	0.12972	0.66653	0.10451	0.04448	0.00966	0.00047	0.00067	0.02611	0.00104	0.00092
14	0.01221	0.00205	0.00254	0.00200	0.00279	0.00195	0.00163	0.16293	0.06100	0.60839	0.02572	0.00393	0.02983	0.00143	0.00110	0.00034	0.00094	0.00115	0.06252	0.01553
15	0.00170	0.00130	0.00153	0.00145	0.00180	0.00123	0.00110	0.00244	0.10984	0.01828	0.51649	0.00868	0.29714	0.00238	0.00130	0.00037	0.00060	0.03011	0.00116	0.00111
16	0.00162	0.00108	0.00122	0.00123	0.00123	0.00108	0.00068	0.00163	0.00163	0.00218	0.00357	0.02333	0.00412	0.94461	0.00562	0.00107	0.00108	0.00165	0.00068	0.00068
17	0.02621	0.00139	0.00143	0.00131	0.00168	0.00144	0.00101	0.11274	0.03671	0.03615	0.00354	0.00395	0.00274	0.00921	0.00088	0.00029	0.00064	0.00104	0.75642	0.00120
18	0.00268	0.00228	0.00246	0.00212	0.00283	0.00245	0.00166	0.01655	0.69492	0.01296	0.01496	0.01592	0.00313	0.00139	0.00107	0.00033	0.00087	0.00116	0.00103	0.21924
19	0.00408	0.00517	0.00327	0.00293	0.00350	0.89853	0.02706	0.00438	0.00311	0.00276	0.00173	0.00206	0.00145	0.00117	0.00111	0.00030	0.03479	0.00074	0.00057	0.00130
20	0.01424	0.00251	0.00295	0.00227	0.00314	0.00256	0.00187	0.47423	0.01064	0.46203	0.00352	0.00323	0.00233	0.00136	0.00112	0.00034	0.00109	0.00106	0.00761	0.00189
21	0.00133	0.00113	0.00114	0.00114	0.00152	0.00095	0.00086	0.00162	0.00257	0.00307	0.04109	0.01069	0.92348	0.00281	0.00132	0.00038	0.00057	0.00235	0.00104	0.00095
22	0.00418	0.00533	0.00317	0.00288	0.00346	0.95621	0.00216	0.00447	0.00317	0.00274	0.00173	0.00202	0.00144	0.00115	0.00101	0.00029	0.00202	0.00072	0.00058	0.00130
23	0.00134	0.00114	0.00116	0.00117	0.00154	0.00096	0.00088	0.00163	0.00255	0.00303	0.01113	0.01083	0.91921	0.00284	0.00133	0.00038	0.00058	0.03631	0.00104	0.00095
24	0.00148	0.00113	0.00152	0.00168	0.00177	0.00117	0.00119	0.00171	0.00210	0.00285	0.02103	0.73209	0.03200	0.01172	0.08920	0.00058	0.08042	0.01445	0.00095	0.00095
25	0.00496	0.00199	0.00265	0.00203	0.00290	0.00177	0.00168	0.07057	0.00334	0.88917	0.00429	0.00373	0.00271	0.00138	0.00112	0.00035	0.00097	0.00112	0.00137	0.00190
26	0.96860	0.00216	0.00164	0.00147	0.00216	0.00251	0.00121	0.00329	0.00190	0.00502	0.00156	0.00182	0.00121	0.00104	0.00069	0.00035	0.00087	0.00061	0.00069	0.00121
27	0.00139	0.00112	0.00123	0.00123	0.00156	0.00097	0.00091	0.00172	0.00266	0.00336	0.23597	0.09066	0.64778	0.00276	0.00133	0.00038	0.00056	0.00235	0.00108	0.00097
28	0.00418	0.00533	0.00317	0.00288	0.00346	0.95621	0.00216	0.00447	0.00317	0.00274	0.00173	0.00202	0.00144	0.00115	0.00101	0.00029	0.00202	0.00072	0.00058	0.00130
29	0.95078	0.00216	0.00166	0.00148	0.00218	0.00249	0.00122	0.00333	0.00193	0.02257	0.00161	0.00185	0.00124	0.00104	0.00070	0.00035	0.00087	0.00062	0.00070	0.00122
30	0.00149	0.00111	0.00133	0.00141	0.00164	0.00101	0.00100	0.02180	0.00251	0.01351	0.14031	0.43380	0.35094	0.00307	0.01342	0.00042	0.00065	0.00261	0.00698	0.00098
31	0.00224	0.00578	0.95490	0.00319	0.00484	0.00260	0.00413	0.00354	0.00236	0.00354	0.00201	0.00236	0.00142	0.00106	0.00106	0.00035	0.00165	0.00083	0.00047	0.00165
32	0.05294	0.00159	0.00196	0.00167	0.00218	0.00152	0.00131	0.07390	0.03420	0.24874	0.52963	0.00618	0.01209	0.00187	0.00120	0.00035	0.00072	0.00159	0.01698	0.00939
33	0.69885	0.00230	0.00200	0.00171	0.00243	0.00261	0.00140	0.17883	0.02475	0.03849	0.00222	0.00814	0.02389	0.00119	0.00082	0.00035	0.00093	0.00690	0.00082	0.00137
34	0.00264	0.00302	0.00660	0.00471	0.00584	0.00283	0.94966	0.00358	0.00264	0.00358	0.00226	0.00302	0.00170	0.00094	0.00132	0.00038	0.00189	0.00132	0.00057	0.00151
35	0.01357	0.00273	0.00299	0.00236	0.00318	0.00296	0.00193	0.59437	0.16597	0.14408	0.00327	0.00314	0.00231	0.00137	0.00110	0.00034	0.00110	0.00106	0.03659	0.01559
36	0.00151	0.00107	0.00132	0.00142	0.00161	0.00098	0.00099	0.00177	0.00239	0.02421	0.16463	0.45825	0.22994	0.06510	0.01151	0.01306	0.00067	0.00955	0.00906	0.00095
37	0.00152	0.00115	0.00137	0.00133	0.00161	0.00104	0.00098	0.00197	0.01484	0.00386	0.57070	0.03350	0.28883	0.06348	0.00159	0.00041	0.00058	0.00211	0.00813	0.00100
38	0.00134	0.00113	0.00116	0.00117	0.00153	0.00095	0.00087	0.00162	0.00255	0.00306	0.03611	0.05332	0.87542	0.00285	0.00133	0.00038	0.00057	0.01265	0.00104	0.00095
39	0.10970	0.00212	0.00256	0.00200	0.00283	0.00204	0.00165	0.16466	0.02035	0.63709	0.01322	0.00346	0.00254	0.00135	0.00107	0.00034	0.00097	0.00106	0.02919	0.00179
40	0.08716	0.00143	0.00167	0.00160	0.00196	0.00141	0.00120	0.06447	0.02312	0.13393	0.10444	0.33991	0.07409	0.03185	0.00619	0.00438	0.00076	0.02932	0.08994	0.00118
41	0.02236	0.00239	0.00268	0.00220	0.00288	0.00255	0.00176	0.55300	0.01145	0.12768	0.00904	0.18894	0.00331	0.02601	0.00129	0.00038	0.00105	0.02513	0.01425	0.00163

[dist]
# distance from previous block
# <min> <max>
0	9

[block]
# block no. 6 follows, 292 sequences, length 9
# corresponding to MSA columns:
# 1471-1479
name=unknown_G
#
# <colnr> <probs for GDERKNQSTAVLIFYWHMCP>
#	G	D	E	R	K	N	Q	S	T	A	V	L	I	F	Y	W	H	M	C	P
0	0.00142	0.00111	0.00129	0.00132	0.00159	0.00098	0.00096	0.00176	0.00262	0.00339	0.27904	0.20284	0.44366	0.02877	0.00147	0.00041	0.00060	0.02473	0.00108	0.00096
1	0.00209	0.00131	0.00160	0.00156	0.00190	0.00122	0.00116	0.04235	0.03028	0.13414	0.15521	0.31912	0.22074	0.02490	0.00141	0.00041	0.00071	0.03690	0.02183	0.00115
2	0.02888	0.00132	0.00150	0.00148	0.00181	0.00126	0.00108	0.03316	0.07293	0.06653	0.08528	0.28850	0.31155	0.05102	0.00150	0.00042	0.00069	0.00222	0.04778	0.00110
3	0.00285	0.00306	0.00253	0.00237	0.02403	0.37072	0.00172	0.03039	0.01735	0.00274	0.00253	0.04098	0.00255	0.26281	0.07680	0.00066	0.15299	0.00116	0.00063	0.00111
4	0.00379	0.32381	0.00408	0.00254	0.00326	0.57756	0.00208	0.06508	0.00300	0.00298	0.00173	0.00199	0.00147	0.00110	0.00092	0.00027	0.00169	0.00070	0.00058	0.00138
5	0.01422	0.00125	0.00149	0.00149	0.00177	0.00119	0.00108	0.04989	0.01743	0.06547	0.10735	0.36315	0.22903	0.08413	0.00168	0.00046	0.00071	0.02104	0.03612	0.00105
6	0.01269	0.00125	0.00152	0.00157	0.00182	0.01034	0.00116	0.02069	0.01801	0.03418	0.15704	0.36485	0.16974	0.02923	0.03584	0.01314	0.01005	0.09001	0.01116	0.01570
7	0.00220	0.00339	0.35634	0.01585	0.02445	0.03097	0.15458	0.01198	0.00228	0.01389	0.01696	0.03251	0.00235	0.04317	0.23574	0.01674	0.01896	0.01570	0.00059	0.00135
8	0.00153	0.00113	0.00142	0.00156	0.00173	0.00108	0.00111	0.03052	0.02498	0.00311	0.04178	0.62326	0.14252	0.03102	0.03579	0.00050	0.00077	0.05419	0.00102	0.00097

[dist]
# distance from previous block
# <min> <max>
5	44

[block]
# block no. 7 follows, 292 sequences, length 25
# corresponding to MSA columns:
# 1540-1564
name=unknown_H
#
# <colnr> <probs for GDERKNQSTAVLIFYWHMCP>
#	G	D	E	R	K	N	Q	S	T	A	V	L	I	F	Y	W	H	M	C	P
0	0.01729	0.27805	0.23911	0.04640	0.04096	0.03107	0.08199	0.06490	0.01924	0.06572	0.00893	0.03402	0.00194	0.00137	0.02054	0.01030	0.02409	0.00614	0.00064	0.00731
1	0.05388	0.10812	0.01094	0.08407	0.00659	0.07052	0.01175	0.14669	0.04528	0.25254	0.04337	0.03044	0.01034	0.01266	0.01972	0.00037	0.03451	0.00108	0.02028	0.03687
2	0.00252	0.00250	0.00346	0.00294	0.00302	0.01893	0.02930	0.01146	0.02511	0.01131	0.00163	0.00254	0.00155	0.00197	0.01456	0.00049	0.86394	0.00100	0.00052	0.00126
3	0.00184	0.00130	0.01346	0.02338	0.00208	0.00120	0.02919	0.02314	0.01331	0.07632	0.11360	0.51871	0.09663	0.02503	0.03590	0.00048	0.00083	0.01591	0.00660	0.00107
4	0.00169	0.00122	0.00138	0.02050	0.00152	0.01741	0.00087	0.00851	0.01063	0.00238	0.00398	0.09556	0.03568	0.74549	0.01613	0.00095	0.01429	0.02032	0.00073	0.00077
5	0.00413	0.00305	0.00329	0.02597	0.00352	0.00338	0.00211	0.89149	0.01977	0.00685	0.00272	0.00275	0.00194	0.00134	0.00111	0.00034	0.00122	0.00101	0.02217	0.00186
6	0.00177	0.00113	0.00143	0.00154	0.00174	0.00104	0.00108	0.01211	0.00847	0.09385	0.01978	0.62959	0.14839	0.05357	0.00160	0.00046	0.00070	0.01966	0.00106	0.00102
7	0.00185	0.01193	0.00197	0.01503	0.00217	0.00861	0.01410	0.04804	0.01787	0.00300	0.02623	0.00464	0.00855	0.05642	0.68292	0.00142	0.01819	0.02158	0.05442	0.00106
8	0.00153	0.00107	0.00129	0.00139	0.00146	0.00104	0.00088	0.00169	0.01375	0.00263	0.03963	0.36468	0.05828	0.47196	0.00351	0.00076	0.00087	0.03191	0.00087	0.00082
9	0.00838	0.00121	0.00154	0.00169	0.00194	0.00116	0.00134	0.01777	0.01395	0.00332	0.07158	0.27999	0.18361	0.00302	0.00143	0.00045	0.00079	0.39204	0.01377	0.00101
10	0.00167	0.00130	0.00182	0.00177	0.00208	0.00121	0.07663	0.00210	0.03308	0.01864	0.03703	0.42513	0.22432	0.00920	0.00138	0.00042	0.00078	0.09630	0.03742	0.02774
11	0.00241	0.00201	0.00235	0.00168	0.00267	0.00154	0.00135	0.02328	0.00240	0.02060	0.00205	0.00235	0.00168	0.00085	0.00084	0.00017	0.00084	0.00068	0.00069	0.92958
12	0.00158	0.00108	0.00130	0.00135	0.00139	0.00108	0.00084	0.00166	0.00175	0.00235	0.00398	0.18728	0.00457	0.66009	0.10116	0.01321	0.00119	0.01264	0.00074	0.00076
13	0.00173	0.00119	0.00139	0.00141	0.00167	0.00111	0.00100	0.00214	0.05056	0.05423	0.12779	0.26921	0.28440	0.13087	0.00193	0.01184	0.00070	0.01302	0.04282	0.00101
14	0.42866	0.00194	0.00200	0.00168	0.00235	0.00202	0.00135	0.02523	0.03378	0.34549	0.00303	0.00346	0.00229	0.10913	0.00145	0.00043	0.00093	0.01563	0.01773	0.00143
15	0.00212	0.00158	0.00182	0.00168	0.00207	0.01045	0.00128	0.01438	0.28118	0.03062	0.52303	0.02863	0.01315	0.00197	0.00121	0.00035	0.00067	0.00170	0.08081	0.00130
16	0.00327	0.00240	0.00255	0.00214	0.00280	0.00820	0.00171	0.38244	0.32545	0.03658	0.02265	0.01424	0.00290	0.00146	0.00108	0.00034	0.00096	0.01133	0.17584	0.00166
17	0.02389	0.00124	0.00155	0.00159	0.00183	0.00119	0.00113	0.03727	0.01466	0.11115	0.04204	0.51988	0.04581	0.09625	0.00182	0.02533	0.00076	0.03501	0.03653	0.00106
18	0.32699	0.00200	0.00226	0.00180	0.00260	0.00195	0.00148	0.02491	0.00277	0.55470	0.02479	0.00316	0.00236	0.00126	0.00097	0.00034	0.00091	0.00095	0.00111	0.04267
19	0.00139	0.00100	0.00132	0.00154	0.00162	0.00095	0.00104	0.00160	0.00214	0.00286	0.02676	0.80797	0.04309	0.04928	0.04182	0.00054	0.00077	0.01242	0.00101	0.00091
20	0.00150	0.00104	0.00136	0.00153	0.00162	0.00100	0.00104	0.00168	0.00208	0.00935	0.03150	0.59328	0.03378	0.16012	0.07057	0.03579	0.00092	0.05003	0.00094	0.00088
21	0.00687	0.00173	0.00256	0.06623	0.17307	0.00185	0.02015	0.07468	0.01436	0.05285	0.05444	0.04021	0.02580	0.03496	0.28323	0.08289	0.01923	0.01299	0.03065	0.00124
22	0.00214	0.00190	0.00269	0.01384	0.02615	0.00647	0.01711	0.00239	0.00181	0.01430	0.01324	0.02243	0.01356	0.14195	0.20105	0.02880	0.48730	0.00120	0.00058	0.00109
23	0.00415	0.00527	0.00316	0.00287	0.00345	0.93628	0.00215	0.00450	0.02300	0.00278	0.00179	0.00206	0.00148	0.00116	0.00101	0.00029	0.00199	0.00073	0.00059	0.00131
24	0.00204	0.00120	0.00186	0.07556	0.07473	0.00124	0.00135	0.00181	0.00626	0.01256	0.01087	0.01674	0.00215	0.01140	0.01518	0.75018	0.00106	0.01261	0.00053	0.00069

[dist]
# distance from previous block
# <min> <max>
0	6

[block]
# block no. 8 follows, 292 sequences, length 51
# corresponding to MSA columns:
# 1571-1616,1618-1622
name=unknown_I
#
# <colnr> <probs for GDERKNQSTAVLIFYWHMCP>
#	G	D	E	R	K	N	Q	S	T	A	V	L	I	F	Y	W	H	M	C	P
0	0.00163	0.00119	0.00173	0.00172	0.00190	0.00137	0.00131	0.00809	0.00180	0.00259	0.00305	0.00471	0.00293	0.11819	0.82028	0.01069	0.00272	0.00124	0.01190	0.00096
1	0.00232	0.00199	0.00232	0.00166	0.00265	0.00149	0.00133	0.00282	0.00232	0.00364	0.00199	0.00232	0.00166	0.00083	0.00083	0.00017	0.00083	0.00066	0.00066	0.96753
2	0.00465	0.00249	0.00296	0.00227	0.00315	0.00252	0.00187	0.45846	0.00419	0.50009	0.00358	0.00327	0.00235	0.00136	0.00112	0.00034	0.00109	0.00107	0.00126	0.00190
3	0.01003	0.00565	0.04549	0.30778	0.21772	0.01411	0.07603	0.22248	0.01646	0.03734	0.01692	0.01326	0.00193	0.00119	0.00115	0.00035	0.00876	0.00106	0.00072	0.00158
4	0.00205	0.00127	0.00166	0.00150	0.00185	0.00117	0.00115	0.01629	0.00737	0.12392	0.77208	0.02390	0.03087	0.00219	0.00129	0.00035	0.00060	0.00808	0.00124	0.00117
5	0.00163	0.00108	0.00122	0.00122	0.00122	0.00108	0.00068	0.00163	0.00163	0.00217	0.00352	0.00732	0.00407	0.96070	0.00569	0.00108	0.00108	0.00163	0.00068	0.00068
6	0.07937	0.00128	0.00155	0.00142	0.00177	0.00120	0.00108	0.00224	0.00299	0.00444	0.78347	0.00744	0.03072	0.00209	0.00123	0.00034	0.00058	0.00182	0.00961	0.06538
7	0.96860	0.00216	0.00164	0.00147	0.00216	0.00251	0.00121	0.00329	0.00190	0.00502	0.00156	0.00182	0.00121	0.00104	0.00069	0.00035	0.00087	0.00061	0.00069	0.00121
8	0.00299	0.96137	0.00586	0.00191	0.00287	0.00442	0.00191	0.00335	0.00227	0.00263	0.00155	0.00179	0.00144	0.00096	0.00072	0.00024	0.00120	0.00060	0.00048	0.00144
9	0.00284	0.00243	0.00256	0.00229	0.00293	0.00281	0.00178	0.04358	0.91397	0.00477	0.00448	0.00411	0.00335	0.00151	0.00114	0.00038	0.00090	0.00125	0.00114	0.00178
10	0.00159	0.00112	0.00147	0.00149	0.00158	0.00120	0.00101	0.00178	0.00174	0.00240	0.00350	0.07700	0.00378	0.48717	0.40691	0.00134	0.00186	0.00156	0.00067	0.00083
11	0.00229	0.00130	0.00134	0.00128	0.00162	0.00135	0.00098	0.00324	0.15865	0.03506	0.01766	0.00422	0.00307	0.00136	0.00086	0.00028	0.00060	0.00110	0.76257	0.00119
12	0.00164	0.00125	0.00181	0.00180	0.00201	0.01312	0.00140	0.00203	0.00182	0.00262	0.00299	0.00436	0.00278	0.00821	0.93309	0.00176	0.00295	0.00119	0.01216	0.00100
13	0.00162	0.00108	0.00125	0.00125	0.00127	0.00108	0.00072	0.00164	0.00169	0.00227	0.03297	0.04059	0.00431	0.85942	0.02028	0.02442	0.00108	0.00167	0.00070	0.00070
14	0.00472	0.00210	0.00268	0.00208	0.00292	0.00196	0.00171	0.15274	0.04377	0.74364	0.02687	0.00376	0.00285	0.00140	0.00113	0.00035	0.00098	0.00113	0.00133	0.00188
15	0.96860	0.00216	0.00164	0.00147	0.00216	0.00251	0.00121	0.00329	0.00190	0.00502	0.00156	0.00182	0.00121	0.00104	0.00069	0.00035	0.00087	0.00061	0.00069	0.00121
16	0.00180	0.00128	0.00177	0.00201	0.00227	0.00127	0.00175	0.00230	0.00256	0.00334	0.00595	0.01235	0.02387	0.01553	0.00158	0.00051	0.00101	0.89790	0.01994	0.00102
17	0.00277	0.00201	0.00225	0.00200	0.00257	0.00217	0.00156	0.03165	0.54229	0.12992	0.17214	0.03914	0.05529	0.00177	0.00119	0.00037	0.00081	0.00150	0.00701	0.00159
18	0.00157	0.00108	0.00126	0.00131	0.00136	0.00106	0.00081	0.00166	0.00185	0.00244	0.03125	0.16172	0.05766	0.68388	0.00446	0.00090	0.00097	0.04323	0.00079	0.00076
19	0.00952	0.00191	0.00256	0.00198	0.00281	0.00169	0.00163	0.04111	0.00326	0.85812	0.04333	0.00398	0.01065	0.00142	0.00113	0.00034	0.00094	0.00116	0.00135	0.01111
20	0.00171	0.00121	0.00155	0.00145	0.00175	0.00113	0.00110	0.00233	0.03884	0.02658	0.82629	0.00819	0.04321	0.00226	0.00130	0.00036	0.00056	0.02171	0.01737	0.00110
21	0.01031	0.01818	0.00175	0.00152	0.00189	0.00129	0.00117	0.02947	0.02176	0.10193	0.75531	0.00752	0.03511	0.00213	0.00127	0.00035	0.00061	0.00185	0.00540	0.00119
22	0.73081	0.00222	0.00195	0.00165	0.00239	0.00248	0.00136	0.10059	0.00243	0.13545	0.00208	0.00220	0.00151	0.00112	0.00080	0.00034	0.00091	0.00072	0.00764	0.00138
23	0.00133	0.00113	0.00114	0.00114	0.00152	0.00095	0.00086	0.00162	0.00257	0.00307	0.04187	0.01068	0.92269	0.00281	0.00132	0.00038	0.00057	0.00235	0.00104	0.00095
24	0.00160	0.00126	0.00183	0.00185	0.00205	0.00122	0.07489	0.03029	0.01473	0.00310	0.01707	0.73377	0.06005	0.01020	0.00147	0.00044	0.01835	0.02046	0.00438	0.00101
