[name]
unknown

[dist]
# distance from previous block
# <min> <max>
2	1015

[block]
# block no. 0 follows, 333 sequences, length 6
# corresponding to MSA columns:
# 1716-1721
name=unknown_A
#
# <colnr> <probs for GDERKNQSTAVLIFYWHMCP>
#	G	D	E	R	K	N	Q	S	T	A	V	L	I	F	Y	W	H	M	C	P
0	0.00215	0.01430	0.01410	0.35476	0.14733	0.01644	0.10153	0.03299	0.03684	0.05187	0.04317	0.06692	0.01733	0.02958	0.02376	0.00037	0.00119	0.02679	0.00062	0.01795
1	0.02537	0.03417	0.10246	0.04202	0.00225	0.00141	0.01425	0.02765	0.02743	0.10731	0.18207	0.09147	0.27511	0.01624	0.01886	0.00036	0.00080	0.02884	0.00087	0.00109
2	0.00305	0.02712	0.06802	0.06212	0.14759	0.05174	0.17256	0.08098	0.00263	0.29379	0.03562	0.02597	0.00218	0.00124	0.02061	0.00033	0.00120	0.00102	0.00078	0.00145
3	0.05389	0.01365	0.07422	0.02516	0.06974	0.02107	0.04556	0.15627	0.02875	0.22838	0.11642	0.06327	0.02647	0.02844	0.01938	0.00035	0.00098	0.01244	0.00087	0.01468
4	0.05091	0.02621	0.01383	0.13478	0.21174	0.01339	0.09163	0.09079	0.03233	0.15811	0.02884	0.04663	0.00232	0.01291	0.00109	0.01503	0.00108	0.04118	0.00072	0.02647
5	0.02102	0.02585	0.01935	0.09686	0.08374	0.01548	0.07783	0.03149	0.06032	0.11222	0.07309	0.15570	0.06349	0.07713	0.01572	0.00041	0.00096	0.06741	0.00079	0.00115

[dist]
# distance from previous block
# <min> <max>
73	194

[block]
# block no. 1 follows, 333 sequences, length 8
# corresponding to MSA columns:
# 2057-2064
name=unknown_B
#
# <colnr> <probs for GDERKNQSTAVLIFYWHMCP>
#	G	D	E	R	K	N	Q	S	T	A	V	L	I	F	Y	W	H	M	C	P
0	0.06208	0.01423	0.00288	0.29916	0.16437	0.01376	0.03133	0.11587	0.03004	0.03393	0.00217	0.05687	0.00181	0.00123	0.01881	0.00032	0.02832	0.00095	0.00061	0.12126
1	0.03193	0.00190	0.01310	0.54059	0.16793	0.00215	0.01422	0.01703	0.05612	0.03663	0.01157	0.01322	0.01118	0.00112	0.00104	0.00033	0.02124	0.03810	0.00056	0.02005
2	0.10238	0.01075	0.09048	0.03337	0.04047	0.05035	0.11084	0.12881	0.12266	0.14826	0.02398	0.01279	0.01015	0.00113	0.00100	0.00030	0.02087	0.00965	0.00077	0.08099
3	0.00145	0.00102	0.00123	0.00131	0.00140	0.00100	0.00086	0.05539	0.00190	0.00252	0.00461	0.45214	0.05721	0.37750	0.00271	0.00061	0.00076	0.03480	0.00080	0.00078
4	0.00231	0.02118	0.06400	0.11265	0.25228	0.04469	0.11257	0.04702	0.01367	0.04104	0.06152	0.04957	0.03964	0.00125	0.00119	0.00032	0.07726	0.00109	0.05547	0.00129
5	0.00142	0.00096	0.00110	0.00112	0.00114	0.00095	0.00066	0.00146	0.00152	0.00201	0.00354	0.04899	0.03687	0.85330	0.00459	0.00089	0.00092	0.03729	0.00064	0.00063
6	0.00251	0.00252	0.00240	0.00220	0.03186	0.28514	0.02239	0.01819	0.03464	0.05181	0.25057	0.01654	0.03269	0.00168	0.02076	0.00035	0.20092	0.02097	0.00073	0.00112
7	0.00235	0.05774	0.29833	0.03507	0.05850	0.02291	0.21792	0.00336	0.11262	0.05032	0.00215	0.00247	0.00162	0.00098	0.00104	0.00030	0.03347	0.00088	0.00057	0.09740

[dist]
# distance from previous block
# <min> <max>
0	3

[block]
# block no. 2 follows, 333 sequences, length 13
# corresponding to MSA columns:
# 2068-2070,2072,2073,2080-2087
name=unknown_C
#
# <colnr> <probs for GDERKNQSTAVLIFYWHMCP>
#	G	D	E	R	K	N	Q	S	T	A	V	L	I	F	Y	W	H	M	C	P
0	0.00246	0.03383	0.19827	0.02859	0.31782	0.00213	0.07680	0.01317	0.01150	0.10038	0.00213	0.00247	0.01187	0.00094	0.00098	0.00028	0.02148	0.00084	0.00058	0.17347
1	0.80783	0.05855	0.00174	0.05901	0.00220	0.00225	0.00119	0.00286	0.00174	0.00416	0.00149	0.00177	0.00117	0.00093	0.00064	0.00030	0.00080	0.00057	0.04974	0.00108
2	0.00244	0.01776	0.03126	0.07996	0.47342	0.00227	0.01352	0.10743	0.09317	0.01173	0.01741	0.00285	0.00193	0.05570	0.01377	0.00035	0.01385	0.00093	0.00061	0.05964
3	0.00166	0.00129	0.05778	0.00144	0.00165	0.00117	0.00111	0.00185	0.00167	0.05967	0.01627	0.03030	0.05357	0.35001	0.29117	0.09683	0.01925	0.01187	0.00062	0.00082
4	0.00217	0.00219	0.15574	0.01322	0.00264	0.00173	0.06505	0.14182	0.07911	0.07541	0.15481	0.02389	0.21447	0.00169	0.00109	0.00033	0.00090	0.06163	0.00087	0.00124
5	0.00259	0.02751	0.06645	0.07018	0.34050	0.02034	0.16081	0.01272	0.04105	0.14273	0.05866	0.01437	0.01287	0.00110	0.00106	0.00031	0.01664	0.00804	0.00066	0.00142
6	0.00207	0.09579	0.08384	0.02467	0.04657	0.00193	0.29486	0.00263	0.00228	0.06646	0.08943	0.11156	0.13298	0.00154	0.00109	0.00033	0.00109	0.03898	0.00070	0.00119
7	0.11493	0.00198	0.04606	0.00192	0.00272	0.00172	0.05764	0.05260	0.00273	0.70230	0.00332	0.00301	0.00214	0.00115	0.00096	0.00031	0.00092	0.00093	0.00106	0.00158
8	0.02853	0.06601	0.35055	0.03135	0.00966	0.17688	0.16342	0.02612	0.01653	0.02236	0.00891	0.02425	0.00731	0.00104	0.00096	0.00030	0.00785	0.00700	0.04967	0.00130
9	0.00227	0.02735	0.10583	0.22117	0.08016	0.02031	0.19648	0.01431	0.01335	0.10861	0.01499	0.08032	0.07935	0.00132	0.00108	0.00033	0.01326	0.01759	0.00065	0.00125
10	0.00164	0.00128	0.02745	0.01335	0.02630	0.00115	0.04196	0.01350	0.01486	0.05519	0.08787	0.32384	0.14096	0.02503	0.00131	0.00039	0.00076	0.22127	0.00089	0.00097
11	0.00192	0.00178	0.00298	0.76425	0.08357	0.00213	0.02797	0.02303	0.00206	0.00268	0.00207	0.07740	0.00176	0.00114	0.00101	0.00033	0.00125	0.00104	0.00049	0.00113
12	0.00252	0.05080	0.04862	0.21777	0.02288	0.01930	0.09991	0.01371	0.11644	0.19927	0.01246	0.08535	0.02820	0.02508	0.00113	0.00034	0.00106	0.04749	0.00638	0.00128

[dist]
# distance from previous block
# <min> <max>
3	6

[block]
# block no. 3 follows, 333 sequences, length 6
# corresponding to MSA columns:
# 2094-2099
name=unknown_D
#
# <colnr> <probs for GDERKNQSTAVLIFYWHMCP>
#	G	D	E	R	K	N	Q	S	T	A	V	L	I	F	Y	W	H	M	C	P
0	0.00203	0.02574	0.08327	0.02521	0.04280	0.00135	0.00153	0.00242	0.00216	0.17046	0.03374	0.36134	0.04157	0.00248	0.05372	0.00043	0.02619	0.12162	0.00086	0.00109
1	0.12232	0.05409	0.04751	0.12241	0.16052	0.00220	0.24565	0.02764	0.00226	0.08627	0.05297	0.02325	0.01758	0.02980	0.00110	0.00033	0.00118	0.00102	0.00062	0.00129
2	0.08573	0.03363	0.13524	0.03348	0.10840	0.02298	0.08944	0.06252	0.02814	0.20646	0.02440	0.04482	0.03210	0.06180	0.00123	0.00035	0.00106	0.01379	0.01310	0.00134
3	0.01582	0.05093	0.19726	0.18986	0.18506	0.04372	0.03347	0.02909	0.00219	0.05943	0.00255	0.03960	0.05521	0.04930	0.00127	0.00035	0.04205	0.00100	0.00056	0.00128
4	0.02283	0.02384	0.11682	0.04013	0.05339	0.00152	0.04634	0.02058	0.05637	0.04928	0.04433	0.07973	0.35344	0.00222	0.06517	0.00041	0.00096	0.02074	0.00078	0.00110
5	0.04155	0.00232	0.11002	0.13284	0.07337	0.03782	0.05184	0.10288	0.02277	0.23148	0.00296	0.09169	0.01627	0.01795	0.00115	0.00034	0.03026	0.03037	0.00078	0.00135

[dist]
# distance from previous block
# <min> <max>
17	73

[block]
# block no. 4 follows, 333 sequences, length 7
# corresponding to MSA columns:
# 2319-2325
name=unknown_E
#
# <colnr> <probs for GDERKNQSTAVLIFYWHMCP>
#	G	D	E	R	K	N	Q	S	T	A	V	L	I	F	Y	W	H	M	C	P
0	0.19682	0.13474	0.14635	0.01964	0.02233	0.02096	0.04342	0.02210	0.05706	0.05671	0.04097	0.02567	0.04544	0.01515	0.00096	0.01180	0.00097	0.02503	0.00065	0.11323
1	0.02450	0.09143	0.25424	0.01160	0.02197	0.01358	0.04997	0.05963	0.02475	0.13284	0.03476	0.08988	0.01198	0.00993	0.01703	0.00032	0.01771	0.01485	0.00069	0.11835
2	0.00183	0.00168	0.06722	0.00175	0.04551	0.00132	0.03556	0.00240	0.04344	0.04378	0.25150	0.02574	0.18031	0.00156	0.00101	0.00028	0.00073	0.01884	0.01808	0.25749
3	0.00211	0.02980	0.04553	0.00154	0.00239	0.00145	0.00130	0.00265	0.03374	0.03402	0.03643	0.00251	0.02556	0.00087	0.00078	0.00018	0.00076	0.00070	0.00063	0.77703
4	0.05928	0.26046	0.19928	0.01843	0.04344	0.04726	0.03561	0.05820	0.01826	0.11382	0.01414	0.02643	0.01797	0.01022	0.03384	0.00033	0.01773	0.00084	0.00062	0.02385
5	0.00151	0.00109	0.00130	0.00125	0.00153	0.00099	0.00094	0.02099	0.02103	0.03392	0.43157	0.07329	0.29941	0.01952	0.00129	0.02307	0.00055	0.03646	0.01548	0.01480
6	0.00198	0.00511	0.96014	0.00282	0.00428	0.00230	0.00365	0.00313	0.00209	0.00313	0.00177	0.00209	0.00125	0.00094	0.00094	0.00031	0.00146	0.00073	0.00042	0.00146

[dist]
# distance from previous block
# <min> <max>
10	91

[block]
# block no. 5 follows, 333 sequences, length 17
# corresponding to MSA columns:
# 2475-2491
name=unknown_F
#
# <colnr> <probs for GDERKNQSTAVLIFYWHMCP>
#	G	D	E	R	K	N	Q	S	T	A	V	L	I	F	Y	W	H	M	C	P
0	0.02922	0.13211	0.13582	0.01563	0.04135	0.02205	0.02657	0.21148	0.07932	0.03116	0.01760	0.00878	0.02284	0.10749	0.00140	0.00036	0.01875	0.00823	0.07731	0.01252
1	0.25321	0.01552	0.00778	0.08477	0.10155	0.01928	0.00826	0.01685	0.02475	0.04852	0.04900	0.08617	0.13990	0.01037	0.01693	0.01214	0.00086	0.00873	0.00071	0.09470
2	0.00136	0.00110	0.00121	0.00118	0.00148	0.00102	0.00088	0.00190	0.09363	0.00310	0.24607	0.05484	0.54618	0.04005	0.00131	0.00036	0.00054	0.00193	0.00096	0.00092
3	0.00260	0.02207	0.00236	0.00208	0.02328	0.04098	0.00159	0.11786	0.64010	0.02587	0.05068	0.02451	0.00308	0.02340	0.00113	0.00034	0.01450	0.00112	0.00095	0.00148
4	0.04633	0.03587	0.01853	0.05418	0.05840	0.22859	0.01701	0.13480	0.03908	0.02632	0.02131	0.04368	0.10728	0.00685	0.00128	0.00032	0.12288	0.01026	0.01785	0.00918
5	0.00139	0.00109	0.00157	0.00159	0.00176	0.01589	0.04813	0.00168	0.00187	0.00255	0.06730	0.47097	0.00486	0.02853	0.34502	0.00083	0.00139	0.00197	0.00076	0.00087
6	0.00133	0.00101	0.00122	0.00118	0.00145	0.00091	0.00090	0.00171	0.00258	0.00345	0.56983	0.00834	0.35116	0.00223	0.00118	0.00033	0.00050	0.04879	0.00102	0.00090
7	0.00205	0.00378	0.51232	0.00308	0.00416	0.00232	0.28123	0.00295	0.00210	0.00304	0.02477	0.01336	0.00164	0.00135	0.04861	0.00039	0.09010	0.00094	0.00047	0.00134
8	0.00217	0.00218	0.00296	0.00255	0.00257	0.02415	0.00211	0.00238	0.00156	0.00239	0.00156	0.00237	0.02994	0.00174	0.00313	0.00043	0.91338	0.00090	0.00045	0.00108
9	0.00205	0.00176	0.00205	0.00146	0.00234	0.00132	0.00117	0.00249	0.00205	0.00322	0.00176	0.00205	0.00146	0.00073	0.00073	0.00015	0.00073	0.00059	0.00059	0.97131
10	0.00196	0.00134	0.01433	0.02640	0.01854	0.00120	0.00860	0.00959	0.05266	0.14788	0.26904	0.03872	0.29280	0.00194	0.01395	0.00033	0.00067	0.00921	0.01681	0.07406
11	0.00209	0.00196	0.02162	0.07346	0.05066	0.00179	0.26606	0.01468	0.06259	0.03048	0.02916	0.07985	0.03726	0.05533	0.00124	0.00032	0.00107	0.01797	0.00065	0.25175
12	0.00144	0.00109	0.00137	0.00147	0.03096	0.00100	0.01075	0.01073	0.01561	0.02478	0.13667	0.28699	0.33880	0.01865	0.00126	0.00037	0.00062	0.10132	0.00092	0.01519
13	0.01188	0.07371	0.25498	0.08719	0.13705	0.13418	0.04240	0.04951	0.00233	0.04171	0.00196	0.02349	0.00701	0.00102	0.00098	0.00028	0.02733	0.00082	0.00640	0.09576
14	0.04765	0.00173	0.00200	0.02235	0.00235	0.01199	0.00122	0.03817	0.01169	0.11377	0.02396	0.02457	0.02309	0.02982	0.00094	0.00022	0.00077	0.00080	0.02298	0.61994
15	0.00846	0.01746	0.02325	0.00180	0.02458	0.03361	0.04641	0.02327	0.01085	0.04940	0.01311	0.04721	0.02366	0.00099	0.00085	0.00020	0.00877	0.01176	0.00065	0.65371
16	0.17692	0.02895	0.06068	0.02591	0.05354	0.03087	0.11568	0.03740	0.07431	0.14506	0.13743	0.00363	0.01031	0.02786	0.01901	0.00642	0.00101	0.02586	0.01788	0.00126

[dist]
# distance from previous block
# <min> <max>
14	48

[block]
# block no. 6 follows, 333 sequences, length 6
# corresponding to MSA columns:
# 2568-2573
name=unknown_G
#
# <colnr> <probs for GDERKNQSTAVLIFYWHMCP>
#	G	D	E	R	K	N	Q	S	T	A	V	L	I	F	Y	W	H	M	C	P
0	0.00255	0.04247	0.09050	0.00207	0.02674	0.02038	0.05614	0.19928	0.00266	0.06428	0.00236	0.09034	0.00201	0.00111	0.00090	0.00025	0.00096	0.00093	0.00071	0.39338
1	0.00232	0.00178	0.00219	0.00177	0.03522	0.00150	0.01938	0.06214	0.04027	0.08510	0.02379	0.06325	0.00220	0.00105	0.00085	0.00021	0.00079	0.01922	0.00072	0.63626
2	0.00202	0.10528	0.07273	0.03784	0.00246	0.04714	0.00143	0.00245	0.00210	0.01904	0.05932	0.11192	0.02948	0.04652	0.00107	0.00027	0.00087	0.01626	0.00064	0.44115
3	0.04869	0.00310	0.28295	0.02339	0.08019	0.00231	0.05376	0.26571	0.02262	0.05485	0.03259	0.00248	0.00178	0.00103	0.00094	0.00029	0.00114	0.00084	0.00069	0.12065
4	0.06367	0.02116	0.00208	0.04669	0.00243	0.02195	0.03053	0.00243	0.00200	0.02751	0.00230	0.10837	0.00218	0.07909	0.00116	0.00027	0.00082	0.00094	0.00063	0.58378
5	0.00285	0.00216	0.00348	0.05623	0.64434	0.00215	0.00259	0.00352	0.05721	0.21198	0.00242	0.00273	0.00183	0.00099	0.00098	0.00030	0.00109	0.00092	0.00068	0.00157

[dist]
# distance from previous block
# <min> <max>
0	5

[block]
# block no. 7 follows, 333 sequences, length 17
# corresponding to MSA columns:
# 2579,2589-2600,2605-2608
name=unknown_H
#
# <colnr> <probs for GDERKNQSTAVLIFYWHMCP>
#	G	D	E	R	K	N	Q	S	T	A	V	L	I	F	Y	W	H	M	C	P
0	0.11536	0.00112	0.00133	0.00129	0.00156	0.00108	0.00097	0.00199	0.00244	0.04195	0.54456	0.18858	0.05629	0.01418	0.00117	0.00034	0.00055	0.02330	0.00099	0.00094
1	0.00250	0.00229	0.00347	0.21653	0.52976	0.02168	0.00268	0.11491	0.08998	0.00349	0.00209	0.00258	0.00165	0.00099	0.00098	0.00030	0.00117	0.00090	0.00058	0.00147
2	0.00153	0.00127	0.00829	0.04209	0.05015	0.00129	0.00128	0.00213	0.11413	0.00288	0.05618	0.31113	0.21999	0.00265	0.05675	0.00044	0.03505	0.09092	0.00085	0.00099
3	0.03901	0.11550	0.00312	0.05783	0.05529	0.01213	0.00188	0.54888	0.02848	0.12467	0.00238	0.00242	0.00171	0.00112	0.00093	0.00029	0.00106	0.00085	0.00087	0.00156
4	0.04836	0.00435	0.00276	0.00246	0.00300	0.80467	0.00187	0.11556	0.00297	0.00296	0.00162	0.00184	0.00131	0.00103	0.00089	0.00026	0.00165	0.00066	0.00057	0.00121
5	0.00137	0.00097	0.00129	0.00144	0.00157	0.00094	0.00107	0.00164	0.00208	0.00279	0.15084	0.42978	0.01672	0.11136	0.01933	0.00049	0.00073	0.25387	0.00090	0.00083
6	0.00172	0.00122	0.00173	0.02240	0.05736	0.00122	0.00155	0.00213	0.00222	0.04700	0.03369	0.12144	0.02918	0.03016	0.00901	0.00045	0.01924	0.61643	0.00088	0.00097
7	0.00215	0.00208	0.00320	0.65144	0.12565	0.05608	0.05770	0.04667	0.01359	0.00286	0.01339	0.01060	0.00156	0.00102	0.00100	0.00032	0.00131	0.00767	0.00050	0.00120
8	0.00168	0.00127	0.00171	0.00186	0.11391	0.00122	0.00123	0.00231	0.07094	0.03504	0.67148	0.00658	0.08321	0.00185	0.00113	0.00031	0.00059	0.00163	0.00100	0.00107
9	0.00134	0.00101	0.00143	0.11421	0.00213	0.00104	0.00120	0.00160	0.00189	0.00252	0.00468	0.65384	0.00541	0.04164	0.07895	0.00052	0.00087	0.08406	0.00082	0.00084
10	0.68823	0.01106	0.00852	0.00163	0.01219	0.00217	0.05428	0.01276	0.08258	0.08361	0.00197	0.02251	0.00152	0.00102	0.00073	0.00031	0.00083	0.00072	0.01217	0.00119
11	0.00263	0.05797	0.17430	0.00239	0.03492	0.08615	0.07627	0.13944	0.20126	0.06982	0.01197	0.00354	0.11422	0.00129	0.00102	0.00031	0.01142	0.00893	0.00076	0.00140
12	0.00218	0.08977	0.52966	0.11546	0.00437	0.00241	0.14241	0.01937	0.00217	0.03343	0.00196	0.00256	0.00150	0.00101	0.00100	0.00031	0.01391	0.03466	0.00049	0.00137
13	0.02248	0.00183	0.00244	0.00191	0.00257	0.01606	0.01785	0.03245	0.00269	0.74237	0.02371	0.00320	0.00237	0.00129	0.00127	0.00032	0.12159	0.00098	0.00108	0.00157
14	0.00172	0.00167	0.11393	0.00154	0.00198	0.00132	0.00134	0.01654	0.12578	0.03836	0.49967	0.06158	0.10260	0.02607	0.00121	0.00034	0.00067	0.00162	0.00096	0.00109
15	0.00260	0.00208	0.00357	0.12356	0.14283	0.01230	0.29202	0.06159	0.00972	0.17479	0.00871	0.06893	0.05748	0.00125	0.00108	0.00032	0.00118	0.02103	0.00072	0.01424
16	0.00266	0.68724	0.12490	0.00218	0.05810	0.10538	0.00204	0.00309	0.00212	0.00249	0.00147	0.00172	0.00128	0.00088	0.00072	0.00023	0.00119	0.00059	0.00044	0.00130

[dist]
# distance from previous block
# <min> <max>
0	1

[block]
# block no. 8 follows, 333 sequences, length 6
# corresponding to MSA columns:
# 2610-2615
name=unknown_I
#
# <colnr> <probs for GDERKNQSTAVLIFYWHMCP>
#	G	D	E	R	K	N	Q	S	T	A	V	L	I	F	Y	W	H	M	C	P
0	0.00256	0.00216	0.00243	0.12711	0.00319	0.00251	0.00176	0.13393	0.70365	0.00421	0.00350	0.00337	0.00261	0.00127	0.00100	0.00033	0.00089	0.00106	0.00093	0.00152
1	0.03256	0.00204	0.02336	0.22832	0.38084	0.03069	0.02245	0.00292	0.00216	0.11887	0.00230	0.05257	0.00194	0.00130	0.00121	0.07289	0.00113	0.02055	0.00060	0.00130
2	0.00172	0.00117	0.00157	0.12647	0.00228	0.00113	0.00123	0.00213	0.00244	0.10442	0.36830	0.13108	0.18825	0.00208	0.00115	0.00034	0.00067	0.06164	0.00095	0.00100
3	0.00207	0.07609	0.68078	0.00246	0.00363	0.00218	0.00296	0.00305	0.03558	0.05254	0.00241	0.12745	0.00206	0.00124	0.00096	0.00032	0.00126	0.00101	0.00055	0.00138
4	0.01745	0.00195	0.01929	0.03702	0.04978	0.08115	0.04058	0.02731	0.01905	0.46821	0.01700	0.01772	0.00271	0.12678	0.00154	0.00040	0.00101	0.06873	0.00093	0.00136
5	0.00208	0.00226	0.10998	0.24892	0.13793	0.01491	0.09229	0.01684	0.02393	0.03148	0.00248	0.08640	0.01711	0.00170	0.05790	0.00042	0.11977	0.03182	0.00056	0.00121

[dist]
# distance from previous block
# <min> <max>
1	14

[block]
# block no. 9 follows, 333 sequences, length 22
# corresponding to MSA columns:
# 2630-2651
name=unknown_J
#
# <colnr> <probs for GDERKNQSTAVLIFYWHMCP>
#	G	D	E	R	K	N	Q	S	T	A	V	L	I	F	Y	W	H	M	C	P
0	0.01031	0.04130	0.03652	0.18852	0.00335	0.00188	0.01340	0.01426	0.11047	0.36448	0.00928	0.02190	0.02121	0.00142	0.00113	0.00034	0.04314	0.11485	0.00088	0.00137
1	0.00354	0.01703	0.00279	0.00249	0.00300	0.88844	0.01535	0.00381	0.00277	0.00246	0.01948	0.00213	0.03039	0.00108	0.00091	0.00026	0.00171	0.00071	0.00053	0.00114
2	0.00301	0.00873	0.32492	0.00228	0.01465	0.01543	0.06039	0.01532	0.01822	0.40115	0.01361	0.04514	0.04777	0.00125	0.00102	0.00031	0.00973	0.00104	0.00083	0.01520
3	0.00815	0.04317	0.29425	0.00888	0.01672	0.00823	0.01450	0.07058	0.03142	0.47408	0.00295	0.00946	0.00199	0.00991	0.00100	0.00031	0.00108	0.00090	0.00088	0.00156
4	0.00924	0.00200	0.03190	0.80346	0.03073	0.03513	0.00267	0.01928	0.02581	0.00994	0.00185	0.00266	0.00141	0.00102	0.00101	0.00033	0.01211	0.00784	0.00048	0.00115
5	0.00248	0.00230	0.00396	0.01581	0.83005	0.00230	0.05170	0.00306	0.00226	0.03621	0.00202	0.00273	0.00170	0.00095	0.00102	0.00030	0.01179	0.02729	0.00053	0.00153
6	0.00129	0.00095	0.00130	0.00157	0.04107	0.00089	0.00101	0.00150	0.00194	0.00262	0.03402	0.86524	0.00625	0.00290	0.00123	0.00039	0.00060	0.00263	0.00089	0.03172
7	0.00263	0.00222	0.00874	0.00974	0.01120	0.00899	0.00163	0.12286	0.78809	0.01335	0.00375	0.01097	0.00281	0.00132	0.00100	0.00033	0.00084	0.00109	0.00099	0.00744
8	0.01920	0.12396	0.02453	0.02302	0.31325	0.00219	0.00872	0.03566	0.02058	0.12856	0.01863	0.00244	0.00176	0.00095	0.00094	0.00025	0.02876	0.00079	0.00064	0.24517
9	0.01446	0.09568	0.68635	0.00259	0.01571	0.01595	0.01662	0.00807	0.00939	0.09648	0.02252	0.00829	0.00160	0.00100	0.00092	0.00030	0.00132	0.00078	0.00053	0.00144
10	0.01807	0.01912	0.33998	0.00353	0.00466	0.00241	0.56085	0.00316	0.00224	0.02265	0.00198	0.01317	0.00148	0.00091	0.00107	0.00032	0.00154	0.00101	0.00049	0.00137
11	0.00205	0.00185	0.00310	0.69525	0.15555	0.00215	0.02775	0.00271	0.01766	0.03419	0.02567	0.01325	0.00168	0.00103	0.00100	0.00032	0.00124	0.00093	0.00051	0.01209
12	0.00901	0.00200	0.02498	0.42168	0.21952	0.00787	0.01681	0.03112	0.00575	0.04982	0.00220	0.04621	0.02113	0.00124	0.00132	0.01981	0.11264	0.00099	0.00467	0.00123
13	0.00248	0.06002	0.60573	0.00262	0.01896	0.01125	0.05490	0.00338	0.00847	0.17350	0.01603	0.00679	0.00170	0.00986	0.00767	0.00032	0.00659	0.00768	0.00059	0.00145
14	0.00246	0.00227	0.00386	0.09382	0.83862	0.00230	0.00295	0.00305	0.00225	0.03615	0.00192	0.00250	0.00157	0.00090	0.00098	0.00030	0.00118	0.00088	0.00051	0.00153
15	0.00197	0.00192	0.05985	0.07227	0.32974	0.02538	0.02062	0.00250	0.02732	0.03002	0.04409	0.24557	0.06960	0.00645	0.00114	0.00034	0.01313	0.04620	0.00070	0.00120
16	0.00236	0.00872	0.19628	0.08658	0.02268	0.00709	0.03119	0.02687	0.04956	0.20505	0.08885	0.07949	0.12449	0.00166	0.01670	0.00035	0.01793	0.02685	0.00602	0.00127
17	0.00748	0.00864	0.10542	0.22119	0.27198	0.02513	0.04612	0.02403	0.03938	0.15787	0.01216	0.02080	0.00804	0.00118	0.01301	0.00033	0.00768	0.01877	0.00065	0.01016
18	0.00261	0.00261	0.00391	0.03233	0.70282	0.11421	0.07835	0.00317	0.00232	0.02729	0.00190	0.00247	0.00157	0.00093	0.00101	0.00030	0.01270	0.00753	0.00051	0.00148
19	0.00176	0.00154	0.00689	0.05325	0.09195	0.00888	0.17864	0.00731	0.01407	0.02811	0.04379	0.34055	0.09222	0.00838	0.02487	0.01246	0.01072	0.07279	0.00076	0.00105
20	0.00240	0.03304	0.20774	0.07279	0.22839	0.01534	0.08115	0.02527	0.02121	0.12120	0.03328	0.04676	0.02143	0.06916	0.00129	0.00036	0.00116	0.01604	0.00064	0.00134
21	0.02756	0.06989	0.44595	0.05100	0.17535	0.01156	0.04554	0.00952	0.01756	0.08726	0.01717	0.01269	0.00170	0.00102	0.00096	0.00031	0.00559	0.01213	0.00582	0.00143

[dist]
# distance from previous block
# <min> <max>
11	47

[block]
# block no. 10 follows, 333 sequences, length 15
# corresponding to MSA columns:
# 2720-2722,2728-2739
name=unknown_K
#
# <colnr> <probs for GDERKNQSTAVLIFYWHMCP>
#	G	D	E	R	K	N	Q	S	T	A	V	L	I	F	Y	W	H	M	C	P
0	0.00290	0.13722	0.00302	0.00228	0.01097	0.40376	0.01587	0.05848	0.01976	0.00872	0.00182	0.02029	0.00162	0.03222	0.04752	0.00038	0.19093	0.00080	0.03281	0.00863
1	0.20603	0.00189	0.01147	0.04756	0.09327	0.00173	0.03556	0.01622	0.00981	0.04575	0.04353	0.01241	0.00184	0.00092	0.00082	0.00023	0.00866	0.00074	0.00063	0.46091
2	0.01337	0.00219	0.00338	0.10716	0.19595	0.00222	0.15768	0.19902	0.00283	0.22308	0.00260	0.02651	0.00196	0.00113	0.00106	0.00031	0.01535	0.02327	0.00078	0.02015
3	0.00228	0.00216	0.00308	0.02041	0.21108	0.03648	0.03921	0.00278	0.06088	0.03485	0.01937	0.05991	0.00966	0.00157	0.00893	0.00038	0.47414	0.01103	0.00056	0.00122
4	0.00208	0.01736	0.00333	0.42297	0.39671	0.00218	0.02861	0.00271	0.01694	0.00286	0.00227	0.04639	0.02527	0.00116	0.00932	0.00033	0.00121	0.01650	0.00051	0.00128
5	0.00158	0.00108	0.00133	0.00130	0.00137	0.00115	0.00085	0.01171	0.02502	0.02455	0.00305	0.02414	0.00331	0.65502	0.16654	0.02224	0.03697	0.01744	0.00062	0.00073
6	0.00239	0.00230	0.00398	0.02952	0.86341	0.00230	0.04585	0.00298	0.00224	0.00319	0.00197	0.03177	0.00171	0.00095	0.00100	0.00030	0.00118	0.00095	0.00050	0.00152
7	0.00130	0.00100	0.00119	0.00116	0.00142	0.00089	0.00086	0.00167	0.00255	0.00340	0.55106	0.05389	0.37152	0.00226	0.00117	0.00032	0.00048	0.00195	0.00101	0.00089
8	0.02668	0.35726	0.32670	0.09160	0.02914	0.03792	0.01588	0.04849	0.01704	0.01620	0.01018	0.00211	0.00144	0.00097	0.00086	0.00816	0.00123	0.00632	0.00049	0.00134
9	0.00243	0.00180	0.03352	0.03451	0.21777	0.00878	0.02832	0.00314	0.09589	0.20162	0.13950	0.04098	0.09633	0.00158	0.00108	0.00033	0.00089	0.08936	0.00087	0.00131
10	0.00356	0.00435	0.00272	0.00245	0.00296	0.83081	0.00185	0.05747	0.04051	0.00271	0.01677	0.00209	0.00155	0.02479	0.00101	0.00028	0.00166	0.00071	0.00057	0.00118
11	0.00429	0.00169	0.00226	0.00174	0.00248	0.00149	0.00144	0.04227	0.00287	0.88033	0.00381	0.00334	0.00242	0.00122	0.00098	0.00030	0.00083	0.00099	0.04359	0.00165
12	0.05309	0.01613	0.17172	0.05308	0.28160	0.09171	0.18781	0.01275	0.04229	0.00958	0.00767	0.01365	0.02271	0.00103	0.00104	0.00031	0.02510	0.00682	0.00053	0.00137
13	0.00231	0.06639	0.14186	0.00387	0.03538	0.00256	0.72649	0.00314	0.00227	0.00311	0.00192	0.00251	0.00145	0.00085	0.00109	0.00032	0.00158	0.00105	0.00048	0.00135
14	0.00186	0.03476	0.00184	0.00695	0.00195	0.15766	0.01767	0.01168	0.00989	0.00798	0.00379	0.45905	0.00949	0.05825	0.08414	0.02797	0.05834	0.02866	0.01715	0.00091

[dist]
# distance from previous block
# <min> <max>
0	1

[block]
# block no. 11 follows, 333 sequences, length 7
# corresponding to MSA columns:
# 2741-2747
name=unknown_L
#
# <colnr> <probs for GDERKNQSTAVLIFYWHMCP>
#	G	D	E	R	K	N	Q	S	T	A	V	L	I	F	Y	W	H	M	C	P
0	0.13541	0.04983	0.02409	0.05181	0.01490	0.04903	0.04204	0.02956	0.01380	0.09719	0.00231	0.02991	0.00206	0.08316	0.17457	0.00062	0.17800	0.01998	0.00062	0.00111
1	0.00139	0.00096	0.00127	0.00145	0.00158	0.00090	0.00106	0.00163	0.00204	0.02772	0.04874	0.63137	0.04030	0.03225	0.00138	0.00042	0.00066	0.20312	0.00092	0.00085
2	0.02030	0.00217	0.00229	0.00206	0.01712	0.02455	0.00159	0.09359	0.72330	0.01909	0.02451	0.00356	0.00289	0.01714	0.02395	0.00037	0.01797	0.00108	0.00095	0.00150
3	0.97224	0.00191	0.00145	0.00130	0.00191	0.00222	0.00107	0.00291	0.00168	0.00443	0.00138	0.00161	0.00107	0.00092	0.00061	0.00031	0.00076	0.00054	0.00061	0.00107
4	0.01960	0.00116	0.00135	0.03075	0.00172	0.00116	0.00103	0.01582	0.08662	0.02605	0.19715	0.10547	0.14277	0.03982	0.00119	0.00034	0.00061	0.08151	0.24490	0.00098
5	0.02156	0.00121	0.00144	0.00132	0.00166	0.00117	0.00101	0.03079	0.06323	0.12867	0.35113	0.07471	0.05126	0.01664	0.00108	0.00031	0.00059	0.02294	0.22820	0.00107
6	0.00142	0.00102	0.00123	0.00124	0.00148	0.00092	0.00091	0.00179	0.02086	0.03621	0.33681	0.24175	0.28730	0.02137	0.00125	0.00035	0.00054	0.02139	0.02126	0.00090

[dist]
# distance from previous block
# <min> <max>
3	43

[block]
# block no. 12 follows, 333 sequences, length 30
# corresponding to MSA columns:
# 2829-2847,2866-2876
name=unknown_M
#
# <colnr> <probs for GDERKNQSTAVLIFYWHMCP>
#	G	D	E	R	K	N	Q	S	T	A	V	L	I	F	Y	W	H	M	C	P
0	0.11909	0.25958	0.03272	0.07855	0.14216	0.06361	0.02493	0.14581	0.03496	0.03977	0.00659	0.01565	0.00703	0.00103	0.00091	0.00028	0.02459	0.00078	0.00061	0.00135
1	0.00892	0.00105	0.00125	0.00124	0.00142	0.00101	0.00087	0.01331	0.00897	0.03774	0.16232	0.11750	0.07398	0.35271	0.00696	0.00535	0.00074	0.08806	0.10182	0.01478
2	0.00966	0.00344	0.00260	0.00224	0.00281	0.49872	0.01236	0.18923	0.07179	0.09198	0.01472	0.00242	0.00180	0.00112	0.00094	0.00027	0.01047	0.00080	0.08132	0.00131
3	0.00137	0.00098	0.00125	0.00134	0.00151	0.00091	0.00097	0.00169	0.01637	0.01918	0.26624	0.45282	0.11848	0.02547	0.00131	0.00038	0.00058	0.08120	0.00708	0.00087
4	0.00138	0.00100	0.00126	0.00121	0.00145	0.00092	0.00090	0.00181	0.00267	0.00375	0.77399	0.04806	0.11655	0.00209	0.00115	0.00031	0.00047	0.00183	0.03827	0.00092
5	0.00141	0.00102	0.00128	0.00123	0.00149	0.00095	0.00092	0.00178	0.00247	0.02643	0.53414	0.03257	0.26396	0.02054	0.10493	0.00047	0.00073	0.00179	0.00097	0.00091
6	0.00163	0.00110	0.00140	0.00130	0.00158	0.00103	0.00099	0.00217	0.04231	0.06756	0.75472	0.01616	0.06618	0.02090	0.00123	0.00033	0.00052	0.01682	0.00107	0.00099
7	0.00200	0.00497	0.90838	0.00286	0.00429	0.00231	0.04014	0.00317	0.01719	0.00315	0.00182	0.00213	0.00129	0.00094	0.00095	0.00031	0.00146	0.00075	0.00043	0.00146
8	0.92363	0.00189	0.00147	0.00131	0.00192	0.00217	0.00108	0.00296	0.00173	0.03631	0.00149	0.00170	0.00114	0.00093	0.00063	0.00030	0.00076	0.00056	0.01693	0.00109
9	0.78721	0.00192	0.00160	0.00139	0.00201	0.00850	0.00114	0.05038	0.01502	0.07580	0.01935	0.00196	0.00142	0.00098	0.00068	0.00030	0.00078	0.00063	0.02080	0.00813
10	0.00804	0.04885	0.09099	0.01788	0.04887	0.00907	0.06634	0.11014	0.00245	0.10591	0.01163	0.01244	0.02439	0.01331	0.00098	0.00025	0.01931	0.01488	0.00068	0.39358
11	0.00232	0.00220	0.00361	0.07753	0.64628	0.00686	0.01336	0.00283	0.00209	0.01607	0.00669	0.01254	0.00164	0.00133	0.03837	0.00826	0.15522	0.00091	0.00050	0.00140
12	0.10947	0.00223	0.00281	0.00216	0.00289	0.01013	0.11971	0.37966	0.00324	0.25964	0.00269	0.01396	0.00197	0.06599	0.00124	0.00035	0.00104	0.00096	0.00091	0.01895
13	0.00170	0.00162	0.00249	0.00205	0.00254	0.02201	0.24634	0.00236	0.08838	0.00308	0.12531	0.08564	0.36059	0.00192	0.00119	0.00034	0.01433	0.03624	0.00082	0.00105
14	0.01254	0.00230	0.02228	0.28888	0.49852	0.04329	0.02388	0.03456	0.01087	0.03377	0.01401	0.00260	0.00622	0.00097	0.00098	0.00031	0.00123	0.00089	0.00053	0.00139
15	0.01155	0.00758	0.01659	0.15843	0.40867	0.05018	0.07718	0.03333	0.00634	0.08531	0.00901	0.00889	0.00177	0.05634	0.00684	0.00036	0.05875	0.00095	0.00057	0.00136
16	0.00141	0.00102	0.00140	0.00142	0.00153	0.00112	0.00102	0.00164	0.00156	0.00219	0.00295	0.05682	0.00305	0.31096	0.60597	0.00132	0.00200	0.00127	0.00057	0.00079
17	0.06211	0.00663	0.02679	0.10299	0.63226	0.01626	0.01963	0.01182	0.04179	0.01046	0.01280	0.01415	0.02367	0.00102	0.00100	0.00475	0.00896	0.00093	0.00054	0.00143
18	0.01347	0.00746	0.00349	0.33798	0.43748	0.02544	0.02825	0.00288	0.01953	0.01738	0.00183	0.00250	0.00148	0.00102	0.00120	0.00032	0.09560	0.00088	0.00049	0.00133
19	0.00121	0.00087	0.00116	0.00138	0.00144	0.00081	0.00093	0.00139	0.00191	0.00255	0.02245	0.93611	0.00658	0.00307	0.00126	0.00040	0.00058	0.01417	0.00092	0.00081
20	0.00153	0.00109	0.00150	0.00172	0.00192	0.00108	0.00145	0.00194	0.00223	0.00292	0.03468	0.14520	0.01779	0.01027	0.00136	0.00044	0.00084	0.76141	0.00974	0.00089
21	0.00141	0.00110	0.00894	0.00159	0.00176	0.00105	0.03748	0.00186	0.07269	0.00278	0.02808	0.67289	0.02025	0.00276	0.00124	0.00040	0.00068	0.13290	0.00924	0.00090
22	0.00252	0.03818	0.02839	0.27782	0.05948	0.22264	0.05308	0.03531	0.00223	0.01514	0.03182	0.00246	0.00652	0.00122	0.00589	0.00033	0.21442	0.00086	0.00051	0.00118
23	0.00187	0.00176	0.00296	0.96289	0.00681	0.00220	0.00275	0.00253	0.00198	0.00253	0.00176	0.00264	0.00132	0.00099	0.00099	0.00033	0.00132	0.00088	0.00044	0.00110
24	0.00126	0.00105	0.00110	0.00111	0.00144	0.00092	0.00085	0.00163	0.03892	0.00279	0.04012	0.00934	0.82278	0.00246	0.00118	0.00034	0.00054	0.07039	0.00093	0.00087
25	0.00928	0.27498	0.01274	0.05594	0.39639	0.09030	0.05070	0.01240	0.00846	0.05138	0.00661	0.00223	0.00152	0.00092	0.00089	0.00027	0.00593	0.00078	0.00052	0.01777
26	0.00172	0.00086	0.00129	0.00129	0.00129	0.00086	0.00086	0.00129	0.00129	0.00172	0.00172	0.00300	0.00172	0.00343	0.00386	0.97124	0.00086	0.00086	0.00043	0.00043
27	0.03566	0.13106	0.10448	0.01211	0.03032	0.08755	0.07413	0.07988	0.28218	0.10603	0.01020	0.01043	0.00207	0.00114	0.00099	0.00030	0.02516	0.00091	0.00076	0.00464
28	0.02817	0.11343	0.57211	0.00962	0.00690	0.02640	0.02575	0.02178	0.01509	0.11891	0.01714	0.02383	0.00586	0.00105	0.00093	0.00030	0.00533	0.00082	0.00057	0.00601
29	0.01000	0.13040	0.08620	0.01843	0.03067	0.17851	0.08235	0.04583	0.04150	0.15328	0.00637	0.01094	0.06593	0.00128	0.01109	0.01254	0.04830	0.01430	0.00068	0.05139

[dist]
# distance from previous block
# <min> <max>
0	86

[block]
# block no. 13 follows, 333 sequences, length 21
# corresponding to MSA columns:
# 2976-2990,2999-3004
name=unknown_N
#
# <colnr> <probs for GDERKNQSTAVLIFYWHMCP>
#	G	D	E	R	K	N	Q	S	T	A	V	L	I	F	Y	W	H	M	C	P
0	0.03122	0.25064	0.10696	0.02132	0.05111	0.08283	0.02538	0.14654	0.05514	0.05717	0.08634	0.02446	0.00757	0.00119	0.00688	0.00028	0.00109	0.00613	0.00494	0.03282
1	0.02456	0.07105	0.08078	0.07137	0.19512	0.01439	0.03806	0.06870	0.05682	0.03289	0.01151	0.26182	0.00308	0.00172	0.01399	0.01908	0.00101	0.01541	0.00069	0.01793
2	0.03864	0.02997	0.08943	0.05766	0.23413	0.03380	0.03418	0.12719	0.06884	0.10340	0.04789	0.00896	0.01106	0.00110	0.00098	0.00029	0.01097	0.00808	0.00543	0.08800
3	0.04649	0.19406	0.07322	0.02614	0.07768	0.08605	0.02906	0.07400	0.10018	0.03673	0.06046	0.04372	0.01435	0.01066	0.00576	0.00030	0.02679	0.01223	0.00636	0.07577
4	0.00995	0.01017	0.01141	0.01411	0.03746	0.78709	0.00955	0.02056	0.02963	0.00263	0.00754	0.00194	0.00140	0.00103	0.00093	0.00026	0.01426	0.00068	0.00053	0.03887
5	0.04808	0.00998	0.03209	0.09597	0.37761	0.03204	0.02905	0.05563	0.10295	0.02808	0.00774	0.00934	0.00184	0.02602	0.04523	0.01370	0.03690	0.00091	0.00616	0.04067
6	0.00188	0.00094	0.00096	0.00095	0.00119	0.00093	0.00071	0.00234	0.00210	0.02519	0.01785	0.00383	0.01849	0.00119	0.00071	0.00023	0.00047	0.00096	0.91813	0.00094
7	0.00231	0.06281	0.07498	0.07009	0.03981	0.01580	0.08598	0.13078	0.13401	0.03683	0.17476	0.03900	0.01835	0.01482	0.01127	0.04373	0.03051	0.00616	0.00675	0.00125
8	0.00127	0.00097	0.01305	0.00144	0.00979	0.00089	0.00100	0.00149	0.00196	0.00264	0.05180	0.80729	0.03878	0.00292	0.00127	0.00039	0.01386	0.03425	0.01411	0.00083
9	0.00143	0.00103	0.00128	0.00123	0.00149	0.00094	0.00092	0.01401	0.00261	0.02201	0.62051	0.10069	0.20441	0.00220	0.00117	0.00033	0.00050	0.01267	0.00964	0.00092
10	0.00170	0.00091	0.00132	0.00131	0.00131	0.00094	0.00088	0.00134	0.00131	0.00176	0.00185	0.00332	0.00189	0.09517	0.01767	0.83680	0.02868	0.00092	0.00045	0.00047
11	0.00212	0.02742	0.67551	0.01882	0.03374	0.00783	0.14338	0.02798	0.02552	0.00321	0.01505	0.00230	0.00147	0.00096	0.00100	0.00031	0.01064	0.00083	0.00047	0.00143
12	0.94334	0.00188	0.00145	0.00130	0.00190	0.00218	0.00107	0.00287	0.00172	0.00442	0.02987	0.00178	0.00132	0.00095	0.00063	0.00031	0.00076	0.00057	0.00063	0.00107
13	0.00237	0.02370	0.16848	0.01997	0.04036	0.01046	0.08174	0.12907	0.25244	0.02593	0.05075	0.05446	0.02417	0.00772	0.00106	0.00032	0.00821	0.03330	0.00078	0.06470
14	0.00766	0.00897	0.08011	0.01248	0.00613	0.02626	0.02551	0.01802	0.08252	0.12966	0.32438	0.09960	0.14611	0.00185	0.00112	0.00033	0.01017	0.01703	0.00094	0.00114
15	0.03991	0.00819	0.01401	0.15305	0.46764	0.00211	0.01983	0.02748	0.01913	0.13476	0.02945	0.01255	0.00971	0.00105	0.00099	0.00030	0.00819	0.01052	0.00064	0.04049
16	0.03521	0.11471	0.25005	0.06738	0.14621	0.05341	0.13568	0.03595	0.05759	0.06761	0.01088	0.00814	0.00166	0.01014	0.00098	0.00031	0.00127	0.00086	0.00057	0.00139
17	0.01282	0.00191	0.00295	0.62398	0.08388	0.00842	0.01656	0.07012	0.01473	0.04155	0.00196	0.01332	0.00152	0.00766	0.00811	0.00033	0.03214	0.00090	0.00054	0.05661
18	0.02765	0.00233	0.00257	0.04776	0.03728	0.11699	0.01628	0.23265	0.06723	0.27609	0.03512	0.02090	0.00229	0.00138	0.01818	0.00547	0.05206	0.00661	0.02418	0.00700
19	0.00143	0.00096	0.00109	0.00110	0.00111	0.00095	0.00063	0.00145	0.00149	0.00200	0.01505	0.04324	0.01878	0.86924	0.01411	0.01037	0.00094	0.00149	0.01396	0.00062
20	0.24453	0.05308	0.04623	0.15281	0.16134	0.06544	0.04787	0.06444	0.05030	0.00352	0.00832	0.00225	0.00148	0.00105	0.01173	0.00031	0.02603	0.00077	0.00057	0.05793

[dist]
# distance from previous block
# <min> <max>
4	7

[block]
# block no. 14 follows, 333 sequences, length 14
# corresponding to MSA columns:
# 3025-3038
name=unknown_O
#
# <colnr> <probs for GDERKNQSTAVLIFYWHMCP>
#	G	D	E	R	K	N	Q	S	T	A	V	L	I	F	Y	W	H	M	C	P
0	0.02646	0.06437	0.11263	0.02638	0.03521	0.05694	0.11842	0.08239	0.05857	0.03113	0.16787	0.07803	0.01467	0.00627	0.01786	0.00033	0.01092	0.01862	0.00073	0.07219
1	0.00200	0.00114	0.01083	0.01382	0.00152	0.00110	0.00091	0.03948	0.00870	0.07283	0.08862	0.03199	0.02716	0.06826	0.01270	0.00033	0.00062	0.02316	0.58229	0.01256
2	0.00217	0.04632	0.16286	0.14435	0.05823	0.00191	0.02741	0.01642	0.05590	0.03905	0.01480	0.00872	0.01206	0.00101	0.00091	0.00026	0.00978	0.03336	0.00060	0.36388
3	0.00270	0.03108	0.00240	0.00200	0.00258	0.04123	0.00159	0.19192	0.55949	0.02097	0.03620	0.03005	0.00291	0.00137	0.00103	0.00032	0.01772	0.01511	0.02186	0.01748
4	0.00853	0.28325	0.48901	0.00235	0.00346	0.00266	0.03788	0.01647	0.00971	0.04333	0.01355	0.01622	0.02680	0.00102	0.00091	0.00028	0.01769	0.00078	0.00050	0.02560
5	0.06663	0.01404	0.11742	0.04741	0.06881	0.08336	0.01735	0.12830	0.08456	0.23939	0.03245	0.04382	0.00948	0.01076	0.00103	0.00032	0.00767	0.01606	0.00083	0.01033
6	0.01964	0.06226	0.13838	0.01817	0.03147	0.00966	0.05851	0.05551	0.05768	0.23993	0.01268	0.06631	0.01759	0.05920	0.01072	0.00038	0.03366	0.10612	0.00081	0.00131
7	0.04389	0.00158	0.00206	0.00163	0.00229	0.00140	0.00133	0.00421	0.01657	0.74004	0.07863	0.01620	0.03376	0.02214	0.00108	0.00032	0.00078	0.00110	0.02946	0.00151
8	0.00198	0.00185	0.00310	0.60543	0.24893	0.00214	0.01264	0.00258	0.00206	0.00274	0.02271	0.03229	0.01676	0.01147	0.00109	0.00033	0.01778	0.01243	0.00050	0.00120
9	0.00235	0.13772	0.44803	0.04596	0.20197	0.00252	0.03226	0.04890	0.01306	0.04017	0.00189	0.00224	0.00144	0.00104	0.01607	0.00032	0.00131	0.00078	0.00050	0.00145
10	0.00190	0.00143	0.01400	0.00168	0.00195	0.00148	0.04288	0.02515	0.06518	0.07974	0.17766	0.10893	0.06041	0.18961	0.05499	0.02071	0.12200	0.02850	0.00080	0.00100
11	0.00131	0.00091	0.00115	0.00130	0.00135	0.00088	0.00084	0.00144	0.00175	0.00233	0.00458	0.57199	0.00540	0.33463	0.02202	0.00062	0.00076	0.04521	0.00080	0.00074
12	0.15924	0.02547	0.11336	0.14929	0.20263	0.01922	0.03143	0.05266	0.03517	0.17127	0.02953	0.00261	0.00183	0.00103	0.00092	0.00031	0.00109	0.00086	0.00068	0.00139
13	0.01298	0.15646	0.04029	0.18321	0.30431	0.02690	0.06025	0.03575	0.02761	0.05322	0.00936	0.01800	0.01259	0.00102	0.00095	0.00029	0.00819	0.00773	0.00056	0.04033

[dist]
# distance from previous block
# <min> <max>
1	4

[block]
# block no. 15 follows, 333 sequences, length 11
# corresponding to MSA columns:
# 3043-3053
name=unknown_P
#
# <colnr> <probs for GDERKNQSTAVLIFYWHMCP>
#	G	D	E	R	K	N	Q	S	T	A	V	L	I	F	Y	W	H	M	C	P
0	0.04505	0.04892	0.48551	0.01036	0.01146	0.00202	0.02296	0.02203	0.00228	0.17116	0.06272	0.04214	0.00228	0.00128	0.01833	0.00033	0.00118	0.01322	0.00066	0.03610
1	0.12712	0.00260	0.03467	0.00246	0.00287	0.13050	0.09219	0.08477	0.01647	0.04885	0.00177	0.00237	0.00149	0.01085	0.01666	0.00038	0.40911	0.01310	0.00058	0.00120
2	0.00149	0.00113	0.00163	0.01326	0.00178	0.00129	0.01308	0.00176	0.00165	0.00232	0.02041	0.06243	0.00314	0.18661	0.53791	0.01603	0.06869	0.06394	0.00059	0.00084
3	0.00168	0.00087	0.00126	0.00126	0.00128	0.00086	0.00084	0.00130	0.00134	0.00177	0.00217	0.00347	0.04752	0.04570	0.00379	0.88217	0.00085	0.00094	0.00046	0.00046
4	0.01182	0.68914	0.03812	0.01541	0.01447	0.05143	0.01758	0.00324	0.09984	0.01991	0.01893	0.00210	0.01252	0.00096	0.00074	0.00024	0.00107	0.00067	0.00052	0.00130
5	0.00168	0.00124	0.00182	0.00177	0.01416	0.00118	0.08644	0.02898	0.02957	0.05548	0.11130	0.46955	0.06114	0.00246	0.00122	0.00038	0.00074	0.12899	0.00091	0.00099
6	0.02744	0.00163	0.00214	0.00168	0.00236	0.00146	0.00137	0.02762	0.02905	0.75215	0.10030	0.00373	0.00311	0.00130	0.00099	0.00030	0.00079	0.00106	0.03994	0.00156
7	0.01242	0.00189	0.02358	0.03450	0.37009	0.01077	0.05134	0.01198	0.02204	0.08702	0.08765	0.08546	0.04449	0.02380	0.07570	0.00043	0.03078	0.01544	0.00932	0.00128
8	0.03797	0.00295	0.00282	0.04367	0.04661	0.25441	0.03404	0.36354	0.04315	0.09997	0.00243	0.01258	0.01350	0.00116	0.00098	0.00029	0.00980	0.01035	0.01835	0.00143
9	0.06182	0.04786	0.09678	0.01121	0.01497	0.00917	0.04215	0.04100	0.02642	0.06781	0.02009	0.07162	0.03181	0.10371	0.09630	0.12295	0.02117	0.06511	0.00066	0.04738
10	0.04543	0.07604	0.01413	0.05358	0.15493	0.04758	0.02082	0.15978	0.09662	0.12088	0.08841	0.00323	0.01889	0.00991	0.00101	0.00030	0.01037	0.01232	0.00664	0.05914

[dist]
# distance from previous block
# <min> <max>
0	664

# created by:
# /home/berkeley/.conda/envs/busco_data_prod/bin/msa2prfl.pl pipeline/OGs_align_augustus/2759/10264544.fs
