[name]
unknown

[dist]
# distance from previous block
# <min> <max>
1	1408

[block]
# block no. 0 follows, 285 sequences, length 40
# corresponding to MSA columns:
# 1812-1846,1861,1863,1875,1887,1888
name=unknown_A
#
# <colnr> <probs for GDERKNQSTAVLIFYWHMCP>
#	G	D	E	R	K	N	Q	S	T	A	V	L	I	F	Y	W	H	M	C	P
0	0.10253	0.09625	0.13962	0.01316	0.05602	0.03792	0.05616	0.08842	0.04285	0.16301	0.02875	0.01882	0.02146	0.00139	0.01042	0.00720	0.01448	0.00815	0.01946	0.07392
1	0.10181	0.07294	0.09486	0.03430	0.03112	0.05461	0.02225	0.09957	0.09393	0.10525	0.05437	0.03646	0.01481	0.01442	0.01791	0.00037	0.00855	0.01348	0.01661	0.11239
2	0.05323	0.05733	0.10471	0.09979	0.04656	0.04253	0.06928	0.11168	0.05609	0.12283	0.03528	0.01840	0.00577	0.00847	0.00766	0.00425	0.03212	0.00104	0.00522	0.11775
3	0.02465	0.01840	0.06962	0.04217	0.08635	0.03526	0.06629	0.10064	0.04848	0.12411	0.11881	0.04989	0.03143	0.02628	0.02456	0.00608	0.05127	0.00939	0.00610	0.06023
4	0.05278	0.00998	0.07221	0.15144	0.25027	0.03832	0.03406	0.09385	0.03735	0.05319	0.05994	0.05051	0.00988	0.00147	0.01590	0.00038	0.01652	0.00117	0.00654	0.04426
5	0.01629	0.01437	0.00854	0.00186	0.03239	0.00146	0.03779	0.02631	0.01785	0.04649	0.02954	0.20007	0.13124	0.18848	0.01220	0.00050	0.00092	0.01301	0.01390	0.20677
6	0.06301	0.03017	0.01549	0.02876	0.06503	0.04731	0.00995	0.11582	0.02702	0.04604	0.03345	0.02064	0.00749	0.00115	0.00101	0.00026	0.01307	0.00512	0.00078	0.46840
7	0.00720	0.00125	0.00144	0.00140	0.00167	0.00122	0.00100	0.00797	0.05459	0.01233	0.18059	0.06977	0.14555	0.21364	0.05562	0.00478	0.00087	0.02027	0.18648	0.03235
8	0.00267	0.03355	0.00340	0.10487	0.24589	0.01855	0.04121	0.02172	0.01161	0.04376	0.00594	0.00294	0.01254	0.00558	0.00108	0.00028	0.01645	0.01325	0.00067	0.41403
9	0.00206	0.00120	0.00159	0.00165	0.00189	0.00110	0.00118	0.00239	0.01627	0.15783	0.11972	0.65007	0.01881	0.00303	0.00139	0.00043	0.00070	0.01086	0.00670	0.00113
10	0.05654	0.00193	0.00255	0.02381	0.00292	0.00175	0.00167	0.01528	0.01194	0.78629	0.03244	0.01017	0.00303	0.01564	0.01246	0.00039	0.00683	0.01122	0.00132	0.00182
11	0.00194	0.00129	0.00174	0.00193	0.00220	0.00128	0.00713	0.00245	0.00725	0.02765	0.00573	0.08563	0.01321	0.00288	0.00145	0.00048	0.00095	0.70016	0.13357	0.00107
12	0.00198	0.00100	0.00150	0.00150	0.00151	0.00101	0.00101	0.00151	0.00150	0.00201	0.00202	0.00351	0.00201	0.00411	0.03255	0.93822	0.00105	0.00100	0.00050	0.00051
13	0.00288	0.74271	0.22224	0.00225	0.00340	0.00410	0.00248	0.00347	0.00235	0.00290	0.00170	0.00197	0.00146	0.00100	0.00081	0.00027	0.00133	0.00066	0.00049	0.00152
14	0.00152	0.00105	0.00130	0.00145	0.00149	0.00102	0.00091	0.00164	0.00198	0.00265	0.01969	0.51303	0.00611	0.42325	0.00337	0.00075	0.00086	0.01620	0.00090	0.00083
15	0.49826	0.07039	0.16760	0.00237	0.02666	0.08755	0.06132	0.03021	0.00236	0.02277	0.00190	0.00224	0.00614	0.00111	0.00091	0.00035	0.01096	0.00484	0.00066	0.00141
16	0.00259	0.00275	0.00488	0.00378	0.00427	0.00324	0.40479	0.00314	0.00216	0.00314	0.00185	0.00275	0.00160	0.00156	0.00273	0.00045	0.55126	0.00115	0.00053	0.00138
17	0.00225	0.00130	0.00121	0.00119	0.00149	0.03907	0.00090	0.00288	0.04070	0.00423	0.00369	0.00418	0.00290	0.00134	0.00082	0.00027	0.00061	0.00106	0.88882	0.00111
18	0.00311	0.92266	0.00589	0.00200	0.00296	0.04218	0.00197	0.00347	0.00236	0.00270	0.00160	0.00184	0.00147	0.00099	0.00075	0.00025	0.00126	0.00062	0.00049	0.00146
19	0.00280	0.00205	0.00250	0.02508	0.02249	0.00170	0.00541	0.05909	0.00815	0.12516	0.04220	0.00307	0.01551	0.00113	0.00815	0.00024	0.00092	0.00537	0.00083	0.66815
20	0.00277	0.00272	0.00433	0.15740	0.74053	0.04959	0.00335	0.00344	0.00258	0.00355	0.00218	0.01843	0.00184	0.00109	0.00113	0.00035	0.00141	0.00104	0.00057	0.00169
21	0.00235	0.00215	0.00362	0.73024	0.19625	0.00253	0.00317	0.00308	0.00238	0.02456	0.00227	0.00316	0.01713	0.00115	0.00115	0.00037	0.00146	0.00104	0.00055	0.00139
22	0.00221	0.07792	0.00146	0.00114	0.00146	0.00134	0.00089	0.00273	0.00239	0.00414	0.00356	0.00407	0.00281	0.00130	0.00079	0.00026	0.00059	0.00103	0.88879	0.00110
23	0.00359	0.00283	0.00300	0.00248	0.00326	0.00319	0.00199	0.47055	0.48491	0.00598	0.00372	0.00352	0.00273	0.00146	0.00115	0.00037	0.00108	0.00116	0.00115	0.00188
24	0.96788	0.00221	0.00168	0.00150	0.00221	0.00257	0.00124	0.00336	0.00195	0.00513	0.00159	0.00186	0.00124	0.00106	0.00071	0.00035	0.00088	0.00062	0.00071	0.00124
25	0.00262	0.00233	0.00373	0.53814	0.28899	0.00265	0.00310	0.07901	0.02868	0.02612	0.00236	0.00310	0.01191	0.00116	0.00114	0.00037	0.00141	0.00104	0.00062	0.00151
26	0.00269	0.00259	0.00445	0.20319	0.73393	0.00269	0.02700	0.00339	0.00254	0.00357	0.00213	0.00288	0.00175	0.00104	0.00114	0.00035	0.00141	0.00103	0.00055	0.00169
27	0.00147	0.00102	0.00136	0.00161	0.00169	0.00095	0.00109	0.00168	0.00222	0.02134	0.00627	0.92590	0.00746	0.00354	0.00146	0.00046	0.00068	0.01779	0.00107	0.00095
28	0.01251	0.00817	0.07265	0.00211	0.01732	0.00174	0.02948	0.08494	0.00307	0.25772	0.18563	0.05157	0.04244	0.00211	0.02520	0.00042	0.01006	0.12411	0.06732	0.00144
29	0.00222	0.00211	0.00349	0.85613	0.05597	0.01276	0.00818	0.00296	0.00231	0.00297	0.00872	0.00306	0.00161	0.00121	0.00714	0.00039	0.02593	0.00102	0.00052	0.00130
30	0.00213	0.00173	0.00262	0.04149	0.20020	0.01724	0.05281	0.00252	0.00235	0.04510	0.01263	0.36403	0.00849	0.10580	0.00984	0.00051	0.03957	0.08889	0.00085	0.00121
31	0.83491	0.02453	0.00724	0.03551	0.01088	0.04130	0.00735	0.00854	0.00205	0.00485	0.00163	0.00194	0.00128	0.00108	0.00079	0.00035	0.01317	0.00065	0.00069	0.00126
32	0.00175	0.00120	0.00165	0.01738	0.02525	0.00116	0.01298	0.00203	0.00227	0.04908	0.04580	0.50142	0.03592	0.11970	0.07158	0.00658	0.00098	0.08861	0.01364	0.00101
33	0.00167	0.00118	0.00150	0.00154	0.00180	0.00110	0.00117	0.00211	0.01105	0.02518	0.39205	0.20096	0.15313	0.02548	0.00149	0.00043	0.00068	0.15124	0.02520	0.00104
34	0.00793	0.00240	0.01726	0.56373	0.21602	0.01499	0.01512	0.07063	0.05777	0.00355	0.00232	0.00622	0.00582	0.00117	0.00115	0.00037	0.00636	0.00104	0.00467	0.00148
35	0.01061	0.05339	0.27637	0.03599	0.01610	0.09535	0.01455	0.15591	0.14067	0.01914	0.01146	0.09725	0.01562	0.00149	0.00112	0.00035	0.00131	0.00121	0.03027	0.02184
36	0.00142	0.00102	0.00136	0.00161	0.00169	0.00096	0.00110	0.00165	0.00224	0.00297	0.02039	0.86512	0.02731	0.01030	0.00149	0.00047	0.00069	0.05622	0.00106	0.00094
37	0.00987	0.00747	0.02611	0.47545	0.21284	0.01788	0.01504	0.07216	0.00732	0.01332	0.00210	0.00288	0.00165	0.00123	0.00530	0.00038	0.09188	0.00100	0.00059	0.03553
38	0.00153	0.00115	0.00148	0.00156	0.00176	0.00107	0.01091	0.00195	0.02763	0.00356	0.32022	0.45981	0.12000	0.00917	0.00143	0.00042	0.00065	0.02903	0.00112	0.00553
39	0.47180	0.00295	0.00269	0.06371	0.03438	0.17268	0.04564	0.09474	0.05605	0.01084	0.00200	0.00232	0.00156	0.00117	0.00101	0.00035	0.03318	0.00081	0.00073	0.00139

[dist]
# distance from previous block
# <min> <max>
1	2

[block]
# block no. 1 follows, 285 sequences, length 18
# corresponding to MSA columns:
# 1892-1902,1907,1909,1961,1962,1967-1969
name=unknown_B
#
# <colnr> <probs for GDERKNQSTAVLIFYWHMCP>
#	G	D	E	R	K	N	Q	S	T	A	V	L	I	F	Y	W	H	M	C	P
0	0.06700	0.00263	0.00390	0.45323	0.29343	0.00283	0.00313	0.03438	0.01458	0.02911	0.01999	0.00362	0.00228	0.00145	0.00135	0.00044	0.01738	0.00116	0.00077	0.04735
1	0.00948	0.00141	0.00163	0.00153	0.00160	0.01052	0.00100	0.04069	0.01239	0.01091	0.00331	0.00647	0.00366	0.74654	0.01266	0.01490	0.10152	0.00152	0.01742	0.00084
2	0.14457	0.00985	0.00302	0.13717	0.04275	0.18016	0.04443	0.07345	0.02039	0.13044	0.00243	0.01044	0.00186	0.00119	0.00108	0.00032	0.02416	0.00776	0.01007	0.15444
3	0.93683	0.00220	0.00171	0.00152	0.00224	0.00254	0.00125	0.00343	0.00199	0.03572	0.00169	0.00192	0.00129	0.00107	0.00072	0.00035	0.00089	0.00064	0.00073	0.00126
4	0.00146	0.00112	0.00133	0.00137	0.00163	0.00100	0.00099	0.00181	0.00272	0.00357	0.34277	0.26047	0.36985	0.00288	0.00138	0.00040	0.00059	0.00251	0.00113	0.00100
5	0.00173	0.00125	0.00151	0.00141	0.00175	0.00115	0.00107	0.02756	0.01536	0.02656	0.60146	0.02088	0.26554	0.00242	0.00133	0.00037	0.00059	0.00209	0.02487	0.00110
6	0.00142	0.00105	0.00133	0.00152	0.00166	0.00096	0.00105	0.00168	0.00238	0.00314	0.10694	0.67165	0.16812	0.00332	0.00143	0.00044	0.00065	0.02920	0.00108	0.00095
7	0.00399	0.00297	0.00319	0.00254	0.00338	0.00331	0.00207	0.67888	0.24557	0.03702	0.00329	0.00317	0.00237	0.00142	0.00115	0.00036	0.00116	0.00110	0.00116	0.00191
8	0.00246	0.00209	0.00242	0.00174	0.00275	0.00162	0.00139	0.04510	0.00251	0.00388	0.00207	0.00239	0.00171	0.00087	0.00086	0.00018	0.00087	0.00069	0.00070	0.92373
9	0.00275	0.03188	0.06705	0.02043	0.14969	0.18877	0.02757	0.01843	0.04250	0.04947	0.13647	0.06013	0.04392	0.00183	0.00129	0.00038	0.02528	0.12994	0.00085	0.00138
10	0.62597	0.00213	0.00203	0.00170	0.00247	0.00228	0.00140	0.00416	0.02620	0.31805	0.00263	0.00259	0.00182	0.00119	0.00087	0.00035	0.00091	0.00081	0.00095	0.00149
11	0.00292	0.00271	0.03245	0.03053	0.33045	0.01064	0.07326	0.09055	0.34294	0.01994	0.03587	0.00365	0.01034	0.00717	0.00120	0.00037	0.00121	0.00119	0.00087	0.00174
12	0.01204	0.01456	0.08393	0.12391	0.21243	0.04208	0.22486	0.02974	0.08074	0.03730	0.01000	0.01178	0.02655	0.00133	0.01092	0.00038	0.02750	0.01567	0.03275	0.00155
13	0.00224	0.00149	0.00176	0.00162	0.00202	0.00151	0.00125	0.04321	0.11182	0.06455	0.14569	0.04250	0.10509	0.02096	0.15674	0.00060	0.01232	0.00798	0.22820	0.04848
14	0.00153	0.00113	0.00140	0.00140	0.00165	0.00103	0.00102	0.00194	0.00287	0.00391	0.54421	0.19390	0.20605	0.01753	0.00143	0.00040	0.00058	0.00235	0.01464	0.00102
15	0.01573	0.02198	0.00333	0.00253	0.00342	0.01349	0.00209	0.80103	0.05320	0.04621	0.00289	0.00287	0.00206	0.00137	0.00112	0.00034	0.00122	0.00103	0.02218	0.00190
16	0.00983	0.00214	0.00262	0.07688	0.06700	0.02341	0.00168	0.00311	0.00932	0.04999	0.00225	0.01010	0.00184	0.00097	0.00092	0.00022	0.00097	0.00847	0.00732	0.72099
17	0.02021	0.05531	0.15318	0.01219	0.02072	0.00953	0.06033	0.07010	0.01449	0.53593	0.00856	0.01231	0.00246	0.00133	0.00112	0.00035	0.00119	0.00619	0.01272	0.00180

[dist]
# distance from previous block
# <min> <max>
0	1

[block]
# block no. 2 follows, 285 sequences, length 19
# corresponding to MSA columns:
# 1971-1989
name=unknown_C
#
# <colnr> <probs for GDERKNQSTAVLIFYWHMCP>
#	G	D	E	R	K	N	Q	S	T	A	V	L	I	F	Y	W	H	M	C	P
0	0.00306	0.96048	0.00599	0.00196	0.00294	0.00453	0.00196	0.00343	0.00232	0.00269	0.00159	0.00184	0.00147	0.00098	0.00073	0.00024	0.00122	0.00061	0.00049	0.00147
1	0.00828	0.00217	0.00907	0.56194	0.10294	0.01494	0.02776	0.03232	0.01171	0.11704	0.00264	0.04190	0.00823	0.00146	0.02119	0.00041	0.02670	0.00114	0.00676	0.00142
2	0.00932	0.16230	0.37369	0.00769	0.00871	0.03281	0.07674	0.06066	0.01225	0.04959	0.01925	0.01308	0.00738	0.00602	0.00120	0.00033	0.05293	0.00093	0.00064	0.10446
3	0.00156	0.00116	0.00137	0.00146	0.00927	0.00104	0.00103	0.00191	0.02304	0.02621	0.14109	0.36471	0.37677	0.02209	0.00150	0.01162	0.00064	0.00257	0.00992	0.00101
4	0.00162	0.00117	0.00146	0.00148	0.00174	0.00107	0.00111	0.00204	0.00284	0.02085	0.46897	0.16476	0.20003	0.01843	0.00145	0.00041	0.00064	0.09689	0.01200	0.00104
5	0.03528	0.06021	0.27800	0.03268	0.05424	0.01366	0.04973	0.01407	0.02253	0.27951	0.02925	0.08742	0.01421	0.00154	0.00887	0.00571	0.00939	0.00123	0.00087	0.00162
6	0.01621	0.02382	0.08763	0.06742	0.12573	0.04937	0.38765	0.04617	0.04180	0.07198	0.02247	0.01825	0.00216	0.00119	0.00128	0.00037	0.02562	0.00860	0.00070	0.00158
7	0.09265	0.00245	0.00923	0.02556	0.10031	0.08524	0.02535	0.13739	0.00788	0.02345	0.00257	0.02514	0.00777	0.04918	0.18570	0.00660	0.17320	0.00583	0.03317	0.00135
8	0.96788	0.00221	0.00168	0.00150	0.00221	0.00257	0.00124	0.00336	0.00195	0.00513	0.00159	0.00186	0.00124	0.00106	0.00071	0.00035	0.00088	0.00062	0.00071	0.00124
9	0.00235	0.00133	0.00168	0.00160	0.00199	0.00120	0.00120	0.01243	0.01561	0.22207	0.17505	0.31122	0.22098	0.00265	0.00134	0.00040	0.00071	0.02377	0.00118	0.00122
10	0.06052	0.00203	0.00259	0.00201	0.00286	0.00186	0.00166	0.07262	0.02152	0.77491	0.00419	0.00372	0.00269	0.00139	0.00111	0.00035	0.00097	0.00111	0.04002	0.00187
11	0.02289	0.00122	0.00157	0.00147	0.00177	0.00114	0.00111	0.00232	0.00319	0.03921	0.86796	0.00822	0.01011	0.00227	0.00132	0.00036	0.00057	0.01474	0.01746	0.00111
12	0.00151	0.00117	0.00138	0.00133	0.00164	0.00103	0.00100	0.00195	0.00299	0.00399	0.57842	0.00952	0.38480	0.00256	0.00135	0.00037	0.00056	0.00221	0.00118	0.00103
13	0.00291	0.62552	0.28268	0.00240	0.00356	0.05989	0.00264	0.00355	0.00240	0.00297	0.00174	0.00202	0.00146	0.00102	0.00085	0.00028	0.00141	0.00069	0.00049	0.00152
14	0.00238	0.00114	0.00120	0.00115	0.00146	0.00112	0.00087	0.00291	0.00247	0.08327	0.00380	0.00423	0.00292	0.00134	0.00083	0.00027	0.00057	0.00107	0.88585	0.00114
15	0.00435	0.00320	0.00343	0.00263	0.00355	0.00355	0.00217	0.94885	0.00538	0.00721	0.00275	0.00275	0.00195	0.00137	0.00114	0.00034	0.00126	0.00103	0.00114	0.00195
16	0.00199	0.00099	0.00149	0.00149	0.00149	0.00099	0.00099	0.00149	0.00149	0.00199	0.00199	0.00348	0.00199	0.00397	0.00447	0.96672	0.00099	0.00099	0.00050	0.00050
17	0.01919	0.00245	0.00279	0.00238	0.04908	0.12776	0.00182	0.01733	0.00324	0.72857	0.03073	0.00369	0.00279	0.00139	0.00113	0.00035	0.00113	0.00111	0.00125	0.00182
18	0.00240	0.00230	0.02171	0.57209	0.27377	0.00253	0.04211	0.00314	0.00242	0.02023	0.00235	0.01486	0.00963	0.00120	0.00116	0.00037	0.00146	0.02422	0.00057	0.00144

[dist]
# distance from previous block
# <min> <max>
2	3

[block]
# block no. 3 follows, 285 sequences, length 8
# corresponding to MSA columns:
# 1994,1999-2002,2009-2011
name=unknown_D
#
# <colnr> <probs for GDERKNQSTAVLIFYWHMCP>
#	G	D	E	R	K	N	Q	S	T	A	V	L	I	F	Y	W	H	M	C	P
0	0.02104	0.15247	0.55891	0.02232	0.01891	0.01645	0.03898	0.02824	0.07558	0.04148	0.01398	0.00264	0.00181	0.00114	0.00105	0.00035	0.00149	0.00090	0.00061	0.00165
1	0.00200	0.00161	0.00183	0.00172	0.00213	0.00168	0.00130	0.00343	0.33868	0.00431	0.40345	0.06543	0.16344	0.00223	0.00129	0.00038	0.00068	0.00192	0.00118	0.00131
2	0.00256	0.02417	0.00274	0.02065	0.00302	0.02197	0.04677	0.02340	0.00249	0.03127	0.00212	0.00245	0.00172	0.00090	0.00089	0.00020	0.00096	0.00074	0.00069	0.81029
3	0.00172	0.00110	0.00135	0.00138	0.00141	0.00110	0.00086	0.00168	0.00172	0.00230	0.00358	0.05863	0.00404	0.64093	0.03002	0.18651	0.00111	0.05917	0.00070	0.00070
4	0.14589	0.02302	0.01828	0.04966	0.06080	0.15774	0.01373	0.23917	0.02999	0.11722	0.04755	0.00294	0.00225	0.00134	0.00126	0.00035	0.07284	0.00098	0.00088	0.01413
5	0.00278	0.00261	0.00427	0.25317	0.56946	0.02672	0.04994	0.02297	0.02568	0.02811	0.00225	0.00294	0.00180	0.00108	0.00115	0.00035	0.00142	0.00104	0.00060	0.00165
6	0.00161	0.00120	0.00151	0.00165	0.00190	0.00113	0.00129	0.00206	0.02319	0.00342	0.13415	0.26393	0.21386	0.00303	0.00144	0.00045	0.00076	0.31876	0.02362	0.00102
7	0.26852	0.00235	0.00315	0.23594	0.26869	0.01424	0.01547	0.02559	0.06928	0.01954	0.03062	0.00307	0.02222	0.00121	0.00107	0.00036	0.01553	0.00099	0.00069	0.00147

[dist]
# distance from previous block
# <min> <max>
5	20

[block]
# block no. 4 follows, 285 sequences, length 32
# corresponding to MSA columns:
# 2039,2040,2042-2066,2072-2076
name=unknown_E
#
# <colnr> <probs for GDERKNQSTAVLIFYWHMCP>
#	G	D	E	R	K	N	Q	S	T	A	V	L	I	F	Y	W	H	M	C	P
0	0.00140	0.00100	0.00134	0.00160	0.00167	0.00094	0.00107	0.00161	0.00221	0.00295	0.01876	0.93160	0.00759	0.00356	0.00146	0.00046	0.00067	0.01809	0.00106	0.00093
1	0.00237	0.00203	0.00237	0.00169	0.00271	0.00152	0.00136	0.00288	0.00237	0.00373	0.00203	0.00237	0.00169	0.00085	0.00085	0.00017	0.00085	0.00068	0.00068	0.96679
2	0.00172	0.00124	0.00175	0.00174	0.00186	0.00140	0.00128	0.00193	0.00179	0.00252	0.00314	0.03844	0.00318	0.19696	0.56108	0.10896	0.05139	0.01806	0.00063	0.00091
3	0.00141	0.00101	0.00134	0.00159	0.00167	0.00095	0.00107	0.00163	0.00223	0.00297	0.03048	0.87259	0.03380	0.01427	0.00151	0.00047	0.00067	0.02833	0.00106	0.00093
4	0.00156	0.00116	0.00146	0.00141	0.00169	0.00106	0.00105	0.00203	0.00304	0.00419	0.71402	0.06643	0.17146	0.00264	0.02137	0.00040	0.00061	0.00218	0.00120	0.00105
5	0.00505	0.00195	0.00265	0.00203	0.00291	0.00168	0.00167	0.00550	0.00325	0.92671	0.00444	0.00385	0.00280	0.00140	0.00114	0.00035	0.00097	0.00114	0.00140	0.02912
6	0.03152	0.00206	0.00263	0.00208	0.00291	0.00193	0.00170	0.03101	0.15065	0.74456	0.01380	0.00391	0.00295	0.00144	0.00114	0.00036	0.00096	0.00116	0.00135	0.00190
7	0.00427	0.00545	0.00324	0.00295	0.00354	0.95520	0.00221	0.00457	0.00324	0.00280	0.00177	0.00206	0.00147	0.00118	0.00103	0.00029	0.00206	0.00074	0.00059	0.00133
8	0.00268	0.00225	0.00259	0.00190	0.00288	0.01460	0.01556	0.12017	0.03485	0.01108	0.00223	0.00250	0.00179	0.00095	0.00091	0.00020	0.00093	0.00076	0.00075	0.78041
9	0.00176	0.00135	0.00164	0.00154	0.00187	0.00132	0.00116	0.00266	0.13854	0.00445	0.71335	0.00820	0.11319	0.00229	0.00132	0.00037	0.00060	0.00200	0.00122	0.00117
10	0.00419	0.00529	0.00333	0.00320	0.06150	0.89703	0.00229	0.00450	0.00320	0.00286	0.00179	0.00211	0.00149	0.00117	0.00104	0.00030	0.00202	0.00075	0.00059	0.00136
11	0.00163	0.00122	0.00182	0.00182	0.00202	0.00142	0.00141	0.00203	0.00183	0.00264	0.00308	0.00457	0.00289	0.03278	0.93111	0.00182	0.00301	0.00124	0.00061	0.00101
12	0.96788	0.00221	0.00168	0.00150	0.00221	0.00257	0.00124	0.00336	0.00195	0.00513	0.00159	0.00186	0.00124	0.00106	0.00071	0.00035	0.00088	0.00062	0.00071	0.00124
13	0.00254	0.00245	0.00416	0.42590	0.48489	0.01108	0.03796	0.00326	0.00247	0.00336	0.00210	0.00293	0.00168	0.00108	0.00117	0.00036	0.00949	0.00103	0.00054	0.00155
14	0.00241	0.00206	0.00239	0.00171	0.00273	0.00157	0.00137	0.02241	0.00243	0.00380	0.00205	0.00238	0.00170	0.00086	0.00085	0.00017	0.00086	0.00069	0.00069	0.94687
15	0.00211	0.00126	0.00148	0.00145	0.00165	0.01810	0.00801	0.03812	0.00221	0.00791	0.00345	0.03678	0.00322	0.11662	0.04856	0.23473	0.00095	0.07616	0.39632	0.00092
16	0.00259	0.00273	0.06202	0.25401	0.51490	0.00267	0.08376	0.00343	0.03302	0.00355	0.01725	0.00302	0.00190	0.00110	0.00118	0.00036	0.00925	0.00106	0.00058	0.00162
17	0.00142	0.00102	0.00136	0.00162	0.00170	0.00095	0.00111	0.00164	0.00222	0.00295	0.00629	0.90034	0.00751	0.00356	0.00147	0.00047	0.00069	0.06169	0.00106	0.00094
18	0.00416	0.00397	0.00327	0.00272	0.00348	0.36044	0.00215	0.49411	0.10538	0.00530	0.00258	0.00265	0.00193	0.00132	0.00110	0.00033	0.00152	0.00095	0.00094	0.00170
19	0.00225	0.00122	0.00124	0.00120	0.00151	0.00126	0.00091	0.03489	0.06134	0.00440	0.00376	0.00421	0.00293	0.00135	0.00083	0.00028	0.00058	0.00108	0.87362	0.00114
20	0.00243	0.00135	0.00179	0.00158	0.00199	0.00122	0.00122	0.00294	0.00322	0.22507	0.71023	0.02918	0.00887	0.00215	0.00131	0.00036	0.00064	0.00188	0.00129	0.00128
21	0.00229	0.00592	0.95387	0.00326	0.00495	0.00266	0.00423	0.00362	0.00242	0.00362	0.00205	0.00242	0.00145	0.00109	0.00109	0.00036	0.00169	0.00085	0.00048	0.00169
22	0.02158	0.00195	0.00264	0.00203	0.00291	0.00170	0.00167	0.00554	0.00325	0.93726	0.00446	0.00386	0.00280	0.00141	0.00114	0.00035	0.00097	0.00114	0.00140	0.00193
23	0.00155	0.00109	0.00137	0.00150	0.00160	0.00106	0.00100	0.00176	0.01280	0.00860	0.02158	0.46957	0.07265	0.29075	0.06210	0.01052	0.00096	0.03773	0.00092	0.00089
24	0.01736	0.00206	0.00270	0.00208	0.00295	0.00186	0.00171	0.09382	0.00345	0.84061	0.01638	0.00382	0.00283	0.00142	0.00115	0.00035	0.00099	0.00114	0.00138	0.00193
25	0.05194	0.00200	0.00263	0.00203	0.00290	0.00178	0.00167	0.03203	0.00327	0.88067	0.00432	0.00376	0.00273	0.00140	0.00113	0.00035	0.00098	0.00112	0.00137	0.00191
26	0.07539	0.00197	0.00228	0.00191	0.00259	0.00201	0.00153	0.03223	0.27459	0.39028	0.02538	0.00410	0.01138	0.01598	0.00114	0.00036	0.00088	0.00117	0.15317	0.00167
27	0.00154	0.00106	0.00132	0.00146	0.00150	0.00104	0.00093	0.00167	0.00196	0.00263	0.00499	0.47016	0.00586	0.43381	0.02539	0.00079	0.00093	0.03381	0.00834	0.00083
28	0.00203	0.00130	0.00170	0.00164	0.00620	0.00138	0.00123	0.02814	0.02095	0.05965	0.06013	0.02860	0.05487	0.10533	0.42374	0.02380	0.00730	0.00539	0.16554	0.00108
29	0.00136	0.00115	0.00118	0.00120	0.00156	0.00097	0.00089	0.00165	0.00259	0.00312	0.03727	0.08729	0.84999	0.00294	0.00136	0.00039	0.00059	0.00247	0.00107	0.00097
30	0.00221	0.00143	0.00162	0.00153	0.00189	0.00146	0.00116	0.00326	0.19685	0.05238	0.26459	0.06555	0.02718	0.01639	0.00119	0.00035	0.00066	0.01682	0.34221	0.00125
31	0.84106	0.01936	0.00195	0.02343	0.00247	0.03890	0.00139	0.03814	0.00213	0.00499	0.00165	0.00194	0.00129	0.00109	0.00080	0.00035	0.01643	0.00065	0.00071	0.00127

[dist]
# distance from previous block
# <min> <max>
2	21

[block]
# block no. 5 follows, 285 sequences, length 23
# corresponding to MSA columns:
# 2098-2101,2103-2105,2107,2132,2136-2148,2168
name=unknown_F
#
# <colnr> <probs for GDERKNQSTAVLIFYWHMCP>
#	G	D	E	R	K	N	Q	S	T	A	V	L	I	F	Y	W	H	M	C	P
0	0.01930	0.39503	0.34308	0.00276	0.04869	0.01857	0.02030	0.04593	0.01526	0.05382	0.00981	0.00697	0.00171	0.00110	0.00097	0.00031	0.00677	0.00081	0.00060	0.00820
1	0.00213	0.06197	0.10240	0.00204	0.00248	0.01147	0.05123	0.00840	0.05065	0.04284	0.01792	0.21768	0.01957	0.04060	0.14694	0.20838	0.00986	0.00160	0.00075	0.00109
2	0.21204	0.00201	0.00242	0.00191	0.00274	0.00189	0.00157	0.02463	0.00301	0.70455	0.00383	0.00344	0.00247	0.00134	0.00105	0.00035	0.00095	0.00103	0.02700	0.00177
3	0.01181	0.09948	0.33647	0.06174	0.03865	0.04259	0.00905	0.04171	0.04384	0.04127	0.08141	0.02608	0.03492	0.00520	0.00808	0.00038	0.10262	0.01251	0.00070	0.00150
4	0.01463	0.04525	0.14859	0.08335	0.04726	0.01071	0.09161	0.03346	0.01894	0.10337	0.03916	0.14263	0.13627	0.01886	0.00780	0.00041	0.03696	0.01852	0.00084	0.00138
5	0.00146	0.00107	0.00136	0.00150	0.00167	0.00099	0.00105	0.00175	0.00246	0.00327	0.18186	0.54125	0.18133	0.01368	0.02526	0.00047	0.00070	0.02893	0.00896	0.00097
6	0.00147	0.00106	0.00142	0.00167	0.00178	0.00100	0.00119	0.00174	0.00229	0.00304	0.02123	0.76989	0.01925	0.00348	0.00148	0.00047	0.00073	0.16480	0.00106	0.00095
7	0.08103	0.05480	0.10167	0.12573	0.09966	0.02336	0.04549	0.29827	0.00809	0.13496	0.00262	0.00827	0.00192	0.00124	0.00109	0.00035	0.00132	0.00756	0.00086	0.00169
8	0.02974	0.01466	0.02146	0.11806	0.46268	0.00950	0.02053	0.03087	0.02572	0.00371	0.00219	0.00739	0.00181	0.00117	0.00691	0.00034	0.07340	0.00097	0.02446	0.14442
9	0.00166	0.00111	0.00125	0.00126	0.00126	0.00110	0.00070	0.00166	0.00168	0.00223	0.00367	0.03011	0.00424	0.93706	0.00572	0.00109	0.00110	0.00170	0.00070	0.00070
10	0.14992	0.00276	0.00371	0.03804	0.46903	0.02079	0.00270	0.23890	0.03137	0.01671	0.00231	0.00271	0.00180	0.00114	0.00107	0.00034	0.00126	0.00096	0.00076	0.01372
11	0.00191	0.00104	0.00156	0.00156	0.00160	0.00108	0.00108	0.00160	0.00156	0.00213	0.00221	0.00369	0.00217	0.00493	0.20127	0.76701	0.00142	0.00104	0.00052	0.00061
12	0.94241	0.00221	0.00171	0.00152	0.00223	0.00254	0.00125	0.00342	0.00198	0.03022	0.00167	0.00191	0.00128	0.00107	0.00072	0.00035	0.00089	0.00063	0.00073	0.00126
13	0.03494	0.08142	0.10141	0.03550	0.11930	0.02138	0.03814	0.02997	0.04465	0.04903	0.00229	0.02753	0.00596	0.00145	0.00185	0.00037	0.28659	0.00986	0.00065	0.10770
14	0.16857	0.00270	0.06053	0.00227	0.00310	0.03031	0.02783	0.26296	0.07064	0.22854	0.07515	0.00338	0.00275	0.00138	0.00114	0.00035	0.02400	0.00107	0.00658	0.02676
15	0.00166	0.00111	0.00125	0.00126	0.00126	0.00110	0.00070	0.00166	0.00168	0.00224	0.00367	0.03202	0.00425	0.93515	0.00571	0.00109	0.00110	0.00170	0.00070	0.00070
16	0.00160	0.00118	0.00154	0.01577	0.01407	0.00117	0.00116	0.00186	0.02120	0.00283	0.00549	0.44994	0.10842	0.11640	0.13792	0.06276	0.01251	0.01541	0.00089	0.02786
17	0.01132	0.18863	0.28425	0.04567	0.09615	0.01221	0.05644	0.12344	0.07241	0.03993	0.02434	0.01041	0.00207	0.00121	0.00109	0.00034	0.01035	0.00751	0.00070	0.01154
18	0.00151	0.00117	0.01279	0.00151	0.00173	0.00104	0.00109	0.00187	0.01942	0.01136	0.18681	0.48549	0.23979	0.00308	0.00140	0.00042	0.00065	0.02676	0.00110	0.00100
19	0.00427	0.00545	0.00324	0.00295	0.00354	0.95520	0.00221	0.00457	0.00324	0.00280	0.00177	0.00206	0.00147	0.00118	0.00103	0.00029	0.00206	0.00074	0.00059	0.00133
20	0.07832	0.03375	0.11137	0.15844	0.23194	0.00904	0.06240	0.13021	0.00285	0.08562	0.00238	0.01102	0.00183	0.00713	0.00596	0.00037	0.05247	0.00101	0.01228	0.00161
21	0.02191	0.12424	0.33723	0.00280	0.01217	0.03842	0.07601	0.10149	0.05536	0.05518	0.05433	0.00312	0.01477	0.00128	0.00120	0.00034	0.04660	0.00743	0.00462	0.04150
22	0.01398	0.00142	0.00178	0.01048	0.00214	0.00130	0.00796	0.00214	0.00254	0.02133	0.05941	0.68174	0.05757	0.02771	0.05589	0.01331	0.00098	0.01176	0.00115	0.02541

[dist]
# distance from previous block
# <min> <max>
1	1

[block]
# block no. 6 follows, 285 sequences, length 25
# corresponding to MSA columns:
# 2178-2185,2198-2214
name=unknown_G
#
# <colnr> <probs for GDERKNQSTAVLIFYWHMCP>
#	G	D	E	R	K	N	Q	S	T	A	V	L	I	F	Y	W	H	M	C	P
0	0.01044	0.29476	0.31388	0.04530	0.15914	0.01315	0.04103	0.03003	0.03202	0.02503	0.00222	0.00833	0.01191	0.00110	0.00101	0.00032	0.00142	0.00088	0.00058	0.00745
1	0.02863	0.00683	0.01481	0.35495	0.20671	0.00767	0.02793	0.02067	0.01155	0.16048	0.01459	0.06606	0.04172	0.00148	0.00121	0.00943	0.00126	0.02178	0.00078	0.00148
2	0.00165	0.00122	0.00182	0.00182	0.00202	0.00142	0.00141	0.00206	0.00185	0.00270	0.00308	0.00449	0.00286	0.00838	0.92921	0.00180	0.00300	0.00122	0.02697	0.00102
3	0.01330	0.00238	0.04318	0.10846	0.03765	0.00221	0.04253	0.16457	0.00340	0.53031	0.01294	0.01135	0.00250	0.00135	0.00115	0.00036	0.00115	0.00113	0.01827	0.00180
4	0.03727	0.01703	0.09671	0.02329	0.08243	0.02829	0.05964	0.05511	0.07663	0.42759	0.01921	0.02592	0.00274	0.00141	0.00117	0.00036	0.00704	0.02743	0.00106	0.00967
5	0.01301	0.00120	0.00125	0.00119	0.00151	0.00121	0.00090	0.02650	0.01907	0.05654	0.00374	0.00418	0.00289	0.00134	0.00083	0.00028	0.00059	0.00107	0.86154	0.00115
6	0.02717	0.03694	0.13356	0.04624	0.14663	0.02787	0.12559	0.13250	0.11924	0.07995	0.01449	0.00789	0.00212	0.00129	0.00137	0.00037	0.08643	0.00107	0.00078	0.00850
7	0.04836	0.23777	0.00363	0.00232	0.00308	0.14552	0.00193	0.24299	0.23744	0.00455	0.00276	0.00282	0.00215	0.00128	0.00103	0.00032	0.01416	0.00093	0.04532	0.00162
8	0.11605	0.01503	0.26115	0.00258	0.00367	0.00811	0.04098	0.27603	0.02200	0.13906	0.01091	0.00282	0.00194	0.00123	0.00110	0.00034	0.01343	0.00617	0.00087	0.07651
9	0.01538	0.06395	0.35902	0.01360	0.06608	0.00245	0.03310	0.04329	0.04386	0.27005	0.03705	0.03281	0.00250	0.00133	0.00114	0.00036	0.01038	0.00109	0.00086	0.00171
10	0.07222	0.15455	0.60622	0.00288	0.00428	0.00294	0.03108	0.04543	0.00255	0.05767	0.00212	0.00240	0.00155	0.00110	0.00104	0.00034	0.00858	0.00083	0.00059	0.00164
11	0.00154	0.00115	0.00143	0.00142	0.00169	0.00105	0.00106	0.00199	0.00296	0.00402	0.59715	0.11000	0.22970	0.00263	0.00137	0.00038	0.00058	0.03766	0.00118	0.00104
12	0.00700	0.00155	0.01444	0.04281	0.12465	0.00146	0.02532	0.02369	0.01318	0.01391	0.20019	0.28134	0.21199	0.00670	0.00136	0.00040	0.00487	0.02296	0.00100	0.00117
13	0.01404	0.03381	0.14101	0.12153	0.18488	0.02877	0.10244	0.11556	0.03757	0.17860	0.00285	0.00819	0.01355	0.00123	0.00116	0.00036	0.00616	0.00580	0.00081	0.00169
14	0.00289	0.00160	0.01299	0.00791	0.02079	0.00146	0.00144	0.00922	0.05697	0.30864	0.38493	0.01989	0.03882	0.02110	0.00135	0.00038	0.00079	0.06263	0.04481	0.00141
15	0.00260	0.02855	0.39758	0.00404	0.00541	0.00281	0.51381	0.00368	0.00259	0.02457	0.00224	0.00280	0.00163	0.00103	0.00122	0.00037	0.00179	0.00112	0.00056	0.00161
16	0.00827	0.06268	0.26677	0.03935	0.21275	0.17538	0.10474	0.01227	0.03579	0.03788	0.00227	0.00739	0.00179	0.00777	0.00117	0.00035	0.01212	0.00906	0.00061	0.00160
17	0.00829	0.12467	0.37863	0.09163	0.04672	0.04575	0.05747	0.03299	0.02476	0.09640	0.04349	0.02436	0.00832	0.00126	0.00110	0.00035	0.00530	0.00625	0.00068	0.00158
18	0.00179	0.00116	0.00156	0.00154	0.00164	0.00122	0.00107	0.00178	0.00181	0.01054	0.02219	0.03102	0.09642	0.25827	0.18954	0.31904	0.04032	0.01765	0.00067	0.00077
19	0.00153	0.01249	0.00163	0.02601	0.01153	0.00112	0.01957	0.00182	0.00232	0.00305	0.02223	0.67930	0.09015	0.00328	0.00144	0.00046	0.00076	0.11931	0.00103	0.00099
20	0.00349	0.07411	0.19895	0.01584	0.07966	0.06481	0.02995	0.08223	0.10832	0.25967	0.01631	0.02107	0.00245	0.00141	0.00916	0.00037	0.01618	0.01341	0.00091	0.00171
21	0.05487	0.05149	0.12921	0.06817	0.15813	0.03972	0.11647	0.14116	0.05396	0.10123	0.00753	0.02921	0.00219	0.00536	0.00523	0.00037	0.01140	0.01822	0.00445	0.00163
22	0.01627	0.01371	0.08784	0.01901	0.07318	0.03508	0.03304	0.02811	0.01938	0.11831	0.06894	0.21512	0.13913	0.00687	0.00128	0.00039	0.00099	0.06440	0.04130	0.01766
23	0.01878	0.04110	0.33754	0.06322	0.10475	0.02401	0.10512	0.05469	0.03801	0.04572	0.01440	0.00961	0.00189	0.00705	0.00117	0.00034	0.01873	0.00098	0.00065	0.11223
24	0.01106	0.04772	0.34125	0.14122	0.08932	0.02676	0.08499	0.05753	0.02516	0.08117	0.01636	0.01107	0.01547	0.00122	0.00116	0.00036	0.01706	0.00911	0.00533	0.01667

[dist]
# distance from previous block
# <min> <max>
7	71

[block]
# block no. 7 follows, 285 sequences, length 7
# corresponding to MSA columns:
# 2286-2292
name=unknown_H
#
# <colnr> <probs for GDERKNQSTAVLIFYWHMCP>
#	G	D	E	R	K	N	Q	S	T	A	V	L	I	F	Y	W	H	M	C	P
0	0.08008	0.08043	0.06777	0.01603	0.03136	0.04220	0.03483	0.16079	0.03190	0.12963	0.03410	0.05874	0.04608	0.01079	0.03344	0.02072	0.01558	0.01538	0.01144	0.07873
1	0.04361	0.12450	0.09057	0.04260	0.01925	0.03941	0.04638	0.07214	0.05599	0.07638	0.02165	0.05855	0.02566	0.03633	0.02548	0.02962	0.01093	0.01594	0.00078	0.16424
2	0.12643	0.07240	0.12402	0.09592	0.01580	0.01369	0.02560	0.17174	0.02432	0.03843	0.03344	0.04742	0.01759	0.01828	0.02878	0.01227	0.02433	0.01807	0.01009	0.08135
3	0.09324	0.17753	0.13508	0.04825	0.01398	0.02447	0.02435	0.09429	0.01474	0.03751	0.05462	0.11712	0.01612	0.02818	0.00121	0.00036	0.00990	0.02187	0.00077	0.08641
4	0.05196	0.20451	0.15794	0.03397	0.03249	0.04126	0.01743	0.12219	0.04301	0.07997	0.02847	0.04715	0.02019	0.00152	0.01687	0.00036	0.02319	0.02943	0.00078	0.04729
5	0.04939	0.17851	0.20885	0.03682	0.02912	0.04712	0.05004	0.10770	0.04894	0.01537	0.02887	0.02714	0.00238	0.01242	0.02837	0.00039	0.02974	0.04266	0.00930	0.04687
6	0.06949	0.23033	0.21810	0.01914	0.00351	0.03505	0.01523	0.22457	0.01585	0.01330	0.01726	0.01482	0.01865	0.01161	0.01603	0.01076	0.02193	0.01333	0.00073	0.03030

[dist]
# distance from previous block
# <min> <max>
1	347

# created by:
# /home/berkeley/.conda/envs/busco_data_prod/bin/msa2prfl.pl pipeline/OGs_align_augustus/2759/10262062.fs
