[name]
unknown

[dist]
# distance from previous block
# <min> <max>
0	312

[block]
# block no. 0 follows, 292 sequences, length 9
# corresponding to MSA columns:
# 1632-1640
name=unknown_A
#
# <colnr> <probs for GDERKNQSTAVLIFYWHMCP>
#	G	D	E	R	K	N	Q	S	T	A	V	L	I	F	Y	W	H	M	C	P
0	0.24265	0.01827	0.06284	0.08845	0.12006	0.08814	0.05822	0.07563	0.02592	0.03892	0.01493	0.02602	0.00884	0.01081	0.00106	0.00034	0.00907	0.01981	0.00071	0.08932
1	0.02155	0.02149	0.03255	0.15040	0.03716	0.15842	0.04364	0.20499	0.14104	0.02489	0.01597	0.03623	0.01109	0.00949	0.00129	0.00036	0.05633	0.00109	0.00080	0.03121
2	0.01314	0.00134	0.00193	0.01132	0.00212	0.00126	0.09041	0.00216	0.01942	0.01526	0.38537	0.13170	0.20306	0.04227	0.02131	0.03550	0.00080	0.01957	0.00102	0.00104
3	0.01507	0.00150	0.00195	0.12144	0.03561	0.01416	0.01574	0.05487	0.02677	0.00347	0.12652	0.28693	0.20744	0.01438	0.00136	0.00041	0.00086	0.06945	0.00096	0.00111
4	0.03725	0.00133	0.00151	0.00138	0.00180	0.00124	0.00107	0.02815	0.01848	0.13617	0.24526	0.03590	0.27243	0.00205	0.00115	0.00034	0.00064	0.00172	0.21094	0.00117
5	0.00249	0.03748	0.03171	0.10314	0.05418	0.01634	0.55201	0.01975	0.01249	0.00354	0.06501	0.03721	0.01533	0.00125	0.00131	0.00037	0.02350	0.02081	0.00064	0.00143
6	0.00174	0.00121	0.00139	0.00140	0.00148	0.00123	0.00086	0.04425	0.04293	0.00264	0.00407	0.20340	0.00463	0.67896	0.00441	0.00089	0.00099	0.00190	0.00079	0.00083
7	0.01067	0.00232	0.03662	0.17205	0.12817	0.01388	0.19020	0.05055	0.07944	0.02829	0.12356	0.04325	0.03971	0.01918	0.01962	0.00041	0.01958	0.00912	0.01197	0.00140
8	0.02858	0.39252	0.01428	0.01215	0.00309	0.13671	0.01256	0.21019	0.03298	0.05340	0.00237	0.05672	0.00203	0.00137	0.01341	0.00032	0.01337	0.00093	0.00074	0.01230

[dist]
# distance from previous block
# <min> <max>
7	52

[block]
# block no. 1 follows, 292 sequences, length 13
# corresponding to MSA columns:
# 1711-1723
name=unknown_B
#
# <colnr> <probs for GDERKNQSTAVLIFYWHMCP>
#	G	D	E	R	K	N	Q	S	T	A	V	L	I	F	Y	W	H	M	C	P
0	0.14074	0.06953	0.00280	0.00220	0.01185	0.06395	0.02531	0.15707	0.34928	0.02648	0.05099	0.00339	0.00279	0.00135	0.00104	0.00034	0.01062	0.00105	0.05557	0.02365
1	0.00235	0.00205	0.04834	0.10103	0.06637	0.00886	0.03028	0.01219	0.05204	0.07172	0.13026	0.10229	0.02809	0.01429	0.00117	0.00031	0.00794	0.00131	0.00083	0.31828
2	0.01341	0.13183	0.16103	0.08415	0.20082	0.02039	0.07225	0.13439	0.01145	0.04928	0.02746	0.02903	0.00780	0.00120	0.00108	0.00033	0.00912	0.00102	0.00653	0.03742
3	0.04980	0.04126	0.10287	0.01867	0.09806	0.21474	0.35138	0.01409	0.01719	0.04347	0.00975	0.00273	0.00891	0.00109	0.00118	0.00034	0.02132	0.00103	0.00062	0.00149
4	0.00158	0.00116	0.00148	0.00162	0.00180	0.00108	0.00114	0.04536	0.00236	0.00318	0.04018	0.76075	0.02490	0.00317	0.00138	0.00043	0.00070	0.05107	0.00103	0.05562
5	0.02037	0.03362	0.28662	0.01169	0.06852	0.07067	0.22121	0.12459	0.03555	0.02957	0.01047	0.06172	0.00216	0.00128	0.00117	0.00036	0.00935	0.00885	0.00069	0.00157
6	0.00891	0.02514	0.07948	0.01296	0.05521	0.02420	0.10185	0.06762	0.04690	0.08744	0.05099	0.34600	0.04057	0.00225	0.01009	0.00041	0.00956	0.02821	0.00092	0.00132
7	0.00176	0.00122	0.00150	0.00155	0.00180	0.00114	0.00112	0.04565	0.02425	0.05715	0.13395	0.51390	0.18960	0.00294	0.00136	0.00041	0.00067	0.01788	0.00109	0.00106
8	0.00185	0.00150	0.05541	0.00159	0.00193	0.00128	0.00127	0.05875	0.02204	0.02092	0.30378	0.29793	0.06687	0.01258	0.00129	0.00038	0.00070	0.01310	0.13572	0.00111
9	0.00378	0.03885	0.00323	0.00285	0.03349	0.70581	0.01207	0.02350	0.05977	0.00302	0.00201	0.01302	0.00168	0.00130	0.01497	0.00032	0.02294	0.00081	0.00062	0.05598
10	0.02903	0.02387	0.04379	0.02056	0.14559	0.04365	0.14148	0.20990	0.11353	0.13033	0.00980	0.01576	0.00219	0.00123	0.00113	0.00034	0.00957	0.00107	0.00087	0.05630
11	0.00159	0.00116	0.00145	0.01469	0.00177	0.00113	0.00109	0.05835	0.00234	0.00310	0.04466	0.62792	0.08542	0.12041	0.01848	0.00054	0.00078	0.01318	0.00099	0.00096
12	0.00219	0.01474	0.01939	0.06190	0.04954	0.01375	0.05782	0.06981	0.01775	0.08485	0.00494	0.53986	0.02823	0.00257	0.00133	0.00041	0.00885	0.01991	0.00096	0.00121

[dist]
# distance from previous block
# <min> <max>
1	107

[block]
# block no. 2 follows, 292 sequences, length 11
# corresponding to MSA columns:
# 1836-1846
name=unknown_C
#
# <colnr> <probs for GDERKNQSTAVLIFYWHMCP>
#	G	D	E	R	K	N	Q	S	T	A	V	L	I	F	Y	W	H	M	C	P
0	0.01089	0.24559	0.27542	0.02198	0.03016	0.03875	0.03674	0.12877	0.01479	0.04844	0.00889	0.03607	0.01602	0.00801	0.00751	0.00033	0.02209	0.00095	0.00067	0.04794
1	0.03264	0.27242	0.44692	0.00276	0.01999	0.02092	0.04997	0.02918	0.03891	0.02407	0.00224	0.01225	0.01701	0.01023	0.00106	0.00033	0.01611	0.00087	0.00057	0.00155
2	0.02143	0.11831	0.01547	0.20668	0.17069	0.04892	0.02135	0.02168	0.01496	0.01112	0.00818	0.02442	0.00190	0.02622	0.01415	0.00763	0.00906	0.00092	0.00061	0.25632
3	0.00197	0.01841	0.03097	0.04287	0.02576	0.01203	0.05200	0.01617	0.06047	0.04536	0.24409	0.21156	0.15184	0.00853	0.00816	0.00040	0.00830	0.03776	0.01660	0.00678
4	0.00241	0.03307	0.00257	0.02322	0.02347	0.01675	0.01575	0.03726	0.00246	0.00369	0.01480	0.02596	0.01268	0.00098	0.00088	0.00020	0.00090	0.00080	0.00069	0.78147
5	0.00160	0.00118	0.00169	0.00170	0.00185	0.00134	0.00126	0.00190	0.00180	0.00255	0.00343	0.08017	0.02057	0.15285	0.68107	0.01933	0.02270	0.00143	0.00065	0.00094
6	0.00358	0.01344	0.00309	0.20512	0.02375	0.00251	0.03363	0.30416	0.06238	0.25224	0.01235	0.04998	0.01541	0.00143	0.00114	0.00035	0.00116	0.00119	0.01142	0.00165
7	0.00165	0.00112	0.00126	0.00128	0.00132	0.00112	0.00075	0.00179	0.03369	0.00238	0.00397	0.08443	0.02753	0.80417	0.00497	0.00097	0.00102	0.00174	0.02411	0.00075
8	0.01290	0.00174	0.00855	0.03375	0.00925	0.01352	0.00941	0.09318	0.11324	0.01938	0.04173	0.02165	0.01830	0.26071	0.25289	0.00094	0.07742	0.00135	0.00895	0.00115
9	0.00174	0.00898	0.00158	0.01686	0.00187	0.01481	0.00114	0.00223	0.04570	0.03283	0.29977	0.16939	0.23088	0.03297	0.06768	0.00962	0.01807	0.00205	0.03354	0.00828
10	0.07612	0.08927	0.08745	0.05398	0.05988	0.13043	0.08226	0.10776	0.02858	0.05381	0.02245	0.07264	0.02411	0.00719	0.00778	0.00036	0.05931	0.00113	0.00073	0.03476

[dist]
# distance from previous block
# <min> <max>
13	50

[block]
# block no. 3 follows, 292 sequences, length 30
# corresponding to MSA columns:
# 1924-1939,1941-1954
name=unknown_D
#
# <colnr> <probs for GDERKNQSTAVLIFYWHMCP>
#	G	D	E	R	K	N	Q	S	T	A	V	L	I	F	Y	W	H	M	C	P
0	0.12357	0.07300	0.03719	0.00297	0.14842	0.07123	0.07737	0.08989	0.04708	0.09098	0.01624	0.10486	0.03118	0.00733	0.01748	0.00038	0.01155	0.03403	0.00356	0.01167
1	0.00222	0.01911	0.02341	0.02286	0.10641	0.05417	0.03800	0.04968	0.01855	0.03998	0.29383	0.11036	0.09108	0.05139	0.02489	0.00383	0.00440	0.00820	0.01088	0.02676
2	0.03983	0.03821	0.10704	0.00257	0.02631	0.05578	0.01273	0.42405	0.16781	0.01238	0.00688	0.01129	0.00218	0.00131	0.00107	0.00033	0.00121	0.01664	0.00093	0.07145
3	0.01480	0.01641	0.01968	0.01441	0.03258	0.00240	0.02418	0.13669	0.41458	0.06932	0.09406	0.01944	0.01415	0.08532	0.00154	0.00042	0.00097	0.00479	0.00880	0.02547
4	0.00223	0.00566	0.92819	0.00316	0.00477	0.00256	0.00407	0.00351	0.00237	0.00354	0.00212	0.00265	0.00156	0.00112	0.00108	0.00036	0.00164	0.02733	0.00049	0.00164
5	0.01635	0.22938	0.12338	0.02594	0.16963	0.02587	0.07333	0.04371	0.19188	0.02264	0.02721	0.01829	0.00232	0.00123	0.00108	0.00033	0.01747	0.00767	0.00071	0.00159
6	0.00218	0.00183	0.03911	0.00182	0.00644	0.00548	0.01185	0.05237	0.25674	0.03307	0.37320	0.02587	0.13746	0.01439	0.00131	0.00037	0.00735	0.00758	0.02025	0.00133
7	0.00151	0.00115	0.00150	0.00155	0.00177	0.00105	0.03470	0.00183	0.01887	0.01518	0.11198	0.51760	0.23478	0.04915	0.00158	0.00045	0.00069	0.00265	0.00103	0.00097
8	0.00272	0.11553	0.07733	0.08161	0.05583	0.06398	0.03365	0.08906	0.22700	0.00901	0.09360	0.00862	0.02579	0.00547	0.00112	0.00033	0.00878	0.01924	0.00083	0.08050
9	0.00139	0.00110	0.00125	0.00129	0.00157	0.00096	0.00094	0.00170	0.00257	0.00328	0.21153	0.23453	0.51283	0.01815	0.00142	0.00040	0.00059	0.00247	0.00107	0.00096
10	0.00983	0.03463	0.05522	0.02758	0.04519	0.00512	0.07698	0.08757	0.10038	0.04599	0.26474	0.05285	0.09975	0.00930	0.01132	0.00038	0.03892	0.00759	0.00096	0.02571
11	0.00213	0.00133	0.00180	0.00691	0.00201	0.00144	0.00132	0.02905	0.01074	0.10247	0.00331	0.00447	0.00826	0.08066	0.57565	0.00126	0.01233	0.00120	0.14595	0.00772
12	0.00276	0.00290	0.13227	0.03774	0.04612	0.00253	0.30672	0.06512	0.11449	0.08987	0.02444	0.01404	0.03485	0.02917	0.02327	0.00043	0.06337	0.00765	0.00077	0.00153
13	0.00246	0.00205	0.01020	0.00175	0.00274	0.00156	0.01713	0.01700	0.00240	0.04066	0.00210	0.00239	0.00170	0.00086	0.00085	0.00018	0.00086	0.00070	0.00069	0.89172
14	0.00243	0.00301	0.11101	0.01343	0.02610	0.00253	0.66243	0.01595	0.00258	0.00352	0.00288	0.11510	0.01575	0.00132	0.00130	0.00038	0.00166	0.01655	0.00063	0.00145
15	0.00476	0.00222	0.01162	0.00211	0.00297	0.02949	0.00175	0.14700	0.02470	0.74213	0.01675	0.00364	0.00271	0.00138	0.00112	0.00034	0.00102	0.00111	0.00130	0.00187
16	0.00170	0.00133	0.00169	0.02649	0.00201	0.01776	0.02557	0.00220	0.01381	0.01813	0.56174	0.07686	0.18181	0.00703	0.00132	0.00037	0.00066	0.02445	0.00111	0.03397
17	0.00163	0.00109	0.00124	0.00124	0.00125	0.00110	0.00071	0.00164	0.00163	0.00219	0.00350	0.00719	0.00401	0.91960	0.04671	0.00111	0.00117	0.00161	0.00067	0.00069
18	0.00228	0.00217	0.00368	0.61692	0.25463	0.00251	0.02953	0.00298	0.00232	0.00308	0.00226	0.00313	0.02611	0.00124	0.01310	0.00038	0.03072	0.00104	0.00053	0.00138
19	0.00156	0.00114	0.00147	0.00139	0.00166	0.00105	0.00104	0.00207	0.00312	0.00437	0.88175	0.00854	0.08200	0.00233	0.00132	0.00035	0.00053	0.00205	0.00122	0.00105
20	0.00239	0.00231	0.01439	0.59817	0.14468	0.02375	0.11304	0.01980	0.00976	0.02062	0.00235	0.01080	0.02272	0.00116	0.00117	0.00411	0.00576	0.00108	0.00056	0.00137
21	0.02384	0.00209	0.01730	0.00188	0.00278	0.00763	0.00155	0.05543	0.03612	0.35432	0.02368	0.00319	0.00238	0.00115	0.00099	0.00026	0.00091	0.01228	0.00098	0.45123
22	0.00179	0.00120	0.00151	0.00141	0.00174	0.00108	0.00107	0.00226	0.00303	0.07636	0.67889	0.02758	0.18291	0.00235	0.00131	0.00036	0.00057	0.01227	0.00120	0.00110
23	0.01532	0.00285	0.02386	0.01386	0.00316	0.09039	0.00193	0.22114	0.52820	0.06781	0.01178	0.00356	0.00281	0.00146	0.00645	0.00037	0.00111	0.00113	0.00107	0.00174
24	0.00214	0.00202	0.00339	0.91293	0.00753	0.00250	0.02044	0.00296	0.02964	0.00292	0.00207	0.00302	0.00155	0.00113	0.00112	0.00037	0.00148	0.00101	0.00052	0.00126
25	0.00218	0.00118	0.00128	0.00124	0.00154	0.00652	0.01272	0.02917	0.00245	0.02880	0.00389	0.07277	0.00786	0.00152	0.00088	0.00029	0.00060	0.02983	0.78659	0.00870
26	0.01889	0.00279	0.00305	0.00245	0.00325	0.03047	0.02635	0.46273	0.30023	0.13260	0.00344	0.00327	0.00246	0.00138	0.00112	0.00035	0.00112	0.00110	0.00112	0.00182
27	0.07382	0.04880	0.00308	0.00227	0.00310	0.01377	0.00189	0.44003	0.01299	0.34050	0.00311	0.00297	0.00212	0.00134	0.00119	0.00034	0.04477	0.00100	0.00112	0.00179
28	0.00358	0.00275	0.01641	0.04012	0.02980	0.00300	0.01401	0.44141	0.36151	0.07014	0.00345	0.00334	0.00250	0.00138	0.00113	0.00035	0.00111	0.00111	0.00109	0.00181
29	0.00140	0.00108	0.00129	0.00143	0.00165	0.00097	0.00104	0.00168	0.00240	0.00303	0.04028	0.42039	0.41110	0.00313	0.00139	0.00042	0.00065	0.10469	0.00104	0.00094

[dist]
# distance from previous block
# <min> <max>
0	7

[block]
# block no. 4 follows, 292 sequences, length 16
# corresponding to MSA columns:
# 1991-1993,2010-2014,2019-2021,2032-2036
name=unknown_E
#
# <colnr> <probs for GDERKNQSTAVLIFYWHMCP>
#	G	D	E	R	K	N	Q	S	T	A	V	L	I	F	Y	W	H	M	C	P
0	0.01037	0.01357	0.16062	0.01345	0.01179	0.03597	0.05292	0.28815	0.06128	0.07284	0.00270	0.00994	0.01495	0.00118	0.00104	0.00030	0.00121	0.00095	0.00756	0.23921
1	0.89445	0.00214	0.00172	0.00151	0.00222	0.00244	0.00124	0.00345	0.00200	0.07808	0.00178	0.00197	0.00133	0.00106	0.00073	0.00035	0.00087	0.00065	0.00075	0.00126
2	0.07679	0.00242	0.00329	0.00282	0.00288	0.00335	0.00235	0.00274	0.00173	0.00287	0.00147	0.00240	0.00145	0.00189	0.00344	0.00048	0.88495	0.00095	0.00050	0.00122
3	0.22383	0.01474	0.01714	0.07580	0.02862	0.02408	0.02099	0.12713	0.25526	0.17337	0.00319	0.02611	0.00237	0.00133	0.00103	0.00036	0.00105	0.00105	0.00097	0.00160
4	0.04393	0.13098	0.44478	0.00294	0.02261	0.01318	0.09773	0.13076	0.00276	0.02247	0.00241	0.07609	0.00200	0.00127	0.00106	0.00034	0.00143	0.00105	0.00064	0.00157
5	0.00389	0.00226	0.03644	0.00200	0.00292	0.02287	0.00168	0.07580	0.04482	0.48456	0.00337	0.00317	0.00230	0.00119	0.00103	0.00029	0.00098	0.00096	0.00107	0.30838
6	0.00142	0.00114	0.00127	0.00123	0.00157	0.00099	0.00093	0.00179	0.00278	0.00357	0.36220	0.00986	0.60205	0.00263	0.00132	0.00037	0.00055	0.00223	0.00111	0.00099
7	0.00141	0.00105	0.00132	0.00151	0.00165	0.00098	0.00103	0.00173	0.03226	0.00302	0.05438	0.73776	0.15121	0.00328	0.00140	0.00044	0.00064	0.00294	0.00105	0.00095
8	0.01655	0.02880	0.00244	0.00196	0.01036	0.00977	0.00967	0.24512	0.07569	0.20194	0.04737	0.00382	0.01839	0.00157	0.02073	0.00036	0.03907	0.00112	0.26376	0.00153
9	0.00309	0.00169	0.00210	0.00180	0.00234	0.00163	0.00142	0.07045	0.12224	0.32674	0.32848	0.06228	0.02405	0.00188	0.00121	0.00036	0.00078	0.01367	0.03233	0.00148
10	0.00357	0.00259	0.00420	0.01883	0.01201	0.02304	0.35640	0.16979	0.03967	0.27736	0.02018	0.01275	0.01782	0.00127	0.00124	0.00036	0.01794	0.00122	0.01810	0.00166
11	0.00169	0.00114	0.00129	0.00127	0.00131	0.00115	0.00074	0.02510	0.00174	0.00235	0.00353	0.02211	0.00401	0.87667	0.03291	0.00106	0.00113	0.00161	0.01847	0.00073
12	0.02628	0.00316	0.00329	0.00254	0.00342	0.03972	0.00209	0.86344	0.00504	0.03582	0.00268	0.00267	0.00189	0.00133	0.00110	0.00033	0.00124	0.00099	0.00110	0.00186
13	0.00249	0.00202	0.00236	0.00170	0.00268	0.00156	0.00136	0.03397	0.00245	0.04001	0.00210	0.00239	0.00171	0.00087	0.00085	0.00018	0.00085	0.00069	0.00071	0.89905
14	0.00335	0.31773	0.03122	0.01835	0.02931	0.10000	0.01300	0.07730	0.19659	0.14610	0.01878	0.01304	0.01600	0.00127	0.00099	0.00031	0.00118	0.00097	0.01291	0.00158
15	0.57996	0.02032	0.00223	0.00185	0.00257	0.03211	0.00151	0.18387	0.12441	0.01744	0.00222	0.00235	0.00168	0.00118	0.00088	0.00034	0.01023	0.00079	0.01263	0.00143

[dist]
# distance from previous block
# <min> <max>
2	9

[block]
# block no. 5 follows, 292 sequences, length 18
# corresponding to MSA columns:
# 2046,2047,2051-2053,2081-2085,2089-2096
name=unknown_F
#
# <colnr> <probs for GDERKNQSTAVLIFYWHMCP>
#	G	D	E	R	K	N	Q	S	T	A	V	L	I	F	Y	W	H	M	C	P
0	0.02022	0.00121	0.00150	0.00165	0.00183	0.00121	0.00117	0.00224	0.10960	0.02187	0.02296	0.64269	0.03331	0.05512	0.00161	0.00048	0.00074	0.07852	0.00103	0.00103
1	0.01725	0.00178	0.00237	0.00188	0.00263	0.00157	0.00153	0.01880	0.00314	0.75356	0.11451	0.04200	0.00382	0.00156	0.00114	0.00035	0.00088	0.00130	0.02818	0.00173
2	0.00323	0.00255	0.00273	0.00232	0.00300	0.00286	0.00184	0.39948	0.44927	0.00546	0.00395	0.11166	0.00323	0.00167	0.00116	0.00037	0.00100	0.00137	0.00112	0.00173
3	0.78461	0.00204	0.00170	0.00152	0.00213	0.00233	0.00122	0.03115	0.01841	0.02089	0.00176	0.00213	0.00140	0.00139	0.00114	0.10973	0.00089	0.00068	0.01370	0.00117
4	0.10592	0.00272	0.00287	0.00225	0.00305	0.00298	0.00185	0.68563	0.00445	0.06388	0.00278	0.00283	0.00199	0.00131	0.00104	0.00033	0.00109	0.00098	0.11033	0.00173
5	0.91498	0.00217	0.00171	0.00151	0.00221	0.00250	0.00124	0.02216	0.00202	0.03902	0.00168	0.00191	0.00128	0.00106	0.00072	0.00035	0.00088	0.00063	0.00073	0.00125
6	0.00293	0.85291	0.00558	0.00203	0.00288	0.00431	0.00197	0.00327	0.00221	0.00264	0.00154	0.00187	0.00144	0.00107	0.00105	0.00027	0.10949	0.00064	0.00048	0.00141
7	0.03977	0.00255	0.00279	0.01800	0.11037	0.11513	0.03036	0.09626	0.30058	0.04705	0.00362	0.11179	0.00312	0.00683	0.00122	0.00037	0.02429	0.03009	0.05430	0.00152
8	0.00304	0.00265	0.01708	0.00237	0.00305	0.03952	0.01177	0.14745	0.70516	0.01413	0.01860	0.00393	0.00316	0.00149	0.00117	0.00037	0.01353	0.00870	0.00109	0.00174
9	0.00289	0.00155	0.00197	0.00171	0.00222	0.00146	0.00134	0.00368	0.11588	0.32779	0.40789	0.03857	0.04285	0.00194	0.00123	0.00036	0.00073	0.02008	0.02445	0.00142
10	0.00211	0.00199	0.00335	0.95801	0.00770	0.00248	0.00311	0.00286	0.00224	0.00286	0.00199	0.00298	0.00149	0.00112	0.00112	0.00037	0.00149	0.00099	0.00050	0.00124
11	0.00175	0.00155	0.00145	0.00149	0.00171	0.10902	0.00103	0.00195	0.00230	0.00280	0.02959	0.29050	0.30297	0.22169	0.00231	0.00055	0.00088	0.01088	0.01468	0.00092
12	0.00192	0.00098	0.00145	0.00146	0.00147	0.00098	0.00098	0.00148	0.00149	0.00199	0.00218	0.00373	0.01671	0.02217	0.00431	0.91907	0.00097	0.01566	0.00051	0.00050
13	0.00306	0.74778	0.00524	0.00207	0.00297	0.04528	0.01605	0.04415	0.11833	0.00309	0.00199	0.00215	0.00170	0.00105	0.00081	0.00026	0.00121	0.00071	0.00059	0.00149
14	0.00188	0.00180	0.10934	0.00172	0.00215	0.00142	0.00147	0.02934	0.08010	0.01487	0.10293	0.30652	0.11540	0.00233	0.00123	0.00038	0.00843	0.03757	0.16250	0.01863
15	0.03039	0.28099	0.10030	0.00680	0.00314	0.14051	0.01100	0.07845	0.07793	0.02625	0.00226	0.01892	0.00191	0.01718	0.01619	0.00034	0.05990	0.01062	0.00619	0.11073
16	0.03048	0.00230	0.00250	0.00218	0.00285	0.00256	0.00172	0.06016	0.68530	0.14748	0.00454	0.02278	0.02701	0.00155	0.00113	0.00037	0.00090	0.00127	0.00116	0.00174
17	0.21455	0.01982	0.36886	0.00276	0.01746	0.01272	0.15116	0.02015	0.00249	0.03220	0.11957	0.00317	0.00264	0.00121	0.00104	0.00035	0.00131	0.00102	0.02607	0.00145

[dist]
# distance from previous block
# <min> <max>
8	22

[block]
# block no. 6 follows, 292 sequences, length 14
# corresponding to MSA columns:
# 2126-2139
name=unknown_G
#
# <colnr> <probs for GDERKNQSTAVLIFYWHMCP>
#	G	D	E	R	K	N	Q	S	T	A	V	L	I	F	Y	W	H	M	C	P
0	0.00245	0.00245	0.00343	0.00294	0.00294	0.00343	0.00245	0.00269	0.00171	0.00269	0.00147	0.00245	0.00147	0.00196	0.00367	0.00049	0.95865	0.00098	0.00049	0.00122
1	0.02212	0.01134	0.01094	0.14506	0.22002	0.01983	0.02308	0.08044	0.39041	0.01606	0.00324	0.00341	0.01292	0.00128	0.00111	0.00035	0.00115	0.00110	0.00085	0.03528
2	0.27777	0.04692	0.00306	0.03536	0.00319	0.23399	0.03494	0.16248	0.00281	0.01380	0.00184	0.00223	0.00148	0.00128	0.00142	0.00035	0.17421	0.00081	0.00069	0.00138
3	0.00212	0.00129	0.00171	0.00163	0.00171	0.02888	0.00114	0.03414	0.00168	0.00224	0.00197	0.00333	0.00194	0.01835	0.01807	0.79581	0.05761	0.00097	0.00052	0.02490
4	0.00156	0.00114	0.00146	0.00140	0.00166	0.00104	0.00104	0.00205	0.00308	0.00432	0.84962	0.04941	0.07329	0.00237	0.00132	0.00036	0.00054	0.00209	0.00121	0.00104
5	0.02031	0.00119	0.01158	0.00171	0.00187	0.00111	0.03936	0.01254	0.02062	0.00304	0.02960	0.80404	0.02026	0.02522	0.00149	0.00046	0.00073	0.00289	0.00101	0.00097
6	0.04365	0.01472	0.00191	0.00161	0.00210	0.00716	0.00759	0.12235	0.04166	0.17573	0.08845	0.01935	0.02885	0.03136	0.01535	0.00036	0.01099	0.00746	0.37802	0.00134
7	0.00175	0.00123	0.00147	0.00143	0.00174	0.00114	0.00107	0.00233	0.05951	0.04606	0.44553	0.12248	0.23234	0.00243	0.00128	0.00037	0.00060	0.01692	0.05921	0.00109
8	0.01380	0.00298	0.17424	0.01550	0.00352	0.00241	0.04892	0.27182	0.02769	0.37760	0.00332	0.01608	0.00228	0.00131	0.00111	0.00035	0.00119	0.00107	0.03303	0.00178
9	0.00190	0.00099	0.00146	0.00146	0.00147	0.00100	0.00098	0.00150	0.00149	0.00199	0.00211	0.00371	0.00213	0.06755	0.05672	0.85039	0.00109	0.00103	0.00050	0.00053
10	0.00395	0.06448	0.10841	0.03461	0.00366	0.00322	0.00232	0.66099	0.00445	0.09884	0.00268	0.00271	0.00189	0.00128	0.00109	0.00033	0.00126	0.00097	0.00101	0.00182
11	0.08602	0.00202	0.00241	0.00178	0.00271	0.00166	0.03318	0.02077	0.00243	0.07006	0.02127	0.01324	0.00194	0.00096	0.00088	0.00021	0.00087	0.00077	0.00074	0.73608
12	0.00285	0.61540	0.04231	0.07924	0.00326	0.07808	0.00205	0.01181	0.01055	0.01209	0.00212	0.04255	0.00198	0.00123	0.00092	0.00029	0.01917	0.03933	0.03342	0.00137
13	0.55059	0.02866	0.15646	0.00192	0.00277	0.04958	0.01179	0.03124	0.00230	0.08506	0.00209	0.00238	0.00157	0.00112	0.00084	0.00034	0.00107	0.01096	0.05790	0.00136

[dist]
# distance from previous block
# <min> <max>
0	1

[block]
# block no. 7 follows, 292 sequences, length 9
# corresponding to MSA columns:
# 2141,2154-2158,2161-2163
name=unknown_H
#
# <colnr> <probs for GDERKNQSTAVLIFYWHMCP>
#	G	D	E	R	K	N	Q	S	T	A	V	L	I	F	Y	W	H	M	C	P
0	0.00222	0.00188	0.00288	0.22287	0.20227	0.00207	0.01648	0.00290	0.06615	0.03393	0.06087	0.08890	0.06013	0.01620	0.04719	0.02405	0.07319	0.07377	0.00075	0.00130
1	0.00149	0.00105	0.00130	0.00143	0.00159	0.00097	0.00098	0.00173	0.00229	0.02229	0.10350	0.56062	0.17301	0.10001	0.00181	0.00049	0.00067	0.00267	0.02117	0.00093
2	0.02336	0.00180	0.00238	0.00188	0.00264	0.00159	0.00153	0.02305	0.00315	0.75838	0.09411	0.03235	0.02177	0.00155	0.00114	0.00035	0.00089	0.00128	0.02505	0.00174
3	0.00357	0.00280	0.00297	0.00244	0.00321	0.00315	0.00196	0.51411	0.44225	0.00595	0.00355	0.00337	0.00260	0.00142	0.00113	0.00036	0.00107	0.00113	0.00113	0.00184
4	0.69518	0.00210	0.00187	0.00159	0.00230	0.00232	0.00131	0.05222	0.00233	0.17251	0.00224	0.00234	0.00161	0.00113	0.00080	0.00034	0.00088	0.00074	0.05482	0.00136
5	0.19465	0.21602	0.00314	0.00192	0.00267	0.00300	0.00164	0.35240	0.00334	0.03570	0.00244	0.00261	0.00186	0.00119	0.00089	0.00030	0.00102	0.00085	0.17285	0.00151
6	0.00232	0.01486	0.01456	0.05305	0.33601	0.02455	0.01396	0.01301	0.01880	0.00343	0.02365	0.01928	0.00383	0.00208	0.01666	0.00044	0.07057	0.36682	0.00077	0.00136
7	0.01527	0.52976	0.01815	0.02433	0.02016	0.17574	0.01839	0.06408	0.02585	0.04920	0.01993	0.01152	0.01168	0.00114	0.00091	0.00028	0.01075	0.00079	0.00063	0.00145
8	0.52902	0.00277	0.00249	0.03431	0.08943	0.14357	0.01617	0.10318	0.01693	0.02205	0.00191	0.00220	0.00148	0.00111	0.00090	0.00034	0.01329	0.00076	0.01673	0.00137

[dist]
# distance from previous block
# <min> <max>
1	4

[block]
# block no. 8 follows, 292 sequences, length 8
# corresponding to MSA columns:
# 2168-2173,2175,2176
name=unknown_I
#
# <colnr> <probs for GDERKNQSTAVLIFYWHMCP>
#	G	D	E	R	K	N	Q	S	T	A	V	L	I	F	Y	W	H	M	C	P
0	0.00161	0.00118	0.00142	0.00140	0.00170	0.00108	0.00104	0.00209	0.04072	0.02518	0.42730	0.13505	0.31325	0.00262	0.00139	0.02025	0.00060	0.01995	0.00112	0.00104
1	0.03460	0.00162	0.00240	0.37008	0.01476	0.00180	0.04292	0.01404	0.00226	0.00312	0.01356	0.05802	0.14136	0.07915	0.02614	0.03739	0.01453	0.03451	0.10666	0.00109
2	0.00159	0.00117	0.00142	0.00145	0.00170	0.00108	0.00105	0.02137	0.02147	0.00359	0.29322	0.34580	0.18156	0.01699	0.00138	0.00040	0.00063	0.02615	0.05290	0.02509
3	0.00191	0.00099	0.00146	0.00146	0.00147	0.00100	0.00098	0.00149	0.00148	0.00199	0.00208	0.00366	0.00210	0.05400	0.05437	0.86643	0.00108	0.00102	0.00050	0.00052
4	0.06001	0.56391	0.09911	0.04047	0.02076	0.07492	0.01847	0.04934	0.00249	0.00318	0.01253	0.00228	0.01898	0.00108	0.00088	0.00028	0.01341	0.00075	0.01570	0.00143
5	0.06685	0.00202	0.00232	0.00179	0.00263	0.00179	0.00144	0.08911	0.06257	0.13718	0.05020	0.03605	0.01826	0.00124	0.00097	0.00026	0.00087	0.01583	0.00089	0.50774
6	0.00266	0.09194	0.07371	0.05020	0.12453	0.02017	0.11800	0.06080	0.05416	0.07688	0.05286	0.08805	0.05534	0.00168	0.01616	0.00038	0.07328	0.01200	0.01243	0.01475
7	0.10659	0.06156	0.00293	0.02752	0.08028	0.07441	0.00194	0.11445	0.44622	0.02767	0.01580	0.01752	0.00273	0.00139	0.00106	0.00035	0.00107	0.01394	0.00095	0.00163

[dist]
# distance from previous block
# <min> <max>
8	76

[block]
# block no. 9 follows, 292 sequences, length 16
# corresponding to MSA columns:
# 2270-2281,2287-2290
name=unknown_J
#
# <colnr> <probs for GDERKNQSTAVLIFYWHMCP>
#	G	D	E	R	K	N	Q	S	T	A	V	L	I	F	Y	W	H	M	C	P
0	0.00252	0.00239	0.00334	0.00286	0.00290	0.00330	0.00238	0.00277	0.00181	0.03713	0.02802	0.00266	0.00177	0.00195	0.00351	0.00048	0.89742	0.00101	0.00054	0.00124
1	0.02905	0.00259	0.00337	0.07808	0.30634	0.03424	0.01002	0.16346	0.24856	0.05002	0.01916	0.00336	0.01110	0.00127	0.00111	0.00035	0.00117	0.00736	0.00086	0.02854
2	0.03171	0.08177	0.03111	0.04016	0.64510	0.03178	0.08026	0.02619	0.00259	0.01587	0.00208	0.00266	0.00171	0.00101	0.00108	0.00033	0.00138	0.00097	0.00057	0.00167
3	0.00215	0.01672	0.01927	0.00162	0.00184	0.02370	0.00118	0.01472	0.03037	0.03167	0.00245	0.03815	0.00237	0.07489	0.05299	0.56415	0.01139	0.00108	0.01714	0.09213
4	0.00145	0.00116	0.00130	0.00127	0.00161	0.00103	0.00095	0.00189	0.02528	0.00360	0.36031	0.03432	0.55660	0.00262	0.00132	0.00037	0.00056	0.00223	0.00111	0.00100
5	0.00284	0.00252	0.00260	0.03256	0.03735	0.07690	0.00185	0.06900	0.63041	0.01195	0.01319	0.06633	0.00345	0.01790	0.00123	0.00039	0.00102	0.02587	0.00104	0.00163
6	0.13449	0.01154	0.00274	0.00813	0.00292	0.01729	0.02421	0.44620	0.02118	0.14344	0.00288	0.00316	0.00213	0.00157	0.01161	0.06273	0.00110	0.02217	0.07891	0.00159
7	0.01769	0.00106	0.00131	0.00147	0.00164	0.00098	0.00102	0.00170	0.00229	0.01757	0.04598	0.62140	0.22296	0.02652	0.00149	0.00045	0.00066	0.03184	0.00104	0.00094
8	0.01349	0.03102	0.00272	0.00206	0.00282	0.00222	0.01553	0.27940	0.03194	0.43925	0.03778	0.00364	0.00277	0.01130	0.00112	0.00034	0.00098	0.00110	0.11879	0.00172
9	0.00192	0.00098	0.00144	0.00144	0.00144	0.00098	0.00095	0.00147	0.00147	0.00196	0.00206	0.00370	0.00210	0.07650	0.00447	0.89412	0.00098	0.00102	0.00050	0.00050
10	0.00230	0.00501	0.73203	0.03026	0.06922	0.00257	0.09735	0.00347	0.00241	0.00353	0.00219	0.00288	0.00167	0.00113	0.00111	0.00036	0.00162	0.03877	0.00051	0.00161
11	0.00241	0.00198	0.00233	0.00167	0.00266	0.00150	0.00134	0.00290	0.00235	0.03456	0.00207	0.00237	0.00169	0.00085	0.00084	0.00017	0.00083	0.00068	0.00069	0.93614
12	0.00178	0.00119	0.00163	0.00168	0.00189	0.00119	0.00991	0.00830	0.00226	0.06573	0.08456	0.35410	0.04873	0.07527	0.22593	0.00080	0.00797	0.09775	0.00831	0.00102
13	0.00243	0.00242	0.00331	0.00285	0.00287	0.01996	0.00236	0.00268	0.00178	0.00273	0.02026	0.00283	0.00178	0.02439	0.00359	0.00050	0.88566	0.01587	0.00052	0.00121
14	0.00188	0.00135	0.00185	0.07560	0.04852	0.00133	0.01064	0.04512	0.01254	0.05817	0.04116	0.57902	0.07533	0.00859	0.00136	0.00042	0.00080	0.02233	0.01289	0.00110
15	0.00791	0.11493	0.01397	0.03413	0.00932	0.34167	0.17810	0.06319	0.03587	0.02268	0.03136	0.03859	0.00220	0.00142	0.00133	0.05028	0.03036	0.00747	0.01387	0.00135

[dist]
# distance from previous block
# <min> <max>
2	88

[block]
# block no. 10 follows, 292 sequences, length 8
# corresponding to MSA columns:
# 2398-2405
name=unknown_K
#
# <colnr> <probs for GDERKNQSTAVLIFYWHMCP>
#	G	D	E	R	K	N	Q	S	T	A	V	L	I	F	Y	W	H	M	C	P
0	0.02175	0.01699	0.03822	0.40460	0.01508	0.06278	0.02165	0.03054	0.03592	0.01790	0.02976	0.02383	0.01214	0.05549	0.01186	0.00038	0.00129	0.00104	0.00064	0.19815
1	0.00212	0.00190	0.00288	0.52251	0.02537	0.02134	0.02348	0.05610	0.00235	0.00308	0.00293	0.15286	0.01514	0.01759	0.11284	0.00056	0.03371	0.00139	0.00064	0.00120
2	0.00162	0.00114	0.00141	0.00152	0.00164	0.00111	0.00103	0.05524	0.00226	0.00303	0.03743	0.56879	0.04197	0.22815	0.00240	0.00059	0.00079	0.03012	0.01884	0.00092
3	0.00405	0.05595	0.00249	0.00184	0.00256	0.00168	0.00151	0.00454	0.02075	0.65889	0.14767	0.03779	0.02181	0.00160	0.00113	0.00034	0.00087	0.00133	0.03152	0.00167
4	0.00414	0.00295	0.00320	0.00249	0.00335	0.00324	0.00204	0.76081	0.11716	0.08440	0.00305	0.00295	0.00215	0.00137	0.00112	0.00034	0.00117	0.00105	0.00114	0.00189
5	0.13045	0.00231	0.00265	0.00208	0.00290	0.00236	0.00171	0.31563	0.02909	0.44521	0.02426	0.00330	0.00247	0.00135	0.00106	0.00034	0.00101	0.00104	0.02902	0.00177
6	0.05209	0.00292	0.00310	0.00243	0.00325	0.02813	0.00200	0.75441	0.00465	0.05260	0.00271	0.00282	0.00197	0.00190	0.07936	0.00046	0.00136	0.00100	0.00105	0.00178
7	0.01938	0.08118	0.00447	0.07008	0.70172	0.01704	0.03576	0.01719	0.00255	0.01848	0.00216	0.00289	0.00182	0.00105	0.00108	0.00033	0.00134	0.01924	0.00058	0.00167

[dist]
# distance from previous block
# <min> <max>
0	12

[block]
# block no. 11 follows, 292 sequences, length 10
# corresponding to MSA columns:
# 2418-2427
name=unknown_L
#
# <colnr> <probs for GDERKNQSTAVLIFYWHMCP>
#	G	D	E	R	K	N	Q	S	T	A	V	L	I	F	Y	W	H	M	C	P
0	0.00299	0.96137	0.00586	0.00191	0.00287	0.00442	0.00191	0.00335	0.00227	0.00263	0.00155	0.00179	0.00144	0.00096	0.00072	0.00024	0.00120	0.00060	0.00048	0.00144
1	0.51506	0.00217	0.00213	0.01028	0.02595	0.01838	0.02385	0.07683	0.06162	0.11566	0.00257	0.02572	0.00202	0.01415	0.00097	0.00036	0.00946	0.01768	0.07377	0.00137
2	0.01362	0.06791	0.00269	0.00216	0.00278	0.04546	0.00172	0.15104	0.51978	0.00455	0.01466	0.05430	0.06092	0.01255	0.00118	0.00037	0.00097	0.02448	0.01725	0.00159
3	0.00187	0.00125	0.00150	0.00140	0.00176	0.00113	0.00106	0.01681	0.02047	0.08925	0.46220	0.04443	0.32647	0.00238	0.00129	0.00036	0.00060	0.00205	0.02259	0.00111
4	0.00223	0.00207	0.00344	0.67119	0.20645	0.00242	0.00299	0.00297	0.02078	0.00310	0.01872	0.00330	0.02036	0.01878	0.00120	0.00038	0.00139	0.00106	0.01584	0.00134
5	0.00147	0.00119	0.00137	0.00139	0.02194	0.00106	0.00100	0.00191	0.02412	0.00355	0.32264	0.06086	0.54826	0.00262	0.00132	0.00037	0.00058	0.00224	0.00109	0.00102
6	0.00208	0.00124	0.00156	0.00154	0.00158	0.05892	0.00104	0.00164	0.00156	0.00199	0.00193	0.00332	0.00191	0.00372	0.00417	0.90879	0.00103	0.00096	0.00049	0.00053
7	0.00324	0.54175	0.01752	0.01814	0.00307	0.22041	0.00197	0.07023	0.01524	0.01636	0.04747	0.01385	0.01209	0.00117	0.00092	0.00028	0.01345	0.00080	0.00062	0.00141
8	0.01695	0.00188	0.00215	0.00188	0.00246	0.00195	0.00147	0.04271	0.36485	0.19344	0.15984	0.01760	0.11484	0.00184	0.00125	0.02352	0.00081	0.01186	0.01609	0.02261
9	0.03105	0.01050	0.02380	0.08783	0.03029	0.11017	0.00921	0.06859	0.08427	0.07584	0.20285	0.11907	0.07197	0.02529	0.00134	0.00038	0.01669	0.01403	0.00775	0.00907

[dist]
# distance from previous block
# <min> <max>
1	5

[block]
# block no. 12 follows, 292 sequences, length 19
# corresponding to MSA columns:
# 2442-2460
name=unknown_M
#
# <colnr> <probs for GDERKNQSTAVLIFYWHMCP>
#	G	D	E	R	K	N	Q	S	T	A	V	L	I	F	Y	W	H	M	C	P
0	0.00260	0.00239	0.00355	0.37027	0.17680	0.05209	0.08417	0.04949	0.08128	0.03594	0.05522	0.01701	0.01084	0.00966	0.00127	0.00037	0.03251	0.00114	0.01197	0.00144
1	0.00223	0.00148	0.00175	0.01412	0.01987	0.00149	0.02295	0.03985	0.12250	0.03693	0.09255	0.07548	0.08070	0.00689	0.00742	0.00033	0.00687	0.01317	0.41282	0.04061
2	0.00214	0.14609	0.27312	0.01456	0.03181	0.00977	0.02152	0.00803	0.01209	0.02848	0.12903	0.19828	0.06768	0.00197	0.01221	0.00038	0.01604	0.01811	0.00741	0.00132
3	0.00211	0.00167	0.00886	0.06264	0.13061	0.00670	0.01719	0.02840	0.04067	0.04766	0.05427	0.07824	0.12580	0.14062	0.08007	0.00527	0.03400	0.13319	0.00085	0.00118
4	0.01008	0.00197	0.00217	0.00191	0.00243	0.01611	0.00735	0.12590	0.32811	0.05261	0.20180	0.01925	0.14373	0.00185	0.00124	0.00036	0.02419	0.00154	0.05598	0.00144
5	0.00141	0.00101	0.00132	0.00155	0.00164	0.00094	0.00106	0.00162	0.00217	0.00289	0.00624	0.81141	0.04714	0.03854	0.00158	0.00048	0.00068	0.06410	0.01331	0.00091
6	0.12805	0.00272	0.00285	0.00238	0.01865	0.03055	0.01424	0.41382	0.26768	0.08242	0.00318	0.00310	0.00231	0.00134	0.00106	0.00035	0.00108	0.00103	0.02148	0.00173
7	0.67782	0.00246	0.00233	0.00196	0.00268	0.05813	0.08402	0.07950	0.01753	0.02626	0.01454	0.01279	0.00165	0.00115	0.00084	0.00035	0.00105	0.01288	0.00075	0.00131
8	0.00245	0.00247	0.00354	0.00300	0.00304	0.00340	0.03779	0.00272	0.00175	0.00272	0.00150	0.00247	0.00148	0.00192	0.00358	0.00049	0.92295	0.00099	0.00049	0.00123
9	0.01190	0.00247	0.00296	0.00304	0.15842	0.01825	0.02193	0.10136	0.54522	0.06073	0.01188	0.02290	0.03095	0.00147	0.00114	0.00036	0.00102	0.00125	0.00103	0.00173
10	0.08579	0.10878	0.01000	0.01228	0.14786	0.04303	0.16329	0.05094	0.00746	0.23368	0.00784	0.07214	0.00247	0.00137	0.00116	0.00035	0.02450	0.02466	0.00084	0.00156
11	0.03384	0.00254	0.00285	0.00230	0.01012	0.01590	0.00187	0.49171	0.02789	0.19114	0.01811	0.02759	0.00263	0.00151	0.00119	0.00035	0.02887	0.05941	0.02600	0.05419
12	0.00160	0.00115	0.00146	0.00138	0.00167	0.00105	0.00104	0.00209	0.00306	0.02050	0.78936	0.02577	0.14096	0.00237	0.00132	0.00036	0.00054	0.00207	0.00120	0.00105
13	0.00313	0.00304	0.07550	0.02296	0.01419	0.10072	0.00210	0.19637	0.50379	0.01145	0.01331	0.00386	0.00288	0.00147	0.00113	0.00036	0.00115	0.03990	0.00100	0.00169
14	0.01104	0.00136	0.00159	0.00155	0.03891	0.00136	0.02390	0.05846	0.01698	0.04771	0.07213	0.00444	0.01281	0.00140	0.00090	0.00029	0.00066	0.01308	0.69025	0.00118
15	0.00164	0.00115	0.00146	0.00141	0.00168	0.00105	0.00106	0.00211	0.00299	0.02735	0.70952	0.08361	0.11287	0.00241	0.00132	0.00036	0.00056	0.02232	0.02408	0.00105
16	0.00240	0.00227	0.00380	0.33447	0.53016	0.00242	0.00307	0.00306	0.00244	0.00335	0.03248	0.03775	0.03504	0.00123	0.00114	0.00035	0.00131	0.00115	0.00059	0.00151
17	0.00194	0.00097	0.00146	0.00146	0.00146	0.00097	0.00097	0.00146	0.00146	0.00194	0.00194	0.00340	0.00194	0.00389	0.00437	0.96746	0.00097	0.00097	0.00049	0.00049
18	0.77703	0.00226	0.00190	0.00164	0.00235	0.00257	0.00135	0.12133	0.01465	0.04966	0.00190	0.00208	0.00142	0.00110	0.00077	0.00034	0.00091	0.00069	0.01471	0.00133

[dist]
# distance from previous block
# <min> <max>
1	15

[block]
# block no. 13 follows, 292 sequences, length 16
# corresponding to MSA columns:
# 2476-2481,2543-2546,2561-2566
name=unknown_N
#
# <colnr> <probs for GDERKNQSTAVLIFYWHMCP>
#	G	D	E	R	K	N	Q	S	T	A	V	L	I	F	Y	W	H	M	C	P
0	0.79225	0.06799	0.00207	0.00161	0.00231	0.05196	0.00133	0.01445	0.00205	0.00468	0.00161	0.00188	0.00128	0.00105	0.00076	0.00033	0.01255	0.00063	0.01061	0.02860
1	0.00177	0.00132	0.00173	0.04944	0.00917	0.01347	0.00868	0.03538	0.01065	0.02167	0.13244	0.45125	0.03492	0.07017	0.05167	0.01423	0.02937	0.05513	0.00651	0.00102
2	0.00135	0.00108	0.00120	0.00129	0.00155	0.00094	0.00092	0.00161	0.00244	0.00303	0.05132	0.32539	0.59790	0.00303	0.00136	0.00040	0.00059	0.00262	0.00105	0.00094
3	0.00158	0.00119	0.00174	0.00174	0.00194	0.00136	0.00134	0.00196	0.00183	0.00260	0.00343	0.02556	0.04195	0.04676	0.85766	0.00168	0.00277	0.00131	0.00063	0.00098
4	0.00343	0.00272	0.00289	0.00241	0.00315	0.00308	0.00193	0.42149	0.53510	0.00572	0.00373	0.00352	0.00275	0.00144	0.00113	0.00036	0.00104	0.00115	0.00113	0.00183
5	0.22547	0.00225	0.00253	0.00199	0.00281	0.00229	0.00164	0.24571	0.00341	0.46995	0.00330	0.00307	0.00219	0.00129	0.00101	0.00034	0.00099	0.00097	0.02704	0.00172
6	0.04918	0.00304	0.00325	0.00250	0.00339	0.00336	0.00207	0.87324	0.00503	0.03973	0.00269	0.00268	0.00190	0.00133	0.00110	0.00034	0.00120	0.00099	0.00111	0.00187
7	0.00263	0.00277	0.03386	0.27019	0.00554	0.02968	0.38336	0.09383	0.00265	0.00356	0.01102	0.00291	0.00171	0.00130	0.01430	0.00040	0.13718	0.00112	0.00059	0.00142
8	0.00299	0.96137	0.00586	0.00191	0.00287	0.00442	0.00191	0.00335	0.00227	0.00263	0.00155	0.00179	0.00144	0.00096	0.00072	0.00024	0.00120	0.00060	0.00048	0.00144
9	0.01170	0.00206	0.00325	0.45481	0.25910	0.00232	0.00272	0.01349	0.04741	0.02329	0.00252	0.00341	0.00201	0.00120	0.00111	0.00035	0.01142	0.02778	0.12865	0.00140
10	0.00296	0.00250	0.01840	0.00227	0.00293	0.01357	0.00181	0.17217	0.66732	0.01326	0.03948	0.02428	0.01097	0.00156	0.00114	0.00037	0.00095	0.00848	0.01383	0.00172
11	0.00141	0.00113	0.00126	0.00124	0.00157	0.00098	0.00092	0.00176	0.00273	0.00348	0.31069	0.05407	0.60946	0.00269	0.00133	0.00037	0.00056	0.00229	0.00110	0.00098
12	0.00274	0.00255	0.00408	0.22335	0.63520	0.03133	0.00320	0.03591	0.00260	0.02342	0.00222	0.00304	0.00183	0.00110	0.00112	0.00034	0.00137	0.02239	0.00059	0.00163
13	0.01845	0.00120	0.00150	0.00142	0.00173	0.00111	0.00108	0.00226	0.01217	0.04688	0.68332	0.03947	0.12344	0.00231	0.00129	0.00036	0.00058	0.02684	0.03352	0.00108
14	0.00193	0.00098	0.00146	0.00146	0.00147	0.00099	0.00098	0.00148	0.00147	0.00197	0.00201	0.00352	0.00201	0.02594	0.02966	0.91968	0.00103	0.00099	0.00049	0.00050
15	0.00905	0.30131	0.08260	0.24247	0.02770	0.15277	0.01413	0.09483	0.00914	0.03022	0.00806	0.00244	0.00163	0.00111	0.00099	0.00031	0.00892	0.00083	0.01006	0.00144

[dist]
# distance from previous block
# <min> <max>
1	19

[block]
# block no. 14 follows, 292 sequences, length 24
# corresponding to MSA columns:
# 2635-2658
name=unknown_O
#
# <colnr> <probs for GDERKNQSTAVLIFYWHMCP>
#	G	D	E	R	K	N	Q	S	T	A	V	L	I	F	Y	W	H	M	C	P
0	0.91513	0.00214	0.00172	0.00152	0.00220	0.00246	0.01371	0.00328	0.00192	0.02026	0.00162	0.00191	0.00126	0.00112	0.00080	0.02554	0.00088	0.00063	0.00070	0.00121
1	0.00260	0.00223	0.00977	0.07100	0.30993	0.00231	0.04320	0.06047	0.21492	0.04003	0.15418	0.04447	0.02880	0.00153	0.00118	0.00036	0.00107	0.00951	0.00089	0.00156
2	0.00164	0.00120	0.00169	0.00172	0.00194	0.00114	0.04901	0.00791	0.01036	0.00968	0.02379	0.62502	0.01158	0.00776	0.04726	0.00048	0.00488	0.04798	0.09447	0.05049
3	0.00185	0.00126	0.00757	0.00599	0.03464	0.00118	0.00771	0.00229	0.01717	0.05127	0.19568	0.21364	0.20726	0.01351	0.00130	0.00037	0.01425	0.02161	0.20038	0.00108
4	0.00235	0.00221	0.00339	0.51087	0.05282	0.02222	0.03382	0.02290	0.01091	0.01516	0.00200	0.00295	0.00164	0.01325	0.03838	0.01415	0.24330	0.00102	0.00541	0.00127
5	0.00290	0.05193	0.08592	0.01994	0.00319	0.06047	0.01900	0.09803	0.53364	0.02581	0.04920	0.00401	0.03810	0.00147	0.00112	0.00036	0.00107	0.00120	0.00099	0.00165
6	0.00139	0.00099	0.00131	0.00154	0.00162	0.00093	0.00104	0.00160	0.00216	0.00287	0.02752	0.84455	0.02558	0.05147	0.00164	0.00048	0.00068	0.03069	0.00102	0.00090
7	0.00309	0.03401	0.04460	0.03104	0.30135	0.08219	0.14643	0.15571	0.09078	0.03827	0.01725	0.00812	0.01986	0.00121	0.00116	0.00034	0.01046	0.00499	0.00750	0.00164
8	0.58383	0.06508	0.03924	0.00178	0.00256	0.00259	0.00955	0.10989	0.01193	0.12164	0.00216	0.00229	0.00158	0.00112	0.00082	0.00033	0.00097	0.00075	0.02996	0.01193
9	0.00245	0.00245	0.00343	0.00294	0.00294	0.00343	0.00245	0.00269	0.00171	0.00269	0.00147	0.00245	0.00147	0.00196	0.00367	0.00049	0.95865	0.00098	0.00049	0.00122
10	0.28504	0.00204	0.00235	0.00191	0.01187	0.00201	0.00155	0.05925	0.01188	0.58079	0.02817	0.00327	0.00246	0.00130	0.00100	0.00035	0.00093	0.00099	0.00115	0.00168
11	0.00252	0.00243	0.00340	0.00291	0.00293	0.00338	0.00242	0.00277	0.00175	0.02952	0.00155	0.00248	0.00150	0.00194	0.00360	0.00049	0.93166	0.00098	0.00051	0.00124
12	0.00196	0.00108	0.00166	0.10352	0.00212	0.00113	0.00120	0.00161	0.00154	0.00204	0.00195	0.00335	0.00189	0.00359	0.00402	0.86428	0.00103	0.00097	0.00049	0.00057
13	0.00161	0.00115	0.00147	0.00138	0.00167	0.00105	0.00104	0.00211	0.00309	0.02019	0.82325	0.00857	0.12456	0.00234	0.00132	0.00035	0.00054	0.00205	0.00121	0.00106
14	0.00406	0.00509	0.00312	0.00283	0.00341	0.87878	0.00213	0.00459	0.08020	0.00289	0.00196	0.00219	0.00160	0.00118	0.00102	0.00030	0.00192	0.00076	0.00062	0.00133
15	0.00289	0.00865	0.00284	0.00243	0.00289	0.00292	0.00195	0.13967	0.44144	0.03273	0.01761	0.00356	0.00270	0.02003	0.01040	0.00043	0.27737	0.00115	0.02675	0.00157
16	0.00142	0.00104	0.00135	0.00158	0.00170	0.00097	0.00112	0.00168	0.00227	0.00297	0.02716	0.70903	0.10958	0.00335	0.00143	0.00045	0.00069	0.13024	0.00104	0.00093
17	0.00463	0.00205	0.00261	0.00204	0.00286	0.00191	0.00167	0.11849	0.07011	0.73013	0.00418	0.00371	0.00271	0.00138	0.00111	0.00034	0.00096	0.00112	0.04613	0.00185
18	0.00141	0.00099	0.00130	0.00152	0.00161	0.00093	0.00103	0.00163	0.00221	0.00298	0.05188	0.83696	0.02885	0.01338	0.00144	0.00045	0.00064	0.01249	0.03738	0.00092
19	0.00416	0.00373	0.00329	0.00267	0.00344	0.27555	0.00214	0.64166	0.01865	0.00567	0.00241	0.00251	0.00178	0.00131	0.00115	0.00033	0.02596	0.00093	0.00095	0.00171
20	0.00285	0.00237	0.00251	0.00223	0.00286	0.00272	0.00174	0.07400	0.81807	0.01305	0.02942	0.00423	0.01126	0.00153	0.00113	0.00037	0.00089	0.00127	0.02576	0.00174
21	0.00284	0.71268	0.23141	0.00223	0.00335	0.00397	0.00245	0.02467	0.00236	0.00295	0.00169	0.00195	0.00144	0.00099	0.00081	0.00027	0.00131	0.00066	0.00049	0.00150
22	0.02828	0.00146	0.00182	0.01430	0.00197	0.02598	0.00128	0.03255	0.00883	0.02232	0.00308	0.02733	0.00311	0.32561	0.42473	0.00892	0.06545	0.00133	0.00066	0.00097
23	0.00229	0.00135	0.00172	0.00153	0.00194	0.00124	0.00118	0.02742	0.01699	0.18566	0.59804	0.02969	0.12216	0.00217	0.00128	0.00036	0.00064	0.00188	0.00123	0.00123

[dist]
# distance from previous block
# <min> <max>
0	1

[block]
