[name]
unknown

[dist]
# distance from previous block
# <min> <max>
0	1220

[block]
# block no. 0 follows, 282 sequences, length 10
# corresponding to MSA columns:
# 1374-1376,1381-1383,1385-1388
name=unknown_A
#
# <colnr> <probs for GDERKNQSTAVLIFYWHMCP>
#	G	D	E	R	K	N	Q	S	T	A	V	L	I	F	Y	W	H	M	C	P
0	0.02093	0.00274	0.01399	0.16704	0.59622	0.06026	0.03969	0.01192	0.00264	0.00363	0.01916	0.01181	0.01335	0.00117	0.00115	0.00035	0.00142	0.01881	0.00060	0.01311
1	0.00274	0.02157	0.03081	0.03995	0.71919	0.00261	0.04843	0.00343	0.01522	0.01413	0.00247	0.05329	0.00216	0.00124	0.00122	0.01852	0.00134	0.00116	0.01879	0.00170
2	0.35159	0.01701	0.00247	0.00244	0.10063	0.03198	0.01809	0.06394	0.04884	0.05805	0.00269	0.00336	0.02178	0.06173	0.18164	0.00069	0.02994	0.00100	0.00076	0.00136
3	0.04718	0.02141	0.28309	0.02005	0.15562	0.01759	0.08406	0.02652	0.14772	0.02775	0.01820	0.07499	0.00266	0.00154	0.01244	0.00040	0.03195	0.02448	0.00074	0.00160
4	0.00325	0.04159	0.03527	0.12139	0.15201	0.00260	0.01501	0.23725	0.06551	0.11900	0.00306	0.03321	0.00246	0.04391	0.00134	0.00038	0.00121	0.02737	0.01557	0.07862
5	0.74841	0.00224	0.00196	0.00186	0.04390	0.00254	0.00141	0.04981	0.04092	0.03455	0.03118	0.00252	0.00184	0.03166	0.00097	0.00038	0.00093	0.00079	0.00079	0.00133
6	0.04603	0.03826	0.16487	0.04422	0.00352	0.03468	0.05697	0.11170	0.02133	0.20705	0.01155	0.05265	0.05847	0.04069	0.01597	0.00042	0.04813	0.00123	0.00089	0.04136
7	0.03558	0.03302	0.04287	0.04479	0.04974	0.04567	0.00198	0.03898	0.03254	0.54254	0.06478	0.00375	0.00297	0.00142	0.00121	0.00035	0.03152	0.00113	0.00114	0.02401
8	0.00312	0.00236	0.00315	0.10283	0.19236	0.01598	0.01880	0.08313	0.28318	0.14887	0.05016	0.05467	0.02029	0.00154	0.00123	0.00038	0.01393	0.00133	0.00099	0.00169
9	0.00351	0.04613	0.03625	0.04316	0.12954	0.34915	0.05544	0.01744	0.08303	0.10634	0.05575	0.01854	0.00255	0.00136	0.00123	0.00034	0.03789	0.01004	0.00077	0.00153

[dist]
# distance from previous block
# <min> <max>
0	1

[block]
# block no. 1 follows, 282 sequences, length 8
# corresponding to MSA columns:
# 1390-1397
name=unknown_B
#
# <colnr> <probs for GDERKNQSTAVLIFYWHMCP>
#	G	D	E	R	K	N	Q	S	T	A	V	L	I	F	Y	W	H	M	C	P
0	0.00158	0.03662	0.00153	0.00142	0.00177	0.00122	0.00110	0.00201	0.03089	0.00331	0.09310	0.12331	0.54073	0.01836	0.01858	0.00044	0.00073	0.09973	0.02255	0.00103
1	0.04483	0.00273	0.00301	0.00283	0.08938	0.01970	0.00206	0.24987	0.51019	0.02532	0.00369	0.00357	0.00276	0.00144	0.00118	0.00037	0.01705	0.00115	0.00107	0.01780
2	0.00227	0.00218	0.00377	0.81671	0.09366	0.00260	0.05647	0.00305	0.00236	0.00307	0.00208	0.00306	0.00158	0.00113	0.00117	0.00038	0.00155	0.00105	0.00052	0.00135
3	0.03038	0.00338	0.01518	0.12003	0.17441	0.25284	0.01441	0.16218	0.11115	0.07358	0.00267	0.01825	0.00207	0.00128	0.00112	0.00034	0.00146	0.00102	0.00081	0.01345
4	0.01487	0.01449	0.01928	0.11385	0.23799	0.02861	0.32992	0.02273	0.01214	0.10215	0.01143	0.00328	0.00205	0.00124	0.01160	0.00038	0.02443	0.01162	0.03634	0.00160
5	0.00456	0.00181	0.00245	0.00195	0.00272	0.00158	0.00158	0.00500	0.00317	0.78749	0.04639	0.09091	0.00365	0.00167	0.00119	0.00036	0.00092	0.00139	0.03941	0.00180
6	0.00179	0.00127	0.00167	0.07619	0.00235	0.00124	0.00136	0.00225	0.03765	0.04692	0.10908	0.44040	0.13107	0.00292	0.00140	0.00044	0.00078	0.11819	0.02195	0.00109
7	0.00268	0.00252	0.00399	0.27575	0.49884	0.03508	0.02554	0.02477	0.02320	0.01775	0.01936	0.04550	0.00223	0.00135	0.01625	0.00039	0.00142	0.00116	0.00063	0.00159

[dist]
# distance from previous block
# <min> <max>
0	2

[block]
# block no. 2 follows, 282 sequences, length 15
# corresponding to MSA columns:
# 1404-1418
name=unknown_C
#
# <colnr> <probs for GDERKNQSTAVLIFYWHMCP>
#	G	D	E	R	K	N	Q	S	T	A	V	L	I	F	Y	W	H	M	C	P
0	0.00268	0.00251	0.00411	0.08829	0.68864	0.00251	0.00312	0.01639	0.00257	0.00368	0.00230	0.01650	0.00198	0.00145	0.04707	0.00041	0.00140	0.01118	0.00060	0.10258
1	0.00149	0.00112	0.00156	0.10146	0.00233	0.00111	0.00130	0.00175	0.00222	0.00295	0.00592	0.85873	0.00700	0.00336	0.00144	0.00046	0.00076	0.00305	0.00101	0.00097
2	0.06440	0.01320	0.00554	0.01408	0.00506	0.00262	0.70149	0.01440	0.00261	0.00370	0.00278	0.10308	0.00243	0.00161	0.04143	0.00046	0.00176	0.00929	0.00863	0.00144
3	0.00164	0.00124	0.00149	0.00158	0.00182	0.00120	0.00114	0.00227	0.10161	0.00354	0.17069	0.43609	0.18752	0.00295	0.00138	0.00042	0.00067	0.04584	0.03581	0.00108
4	0.07406	0.00289	0.00294	0.01186	0.01276	0.07734	0.00882	0.46179	0.14637	0.01247	0.00321	0.10282	0.00268	0.00158	0.00117	0.00036	0.01528	0.00124	0.00102	0.05935
5	0.00156	0.00122	0.00143	0.00164	0.00175	0.04108	0.00111	0.00177	0.00227	0.00296	0.02001	0.81545	0.03132	0.04733	0.00165	0.00049	0.00075	0.01375	0.00103	0.01142
6	0.02602	0.00245	0.04309	0.04570	0.14255	0.01540	0.03370	0.07942	0.00968	0.34696	0.01296	0.00330	0.01626	0.00122	0.00109	0.00032	0.00112	0.00103	0.00097	0.21677
7	0.00303	0.56277	0.08841	0.00229	0.00320	0.10214	0.04558	0.01114	0.01138	0.03448	0.10593	0.01291	0.00266	0.00123	0.00095	0.00029	0.00859	0.00091	0.00064	0.00146
8	0.00180	0.00126	0.00140	0.00137	0.00144	0.00130	0.00082	0.00215	0.10084	0.00251	0.00375	0.00722	0.00413	0.85925	0.00539	0.00104	0.00110	0.00164	0.00075	0.00082
9	0.00232	0.00227	0.00341	0.82043	0.04143	0.06632	0.00306	0.00303	0.00240	0.00298	0.00242	0.00333	0.03940	0.00122	0.00116	0.00038	0.00153	0.00106	0.00054	0.00129
10	0.00239	0.00214	0.00355	0.64549	0.11271	0.00249	0.05169	0.00319	0.04193	0.03734	0.00239	0.00347	0.00191	0.07232	0.00155	0.00044	0.01195	0.00111	0.00060	0.00136
11	0.00166	0.00119	0.00150	0.00165	0.00180	0.00115	0.00113	0.07195	0.00251	0.00336	0.06948	0.75274	0.03477	0.04723	0.00164	0.00048	0.00072	0.00294	0.00107	0.00101
12	0.00210	0.00108	0.00108	0.00108	0.00136	0.00107	0.00081	0.00262	0.00244	0.00422	0.00436	0.00481	0.07341	0.00146	0.00085	0.00028	0.00054	0.00118	0.89418	0.00107
13	0.00140	0.00116	0.00119	0.00120	0.00155	0.00099	0.00088	0.00167	0.00256	0.00308	0.03053	0.04855	0.82410	0.07396	0.00170	0.00045	0.00063	0.00241	0.00105	0.00096
14	0.00152	0.00105	0.00138	0.00154	0.00162	0.00101	0.00103	0.00168	0.00214	0.00287	0.06320	0.60154	0.02626	0.15643	0.05065	0.07091	0.00088	0.01242	0.00096	0.00088

[dist]
# distance from previous block
# <min> <max>
0	13

[block]
# block no. 3 follows, 282 sequences, length 11
# corresponding to MSA columns:
# 1432-1442
name=unknown_D
#
# <colnr> <probs for GDERKNQSTAVLIFYWHMCP>
#	G	D	E	R	K	N	Q	S	T	A	V	L	I	F	Y	W	H	M	C	P
0	0.00278	0.00265	0.00450	0.06932	0.86029	0.00268	0.00343	0.00345	0.00258	0.00367	0.00221	0.00302	0.00189	0.03111	0.00129	0.00037	0.00138	0.00105	0.00057	0.00176
1	0.86085	0.00226	0.00184	0.00161	0.00234	0.00258	0.00132	0.04618	0.00221	0.06757	0.00186	0.00205	0.00139	0.00111	0.00076	0.00036	0.00092	0.00068	0.00078	0.00133
2	0.00142	0.00117	0.00125	0.00124	0.00160	0.00100	0.00092	0.00176	0.00274	0.00341	0.19237	0.04117	0.74028	0.00284	0.00137	0.00039	0.00058	0.00240	0.00111	0.00100
3	0.00172	0.00132	0.00190	0.00186	0.00203	0.00155	0.00143	0.00207	0.00187	0.00269	0.02799	0.00485	0.00315	0.11843	0.74934	0.00163	0.07321	0.00129	0.00064	0.00101
4	0.00240	0.00205	0.00240	0.00171	0.00274	0.00154	0.00137	0.00291	0.00240	0.00376	0.00205	0.00240	0.00171	0.00086	0.00086	0.00017	0.00086	0.00068	0.00068	0.96646
5	0.00225	0.00206	0.00315	0.53587	0.00563	0.01515	0.02818	0.04543	0.00254	0.00339	0.14296	0.04706	0.01572	0.00160	0.00160	0.00040	0.14373	0.00131	0.00069	0.00127
6	0.00256	0.08563	0.70857	0.00321	0.00471	0.02026	0.08443	0.00371	0.00253	0.04521	0.02734	0.00267	0.00180	0.00113	0.00110	0.00036	0.00163	0.00092	0.00056	0.00166
7	0.00250	0.00207	0.00246	0.00178	0.00276	0.00164	0.00143	0.00300	0.00240	0.03791	0.00212	0.00246	0.00174	0.00093	0.00100	0.00019	0.04406	0.00072	0.00070	0.88812
8	0.07136	0.00266	0.00369	0.24909	0.40503	0.07936	0.00288	0.02512	0.03665	0.01702	0.00230	0.01505	0.00189	0.00117	0.00113	0.00035	0.01278	0.01264	0.00063	0.05919
9	0.04127	0.01796	0.01436	0.01665	0.19457	0.38104	0.01316	0.10590	0.00298	0.00360	0.00192	0.00242	0.00161	0.00134	0.00162	0.00036	0.19622	0.00089	0.00063	0.00149
10	0.02808	0.00225	0.00347	0.28010	0.38017	0.01135	0.00277	0.01714	0.04241	0.02131	0.01472	0.05910	0.06383	0.00880	0.00123	0.00037	0.01013	0.01885	0.00069	0.03320

[dist]
# distance from previous block
# <min> <max>
2	12

[block]
# block no. 4 follows, 282 sequences, length 16
# corresponding to MSA columns:
# 1458-1473
name=unknown_E
#
# <colnr> <probs for GDERKNQSTAVLIFYWHMCP>
#	G	D	E	R	K	N	Q	S	T	A	V	L	I	F	Y	W	H	M	C	P
0	0.07955	0.08089	0.00293	0.01733	0.06607	0.06668	0.00893	0.11341	0.02042	0.05670	0.02550	0.00928	0.06227	0.01956	0.02234	0.00034	0.02407	0.00783	0.00080	0.31510
1	0.00290	0.00276	0.00404	0.17753	0.35011	0.07143	0.10632	0.01569	0.19891	0.03388	0.01486	0.00328	0.00224	0.00121	0.00120	0.00036	0.00976	0.00112	0.00073	0.00166
2	0.00272	0.00225	0.00241	0.00216	0.00275	0.01099	0.00167	0.08480	0.62287	0.01539	0.09967	0.06535	0.06603	0.00184	0.00122	0.00039	0.00088	0.00155	0.00116	0.01392
3	0.00168	0.00116	0.00153	0.00156	0.00167	0.00125	0.00108	0.00190	0.00184	0.00261	0.00360	0.08925	0.00378	0.36687	0.43448	0.02548	0.00194	0.00157	0.05586	0.00089
4	0.00165	0.00123	0.00183	0.00183	0.00202	0.00143	0.00140	0.00204	0.00185	0.00266	0.00312	0.00470	0.00296	0.05887	0.90470	0.00182	0.00299	0.00126	0.00062	0.00101
5	0.00201	0.04390	0.00233	0.03056	0.02108	0.01597	0.00164	0.01041	0.05625	0.01791	0.00368	0.24000	0.00381	0.05503	0.34669	0.00099	0.14416	0.00169	0.00076	0.00114
6	0.00257	0.00202	0.02399	0.08157	0.14259	0.00202	0.00195	0.06235	0.17282	0.09612	0.14090	0.09944	0.11800	0.01938	0.01272	0.00041	0.00737	0.01130	0.00101	0.00147
7	0.00297	0.02448	0.00456	0.03839	0.84478	0.00272	0.00339	0.00364	0.00265	0.05799	0.00229	0.00291	0.00187	0.00106	0.00114	0.00034	0.00135	0.00103	0.00062	0.00181
8	0.00305	0.91799	0.04786	0.00203	0.00306	0.00449	0.00208	0.00347	0.00235	0.00276	0.00163	0.00188	0.00148	0.00099	0.00076	0.00025	0.00126	0.00063	0.00049	0.00149
9	0.00145	0.00119	0.00126	0.00126	0.00162	0.00103	0.00094	0.01776	0.00271	0.00333	0.10858	0.09544	0.75361	0.00290	0.00137	0.00039	0.00060	0.00245	0.00109	0.00100
10	0.01406	0.01529	0.00438	0.14307	0.16653	0.03646	0.29239	0.06983	0.01676	0.10745	0.03706	0.03808	0.01695	0.00133	0.00125	0.00037	0.01009	0.01643	0.01066	0.00157
11	0.00208	0.00174	0.03753	0.00179	0.00200	0.05601	0.00133	0.00236	0.02058	0.04363	0.00323	0.01726	0.00331	0.43779	0.27640	0.02380	0.06610	0.00140	0.00069	0.00098
12	0.00150	0.00105	0.00136	0.00158	0.00170	0.00096	0.00107	0.00172	0.00229	0.02653	0.02299	0.83747	0.08850	0.00348	0.00146	0.00046	0.00067	0.00314	0.00108	0.00097
13	0.04831	0.00182	0.00244	0.01112	0.00272	0.00178	0.06702	0.13037	0.01090	0.23737	0.01293	0.30308	0.04021	0.00977	0.00135	0.00042	0.00098	0.11489	0.00111	0.00141
14	0.00274	0.00271	0.00359	0.10206	0.00370	0.07176	0.03551	0.02238	0.01227	0.02997	0.00177	0.00264	0.00159	0.00180	0.00308	0.00047	0.69908	0.00101	0.00056	0.00132
15	0.00250	0.13644	0.78812	0.00309	0.00467	0.00298	0.00388	0.03908	0.00254	0.00367	0.00204	0.00237	0.00148	0.00109	0.00105	0.00035	0.00163	0.00083	0.00051	0.00169

[dist]
# distance from previous block
# <min> <max>
0	1

[block]
# block no. 5 follows, 282 sequences, length 26
# corresponding to MSA columns:
# 1475-1500
name=unknown_F
#
# <colnr> <probs for GDERKNQSTAVLIFYWHMCP>
#	G	D	E	R	K	N	Q	S	T	A	V	L	I	F	Y	W	H	M	C	P
0	0.00245	0.02023	0.00260	0.03821	0.03633	0.00172	0.00154	0.02288	0.00248	0.00380	0.01639	0.00253	0.00185	0.00091	0.00089	0.00019	0.00091	0.00074	0.00069	0.84267
1	0.00154	0.00125	0.00139	0.00149	0.00173	0.03255	0.00107	0.00184	0.00257	0.00327	0.15084	0.42320	0.33880	0.00309	0.00141	0.00042	0.00068	0.03079	0.00109	0.00099
2	0.00143	0.00111	0.00131	0.00140	0.00165	0.00099	0.00101	0.00173	0.00257	0.00329	0.15231	0.38078	0.42140	0.00312	0.00141	0.00042	0.00062	0.02138	0.00110	0.00098
3	0.05986	0.05982	0.10391	0.05128	0.07710	0.15645	0.15709	0.05958	0.02740	0.04146	0.01033	0.00825	0.00189	0.00169	0.01139	0.14868	0.01483	0.00100	0.00065	0.00734
4	0.01910	0.00271	0.02581	0.02461	0.61800	0.01550	0.00740	0.06103	0.08417	0.05956	0.01661	0.02672	0.00230	0.00130	0.00973	0.00037	0.02147	0.00112	0.00073	0.00176
5	0.01203	0.00119	0.01075	0.00145	0.00154	0.00114	0.01308	0.00177	0.00195	0.00262	0.02495	0.21495	0.06248	0.59078	0.01602	0.00088	0.00101	0.03975	0.00083	0.00082
6	0.00225	0.00204	0.00347	0.87791	0.00757	0.00250	0.02800	0.00298	0.00231	0.02298	0.00211	0.00311	0.00159	0.00126	0.00128	0.03425	0.00152	0.00104	0.00053	0.00128
7	0.02778	0.23094	0.44600	0.04568	0.05673	0.01608	0.06976	0.02286	0.00252	0.04348	0.00207	0.00245	0.00158	0.00111	0.00110	0.00034	0.02647	0.00086	0.00056	0.00162
8	0.02289	0.01754	0.07108	0.04178	0.00792	0.01167	0.06589	0.00249	0.01715	0.00301	0.02157	0.08069	0.06666	0.14210	0.20908	0.00596	0.15124	0.05943	0.00071	0.00114
9	0.00289	0.00283	0.01706	0.10702	0.69809	0.04291	0.02816	0.02577	0.00266	0.01735	0.00217	0.00285	0.00178	0.00111	0.00126	0.00035	0.04238	0.00102	0.00059	0.00172
10	0.00306	0.00181	0.00224	0.03514	0.00263	0.00179	0.00153	0.06928	0.11183	0.29029	0.22069	0.00619	0.18341	0.00194	0.00135	0.00037	0.04002	0.00160	0.00119	0.02363
11	0.00178	0.00136	0.00177	0.00177	0.01603	0.00149	0.01335	0.00201	0.01941	0.00263	0.01214	0.13141	0.03397	0.47579	0.15563	0.00101	0.10577	0.02104	0.00074	0.00091
12	0.01004	0.01607	0.05921	0.05879	0.05096	0.06286	0.04614	0.04698	0.02160	0.16243	0.14558	0.11104	0.03726	0.04933	0.02950	0.00047	0.01013	0.07925	0.00097	0.00138
13	0.00260	0.00259	0.03980	0.34422	0.50342	0.01445	0.01030	0.00332	0.00251	0.01882	0.00235	0.01767	0.01172	0.00117	0.00119	0.00036	0.01142	0.00991	0.00058	0.00159
14	0.00274	0.00264	0.00457	0.16801	0.75095	0.00272	0.04454	0.00345	0.00258	0.00363	0.00216	0.00291	0.00178	0.00105	0.00116	0.00035	0.00143	0.00104	0.00056	0.00173
15	0.00160	0.00133	0.03380	0.00176	0.03191	0.00113	0.00128	0.00194	0.00248	0.01863	0.10068	0.45427	0.24238	0.01372	0.01906	0.00047	0.00078	0.07070	0.00105	0.00104
16	0.03516	0.00251	0.00353	0.21207	0.32153	0.03582	0.01048	0.12371	0.05591	0.10614	0.03374	0.01775	0.02291	0.00131	0.00115	0.00036	0.00128	0.00114	0.01186	0.00164
17	0.00266	0.00251	0.00412	0.32624	0.53256	0.00910	0.01209	0.03261	0.01694	0.00356	0.00220	0.00304	0.00180	0.02072	0.00131	0.00038	0.02493	0.00105	0.00058	0.00161
18	0.00476	0.00197	0.00269	0.02326	0.00303	0.00176	0.01490	0.04104	0.00967	0.80381	0.02703	0.04836	0.00321	0.00745	0.00121	0.00037	0.00100	0.00128	0.00136	0.00187
19	0.00211	0.02146	0.02652	0.11863	0.17934	0.02019	0.00572	0.01671	0.02863	0.02529	0.06922	0.19855	0.14661	0.01998	0.08808	0.00054	0.00121	0.02356	0.00638	0.00127
20	0.42358	0.02833	0.06801	0.01642	0.00947	0.03199	0.01870	0.08064	0.03332	0.18840	0.01581	0.01462	0.00904	0.00134	0.00683	0.00037	0.04983	0.00092	0.00088	0.00151
21	0.00246	0.01256	0.00372	0.37399	0.37625	0.00952	0.02087	0.00314	0.00784	0.02393	0.03710	0.05974	0.02196	0.00145	0.00820	0.00039	0.01190	0.02286	0.00065	0.00148
22	0.21138	0.04222	0.03143	0.24626	0.22210	0.03943	0.03837	0.05633	0.02442	0.02843	0.00224	0.02065	0.00518	0.00122	0.00112	0.00986	0.01624	0.00098	0.00066	0.00149
23	0.01615	0.30712	0.38038	0.02588	0.02213	0.15035	0.06155	0.00370	0.00256	0.00325	0.00941	0.00238	0.00161	0.00109	0.00100	0.00032	0.00160	0.00746	0.00053	0.00155
24	0.01165	0.02448	0.01430	0.06011	0.15735	0.01202	0.02322	0.00958	0.04100	0.01783	0.09193	0.02264	0.05638	0.12430	0.06249	0.19088	0.01805	0.04143	0.00074	0.01964
25	0.11205	0.19867	0.15257	0.03162	0.10156	0.04949	0.01166	0.14414	0.04946	0.05966	0.01627	0.02083	0.00206	0.01384	0.01381	0.00037	0.01868	0.00095	0.00075	0.00160

[dist]
# distance from previous block
# <min> <max>
0	2

[block]
# block no. 6 follows, 282 sequences, length 6
# corresponding to MSA columns:
# 1503-1508
name=unknown_G
#
# <colnr> <probs for GDERKNQSTAVLIFYWHMCP>
#	G	D	E	R	K	N	Q	S	T	A	V	L	I	F	Y	W	H	M	C	P
0	0.02878	0.12997	0.10413	0.06009	0.14568	0.02661	0.01441	0.05278	0.09788	0.12509	0.03868	0.10274	0.01752	0.00161	0.00124	0.01451	0.02403	0.01186	0.00084	0.00156
1	0.00331	0.00206	0.09137	0.02153	0.04255	0.00163	0.00183	0.01900	0.00295	0.41220	0.13522	0.13471	0.05098	0.00211	0.02616	0.00042	0.00101	0.02908	0.02033	0.00155
2	0.01510	0.04677	0.10874	0.13407	0.30103	0.03978	0.10861	0.03116	0.01512	0.10834	0.02089	0.00326	0.01488	0.02103	0.01484	0.00039	0.01259	0.00109	0.00070	0.00162
3	0.01692	0.00237	0.01828	0.53692	0.05053	0.03914	0.02798	0.10388	0.04567	0.01614	0.02438	0.01643	0.02085	0.01489	0.01259	0.00041	0.01900	0.03153	0.00069	0.00140
4	0.00167	0.00129	0.00183	0.04225	0.04818	0.00123	0.03724	0.00199	0.00238	0.02135	0.05574	0.51698	0.16668	0.04111	0.02950	0.00050	0.00087	0.02714	0.00100	0.00105
5	0.01185	0.02772	0.19832	0.24552	0.10844	0.01661	0.03017	0.01380	0.03117	0.03575	0.05568	0.09310	0.04444	0.01158	0.01858	0.01249	0.02837	0.01432	0.00071	0.00141

[dist]
# distance from previous block
# <min> <max>
1	9

[block]
# block no. 7 follows, 282 sequences, length 13
# corresponding to MSA columns:
# 1603-1615
name=unknown_H
#
# <colnr> <probs for GDERKNQSTAVLIFYWHMCP>
#	G	D	E	R	K	N	Q	S	T	A	V	L	I	F	Y	W	H	M	C	P
0	0.13845	0.01010	0.00948	0.04909	0.02406	0.37840	0.06678	0.07263	0.02949	0.02435	0.00252	0.08539	0.00228	0.03135	0.00140	0.00038	0.06019	0.01157	0.00072	0.00136
1	0.00253	0.00241	0.04356	0.24115	0.40013	0.00242	0.02122	0.01193	0.03552	0.03425	0.06095	0.06142	0.01348	0.01461	0.00941	0.00040	0.03023	0.01215	0.00069	0.00153
2	0.01352	0.00208	0.01460	0.00190	0.02993	0.00163	0.00147	0.02061	0.02686	0.00383	0.01220	0.04408	0.02637	0.00108	0.00092	0.00021	0.00087	0.00089	0.00073	0.79622
3	0.05424	0.03659	0.05006	0.10611	0.14182	0.03123	0.03534	0.09147	0.10988	0.02146	0.17433	0.04478	0.02616	0.00971	0.00124	0.00037	0.01378	0.00735	0.00087	0.04319
4	0.00180	0.00130	0.00176	0.00175	0.00200	0.00139	0.00132	0.00229	0.05548	0.02761	0.03011	0.10868	0.08147	0.07046	0.53058	0.02897	0.00208	0.02445	0.00079	0.02571
5	0.00302	0.00288	0.02301	0.19837	0.26184	0.08997	0.01335	0.09858	0.23682	0.01827	0.00282	0.00318	0.00217	0.00125	0.00116	0.00036	0.01066	0.00106	0.00078	0.03044
6	0.00146	0.00106	0.00138	0.00161	0.00172	0.00099	0.00112	0.00171	0.00231	0.00306	0.05058	0.74457	0.07649	0.01853	0.01598	0.00049	0.00073	0.07418	0.00107	0.00096
7	0.00310	0.82957	0.00579	0.00223	0.02385	0.02430	0.02392	0.01780	0.01739	0.00287	0.00170	0.00199	0.00154	0.00105	0.00090	0.00027	0.03902	0.00068	0.00052	0.00149
8	0.00255	0.00253	0.00353	0.02962	0.00323	0.01722	0.02908	0.02355	0.01305	0.00294	0.00178	0.03003	0.00175	0.00205	0.01360	0.00050	0.82007	0.00109	0.00055	0.00128
9	0.00165	0.00127	0.00138	0.00139	0.00173	0.02145	0.00103	0.00198	0.00270	0.04439	0.15881	0.17390	0.55996	0.00286	0.00137	0.00040	0.00065	0.02092	0.00111	0.00104
10	0.00150	0.00117	0.00136	0.00134	0.00166	0.00103	0.00101	0.00190	0.00288	0.00377	0.41455	0.06082	0.47208	0.00273	0.00138	0.00039	0.00059	0.02767	0.00116	0.00102
11	0.00253	0.00238	0.00400	0.20609	0.63005	0.00248	0.00315	0.00318	0.00254	0.00353	0.02235	0.09065	0.01934	0.00135	0.00118	0.00036	0.00131	0.00128	0.00063	0.00160
12	0.00237	0.03913	0.86816	0.00333	0.00499	0.00276	0.05620	0.00365	0.00245	0.00363	0.00207	0.00246	0.00148	0.00109	0.00110	0.00036	0.00170	0.00087	0.00049	0.00169

[dist]
# distance from previous block
# <min> <max>
1	13

[block]
# block no. 8 follows, 282 sequences, length 26
# corresponding to MSA columns:
# 1675-1677,1684-1692,1847-1849,2009-2019
name=unknown_I
#
# <colnr> <probs for GDERKNQSTAVLIFYWHMCP>
#	G	D	E	R	K	N	Q	S	T	A	V	L	I	F	Y	W	H	M	C	P
0	0.00165	0.00123	0.00183	0.00183	0.00203	0.00143	0.00141	0.00205	0.00185	0.00266	0.00312	0.00468	0.00295	0.05224	0.91132	0.00182	0.00300	0.00126	0.00062	0.00102
1	0.00240	0.00205	0.00240	0.00171	0.00274	0.00154	0.00137	0.00291	0.00240	0.00376	0.00205	0.00240	0.00171	0.00086	0.00086	0.00017	0.00086	0.00068	0.00068	0.96646
2	0.00322	0.00273	0.00288	0.05652	0.00341	0.04539	0.00200	0.20957	0.61017	0.01382	0.01060	0.00383	0.00300	0.00840	0.00125	0.00038	0.01873	0.00121	0.00110	0.00178
3	0.00172	0.00119	0.00140	0.04459	0.00164	0.00120	0.00087	0.01263	0.00181	0.00241	0.00383	0.07632	0.01566	0.81271	0.00518	0.00101	0.00110	0.00176	0.00073	0.01224
4	0.01862	0.02923	0.03426	0.00714	0.00261	0.02593	0.07823	0.06693	0.10842	0.05681	0.15859	0.04090	0.33711	0.00216	0.00130	0.00038	0.00959	0.01943	0.00104	0.00132
5	0.01361	0.82464	0.00578	0.00214	0.00311	0.00440	0.03233	0.07847	0.00259	0.00314	0.00172	0.00198	0.00153	0.00104	0.00085	0.00027	0.01965	0.00068	0.00055	0.00152
6	0.00496	0.00200	0.00266	0.00206	0.00292	0.00179	0.00170	0.05261	0.02226	0.84876	0.00449	0.02393	0.00293	0.00147	0.00116	0.00036	0.00098	0.00120	0.01982	0.00192
7	0.00144	0.00106	0.00134	0.00151	0.00166	0.00097	0.00104	0.00171	0.00245	0.00325	0.15745	0.64420	0.17109	0.00330	0.00144	0.00044	0.00064	0.00295	0.00110	0.00097
8	0.07241	0.00241	0.02069	0.65144	0.05346	0.04310	0.03058	0.04636	0.01026	0.01206	0.00210	0.00291	0.00159	0.00117	0.00117	0.00037	0.01987	0.00099	0.00542	0.02162
9	0.00302	0.83982	0.04816	0.00218	0.00316	0.00438	0.03244	0.00344	0.00234	0.00279	0.00165	0.00195	0.00149	0.00104	0.00093	0.00027	0.04829	0.00067	0.00050	0.00148
10	0.00144	0.00106	0.00135	0.00156	0.00170	0.00097	0.00109	0.00168	0.00235	0.00307	0.04143	0.71002	0.16446	0.00343	0.00146	0.00046	0.00068	0.05976	0.00108	0.00096
11	0.02101	0.76642	0.03716	0.00210	0.00308	0.05304	0.00205	0.05199	0.01229	0.02013	0.00178	0.00201	0.00155	0.00104	0.00080	0.00026	0.00127	0.00067	0.00056	0.02077
12	0.02319	0.94013	0.00596	0.00197	0.00295	0.00453	0.00196	0.00346	0.00234	0.00277	0.00161	0.00185	0.00148	0.00099	0.00074	0.00025	0.00123	0.00062	0.00050	0.00148
13	0.01744	0.00186	0.00232	0.00182	0.00259	0.00167	0.00148	0.05805	0.00923	0.54425	0.01401	0.00377	0.00275	0.00134	0.00104	0.00031	0.00088	0.00108	0.20795	0.12616
14	0.00141	0.00102	0.00134	0.00159	0.00167	0.00094	0.00107	0.00163	0.00226	0.00300	0.03371	0.89409	0.04489	0.00356	0.00147	0.00046	0.00066	0.00322	0.00108	0.00094
15	0.00343	0.00259	0.00265	0.00230	0.02957	0.05861	0.00177	0.39839	0.19968	0.01865	0.00340	0.00349	0.00254	0.00139	0.00106	0.00033	0.00104	0.00109	0.26639	0.00165
16	0.00184	0.00136	0.00176	0.00193	0.00218	0.00137	0.00153	0.02907	0.08693	0.00352	0.03322	0.36889	0.02171	0.00313	0.00149	0.00048	0.00089	0.43652	0.00109	0.00111
17	0.02204	0.00120	0.00137	0.00138	0.00167	0.00114	0.00103	0.01469	0.01577	0.01360	0.25428	0.18817	0.17972	0.00239	0.00122	0.00037	0.00062	0.03161	0.26667	0.00107
18	0.00221	0.00154	0.00181	0.00166	0.00183	0.01207	0.00115	0.05290	0.04200	0.06315	0.04382	0.00654	0.01523	0.59800	0.02634	0.00089	0.09305	0.02713	0.00770	0.00100
19	0.00161	0.00111	0.00144	0.00164	0.00178	0.00105	0.00113	0.00966	0.02658	0.03353	0.01879	0.82279	0.03392	0.01480	0.00151	0.00047	0.00070	0.02542	0.00109	0.00101
20	0.01530	0.00115	0.00133	0.00133	0.00137	0.00117	0.00080	0.00175	0.00173	0.00235	0.00375	0.00722	0.02800	0.81207	0.11507	0.00118	0.00133	0.00163	0.00070	0.00075
21	0.01804	0.00240	0.00296	0.00227	0.00316	0.00235	0.01376	0.32388	0.00398	0.59163	0.00387	0.00351	0.00252	0.00140	0.00115	0.00035	0.00108	0.00111	0.01863	0.00193
22	0.00761	0.00672	0.00288	0.06773	0.02234	0.22228	0.00203	0.12443	0.29522	0.09066	0.02731	0.04535	0.01135	0.00159	0.00123	0.00037	0.02495	0.03360	0.01077	0.00159
23	0.00156	0.00112	0.00141	0.00157	0.00166	0.00109	0.00107	0.00819	0.00216	0.00287	0.02318	0.53586	0.05327	0.25850	0.00270	0.00064	0.01909	0.08219	0.00097	0.00090
24	0.03205	0.00988	0.00984	0.03531	0.00937	0.01996	0.02440	0.01704	0.01588	0.06248	0.00225	0.00255	0.00179	0.00095	0.00092	0.00021	0.00599	0.00076	0.00695	0.74142
25	0.00858	0.00257	0.00373	0.19417	0.16840	0.00275	0.08549	0.27633	0.02000	0.15172	0.04147	0.01023	0.00239	0.00132	0.00125	0.00037	0.02547	0.00114	0.00090	0.00170

[dist]
# distance from previous block
# <min> <max>
2	30

[block]
# block no. 9 follows, 282 sequences, length 43
# corresponding to MSA columns:
# 2066,2067,2069-2087,2089-2106,2146-2149
name=unknown_J
#
# <colnr> <probs for GDERKNQSTAVLIFYWHMCP>
#	G	D	E	R	K	N	Q	S	T	A	V	L	I	F	Y	W	H	M	C	P
0	0.00170	0.00123	0.00144	0.00822	0.00174	0.00116	0.00928	0.00654	0.03910	0.01180	0.27118	0.10048	0.32552	0.06127	0.02157	0.00045	0.00070	0.00208	0.13348	0.00106
1	0.05245	0.00862	0.03466	0.02257	0.14113	0.03636	0.04302	0.07385	0.02819	0.02638	0.00667	0.00272	0.00182	0.00666	0.02277	0.00037	0.20868	0.00093	0.00068	0.28147
2	0.03606	0.00233	0.04845	0.03191	0.01330	0.03833	0.01425	0.11724	0.04744	0.20061	0.19405	0.02618	0.00931	0.00551	0.01253	0.00035	0.01125	0.00682	0.00103	0.18305
3	0.01279	0.11402	0.17443	0.02422	0.18516	0.02053	0.13716	0.08573	0.06069	0.09985	0.00551	0.00294	0.00955	0.00120	0.00124	0.00035	0.04448	0.00103	0.00073	0.01840
4	0.00708	0.02083	0.00250	0.10671	0.02506	0.00211	0.02473	0.07703	0.19703	0.01390	0.13755	0.15535	0.06130	0.02522	0.01290	0.00044	0.05382	0.07412	0.00099	0.00134
5	0.00183	0.00147	0.00161	0.00151	0.00192	0.00140	0.00115	0.07377	0.10385	0.00397	0.23359	0.06857	0.48820	0.00256	0.00133	0.00038	0.00067	0.00217	0.00113	0.00892
6	0.01359	0.04417	0.11655	0.07232	0.03808	0.04235	0.23444	0.07384	0.02998	0.20073	0.01063	0.02820	0.00783	0.00654	0.00133	0.00037	0.04404	0.01013	0.00083	0.02404
7	0.00894	0.02070	0.07396	0.09919	0.10721	0.14507	0.01251	0.05377	0.04554	0.01523	0.00788	0.34261	0.01526	0.01307	0.00135	0.00040	0.01740	0.01776	0.00083	0.00132
8	0.00263	0.00137	0.00146	0.00133	0.00172	0.00136	0.00103	0.08914	0.00280	0.09835	0.01797	0.00434	0.02364	0.00141	0.00089	0.00029	0.00065	0.00113	0.74725	0.00124
9	0.00269	0.00615	0.09439	0.35007	0.11395	0.02207	0.15634	0.03129	0.02754	0.08588	0.01539	0.05064	0.02387	0.00133	0.00122	0.00038	0.00675	0.00124	0.00733	0.00150
10	0.00235	0.00224	0.02642	0.71281	0.05859	0.00255	0.06448	0.01722	0.02514	0.02180	0.00237	0.00341	0.00817	0.01569	0.00127	0.00040	0.00883	0.01852	0.00638	0.00136
11	0.00150	0.00109	0.00146	0.01799	0.00746	0.00104	0.00748	0.01597	0.00226	0.00301	0.01125	0.86333	0.01687	0.04134	0.00163	0.00049	0.00072	0.00311	0.00104	0.00096
12	0.00313	0.00203	0.00237	0.00218	0.04585	0.00214	0.00163	0.16039	0.25306	0.15371	0.10785	0.03179	0.01468	0.00169	0.01011	0.00037	0.00090	0.01023	0.19431	0.00159
13	0.01665	0.01457	0.00249	0.05989	0.04455	0.06164	0.03725	0.01340	0.01754	0.16970	0.31641	0.13833	0.01927	0.00823	0.00752	0.00318	0.03050	0.03175	0.00576	0.00136
14	0.00238	0.00555	0.83098	0.00330	0.00488	0.00270	0.05251	0.02796	0.00252	0.00372	0.00231	0.00268	0.02315	0.00117	0.00120	0.00037	0.02950	0.00093	0.00052	0.00168
15	0.00178	0.00108	0.00134	0.00134	0.00134	0.00108	0.00079	0.00163	0.00163	0.00217	0.00314	0.00631	0.00352	0.66495	0.00546	0.29861	0.00108	0.00147	0.00064	0.00064
16	0.02204	0.01532	0.05642	0.00328	0.04549	0.03879	0.31157	0.01127	0.00259	0.02500	0.00395	0.17472	0.00400	0.00207	0.00148	0.00043	0.04259	0.23684	0.00081	0.00133
17	0.01165	0.00289	0.00298	0.00261	0.00295	0.22762	0.01572	0.01011	0.02305	0.14462	0.01089	0.10286	0.00944	0.01567	0.04345	0.00354	0.36159	0.00628	0.00077	0.00135
18	0.00169	0.00121	0.00175	0.00175	0.00194	0.00136	0.00132	0.00202	0.00189	0.01266	0.01614	0.03153	0.02976	0.10021	0.74096	0.04401	0.00261	0.00137	0.00483	0.00098
19	0.00174	0.00121	0.00148	0.00143	0.00173	0.00564	0.00107	0.00223	0.01227	0.03623	0.57018	0.10891	0.17896	0.00249	0.00133	0.00037	0.00059	0.00624	0.06478	0.00109
20	0.00205	0.00138	0.00162	0.00598	0.00198	0.00126	0.00121	0.04035	0.01214	0.11229	0.16156	0.01552	0.49693	0.00275	0.02309	0.00043	0.00078	0.11636	0.00114	0.00117
21	0.00964	0.00261	0.10032	0.16350	0.09857	0.01015	0.03170	0.02537	0.10791	0.24109	0.07793	0.00944	0.00639	0.00147	0.00146	0.00038	0.10351	0.00364	0.00333	0.00161
22	0.00381	0.00285	0.04469	0.00255	0.02129	0.00783	0.00622	0.41922	0.28489	0.14583	0.01959	0.01828	0.00281	0.00149	0.00117	0.00037	0.00112	0.00893	0.00519	0.00186
23	0.05856	0.00264	0.00391	0.39562	0.20758	0.06429	0.08412	0.04976	0.00255	0.00351	0.00203	0.00282	0.00162	0.00122	0.00145	0.00038	0.11489	0.00101	0.00058	0.00146
24	0.03097	0.00255	0.00295	0.03466	0.02488	0.00269	0.00194	0.48099	0.02681	0.26839	0.00968	0.00689	0.00239	0.00139	0.00111	0.00035	0.00110	0.00109	0.09736	0.00182
25	0.00142	0.00103	0.00134	0.00158	0.00168	0.00095	0.00107	0.00164	0.00228	0.00301	0.03067	0.84250	0.08160	0.00353	0.00147	0.00046	0.00067	0.02108	0.00108	0.00095
26	0.00240	0.01273	0.00950	0.71189	0.09977	0.00623	0.01380	0.03253	0.08440	0.00334	0.00234	0.00319	0.00178	0.00120	0.00116	0.00038	0.00477	0.00659	0.00060	0.00141
27	0.00289	0.00274	0.00461	0.03369	0.89902	0.01009	0.00349	0.01009	0.00266	0.01647	0.00220	0.00287	0.00183	0.00104	0.00114	0.00034	0.00138	0.00103	0.00059	0.00181
28	0.01682	0.00164	0.00198	0.00172	0.00218	0.00163	0.00134	0.13162	0.06264	0.11283	0.58321	0.00672	0.01572	0.00201	0.00126	0.00036	0.00072	0.00172	0.05250	0.00136
29	0.00168	0.00112	0.00126	0.00126	0.00126	0.00112	0.00070	0.00168	0.00168	0.00224	0.00364	0.00756	0.00420	0.95940	0.00588	0.00112	0.00112	0.00168	0.00070	0.00070
30	0.00146	0.00111	0.00132	0.00140	0.00163	0.00099	0.00099	0.00176	0.00257	0.00336	0.21988	0.36720	0.33427	0.04835	0.00162	0.00045	0.00063	0.00263	0.00740	0.00097
31	0.03692	0.00317	0.00337	0.00261	0.00351	0.00352	0.00215	0.87907	0.04271	0.00711	0.00281	0.00280	0.00200	0.00138	0.00114	0.00035	0.00124	0.00104	0.00114	0.00194
32	0.00144	0.00121	0.00131	0.00127	0.00165	0.00103	0.01055	0.00181	0.01309	0.00339	0.16611	0.01055	0.77698	0.00280	0.00136	0.00039	0.00060	0.00236	0.00110	0.00101
33	0.00284	0.00272	0.00465	0.03557	0.92387	0.00274	0.00354	0.00353	0.00262	0.00375	0.00217	0.00287	0.00182	0.00103	0.00114	0.00034	0.00138	0.00103	0.00057	0.00181
34	0.96756	0.00223	0.00170	0.00152	0.00223	0.00259	0.00125	0.00340	0.00197	0.00518	0.00161	0.00188	0.00125	0.00107	0.00071	0.00036	0.00089	0.00063	0.00071	0.00125
35	0.00150	0.00118	0.00136	0.00134	0.00165	0.00109	0.00099	0.00183	0.00723	0.00320	0.15470	0.01345	0.54377	0.10360	0.15139	0.00069	0.00103	0.00801	0.00099	0.00098
36	0.00166	0.00123	0.00183	0.00183	0.00202	0.00142	0.00141	0.00203	0.00184	0.00265	0.00307	0.00459	0.00290	0.03702	0.89421	0.03447	0.00296	0.00124	0.00062	0.00100
37	0.00166	0.00119	0.00167	0.00169	0.00183	0.00131	0.00124	0.00195	0.00190	0.00267	0.04073	0.05246	0.00382	0.22941	0.58954	0.03415	0.00229	0.02888	0.00069	0.00094
38	0.00271	0.00350	0.13352	0.00461	0.00585	0.00290	0.80179	0.02348	0.00275	0.00377	0.00231	0.00302	0.00172	0.00100	0.00132	0.00039	0.00190	0.00129	0.00058	0.00159
39	0.01076	0.00185	0.00250	0.00196	0.00276	0.00162	0.00160	0.00943	0.00328	0.79762	0.12895	0.01295	0.01031	0.00158	0.00119	0.00036	0.00092	0.00131	0.00724	0.00183
40	0.00260	0.07542	0.60909	0.02713	0.00923	0.05576	0.02806	0.02417	0.09071	0.01806	0.02259	0.01692	0.00200	0.00126	0.00707	0.00037	0.00632	0.00096	0.00062	0.00165
41	0.00151	0.00117	0.00134	0.00131	0.00164	0.00103	0.00098	0.00189	0.00285	0.00916	0.38375	0.04833	0.50643	0.02445	0.00147	0.00040	0.00059	0.00953	0.00115	0.00102
42	0.01349	0.02651	0.01709	0.04652	0.11800	0.01534	0.17898	0.01295	0.00297	0.01846	0.04381	0.14112	0.00482	0.01317	0.00190	0.00055	0.08725	0.24523	0.01020	0.00163

[dist]
# distance from previous block
# <min> <max>
0	11

[block]
# block no. 10 follows, 282 sequences, length 14
# corresponding to MSA columns:
# 2161-2174
name=unknown_K
#
# <colnr> <probs for GDERKNQSTAVLIFYWHMCP>
#	G	D	E	R	K	N	Q	S	T	A	V	L	I	F	Y	W	H	M	C	P
0	0.83136	0.02457	0.05179	0.01162	0.00257	0.01609	0.01833	0.01294	0.00209	0.01778	0.00170	0.00198	0.00131	0.00108	0.00077	0.00036	0.00099	0.00067	0.00071	0.00130
1	0.03999	0.00329	0.15249	0.01570	0.01486	0.01689	0.54193	0.02942	0.02847	0.01214	0.03073	0.01089	0.06715	0.00125	0.00133	0.00038	0.02304	0.00133	0.00722	0.00152
2	0.00273	0.07552	0.02005	0.06608	0.04350	0.05491	0.03396	0.07279	0.25150	0.01488	0.02117	0.10130	0.02808	0.00152	0.00111	0.00033	0.00109	0.00128	0.00087	0.20734
3	0.00155	0.00120	0.00142	0.00138	0.00170	0.00109	0.00103	0.00205	0.02543	0.00397	0.51124	0.04040	0.38345	0.00262	0.00137	0.00038	0.00058	0.01690	0.00118	0.00106
4	0.00259	0.00224	0.00243	0.06440	0.00305	0.03389	0.00177	0.01505	0.61950	0.00449	0.14278	0.06246	0.00469	0.00179	0.00122	0.00039	0.00093	0.01975	0.01497	0.00159
5	0.00197	0.00101	0.00149	0.00149	0.00151	0.00100	0.00100	0.00151	0.00157	0.00207	0.00256	0.00394	0.05587	0.00395	0.00434	0.91160	0.00098	0.00108	0.00053	0.00053
6	0.00155	0.00119	0.00149	0.00153	0.00179	0.00110	0.02196	0.00198	0.03234	0.00349	0.20917	0.39544	0.26900	0.00294	0.00138	0.00041	0.00066	0.01305	0.03848	0.00103
7	0.00219	0.00172	0.05063	0.00175	0.00223	0.00151	0.00144	0.02026	0.13488	0.09368	0.47560	0.04804	0.11923	0.00223	0.00131	0.00038	0.00074	0.03969	0.00119	0.00130
8	0.00260	0.00227	0.00247	0.00181	0.00281	0.05564	0.00144	0.02242	0.00253	0.02262	0.00210	0.00242	0.00173	0.00090	0.00088	0.00019	0.00094	0.00070	0.00070	0.87283
9	0.00214	0.00194	0.00273	0.00246	0.00254	0.00256	0.00199	0.00241	0.00183	0.00273	0.00256	0.03085	0.03350	0.01958	0.31475	0.03837	0.53415	0.00121	0.00058	0.00113
10	0.04995	0.01727	0.03924	0.06826	0.12478	0.08516	0.27772	0.08695	0.04462	0.08743	0.01036	0.01511	0.01909	0.00134	0.00831	0.00038	0.01481	0.02985	0.00077	0.01859
11	0.00191	0.00138	0.00178	0.10168	0.02322	0.00147	0.00124	0.02357	0.01666	0.02054	0.03105	0.08418	0.00408	0.57588	0.06373	0.00092	0.02850	0.00165	0.01562	0.00093
12	0.15802	0.00228	0.00248	0.01895	0.02433	0.02716	0.00928	0.16063	0.20458	0.14870	0.13872	0.02029	0.01902	0.00156	0.00111	0.00036	0.00097	0.00771	0.02814	0.02571
13	0.00260	0.00252	0.00419	0.00326	0.00388	0.03393	0.36868	0.03240	0.05854	0.03051	0.01921	0.02042	0.02660	0.10689	0.05759	0.00057	0.18956	0.00879	0.00070	0.02916

[dist]
# distance from previous block
# <min> <max>
2	29

[block]
# block no. 11 follows, 282 sequences, length 44
# corresponding to MSA columns:
# 2207-2215,2217-2226,2229-2238,2240-2254
name=unknown_L
#
# <colnr> <probs for GDERKNQSTAVLIFYWHMCP>
#	G	D	E	R	K	N	Q	S	T	A	V	L	I	F	Y	W	H	M	C	P
0	0.06234	0.03831	0.05226	0.05646	0.07715	0.03438	0.03749	0.10058	0.23427	0.07780	0.06910	0.03348	0.00900	0.00148	0.00709	0.00036	0.00437	0.00714	0.00093	0.09603
1	0.02164	0.61362	0.15535	0.01754	0.01616	0.05243	0.00236	0.04558	0.01746	0.01317	0.00916	0.00231	0.01760	0.00111	0.00090	0.00029	0.01047	0.00075	0.00057	0.00153
2	0.00171	0.00122	0.00154	0.00143	0.00176	0.00110	0.00108	0.00221	0.00312	0.03192	0.72316	0.02554	0.16659	0.00241	0.00134	0.00036	0.00058	0.00210	0.00122	0.02960
3	0.00310	0.91042	0.03141	0.00204	0.00304	0.02847	0.00204	0.00349	0.00237	0.00275	0.00162	0.00187	0.00148	0.00100	0.00076	0.00025	0.00127	0.00063	0.00050	0.00149
4	0.02763	0.00123	0.00157	0.00158	0.00172	0.00132	0.00111	0.00199	0.00843	0.00819	0.04081	0.07679	0.01856	0.38952	0.33056	0.00722	0.01779	0.04188	0.02117	0.00091
5	0.02228	0.00228	0.00371	0.59713	0.22347	0.00262	0.02750	0.03226	0.04514	0.00347	0.02771	0.00320	0.00196	0.00118	0.00116	0.00037	0.00144	0.00107	0.00060	0.00146
6	0.00154	0.00120	0.00141	0.00137	0.00170	0.00107	0.00104	0.00202	0.01837	0.00392	0.48676	0.03650	0.40582	0.00265	0.00137	0.00038	0.00059	0.03008	0.00117	0.00105
7	0.00186	0.00133	0.00182	0.00205	0.00231	0.00133	0.00174	0.02766	0.00267	0.00348	0.00617	0.14273	0.02477	0.00320	0.00156	0.00052	0.00101	0.77165	0.00107	0.00107
8	0.06081	0.02237	0.01746	0.05394	0.03576	0.01678	0.04699	0.12110	0.03486	0.25206	0.02517	0.24209	0.01714	0.00200	0.00405	0.00040	0.02336	0.02111	0.00105	0.00151
9	0.00294	0.00260	0.00265	0.00236	0.00299	0.05268	0.00184	0.05824	0.76384	0.00474	0.03133	0.00965	0.01839	0.00845	0.00128	0.00039	0.02658	0.00617	0.00112	0.00174
10	0.00173	0.00118	0.00142	0.00136	0.00140	0.00117	0.02868	0.00178	0.00174	0.00237	0.00361	0.00729	0.00407	0.88925	0.00553	0.00106	0.00112	0.00164	0.04285	0.00074
11	0.00205	0.00147	0.00177	0.00174	0.00206	0.00149	0.00128	0.02297	0.19731	0.05322	0.26736	0.33362	0.04956	0.03709	0.00152	0.00044	0.00074	0.02194	0.00116	0.00123
12	0.00238	0.07042	0.80360	0.00323	0.00481	0.00279	0.05085	0.00363	0.01416	0.00359	0.00217	0.02270	0.00164	0.00115	0.00111	0.00036	0.00830	0.00092	0.00051	0.00167
13	0.00163	0.00111	0.00130	0.00136	0.00139	0.00110	0.00082	0.00170	0.00184	0.00245	0.00898	0.17111	0.03032	0.71636	0.02045	0.00098	0.00106	0.03448	0.00079	0.00077
14	0.00183	0.07152	0.00225	0.00192	0.00218	0.00179	0.00153	0.01517	0.00193	0.00274	0.00292	0.00428	0.00273	0.02358	0.81415	0.00165	0.04494	0.00119	0.00061	0.00108
15	0.00266	0.03689	0.11801	0.01785	0.03845	0.01233	0.14520	0.04444	0.32596	0.02429	0.04297	0.01287	0.06483	0.00153	0.00118	0.00037	0.00117	0.03029	0.07712	0.00158
16	0.00287	0.00241	0.00247	0.00224	0.01452	0.06023	0.00172	0.04759	0.60303	0.04271	0.15075	0.00494	0.03242	0.00168	0.00119	0.00037	0.00093	0.00140	0.02486	0.00165
17	0.00156	0.00114	0.00153	0.00173	0.00187	0.00109	0.01252	0.02182	0.00920	0.00315	0.02442	0.74328	0.02490	0.01777	0.00575	0.00049	0.00076	0.12497	0.00106	0.00099
18	0.00154	0.00108	0.00144	0.00164	0.00177	0.00101	0.00512	0.00182	0.00725	0.01941	0.08859	0.76874	0.02391	0.00340	0.00146	0.00046	0.00069	0.06224	0.00746	0.00099
19	0.65891	0.00256	0.03049	0.06174	0.07963	0.02811	0.02866	0.07056	0.00759	0.01504	0.00185	0.00219	0.00142	0.00111	0.00087	0.00036	0.00606	0.00075	0.00072	0.00139
20	0.00191	0.00133	0.00151	0.00143	0.00150	0.00139	0.00088	0.07103	0.00196	0.00265	0.00350	0.00699	0.00393	0.84524	0.00541	0.00103	0.03710	0.00160	0.00879	0.00082
21	0.00163	0.00120	0.00150	0.00144	0.00173	0.00110	0.00107	0.00748	0.01149	0.01211	0.71469	0.07845	0.15676	0.00252	0.00137	0.00038	0.00057	0.00221	0.00123	0.00108
22	0.00334	0.00395	0.00263	0.00251	0.00293	0.61569	0.00186	0.00361	0.00290	0.00287	0.00328	0.21216	0.01469	0.05155	0.00145	0.00040	0.01077	0.06147	0.00074	0.00120
23	0.00172	0.00118	0.00147	0.00147	0.00156	0.00124	0.00098	0.00189	0.00182	0.01034	0.00371	0.03467	0.01945	0.57494	0.27095	0.00124	0.01604	0.01165	0.04286	0.00084
24	0.00268	0.00264	0.01335	0.37745	0.45036	0.05149	0.03839	0.00338	0.00252	0.01640	0.00213	0.00292	0.00170	0.00112	0.00123	0.00036	0.02873	0.00103	0.00056	0.00157
25	0.00144	0.00102	0.00135	0.00160	0.00168	0.00096	0.00107	0.00693	0.00224	0.00300	0.01883	0.91745	0.01233	0.01640	0.00153	0.00047	0.00068	0.00322	0.00686	0.00094
26	0.00165	0.00122	0.00178	0.00178	0.00196	0.00140	0.00135	0.00201	0.00184	0.00264	0.00322	0.02391	0.00313	0.11659	0.82798	0.00175	0.00282	0.00133	0.00064	0.00099
27	0.01638	0.00283	0.00357	0.06024	0.07618	0.09515	0.10798	0.08503	0.24913	0.05309	0.01429	0.00889	0.00240	0.00160	0.01587	0.00042	0.19562	0.00890	0.00083	0.00158
28	0.02240	0.18667	0.11515	0.00280	0.02967	0.02572	0.07909	0.35893	0.07601	0.01872	0.00286	0.00992	0.01363	0.00137	0.00110	0.00035	0.00133	0.05174	0.00087	0.00170
29	0.00214	0.03005	0.05127	0.00926	0.01831	0.04435	0.02001	0.06148	0.00272	0.05652	0.08574	0.36065	0.18548	0.01028	0.01149	0.00043	0.02224	0.02537	0.00100	0.00119
30	0.37627	0.03473	0.04621	0.00650	0.00311	0.45417	0.00649	0.02055	0.00271	0.02153	0.00179	0.00208	0.00143	0.00115	0.00096	0.00033	0.01726	0.00072	0.00066	0.00135
31	0.00145	0.00104	0.00138	0.00162	0.00171	0.00098	0.00111	0.00169	0.00228	0.00304	0.04423	0.80638	0.03111	0.02915	0.00159	0.00048	0.00070	0.06803	0.00107	0.00095
32	0.00232	0.00187	0.01437	0.11979	0.05844	0.00626	0.04581	0.02911	0.01812	0.07785	0.23402	0.08626	0.08902	0.02183	0.02975	0.00045	0.11620	0.00490	0.00753	0.03611
33	0.00165	0.00124	0.00185	0.00185	0.00205	0.00144	0.00143	0.00206	0.00185	0.00267	0.00310	0.00459	0.00291	0.02532	0.93820	0.00184	0.00306	0.00125	0.00062	0.00103
34	0.00240	0.00205	0.00240	0.00171	0.00274	0.00154	0.00137	0.00291	0.00240	0.00376	0.00205	0.00240	0.00171	0.00086	0.00086	0.00017	0.00086	0.00068	0.00068	0.96646
35	0.00234	0.00198	0.00232	0.00170	0.00266	0.00150	0.00134	0.00283	0.00239	0.00373	0.00232	0.05595	0.00206	0.00102	0.00089	0.00019	0.00084	0.00084	0.01535	0.89776
36	0.00276	0.00274	0.05801	0.03804	0.50907	0.00940	0.10884	0.01444	0.02768	0.04156	0.04935	0.01555	0.01707	0.00118	0.00117	0.00034	0.00561	0.00114	0.00068	0.09539
37	0.01468	0.00122	0.00152	0.00155	0.00178	0.00113	0.01196	0.00202	0.01267	0.03849	0.10895	0.42558	0.12469	0.17850	0.00220	0.00055	0.00078	0.02267	0.00101	0.04805
