[name]
unknown

[dist]
# distance from previous block
# <min> <max>
0	707

[block]
# block no. 0 follows, 294 sequences, length 6
# corresponding to MSA columns:
# 749-751,756,762,763
name=unknown_A
#
# <colnr> <probs for GDERKNQSTAVLIFYWHMCP>
#	G	D	E	R	K	N	Q	S	T	A	V	L	I	F	Y	W	H	M	C	P
0	0.00212	0.00165	0.00223	0.00247	0.10408	0.00170	0.00178	0.07843	0.00258	0.00359	0.00439	0.18880	0.00463	0.00237	0.00149	0.00042	0.08138	0.35921	0.07254	0.08412
1	0.00259	0.00197	0.00264	0.07289	0.00313	0.00179	0.08787	0.00343	0.12652	0.10862	0.00285	0.00345	0.00231	0.10374	0.00148	0.00035	0.00100	0.00099	0.05334	0.41905
2	0.09031	0.00187	0.00259	0.24237	0.17240	0.00204	0.00204	0.09131	0.00250	0.00366	0.02195	0.15677	0.02184	0.10425	0.00160	0.00044	0.00109	0.00143	0.07827	0.00126
3	0.02370	0.00226	0.00258	0.00220	0.03460	0.00234	0.00168	0.40926	0.02934	0.07741	0.00314	0.00444	0.00274	0.18641	0.00198	0.00047	0.00109	0.08048	0.00095	0.13295
4	0.00300	0.05439	0.00338	0.04809	0.29343	0.00244	0.02065	0.13201	0.00276	0.15052	0.00293	0.08548	0.00259	0.10409	0.00183	0.00043	0.08842	0.00125	0.00080	0.00151
5	0.00240	0.00215	0.00261	0.35141	0.02857	0.07860	0.00201	0.11571	0.00258	0.00332	0.00312	0.00426	0.08201	0.19137	0.00198	0.00047	0.00125	0.00116	0.00068	0.12433

[dist]
# distance from previous block
# <min> <max>
1	23

[block]
# block no. 1 follows, 294 sequences, length 7
# corresponding to MSA columns:
# 787-791,800,801
name=unknown_B
#
# <colnr> <probs for GDERKNQSTAVLIFYWHMCP>
#	G	D	E	R	K	N	Q	S	T	A	V	L	I	F	Y	W	H	M	C	P
0	0.00166	0.00122	0.00161	0.00160	0.02927	0.00118	0.01824	0.00211	0.00271	0.00385	0.50657	0.04064	0.13332	0.03184	0.09485	0.00051	0.01746	0.00183	0.10848	0.00104
1	0.00316	0.02419	0.00304	0.00245	0.00300	0.02845	0.00201	0.34295	0.14213	0.03411	0.00263	0.00299	0.00209	0.00226	0.10799	0.00053	0.24683	0.00102	0.00085	0.04731
2	0.00187	0.00126	0.02153	0.00164	0.00187	0.00113	0.00119	0.00227	0.04720	0.10884	0.03890	0.65475	0.04302	0.04558	0.00155	0.00046	0.00073	0.02409	0.00105	0.00107
3	0.00321	0.10921	0.00307	0.00228	0.00301	0.00306	0.00185	0.22408	0.59231	0.04006	0.00376	0.00353	0.00280	0.00140	0.00108	0.00035	0.00100	0.00112	0.00106	0.00176
4	0.00258	0.00245	0.01989	0.06407	0.49348	0.02751	0.12079	0.02120	0.00271	0.03692	0.15894	0.00400	0.03791	0.00129	0.00117	0.00034	0.00125	0.00124	0.00072	0.00154
5	0.00251	0.00207	0.00224	0.00201	0.00254	0.03335	0.00156	0.03160	0.51728	0.03331	0.19250	0.00493	0.02353	0.00240	0.10740	0.00052	0.00108	0.00137	0.00106	0.03674
6	0.12217	0.08294	0.06874	0.05953	0.22246	0.04420	0.09679	0.08507	0.05724	0.08723	0.01504	0.01346	0.01381	0.00116	0.00104	0.00033	0.00126	0.00099	0.00073	0.02581

[dist]
# distance from previous block
# <min> <max>
2	8

[block]
# block no. 2 follows, 294 sequences, length 7
# corresponding to MSA columns:
# 816-822
name=unknown_C
#
# <colnr> <probs for GDERKNQSTAVLIFYWHMCP>
#	G	D	E	R	K	N	Q	S	T	A	V	L	I	F	Y	W	H	M	C	P
0	0.02688	0.00202	0.00303	0.24248	0.29755	0.01805	0.00240	0.02960	0.02151	0.01998	0.02050	0.22303	0.00325	0.01650	0.00129	0.00038	0.02266	0.01316	0.00071	0.03501
1	0.06373	0.05906	0.54923	0.02732	0.02806	0.01836	0.08239	0.03238	0.01782	0.06873	0.02044	0.00260	0.00175	0.00110	0.00104	0.00034	0.00147	0.00089	0.00061	0.02269
2	0.07035	0.03764	0.01515	0.05768	0.05749	0.05665	0.06216	0.05178	0.02426	0.07279	0.02028	0.22126	0.01464	0.03696	0.00184	0.04711	0.14001	0.00992	0.00078	0.00124
3	0.00280	0.00260	0.00408	0.04035	0.73449	0.02809	0.00307	0.03452	0.07082	0.02331	0.02285	0.02355	0.00219	0.00114	0.00111	0.00034	0.00127	0.00107	0.00065	0.00170
4	0.04661	0.06866	0.18798	0.02996	0.07350	0.01980	0.29353	0.04651	0.02776	0.08148	0.02462	0.06678	0.01368	0.01271	0.00120	0.00036	0.00142	0.00122	0.00070	0.00151
5	0.06377	0.04628	0.07837	0.09019	0.18688	0.09868	0.06131	0.07319	0.02042	0.15430	0.02911	0.04132	0.01790	0.00134	0.00112	0.00035	0.01082	0.02233	0.00079	0.00153
6	0.00154	0.00115	0.00154	0.00170	0.01768	0.00110	0.01729	0.00185	0.01997	0.01869	0.05540	0.65556	0.10773	0.03681	0.00159	0.00046	0.02550	0.03247	0.00101	0.00097

[dist]
# distance from previous block
# <min> <max>
2	27

[block]
# block no. 3 follows, 294 sequences, length 28
# corresponding to MSA columns:
# 857-863,865,866,876-886,899-905,909
name=unknown_D
#
# <colnr> <probs for GDERKNQSTAVLIFYWHMCP>
#	G	D	E	R	K	N	Q	S	T	A	V	L	I	F	Y	W	H	M	C	P
0	0.01217	0.08873	0.26618	0.05737	0.16965	0.13027	0.05078	0.08859	0.03265	0.06549	0.00233	0.02140	0.00181	0.00115	0.00106	0.00033	0.00146	0.00094	0.00606	0.00159
1	0.00141	0.00110	0.00127	0.00129	0.00157	0.00097	0.00094	0.00175	0.00266	0.00345	0.32129	0.17059	0.47288	0.01207	0.00137	0.00039	0.00057	0.00237	0.00109	0.00097
2	0.00230	0.00238	0.01987	0.65436	0.03849	0.02604	0.22108	0.00307	0.00234	0.00304	0.00203	0.00292	0.00153	0.00108	0.00119	0.00037	0.01503	0.00105	0.00051	0.00132
3	0.01621	0.14987	0.27027	0.03900	0.16065	0.08408	0.07490	0.04903	0.05626	0.05951	0.00230	0.01685	0.00180	0.00113	0.00107	0.00033	0.01359	0.00093	0.00063	0.00158
4	0.00990	0.00768	0.00226	0.01518	0.00251	0.06270	0.01593	0.08832	0.01572	0.38841	0.00366	0.03009	0.00269	0.02071	0.00914	0.00035	0.03275	0.00112	0.28939	0.00149
5	0.00241	0.00134	0.00171	0.00156	0.00196	0.00122	0.00118	0.01462	0.02252	0.23955	0.36522	0.17674	0.12877	0.01837	0.00134	0.00038	0.00068	0.00199	0.01722	0.00124
6	0.02159	0.46762	0.29223	0.00246	0.01175	0.02958	0.03008	0.04065	0.03859	0.02122	0.00194	0.00218	0.00155	0.00103	0.00089	0.00029	0.00134	0.00074	0.00056	0.03370
7	0.00285	0.06143	0.17242	0.02217	0.26365	0.06973	0.11685	0.05134	0.14234	0.03740	0.00675	0.01361	0.01049	0.00119	0.00114	0.00034	0.01456	0.00943	0.00069	0.00162
8	0.00173	0.00131	0.00182	0.00178	0.00192	0.01462	0.00135	0.00200	0.00176	0.00252	0.00284	0.00447	0.00275	0.12800	0.65618	0.07332	0.07773	0.00120	0.02176	0.00094
9	0.01911	0.11044	0.07885	0.06039	0.20687	0.02552	0.10718	0.10483	0.03208	0.09871	0.00244	0.00654	0.00581	0.00111	0.00108	0.00032	0.01353	0.00782	0.00072	0.11667
10	0.00262	0.01888	0.01109	0.12457	0.01010	0.08343	0.00848	0.18949	0.01458	0.01148	0.01101	0.00339	0.00218	0.04328	0.29404	0.00708	0.16130	0.00106	0.00068	0.00129
11	0.01766	0.00114	0.00133	0.00133	0.00162	0.00104	0.00098	0.00205	0.00263	0.04226	0.29030	0.17923	0.31895	0.00251	0.00125	0.00037	0.00059	0.01719	0.11654	0.00102
12	0.00166	0.00112	0.00150	0.00150	0.00159	0.00120	0.00104	0.00176	0.00171	0.00236	0.00857	0.01095	0.02271	0.38041	0.38195	0.14821	0.00845	0.01499	0.00756	0.00079
13	0.00159	0.00117	0.00145	0.00142	0.00169	0.00109	0.00105	0.00212	0.04188	0.01602	0.56182	0.14275	0.19081	0.01416	0.00137	0.00038	0.00058	0.01645	0.00115	0.00104
14	0.00156	0.00108	0.00124	0.00126	0.00132	0.00105	0.00076	0.00165	0.00185	0.00245	0.06242	0.10209	0.09088	0.69759	0.02750	0.00092	0.00100	0.00185	0.00077	0.00075
15	0.01987	0.03944	0.09979	0.12010	0.02850	0.01169	0.02787	0.48821	0.07132	0.04530	0.00266	0.00645	0.00196	0.01719	0.00702	0.00036	0.00128	0.00101	0.00830	0.00169
16	0.00165	0.00117	0.00148	0.00810	0.00168	0.00113	0.00104	0.00206	0.01356	0.02221	0.51781	0.04186	0.09043	0.19268	0.07002	0.00060	0.01105	0.01293	0.00753	0.00098
17	0.08136	0.15238	0.30355	0.01592	0.03043	0.03119	0.05261	0.04652	0.02063	0.14150	0.01747	0.00281	0.01236	0.01552	0.01454	0.00037	0.05437	0.00092	0.00401	0.00154
18	0.01904	0.05843	0.00338	0.00292	0.03414	0.74827	0.01597	0.02761	0.00302	0.01858	0.00178	0.00210	0.00148	0.00118	0.00115	0.00030	0.05799	0.00075	0.00059	0.00133
19	0.00195	0.00156	0.02192	0.00209	0.00245	0.02147	0.02673	0.01111	0.03038	0.01115	0.01627	0.02227	0.02392	0.02099	0.00153	0.00048	0.00104	0.73599	0.01325	0.03346
20	0.00213	0.00201	0.00336	0.88954	0.05249	0.00245	0.00306	0.00287	0.00224	0.00290	0.00198	0.00294	0.00150	0.00110	0.00110	0.00036	0.00146	0.00098	0.00050	0.02504
21	0.01194	0.00474	0.00312	0.00278	0.00338	0.76788	0.02013	0.05191	0.08684	0.01895	0.01697	0.00237	0.00179	0.00120	0.00103	0.00030	0.00181	0.00081	0.00067	0.00137
22	0.03657	0.05424	0.09177	0.01068	0.01167	0.24405	0.02907	0.12700	0.14768	0.09787	0.03242	0.08927	0.01993	0.00149	0.00109	0.00034	0.00130	0.00119	0.00086	0.00150
23	0.01570	0.00206	0.00318	0.03151	0.34753	0.00223	0.02753	0.02329	0.00228	0.04354	0.02168	0.06942	0.02228	0.06536	0.14393	0.00063	0.15390	0.00126	0.00546	0.01724
24	0.00142	0.00101	0.00129	0.00147	0.00156	0.00095	0.00098	0.00160	0.00210	0.00279	0.03166	0.67687	0.06650	0.17157	0.00216	0.00056	0.00072	0.03295	0.00097	0.00087
25	0.00282	0.00276	0.00463	0.00630	0.78577	0.03575	0.10779	0.01627	0.00260	0.01374	0.00216	0.01044	0.00180	0.00102	0.00112	0.00033	0.00139	0.00103	0.00057	0.00171
26	0.02855	0.37508	0.31336	0.01312	0.01763	0.01505	0.07013	0.01674	0.08204	0.03515	0.01393	0.00662	0.00180	0.00520	0.00097	0.00031	0.00135	0.00084	0.00059	0.00154
27	0.00149	0.00110	0.00136	0.00137	0.00159	0.00100	0.00099	0.00184	0.00267	0.00360	0.46159	0.18845	0.21576	0.07641	0.00170	0.01108	0.00062	0.02532	0.00109	0.00096

[dist]
# distance from previous block
# <min> <max>
5	10

[block]
# block no. 4 follows, 294 sequences, length 9
# corresponding to MSA columns:
# 942,943,956-962
name=unknown_E
#
# <colnr> <probs for GDERKNQSTAVLIFYWHMCP>
#	G	D	E	R	K	N	Q	S	T	A	V	L	I	F	Y	W	H	M	C	P
0	0.16749	0.02002	0.00295	0.00227	0.00309	0.00308	0.00188	0.63479	0.02050	0.08026	0.00262	0.00265	0.00188	0.00129	0.00108	0.00034	0.02282	0.00094	0.02832	0.00172
1	0.00219	0.00207	0.01949	0.72580	0.09379	0.00240	0.00291	0.03265	0.02198	0.00312	0.01924	0.03733	0.01677	0.00134	0.01414	0.00039	0.00141	0.00111	0.00057	0.00130
2	0.00153	0.00110	0.00130	0.00136	0.00151	0.00104	0.00092	0.00173	0.02143	0.00275	0.05469	0.23062	0.24944	0.30074	0.00292	0.07190	0.00080	0.05249	0.00089	0.00084
3	0.00171	0.00119	0.00134	0.00133	0.00141	0.00121	0.00082	0.01444	0.05968	0.00255	0.02388	0.04900	0.03642	0.74126	0.02173	0.00094	0.00104	0.01504	0.02421	0.00080
4	0.00158	0.00110	0.00132	0.00141	0.00151	0.00108	0.00095	0.00174	0.00195	0.00259	0.00500	0.17686	0.08859	0.50508	0.03684	0.00082	0.00100	0.14868	0.02110	0.00081
5	0.75770	0.00208	0.00176	0.00156	0.00222	0.00234	0.00126	0.03938	0.02212	0.07963	0.00220	0.06047	0.00180	0.00123	0.00079	0.00035	0.00086	0.00084	0.02014	0.00127
6	0.02941	0.00258	0.00390	0.28230	0.51910	0.05034	0.00306	0.06758	0.00265	0.02551	0.00212	0.00277	0.00168	0.00107	0.00109	0.00034	0.00137	0.00097	0.00060	0.00158
7	0.06256	0.00400	0.00296	0.00293	0.08989	0.55232	0.00206	0.03041	0.13594	0.02328	0.01849	0.03107	0.01483	0.00132	0.00105	0.00032	0.00157	0.00096	0.02264	0.00142
8	0.02227	0.06103	0.00403	0.12067	0.55108	0.04548	0.00289	0.05795	0.01829	0.10229	0.00233	0.00279	0.00182	0.00108	0.00107	0.00033	0.00130	0.00096	0.00067	0.00166

[dist]
# distance from previous block
# <min> <max>
0	1

[block]
# block no. 5 follows, 294 sequences, length 8
# corresponding to MSA columns:
# 964-971
name=unknown_F
#
# <colnr> <probs for GDERKNQSTAVLIFYWHMCP>
#	G	D	E	R	K	N	Q	S	T	A	V	L	I	F	Y	W	H	M	C	P
0	0.07884	0.00119	0.00145	0.00141	0.00168	0.00114	0.00104	0.00208	0.00286	0.00417	0.68049	0.14181	0.07300	0.00238	0.00128	0.00037	0.00057	0.00208	0.00114	0.00103
1	0.00181	0.00136	0.00183	0.00198	0.00222	0.00143	0.00167	0.00233	0.02987	0.00331	0.03511	0.08247	0.06878	0.00288	0.00164	0.00048	0.07750	0.65920	0.02307	0.00105
2	0.09469	0.00210	0.00304	0.02704	0.02424	0.00203	0.14193	0.08777	0.02045	0.41283	0.02936	0.01624	0.02239	0.00153	0.00117	0.00037	0.00111	0.10906	0.00107	0.00159
3	0.00193	0.00161	0.00240	0.07996	0.25016	0.00161	0.00184	0.00243	0.01592	0.01614	0.23977	0.19365	0.12252	0.02898	0.00142	0.00040	0.01801	0.01912	0.00090	0.00122
4	0.07064	0.00208	0.00262	0.00202	0.00288	0.00195	0.00167	0.13772	0.00338	0.75713	0.00395	0.00349	0.00252	0.00135	0.00109	0.00034	0.00098	0.00107	0.00129	0.00184
5	0.00150	0.00111	0.00140	0.00158	0.00170	0.00108	0.00108	0.00194	0.07807	0.00299	0.02773	0.72957	0.04167	0.07233	0.00170	0.00049	0.00070	0.03139	0.00102	0.00096
6	0.90666	0.00216	0.00169	0.00151	0.00220	0.00251	0.00124	0.00344	0.06300	0.00496	0.00174	0.00196	0.00134	0.00106	0.00072	0.00035	0.00086	0.00064	0.00072	0.00124
7	0.01198	0.10130	0.01350	0.27630	0.17522	0.08085	0.05362	0.04067	0.10161	0.02917	0.01992	0.03335	0.01054	0.00137	0.01484	0.00037	0.02308	0.01019	0.00067	0.00145

[dist]
# distance from previous block
# <min> <max>
3	19

[block]
# block no. 6 follows, 294 sequences, length 10
# corresponding to MSA columns:
# 994-1003
name=unknown_G
#
# <colnr> <probs for GDERKNQSTAVLIFYWHMCP>
#	G	D	E	R	K	N	Q	S	T	A	V	L	I	F	Y	W	H	M	C	P
0	0.01528	0.29890	0.20159	0.01247	0.01320	0.04813	0.01107	0.12807	0.19435	0.01819	0.00271	0.03809	0.01086	0.00126	0.00099	0.00032	0.00124	0.00097	0.00074	0.00157
1	0.00257	0.02190	0.76831	0.00303	0.00452	0.00257	0.02788	0.03445	0.03571	0.08539	0.00231	0.00255	0.00162	0.00110	0.00107	0.00035	0.00154	0.00088	0.00059	0.00167
2	0.01849	0.00172	0.00911	0.00198	0.00232	0.02883	0.04156	0.01033	0.03299	0.03160	0.12723	0.03458	0.09408	0.02162	0.27867	0.01582	0.14869	0.01041	0.02915	0.06081
3	0.02451	0.01090	0.05079	0.24408	0.21185	0.00923	0.06112	0.01315	0.00249	0.16289	0.01209	0.08015	0.00259	0.02234	0.01649	0.00041	0.03333	0.03941	0.00074	0.00145
4	0.01501	0.18353	0.20476	0.02655	0.02422	0.02139	0.03528	0.01429	0.05661	0.01181	0.01029	0.02884	0.00192	0.00108	0.00096	0.00027	0.01054	0.00828	0.00063	0.34372
5	0.44154	0.04313	0.01822	0.01090	0.02281	0.32372	0.01859	0.02960	0.02531	0.01860	0.00204	0.00229	0.02420	0.00123	0.01343	0.00034	0.00134	0.00075	0.00067	0.00130
6	0.00167	0.00119	0.00147	0.00158	0.00179	0.00114	0.00112	0.02090	0.07276	0.04024	0.07498	0.62875	0.12662	0.00303	0.00136	0.00042	0.00067	0.01818	0.00107	0.00104
7	0.02065	0.03456	0.01847	0.06190	0.03577	0.02644	0.00228	0.16482	0.00253	0.06038	0.00203	0.00273	0.00172	0.01642	0.04175	0.00894	0.48658	0.00098	0.00967	0.00138
8	0.06420	0.01227	0.02729	0.06568	0.40621	0.01579	0.07280	0.03640	0.01270	0.04578	0.02653	0.11608	0.00270	0.00769	0.00130	0.00037	0.05423	0.01559	0.00796	0.00843
9	0.00154	0.00107	0.00135	0.00146	0.00164	0.00098	0.00103	0.00183	0.00242	0.03539	0.18500	0.52224	0.17093	0.02817	0.00147	0.00043	0.00064	0.02540	0.01606	0.00097

[dist]
# distance from previous block
# <min> <max>
1	2

[block]
# block no. 7 follows, 294 sequences, length 14
# corresponding to MSA columns:
# 1006-1009,1012,1016,1018,1020-1026
name=unknown_H
#
# <colnr> <probs for GDERKNQSTAVLIFYWHMCP>
#	G	D	E	R	K	N	Q	S	T	A	V	L	I	F	Y	W	H	M	C	P
0	0.03426	0.01284	0.09886	0.06311	0.40734	0.03427	0.06867	0.05848	0.02810	0.03988	0.00837	0.00990	0.00188	0.00110	0.00112	0.00033	0.01922	0.01017	0.00065	0.10146
1	0.01002	0.01964	0.01852	0.11838	0.08182	0.02882	0.07069	0.01344	0.00213	0.00948	0.01237	0.12209	0.00812	0.10186	0.16387	0.00070	0.16066	0.02828	0.02794	0.00116
2	0.00138	0.00101	0.00130	0.00151	0.00163	0.00093	0.00104	0.00162	0.00225	0.00297	0.05976	0.74630	0.12646	0.00331	0.00140	0.00044	0.00064	0.04408	0.00104	0.00092
3	0.01837	0.02113	0.03263	0.27418	0.16940	0.03490	0.06501	0.08598	0.09554	0.03266	0.06816	0.01008	0.02408	0.00133	0.00124	0.00036	0.04563	0.00857	0.00929	0.00146
4	0.89337	0.00222	0.00173	0.00153	0.00223	0.02257	0.00126	0.02156	0.00203	0.04103	0.00168	0.00190	0.00128	0.00105	0.00072	0.00034	0.00089	0.00063	0.00072	0.00124
5	0.01075	0.11738	0.20083	0.00329	0.02511	0.14680	0.27204	0.05674	0.06271	0.02013	0.00897	0.00262	0.00175	0.00110	0.00117	0.00033	0.03561	0.00097	0.00062	0.03109
6	0.00215	0.00149	0.00186	0.07965	0.01596	0.00154	0.00137	0.05087	0.11537	0.04924	0.44642	0.00624	0.03896	0.00184	0.00116	0.00034	0.00072	0.01741	0.16616	0.00123
7	0.87535	0.00210	0.00169	0.00149	0.00218	0.00239	0.00122	0.00340	0.00199	0.07311	0.00180	0.00201	0.00136	0.00106	0.00072	0.00034	0.00086	0.00065	0.02503	0.00125
8	0.00138	0.00099	0.00131	0.00152	0.00162	0.00093	0.00103	0.00161	0.00222	0.00296	0.07696	0.81903	0.04297	0.01979	0.00148	0.00045	0.00065	0.02114	0.00104	0.00091
9	0.00144	0.00102	0.00130	0.00148	0.00157	0.00097	0.00100	0.00165	0.00212	0.00285	0.04125	0.64614	0.04858	0.15819	0.01694	0.00056	0.00076	0.04474	0.02655	0.00088
10	0.00161	0.00107	0.00122	0.00125	0.00129	0.00106	0.00075	0.00169	0.00178	0.00243	0.01715	0.08994	0.04043	0.74500	0.00466	0.00092	0.00098	0.02244	0.06358	0.00074
11	0.00293	0.00247	0.00261	0.00230	0.00295	0.00284	0.00180	0.11587	0.84176	0.00492	0.00431	0.00397	0.00322	0.00149	0.00113	0.00037	0.00092	0.00123	0.00113	0.00177
12	0.00377	0.14255	0.02921	0.02222	0.02005	0.57397	0.00216	0.11422	0.01145	0.01694	0.00189	0.00215	0.00153	0.00114	0.00101	0.00029	0.01443	0.00076	0.00064	0.03961
13	0.00239	0.00230	0.05842	0.29068	0.19818	0.01452	0.06278	0.05779	0.02271	0.03269	0.00301	0.15151	0.00281	0.01163	0.01073	0.01146	0.01837	0.03908	0.00759	0.00137

[dist]
# distance from previous block
# <min> <max>
0	28

[block]
# block no. 8 follows, 294 sequences, length 6
# corresponding to MSA columns:
# 1055,1058-1060,1075,1076
name=unknown_I
#
# <colnr> <probs for GDERKNQSTAVLIFYWHMCP>
#	G	D	E	R	K	N	Q	S	T	A	V	L	I	F	Y	W	H	M	C	P
0	0.05863	0.12290	0.12298	0.02024	0.06767	0.02649	0.00210	0.10309	0.17655	0.04139	0.00260	0.01873	0.00205	0.00115	0.00097	0.00029	0.00110	0.00090	0.00077	0.22939
1	0.01475	0.01966	0.04068	0.04619	0.22376	0.03170	0.03759	0.01371	0.02525	0.02968	0.08437	0.04763	0.02480	0.00129	0.00109	0.00029	0.02047	0.01129	0.01102	0.31478
2	0.01696	0.23167	0.29139	0.01611	0.08574	0.02368	0.05032	0.09783	0.04447	0.06517	0.01433	0.00267	0.01536	0.00114	0.00104	0.00032	0.01491	0.00089	0.00066	0.02534
3	0.00268	0.15407	0.47060	0.01727	0.05556	0.02003	0.02426	0.05754	0.02302	0.07535	0.02209	0.02119	0.01497	0.01529	0.02111	0.00037	0.00143	0.00096	0.00064	0.00157
4	0.00185	0.00131	0.00161	0.00150	0.00184	0.00124	0.00114	0.03786	0.05530	0.04685	0.61066	0.05576	0.14773	0.00232	0.00130	0.00036	0.00061	0.02845	0.00118	0.00113
5	0.00209	0.02712	0.07609	0.04248	0.08241	0.03524	0.13709	0.00274	0.05032	0.02403	0.10276	0.25410	0.10084	0.02594	0.00140	0.00040	0.01601	0.01685	0.00084	0.00124

[dist]
# distance from previous block
# <min> <max>
0	1

[block]
# block no. 9 follows, 294 sequences, length 6
# corresponding to MSA columns:
# 1078-1082,1087
name=unknown_J
#
# <colnr> <probs for GDERKNQSTAVLIFYWHMCP>
#	G	D	E	R	K	N	Q	S	T	A	V	L	I	F	Y	W	H	M	C	P
0	0.02259	0.11633	0.32917	0.11991	0.09271	0.02452	0.03344	0.12871	0.02483	0.07828	0.00228	0.00259	0.00168	0.00111	0.00104	0.00033	0.00140	0.00089	0.00066	0.01753
1	0.00201	0.02404	0.01992	0.01598	0.00202	0.00145	0.00133	0.00229	0.04623	0.06730	0.02653	0.08546	0.03144	0.10534	0.29574	0.22058	0.03110	0.01957	0.00072	0.00097
2	0.00159	0.00107	0.00125	0.00129	0.00133	0.00106	0.00078	0.00167	0.00177	0.00238	0.00416	0.12908	0.03681	0.71917	0.03346	0.00095	0.00104	0.03148	0.02890	0.00074
3	0.02125	0.11409	0.21061	0.05209	0.09509	0.08524	0.03570	0.16322	0.04273	0.10347	0.01990	0.01627	0.00207	0.00124	0.00111	0.00034	0.02030	0.01292	0.00075	0.00160
4	0.07628	0.11033	0.14289	0.01925	0.12913	0.06310	0.08633	0.18143	0.07598	0.05258	0.00238	0.00265	0.00181	0.00117	0.00112	0.00033	0.03392	0.00093	0.01681	0.00160
5	0.00182	0.00136	0.00182	0.01738	0.00199	0.01749	0.02231	0.00210	0.00198	0.03691	0.05665	0.08122	0.03085	0.28780	0.34381	0.00110	0.05922	0.03249	0.00073	0.00096

[dist]
# distance from previous block
# <min> <max>
1	3

[block]
# block no. 10 follows, 294 sequences, length 22
# corresponding to MSA columns:
# 1091-1095,1097-1113
name=unknown_K
#
# <colnr> <probs for GDERKNQSTAVLIFYWHMCP>
#	G	D	E	R	K	N	Q	S	T	A	V	L	I	F	Y	W	H	M	C	P
0	0.01308	0.03098	0.32910	0.08194	0.05135	0.00226	0.06032	0.04903	0.00262	0.06537	0.13441	0.01076	0.02382	0.00152	0.02595	0.00038	0.03290	0.00864	0.00516	0.07041
1	0.02088	0.04060	0.03316	0.01124	0.02098	0.01739	0.03593	0.06944	0.09576	0.16044	0.07702	0.03810	0.02799	0.00182	0.03564	0.00038	0.02820	0.08752	0.00736	0.19014
2	0.00295	0.67839	0.09502	0.00205	0.00299	0.01944	0.00205	0.06487	0.01247	0.03249	0.07630	0.00249	0.00222	0.00111	0.00084	0.00027	0.00118	0.00078	0.00061	0.00146
3	0.00172	0.00125	0.00162	0.00157	0.00168	0.00139	0.00110	0.02641	0.00178	0.00248	0.00315	0.00570	0.00333	0.49549	0.39321	0.00131	0.05389	0.00139	0.00064	0.00086
4	0.02642	0.00194	0.00255	0.00196	0.00281	0.00170	0.00161	0.04110	0.00315	0.81869	0.00412	0.01780	0.00268	0.00136	0.00109	0.00033	0.00094	0.00110	0.00130	0.06736
5	0.00220	0.00213	0.00334	0.82914	0.04395	0.03838	0.01068	0.00291	0.00227	0.00289	0.00211	0.00301	0.01602	0.00113	0.00113	0.00036	0.01249	0.00099	0.00051	0.02435
6	0.02708	0.00225	0.00270	0.00214	0.00954	0.00222	0.00174	0.23054	0.13008	0.48077	0.01634	0.00358	0.00266	0.00137	0.00109	0.00034	0.00099	0.01295	0.00120	0.07043
7	0.91429	0.00223	0.00175	0.00160	0.01764	0.01769	0.00128	0.02636	0.00200	0.00498	0.00159	0.00184	0.00123	0.00104	0.00071	0.00034	0.00089	0.00062	0.00069	0.00123
8	0.01407	0.03948	0.02987	0.00227	0.00285	0.33762	0.02574	0.10475	0.11217	0.05799	0.04581	0.01113	0.03534	0.13855	0.00171	0.00043	0.00136	0.00112	0.03640	0.00134
9	0.00205	0.00174	0.02095	0.06631	0.15975	0.00165	0.03866	0.00275	0.07013	0.03445	0.30082	0.06729	0.13363	0.02740	0.00135	0.00037	0.00573	0.01135	0.01133	0.04229
10	0.00471	0.00199	0.00262	0.00202	0.00285	0.00182	0.00167	0.08279	0.01351	0.80358	0.01918	0.00372	0.00276	0.00139	0.00117	0.00034	0.02384	0.00111	0.01274	0.01618
11	0.00956	0.03852	0.02726	0.01182	0.02700	0.00846	0.06343	0.12632	0.49540	0.05205	0.02328	0.00374	0.00974	0.00138	0.00112	0.00035	0.00726	0.01367	0.00099	0.07864
12	0.00576	0.02101	0.31841	0.17413	0.05364	0.01103	0.08271	0.01212	0.00234	0.02739	0.02092	0.01063	0.01653	0.07105	0.05485	0.00050	0.02277	0.07667	0.01617	0.00136
13	0.01916	0.14941	0.03048	0.02069	0.06828	0.01515	0.01009	0.06425	0.52462	0.05641	0.00357	0.00346	0.01141	0.00133	0.00105	0.00034	0.00103	0.00108	0.00094	0.01723
14	0.00155	0.00114	0.00139	0.00135	0.00156	0.00107	0.00096	0.00192	0.01043	0.00361	0.52131	0.05815	0.16205	0.20212	0.01799	0.00054	0.00885	0.00201	0.00105	0.00095
15	0.00581	0.00768	0.14366	0.01349	0.03682	0.00962	0.00754	0.09112	0.33161	0.01200	0.17602	0.02586	0.07677	0.01941	0.00126	0.00037	0.00608	0.00932	0.00097	0.02458
16	0.00138	0.00102	0.00128	0.00143	0.00159	0.00093	0.00099	0.00163	0.00233	0.00305	0.12303	0.62491	0.20537	0.02375	0.00147	0.00044	0.00062	0.00282	0.00105	0.00092
17	0.00725	0.15981	0.07953	0.01800	0.09830	0.01889	0.07241	0.03235	0.01122	0.01384	0.01782	0.00771	0.00183	0.00806	0.00740	0.00026	0.00510	0.00082	0.00063	0.43876
18	0.00322	0.00336	0.32990	0.02000	0.07314	0.00767	0.02407	0.04049	0.06042	0.30010	0.02410	0.00335	0.02260	0.00125	0.00109	0.00034	0.00123	0.00758	0.00087	0.07521
19	0.94435	0.00223	0.00167	0.00150	0.00218	0.02667	0.00123	0.00330	0.00192	0.00493	0.00155	0.00181	0.00121	0.00103	0.00070	0.00034	0.00089	0.00060	0.00068	0.00121
20	0.01237	0.03806	0.02636	0.00184	0.01617	0.00172	0.01879	0.03055	0.04848	0.03165	0.06106	0.02839	0.08080	0.00125	0.00098	0.00024	0.00790	0.00718	0.00078	0.58543
21	0.00149	0.01290	0.01618	0.00156	0.00177	0.00107	0.01223	0.00184	0.01359	0.00330	0.24479	0.56570	0.08197	0.00305	0.01593	0.00043	0.00069	0.00946	0.00105	0.01101

[dist]
# distance from previous block
# <min> <max>
1	30

[block]
# block no. 11 follows, 294 sequences, length 10
# corresponding to MSA columns:
# 1157,1158,1162-1169
name=unknown_L
#
# <colnr> <probs for GDERKNQSTAVLIFYWHMCP>
#	G	D	E	R	K	N	Q	S	T	A	V	L	I	F	Y	W	H	M	C	P
0	0.00186	0.00128	0.00153	0.00151	0.00170	0.00127	0.00105	0.08839	0.00237	0.02040	0.10052	0.18176	0.08446	0.37400	0.02221	0.03784	0.00094	0.07508	0.00090	0.00093
1	0.06115	0.00212	0.02068	0.00188	0.00268	0.00189	0.02743	0.12451	0.06938	0.10014	0.02123	0.00351	0.03847	0.08878	0.00139	0.00033	0.00094	0.00099	0.00084	0.43165
2	0.06010	0.00218	0.00290	0.00248	0.00270	0.01461	0.01352	0.01308	0.00205	0.11134	0.04992	0.01954	0.00238	0.04813	0.03633	0.00052	0.58434	0.01161	0.00068	0.02161
3	0.04602	0.01584	0.03238	0.00229	0.00305	0.06946	0.01798	0.41142	0.15270	0.08015	0.02988	0.00394	0.08931	0.00150	0.00111	0.00034	0.00111	0.01605	0.00909	0.01638
4	0.00183	0.00179	0.10711	0.00201	0.00243	0.00140	0.02860	0.02831	0.00254	0.02046	0.07026	0.21060	0.08770	0.02747	0.00150	0.00046	0.00097	0.40248	0.00096	0.00110
5	0.09046	0.06915	0.64202	0.00271	0.00396	0.00255	0.00325	0.00325	0.00228	0.00352	0.03391	0.02112	0.00209	0.03433	0.00131	0.00038	0.04446	0.03722	0.00055	0.00148
6	0.01464	0.06489	0.10415	0.01193	0.00306	0.04501	0.03212	0.02168	0.03816	0.02333	0.05332	0.00273	0.00214	0.00111	0.00117	0.00026	0.08850	0.00084	0.00067	0.49027
7	0.02455	0.04557	0.04994	0.03202	0.00363	0.02152	0.26281	0.05702	0.10436	0.01167	0.05480	0.10660	0.00312	0.04681	0.03787	0.00047	0.11977	0.01536	0.00074	0.00135
8	0.00146	0.00108	0.00148	0.08885	0.00213	0.00107	0.00118	0.00170	0.00216	0.00288	0.05982	0.70722	0.03595	0.08541	0.00174	0.00049	0.00075	0.00274	0.00096	0.00092
9	0.00218	0.00236	0.09027	0.74592	0.02694	0.00246	0.03195	0.03553	0.00235	0.00308	0.00220	0.04591	0.00176	0.00121	0.00113	0.00037	0.00146	0.00108	0.00054	0.00130

[dist]
# distance from previous block
# <min> <max>
0	1

[block]
# block no. 12 follows, 294 sequences, length 9
# corresponding to MSA columns:
# 1171,1172,1179-1185
name=unknown_M
#
# <colnr> <probs for GDERKNQSTAVLIFYWHMCP>
#	G	D	E	R	K	N	Q	S	T	A	V	L	I	F	Y	W	H	M	C	P
0	0.02420	0.01271	0.02811	0.11818	0.41741	0.03504	0.21382	0.05049	0.02083	0.04260	0.00229	0.01477	0.00182	0.00108	0.00116	0.00035	0.01182	0.00107	0.00063	0.00160
1	0.00160	0.00120	0.00167	0.00176	0.00191	0.01888	0.05168	0.00182	0.00215	0.01716	0.00541	0.76021	0.00631	0.00330	0.01615	0.05550	0.01373	0.02030	0.01832	0.00094
2	0.87265	0.00224	0.00181	0.02431	0.02453	0.02872	0.00134	0.00335	0.00198	0.02866	0.00165	0.00191	0.00127	0.00104	0.00073	0.00034	0.00092	0.00064	0.00069	0.00124
3	0.00150	0.00108	0.00144	0.00163	0.00179	0.00102	0.00122	0.00183	0.00241	0.00321	0.14532	0.52622	0.05626	0.00316	0.00143	0.00045	0.00072	0.24730	0.00106	0.00096
4	0.00244	0.01300	0.00255	0.01938	0.03125	0.00171	0.01980	0.04769	0.01669	0.01955	0.02398	0.01971	0.00200	0.00098	0.00093	0.00021	0.01428	0.00080	0.00071	0.76234
5	0.00262	0.00216	0.00232	0.00208	0.00266	0.00243	0.00162	0.03190	0.72726	0.02283	0.13280	0.00488	0.03648	0.00164	0.00115	0.00037	0.00082	0.00138	0.02095	0.00163
6	0.00285	0.03152	0.08143	0.27154	0.10805	0.00243	0.02413	0.12356	0.09833	0.12379	0.06928	0.02651	0.01911	0.00135	0.00112	0.00035	0.00120	0.00116	0.01075	0.00153
7	0.00145	0.00104	0.00137	0.00160	0.00171	0.00097	0.00112	0.00168	0.00227	0.00302	0.05828	0.77130	0.05072	0.00337	0.00144	0.00046	0.00069	0.09553	0.00105	0.00095
8	0.00279	0.06547	0.05343	0.03266	0.31201	0.12637	0.08684	0.02976	0.03842	0.03606	0.14704	0.01786	0.03376	0.00139	0.00115	0.00034	0.00130	0.01111	0.00075	0.00151

[dist]
# distance from previous block
# <min> <max>
0	20

[block]
# block no. 13 follows, 294 sequences, length 7
# corresponding to MSA columns:
# 1206-1208,1214-1217
name=unknown_N
#
# <colnr> <probs for GDERKNQSTAVLIFYWHMCP>
#	G	D	E	R	K	N	Q	S	T	A	V	L	I	F	Y	W	H	M	C	P
0	0.02225	0.07025	0.04333	0.15217	0.40614	0.16225	0.05149	0.00351	0.01703	0.01747	0.00220	0.01666	0.00186	0.00114	0.00108	0.00033	0.00145	0.02731	0.00058	0.00152
1	0.77023	0.00221	0.00208	0.00191	0.04136	0.00248	0.04064	0.05174	0.00219	0.03547	0.00192	0.00243	0.00154	0.00113	0.00080	0.00035	0.00095	0.03854	0.00073	0.00129
2	0.00215	0.01541	0.01565	0.05769	0.17404	0.00180	0.08821	0.02143	0.02628	0.04116	0.41154	0.01905	0.09614	0.00181	0.00129	0.00035	0.02214	0.00162	0.00094	0.00130
3	0.00154	0.00119	0.00143	0.00137	0.00170	0.00104	0.00101	0.00194	0.00273	0.00371	0.44817	0.15797	0.27440	0.00248	0.00128	0.00035	0.00058	0.00215	0.00108	0.09387
4	0.00233	0.00232	0.10339	0.01534	0.00272	0.03490	0.01487	0.04131	0.29457	0.00404	0.19595	0.04025	0.02529	0.01244	0.01786	0.04987	0.02791	0.06610	0.04717	0.00136
5	0.00155	0.00121	0.00141	0.00160	0.00174	0.04045	0.00111	0.00186	0.02364	0.00302	0.05219	0.72830	0.06138	0.00316	0.00137	0.00043	0.00071	0.04675	0.02716	0.00096
6	0.06756	0.08855	0.05736	0.11350	0.00323	0.04569	0.05228	0.01365	0.13542	0.03196	0.07253	0.17750	0.05565	0.02308	0.00127	0.00038	0.01009	0.03550	0.00084	0.01397

[dist]
# distance from previous block
# <min> <max>
1	15

[block]
# block no. 14 follows, 294 sequences, length 19
# corresponding to MSA columns:
# 1242-1247,1257-1269
name=unknown_O
#
# <colnr> <probs for GDERKNQSTAVLIFYWHMCP>
#	G	D	E	R	K	N	Q	S	T	A	V	L	I	F	Y	W	H	M	C	P
0	0.05376	0.44669	0.18546	0.00217	0.00322	0.03048	0.01312	0.02949	0.00242	0.05578	0.00190	0.00214	0.00154	0.00100	0.00086	0.00027	0.00826	0.00070	0.00059	0.16016
1	0.00188	0.00155	0.00210	0.00195	0.00208	0.00189	0.00957	0.00227	0.04663	0.00266	0.01529	0.00474	0.02375	0.24374	0.36022	0.00979	0.25052	0.00128	0.01710	0.00101
2	0.00693	0.04211	0.14125	0.01155	0.04772	0.02324	0.04370	0.00956	0.35914	0.02751	0.18019	0.02584	0.02749	0.02874	0.00127	0.00037	0.00103	0.00134	0.00093	0.02008
3	0.00154	0.00113	0.00145	0.00141	0.00166	0.00103	0.00105	0.00202	0.00299	0.00416	0.76324	0.08224	0.09584	0.00244	0.00133	0.00037	0.00055	0.03334	0.00118	0.00103
4	0.00213	0.00106	0.00109	0.00107	0.00134	0.00105	0.00081	0.00265	0.00237	0.02839	0.02630	0.00423	0.00303	0.00132	0.00080	0.00026	0.00053	0.00106	0.91945	0.00106
5	0.00264	0.01888	0.15744	0.16395	0.44056	0.02974	0.03592	0.03006	0.06481	0.01308	0.01949	0.00289	0.00191	0.00110	0.00113	0.00034	0.01284	0.00100	0.00060	0.00161
6	0.01240	0.03585	0.52677	0.01469	0.17080	0.00637	0.04362	0.01304	0.01600	0.06818	0.01824	0.01805	0.02148	0.01068	0.00113	0.00035	0.00143	0.00851	0.00061	0.01180
7	0.90533	0.03492	0.00183	0.01632	0.00228	0.01794	0.00127	0.00328	0.00193	0.00483	0.00156	0.00183	0.00122	0.00103	0.00070	0.00034	0.00090	0.00061	0.00068	0.00121
8	0.00281	0.30049	0.21409	0.01887	0.18588	0.01581	0.16131	0.03338	0.00876	0.03763	0.01000	0.00249	0.00168	0.00103	0.00101	0.00031	0.00143	0.00090	0.00057	0.00158
9	0.00238	0.00197	0.04432	0.05562	0.06014	0.00181	0.01044	0.02302	0.16846	0.08876	0.27315	0.01688	0.07581	0.00167	0.00119	0.00033	0.01775	0.00945	0.00098	0.14585
10	0.00136	0.00099	0.00129	0.00151	0.00161	0.00092	0.00103	0.00158	0.00220	0.00290	0.03084	0.83558	0.09208	0.00338	0.00141	0.00044	0.00064	0.01828	0.00104	0.00091
11	0.04696	0.09963	0.01319	0.00246	0.03524	0.10078	0.00193	0.17671	0.49154	0.01491	0.00335	0.00324	0.00254	0.00134	0.00105	0.00034	0.00111	0.00104	0.00096	0.00168
12	0.01384	0.00221	0.00257	0.00195	0.01245	0.00198	0.00156	0.22143	0.01839	0.12240	0.03392	0.00280	0.00216	0.00107	0.00095	0.00024	0.00093	0.00085	0.00088	0.55744
13	0.04731	0.02942	0.58747	0.08491	0.01740	0.04307	0.07973	0.00958	0.00765	0.01360	0.00199	0.00246	0.00148	0.00119	0.01233	0.00037	0.05711	0.00088	0.00051	0.00153
14	0.04129	0.00284	0.01735	0.01965	0.01485	0.00268	0.69953	0.06008	0.00992	0.10459	0.00253	0.00313	0.00186	0.00105	0.00125	0.00037	0.00166	0.01313	0.00069	0.00155
15	0.02266	0.00204	0.00253	0.00202	0.00280	0.00197	0.00164	0.08024	0.18041	0.63197	0.01637	0.00380	0.00288	0.00140	0.00110	0.00035	0.00093	0.00113	0.04196	0.00181
16	0.03467	0.01446	0.00378	0.40190	0.12494	0.03457	0.13818	0.04003	0.03576	0.10475	0.00247	0.00305	0.01387	0.00117	0.00123	0.00036	0.04166	0.00105	0.00067	0.00145
17	0.00139	0.00107	0.00127	0.00139	0.00160	0.00096	0.00098	0.00170	0.01718	0.00309	0.09588	0.47488	0.37475	0.00307	0.00136	0.00041	0.00061	0.01641	0.00105	0.00094
18	0.00150	0.00101	0.00134	0.00156	0.00166	0.00093	0.00105	0.00171	0.00219	0.03927	0.03068	0.89892	0.00726	0.00337	0.00140	0.00044	0.00065	0.00305	0.00105	0.00094

[dist]
# distance from previous block
# <min> <max>
2	63

[block]
# block no. 15 follows, 294 sequences, length 19
# corresponding to MSA columns:
# 1333-1338,1342,1349-1360
name=unknown_P
#
# <colnr> <probs for GDERKNQSTAVLIFYWHMCP>
#	G	D	E	R	K	N	Q	S	T	A	V	L	I	F	Y	W	H	M	C	P
0	0.00153	0.00108	0.00131	0.00142	0.00906	0.00106	0.00089	0.00167	0.00937	0.00254	0.01444	0.35469	0.05810	0.49650	0.01300	0.00078	0.00977	0.02115	0.00084	0.00081
1	0.60762	0.09575	0.04848	0.00631	0.01647	0.03032	0.05319	0.02447	0.00215	0.01938	0.01095	0.03244	0.00738	0.00129	0.01563	0.01336	0.00106	0.00080	0.01169	0.00127
2	0.00186	0.00187	0.07064	0.04566	0.07921	0.02200	0.00915	0.00815	0.02224	0.00328	0.16724	0.03037	0.25253	0.04330	0.12016	0.00988	0.07546	0.02160	0.01427	0.00114
3	0.00271	0.01639	0.17356	0.03627	0.22804	0.00238	0.21279	0.00359	0.04194	0.09740	0.01294	0.00332	0.01059	0.00115	0.00115	0.00034	0.01087	0.03004	0.03239	0.08213
4	0.00188	0.00142	0.00196	0.00205	0.00235	0.00828	0.03871	0.00915	0.06076	0.01442	0.01709	0.10863	0.05511	0.03309	0.00161	0.00050	0.00861	0.63231	0.00100	0.00108
5	0.00448	0.00206	0.00262	0.00204	0.00285	0.00194	0.00168	0.18164	0.02370	0.66776	0.08290	0.00406	0.00329	0.00146	0.00114	0.00034	0.00096	0.01198	0.00130	0.00181
6	0.00260	0.06223	0.40707	0.01361	0.04192	0.03281	0.05134	0.05647	0.15690	0.03570	0.07166	0.01663	0.01201	0.00132	0.00118	0.00653	0.02664	0.00107	0.00072	0.00157
7	0.00161	0.00107	0.00121	0.00122	0.00123	0.00107	0.00069	0.00161	0.00163	0.00218	0.00360	0.04281	0.00416	0.92524	0.00550	0.00105	0.00106	0.00167	0.00069	0.00068
8	0.02145	0.00260	0.02853	0.28146	0.38220	0.05619	0.02458	0.03218	0.04687	0.01710	0.00226	0.00307	0.00185	0.00825	0.01464	0.00038	0.05301	0.02130	0.00060	0.00150
9	0.00152	0.00112	0.00139	0.00141	0.00166	0.00101	0.00104	0.00191	0.00273	0.01479	0.45248	0.20634	0.23142	0.01732	0.00141	0.00040	0.00060	0.05934	0.00112	0.00099
10	0.03677	0.01892	0.06816	0.10234	0.11117	0.05152	0.11440	0.07560	0.18630	0.01656	0.07331	0.00734	0.03620	0.00147	0.01197	0.00038	0.06791	0.00598	0.00560	0.00808
11	0.00159	0.00119	0.00147	0.00149	0.00179	0.00106	0.00837	0.00193	0.00844	0.01279	0.12198	0.39237	0.21427	0.01659	0.00136	0.00040	0.00067	0.07318	0.03704	0.10203
12	0.00211	0.02404	0.07428	0.06998	0.22697	0.01012	0.04043	0.01791	0.05782	0.01234	0.07815	0.28531	0.05840	0.00212	0.01694	0.00040	0.00624	0.00667	0.00844	0.00132
13	0.06831	0.00162	0.00193	0.00173	0.02751	0.01173	0.00131	0.05259	0.00270	0.33412	0.02219	0.02676	0.02167	0.04588	0.06728	0.00755	0.00097	0.00116	0.30162	0.00138
14	0.04160	0.00153	0.00217	0.14972	0.01810	0.00171	0.01575	0.02472	0.00238	0.01214	0.16229	0.06586	0.01219	0.00332	0.18778	0.01275	0.07204	0.16543	0.04742	0.00111
15	0.00189	0.00100	0.00149	0.02035	0.00160	0.00101	0.00103	0.00151	0.00152	0.00203	0.00231	0.02758	0.02467	0.00400	0.05354	0.85128	0.00106	0.00106	0.00052	0.00055
16	0.00980	0.12626	0.08381	0.01140	0.02176	0.16583	0.02205	0.31964	0.06024	0.03809	0.01905	0.00286	0.01501	0.01213	0.00796	0.00035	0.06886	0.00603	0.00728	0.00157
17	0.00922	0.04527	0.04378	0.04682	0.24980	0.12544	0.01470	0.18065	0.01366	0.17505	0.02152	0.02943	0.00222	0.00124	0.00108	0.00033	0.00128	0.00103	0.00083	0.03664
18	0.14388	0.15466	0.25897	0.00283	0.09734	0.03761	0.03113	0.06727	0.04441	0.09212	0.01458	0.01121	0.00829	0.00116	0.00099	0.00033	0.00556	0.00744	0.00070	0.01952

[dist]
# distance from previous block
# <min> <max>
3	12

[block]
# block no. 16 follows, 294 sequences, length 6
# corresponding to MSA columns:
# 1373-1378
name=unknown_Q
#
# <colnr> <probs for GDERKNQSTAVLIFYWHMCP>
#	G	D	E	R	K	N	Q	S	T	A	V	L	I	F	Y	W	H	M	C	P
0	0.02002	0.03276	0.02141	0.02466	0.02029	0.00140	0.01961	0.02267	0.01336	0.02110	0.17241	0.26431	0.07717	0.11799	0.08062	0.00059	0.00100	0.05444	0.01429	0.01989
1	0.10294	0.08833	0.16465	0.03557	0.06803	0.06912	0.03382	0.06876	0.05339	0.09031	0.06821	0.02630	0.04372	0.01736	0.00116	0.00035	0.01375	0.01520	0.01679	0.02225
2	0.11882	0.15175	0.20312	0.03617	0.06363	0.02436	0.04342	0.05069	0.04665	0.09246	0.03073	0.03192	0.01646	0.01358	0.00113	0.00034	0.02524	0.01210	0.00072	0.03672
3	0.11724	0.11609	0.15649	0.03974	0.05810	0.06364	0.03112	0.06867	0.05319	0.05759	0.04030	0.06076	0.02832	0.00156	0.01731	0.00037	0.02630	0.03528	0.00075	0.02719
4	0.06620	0.13154	0.18178	0.02280	0.06472	0.03726	0.03933	0.04458	0.05724	0.06861	0.07076	0.08138	0.01604	0.01715	0.00116	0.01174	0.00116	0.01494	0.00076	0.07084
5	0.06761	0.08417	0.20403	0.02206	0.07920	0.03166	0.03773	0.07504	0.03354	0.09849	0.04687	0.02855	0.02026	0.00146	0.01726	0.00036	0.02282	0.03569	0.01313	0.08009

[dist]
# distance from previous block
# <min> <max>
0	282

# created by:
# /home/berkeley/.conda/envs/busco_data_prod/bin/msa2prfl.pl pipeline/OGs_align_augustus/2759/10262308.fs
