[name]
unknown

[dist]
# distance from previous block
# <min> <max>
0	114

[block]
# block no. 0 follows, 219 sequences, length 20
# corresponding to MSA columns:
# 378-380,383,390-405
name=unknown_A
#
# <colnr> <probs for GDERKNQSTAVLIFYWHMCP>
#	G	D	E	R	K	N	Q	S	T	A	V	L	I	F	Y	W	H	M	C	P
0	0.05055	0.01679	0.00250	0.00221	0.00280	0.00198	0.00172	0.04271	0.07071	0.21696	0.28791	0.17710	0.04943	0.00281	0.00160	0.00049	0.00098	0.03965	0.02940	0.00172
1	0.00219	0.00152	0.00191	0.04655	0.00230	0.00156	0.00130	0.00237	0.00245	0.02567	0.01609	0.23083	0.03136	0.54505	0.05051	0.00114	0.02551	0.00958	0.00102	0.00109
2	0.01911	0.00201	0.00219	0.00212	0.02982	0.02149	0.00156	0.08988	0.03222	0.05093	0.17441	0.04501	0.45575	0.02255	0.00175	0.00049	0.00095	0.01241	0.03383	0.00151
3	0.03711	0.46747	0.23655	0.02234	0.00439	0.01691	0.01762	0.02232	0.00313	0.04080	0.01897	0.00343	0.02591	0.02907	0.00133	0.00041	0.00165	0.00106	0.01215	0.03737
4	0.31295	0.01769	0.02485	0.02163	0.01791	0.04772	0.00176	0.03489	0.00322	0.07080	0.07022	0.12067	0.21363	0.01970	0.00149	0.00049	0.00113	0.00197	0.01572	0.00156
5	0.03536	0.01774	0.05435	0.00304	0.01055	0.03698	0.02362	0.24062	0.27161	0.08567	0.03883	0.02271	0.00375	0.00229	0.04606	0.00053	0.00153	0.02104	0.00129	0.08243
6	0.00281	0.04730	0.22801	0.00253	0.00337	0.02640	0.00854	0.01585	0.02138	0.04496	0.06399	0.08226	0.02907	0.31556	0.00349	0.01608	0.00149	0.00183	0.00095	0.08413
7	0.00342	0.09699	0.39911	0.03165	0.02832	0.05732	0.05145	0.01847	0.02455	0.07452	0.03598	0.04130	0.02546	0.00178	0.00651	0.01788	0.01126	0.00136	0.01909	0.05359
8	0.01503	0.21493	0.47521	0.00327	0.00481	0.02735	0.00375	0.02705	0.00325	0.04696	0.06965	0.00392	0.01139	0.02925	0.00839	0.00046	0.00842	0.00120	0.02369	0.02202
9	0.00292	0.00284	0.00552	0.02394	0.05415	0.00273	0.46217	0.00383	0.03043	0.02676	0.01718	0.29894	0.00488	0.01781	0.02992	0.00059	0.01022	0.00245	0.00099	0.00171
10	0.00483	0.00219	0.00282	0.00234	0.00317	0.00200	0.00187	0.02406	0.05969	0.54780	0.08134	0.09280	0.06693	0.00247	0.02119	0.00050	0.00114	0.00192	0.07887	0.00207
11	0.02276	0.15108	0.08751	0.03258	0.05141	0.01734	0.17212	0.10961	0.01516	0.18573	0.03414	0.08598	0.01904	0.00185	0.00146	0.00045	0.00164	0.00701	0.00110	0.00202
12	0.00315	0.08821	0.82406	0.00396	0.00600	0.00355	0.00502	0.00470	0.00312	0.04139	0.00269	0.00309	0.00192	0.00139	0.00135	0.00045	0.00207	0.00107	0.00066	0.00215
13	0.00188	0.00137	0.00172	0.00197	0.00215	0.00128	0.00137	0.00225	0.01633	0.00389	0.02751	0.66292	0.13327	0.04331	0.00205	0.00061	0.00088	0.06420	0.02983	0.00122
14	0.00407	0.00283	0.03799	0.49803	0.03376	0.00298	0.01074	0.03537	0.03129	0.28818	0.00371	0.00422	0.00258	0.00161	0.00153	0.00047	0.02160	0.00136	0.01571	0.00197
15	0.05104	0.08097	0.05666	0.00350	0.04973	0.01464	0.12550	0.13317	0.02757	0.32160	0.04049	0.03866	0.02040	0.00181	0.00152	0.00045	0.02297	0.00153	0.00564	0.00214
16	0.00218	0.00158	0.00225	0.00224	0.00247	0.00178	0.00169	0.00261	0.00246	0.02134	0.03623	0.06594	0.02460	0.13060	0.66785	0.00193	0.02822	0.00186	0.00089	0.00127
17	0.00187	0.00135	0.00168	0.00189	0.00206	0.00126	0.00130	0.00216	0.00289	0.00381	0.04279	0.57170	0.17088	0.11587	0.00248	0.00067	0.00091	0.04755	0.02570	0.00118
18	0.02204	0.13946	0.01343	0.03718	0.49217	0.04939	0.05911	0.09235	0.00358	0.00485	0.00297	0.03888	0.01085	0.00153	0.00148	0.00043	0.02603	0.00135	0.00081	0.00211
19	0.04778	0.04866	0.08740	0.08075	0.01520	0.07939	0.01312	0.38666	0.03881	0.04229	0.07623	0.00477	0.06889	0.00186	0.00143	0.00044	0.00159	0.00146	0.00120	0.00206

[dist]
# distance from previous block
# <min> <max>
10	51

[block]
# block no. 1 follows, 219 sequences, length 16
# corresponding to MSA columns:
# 493-495,500-506,508-513
name=unknown_B
#
# <colnr> <probs for GDERKNQSTAVLIFYWHMCP>
#	G	D	E	R	K	N	Q	S	T	A	V	L	I	F	Y	W	H	M	C	P
0	0.00330	0.21629	0.22209	0.06390	0.00463	0.01592	0.03026	0.01779	0.00303	0.05433	0.03518	0.05818	0.03626	0.01740	0.01805	0.00051	0.17663	0.00142	0.00082	0.02401
1	0.01453	0.20555	0.33163	0.00343	0.03480	0.02534	0.03546	0.04654	0.06945	0.06748	0.08472	0.02790	0.02461	0.00171	0.00138	0.00043	0.00832	0.00137	0.00094	0.01441
2	0.00384	0.35847	0.07035	0.00286	0.03870	0.04689	0.02407	0.00458	0.03235	0.16163	0.16488	0.03321	0.04864	0.00190	0.00133	0.00041	0.00140	0.00152	0.00109	0.00188
3	0.00183	0.00132	0.00173	0.00199	0.00214	0.00123	0.00137	0.00216	0.00302	0.00405	0.13599	0.73908	0.06802	0.00429	0.00184	0.00057	0.00083	0.02594	0.00139	0.00122
4	0.02209	0.02345	0.08454	0.05519	0.30757	0.00328	0.04736	0.10797	0.05555	0.15765	0.03627	0.00448	0.01205	0.02392	0.00755	0.00049	0.03622	0.01115	0.00106	0.00215
5	0.00380	0.06173	0.05240	0.03275	0.35291	0.06043	0.22893	0.06843	0.02091	0.03421	0.00310	0.00383	0.01257	0.01692	0.00163	0.00046	0.01885	0.00138	0.01629	0.00847
6	0.00183	0.00140	0.00164	0.00178	0.00208	0.00125	0.00128	0.00220	0.00318	0.00409	0.10233	0.39896	0.41116	0.00396	0.00178	0.00053	0.00080	0.03545	0.02308	0.00123
7	0.00202	0.00149	0.00178	0.00173	0.00213	0.00132	0.00129	0.00254	0.00370	0.02909	0.46393	0.09313	0.38379	0.00338	0.00173	0.00048	0.00074	0.00292	0.00149	0.00133
8	0.06117	0.09583	0.19474	0.03748	0.09243	0.01800	0.09755	0.08702	0.11207	0.06273	0.03055	0.01409	0.04344	0.00170	0.00146	0.00045	0.01847	0.00765	0.02115	0.00203
9	0.07858	0.00326	0.10225	0.00297	0.03351	0.03829	0.02187	0.08318	0.01285	0.44955	0.12108	0.00506	0.00432	0.00194	0.01248	0.00047	0.00140	0.00149	0.02330	0.00215
10	0.02039	0.00267	0.00293	0.00246	0.00322	0.00282	0.00197	0.36997	0.05305	0.09225	0.05236	0.05841	0.05378	0.00214	0.00140	0.00044	0.00116	0.02731	0.24934	0.00194
11	0.03682	0.29274	0.07664	0.02338	0.10233	0.02164	0.01838	0.10780	0.08758	0.10390	0.03445	0.00982	0.02420	0.00162	0.00138	0.00041	0.02814	0.00125	0.00100	0.02651
12	0.02118	0.03069	0.01808	0.02860	0.03577	0.07111	0.01403	0.04385	0.04036	0.11531	0.39361	0.02784	0.07650	0.04258	0.01091	0.00052	0.01149	0.01455	0.00135	0.00166
13	0.00243	0.00154	0.00176	0.00183	0.00212	0.02121	0.00130	0.00290	0.01775	0.04677	0.08659	0.38450	0.07913	0.03819	0.00187	0.02594	0.00087	0.00275	0.27923	0.00132
14	0.06007	0.00313	0.00261	0.01053	0.00290	0.26524	0.00179	0.03010	0.01852	0.00368	0.02155	0.16210	0.01862	0.14279	0.02932	0.21360	0.00946	0.00182	0.00091	0.00125
15	0.01861	0.02853	0.05338	0.03389	0.41020	0.04645	0.05584	0.15273	0.08576	0.07399	0.00331	0.00377	0.00254	0.00157	0.00810	0.00046	0.01632	0.00132	0.00098	0.00224

[dist]
# distance from previous block
# <min> <max>
3	11

[block]
# block no. 2 follows, 219 sequences, length 15
# corresponding to MSA columns:
# 562-571,573-577
name=unknown_C
#
# <colnr> <probs for GDERKNQSTAVLIFYWHMCP>
#	G	D	E	R	K	N	Q	S	T	A	V	L	I	F	Y	W	H	M	C	P
0	0.00333	0.35678	0.52830	0.00362	0.00538	0.00430	0.05072	0.00460	0.02282	0.00422	0.00249	0.00290	0.00193	0.00134	0.00124	0.00041	0.00193	0.00101	0.00064	0.00205
1	0.01022	0.00152	0.00184	0.00186	0.01219	0.00142	0.00129	0.00255	0.00318	0.03786	0.28533	0.12281	0.20588	0.25188	0.02936	0.00079	0.00105	0.02642	0.00130	0.00124
2	0.04377	0.00549	0.54431	0.00355	0.00512	0.01592	0.05022	0.03333	0.10471	0.00491	0.02288	0.02245	0.13338	0.00187	0.00146	0.00047	0.00176	0.00153	0.00089	0.00198
3	0.15575	0.00300	0.02146	0.00279	0.02388	0.02272	0.00948	0.18832	0.03881	0.23773	0.00419	0.00510	0.00328	0.00194	0.01379	0.00046	0.00137	0.09921	0.01919	0.14753
4	0.00403	0.00200	0.00259	0.00220	0.00288	0.00181	0.00172	0.02585	0.02584	0.39425	0.36175	0.03115	0.06698	0.05254	0.00192	0.00052	0.00101	0.01753	0.00162	0.00184
5	0.00219	0.00160	0.00218	0.00226	0.00249	0.00172	0.00171	0.03180	0.00275	0.00376	0.01655	0.19573	0.01688	0.15047	0.38724	0.00144	0.01403	0.16287	0.00104	0.00126
6	0.02216	0.00663	0.00412	0.00380	0.02361	0.85690	0.00282	0.03038	0.02935	0.00387	0.00240	0.00275	0.00197	0.00152	0.00132	0.00038	0.00252	0.00097	0.00079	0.00174
7	0.11407	0.02488	0.00310	0.00266	0.00332	0.02280	0.01495	0.34611	0.00432	0.01576	0.00521	0.38814	0.00541	0.00290	0.00162	0.00051	0.01741	0.02377	0.00130	0.00177
8	0.00183	0.00139	0.00167	0.00181	0.00208	0.00125	0.00128	0.00219	0.00315	0.00407	0.13405	0.42759	0.33527	0.04375	0.00204	0.00058	0.00083	0.03259	0.00137	0.00122
9	0.00198	0.00151	0.00180	0.00180	0.00216	0.00137	0.00133	0.02019	0.00361	0.00478	0.39240	0.16419	0.33301	0.02678	0.00189	0.00052	0.00079	0.03714	0.00145	0.00130
10	0.00438	0.00344	0.00407	0.00331	0.00401	0.00408	0.00271	0.50412	0.03041	0.02189	0.00323	0.00392	0.00260	0.03785	0.09006	0.00071	0.27462	0.00137	0.00115	0.00205
11	0.00194	0.00136	0.00177	0.00203	0.00221	0.00126	0.00142	0.00226	0.00296	0.02785	0.03148	0.72697	0.11669	0.00432	0.00184	0.00058	0.00088	0.06958	0.00137	0.00124
12	0.00286	0.00212	0.00246	0.00246	0.00285	0.00191	0.00175	0.02600	0.01684	0.00553	0.34540	0.28753	0.23121	0.03128	0.00228	0.00069	0.00111	0.03227	0.00171	0.00175
13	0.00235	0.00190	0.00260	0.16762	0.01248	0.01447	0.02585	0.03695	0.01253	0.01329	0.10438	0.36104	0.11283	0.07947	0.00223	0.00060	0.01658	0.03024	0.00119	0.00138
14	0.00285	0.01848	0.04967	0.00366	0.00454	0.03127	0.33848	0.02403	0.02283	0.01162	0.08869	0.08164	0.17546	0.02964	0.04022	0.01915	0.02170	0.02039	0.01406	0.00163

[dist]
# distance from previous block
# <min> <max>
5	12

[block]
# block no. 3 follows, 219 sequences, length 9
# corresponding to MSA columns:
# 603-608,617-619
name=unknown_D
#
# <colnr> <probs for GDERKNQSTAVLIFYWHMCP>
#	G	D	E	R	K	N	Q	S	T	A	V	L	I	F	Y	W	H	M	C	P
0	0.00219	0.03889	0.00224	0.00209	0.00234	0.00172	0.00149	0.00249	0.00273	0.01847	0.03562	0.46094	0.06155	0.15852	0.08374	0.00083	0.05495	0.00293	0.00114	0.06514
1	0.02569	0.00154	0.00183	0.00189	0.00222	0.00144	0.00136	0.00266	0.03593	0.03334	0.21345	0.32501	0.25360	0.05642	0.01708	0.00060	0.00090	0.02234	0.00138	0.00132
2	0.05187	0.02227	0.10807	0.02658	0.08458	0.02864	0.03746	0.11476	0.06033	0.05481	0.01986	0.07354	0.04614	0.00199	0.02096	0.00045	0.01515	0.00149	0.00103	0.23003
3	0.04118	0.00289	0.00385	0.10413	0.18787	0.03500	0.02666	0.09999	0.08517	0.08266	0.03322	0.12873	0.03875	0.00220	0.00167	0.00048	0.04398	0.03934	0.00112	0.04112
4	0.00195	0.00140	0.00165	0.00175	0.00193	0.00131	0.00117	0.00220	0.00281	0.00370	0.08218	0.29655	0.21343	0.32636	0.00371	0.00084	0.00102	0.03288	0.02206	0.00112
5	0.00312	0.00178	0.00187	0.00172	0.00220	0.00183	0.00133	0.11205	0.03690	0.03554	0.03008	0.02666	0.04467	0.00191	0.00117	0.00038	0.00083	0.00154	0.69286	0.00155
6	0.04044	0.08279	0.33390	0.02743	0.07353	0.08550	0.19302	0.05537	0.02628	0.03164	0.00292	0.02416	0.00228	0.00148	0.00146	0.00045	0.01323	0.00129	0.00079	0.00203
7	0.00395	0.00374	0.00440	0.00505	0.30778	0.21561	0.05597	0.00473	0.03929	0.09157	0.04876	0.03370	0.03576	0.00233	0.05788	0.00056	0.04692	0.00150	0.03858	0.00192
8	0.00184	0.00134	0.00172	0.00193	0.00209	0.00124	0.00132	0.00218	0.00306	0.00410	0.17977	0.65192	0.08966	0.04806	0.00208	0.00060	0.00084	0.00369	0.00138	0.00121

[dist]
# distance from previous block
# <min> <max>
5	13

[block]
# block no. 4 follows, 219 sequences, length 8
# corresponding to MSA columns:
# 644-651
name=unknown_E
#
# <colnr> <probs for GDERKNQSTAVLIFYWHMCP>
#	G	D	E	R	K	N	Q	S	T	A	V	L	I	F	Y	W	H	M	C	P
0	0.26863	0.01587	0.00333	0.22498	0.05505	0.02109	0.02073	0.06026	0.03967	0.01461	0.00374	0.09521	0.01948	0.00265	0.06568	0.01206	0.02409	0.05028	0.00095	0.00165
1	0.20898	0.00291	0.00316	0.04173	0.02247	0.03859	0.02009	0.13377	0.04377	0.13283	0.02775	0.02431	0.02963	0.04059	0.00152	0.00044	0.00131	0.00131	0.01908	0.20575
2	0.16998	0.03048	0.07650	0.00291	0.00385	0.05113	0.05484	0.16351	0.07200	0.07915	0.03968	0.08180	0.01561	0.01005	0.01990	0.00050	0.02639	0.03486	0.01733	0.04954
3	0.00224	0.00166	0.00199	0.00209	0.00238	0.01845	0.00150	0.03607	0.03796	0.02648	0.18005	0.49190	0.11640	0.02292	0.00189	0.00056	0.00092	0.05176	0.00140	0.00136
4	0.02268	0.00272	0.00401	0.32019	0.06935	0.00287	0.04051	0.07444	0.04394	0.32755	0.02526	0.00449	0.00306	0.00165	0.00145	0.00046	0.00154	0.00141	0.05037	0.00205
5	0.00209	0.00150	0.00188	0.00204	0.00228	0.00143	0.00145	0.03278	0.01942	0.02337	0.03975	0.58082	0.14831	0.04661	0.03907	0.00067	0.00104	0.05286	0.00133	0.00129
6	0.06611	0.00353	0.00477	0.26135	0.20205	0.09786	0.10114	0.13217	0.03492	0.02343	0.01948	0.01582	0.00261	0.02664	0.00160	0.00048	0.00183	0.00137	0.00089	0.00194
7	0.00261	0.00196	0.04302	0.00208	0.00262	0.00165	0.00167	0.02597	0.04155	0.10674	0.28599	0.18530	0.25435	0.00324	0.00170	0.00050	0.00092	0.03516	0.00145	0.00152

[dist]
# distance from previous block
# <min> <max>
0	10

[block]
# block no. 5 follows, 219 sequences, length 9
# corresponding to MSA columns:
# 662-670
name=unknown_F
#
# <colnr> <probs for GDERKNQSTAVLIFYWHMCP>
#	G	D	E	R	K	N	Q	S	T	A	V	L	I	F	Y	W	H	M	C	P
0	0.00181	0.00130	0.00172	0.00204	0.00216	0.00121	0.00140	0.00209	0.00285	0.00377	0.00832	0.85955	0.04901	0.00451	0.00187	0.00059	0.00087	0.05240	0.00135	0.00120
1	0.00418	0.00351	0.03619	0.03480	0.02596	0.04302	0.09231	0.32670	0.17194	0.04165	0.00376	0.01600	0.00294	0.02203	0.02051	0.11582	0.03410	0.00145	0.00115	0.00200
2	0.00443	0.00479	0.00351	0.00318	0.00389	0.47347	0.00241	0.08211	0.20596	0.02177	0.02258	0.09667	0.03973	0.02705	0.00161	0.00046	0.00189	0.00160	0.00109	0.00181
3	0.00183	0.00135	0.00169	0.00192	0.00210	0.00124	0.00132	0.00214	0.00297	0.00390	0.07874	0.62912	0.17645	0.05370	0.00212	0.00061	0.00086	0.03539	0.00135	0.00120
4	0.00208	0.00142	0.00165	0.00167	0.00173	0.00143	0.00100	0.00216	0.00224	0.00299	0.00526	0.06770	0.05165	0.76755	0.08239	0.00139	0.00155	0.00225	0.00093	0.00095
5	0.00405	0.00478	0.05872	0.00377	0.00446	0.37890	0.10214	0.02519	0.02488	0.01796	0.00306	0.00405	0.02368	0.01672	0.08874	0.00066	0.20995	0.02578	0.00080	0.00170
6	0.40425	0.00264	0.00251	0.00222	0.00297	0.01852	0.00176	0.15251	0.04345	0.04514	0.07229	0.08160	0.09926	0.01327	0.00155	0.03737	0.00115	0.01472	0.00118	0.00167
7	0.00207	0.00145	0.00188	0.00208	0.00231	0.00137	0.00150	0.00251	0.02326	0.03274	0.06856	0.57704	0.09259	0.03653	0.02899	0.00066	0.00102	0.12081	0.00135	0.00128
8	0.06153	0.25550	0.07401	0.00292	0.01943	0.03492	0.05325	0.07964	0.00338	0.03815	0.00336	0.02059	0.05441	0.00155	0.00137	0.00037	0.04415	0.00117	0.00088	0.24946

[dist]
# distance from previous block
# <min> <max>
1	3

[block]
# block no. 6 follows, 219 sequences, length 17
# corresponding to MSA columns:
# 684-694,696-701
name=unknown_G
#
# <colnr> <probs for GDERKNQSTAVLIFYWHMCP>
#	G	D	E	R	K	N	Q	S	T	A	V	L	I	F	Y	W	H	M	C	P
0	0.01159	0.13552	0.00440	0.00320	0.02232	0.19323	0.00256	0.33437	0.16511	0.03863	0.01215	0.01149	0.00885	0.00170	0.00135	0.00041	0.00166	0.00126	0.03238	0.01784
1	0.02898	0.09287	0.09619	0.04459	0.01391	0.00291	0.03096	0.09406	0.03188	0.02933	0.01835	0.01634	0.01618	0.00156	0.01005	0.00036	0.01228	0.02225	0.00094	0.43601
2	0.01314	0.01715	0.01804	0.00248	0.00296	0.02317	0.03307	0.05004	0.07697	0.07063	0.19718	0.30175	0.02889	0.03412	0.00986	0.00057	0.02975	0.08732	0.00135	0.00156
3	0.00292	0.00263	0.00422	0.76356	0.06984	0.01854	0.00378	0.01378	0.00303	0.02233	0.00297	0.04013	0.00238	0.00159	0.00145	0.00048	0.00183	0.00141	0.04145	0.00167
4	0.00258	0.00172	0.00239	0.00230	0.00260	0.00191	0.00175	0.02314	0.00263	0.08170	0.01942	0.04770	0.00421	0.13481	0.60367	0.00180	0.03768	0.00174	0.02487	0.00138
5	0.00374	0.13589	0.05402	0.04822	0.02320	0.16953	0.03859	0.01041	0.17080	0.01570	0.03838	0.00391	0.01615	0.00188	0.00222	0.00047	0.24012	0.00129	0.00088	0.02461
6	0.00219	0.00159	0.00196	0.00185	0.00226	0.00147	0.00139	0.00297	0.04678	0.03095	0.68535	0.03295	0.17665	0.00307	0.00171	0.00047	0.00074	0.00268	0.00156	0.00142
7	0.00205	0.00147	0.00200	0.00205	0.00220	0.00160	0.00145	0.00236	0.00234	0.00325	0.00473	0.14084	0.00505	0.32166	0.49835	0.00179	0.00265	0.00212	0.00090	0.00115
8	0.02671	0.02060	0.01836	0.02281	0.01734	0.00994	0.04157	0.07033	0.02303	0.01977	0.02489	0.23772	0.05022	0.04325	0.08010	0.00068	0.00683	0.07015	0.21421	0.00148
9	0.07652	0.03383	0.02113	0.00305	0.00409	0.03219	0.05113	0.30117	0.05639	0.29916	0.00410	0.00407	0.00288	0.00208	0.03856	0.00052	0.03512	0.00134	0.03044	0.00222
10	0.00199	0.00154	0.00206	0.00216	0.00247	0.00143	0.03747	0.00244	0.02085	0.00400	0.03721	0.42644	0.26263	0.00404	0.00196	0.03180	0.00098	0.15597	0.00132	0.00126
11	0.00196	0.00152	0.00179	0.00191	0.00218	0.02054	0.00136	0.00243	0.01723	0.00439	0.24896	0.44007	0.21847	0.00382	0.00177	0.00053	0.00083	0.01566	0.01330	0.00128
12	0.02056	0.03067	0.01824	0.24830	0.36520	0.02382	0.10611	0.07341	0.02512	0.04564	0.00308	0.01768	0.00246	0.00149	0.00147	0.00046	0.00182	0.01159	0.00084	0.00205
13	0.00208	0.00146	0.00181	0.00186	0.00212	0.00137	0.00132	0.00260	0.02245	0.01498	0.38709	0.27841	0.09707	0.11169	0.00238	0.00061	0.00085	0.02060	0.04797	0.00128
14	0.02117	0.00217	0.00280	0.00229	0.00314	0.00195	0.00184	0.04076	0.00402	0.54529	0.14856	0.04875	0.13352	0.00249	0.01561	0.00049	0.00111	0.00197	0.02003	0.00203
15	0.16163	0.02360	0.02229	0.15674	0.23075	0.00326	0.02916	0.09875	0.02335	0.17608	0.00347	0.00387	0.01414	0.00155	0.00142	0.00045	0.02135	0.00127	0.02479	0.00205
16	0.01936	0.03480	0.02976	0.04459	0.11816	0.07709	0.18441	0.19838	0.08558	0.04902	0.05720	0.03807	0.03183	0.00182	0.00156	0.00046	0.01298	0.01181	0.00109	0.00204

[dist]
# distance from previous block
# <min> <max>
11	16

[block]
# block no. 7 follows, 219 sequences, length 6
# corresponding to MSA columns:
# 770-775
name=unknown_H
#
# <colnr> <probs for GDERKNQSTAVLIFYWHMCP>
#	G	D	E	R	K	N	Q	S	T	A	V	L	I	F	Y	W	H	M	C	P
0	0.00377	0.02569	0.05657	0.04692	0.12963	0.15093	0.22012	0.05680	0.10167	0.02134	0.02395	0.05164	0.00311	0.00177	0.00176	0.00047	0.07300	0.01517	0.00092	0.01477
1	0.00200	0.00149	0.00187	0.00195	0.00223	0.00141	0.00141	0.00262	0.04648	0.00466	0.35882	0.36832	0.11781	0.03673	0.00198	0.00056	0.00083	0.04608	0.00144	0.00131
2	0.00350	0.18503	0.05274	0.20245	0.36083	0.02740	0.02883	0.03112	0.00326	0.00438	0.00257	0.00333	0.00211	0.00133	0.00132	0.00040	0.00175	0.00115	0.00072	0.08578
3	0.03245	0.03384	0.04760	0.08236	0.32060	0.02296	0.09086	0.15404	0.06437	0.05059	0.02444	0.02195	0.01862	0.00164	0.00146	0.00045	0.00168	0.01389	0.01409	0.00212
4	0.00269	0.00168	0.00265	0.00242	0.00264	0.00169	0.08655	0.02815	0.02641	0.00318	0.00321	0.00556	0.00315	0.04339	0.03338	0.67780	0.00148	0.07226	0.00076	0.00093
5	0.00233	0.00169	0.00194	0.00199	0.00228	0.02370	0.00142	0.02099	0.03033	0.04238	0.06453	0.28733	0.19435	0.21489	0.03145	0.00079	0.00116	0.07392	0.00126	0.00128

[dist]
# distance from previous block
# <min> <max>
2	2

[block]
# block no. 8 follows, 219 sequences, length 23
# corresponding to MSA columns:
# 782-786,796-799,808-821
name=unknown_I
#
# <colnr> <probs for GDERKNQSTAVLIFYWHMCP>
#	G	D	E	R	K	N	Q	S	T	A	V	L	I	F	Y	W	H	M	C	P
0	0.00263	0.00156	0.02490	0.02215	0.00226	0.01082	0.00146	0.00983	0.00216	0.01387	0.02327	0.01790	0.00297	0.01137	0.00504	0.79908	0.00128	0.00784	0.03881	0.00080
1	0.05809	0.14312	0.21388	0.03785	0.08270	0.23356	0.09079	0.02895	0.01156	0.00443	0.00250	0.00300	0.00199	0.00136	0.00129	0.00040	0.00200	0.00107	0.00074	0.08071
2	0.00270	0.00197	0.00234	0.00223	0.01086	0.00191	0.00166	0.10175	0.07708	0.03748	0.16459	0.29736	0.13896	0.01750	0.00174	0.00050	0.00097	0.03449	0.02227	0.08164
3	0.09360	0.25845	0.05696	0.00299	0.01679	0.08376	0.00261	0.25889	0.10187	0.01865	0.00321	0.00336	0.01819	0.00155	0.00127	0.00040	0.01095	0.00111	0.00103	0.06435
4	0.02985	0.03017	0.26414	0.04102	0.01621	0.05178	0.01326	0.03174	0.22320	0.05446	0.09988	0.02747	0.04553	0.00188	0.00144	0.00045	0.00151	0.00154	0.00109	0.06337
5	0.00358	0.16041	0.57357	0.00372	0.01670	0.00361	0.03302	0.02077	0.01801	0.11141	0.01236	0.00333	0.00225	0.00143	0.00133	0.00043	0.00189	0.00112	0.00080	0.03027
6	0.01993	0.24922	0.11031	0.03947	0.27761	0.02676	0.19078	0.02478	0.00328	0.01852	0.00266	0.00341	0.00218	0.02328	0.00149	0.00044	0.00188	0.00123	0.00073	0.00203
7	0.00338	0.00296	0.01675	0.05669	0.21277	0.01832	0.20337	0.03161	0.07038	0.07924	0.07324	0.05977	0.05817	0.00222	0.01612	0.00052	0.00164	0.07548	0.01546	0.00191
8	0.00321	0.00330	0.02536	0.38279	0.01701	0.01263	0.32515	0.02810	0.01027	0.01895	0.01480	0.00398	0.00865	0.00158	0.00199	0.00050	0.12727	0.00147	0.01120	0.00179
9	0.00376	0.04454	0.05644	0.04336	0.32930	0.09734	0.03414	0.03686	0.15856	0.05002	0.03590	0.00470	0.04327	0.01608	0.00165	0.00047	0.03168	0.00890	0.00098	0.00207
10	0.00191	0.00133	0.00170	0.00194	0.00211	0.00124	0.00135	0.00227	0.00301	0.00413	0.10400	0.67187	0.07400	0.00408	0.00177	0.00055	0.00083	0.03693	0.08374	0.00123
11	0.00199	0.00145	0.00202	0.00216	0.00231	0.00155	0.00155	0.00233	0.00253	0.00349	0.00577	0.40969	0.00643	0.10419	0.40055	0.01208	0.01907	0.01859	0.00104	0.00121
12	0.01995	0.00247	0.04318	0.55054	0.01404	0.00265	0.01778	0.00344	0.01440	0.01649	0.06245	0.18814	0.03255	0.00226	0.00158	0.00051	0.00761	0.01150	0.00691	0.00156
13	0.02492	0.02485	0.10905	0.03532	0.03047	0.03821	0.02589	0.06308	0.07322	0.15243	0.02004	0.34104	0.01710	0.00279	0.00162	0.00051	0.00827	0.02814	0.00125	0.00179
14	0.00184	0.00138	0.00171	0.00189	0.00213	0.00125	0.00134	0.00221	0.00317	0.00416	0.16528	0.52001	0.24214	0.00407	0.00181	0.00055	0.00081	0.04162	0.00140	0.00124
15	0.00404	0.00267	0.00355	0.00300	0.00351	0.00312	0.00244	0.11781	0.01449	0.24467	0.02316	0.01668	0.00326	0.03413	0.19841	0.00094	0.31966	0.00149	0.00112	0.00185
16	0.03418	0.34241	0.40127	0.01387	0.06652	0.04575	0.01408	0.03504	0.01295	0.01800	0.00250	0.00289	0.00196	0.00136	0.00122	0.00040	0.00186	0.00100	0.00070	0.00204
17	0.02924	0.00233	0.02331	0.00236	0.00320	0.00208	0.00194	0.04938	0.04726	0.44963	0.21861	0.02358	0.09654	0.01663	0.00165	0.00048	0.00110	0.02710	0.00160	0.00200
18	0.00351	0.00179	0.00244	0.00230	0.00279	0.00164	0.01748	0.00397	0.02127	0.32366	0.02293	0.48780	0.00704	0.05541	0.02421	0.00063	0.00112	0.01688	0.00147	0.00166
19	0.01297	0.02625	0.09835	0.02858	0.09128	0.02015	0.07696	0.05656	0.08643	0.07795	0.17150	0.15737	0.06564	0.01232	0.00168	0.00049	0.01034	0.00215	0.00121	0.00181
20	0.03322	0.25546	0.30531	0.01192	0.02148	0.06849	0.02136	0.05028	0.04422	0.12495	0.00884	0.01977	0.01176	0.00156	0.00134	0.00042	0.01550	0.00117	0.00090	0.00205
21	0.03457	0.01478	0.03353	0.00261	0.00350	0.05214	0.03191	0.17013	0.04861	0.28413	0.02951	0.01447	0.01529	0.00184	0.00135	0.00043	0.00128	0.01933	0.23857	0.00201
22	0.33747	0.03474	0.03792	0.04130	0.32425	0.07833	0.03922	0.03075	0.01008	0.01805	0.00249	0.00308	0.00200	0.00141	0.00135	0.00044	0.03329	0.00109	0.00082	0.00193

[dist]
# distance from previous block
# <min> <max>
1	15

[block]
# block no. 9 follows, 219 sequences, length 18
# corresponding to MSA columns:
# 844-861
name=unknown_J
#
# <colnr> <probs for GDERKNQSTAVLIFYWHMCP>
#	G	D	E	R	K	N	Q	S	T	A	V	L	I	F	Y	W	H	M	C	P
0	0.00359	0.27394	0.36720	0.00401	0.08010	0.03020	0.07297	0.03787	0.04335	0.03639	0.01507	0.01058	0.00865	0.00145	0.00133	0.00042	0.00886	0.00116	0.00077	0.00206
1	0.00376	0.07582	0.18878	0.00875	0.09020	0.05188	0.15296	0.02518	0.06339	0.13931	0.01000	0.06649	0.01228	0.01067	0.00158	0.00048	0.00735	0.06870	0.00102	0.02139
2	0.03404	0.00290	0.00361	0.00289	0.02409	0.00281	0.00231	0.23559	0.02381	0.62566	0.00501	0.00460	0.00330	0.02050	0.00157	0.00047	0.00134	0.00142	0.00165	0.00242
3	0.00319	0.00209	0.00277	0.00255	0.00304	0.01203	0.00201	0.07276	0.06589	0.14873	0.00442	0.05097	0.00383	0.00759	0.58006	0.00163	0.03208	0.00165	0.00106	0.00165
4	0.05093	0.00386	0.12339	0.04967	0.30736	0.03533	0.14238	0.05941	0.06076	0.02242	0.03209	0.05155	0.01077	0.00189	0.02443	0.00051	0.01882	0.00153	0.00089	0.00203
5	0.00252	0.00194	0.00253	0.00234	0.00268	0.01097	0.01403	0.07485	0.02690	0.01036	0.26538	0.02905	0.02161	0.12710	0.34179	0.00128	0.06016	0.00198	0.00112	0.00142
6	0.00206	0.00164	0.02042	0.00236	0.00265	0.00150	0.02905	0.00256	0.01395	0.00407	0.03488	0.49827	0.07045	0.01569	0.00195	0.00061	0.00107	0.29419	0.00132	0.00130
7	0.00195	0.00151	0.00204	0.00208	0.00238	0.00140	0.03991	0.00244	0.01872	0.00435	0.22855	0.47870	0.18173	0.00391	0.01047	0.00055	0.00090	0.01574	0.00139	0.00129
8	0.00322	0.02320	0.29447	0.16763	0.16446	0.02381	0.06953	0.07108	0.02114	0.00467	0.00329	0.09394	0.00286	0.00178	0.00162	0.00048	0.04178	0.00824	0.00081	0.00197
9	0.03298	0.00206	0.00274	0.00242	0.00307	0.00195	0.00188	0.01722	0.00351	0.46438	0.02653	0.34174	0.00588	0.00313	0.02932	0.00057	0.04610	0.01111	0.00152	0.00188
10	0.00178	0.00128	0.00168	0.00200	0.00211	0.00119	0.00134	0.00204	0.00283	0.00374	0.00846	0.89023	0.06690	0.00452	0.00185	0.00059	0.00084	0.00408	0.00136	0.00119
11	0.27647	0.01510	0.03494	0.40783	0.02201	0.00343	0.08196	0.08515	0.00983	0.03310	0.00265	0.00341	0.00198	0.00146	0.00136	0.00047	0.01506	0.00118	0.00084	0.00178
12	0.00373	0.01468	0.00337	0.04204	0.00394	0.00346	0.00232	0.14736	0.60713	0.02316	0.00537	0.05529	0.00430	0.04846	0.02821	0.00059	0.00134	0.00172	0.00139	0.00215
13	0.00206	0.00155	0.00198	0.00199	0.00225	0.00163	0.00144	0.00257	0.04151	0.00361	0.04454	0.08164	0.18540	0.22100	0.39860	0.00149	0.00225	0.00223	0.00102	0.00123
14	0.01499	0.12893	0.03299	0.00324	0.04277	0.02308	0.04723	0.13622	0.34687	0.00569	0.00389	0.00395	0.00300	0.00157	0.00132	0.00040	0.00140	0.00127	0.00112	0.20007
15	0.04354	0.03118	0.27091	0.03370	0.04172	0.02694	0.01565	0.14181	0.06933	0.15306	0.03612	0.01618	0.00302	0.00163	0.00138	0.00043	0.00161	0.00866	0.00109	0.10203
16	0.02359	0.43312	0.20246	0.00337	0.03954	0.05276	0.04306	0.08268	0.00351	0.08721	0.00269	0.00297	0.00210	0.00138	0.00120	0.00038	0.00175	0.00102	0.00082	0.01439
17	0.00416	0.14887	0.28209	0.00353	0.00487	0.27860	0.04034	0.03354	0.05720	0.05595	0.00285	0.00314	0.00218	0.00144	0.00130	0.00040	0.00201	0.00107	0.00948	0.06698

[dist]
# distance from previous block
# <min> <max>
3	9

[block]
# block no. 10 follows, 219 sequences, length 15
# corresponding to MSA columns:
# 873-877,892-899,903,904
name=unknown_K
#
# <colnr> <probs for GDERKNQSTAVLIFYWHMCP>
#	G	D	E	R	K	N	Q	S	T	A	V	L	I	F	Y	W	H	M	C	P
0	0.00609	0.00273	0.00347	0.02927	0.00395	0.02610	0.00225	0.09314	0.02718	0.74725	0.03916	0.00497	0.00381	0.00183	0.00147	0.00045	0.00131	0.00148	0.00170	0.00240
1	0.00309	0.00307	0.01989	0.54027	0.13790	0.00343	0.14693	0.03425	0.01418	0.00423	0.00281	0.02213	0.00223	0.00154	0.00170	0.00049	0.05791	0.00142	0.00072	0.00181
2	0.01989	0.20373	0.18664	0.02273	0.06898	0.02720	0.09017	0.09922	0.10057	0.05023	0.10669	0.01071	0.00371	0.00166	0.00138	0.00043	0.00165	0.00138	0.00099	0.00203
3	0.00297	0.32903	0.03659	0.00234	0.00304	0.00299	0.01370	0.00342	0.00305	0.07666	0.03852	0.37572	0.05132	0.01549	0.02074	0.00052	0.00126	0.01999	0.00110	0.00158
4	0.03136	0.00292	0.00362	0.00278	0.00391	0.00280	0.00230	0.25102	0.00484	0.67103	0.00507	0.00452	0.00326	0.00178	0.00145	0.00045	0.00134	0.00141	0.00169	0.00246
5	0.00251	0.00282	0.11264	0.01231	0.07557	0.01156	0.06575	0.00314	0.01106	0.00416	0.09292	0.34500	0.06779	0.01389	0.00232	0.00055	0.17082	0.00258	0.00106	0.00155
6	0.00309	0.02098	0.02223	0.67976	0.15300	0.03741	0.02317	0.02351	0.00311	0.00403	0.00261	0.00374	0.00201	0.00145	0.00149	0.00047	0.01421	0.00128	0.00068	0.00177
7	0.01906	0.00199	0.00246	0.00206	0.00280	0.00184	0.00164	0.00527	0.03654	0.45179	0.07168	0.02566	0.00451	0.00191	0.00132	0.00041	0.00098	0.00156	0.36459	0.00193
8	0.00180	0.00139	0.00164	0.00178	0.00207	0.00123	0.00126	0.00216	0.00320	0.00411	0.13853	0.43034	0.39731	0.00399	0.00179	0.00053	0.00078	0.00350	0.00139	0.00123
9	0.02185	0.00257	0.00373	0.07894	0.27807	0.02036	0.02179	0.02642	0.04422	0.10761	0.27050	0.05913	0.04753	0.00890	0.00160	0.00047	0.00130	0.00195	0.00121	0.00186
10	0.00438	0.05014	0.02307	0.10555	0.01080	0.06894	0.00261	0.22285	0.14924	0.17499	0.02242	0.05009	0.01551	0.01461	0.01002	0.00050	0.00972	0.06118	0.00129	0.00206
11	0.02333	0.00241	0.00311	0.00248	0.00341	0.00224	0.00201	0.07167	0.01790	0.64322	0.04469	0.03956	0.02388	0.03544	0.00173	0.00049	0.01878	0.00164	0.05981	0.00220
12	0.00178	0.00131	0.00166	0.00193	0.00208	0.00120	0.00130	0.00205	0.00286	0.00373	0.00900	0.77116	0.15627	0.03376	0.00201	0.00060	0.00085	0.00392	0.00134	0.00118
13	0.08032	0.00316	0.01390	0.09427	0.10255	0.06702	0.01702	0.17219	0.10621	0.14685	0.02246	0.11944	0.02355	0.00211	0.00148	0.00047	0.00147	0.02230	0.00123	0.00200
14	0.00391	0.28190	0.00505	0.03737	0.04219	0.09381	0.02996	0.16882	0.00372	0.03152	0.00366	0.11599	0.03553	0.00214	0.01065	0.00046	0.12901	0.00153	0.00094	0.00185

[dist]
# distance from previous block
# <min> <max>
0	2

[block]
# block no. 11 follows, 219 sequences, length 20
# corresponding to MSA columns:
# 907,908,936,938-941,954,959-970
name=unknown_L
#
# <colnr> <probs for GDERKNQSTAVLIFYWHMCP>
#	G	D	E	R	K	N	Q	S	T	A	V	L	I	F	Y	W	H	M	C	P
0	0.00336	0.01300	0.01446	0.00262	0.02415	0.06407	0.02772	0.05380	0.01022	0.00491	0.00265	0.00308	0.00218	0.00117	0.00115	0.00026	0.00128	0.00093	0.00088	0.76812
1	0.01087	0.05496	0.00430	0.01049	0.13659	0.29725	0.01089	0.10367	0.22138	0.03435	0.00357	0.00987	0.01150	0.00183	0.00171	0.03805	0.04443	0.00128	0.00102	0.00199
2	0.00320	0.00261	0.00349	0.05225	0.02065	0.00303	0.03993	0.00464	0.24287	0.07925	0.11048	0.10145	0.05307	0.00257	0.00244	0.00054	0.24652	0.02802	0.00119	0.00179
3	0.00215	0.00150	0.00181	0.00183	0.00192	0.00155	0.00117	0.00241	0.03344	0.00314	0.00485	0.07476	0.00538	0.65960	0.17190	0.00147	0.00181	0.02733	0.00093	0.00104
4	0.00282	0.33814	0.12694	0.00249	0.00334	0.00325	0.00233	0.02511	0.02900	0.00398	0.01798	0.35707	0.07666	0.00275	0.00144	0.00046	0.00129	0.00232	0.00101	0.00162
5	0.00211	0.00144	0.00174	0.00182	0.00190	0.00143	0.00119	0.00226	0.00243	0.00323	0.01998	0.12321	0.02061	0.64529	0.03435	0.00121	0.00139	0.13236	0.00102	0.00101
6	0.02979	0.39202	0.13441	0.00366	0.00499	0.05370	0.20990	0.05203	0.02556	0.03873	0.00268	0.00315	0.00214	0.00162	0.02655	0.00045	0.01473	0.00114	0.00077	0.00196
7	0.02690	0.37342	0.08797	0.00312	0.00400	0.04545	0.01138	0.01283	0.01213	0.01780	0.00226	0.00294	0.00201	0.01308	0.00762	0.00046	0.30039	0.00103	0.00070	0.07451
8	0.00178	0.00128	0.00168	0.00200	0.00211	0.00119	0.00134	0.00204	0.00283	0.00374	0.00844	0.89334	0.06380	0.00452	0.00186	0.00059	0.00084	0.00409	0.00136	0.00119
9	0.00273	0.00206	0.00265	0.11111	0.00368	0.00219	0.01563	0.01339	0.23858	0.06194	0.01868	0.42731	0.05981	0.00323	0.00169	0.00054	0.00111	0.03071	0.00133	0.00163
10	0.02066	0.03667	0.02534	0.00319	0.01537	0.02706	0.10870	0.16257	0.14537	0.25077	0.10104	0.04024	0.01590	0.00193	0.00149	0.00045	0.00142	0.00166	0.00137	0.03881
11	0.00199	0.00147	0.00188	0.02253	0.00240	0.00142	0.00146	0.04121	0.01549	0.00411	0.05444	0.74022	0.09752	0.00419	0.00181	0.00057	0.00089	0.00376	0.00136	0.00128
12	0.00357	0.23418	0.07845	0.04226	0.31544	0.00361	0.03185	0.00435	0.00317	0.04116	0.00264	0.00320	0.00217	0.00127	0.00124	0.00036	0.00158	0.00107	0.00076	0.22766
13	0.00406	0.00275	0.00322	0.00245	0.00358	0.00245	0.00197	0.15892	0.05476	0.17926	0.06259	0.00415	0.00338	0.00151	0.00128	0.00033	0.00117	0.00122	0.02487	0.48608
14	0.00205	0.00157	0.00188	0.00179	0.00220	0.00145	0.00135	0.00281	0.05009	0.00532	0.62719	0.01154	0.27909	0.00314	0.00171	0.00047	0.00073	0.00272	0.00153	0.00138
15	0.00341	0.00359	0.05531	0.09536	0.24381	0.00334	0.40795	0.01348	0.02280	0.03613	0.00342	0.03292	0.00286	0.00158	0.00164	0.00049	0.01065	0.05129	0.00797	0.00200
16	0.01471	0.00258	0.04944	0.00252	0.00332	0.02263	0.04084	0.04467	0.00353	0.44691	0.02455	0.01718	0.02993	0.28680	0.00328	0.00074	0.00141	0.00173	0.00136	0.00187
17	0.00178	0.00127	0.00169	0.00203	0.00212	0.00119	0.00136	0.00203	0.00280	0.00373	0.00805	0.94774	0.00966	0.00457	0.00186	0.00059	0.00085	0.00415	0.00136	0.00119
18	0.05102	0.01553	0.32265	0.25248	0.05266	0.03176	0.01980	0.16437	0.00376	0.06002	0.00291	0.00346	0.00210	0.00150	0.00143	0.00046	0.00997	0.00120	0.00087	0.00204
19	0.41403	0.14893	0.07014	0.02978	0.14212	0.01990	0.01420	0.01132	0.07419	0.03080	0.00264	0.00300	0.00207	0.00139	0.00112	0.00042	0.00143	0.00100	0.00087	0.03061

[dist]
# distance from previous block
# <min> <max>
0	2

[block]
# block no. 12 follows, 219 sequences, length 24
# corresponding to MSA columns:
# 978-982,984-990,996,997,1007,1008,1010-1017
name=unknown_M
#
# <colnr> <probs for GDERKNQSTAVLIFYWHMCP>
#	G	D	E	R	K	N	Q	S	T	A	V	L	I	F	Y	W	H	M	C	P
0	0.02024	0.00478	0.33549	0.00328	0.00480	0.05482	0.04073	0.07577	0.02798	0.06802	0.00295	0.00328	0.00221	0.00137	0.00134	0.00037	0.01531	0.00108	0.00089	0.33528
1	0.01173	0.03802	0.01949	0.01619	0.00303	0.04282	0.01500	0.02538	0.06808	0.01693	0.15642	0.30724	0.07885	0.00286	0.00163	0.00046	0.02074	0.00248	0.00122	0.17143
2	0.00231	0.00169	0.00208	0.00201	0.00237	0.00170	0.00152	0.00270	0.01670	0.06256	0.05077	0.12033	0.42169	0.03097	0.13496	0.05682	0.08372	0.00256	0.00120	0.00132
3	0.03008	0.00249	0.00313	0.00279	0.00295	0.02803	0.00215	0.03456	0.00251	0.03726	0.00336	0.03580	0.00348	0.30286	0.09248	0.00989	0.40231	0.00165	0.00083	0.00139
4	0.00365	0.35265	0.37145	0.00385	0.04228	0.03314	0.10646	0.00473	0.01057	0.05476	0.00263	0.00303	0.00203	0.00135	0.00126	0.00041	0.00191	0.00107	0.00071	0.00204
5	0.00180	0.00128	0.00170	0.00201	0.00210	0.00120	0.00134	0.00205	0.00281	0.00375	0.03001	0.89547	0.00961	0.03478	0.00204	0.00062	0.00086	0.00405	0.00135	0.00118
6	0.00182	0.00131	0.00175	0.01907	0.00224	0.00124	0.00139	0.00210	0.00283	0.00379	0.04998	0.84867	0.00952	0.04423	0.00208	0.00062	0.00088	0.00394	0.00133	0.00119
7	0.00357	0.05416	0.38487	0.00393	0.07935	0.05718	0.00377	0.05360	0.25999	0.03168	0.00385	0.01271	0.00300	0.01160	0.00148	0.00047	0.00175	0.02990	0.00098	0.00215
8	0.00179	0.00149	0.00157	0.00158	0.00203	0.00128	0.00117	0.00223	0.01765	0.00412	0.09258	0.09349	0.76661	0.00369	0.00173	0.00050	0.00075	0.00311	0.00138	0.00126
9	0.00227	0.00145	0.00167	0.00166	0.00171	0.00143	0.00097	0.00231	0.00227	0.03735	0.02302	0.05846	0.00564	0.84616	0.00681	0.00132	0.00137	0.00222	0.00096	0.00097
10	0.00362	0.00260	0.00277	0.00241	0.00306	0.08407	0.00188	0.10577	0.12251	0.14542	0.46672	0.00774	0.02167	0.00240	0.00158	0.00045	0.00110	0.00203	0.02039	0.00181
11	0.03853	0.00394	0.14776	0.03259	0.00457	0.00788	0.01268	0.38839	0.05954	0.21106	0.00401	0.01786	0.00288	0.00893	0.05216	0.00056	0.00170	0.00138	0.00131	0.00226
12	0.33288	0.11574	0.24140	0.01403	0.06325	0.00354	0.09244	0.01085	0.00305	0.10643	0.00273	0.00308	0.00202	0.00139	0.00121	0.00044	0.00163	0.00107	0.00087	0.00195
13	0.04796	0.12519	0.06147	0.03673	0.28479	0.06070	0.03213	0.07723	0.09797	0.01093	0.01933	0.10200	0.01584	0.00186	0.00145	0.00045	0.00997	0.01108	0.00095	0.00199
14	0.00200	0.00140	0.00185	0.02279	0.00236	0.00135	0.00144	0.00237	0.01957	0.03038	0.03825	0.73582	0.04762	0.04431	0.04051	0.00068	0.00103	0.00368	0.00132	0.00125
15	0.01130	0.24555	0.18285	0.00326	0.01238	0.00929	0.06955	0.10427	0.03760	0.23503	0.02276	0.00371	0.00274	0.00154	0.00136	0.00041	0.01420	0.00122	0.00108	0.03991
16	0.02464	0.54025	0.07345	0.00300	0.01424	0.01717	0.06108	0.07366	0.03363	0.12387	0.00293	0.00319	0.00232	0.00142	0.00116	0.00038	0.00161	0.00880	0.01118	0.00202
17	0.00206	0.00152	0.00221	0.00225	0.00246	0.00172	0.00169	0.00251	0.00239	0.00339	0.00448	0.10765	0.00452	0.09858	0.73908	0.00204	0.00331	0.01603	0.00086	0.00125
18	0.00343	0.07373	0.09972	0.01715	0.06458	0.19757	0.08464	0.02685	0.02914	0.02317	0.14050	0.09390	0.06647	0.01106	0.00166	0.00047	0.02406	0.03914	0.00103	0.00172
19	0.00386	0.36285	0.15985	0.01073	0.18358	0.04202	0.07640	0.04002	0.05952	0.04414	0.00280	0.00320	0.00223	0.00138	0.00126	0.00040	0.00177	0.00111	0.00079	0.00208
20	0.00221	0.00146	0.00169	0.00167	0.00170	0.00147	0.00097	0.01923	0.00220	0.00294	0.00442	0.00898	0.00502	0.83958	0.03384	0.06733	0.00148	0.00203	0.00087	0.00091
21	0.00284	0.00246	0.00333	0.07524	0.13348	0.06052	0.03383	0.03423	0.04328	0.02090	0.03244	0.11742	0.02137	0.02062	0.36230	0.00121	0.01038	0.00184	0.02074	0.00160
22	0.04181	0.19863	0.17301	0.01434	0.09388	0.05093	0.15638	0.11366	0.03276	0.09841	0.00304	0.00339	0.00228	0.00144	0.00138	0.00043	0.00999	0.00121	0.00091	0.00210
23	0.02767	0.01482	0.29570	0.00400	0.07247	0.17968	0.01246	0.19222	0.06769	0.07774	0.00316	0.00342	0.00233	0.00159	0.00153	0.00045	0.03876	0.00119	0.00098	0.00214

[dist]
# distance from previous block
# <min> <max>
10	55

[block]
# block no. 13 follows, 219 sequences, length 20
# corresponding to MSA columns:
# 1096-1115
name=unknown_N
#
# <colnr> <probs for GDERKNQSTAVLIFYWHMCP>
#	G	D	E	R	K	N	Q	S	T	A	V	L	I	F	Y	W	H	M	C	P
0	0.00427	0.36312	0.02077	0.01618	0.03456	0.08628	0.01009	0.26338	0.01286	0.02875	0.02321	0.06911	0.00296	0.00170	0.00126	0.00039	0.00158	0.00129	0.00766	0.05059
1	0.03267	0.05314	0.09305	0.01943	0.01840	0.04908	0.01771	0.03321	0.01576	0.06807	0.01025	0.00872	0.00231	0.00794	0.02241	0.00059	0.53031	0.00633	0.00079	0.00983
2	0.01482	0.19776	0.43800	0.00354	0.02029	0.02767	0.01650	0.07645	0.05318	0.10220	0.00318	0.02345	0.00241	0.00153	0.00132	0.00043	0.00180	0.00118	0.00088	0.01343
3	0.00348	0.08038	0.06856	0.03615	0.06835	0.01427	0.23333	0.03599	0.02624	0.10790	0.13326	0.04030	0.05142	0.02393	0.00187	0.00050	0.05170	0.01946	0.00106	0.00186
4	0.00366	0.00401	0.00289	0.00285	0.00329	0.44683	0.00207	0.00404	0.01333	0.01888	0.00525	0.41007	0.02261	0.00293	0.00157	0.00048	0.00170	0.01828	0.03381	0.00147
5	0.00275	0.04418	0.08489	0.02424	0.01229	0.04566	0.04950	0.00375	0.09902	0.02097	0.04371	0.15777	0.11239	0.01647	0.03851	0.00062	0.04470	0.18497	0.01203	0.00159
6	0.00889	0.01667	0.06001	0.38291	0.10636	0.01729	0.06218	0.01347	0.11160	0.13092	0.00345	0.00417	0.00257	0.00163	0.00168	0.00048	0.06253	0.01031	0.00093	0.00195
7	0.00361	0.00347	0.00593	0.00896	0.93959	0.00347	0.00448	0.00448	0.00332	0.00477	0.00275	0.00361	0.00231	0.00130	0.00145	0.00043	0.00173	0.00130	0.00072	0.00231
8	0.00239	0.00170	0.00228	0.00253	0.00291	0.00166	0.00218	0.01560	0.00341	0.02295	0.00853	0.03196	0.12616	0.00392	0.00196	0.00064	0.00126	0.76524	0.00136	0.00137
9	0.00286	0.00274	0.00474	0.81890	0.08086	0.00329	0.05840	0.00384	0.00298	0.00386	0.00263	0.00387	0.00199	0.00143	0.00147	0.00048	0.00196	0.00132	0.00066	0.00169
10	0.00187	0.00139	0.00180	0.00202	0.00220	0.00129	0.01101	0.01028	0.01213	0.00393	0.05637	0.72181	0.12160	0.02642	0.00196	0.00059	0.00087	0.01987	0.00135	0.00123
11	0.00178	0.00127	0.00169	0.00203	0.00212	0.00119	0.00136	0.00203	0.00280	0.00373	0.00805	0.94774	0.00966	0.00457	0.00186	0.00059	0.00085	0.00415	0.00136	0.00119
12	0.00374	0.04904	0.02324	0.00299	0.00389	0.00378	0.00241	0.05851	0.82105	0.00612	0.00555	0.00514	0.00417	0.00192	0.00146	0.00048	0.00122	0.00158	0.00142	0.00230
13	0.00196	0.00136	0.00168	0.00185	0.00193	0.00132	0.00119	0.00214	0.00258	0.00344	0.03816	0.44479	0.02554	0.41804	0.00430	0.00095	0.00111	0.04541	0.00116	0.00107
14	0.00391	0.00205	0.00269	0.00250	0.00316	0.00193	0.00207	0.02352	0.05564	0.34545	0.05966	0.08046	0.07179	0.00302	0.00173	0.00055	0.00119	0.33533	0.00154	0.00182
15	0.18704	0.07470	0.02020	0.00344	0.00459	0.00412	0.14821	0.45103	0.03836	0.02225	0.00317	0.00353	0.00238	0.00160	0.00141	0.00045	0.01576	0.01443	0.00116	0.00214
16	0.00227	0.00170	0.00207	0.00231	0.00257	0.03351	0.00176	0.01363	0.01373	0.02577	0.02163	0.48773	0.06113	0.01548	0.00193	0.00061	0.00109	0.30840	0.00134	0.00132
17	0.04574	0.00234	0.00303	0.00239	0.00336	0.00212	0.00194	0.03299	0.00401	0.69860	0.06024	0.00537	0.00416	0.03409	0.00162	0.00047	0.00117	0.00152	0.09263	0.00222
18	0.03690	0.00367	0.22790	0.00283	0.00401	0.02254	0.00277	0.04395	0.03859	0.37657	0.18800	0.00580	0.03607	0.00198	0.00148	0.00046	0.00137	0.00162	0.00139	0.00209
19	0.07490	0.05701	0.15567	0.04287	0.02834	0.13138	0.09311	0.25984	0.07425	0.03213	0.00323	0.02029	0.00248	0.00162	0.00143	0.00045	0.01101	0.00690	0.00102	0.00208

[dist]
# distance from previous block
# <min> <max>
0	4

[block]
# block no. 14 follows, 219 sequences, length 15
# corresponding to MSA columns:
# 1163-1177
name=unknown_O
#
# <colnr> <probs for GDERKNQSTAVLIFYWHMCP>
#	G	D	E	R	K	N	Q	S	T	A	V	L	I	F	Y	W	H	M	C	P
0	0.00418	0.02831	0.02545	0.09173	0.14511	0.14982	0.04532	0.24573	0.10006	0.01941	0.01303	0.00429	0.00892	0.05132	0.02941	0.00055	0.01750	0.01085	0.00701	0.00202
