[name]
unknown

[dist]
# distance from previous block
# <min> <max>
0	191

[block]
# block no. 0 follows, 287 sequences, length 11
# corresponding to MSA columns:
# 290-300
name=unknown_A
#
# <colnr> <probs for GDERKNQSTAVLIFYWHMCP>
#	G	D	E	R	K	N	Q	S	T	A	V	L	I	F	Y	W	H	M	C	P
0	0.01199	0.17888	0.02672	0.15027	0.04997	0.14006	0.01432	0.12745	0.02919	0.09152	0.01955	0.01771	0.01297	0.00134	0.01269	0.00033	0.01095	0.01028	0.01694	0.07683
1	0.02769	0.01410	0.00300	0.00231	0.01479	0.02816	0.02144	0.40303	0.03376	0.03740	0.01786	0.01748	0.00209	0.00123	0.00113	0.00029	0.03705	0.00095	0.00091	0.33532
2	0.01385	0.16182	0.25099	0.01899	0.02685	0.02401	0.10959	0.10197	0.02110	0.10819	0.01576	0.02274	0.01089	0.02144	0.01165	0.00037	0.03084	0.01832	0.00073	0.02987
3	0.00246	0.04853	0.20239	0.11365	0.07179	0.02464	0.13654	0.03125	0.05574	0.04356	0.04142	0.12252	0.04390	0.00160	0.00122	0.00037	0.01131	0.02201	0.01310	0.01199
4	0.00240	0.00149	0.00181	0.00162	0.00207	0.00141	0.00125	0.02521	0.11115	0.17929	0.42235	0.04266	0.18395	0.00218	0.00127	0.00037	0.00069	0.00187	0.01566	0.00131
5	0.00190	0.00128	0.00162	0.00160	0.00186	0.00125	0.00117	0.04426	0.02709	0.06090	0.32592	0.35161	0.06475	0.03366	0.04300	0.00048	0.01256	0.00230	0.02167	0.00111
6	0.00281	0.09131	0.18488	0.10656	0.17186	0.01765	0.10968	0.06730	0.03391	0.07454	0.00269	0.03721	0.01435	0.00147	0.02476	0.00039	0.03680	0.01318	0.00707	0.00157
7	0.00190	0.00874	0.00197	0.01046	0.03044	0.02242	0.02466	0.00233	0.03842	0.03923	0.12930	0.37612	0.08789	0.02502	0.08633	0.00998	0.07525	0.01522	0.01322	0.00110
8	0.48586	0.00218	0.00213	0.00180	0.00247	0.00239	0.00145	0.16802	0.03599	0.14419	0.01713	0.00277	0.00196	0.01408	0.03046	0.08294	0.00103	0.00087	0.00089	0.00140
9	0.01752	0.03510	0.20658	0.04203	0.09750	0.01489	0.26853	0.03554	0.05001	0.02473	0.02078	0.09541	0.00974	0.01327	0.02635	0.00042	0.01184	0.00956	0.00965	0.01054
10	0.01515	0.02484	0.13832	0.07266	0.08420	0.02327	0.14685	0.04816	0.03599	0.06064	0.05698	0.10043	0.01948	0.02096	0.02370	0.00041	0.03663	0.01546	0.01161	0.06426

[dist]
# distance from previous block
# <min> <max>
4	31

[block]
# block no. 1 follows, 287 sequences, length 7
# corresponding to MSA columns:
# 349-354,369
name=unknown_B
#
# <colnr> <probs for GDERKNQSTAVLIFYWHMCP>
#	G	D	E	R	K	N	Q	S	T	A	V	L	I	F	Y	W	H	M	C	P
0	0.02069	0.02070	0.02229	0.08141	0.22101	0.03035	0.02979	0.10291	0.04302	0.03275	0.02569	0.23337	0.04237	0.00185	0.00120	0.00037	0.00110	0.02241	0.00084	0.06589
1	0.05621	0.08005	0.15759	0.05193	0.01404	0.02768	0.02237	0.11129	0.02198	0.02527	0.00347	0.23912	0.02055	0.02042	0.02353	0.00042	0.04006	0.01705	0.00079	0.06618
2	0.35705	0.08177	0.08666	0.03555	0.04240	0.00281	0.03282	0.14029	0.12180	0.03888	0.00260	0.00276	0.02589	0.00121	0.00095	0.00034	0.00110	0.00090	0.00080	0.02342
3	0.03365	0.28667	0.08042	0.06058	0.01235	0.02969	0.05958	0.06616	0.03313	0.05721	0.01306	0.02444	0.05659	0.00135	0.01250	0.00032	0.02931	0.00099	0.00070	0.14132
4	0.00267	0.21680	0.52593	0.00286	0.01872	0.02353	0.03683	0.01862	0.00247	0.05512	0.00220	0.02471	0.00173	0.01636	0.00114	0.00034	0.02049	0.00089	0.00057	0.02799
5	0.04119	0.01231	0.05719	0.10397	0.05369	0.01347	0.07454	0.04314	0.04358	0.04901	0.13688	0.14373	0.07339	0.02850	0.05582	0.00049	0.03502	0.01985	0.01295	0.00129
6	0.00204	0.00119	0.00158	0.00158	0.00165	0.02996	0.00108	0.00179	0.00170	0.03423	0.00265	0.08578	0.00270	0.06609	0.11407	0.64815	0.00124	0.00125	0.00060	0.00068

[dist]
# distance from previous block
# <min> <max>
5	10

[block]
# block no. 2 follows, 287 sequences, length 8
# corresponding to MSA columns:
# 387-394
name=unknown_C
#
# <colnr> <probs for GDERKNQSTAVLIFYWHMCP>
#	G	D	E	R	K	N	Q	S	T	A	V	L	I	F	Y	W	H	M	C	P
0	0.00175	0.00140	0.00178	0.01956	0.02091	0.02217	0.03818	0.01225	0.03076	0.02075	0.20250	0.27623	0.24856	0.04995	0.02097	0.00046	0.00082	0.02890	0.00103	0.00107
1	0.04615	0.00218	0.01703	0.04637	0.00322	0.00205	0.01892	0.15566	0.00343	0.63804	0.01813	0.02218	0.00272	0.00141	0.00113	0.00035	0.00104	0.00115	0.01704	0.00181
2	0.02630	0.00183	0.00228	0.00184	0.00254	0.00171	0.00149	0.08847	0.02384	0.57601	0.00419	0.05169	0.00297	0.00149	0.00107	0.00034	0.00088	0.00121	0.20819	0.00168
3	0.00165	0.00113	0.00147	0.00162	0.00182	0.00104	0.00116	0.00193	0.00232	0.04410	0.03173	0.65241	0.07274	0.00331	0.02499	0.00047	0.00077	0.09202	0.01758	0.04573
4	0.00269	0.48020	0.07252	0.18225	0.02085	0.00346	0.02748	0.04694	0.00244	0.00307	0.00234	0.02396	0.02717	0.00132	0.00113	0.01673	0.04183	0.04165	0.00058	0.00140
5	0.00244	0.00174	0.01235	0.01446	0.00230	0.01502	0.01022	0.02865	0.26315	0.07187	0.07868	0.10502	0.03422	0.01192	0.05892	0.00045	0.01198	0.02167	0.25360	0.00134
6	0.44643	0.01353	0.01255	0.04991	0.01924	0.11902	0.05827	0.08074	0.00253	0.06439	0.00209	0.00255	0.00165	0.03772	0.01939	0.00040	0.04071	0.00084	0.01078	0.01726
7	0.00289	0.31539	0.04122	0.19084	0.05644	0.13625	0.10039	0.02046	0.01302	0.01876	0.00228	0.02469	0.01533	0.00121	0.00106	0.00032	0.01907	0.01625	0.02270	0.00142

[dist]
# distance from previous block
# <min> <max>
9	19

[block]
# block no. 3 follows, 287 sequences, length 7
# corresponding to MSA columns:
# 442,444-446,463,466,467
name=unknown_D
#
# <colnr> <probs for GDERKNQSTAVLIFYWHMCP>
#	G	D	E	R	K	N	Q	S	T	A	V	L	I	F	Y	W	H	M	C	P
0	0.00141	0.00104	0.00132	0.00152	0.00166	0.00095	0.00105	0.00165	0.00231	0.00302	0.05099	0.72523	0.16171	0.00338	0.00143	0.00045	0.00065	0.03823	0.00106	0.00094
1	0.01904	0.04588	0.10321	0.10998	0.17146	0.02501	0.05267	0.07540	0.08113	0.06377	0.03905	0.03778	0.06258	0.00161	0.01511	0.00039	0.05912	0.02544	0.00987	0.00151
2	0.01725	0.06945	0.11662	0.09241	0.16482	0.03027	0.05105	0.17917	0.03404	0.13615	0.00321	0.01444	0.06044	0.00141	0.01193	0.00037	0.01339	0.00111	0.00082	0.00164
3	0.01413	0.00252	0.03780	0.29609	0.21614	0.01970	0.16955	0.04542	0.02163	0.01861	0.00270	0.04651	0.02956	0.00160	0.04257	0.00044	0.03172	0.00121	0.00063	0.00146
4	0.00168	0.00116	0.00133	0.00133	0.00139	0.00118	0.00080	0.00186	0.04282	0.00241	0.00407	0.05037	0.04651	0.78083	0.05684	0.00105	0.00116	0.00172	0.00074	0.00078
5	0.24001	0.02036	0.02301	0.03964	0.02105	0.02375	0.01324	0.07298	0.01769	0.02016	0.00208	0.01435	0.00169	0.00104	0.00093	0.00026	0.01757	0.00077	0.00072	0.46869
6	0.20833	0.15824	0.07375	0.05050	0.08182	0.05965	0.01964	0.04921	0.07595	0.04653	0.01376	0.03117	0.01325	0.02655	0.00127	0.00037	0.06115	0.00995	0.00072	0.01818

[dist]
# distance from previous block
# <min> <max>
2	41

[block]
# block no. 4 follows, 287 sequences, length 15
# corresponding to MSA columns:
# 514-522,524-529
name=unknown_E
#
# <colnr> <probs for GDERKNQSTAVLIFYWHMCP>
#	G	D	E	R	K	N	Q	S	T	A	V	L	I	F	Y	W	H	M	C	P
0	0.00220	0.00206	0.00342	0.88009	0.03608	0.00255	0.00311	0.01871	0.00232	0.00299	0.00204	0.00303	0.00155	0.00127	0.01688	0.00040	0.01848	0.00101	0.00052	0.00129
1	0.01011	0.00126	0.00158	0.00150	0.00180	0.00120	0.00113	0.01030	0.04889	0.02541	0.68782	0.05205	0.09029	0.02215	0.01128	0.00040	0.00063	0.02989	0.00119	0.00111
2	0.06738	0.02811	0.03511	0.09461	0.16767	0.03512	0.07264	0.01193	0.02409	0.05974	0.06987	0.06610	0.03146	0.02318	0.02040	0.00044	0.00758	0.18240	0.00082	0.00135
3	0.07666	0.00196	0.00284	0.35797	0.10039	0.00212	0.00227	0.02686	0.02170	0.21751	0.04497	0.04828	0.03032	0.00149	0.00909	0.00038	0.00116	0.00738	0.03859	0.00807
4	0.00141	0.00100	0.00134	0.00158	0.00165	0.00095	0.00106	0.00160	0.00215	0.00287	0.00605	0.88420	0.00722	0.02775	0.02189	0.01737	0.00073	0.01723	0.00103	0.00091
5	0.00661	0.00860	0.14196	0.13839	0.12164	0.02274	0.14217	0.03865	0.10427	0.03455	0.03218	0.05551	0.02900	0.01623	0.05544	0.00499	0.03240	0.00744	0.00577	0.00147
6	0.76037	0.00215	0.01292	0.00158	0.00227	0.00237	0.00130	0.01532	0.01752	0.10258	0.00212	0.01220	0.00166	0.04338	0.00100	0.00038	0.00090	0.00077	0.01792	0.00130
7	0.00173	0.00131	0.01432	0.01616	0.00222	0.00123	0.01146	0.00218	0.01177	0.01895	0.03139	0.28068	0.11044	0.00308	0.00148	0.00048	0.00089	0.48815	0.00104	0.00104
8	0.01361	0.00152	0.00928	0.16698	0.03923	0.00161	0.02956	0.02354	0.00937	0.02917	0.03978	0.19434	0.05530	0.04865	0.26688	0.02942	0.00159	0.00914	0.02992	0.00111
9	0.00210	0.03095	0.09320	0.02286	0.10974	0.01243	0.07058	0.00261	0.01765	0.03461	0.00402	0.29984	0.02603	0.08380	0.08547	0.00059	0.05738	0.02398	0.02091	0.00123
10	0.00237	0.00576	0.91229	0.00321	0.00486	0.00268	0.00411	0.04525	0.00253	0.00376	0.00207	0.00241	0.00146	0.00109	0.00108	0.00036	0.00166	0.00085	0.00051	0.00169
11	0.02341	0.00204	0.00269	0.00213	0.01454	0.00188	0.01331	0.10072	0.01084	0.74854	0.01479	0.00389	0.00282	0.00887	0.00761	0.00037	0.00101	0.01145	0.02726	0.00185
12	0.01532	0.03064	0.09619	0.07925	0.11291	0.01097	0.11630	0.04431	0.09991	0.04245	0.10023	0.09085	0.03722	0.01317	0.00963	0.00040	0.01079	0.05065	0.03741	0.00143
13	0.35973	0.04215	0.17248	0.00218	0.01070	0.02380	0.02574	0.04755	0.00262	0.27395	0.00266	0.01848	0.00190	0.00121	0.00096	0.00035	0.00113	0.00090	0.00996	0.00156
14	0.00283	0.20188	0.16857	0.15023	0.14645	0.05371	0.03249	0.08184	0.02083	0.02994	0.00954	0.03657	0.00885	0.00128	0.00693	0.00557	0.01153	0.00099	0.00558	0.02440

[dist]
# distance from previous block
# <min> <max>
5	10

[block]
# block no. 5 follows, 287 sequences, length 8
# corresponding to MSA columns:
# 562,563,565,567,568,570,575,576
name=unknown_F
#
# <colnr> <probs for GDERKNQSTAVLIFYWHMCP>
#	G	D	E	R	K	N	Q	S	T	A	V	L	I	F	Y	W	H	M	C	P
0	0.04285	0.04800	0.09252	0.01030	0.01799	0.01173	0.01127	0.02039	0.02824	0.08832	0.16512	0.10948	0.14219	0.08467	0.05072	0.01048	0.04011	0.02350	0.00092	0.00122
1	0.00173	0.00126	0.00185	0.00183	0.00205	0.00144	0.00142	0.00212	0.00191	0.03212	0.00347	0.05567	0.03061	0.00770	0.82162	0.00163	0.02851	0.00135	0.00067	0.00104
2	0.01672	0.23023	0.19324	0.02811	0.12368	0.12859	0.04326	0.04967	0.05707	0.03666	0.01385	0.03311	0.02553	0.00126	0.00107	0.00033	0.01445	0.00099	0.00066	0.00154
3	0.02550	0.07642	0.18117	0.08790	0.11967	0.05699	0.10401	0.12189	0.06179	0.10686	0.02413	0.01286	0.00213	0.00122	0.00114	0.00035	0.01253	0.00104	0.00076	0.00163
4	0.00195	0.00151	0.01340	0.01532	0.02147	0.02292	0.04019	0.00239	0.02981	0.08258	0.06339	0.18389	0.41643	0.01372	0.00142	0.01386	0.00080	0.05762	0.01621	0.00112
5	0.00153	0.00120	0.01732	0.01656	0.00189	0.00109	0.00119	0.01814	0.02577	0.00310	0.02249	0.76972	0.06951	0.00326	0.00141	0.00044	0.00071	0.01968	0.00103	0.02396
6	0.04766	0.07663	0.31172	0.04134	0.11995	0.01643	0.13703	0.05445	0.02792	0.08993	0.02067	0.01489	0.01140	0.01510	0.00119	0.00036	0.00998	0.00104	0.00068	0.00161
7	0.02367	0.18456	0.28119	0.03562	0.10315	0.03463	0.03173	0.05865	0.02084	0.12436	0.05852	0.02222	0.01353	0.00126	0.00106	0.00033	0.00132	0.00102	0.00073	0.00160

[dist]
# distance from previous block
# <min> <max>
0	2

[block]
# block no. 6 follows, 287 sequences, length 18
# corresponding to MSA columns:
# 596-598,605,606,625-637
name=unknown_G
#
# <colnr> <probs for GDERKNQSTAVLIFYWHMCP>
#	G	D	E	R	K	N	Q	S	T	A	V	L	I	F	Y	W	H	M	C	P
0	0.01815	0.56512	0.05352	0.01621	0.01281	0.18867	0.00803	0.02420	0.02364	0.02714	0.00188	0.00223	0.00163	0.02368	0.01256	0.00032	0.01746	0.00073	0.00057	0.00144
1	0.02050	0.03016	0.25693	0.00226	0.01286	0.01333	0.00223	0.08491	0.00267	0.05373	0.00240	0.04901	0.00197	0.00113	0.00098	0.00027	0.00113	0.00090	0.00071	0.46192
2	0.04002	0.01736	0.01194	0.00218	0.00285	0.03599	0.00740	0.13666	0.38341	0.18575	0.02455	0.05295	0.01815	0.01332	0.00124	0.00038	0.01749	0.00939	0.03730	0.00167
3	0.00380	0.18279	0.00370	0.00268	0.00333	0.63795	0.01841	0.05077	0.00305	0.00301	0.01456	0.01495	0.00175	0.01239	0.02133	0.00034	0.02240	0.00081	0.00061	0.00135
4	0.01335	0.01600	0.01328	0.00220	0.01364	0.00184	0.08711	0.05610	0.12970	0.11890	0.15363	0.07627	0.08193	0.01594	0.00137	0.00040	0.00880	0.16161	0.00105	0.04686
5	0.03063	0.00768	0.00220	0.01377	0.00251	0.01051	0.01135	0.02196	0.03980	0.26474	0.11159	0.07142	0.06720	0.05170	0.01063	0.00039	0.00722	0.05402	0.00104	0.21964
6	0.00265	0.00144	0.00180	0.00159	0.00208	0.00128	0.00124	0.01733	0.01387	0.28580	0.26018	0.08128	0.24962	0.01234	0.00132	0.00038	0.00072	0.02324	0.01629	0.02557
7	0.00234	0.00177	0.00262	0.27685	0.01527	0.00201	0.02662	0.05444	0.03980	0.06519	0.03418	0.11451	0.02908	0.01122	0.04110	0.11749	0.08302	0.08054	0.00078	0.00120
8	0.00274	0.00263	0.00445	0.10674	0.79841	0.00269	0.02288	0.00353	0.03810	0.00367	0.00222	0.00289	0.00183	0.00104	0.00113	0.00034	0.00136	0.00103	0.00058	0.00174
9	0.00217	0.00207	0.00355	0.91592	0.00775	0.00254	0.04427	0.00294	0.00229	0.00294	0.00203	0.00303	0.00152	0.00113	0.00115	0.00038	0.00153	0.00102	0.00051	0.00127
10	0.00227	0.00212	0.01594	0.23960	0.24445	0.00219	0.10728	0.04393	0.00775	0.00342	0.02361	0.14369	0.05656	0.03466	0.02173	0.00734	0.01105	0.03035	0.00071	0.00136
11	0.00178	0.00130	0.00940	0.00140	0.00178	0.00116	0.00108	0.02901	0.00951	0.05590	0.41357	0.01765	0.41237	0.00261	0.02377	0.00040	0.00067	0.00209	0.01343	0.00110
12	0.03126	0.00223	0.00264	0.00212	0.01000	0.03776	0.00171	0.15670	0.04996	0.57772	0.04037	0.00382	0.00293	0.00144	0.00115	0.00035	0.01162	0.00833	0.05611	0.00179
13	0.00167	0.00120	0.00152	0.04307	0.00203	0.00113	0.00120	0.01101	0.00861	0.04144	0.14087	0.38881	0.24727	0.01099	0.00142	0.00043	0.00071	0.08636	0.00923	0.00103
14	0.00218	0.00171	0.03888	0.03783	0.01187	0.03722	0.01405	0.02881	0.00241	0.10547	0.01725	0.49108	0.01145	0.03749	0.06125	0.00054	0.05669	0.02856	0.01411	0.00116
15	0.00968	0.00239	0.02465	0.17878	0.52143	0.00241	0.01998	0.03820	0.00262	0.01824	0.04916	0.03255	0.05495	0.00138	0.00126	0.02405	0.00915	0.00121	0.00634	0.00155
16	0.06014	0.02009	0.01377	0.03538	0.00333	0.00957	0.03377	0.35318	0.07137	0.31969	0.00343	0.03902	0.00247	0.00143	0.00117	0.00036	0.01744	0.00114	0.01149	0.00177
17	0.00264	0.01207	0.04800	0.07754	0.06240	0.04818	0.28184	0.07105	0.01519	0.06440	0.01510	0.15641	0.03081	0.00173	0.00127	0.00039	0.00136	0.08122	0.00931	0.01911

[dist]
# distance from previous block
# <min> <max>
1	34

[block]
# block no. 7 follows, 287 sequences, length 16
# corresponding to MSA columns:
# 673-683,694-697,699
name=unknown_H
#
# <colnr> <probs for GDERKNQSTAVLIFYWHMCP>
#	G	D	E	R	K	N	Q	S	T	A	V	L	I	F	Y	W	H	M	C	P
0	0.06303	0.17958	0.35570	0.06094	0.10057	0.04324	0.04518	0.02838	0.01237	0.04009	0.01601	0.02194	0.00708	0.00117	0.00108	0.00034	0.02021	0.00093	0.00060	0.00156
1	0.03295	0.00199	0.02349	0.01310	0.00289	0.00172	0.00169	0.02025	0.01302	0.79439	0.02692	0.02426	0.01091	0.00148	0.00114	0.00035	0.00096	0.00873	0.01790	0.00183
2	0.00165	0.00124	0.00138	0.01467	0.00177	0.00110	0.00102	0.00207	0.02891	0.04989	0.18776	0.02371	0.63503	0.02296	0.00143	0.00040	0.00063	0.02224	0.00110	0.00105
3	0.02697	0.03702	0.27856	0.07814	0.09311	0.06741	0.08499	0.08813	0.10447	0.08603	0.01931	0.01092	0.01257	0.00124	0.00113	0.00035	0.00623	0.00104	0.00075	0.00163
4	0.02176	0.01140	0.21727	0.04329	0.03287	0.01193	0.02377	0.06654	0.03338	0.28725	0.05997	0.08615	0.00325	0.00172	0.01296	0.02068	0.01417	0.02823	0.02184	0.00157
5	0.00145	0.00102	0.00133	0.00156	0.00167	0.00094	0.00106	0.00167	0.00222	0.01612	0.00648	0.86639	0.05848	0.00345	0.00143	0.00045	0.00066	0.01702	0.01563	0.00094
6	0.00846	0.01267	0.07913	0.03163	0.02264	0.35936	0.00201	0.06620	0.07898	0.02119	0.19845	0.03234	0.05580	0.00162	0.00117	0.00034	0.00968	0.00627	0.01069	0.00136
7	0.01623	0.07091	0.24305	0.03361	0.21908	0.01029	0.04749	0.07814	0.09099	0.11253	0.01735	0.01794	0.00743	0.00130	0.00757	0.00036	0.01347	0.00980	0.00076	0.00168
8	0.00172	0.00136	0.00199	0.00192	0.00213	0.00151	0.04357	0.00216	0.03595	0.00280	0.00395	0.17870	0.03133	0.10549	0.50227	0.00124	0.05364	0.02651	0.00073	0.00103
9	0.00155	0.00112	0.00157	0.00170	0.00185	0.00105	0.03503	0.00185	0.01532	0.02425	0.07876	0.80077	0.02429	0.00328	0.00143	0.00045	0.00070	0.00298	0.00106	0.00099
10	0.01017	0.40445	0.27775	0.01855	0.09463	0.03576	0.04219	0.01123	0.00245	0.01259	0.04424	0.00255	0.00195	0.00119	0.00108	0.03493	0.00138	0.00084	0.00055	0.00150
11	0.01436	0.02999	0.03146	0.01497	0.03353	0.01901	0.11459	0.07620	0.21412	0.07624	0.06139	0.03526	0.11753	0.02873	0.08779	0.00053	0.03148	0.01045	0.00093	0.00145
12	0.00230	0.00174	0.00188	0.00171	0.00197	0.04179	0.00120	0.15320	0.05498	0.01380	0.05313	0.01424	0.00377	0.49632	0.12207	0.00891	0.01634	0.00145	0.00814	0.00106
13	0.02427	0.07878	0.00256	0.00201	0.01146	0.00179	0.04303	0.03020	0.00251	0.02379	0.09391	0.01702	0.00400	0.01240	0.16292	0.00059	0.00133	0.22637	0.00082	0.26023
14	0.07631	0.00269	0.03683	0.00821	0.00309	0.08240	0.04543	0.13769	0.31847	0.14205	0.06214	0.02326	0.01577	0.00148	0.00114	0.00036	0.00798	0.00121	0.02544	0.00804
15	0.00306	0.88280	0.04095	0.00204	0.00302	0.04682	0.00204	0.00346	0.00235	0.00271	0.00160	0.00185	0.00146	0.00099	0.00076	0.00025	0.00127	0.00062	0.00049	0.00146

[dist]
# distance from previous block
# <min> <max>
0	14

[block]
# block no. 8 follows, 287 sequences, length 16
# corresponding to MSA columns:
# 714-727,730,732
name=unknown_I
#
# <colnr> <probs for GDERKNQSTAVLIFYWHMCP>
#	G	D	E	R	K	N	Q	S	T	A	V	L	I	F	Y	W	H	M	C	P
0	0.02264	0.00210	0.03940	0.01128	0.01205	0.00196	0.09970	0.07262	0.05669	0.24840	0.10747	0.06778	0.05342	0.07590	0.02486	0.00046	0.05191	0.00145	0.00100	0.04891
1	0.02951	0.08225	0.65355	0.02307	0.00447	0.00283	0.01736	0.10007	0.01850	0.03195	0.00218	0.00247	0.00157	0.00111	0.00105	0.00034	0.00152	0.00086	0.00060	0.02475
2	0.14296	0.00208	0.00250	0.00198	0.00279	0.00202	0.00162	0.09756	0.06376	0.60927	0.03649	0.00374	0.01440	0.00141	0.00109	0.00035	0.00095	0.00111	0.01216	0.00177
3	0.00195	0.00100	0.00151	0.00151	0.00152	0.00102	0.00102	0.00152	0.00151	0.00202	0.00205	0.00353	0.00204	0.00428	0.07371	0.89665	0.00114	0.00100	0.00050	0.00053
4	0.00748	0.00231	0.05779	0.11225	0.02877	0.01691	0.06000	0.15706	0.04656	0.11138	0.06251	0.13522	0.01821	0.02330	0.00150	0.00040	0.06679	0.05352	0.03662	0.00143
5	0.01242	0.00495	0.71017	0.02335	0.00475	0.00254	0.10203	0.01712	0.00247	0.01970	0.00243	0.04519	0.00195	0.00127	0.00117	0.00037	0.01224	0.03372	0.00056	0.00160
6	0.00153	0.00107	0.00147	0.00167	0.00179	0.00100	0.01603	0.00177	0.00226	0.02711	0.02473	0.83088	0.02041	0.00341	0.00144	0.00046	0.00071	0.06023	0.00106	0.00097
7	0.08262	0.00211	0.00258	0.00204	0.00282	0.00205	0.01767	0.19154	0.01557	0.52845	0.01349	0.04047	0.00964	0.00147	0.00110	0.00035	0.00098	0.00804	0.07526	0.00174
8	0.03634	0.31233	0.30156	0.02700	0.04367	0.10460	0.01448	0.08560	0.00273	0.03998	0.00205	0.01272	0.00162	0.00112	0.00099	0.00032	0.00990	0.00082	0.00061	0.00157
9	0.00168	0.00121	0.00149	0.00163	0.00183	0.00117	0.00116	0.00221	0.09420	0.03272	0.02733	0.59977	0.13870	0.00323	0.01898	0.01145	0.00074	0.04771	0.01175	0.00105
10	0.00183	0.01432	0.00211	0.02336	0.00229	0.01123	0.00158	0.00223	0.00188	0.01339	0.00285	0.00414	0.00263	0.00720	0.77122	0.00155	0.11029	0.00117	0.02369	0.00107
11	0.00213	0.00838	0.00193	0.00179	0.00215	0.00137	0.04704	0.02454	0.02990	0.12136	0.05316	0.27625	0.19417	0.04099	0.07531	0.00055	0.01214	0.06925	0.03643	0.00116
12	0.01548	0.03938	0.15100	0.05190	0.00870	0.08471	0.08054	0.32024	0.02270	0.07723	0.02209	0.07824	0.00708	0.00865	0.00121	0.00036	0.01287	0.00623	0.00975	0.00161
13	0.01286	0.01480	0.18541	0.03067	0.00364	0.04358	0.21103	0.01505	0.01973	0.04069	0.03853	0.14547	0.03513	0.00948	0.00598	0.00040	0.00931	0.08134	0.09556	0.00134
14	0.40065	0.01148	0.04364	0.01900	0.01115	0.09954	0.09862	0.06068	0.00243	0.04058	0.00216	0.02992	0.00181	0.01518	0.01334	0.00040	0.11131	0.01205	0.02470	0.00134
15	0.00266	0.21060	0.02345	0.04009	0.04277	0.08932	0.07615	0.04147	0.01107	0.04625	0.00363	0.12114	0.00937	0.01220	0.00127	0.00038	0.01793	0.21143	0.03751	0.00132

[dist]
# distance from previous block
# <min> <max>
2	190

[block]
# block no. 9 follows, 287 sequences, length 16
# corresponding to MSA columns:
# 923-932,934-939
name=unknown_J
#
# <colnr> <probs for GDERKNQSTAVLIFYWHMCP>
#	G	D	E	R	K	N	Q	S	T	A	V	L	I	F	Y	W	H	M	C	P
0	0.02032	0.03565	0.03733	0.07100	0.17816	0.02527	0.38824	0.05859	0.00268	0.03040	0.00249	0.05708	0.00210	0.01319	0.01684	0.00040	0.04367	0.00125	0.00065	0.01469
1	0.02659	0.00214	0.00283	0.00217	0.00304	0.00200	0.03418	0.14015	0.01486	0.73221	0.00408	0.00364	0.00262	0.00138	0.00113	0.00035	0.00103	0.00112	0.02260	0.00188
2	0.00958	0.00169	0.04229	0.01011	0.01186	0.00142	0.01205	0.03618	0.00283	0.32053	0.08428	0.27093	0.17093	0.00232	0.00128	0.00039	0.00083	0.01025	0.00887	0.00137
3	0.00199	0.00160	0.00231	0.01628	0.03483	0.00169	0.10892	0.03044	0.05195	0.00279	0.00324	0.00584	0.00337	0.57082	0.11521	0.00098	0.04460	0.00147	0.00069	0.00099
4	0.01244	0.00153	0.00173	0.00150	0.00197	0.00155	0.00119	0.10839	0.01809	0.18789	0.00395	0.00417	0.03530	0.00157	0.02204	0.00034	0.02129	0.00112	0.57261	0.00134
5	0.00184	0.00115	0.00155	0.00164	0.00183	0.00112	0.00118	0.00209	0.00222	0.08851	0.03071	0.49691	0.03383	0.05098	0.17934	0.04192	0.00118	0.04491	0.01609	0.00101
6	0.02408	0.02035	0.66952	0.00305	0.00449	0.03124	0.02908	0.13242	0.01586	0.05611	0.00228	0.00254	0.00161	0.00114	0.00108	0.00035	0.00156	0.00089	0.00064	0.00170
7	0.00235	0.03359	0.73493	0.00320	0.00455	0.00285	0.02919	0.00344	0.00229	0.00342	0.00194	0.00242	0.00146	0.00123	0.00154	0.00038	0.16828	0.00087	0.00049	0.00159
8	0.00187	0.00117	0.00153	0.00156	0.00181	0.00107	0.00114	0.00223	0.00268	0.09878	0.32509	0.43080	0.05509	0.00282	0.00137	0.00041	0.00066	0.04552	0.02332	0.00109
9	0.00152	0.00115	0.00146	0.00159	0.00181	0.00107	0.01066	0.00187	0.01520	0.00318	0.08758	0.42107	0.22960	0.03635	0.00158	0.00047	0.00073	0.18107	0.00105	0.00098
10	0.00155	0.00109	0.00144	0.00163	0.00178	0.00103	0.00117	0.00187	0.01398	0.01833	0.12529	0.64387	0.05224	0.00326	0.00144	0.00045	0.00070	0.12681	0.00109	0.00099
11	0.01678	0.00159	0.00190	0.00184	0.00217	0.00990	0.01440	0.09458	0.10931	0.03892	0.06521	0.38661	0.11912	0.02481	0.01928	0.00046	0.03372	0.04690	0.01130	0.00120
12	0.01030	0.01606	0.04480	0.01426	0.02579	0.19254	0.17865	0.10592	0.05816	0.17964	0.07760	0.02861	0.00302	0.00669	0.00125	0.00037	0.01382	0.02189	0.01906	0.00157
13	0.00254	0.00230	0.04574	0.00192	0.01741	0.00176	0.00158	0.06685	0.03110	0.01654	0.00218	0.00247	0.00176	0.00092	0.00089	0.00020	0.00092	0.00073	0.00072	0.80147
14	0.01686	0.00303	0.00369	0.00308	0.02121	0.19594	0.19272	0.06283	0.07568	0.04211	0.00761	0.02852	0.03221	0.01215	0.02463	0.02173	0.23574	0.01816	0.00071	0.00139
15	0.01496	0.09215	0.03039	0.00243	0.00314	0.40953	0.00197	0.09188	0.00897	0.21785	0.04485	0.00310	0.02210	0.00775	0.00112	0.00032	0.01667	0.00096	0.02835	0.00151

[dist]
# distance from previous block
# <min> <max>
2	8

[block]
# block no. 10 follows, 287 sequences, length 6
# corresponding to MSA columns:
# 948-953
name=unknown_K
#
# <colnr> <probs for GDERKNQSTAVLIFYWHMCP>
#	G	D	E	R	K	N	Q	S	T	A	V	L	I	F	Y	W	H	M	C	P
0	0.00229	0.00195	0.00272	0.04753	0.00275	0.00248	0.02332	0.01853	0.00213	0.02679	0.07686	0.03614	0.03233	0.02763	0.07134	0.00055	0.48786	0.00125	0.13436	0.00119
1	0.00273	0.03000	0.07009	0.02353	0.00310	0.00183	0.14525	0.01797	0.06162	0.21993	0.07105	0.26224	0.04376	0.00204	0.00126	0.00039	0.00104	0.01660	0.02415	0.00141
2	0.01581	0.00248	0.03353	0.38203	0.09586	0.01559	0.21594	0.02032	0.04047	0.05935	0.02320	0.03079	0.00219	0.00128	0.00131	0.00038	0.04325	0.01410	0.00066	0.00144
3	0.00192	0.00133	0.00172	0.00171	0.00193	0.02162	0.00129	0.00228	0.00216	0.05886	0.06401	0.15516	0.02416	0.09323	0.40209	0.00106	0.03358	0.04259	0.08825	0.00105
4	0.21276	0.00199	0.00243	0.00191	0.00275	0.00186	0.00158	0.00506	0.00297	0.74918	0.00386	0.00343	0.00247	0.00133	0.00105	0.00035	0.00095	0.00103	0.00126	0.00178
5	0.03167	0.16141	0.63846	0.04207	0.00449	0.00292	0.02538	0.02516	0.02824	0.00356	0.00215	0.02577	0.00166	0.00114	0.00103	0.00034	0.00152	0.00089	0.00054	0.00160

[dist]
# distance from previous block
# <min> <max>
7	68

[block]
# block no. 11 follows, 287 sequences, length 16
# corresponding to MSA columns:
# 1032-1047
name=unknown_L
#
# <colnr> <probs for GDERKNQSTAVLIFYWHMCP>
#	G	D	E	R	K	N	Q	S	T	A	V	L	I	F	Y	W	H	M	C	P
0	0.00164	0.00126	0.01321	0.01058	0.01635	0.01342	0.00123	0.00194	0.00230	0.02257	0.09852	0.48709	0.08895	0.06070	0.10613	0.00762	0.01279	0.04351	0.00919	0.00100
1	0.00966	0.03936	0.24353	0.07243	0.02860	0.01531	0.07251	0.06479	0.04758	0.08203	0.05239	0.03767	0.05400	0.00141	0.00121	0.00664	0.02987	0.00116	0.01469	0.12515
2	0.00936	0.05299	0.09475	0.02018	0.03160	0.01663	0.04950	0.01752	0.07180	0.02240	0.06570	0.40117	0.07486	0.00259	0.02210	0.00044	0.01279	0.03146	0.00092	0.00122
3	0.02476	0.00225	0.00279	0.00215	0.00302	0.00217	0.00177	0.25473	0.00376	0.66656	0.00395	0.00353	0.00255	0.00139	0.00113	0.00035	0.00103	0.00110	0.01911	0.00190
4	0.00202	0.00166	0.00257	0.35427	0.09220	0.00183	0.00888	0.01141	0.01018	0.02609	0.08867	0.20334	0.05318	0.00765	0.04557	0.01913	0.00828	0.05378	0.00810	0.00119
5	0.01152	0.01549	0.00408	0.17480	0.57028	0.00266	0.02401	0.07164	0.02527	0.03318	0.01894	0.00317	0.01076	0.00120	0.00789	0.00036	0.00740	0.00930	0.00636	0.00166
6	0.01532	0.00194	0.05272	0.12698	0.00322	0.00861	0.00876	0.03837	0.02562	0.02811	0.00280	0.00422	0.00254	0.03310	0.43143	0.01303	0.15135	0.05004	0.00065	0.00119
7	0.00163	0.00116	0.00153	0.00155	0.00165	0.00125	0.00107	0.00184	0.00178	0.00246	0.00348	0.04394	0.00371	0.45179	0.45499	0.00141	0.00200	0.02121	0.00067	0.00086
8	0.00344	0.00173	0.00209	0.00178	0.00234	0.00168	0.00139	0.14955	0.02244	0.35591	0.00431	0.17069	0.00357	0.02264	0.00121	0.00036	0.00085	0.00148	0.25106	0.00150
9	0.01079	0.00250	0.02591	0.33423	0.02510	0.01866	0.22699	0.09652	0.02615	0.08807	0.01966	0.02316	0.02050	0.01965	0.00142	0.00039	0.04995	0.00819	0.00073	0.00146
10	0.01423	0.00221	0.00263	0.00210	0.00285	0.00222	0.00170	0.29051	0.07388	0.41356	0.13931	0.00429	0.01554	0.00155	0.00116	0.00035	0.00097	0.00126	0.02794	0.00176
11	0.00163	0.00115	0.00138	0.00143	0.00169	0.00105	0.00104	0.00202	0.02175	0.03621	0.18777	0.32757	0.30472	0.00296	0.02213	0.00043	0.00068	0.02230	0.06106	0.00103
12	0.00256	0.13429	0.43248	0.07535	0.16387	0.01426	0.03022	0.01983	0.02258	0.02353	0.03314	0.01486	0.00200	0.00126	0.01403	0.00036	0.01223	0.00096	0.00058	0.00160
13	0.02138	0.00120	0.00153	0.00171	0.00188	0.01450	0.01436	0.00191	0.01506	0.00308	0.02221	0.63311	0.05243	0.02978	0.01081	0.00049	0.00080	0.17176	0.00102	0.00098
14	0.00312	0.07711	0.01103	0.01292	0.01831	0.22017	0.03349	0.13331	0.10437	0.02423	0.03768	0.02489	0.00267	0.00137	0.00106	0.00031	0.02133	0.00106	0.27015	0.00140
15	0.10378	0.26663	0.08321	0.03178	0.04638	0.12890	0.02791	0.04354	0.02953	0.06856	0.00220	0.01546	0.00177	0.00111	0.00093	0.00029	0.00127	0.00082	0.01914	0.12678

[dist]
# distance from previous block
# <min> <max>
4	31

[block]
# block no. 12 follows, 287 sequences, length 6
# corresponding to MSA columns:
# 1096-1101
name=unknown_M
#
# <colnr> <probs for GDERKNQSTAVLIFYWHMCP>
#	G	D	E	R	K	N	Q	S	T	A	V	L	I	F	Y	W	H	M	C	P
0	0.15365	0.00202	0.00243	0.00193	0.00272	0.00194	0.00158	0.08824	0.03100	0.59901	0.07142	0.00381	0.00308	0.00142	0.00108	0.00035	0.00093	0.00112	0.03056	0.00173
1	0.00189	0.00122	0.00170	0.00180	0.01677	0.00119	0.01548	0.01610	0.00226	0.08311	0.02413	0.57542	0.02455	0.02523	0.09751	0.07423	0.01519	0.02023	0.00097	0.00103
2	0.00181	0.00127	0.00171	0.00169	0.00187	0.01617	0.01583	0.00208	0.01618	0.01879	0.02893	0.07420	0.02199	0.17964	0.41970	0.11950	0.00188	0.04025	0.03558	0.00093
3	0.80746	0.00221	0.00185	0.00163	0.00233	0.00252	0.00135	0.07082	0.00227	0.05299	0.00201	0.00250	0.00160	0.00119	0.00080	0.00036	0.00092	0.04309	0.00079	0.00131
4	0.00163	0.00113	0.00140	0.00152	0.00172	0.00104	0.00107	0.00198	0.02444	0.04092	0.12780	0.52699	0.17571	0.02977	0.00151	0.00044	0.00067	0.03441	0.02485	0.00101
5	0.00200	0.00168	0.01543	0.05076	0.24937	0.00164	0.01478	0.00242	0.00233	0.01610	0.05439	0.20277	0.10459	0.09794	0.07529	0.01742	0.01410	0.01875	0.05703	0.00120

[dist]
# distance from previous block
# <min> <max>
12	89

[block]
# block no. 13 follows, 287 sequences, length 21
# corresponding to MSA columns:
# 1214,1216-1228,1234-1240
name=unknown_N
#
# <colnr> <probs for GDERKNQSTAVLIFYWHMCP>
#	G	D	E	R	K	N	Q	S	T	A	V	L	I	F	Y	W	H	M	C	P
0	0.00907	0.02589	0.03866	0.08275	0.24461	0.00214	0.05140	0.03824	0.02466	0.05779	0.02342	0.08480	0.04090	0.01284	0.00825	0.00034	0.01384	0.00878	0.00075	0.23087
1	0.03941	0.15092	0.11853	0.02437	0.07899	0.05986	0.02015	0.15307	0.08673	0.03822	0.05660	0.05318	0.01863	0.00851	0.00945	0.00036	0.00122	0.03179	0.00082	0.04919
2	0.01154	0.06266	0.07085	0.06055	0.24197	0.00752	0.03796	0.06109	0.08014	0.06425	0.05818	0.07458	0.03063	0.00881	0.00120	0.00035	0.01346	0.02074	0.02809	0.06543
3	0.03554	0.05378	0.18543	0.05425	0.30490	0.03615	0.06949	0.05412	0.02091	0.08844	0.03849	0.01556	0.00220	0.00117	0.00110	0.00034	0.00136	0.00103	0.00070	0.03503
4	0.01368	0.15751	0.13742	0.05132	0.07851	0.04615	0.01404	0.05035	0.16084	0.04929	0.05848	0.05359	0.04735	0.00159	0.00947	0.00037	0.03577	0.02022	0.00080	0.01324
5	0.01922	0.04339	0.00990	0.00216	0.02153	0.23439	0.02026	0.06515	0.01602	0.05766	0.18283	0.19484	0.06390	0.00960	0.01427	0.00038	0.01021	0.00166	0.01370	0.01892
6	0.02320	0.05001	0.18551	0.04876	0.08376	0.02575	0.10583	0.09229	0.04526	0.07142	0.03455	0.04658	0.04218	0.00955	0.00830	0.00038	0.01522	0.07323	0.00079	0.03740
7	0.01178	0.06734	0.17005	0.11391	0.27691	0.04394	0.02870	0.07775	0.00832	0.10677	0.01059	0.03984	0.01646	0.00133	0.00745	0.00036	0.00137	0.01481	0.00072	0.00162
8	0.00149	0.00113	0.01213	0.02071	0.00188	0.00108	0.00120	0.00179	0.00222	0.00301	0.05576	0.61271	0.05690	0.01119	0.15187	0.00067	0.00107	0.03890	0.02331	0.00097
9	0.02737	0.14247	0.02402	0.03151	0.02271	0.16134	0.05315	0.05478	0.01710	0.23052	0.03369	0.05852	0.01540	0.02351	0.01346	0.00038	0.06350	0.00817	0.00086	0.01755
10	0.01825	0.01931	0.22765	0.06171	0.09102	0.01907	0.06540	0.13948	0.04719	0.13356	0.02638	0.08873	0.01366	0.01060	0.00678	0.00038	0.00130	0.01563	0.00084	0.01306
11	0.00909	0.00122	0.00173	0.03142	0.03243	0.00122	0.01419	0.00841	0.01429	0.01444	0.04509	0.35420	0.03324	0.04220	0.01327	0.30086	0.01254	0.06846	0.00083	0.00088
12	0.03692	0.00200	0.00265	0.00214	0.02183	0.00186	0.02357	0.08352	0.02731	0.66483	0.06024	0.02393	0.01762	0.00150	0.00114	0.00035	0.00097	0.00124	0.02461	0.00179
13	0.05371	0.00225	0.03046	0.03300	0.06343	0.00223	0.03157	0.07808	0.26588	0.26039	0.05158	0.06429	0.04175	0.00163	0.00117	0.00037	0.00100	0.01445	0.00109	0.00165
14	0.04043	0.09040	0.23939	0.06635	0.13128	0.03766	0.07401	0.12056	0.07126	0.06756	0.00817	0.01259	0.01422	0.00123	0.00112	0.00035	0.01145	0.00962	0.00073	0.00163
15	0.01924	0.00247	0.03246	0.16174	0.20683	0.02385	0.23994	0.01939	0.01502	0.09293	0.01925	0.09670	0.00269	0.00147	0.00129	0.02083	0.00138	0.02727	0.01376	0.00148
16	0.00144	0.00105	0.00131	0.00148	0.00164	0.00095	0.00102	0.00166	0.00231	0.01345	0.03525	0.65579	0.23875	0.00334	0.00149	0.02280	0.00065	0.01363	0.00105	0.00094
17	0.01795	0.00857	0.08243	0.07858	0.06606	0.10163	0.05989	0.08150	0.06839	0.10302	0.05724	0.15840	0.05951	0.00194	0.01996	0.00040	0.01264	0.01955	0.00089	0.00143
18	0.02620	0.08373	0.16887	0.12676	0.17408	0.04697	0.05730	0.04412	0.04389	0.11185	0.02220	0.03981	0.01124	0.01373	0.00497	0.00037	0.02052	0.00110	0.00072	0.00157
19	0.03192	0.05689	0.02715	0.05932	0.07577	0.00847	0.02262	0.02621	0.03472	0.17922	0.06494	0.11115	0.22714	0.00981	0.00128	0.00038	0.01134	0.03970	0.01061	0.00135
20	0.02363	0.00145	0.01410	0.00179	0.00209	0.01142	0.00140	0.00251	0.06630	0.04701	0.11498	0.03272	0.04738	0.04842	0.56826	0.00127	0.01193	0.00142	0.00079	0.00112

[dist]
# distance from previous block
# <min> <max>
2	747

# created by:
# /home/berkeley/.conda/envs/busco_data_prod/bin/msa2prfl.pl pipeline/OGs_align_augustus/2759/124397.fs
