[name]
unknown

[dist]
# distance from previous block
# <min> <max>
0	321

[block]
# block no. 0 follows, 225 sequences, length 16
# corresponding to MSA columns:
# 558-573
name=unknown_A
#
# <colnr> <probs for GDERKNQSTAVLIFYWHMCP>
#	G	D	E	R	K	N	Q	S	T	A	V	L	I	F	Y	W	H	M	C	P
0	0.01737	0.29730	0.01741	0.01780	0.25564	0.06061	0.01492	0.07255	0.03866	0.03505	0.00281	0.00348	0.00237	0.00141	0.00125	0.00037	0.01111	0.02955	0.00083	0.11951
1	0.00228	0.00145	0.00171	0.00169	0.00177	0.00144	0.00103	0.00236	0.00223	0.04904	0.00467	0.03226	0.00518	0.79305	0.06700	0.00135	0.00151	0.02805	0.00092	0.00099
2	0.00371	0.18513	0.01258	0.00258	0.00335	0.16253	0.00212	0.11926	0.06833	0.06982	0.09551	0.07223	0.16128	0.00225	0.00149	0.00043	0.02615	0.00838	0.00114	0.00174
3	0.00341	0.00218	0.00263	0.00225	0.00293	0.00213	0.00176	0.09022	0.14805	0.17752	0.41888	0.03226	0.04183	0.00238	0.00154	0.00044	0.00095	0.00204	0.00151	0.06508
4	0.01118	0.12555	0.05758	0.11527	0.37749	0.05200	0.03074	0.02087	0.04285	0.10579	0.00311	0.02688	0.00250	0.00149	0.00142	0.00043	0.02067	0.00128	0.00085	0.00205
5	0.00358	0.50498	0.27449	0.01967	0.00470	0.02427	0.05825	0.02203	0.02633	0.02958	0.00265	0.00298	0.01826	0.00135	0.00115	0.00037	0.00174	0.00100	0.00070	0.00193
6	0.00201	0.00139	0.00168	0.00173	0.00180	0.00141	0.00108	0.00213	0.00224	0.00301	0.00524	0.12843	0.04918	0.61953	0.15678	0.01653	0.00167	0.00227	0.00092	0.00098
7	0.00187	0.00144	0.00170	0.00167	0.00204	0.00128	0.00124	0.00237	0.00355	0.00469	0.44943	0.07346	0.39219	0.03234	0.00187	0.00050	0.00074	0.02494	0.00142	0.00126
8	0.07298	0.09784	0.58307	0.00349	0.00521	0.01763	0.00410	0.07997	0.00339	0.11532	0.00288	0.00313	0.00204	0.00142	0.00129	0.00043	0.00183	0.00106	0.00083	0.00209
9	0.10713	0.01740	0.02865	0.18263	0.04260	0.07134	0.08204	0.25055	0.07549	0.11435	0.00343	0.00373	0.01125	0.00156	0.00137	0.00044	0.00166	0.00128	0.00108	0.00202
10	0.00190	0.00136	0.00173	0.00195	0.00214	0.00127	0.00136	0.00230	0.02558	0.01964	0.06494	0.69052	0.11536	0.01387	0.00183	0.00056	0.00084	0.03857	0.01304	0.00123
11	0.00496	0.00318	0.00359	0.00288	0.00385	0.00339	0.00235	0.47843	0.13756	0.21164	0.03526	0.00491	0.00362	0.00189	0.00144	0.00044	0.00134	0.04342	0.05360	0.00225
12	0.02071	0.18627	0.32975	0.01654	0.03951	0.02068	0.01890	0.11485	0.00324	0.02181	0.01127	0.00332	0.00219	0.00218	0.01479	0.17459	0.01576	0.00110	0.00075	0.00178
13	0.05033	0.04948	0.06940	0.25846	0.18824	0.11332	0.04674	0.12446	0.05603	0.01383	0.00281	0.00344	0.00217	0.00143	0.00136	0.00043	0.00181	0.00120	0.00083	0.01423
14	0.00918	0.04525	0.01308	0.01271	0.00324	0.04667	0.02484	0.03348	0.16684	0.19802	0.02459	0.33451	0.04139	0.00281	0.00164	0.00050	0.02295	0.01523	0.00133	0.00176
15	0.00228	0.01320	0.00227	0.00199	0.00257	0.01163	0.02897	0.02892	0.03330	0.01223	0.23279	0.13472	0.32199	0.01065	0.00163	0.00045	0.00091	0.01653	0.00129	0.14169

[dist]
# distance from previous block
# <min> <max>
1	16

[block]
# block no. 1 follows, 225 sequences, length 14
# corresponding to MSA columns:
# 689-691,694-701,709-711
name=unknown_B
#
# <colnr> <probs for GDERKNQSTAVLIFYWHMCP>
#	G	D	E	R	K	N	Q	S	T	A	V	L	I	F	Y	W	H	M	C	P
0	0.20371	0.05468	0.19649	0.01179	0.09267	0.06567	0.12623	0.05769	0.03419	0.01887	0.04074	0.01018	0.00254	0.00144	0.00130	0.00042	0.00725	0.00118	0.00085	0.07212
1	0.02322	0.03988	0.07483	0.00282	0.00390	0.03419	0.04598	0.03329	0.01448	0.45138	0.04377	0.00472	0.02342	0.00175	0.00156	0.00042	0.05322	0.02032	0.00131	0.12555
2	0.00204	0.00138	0.00162	0.00167	0.00170	0.00138	0.00100	0.00213	0.00225	0.00302	0.03637	0.11066	0.00596	0.75657	0.03484	0.00127	0.00137	0.03288	0.00095	0.00094
3	0.00390	0.74333	0.05248	0.03443	0.00413	0.09787	0.01679	0.02638	0.00311	0.00358	0.00210	0.00245	0.00185	0.00127	0.00101	0.00033	0.00168	0.00083	0.00064	0.00183
4	0.00310	0.00256	0.00310	0.00249	0.05476	0.00201	0.00185	0.01783	0.00310	0.03477	0.03353	0.00331	0.00254	0.00116	0.00111	0.00024	0.00109	0.00095	0.00090	0.82959
5	0.02590	0.07119	0.01185	0.08783	0.58554	0.00341	0.06996	0.01018	0.01610	0.00451	0.02267	0.02079	0.01016	0.00151	0.00148	0.00044	0.02096	0.03270	0.00076	0.00203
6	0.01711	0.00272	0.00351	0.16536	0.05699	0.00252	0.01616	0.09906	0.03048	0.00494	0.00290	0.03515	0.00242	0.00134	0.00122	0.00032	0.00130	0.00113	0.00089	0.55448
7	0.00199	0.00144	0.00188	0.00200	0.00209	0.00146	0.01332	0.00221	0.00247	0.00333	0.00598	0.40661	0.00693	0.36805	0.07405	0.00102	0.03190	0.07111	0.00107	0.00109
8	0.00190	0.00148	0.00174	0.00179	0.00214	0.00135	0.01045	0.00226	0.00307	0.02357	0.02766	0.31522	0.52261	0.00374	0.00182	0.00052	0.03271	0.02548	0.01925	0.00124
9	0.03531	0.02559	0.24071	0.44830	0.03857	0.00322	0.06398	0.03399	0.00310	0.04347	0.01072	0.03425	0.00232	0.00152	0.00143	0.00046	0.00919	0.00132	0.00074	0.00181
10	0.00382	0.01453	0.19428	0.00309	0.00418	0.05530	0.02215	0.07739	0.37336	0.12390	0.07247	0.02147	0.02393	0.00188	0.00144	0.00046	0.00143	0.00154	0.00125	0.00211
11	0.00202	0.00138	0.00158	0.00161	0.00166	0.00137	0.00095	0.00208	0.00220	0.00292	0.00531	0.09459	0.05678	0.77767	0.04107	0.00129	0.00138	0.00228	0.00093	0.00092
12	0.00299	0.04258	0.63836	0.00399	0.03121	0.00323	0.08962	0.04064	0.00330	0.01407	0.09479	0.00409	0.01362	0.00155	0.00141	0.00045	0.00191	0.00944	0.00077	0.00201
13	0.05490	0.01044	0.00882	0.00951	0.01112	0.28269	0.08835	0.10808	0.02394	0.16704	0.01277	0.03845	0.00288	0.00842	0.02374	0.00048	0.07257	0.01763	0.01900	0.03917

[dist]
# distance from previous block
# <min> <max>
1	1

[block]
# block no. 2 follows, 225 sequences, length 35
# corresponding to MSA columns:
# 862-864,870-872,874-880,884-905
name=unknown_C
#
# <colnr> <probs for GDERKNQSTAVLIFYWHMCP>
#	G	D	E	R	K	N	Q	S	T	A	V	L	I	F	Y	W	H	M	C	P
0	0.00197	0.00156	0.00208	0.01556	0.00247	0.00144	0.04776	0.02572	0.00327	0.00429	0.20101	0.38233	0.28670	0.01484	0.00179	0.00052	0.00088	0.00318	0.00133	0.00128
1	0.02470	0.30214	0.18970	0.02228	0.01289	0.04876	0.09276	0.20333	0.01918	0.03564	0.00582	0.01007	0.00217	0.00145	0.00133	0.00040	0.02336	0.00112	0.00087	0.00202
2	0.01760	0.05616	0.30962	0.21559	0.07365	0.01637	0.14215	0.04093	0.03370	0.01453	0.00293	0.02756	0.00903	0.00150	0.00152	0.00046	0.03274	0.00131	0.00074	0.00191
3	0.00175	0.00125	0.00167	0.00199	0.00209	0.00117	0.00134	0.00201	0.00275	0.00366	0.00794	0.90988	0.02315	0.00443	0.00182	0.00058	0.00084	0.02920	0.00132	0.00116
4	0.07475	0.01841	0.03525	0.01800	0.16833	0.03360	0.08616	0.10916	0.02633	0.05731	0.08388	0.16953	0.09348	0.00233	0.00151	0.00047	0.00137	0.01725	0.00112	0.00178
5	0.03937	0.10235	0.08035	0.05060	0.12996	0.01112	0.10824	0.13652	0.03879	0.11779	0.04212	0.04537	0.02555	0.00170	0.00140	0.00043	0.00422	0.00981	0.00104	0.05328
6	0.00186	0.00137	0.00181	0.00212	0.01882	0.00130	0.00147	0.00224	0.01431	0.00386	0.05728	0.68558	0.08230	0.01056	0.01949	0.00060	0.00093	0.09156	0.00131	0.00122
7	0.00973	0.12988	0.00491	0.33097	0.09831	0.02062	0.03101	0.29433	0.01523	0.01589	0.00285	0.01068	0.00220	0.00152	0.00144	0.00043	0.02588	0.00123	0.00092	0.00197
8	0.08611	0.03702	0.34433	0.10957	0.17079	0.00326	0.01309	0.06279	0.04369	0.03646	0.00654	0.02169	0.03614	0.00160	0.00136	0.00045	0.00170	0.02059	0.00083	0.00198
9	0.02065	0.27446	0.13932	0.13443	0.14678	0.03780	0.08771	0.04259	0.04475	0.03783	0.00279	0.00345	0.00223	0.00140	0.00129	0.00041	0.00176	0.01763	0.00077	0.00195
10	0.00196	0.00153	0.00184	0.01739	0.00229	0.02529	0.00142	0.00241	0.00334	0.00444	0.34367	0.37679	0.16205	0.00362	0.00173	0.00051	0.00084	0.04624	0.00138	0.00126
11	0.02188	0.01461	0.26255	0.00474	0.02759	0.01492	0.43148	0.05333	0.06074	0.05854	0.00926	0.01877	0.00246	0.00143	0.00155	0.00046	0.01137	0.00146	0.00084	0.00202
12	0.01670	0.02545	0.18131	0.19957	0.06705	0.06761	0.07760	0.07982	0.04350	0.13252	0.01909	0.05806	0.02201	0.00171	0.00144	0.00045	0.00173	0.00147	0.00097	0.00194
13	0.00327	0.02096	0.03105	0.31084	0.25912	0.02713	0.19090	0.02848	0.02532	0.00429	0.00267	0.00362	0.00211	0.00144	0.00173	0.00047	0.08266	0.00133	0.00071	0.00189
14	0.01230	0.00395	0.32060	0.02053	0.00409	0.00264	0.01293	0.03940	0.19619	0.01473	0.15482	0.00675	0.15459	0.00215	0.00148	0.00046	0.00135	0.01723	0.03195	0.00183
15	0.02384	0.14065	0.23601	0.03440	0.07263	0.16238	0.01470	0.11533	0.08632	0.05304	0.03979	0.00360	0.00816	0.00154	0.00131	0.00041	0.00179	0.00118	0.00091	0.00200
16	0.05177	0.14535	0.33941	0.03023	0.18237	0.02496	0.08850	0.03407	0.02198	0.03585	0.01500	0.00959	0.00225	0.00140	0.00135	0.00043	0.01156	0.00117	0.00075	0.00202
17	0.00203	0.00158	0.00868	0.01034	0.00245	0.01852	0.01916	0.02136	0.00291	0.01168	0.02296	0.74793	0.03188	0.01427	0.00191	0.00058	0.02040	0.05883	0.00128	0.00125
18	0.00358	0.07088	0.50286	0.02326	0.01438	0.01041	0.01910	0.19757	0.01733	0.04801	0.00323	0.06300	0.00257	0.00166	0.00142	0.00045	0.01178	0.00553	0.00089	0.00208
19	0.12328	0.09511	0.04728	0.10735	0.08034	0.03944	0.10963	0.12559	0.07577	0.11825	0.00991	0.00357	0.00243	0.00154	0.00151	0.00044	0.05435	0.00124	0.00099	0.00198
20	0.03753	0.02201	0.13916	0.00370	0.00497	0.04655	0.19699	0.27471	0.01442	0.20662	0.02618	0.01102	0.00278	0.00159	0.00146	0.00044	0.00517	0.00138	0.00117	0.00216
21	0.00257	0.00171	0.01876	0.00189	0.00234	0.00156	0.00148	0.01309	0.04349	0.08019	0.61437	0.02262	0.02959	0.00260	0.00154	0.00044	0.00078	0.01242	0.14708	0.00148
22	0.00323	0.00299	0.01768	0.43318	0.10629	0.00719	0.22152	0.00414	0.00305	0.07731	0.00294	0.01759	0.00228	0.00177	0.02970	0.00053	0.06464	0.00142	0.00076	0.00179
23	0.00325	0.02214	0.03300	0.36169	0.14317	0.01640	0.03554	0.02735	0.01772	0.10842	0.10385	0.02607	0.03565	0.01710	0.01920	0.00050	0.00161	0.00155	0.00095	0.02481
24	0.01473	0.00360	0.19459	0.00301	0.01781	0.00265	0.00282	0.08664	0.06566	0.56450	0.00486	0.00457	0.01353	0.00172	0.00142	0.00045	0.00142	0.01228	0.00144	0.00231
25	0.00343	0.02552	0.69984	0.00388	0.00574	0.01088	0.05442	0.02153	0.03619	0.12072	0.00307	0.00335	0.00214	0.00142	0.00138	0.00045	0.00196	0.00115	0.00080	0.00214
26	0.01489	0.00315	0.03397	0.17020	0.22762	0.03589	0.06428	0.09205	0.03573	0.21314	0.02041	0.02540	0.05348	0.00170	0.00145	0.00045	0.00158	0.00150	0.00108	0.00204
27	0.02053	0.05433	0.21659	0.00433	0.02225	0.01392	0.36132	0.06044	0.01819	0.15755	0.04458	0.01331	0.00289	0.00148	0.00149	0.00045	0.00190	0.00146	0.00096	0.00204
28	0.00265	0.00238	0.00335	0.04316	0.01797	0.00310	0.00245	0.00305	0.01046	0.00338	0.00290	0.00475	0.00285	0.13145	0.27728	0.00119	0.47154	0.00144	0.01325	0.00140
29	0.02892	0.06825	0.01645	0.16282	0.08845	0.09022	0.01714	0.16107	0.08045	0.19538	0.00390	0.03479	0.02036	0.00176	0.00148	0.01743	0.00663	0.00138	0.00112	0.00200
30	0.06177	0.01723	0.00542	0.06920	0.31137	0.05561	0.20257	0.09583	0.04522	0.06636	0.00304	0.01091	0.00237	0.00146	0.00158	0.00045	0.04533	0.00135	0.00089	0.00204
31	0.01895	0.03078	0.00484	0.18454	0.40862	0.15953	0.01399	0.01833	0.11003	0.01197	0.00298	0.00363	0.00717	0.00145	0.00143	0.00043	0.01730	0.00124	0.00080	0.00199
32	0.00229	0.00162	0.00201	0.00205	0.00239	0.00850	0.00155	0.01391	0.05726	0.04330	0.32349	0.28078	0.09334	0.01332	0.00178	0.00053	0.00089	0.13254	0.01711	0.00138
33	0.04421	0.09357	0.08255	0.12428	0.08132	0.03270	0.23295	0.04512	0.07269	0.07291	0.06536	0.00423	0.01072	0.00156	0.00151	0.00045	0.02513	0.00592	0.00092	0.00191
34	0.02798	0.21003	0.32995	0.01265	0.00494	0.03794	0.07291	0.13241	0.10738	0.01309	0.01798	0.00341	0.00898	0.00148	0.00131	0.00042	0.00667	0.00116	0.00086	0.00846

[dist]
# distance from previous block
# <min> <max>
6	6

[block]
# block no. 3 follows, 225 sequences, length 15
# corresponding to MSA columns:
# 929-935,937-944
name=unknown_D
#
# <colnr> <probs for GDERKNQSTAVLIFYWHMCP>
#	G	D	E	R	K	N	Q	S	T	A	V	L	I	F	Y	W	H	M	C	P
0	0.03175	0.11238	0.05118	0.02311	0.03702	0.06292	0.22462	0.10427	0.06412	0.11980	0.09296	0.01723	0.01208	0.00172	0.00150	0.00044	0.01850	0.02140	0.00106	0.00194
1	0.00395	0.00233	0.00281	0.00238	0.00312	0.00233	0.00190	0.13567	0.14904	0.26343	0.31203	0.01838	0.02934	0.00231	0.00153	0.00045	0.00104	0.03393	0.03211	0.00193
2	0.12267	0.00245	0.04465	0.03265	0.00334	0.01673	0.09091	0.05523	0.03331	0.00464	0.10230	0.03218	0.19753	0.12329	0.05507	0.00070	0.02200	0.05781	0.00108	0.00146
3	0.03819	0.15547	0.11136	0.05932	0.08478	0.04073	0.13270	0.14516	0.05716	0.08297	0.01863	0.04618	0.00281	0.00162	0.00142	0.00043	0.01674	0.00137	0.00096	0.00200
4	0.04180	0.01250	0.01421	0.03472	0.00459	0.05825	0.09239	0.42285	0.03080	0.11770	0.01863	0.00366	0.00259	0.00176	0.00188	0.00046	0.13660	0.00131	0.00118	0.00211
5	0.00206	0.00138	0.00159	0.00160	0.00162	0.00139	0.00092	0.00209	0.00210	0.00282	0.00457	0.04167	0.00524	0.87080	0.05337	0.00140	0.00148	0.00211	0.00087	0.00089
6	0.01479	0.05746	0.25642	0.04992	0.02640	0.09275	0.23552	0.08574	0.06387	0.02896	0.01123	0.01172	0.00234	0.00150	0.00161	0.00045	0.05521	0.00131	0.00082	0.00197
7	0.12879	0.04040	0.12255	0.06450	0.06159	0.06806	0.06891	0.15432	0.11534	0.10580	0.00376	0.01217	0.03484	0.00163	0.00138	0.00044	0.01115	0.00131	0.00105	0.00201
8	0.00179	0.00129	0.00171	0.00203	0.00215	0.00121	0.00141	0.00208	0.00280	0.00370	0.00800	0.82885	0.03494	0.00438	0.00183	0.00058	0.00087	0.09787	0.00132	0.00117
9	0.00341	0.43111	0.47039	0.00332	0.00497	0.02037	0.01947	0.00447	0.00300	0.02430	0.00236	0.00273	0.00186	0.00130	0.00116	0.00038	0.00184	0.00094	0.00063	0.00198
10	0.02204	0.06117	0.14908	0.04300	0.02786	0.04930	0.02484	0.26180	0.16545	0.06696	0.03226	0.04460	0.04170	0.00184	0.00141	0.00044	0.00153	0.00149	0.00116	0.00207
11	0.01493	0.02139	0.00458	0.27104	0.15087	0.03034	0.03312	0.24963	0.06919	0.00539	0.00298	0.00374	0.00234	0.00166	0.00183	0.00047	0.12118	0.01242	0.00092	0.00197
12	0.00193	0.00141	0.00167	0.00180	0.00211	0.00126	0.00130	0.00228	0.00306	0.03616	0.04339	0.38095	0.41157	0.03378	0.00192	0.00056	0.00084	0.07145	0.00133	0.00123
13	0.06916	0.03371	0.01774	0.01209	0.01675	0.39687	0.01194	0.32104	0.06068	0.03284	0.00292	0.00311	0.00222	0.00157	0.00135	0.00041	0.01147	0.00110	0.00104	0.00198
14	0.15652	0.07739	0.28729	0.01177	0.01266	0.07398	0.02319	0.14207	0.00349	0.03596	0.02317	0.00349	0.01011	0.00247	0.09977	0.00063	0.03216	0.00114	0.00086	0.00188

[dist]
# distance from previous block
# <min> <max>
0	34

[block]
# block no. 4 follows, 225 sequences, length 37
# corresponding to MSA columns:
# 979-993,1023-1044
name=unknown_E
#
# <colnr> <probs for GDERKNQSTAVLIFYWHMCP>
#	G	D	E	R	K	N	Q	S	T	A	V	L	I	F	Y	W	H	M	C	P
0	0.25914	0.02065	0.02669	0.00998	0.00255	0.00207	0.00158	0.02600	0.00361	0.00588	0.61482	0.00781	0.00935	0.00237	0.00143	0.00044	0.00087	0.00197	0.00133	0.00145
1	0.73828	0.00920	0.00239	0.00203	0.00295	0.00301	0.00167	0.01575	0.02017	0.17489	0.01683	0.00296	0.00214	0.00144	0.00101	0.00044	0.00112	0.00094	0.00107	0.00172
2	0.03849	0.00911	0.00387	0.21754	0.04172	0.34055	0.00289	0.05807	0.20528	0.03471	0.00343	0.00381	0.01439	0.00166	0.00587	0.00044	0.00950	0.00588	0.00095	0.00184
3	0.01397	0.01429	0.00912	0.00375	0.17612	0.01522	0.00747	0.04972	0.40895	0.07210	0.10806	0.02952	0.05663	0.00207	0.00149	0.00046	0.00122	0.02651	0.00130	0.00204
4	0.00523	0.00223	0.00298	0.00238	0.00329	0.00199	0.00193	0.00599	0.05147	0.67789	0.22192	0.00621	0.00586	0.00204	0.00149	0.00044	0.00108	0.00171	0.00170	0.00217
5	0.00207	0.00147	0.00173	0.00168	0.00206	0.00135	0.00126	0.00270	0.02193	0.01284	0.46844	0.05516	0.26559	0.00299	0.00159	0.00045	0.00072	0.01904	0.13560	0.00132
6	0.02556	0.00310	0.04074	0.45779	0.10052	0.00346	0.13955	0.01509	0.00288	0.00400	0.00256	0.01893	0.00208	0.00162	0.00205	0.00050	0.17584	0.00135	0.00068	0.00172
7	0.00181	0.00149	0.00161	0.00164	0.00206	0.00132	0.00121	0.00236	0.05039	0.00406	0.08530	0.18232	0.65217	0.00362	0.00170	0.00050	0.00076	0.00309	0.00135	0.00126
8	0.96001	0.00275	0.00209	0.00187	0.00275	0.00319	0.00154	0.00419	0.00242	0.00639	0.00198	0.00231	0.00154	0.00132	0.00088	0.00044	0.00110	0.00077	0.00088	0.00154
9	0.01508	0.18978	0.65573	0.02670	0.04744	0.00377	0.01853	0.00448	0.01818	0.00432	0.00250	0.00295	0.00187	0.00133	0.00127	0.00042	0.00194	0.00103	0.00063	0.00204
10	0.00324	0.00358	0.03112	0.17208	0.15383	0.00345	0.56262	0.00443	0.03191	0.00444	0.00292	0.01440	0.00227	0.00131	0.00158	0.00047	0.00214	0.00155	0.00073	0.00192
11	0.00175	0.00125	0.00167	0.00199	0.00209	0.00117	0.00135	0.00201	0.00275	0.00366	0.00796	0.90421	0.02666	0.00443	0.00182	0.00058	0.00084	0.03132	0.00132	0.00116
12	0.00291	0.03703	0.87116	0.00409	0.00614	0.00339	0.04687	0.00450	0.00302	0.00448	0.00255	0.00302	0.00182	0.00134	0.00135	0.00045	0.00210	0.00107	0.00061	0.00209
13	0.17615	0.04977	0.26486	0.00318	0.00448	0.02370	0.03202	0.26593	0.10543	0.01936	0.00337	0.02574	0.01675	0.00161	0.00130	0.00044	0.00159	0.00124	0.00103	0.00205
14	0.00190	0.00138	0.00177	0.00187	0.00213	0.00126	0.00809	0.00231	0.00324	0.01919	0.28510	0.46104	0.18559	0.00377	0.00175	0.00052	0.00078	0.01565	0.00140	0.00125
15	0.00401	0.52174	0.06411	0.00300	0.00400	0.17268	0.00278	0.05933	0.00996	0.00381	0.00215	0.00259	0.00189	0.00149	0.00159	0.00038	0.14107	0.00092	0.00069	0.00181
16	0.00997	0.02535	0.00444	0.31732	0.21367	0.03956	0.05969	0.03310	0.16148	0.01760	0.01673	0.05070	0.04080	0.00173	0.00145	0.00046	0.00163	0.00155	0.00091	0.00187
17	0.00323	0.00362	0.08708	0.00471	0.06063	0.00309	0.46951	0.03286	0.03457	0.01769	0.00880	0.07069	0.00285	0.00153	0.00158	0.00044	0.02167	0.00855	0.00084	0.16606
18	0.00278	0.00253	0.00423	0.82015	0.03571	0.00307	0.02099	0.01683	0.00295	0.02033	0.00300	0.03305	0.01657	0.00158	0.00145	0.00048	0.00183	0.01015	0.00071	0.00161
19	0.00361	0.00344	0.02936	0.13022	0.05211	0.03342	0.35136	0.09917	0.13177	0.05956	0.02978	0.02009	0.03188	0.00165	0.00155	0.00047	0.00183	0.01579	0.00100	0.00195
20	0.00274	0.00256	0.00424	0.85340	0.03426	0.00317	0.00385	0.00377	0.03415	0.00378	0.01939	0.00395	0.00220	0.00149	0.00150	0.00048	0.02150	0.00130	0.00068	0.00162
21	0.00621	0.01488	0.00338	0.00256	0.00365	0.00225	0.00212	0.04643	0.02161	0.86207	0.00551	0.01534	0.00354	0.00179	0.00143	0.00044	0.00123	0.00145	0.00172	0.00240
22	0.00333	0.01538	0.02878	0.01913	0.01134	0.00286	0.35636	0.13237	0.02960	0.05733	0.19158	0.08426	0.02261	0.00207	0.00161	0.00047	0.00160	0.02740	0.01013	0.00181
23	0.00382	0.38965	0.35284	0.00308	0.00457	0.00408	0.00341	0.03432	0.03192	0.13500	0.01378	0.01253	0.00236	0.00143	0.00120	0.00039	0.00167	0.00106	0.00084	0.00203
24	0.02867	0.00254	0.00327	0.00255	0.00360	0.00234	0.00210	0.08822	0.04463	0.74526	0.04325	0.00505	0.01811	0.00183	0.00143	0.00044	0.00121	0.00148	0.00168	0.00233
25	0.01033	0.00345	0.03092	0.12612	0.27305	0.05352	0.15065	0.09332	0.01419	0.01106	0.01471	0.00879	0.01548	0.00223	0.06874	0.00060	0.11875	0.00138	0.00080	0.00190
26	0.01119	0.28824	0.05744	0.09514	0.10178	0.00812	0.02532	0.01763	0.00275	0.00359	0.01647	0.05944	0.00355	0.30016	0.00313	0.00071	0.00154	0.00154	0.00077	0.00152
27	0.00174	0.00127	0.00164	0.00191	0.00205	0.00117	0.00130	0.00202	0.00285	0.00376	0.05252	0.79955	0.11439	0.00429	0.00180	0.00056	0.00081	0.00386	0.00133	0.00117
28	0.00196	0.00151	0.00173	0.00178	0.00220	0.00136	0.00138	0.00248	0.02630	0.02361	0.09138	0.11466	0.56662	0.00361	0.00173	0.00052	0.00084	0.15370	0.00135	0.00128
29	0.00346	0.10148	0.15869	0.01369	0.11836	0.01452	0.28199	0.07042	0.09696	0.02034	0.00344	0.05402	0.01389	0.00161	0.00159	0.00046	0.04074	0.00151	0.00086	0.00199
30	0.00241	0.00160	0.00205	0.00200	0.00231	0.00178	0.00154	0.02867	0.03136	0.00423	0.00421	0.02510	0.00372	0.03646	0.48908	0.00140	0.02469	0.00152	0.33453	0.00134
31	0.00219	0.00138	0.00191	0.00192	0.00201	0.00147	0.00132	0.00216	0.00208	0.00286	0.00361	0.01770	0.00374	0.28916	0.33237	0.32866	0.00217	0.00162	0.00075	0.00093
32	0.00326	0.02372	0.01851	0.00274	0.00325	0.27024	0.02489	0.03242	0.02654	0.03272	0.02780	0.26217	0.07615	0.01971	0.05562	0.00061	0.00930	0.10776	0.00109	0.00148
33	0.00336	0.07869	0.55547	0.00412	0.01800	0.00353	0.15093	0.05246	0.02536	0.05714	0.00291	0.00346	0.00215	0.00143	0.00146	0.00045	0.02177	0.01448	0.00076	0.00207
34	0.00209	0.00142	0.00170	0.00170	0.00184	0.00137	0.00109	0.00236	0.01298	0.01974	0.24146	0.14432	0.03326	0.52314	0.00475	0.00098	0.00110	0.00249	0.00114	0.00108
35	0.01915	0.00350	0.01230	0.05668	0.00416	0.11556	0.01025	0.41510	0.03132	0.12703	0.02261	0.14229	0.00382	0.01359	0.00154	0.00046	0.00151	0.00722	0.00989	0.00202
36	0.00777	0.17646	0.31343	0.19798	0.06995	0.05178	0.03996	0.01559	0.02416	0.01938	0.02048	0.01001	0.00231	0.00148	0.00143	0.00043	0.03347	0.01134	0.00071	0.00189

[dist]
# distance from previous block
# <min> <max>
11	35

[block]
# block no. 5 follows, 225 sequences, length 21
# corresponding to MSA columns:
# 1170-1190
name=unknown_F
#
# <colnr> <probs for GDERKNQSTAVLIFYWHMCP>
#	G	D	E	R	K	N	Q	S	T	A	V	L	I	F	Y	W	H	M	C	P
0	0.00330	0.18555	0.60140	0.00387	0.04704	0.03687	0.02751	0.01239	0.00309	0.03922	0.00262	0.00312	0.00199	0.02446	0.00143	0.00044	0.00194	0.00106	0.00067	0.00202
1	0.54738	0.06722	0.00346	0.01702	0.12504	0.06253	0.04298	0.03370	0.00292	0.04011	0.00257	0.04483	0.00216	0.00148	0.00110	0.00043	0.00137	0.00108	0.00089	0.00172
2	0.00296	0.00321	0.08524	0.21647	0.29341	0.00297	0.11186	0.02988	0.04486	0.00445	0.01917	0.03888	0.13684	0.00182	0.00150	0.00046	0.00164	0.00168	0.00086	0.00185
3	0.00270	0.01683	0.03108	0.04713	0.10783	0.00209	0.05898	0.01241	0.00328	0.07682	0.22906	0.10360	0.10916	0.05101	0.08693	0.00068	0.02370	0.01289	0.02227	0.00155
4	0.00322	0.06219	0.16320	0.31834	0.25639	0.04176	0.07907	0.01532	0.00312	0.01260	0.00269	0.02174	0.00216	0.00142	0.00143	0.00045	0.01103	0.00127	0.00069	0.00190
5	0.00416	0.00224	0.05170	0.00217	0.00293	0.00191	0.00183	0.03172	0.03786	0.38243	0.12856	0.03722	0.00498	0.00209	0.01591	0.00044	0.00106	0.00162	0.28730	0.00187
6	0.00618	0.00242	0.00327	0.00253	0.00360	0.00212	0.00208	0.00685	0.03535	0.88623	0.03007	0.00501	0.00381	0.00180	0.00144	0.00044	0.00119	0.00147	0.00175	0.00239
7	0.01810	0.15081	0.02173	0.02936	0.04495	0.03560	0.02559	0.04510	0.02860	0.02083	0.21821	0.04073	0.20950	0.00247	0.00176	0.00045	0.08279	0.02071	0.00112	0.00158
8	0.00185	0.00147	0.00156	0.00157	0.00200	0.00127	0.00116	0.00226	0.01542	0.02056	0.07125	0.07569	0.71716	0.06143	0.00203	0.00054	0.00079	0.01945	0.00132	0.00122
9	0.00399	0.00200	0.00251	0.00217	0.00288	0.00182	0.00170	0.03246	0.05672	0.41206	0.07795	0.16451	0.21808	0.00272	0.00157	0.00047	0.00100	0.00232	0.01125	0.00183
10	0.00284	0.00279	0.00505	0.72244	0.04103	0.00325	0.17292	0.00382	0.00295	0.00385	0.00265	0.00393	0.00203	0.00142	0.00151	0.00048	0.01276	0.01197	0.00066	0.00166
11	0.00314	0.00325	0.00572	0.44837	0.17250	0.04519	0.28113	0.00411	0.00313	0.00409	0.00279	0.00383	0.01353	0.00136	0.00149	0.00046	0.00203	0.00140	0.00068	0.00180
12	0.00174	0.00125	0.00165	0.00196	0.00206	0.00116	0.00132	0.00200	0.00277	0.00369	0.02890	0.90176	0.03565	0.00440	0.00181	0.00057	0.00082	0.00399	0.00133	0.00116
13	0.01227	0.00302	0.00320	0.00295	0.00917	0.14036	0.02863	0.11313	0.09306	0.02710	0.02084	0.24522	0.03635	0.00303	0.02853	0.00057	0.14473	0.08510	0.00113	0.00163
14	0.03354	0.00270	0.00369	0.13937	0.13760	0.04053	0.05150	0.05259	0.09632	0.17381	0.02005	0.16516	0.03729	0.00223	0.00152	0.00048	0.00141	0.03720	0.00117	0.00186
15	0.00186	0.00145	0.00161	0.00161	0.00204	0.00125	0.00120	0.00227	0.00334	0.02425	0.17213	0.11437	0.63795	0.00355	0.00170	0.00049	0.00075	0.02555	0.00137	0.00125
16	0.00538	0.00281	0.00335	0.00263	0.00363	0.00279	0.00215	0.31045	0.03608	0.46937	0.02524	0.00495	0.04506	0.00185	0.00141	0.00043	0.00125	0.00148	0.07745	0.00225
17	0.01274	0.00352	0.00618	0.12136	0.33007	0.05486	0.35200	0.00440	0.01109	0.02476	0.01150	0.02687	0.00250	0.00143	0.00160	0.00046	0.02445	0.00753	0.00076	0.00195
18	0.01161	0.13255	0.51744	0.26073	0.01951	0.00356	0.00440	0.01287	0.00300	0.00419	0.01617	0.00324	0.00201	0.00138	0.00132	0.00044	0.00193	0.00110	0.00064	0.00191
19	0.02306	0.00142	0.00182	0.00191	0.00216	0.00135	0.00138	0.00248	0.02076	0.00468	0.41776	0.42458	0.05066	0.00361	0.00173	0.00051	0.00078	0.03664	0.00142	0.00128
20	0.03396	0.55380	0.10744	0.00261	0.00388	0.02002	0.01172	0.00430	0.02921	0.02113	0.01099	0.00275	0.00210	0.00137	0.01082	0.00034	0.01187	0.00089	0.00072	0.17009

[dist]
# distance from previous block
# <min> <max>
3	45

[block]
# block no. 6 follows, 225 sequences, length 12
# corresponding to MSA columns:
# 1302-1313
name=unknown_G
#
# <colnr> <probs for GDERKNQSTAVLIFYWHMCP>
#	G	D	E	R	K	N	Q	S	T	A	V	L	I	F	Y	W	H	M	C	P
0	0.01621	0.04381	0.02371	0.05736	0.25573	0.13409	0.05070	0.01141	0.02990	0.04683	0.17660	0.01923	0.00454	0.00241	0.07000	0.00056	0.01647	0.00152	0.01966	0.01926
1	0.00398	0.00281	0.00344	0.00335	0.11620	0.00286	0.00234	0.03065	0.41293	0.19831	0.03328	0.02122	0.01954	0.00179	0.00140	0.00043	0.00119	0.00151	0.00133	0.14144
2	0.00326	0.00282	0.00446	0.45308	0.14706	0.01678	0.08094	0.07827	0.02307	0.05244	0.01749	0.07263	0.00292	0.00169	0.00150	0.00047	0.01144	0.00154	0.02637	0.00179
3	0.03335	0.08868	0.29403	0.05344	0.17331	0.00334	0.00361	0.08951	0.06126	0.07165	0.01807	0.03276	0.01261	0.00167	0.00138	0.00044	0.00164	0.04115	0.00092	0.01717
4	0.03248	0.00284	0.03262	0.10718	0.03288	0.08085	0.00228	0.07808	0.13799	0.10333	0.08104	0.06705	0.16760	0.02686	0.00169	0.00049	0.01013	0.03167	0.00122	0.00174
5	0.00245	0.00167	0.00191	0.00174	0.00233	0.00143	0.00133	0.00297	0.02039	0.11699	0.16153	0.06155	0.53038	0.00307	0.00160	0.00045	0.00081	0.00259	0.00138	0.08342
6	0.14006	0.11144	0.47989	0.00356	0.00517	0.01842	0.07105	0.11651	0.00343	0.03414	0.00263	0.00299	0.00192	0.00138	0.00127	0.00043	0.00183	0.00106	0.00079	0.00202
7	0.00356	0.05709	0.03213	0.04604	0.71022	0.01323	0.02588	0.01615	0.00324	0.02542	0.01411	0.00355	0.00235	0.00136	0.00152	0.00043	0.03958	0.00126	0.00073	0.00215
8	0.00223	0.00172	0.00249	0.05037	0.09921	0.00187	0.00183	0.00263	0.00238	0.00333	0.02480	0.00669	0.00412	0.33279	0.45556	0.00165	0.00259	0.00170	0.00080	0.00125
9	0.00318	0.00230	0.00290	0.01319	0.05029	0.01302	0.00209	0.10824	0.02295	0.06001	0.00432	0.11793	0.01680	0.00317	0.10170	0.00066	0.20233	0.01355	0.25974	0.00161
10	0.00331	0.23079	0.60008	0.00388	0.05264	0.07753	0.00435	0.00454	0.00307	0.00416	0.00240	0.00283	0.00183	0.00133	0.00125	0.00041	0.00198	0.00098	0.00062	0.00201
11	0.03860	0.02558	0.11661	0.10595	0.10098	0.01156	0.09609	0.03353	0.13716	0.02636	0.06202	0.20200	0.01250	0.00226	0.00152	0.00048	0.00146	0.02253	0.00104	0.00178

[dist]
# distance from previous block
# <min> <max>
5	6

[block]
# block no. 7 follows, 225 sequences, length 16
# corresponding to MSA columns:
# 1320-1328,1353-1356,1369-1371
name=unknown_H
#
# <colnr> <probs for GDERKNQSTAVLIFYWHMCP>
#	G	D	E	R	K	N	Q	S	T	A	V	L	I	F	Y	W	H	M	C	P
0	0.00340	0.05326	0.18272	0.13902	0.25500	0.01576	0.18778	0.01704	0.04346	0.04792	0.00297	0.00373	0.00230	0.00160	0.02406	0.00049	0.00867	0.00805	0.00077	0.00201
1	0.00325	0.07209	0.25196	0.01976	0.02011	0.04881	0.27899	0.06734	0.01053	0.01995	0.05148	0.12906	0.00362	0.00185	0.00155	0.00046	0.01473	0.00172	0.00087	0.00186
2	0.00210	0.00144	0.00169	0.04999	0.00198	0.00147	0.00102	0.00215	0.00211	0.00281	0.00439	0.00904	0.00501	0.90134	0.00695	0.00133	0.00141	0.00203	0.00085	0.00090
3	0.00372	0.56716	0.04043	0.04404	0.01240	0.07571	0.02712	0.00486	0.15974	0.00396	0.00290	0.00333	0.00245	0.00144	0.00112	0.00037	0.00157	0.02080	0.02502	0.00187
4	0.02070	0.13564	0.15829	0.16044	0.14771	0.07042	0.04168	0.10404	0.01259	0.09436	0.00286	0.00335	0.00216	0.00146	0.00146	0.00043	0.03839	0.00117	0.00085	0.00200
5	0.03846	0.00232	0.00285	0.00233	0.00311	0.00225	0.00184	0.12816	0.00383	0.46190	0.02003	0.01473	0.05178	0.14905	0.03641	0.00065	0.01905	0.00160	0.05771	0.00194
6	0.00244	0.00231	0.05165	0.03310	0.00383	0.00225	0.16677	0.00312	0.00262	0.02047	0.01847	0.03072	0.00362	0.03715	0.56330	0.00159	0.02699	0.02734	0.00080	0.00145
7	0.00301	0.00290	0.02391	0.64020	0.09610	0.02840	0.02956	0.02373	0.00298	0.02384	0.00273	0.03074	0.00219	0.00159	0.00171	0.00048	0.08219	0.00135	0.00070	0.00169
8	0.00338	0.06224	0.07211	0.32049	0.28439	0.04467	0.06446	0.01551	0.02641	0.03856	0.00274	0.00358	0.00215	0.00153	0.01264	0.00047	0.04078	0.00125	0.00073	0.00191
9	0.41031	0.03896	0.03715	0.02147	0.03731	0.05719	0.18739	0.06076	0.00315	0.05205	0.02489	0.00316	0.00219	0.00144	0.00138	0.00045	0.04893	0.00113	0.00089	0.00978
10	0.00405	0.43765	0.18429	0.02019	0.02830	0.22374	0.01697	0.02256	0.00330	0.03350	0.00232	0.00268	0.00191	0.00135	0.00118	0.00037	0.01215	0.00093	0.00069	0.00187
11	0.02290	0.00195	0.00238	0.05108	0.05154	0.00182	0.00164	0.00308	0.05393	0.02465	0.03524	0.05461	0.22975	0.19369	0.03538	0.01885	0.00120	0.00797	0.00104	0.20732
12	0.07300	0.19109	0.12934	0.14575	0.15535	0.03711	0.00324	0.08881	0.01866	0.02143	0.03415	0.03685	0.00269	0.00163	0.00736	0.00043	0.03456	0.00124	0.00591	0.01140
13	0.19050	0.06532	0.03251	0.23151	0.05364	0.01889	0.00268	0.02252	0.10373	0.04907	0.02998	0.02316	0.01922	0.01160	0.00144	0.00049	0.00144	0.13958	0.00099	0.00170
14	0.00229	0.00164	0.00229	0.00262	0.00295	0.00164	0.00229	0.00295	0.00328	0.00426	0.00754	0.01606	0.00820	0.00393	0.00197	0.00066	0.00131	0.93148	0.00131	0.00131
15	0.01158	0.00325	0.04497	0.32442	0.13691	0.07832	0.03692	0.03310	0.00335	0.18208	0.00345	0.01617	0.00271	0.00171	0.00166	0.00047	0.06280	0.05330	0.00094	0.00188

[dist]
# distance from previous block
# <min> <max>
0	25

[block]
# block no. 8 follows, 225 sequences, length 9
# corresponding to MSA columns:
# 1397-1403,1419,1420
name=unknown_I
#
# <colnr> <probs for GDERKNQSTAVLIFYWHMCP>
#	G	D	E	R	K	N	Q	S	T	A	V	L	I	F	Y	W	H	M	C	P
0	0.01550	0.09744	0.39945	0.08520	0.00532	0.03087	0.03410	0.03246	0.00299	0.02802	0.00308	0.00366	0.05206	0.00173	0.00204	0.00047	0.20182	0.00122	0.00071	0.00186
1	0.00256	0.00148	0.00164	0.00159	0.00197	0.00147	0.00120	0.02856	0.01723	0.02227	0.14111	0.04635	0.08293	0.00272	0.06289	0.00051	0.00092	0.00178	0.57944	0.00137
2	0.00623	0.00253	0.00335	0.00258	0.00368	0.00226	0.00213	0.05243	0.04170	0.85884	0.00552	0.00480	0.00350	0.00177	0.00143	0.00044	0.00123	0.00143	0.00173	0.00242
3	0.03123	0.01152	0.01756	0.10193	0.35098	0.03390	0.07818	0.04026	0.02862	0.15770	0.05251	0.01824	0.03386	0.00167	0.00153	0.00045	0.02630	0.01053	0.00100	0.00202
4	0.00294	0.00196	0.00233	0.00208	0.00266	0.00192	0.00161	0.04432	0.16140	0.12935	0.45477	0.00921	0.17441	0.00267	0.00160	0.00046	0.00087	0.00228	0.00152	0.00166
5	0.00177	0.00126	0.00169	0.00200	0.00210	0.00118	0.00136	0.00205	0.00280	0.00375	0.04742	0.87329	0.00954	0.00438	0.00182	0.00058	0.00084	0.03967	0.00133	0.00117
6	0.02280	0.00225	0.00339	0.12088	0.00414	0.01179	0.12153	0.01777	0.04853	0.02007	0.01458	0.25045	0.07586	0.03359	0.07978	0.00070	0.10856	0.04245	0.01941	0.00148
7	0.02761	0.47959	0.14215	0.02769	0.00424	0.08151	0.00302	0.00429	0.00287	0.02328	0.00215	0.00267	0.00186	0.00153	0.00178	0.00041	0.18997	0.00094	0.00065	0.00180
8	0.00205	0.00137	0.00156	0.00158	0.00159	0.00137	0.00089	0.00207	0.00211	0.00282	0.00471	0.07088	0.00546	0.88802	0.00689	0.00133	0.00134	0.00220	0.00089	0.00088

[dist]
# distance from previous block
# <min> <max>
1	1

[block]
# block no. 9 follows, 225 sequences, length 19
# corresponding to MSA columns:
# 1433-1451
name=unknown_J
#
# <colnr> <probs for GDERKNQSTAVLIFYWHMCP>
#	G	D	E	R	K	N	Q	S	T	A	V	L	I	F	Y	W	H	M	C	P
0	0.79468	0.08094	0.06578	0.00211	0.00310	0.02564	0.00189	0.00425	0.00254	0.00595	0.00203	0.00236	0.00159	0.00132	0.00093	0.00043	0.00124	0.00079	0.00084	0.00161
1	0.57979	0.00232	0.00220	0.00204	0.00265	0.00271	0.00163	0.00358	0.00238	0.00523	0.00268	0.00362	0.00233	0.03401	0.27217	0.00100	0.04050	0.00107	0.03664	0.00144
2	0.05896	0.00357	0.03567	0.04118	0.00427	0.10861	0.02374	0.23646	0.02783	0.35051	0.00399	0.01045	0.00283	0.00176	0.00162	0.00045	0.06646	0.01820	0.00131	0.00214
3	0.00453	0.00366	0.00429	0.11952	0.00492	0.02420	0.00296	0.58116	0.00510	0.00689	0.00292	0.00338	0.00221	0.00185	0.00219	0.00048	0.22526	0.00126	0.00112	0.00210
4	0.00249	0.00139	0.00153	0.00149	0.00184	0.00134	0.00113	0.00314	0.00330	0.01716	0.26324	0.00720	0.03573	0.00210	0.00123	0.00037	0.00068	0.01610	0.63719	0.00134
5	0.00198	0.00157	0.00192	0.00190	0.01112	0.00145	0.00967	0.00258	0.02075	0.00473	0.41191	0.03166	0.38303	0.00326	0.00177	0.00049	0.02086	0.08666	0.00140	0.00132
6	0.08747	0.34397	0.00622	0.02989	0.03043	0.01347	0.25696	0.03757	0.00335	0.17344	0.00297	0.00329	0.00223	0.00135	0.00126	0.00040	0.00170	0.00118	0.00090	0.00196
7	0.00285	0.00183	0.00234	0.04975	0.00297	0.00179	0.00174	0.00381	0.11736	0.15232	0.28706	0.19913	0.09945	0.00299	0.00165	0.00050	0.00096	0.06848	0.00145	0.00158
8	0.00205	0.00146	0.00197	0.00197	0.00211	0.00161	0.00138	0.00234	0.00219	0.00307	0.00411	0.00722	0.00427	0.42064	0.53531	0.00189	0.00275	0.00176	0.00081	0.00109
9	0.00187	0.00144	0.00170	0.00165	0.00204	0.00128	0.00123	0.00239	0.00365	0.00485	0.51704	0.04984	0.39935	0.00326	0.00169	0.00047	0.00070	0.00281	0.00146	0.00128
10	0.00458	0.00602	0.12329	0.01611	0.21019	0.59294	0.00344	0.01952	0.00376	0.00396	0.00237	0.00286	0.00193	0.00141	0.00132	0.00039	0.00229	0.00102	0.00072	0.00185
11	0.00330	0.00426	0.12328	0.00569	0.00719	0.00356	0.79833	0.00463	0.02635	0.00459	0.00291	0.00378	0.00217	0.00124	0.00163	0.00048	0.00233	0.00160	0.00072	0.00195
12	0.00331	0.00293	0.00357	0.04120	0.00358	0.05370	0.00256	0.08046	0.04109	0.00444	0.00286	0.00375	0.00244	0.00211	0.00309	0.00051	0.51844	0.00127	0.22707	0.00161
13	0.00342	0.15233	0.11480	0.00479	0.02923	0.01364	0.52555	0.02753	0.01512	0.01276	0.00285	0.02327	0.00226	0.00131	0.00146	0.00043	0.00204	0.00143	0.00075	0.06503
14	0.00263	0.00301	0.22443	0.00258	0.04124	0.00205	0.00221	0.03071	0.00262	0.05293	0.00414	0.03035	0.01327	0.54463	0.03652	0.00105	0.00162	0.00178	0.00087	0.00137
15	0.22656	0.00217	0.00209	0.00193	0.00225	0.06320	0.02891	0.01282	0.00241	0.01308	0.01348	0.00699	0.00406	0.60889	0.00503	0.00104	0.00142	0.00167	0.00088	0.00114
16	0.00311	0.00194	0.00221	0.00198	0.00263	0.00179	0.00154	0.05442	0.08618	0.20965	0.01787	0.08424	0.49621	0.00300	0.00160	0.00048	0.00093	0.01853	0.00143	0.01027
17	0.00336	0.22748	0.09024	0.02292	0.03401	0.08265	0.01601	0.11999	0.02151	0.00985	0.00342	0.00461	0.02602	0.11324	0.21178	0.00093	0.00216	0.00732	0.00083	0.00168
18	0.00966	0.00953	0.00363	0.30058	0.13656	0.01730	0.03036	0.08301	0.02963	0.01938	0.02062	0.14949	0.12325	0.02704	0.00169	0.00051	0.00146	0.03366	0.00099	0.00165

[dist]
# distance from previous block
# <min> <max>
0	50

[block]
# block no. 10 follows, 225 sequences, length 44
# corresponding to MSA columns:
# 1546-1569,1571,1572,1597-1608,1613-1616,1620,1621
name=unknown_K
#
# <colnr> <probs for GDERKNQSTAVLIFYWHMCP>
#	G	D	E	R	K	N	Q	S	T	A	V	L	I	F	Y	W	H	M	C	P
0	0.00220	0.00176	0.00253	0.22336	0.01348	0.00188	0.01387	0.03917	0.02579	0.00390	0.00627	0.58081	0.02605	0.03863	0.00190	0.00057	0.00117	0.01418	0.00114	0.00135
1	0.00686	0.07463	0.01372	0.03416	0.01605	0.20522	0.20886	0.10593	0.04347	0.04899	0.04360	0.03740	0.08027	0.00203	0.02473	0.00048	0.01643	0.00621	0.00098	0.02998
2	0.04014	0.35788	0.05213	0.07236	0.04284	0.03095	0.02679	0.21141	0.02730	0.07973	0.01439	0.01187	0.00705	0.00151	0.00128	0.00039	0.01790	0.00112	0.00095	0.00200
3	0.00184	0.00135	0.00173	0.00189	0.00210	0.00124	0.00131	0.00219	0.00302	0.00408	0.19794	0.60637	0.09292	0.02983	0.01658	0.00058	0.00085	0.00347	0.00134	0.02939
4	0.00210	0.00146	0.00177	0.00176	0.00193	0.00148	0.00118	0.01535	0.00257	0.00918	0.10499	0.04296	0.10018	0.47909	0.19698	0.00130	0.00170	0.00214	0.03081	0.00109
5	0.01575	0.33072	0.31361	0.04478	0.04578	0.02638	0.06236	0.06337	0.02412	0.04872	0.01062	0.00308	0.00213	0.00137	0.00123	0.00040	0.00178	0.00106	0.00076	0.00200
6	0.01711	0.33760	0.49839	0.02479	0.01380	0.01357	0.03558	0.02555	0.00308	0.01503	0.00241	0.00282	0.00186	0.00132	0.00121	0.00040	0.00187	0.00098	0.00065	0.00199
7	0.00259	0.00182	0.00209	0.00195	0.00248	0.00174	0.00148	0.01955	0.14827	0.09710	0.25171	0.09715	0.36052	0.00303	0.00163	0.00048	0.00084	0.00259	0.00145	0.00154
8	0.02412	0.00268	0.03131	0.38057	0.15013	0.00275	0.00318	0.00460	0.02270	0.25660	0.00405	0.04019	0.03100	0.02962	0.00163	0.00049	0.00998	0.00148	0.00102	0.00189
9	0.00887	0.01828	0.02004	0.01941	0.07080	0.04279	0.07553	0.06413	0.07673	0.06263	0.14290	0.08590	0.18852	0.00246	0.00868	0.00046	0.00999	0.01868	0.00119	0.08200
10	0.00258	0.00206	0.00253	0.00240	0.00288	0.00215	0.03759	0.02101	0.30951	0.01481	0.18638	0.31458	0.05601	0.00303	0.00164	0.00051	0.00097	0.01971	0.01801	0.00163
11	0.00241	0.00143	0.00172	0.00170	0.00204	0.00136	0.00129	0.00302	0.00341	0.04046	0.34825	0.09248	0.04433	0.01018	0.00148	0.00044	0.00076	0.06835	0.37354	0.00135
12	0.05666	0.04767	0.12353	0.04602	0.11696	0.00337	0.41547	0.02914	0.02471	0.02062	0.00317	0.03186	0.00259	0.00164	0.01851	0.00049	0.00198	0.02863	0.01835	0.00865
13	0.01029	0.06493	0.17237	0.29524	0.07080	0.02127	0.19751	0.00422	0.04535	0.00420	0.00837	0.01227	0.03198	0.00148	0.00151	0.00045	0.02589	0.00136	0.00073	0.02977
14	0.00279	0.00532	0.60007	0.00330	0.00481	0.00271	0.00390	0.03147	0.00346	0.03461	0.28701	0.00539	0.00540	0.00185	0.00146	0.00045	0.00163	0.00153	0.00096	0.00189
15	0.01012	0.00404	0.00345	0.00294	0.00370	0.32565	0.00228	0.21643	0.00423	0.19811	0.01138	0.00402	0.01840	0.01869	0.00215	0.15126	0.00551	0.00981	0.00605	0.00179
16	0.01077	0.05857	0.14462	0.01723	0.23212	0.03054	0.19029	0.06534	0.02511	0.05906	0.00341	0.00836	0.02085	0.11355	0.01357	0.00057	0.00183	0.00144	0.00085	0.00193
17	0.00235	0.00864	0.02909	0.00293	0.02048	0.02950	0.22510	0.00305	0.02192	0.00419	0.06861	0.07497	0.46917	0.00710	0.00169	0.00049	0.00127	0.02684	0.00114	0.00146
18	0.00184	0.00145	0.00166	0.00162	0.00203	0.00127	0.00122	0.00233	0.00357	0.00464	0.40350	0.02495	0.51799	0.00333	0.00169	0.00047	0.00071	0.02302	0.00143	0.00126
19	0.24407	0.00343	0.01317	0.04534	0.21102	0.05362	0.13848	0.13556	0.02068	0.02296	0.00281	0.00348	0.00872	0.02626	0.00798	0.00523	0.05318	0.00123	0.00089	0.00190
20	0.00398	0.07902	0.24584	0.15649	0.04834	0.03726	0.06225	0.01950	0.02660	0.24625	0.03666	0.00422	0.01076	0.00158	0.00140	0.00044	0.00171	0.01469	0.00101	0.00202
21	0.00281	0.00164	0.00211	0.00188	0.00239	0.00147	0.00145	0.00341	0.00392	0.18564	0.62492	0.00997	0.14721	0.00279	0.00163	0.00045	0.00078	0.00242	0.00157	0.00153
22	0.00207	0.00138	0.00155	0.00155	0.00155	0.00138	0.00086	0.00207	0.00207	0.00276	0.00449	0.00932	0.00518	0.94995	0.00725	0.00138	0.00138	0.00207	0.00086	0.00086
23	0.00365	0.00294	0.00956	0.00247	0.00364	0.00265	0.00671	0.26943	0.03159	0.00595	0.01756	0.00336	0.00249	0.00132	0.00118	0.00029	0.00120	0.00104	0.03318	0.59978
24	0.00453	0.01145	0.01243	0.00325	0.00401	0.43831	0.02597	0.23300	0.01256	0.02116	0.01130	0.00394	0.00266	0.05301	0.14240	0.00073	0.00236	0.01421	0.00095	0.00177
25	0.00343	0.00251	0.00308	0.00240	0.01648	0.00217	0.00190	0.06656	0.00324	0.11764	0.00312	0.00357	0.00248	0.00242	0.11691	0.00053	0.03259	0.00105	0.00841	0.60953
26	0.03121	0.07562	0.47972	0.00324	0.00475	0.00305	0.00759	0.05765	0.00326	0.08283	0.01003	0.07637	0.01768	0.00172	0.00139	0.00043	0.01428	0.02020	0.00087	0.10811
27	0.01977	0.01963	0.09571	0.00307	0.01429	0.03179	0.07538	0.11660	0.25626	0.08301	0.08975	0.04922	0.04566	0.02008	0.02449	0.00053	0.00145	0.05015	0.00124	0.00193
28	0.00201	0.00146	0.00189	0.00178	0.00212	0.00134	0.00134	0.00267	0.00401	0.00566	0.91687	0.01072	0.03691	0.00293	0.00168	0.00045	0.00067	0.00259	0.00156	0.00134
29	0.00207	0.00150	0.00207	0.00242	0.01885	0.00146	0.00189	0.00256	0.00305	0.00399	0.00778	0.37679	0.04213	0.01770	0.00197	0.00063	0.00111	0.50949	0.00130	0.00126
30	0.14488	0.00720	0.00498	0.01701	0.02490	0.02730	0.33958	0.03459	0.03899	0.27389	0.02164	0.00453	0.05072	0.00159	0.00145	0.00046	0.00165	0.00151	0.00114	0.00199
31	0.00281	0.00252	0.00402	0.12380	0.39103	0.00258	0.02799	0.00374	0.05018	0.00479	0.26378	0.06249	0.03334	0.00208	0.00154	0.00046	0.00134	0.01867	0.00104	0.00180
32	0.00197	0.00134	0.00158	0.00169	0.00171	0.00131	0.00101	0.00204	0.00228	0.00303	0.00554	0.30273	0.00650	0.65473	0.00555	0.00113	0.00121	0.00269	0.00101	0.00095
