[name]
unknown

[dist]
# distance from previous block
# <min> <max>
12	771

[block]
# block no. 0 follows, 260 sequences, length 16
# corresponding to MSA columns:
# 1001-1006,1017-1026
name=unknown_A
#
# <colnr> <probs for GDERKNQSTAVLIFYWHMCP>
#	G	D	E	R	K	N	Q	S	T	A	V	L	I	F	Y	W	H	M	C	P
0	0.03230	0.00183	0.02152	0.00199	0.00237	0.01047	0.07330	0.02128	0.06096	0.06646	0.02681	0.02528	0.01925	0.51141	0.00400	0.00083	0.00122	0.06552	0.00089	0.05233
1	0.00238	0.11725	0.02790	0.00280	0.00344	0.01664	0.24927	0.00298	0.02281	0.03216	0.03268	0.38050	0.04363	0.01192	0.00146	0.00044	0.00124	0.03606	0.00093	0.01351
2	0.00269	0.43817	0.00397	0.00193	0.00266	0.02010	0.00171	0.00339	0.09870	0.02709	0.03066	0.04549	0.25430	0.01270	0.00121	0.00037	0.00106	0.05149	0.00088	0.00143
3	0.00158	0.00121	0.00153	0.00169	0.00190	0.00110	0.01372	0.00187	0.00256	0.00328	0.00842	0.53521	0.28869	0.03074	0.00170	0.00051	0.00077	0.10134	0.00114	0.00104
4	0.00237	0.00219	0.00400	0.02549	0.00392	0.00233	0.31660	0.02600	0.00243	0.01573	0.00294	0.00420	0.00257	0.02227	0.49324	0.00126	0.06908	0.00136	0.00067	0.00136
5	0.03481	0.01443	0.02990	0.14835	0.23856	0.04499	0.02448	0.09692	0.00333	0.33497	0.00330	0.01522	0.00235	0.00136	0.00123	0.00038	0.00138	0.00116	0.00100	0.00188
6	0.00256	0.00473	0.50558	0.14979	0.00605	0.00287	0.26499	0.00375	0.00269	0.00381	0.00249	0.04046	0.00194	0.00126	0.00129	0.00041	0.00184	0.00121	0.00058	0.00169
7	0.00156	0.00112	0.00148	0.00176	0.00186	0.00105	0.00121	0.00181	0.00245	0.00323	0.00714	0.83204	0.05596	0.00383	0.00159	0.00051	0.00075	0.07847	0.00116	0.00103
8	0.00269	0.00186	0.02495	0.01912	0.00299	0.00181	0.10916	0.00328	0.02604	0.18012	0.05862	0.05438	0.01425	0.04678	0.39873	0.01919	0.00836	0.00152	0.02476	0.00138
9	0.00347	0.00185	0.00246	0.00211	0.00265	0.01716	0.01651	0.06344	0.00284	0.35809	0.00396	0.00495	0.00321	0.14745	0.36280	0.00112	0.00200	0.00136	0.00104	0.00152
10	0.00375	0.00215	0.00332	0.48953	0.02213	0.00231	0.00268	0.00442	0.00300	0.41331	0.03845	0.00394	0.00266	0.00142	0.00126	0.00040	0.00136	0.00121	0.00101	0.00171
11	0.00393	0.00251	0.00343	0.00281	0.00327	0.01440	0.01989	0.04129	0.00282	0.37615	0.03809	0.00358	0.00261	0.00188	0.00268	0.00046	0.47629	0.00120	0.00100	0.00169
12	0.00235	0.00202	0.00286	0.00238	0.00302	0.00199	0.17070	0.00364	0.24013	0.04134	0.10479	0.03978	0.35309	0.01203	0.00146	0.00043	0.00101	0.00203	0.01350	0.00145
13	0.00215	0.00175	0.00226	0.00191	0.00256	0.00160	0.00151	0.00264	0.00229	0.00345	0.00302	0.00397	0.02358	0.00524	0.48297	0.00111	0.00214	0.00108	0.00071	0.45405
14	0.02165	0.00190	0.01990	0.00211	0.00267	0.01170	0.01105	0.09165	0.00317	0.36126	0.00549	0.45153	0.00533	0.00263	0.00140	0.00044	0.00097	0.00230	0.00128	0.00157
15	0.00281	0.11529	0.33917	0.21291	0.19481	0.02336	0.01585	0.02122	0.01231	0.01151	0.00223	0.00285	0.00173	0.00122	0.00128	0.00038	0.03776	0.00099	0.00059	0.00172

[dist]
# distance from previous block
# <min> <max>
2	4

[block]
# block no. 1 follows, 260 sequences, length 26
# corresponding to MSA columns:
# 1035,1036,1038-1058,1133-1135
name=unknown_B
#
# <colnr> <probs for GDERKNQSTAVLIFYWHMCP>
#	G	D	E	R	K	N	Q	S	T	A	V	L	I	F	Y	W	H	M	C	P
0	0.00299	0.00208	0.00251	0.00189	0.00286	0.00164	0.00150	0.00354	0.01467	0.16747	0.01686	0.08324	0.01971	0.00135	0.00106	0.00026	0.00092	0.00113	0.00094	0.67339
1	0.02108	0.06379	0.02758	0.00260	0.00973	0.05223	0.00211	0.21014	0.50408	0.01299	0.00409	0.03797	0.00790	0.00162	0.00121	0.00039	0.00117	0.00130	0.00113	0.03689
2	0.03078	0.00133	0.00179	0.00194	0.02937	0.00124	0.04062	0.00200	0.00254	0.00341	0.05188	0.57291	0.18964	0.04134	0.00174	0.00723	0.00081	0.01725	0.00110	0.00108
3	0.00926	0.21416	0.55284	0.00332	0.03883	0.02948	0.04524	0.02457	0.00276	0.01485	0.02862	0.00296	0.00203	0.00124	0.00113	0.00037	0.00166	0.01941	0.00060	0.00665
4	0.00295	0.22730	0.06429	0.00364	0.00462	0.00347	0.38944	0.00396	0.08788	0.01913	0.05771	0.01377	0.00261	0.00138	0.00158	0.00040	0.11229	0.00126	0.00071	0.00163
5	0.01978	0.00231	0.00385	0.74767	0.13905	0.00274	0.01041	0.00335	0.00257	0.02771	0.00241	0.00357	0.00188	0.00129	0.00125	0.00041	0.00160	0.02605	0.00061	0.00148
6	0.00185	0.01878	0.00159	0.00149	0.00161	0.00137	0.00097	0.00202	0.01238	0.00284	0.06464	0.02249	0.09916	0.64229	0.06061	0.00104	0.02572	0.01623	0.02202	0.00090
7	0.03698	0.05504	0.30998	0.01754	0.00454	0.04949	0.16665	0.02533	0.01719	0.17309	0.00284	0.00770	0.01015	0.01508	0.00160	0.00042	0.10274	0.00112	0.00078	0.00174
8	0.00474	0.00349	0.00374	0.00287	0.00386	0.00386	0.00237	0.94428	0.00586	0.00785	0.00299	0.00299	0.00212	0.00150	0.00125	0.00037	0.00137	0.00112	0.00125	0.00212
9	0.00180	0.00130	0.00187	0.00187	0.00204	0.00147	0.00139	0.00213	0.00195	0.00278	0.00341	0.00548	0.00335	0.18955	0.73747	0.03618	0.00285	0.00142	0.00068	0.00102
10	0.00256	0.20082	0.19697	0.00264	0.03228	0.00272	0.03168	0.04505	0.02255	0.02208	0.00306	0.05692	0.00281	0.03681	0.28714	0.01820	0.00614	0.02740	0.00070	0.00146
11	0.00456	0.00538	0.00354	0.01577	0.00387	0.78934	0.01313	0.03446	0.02207	0.05832	0.00220	0.00248	0.00176	0.00134	0.00125	0.00034	0.03708	0.00087	0.00072	0.00151
12	0.00192	0.00144	0.00206	0.00201	0.00227	0.00165	0.00157	0.04798	0.00220	0.00313	0.00350	0.00501	0.01984	0.03383	0.86336	0.00187	0.00314	0.00136	0.00071	0.00115
13	0.02771	0.00134	0.00148	0.00138	0.00172	0.00136	0.02725	0.03748	0.00272	0.00469	0.02869	0.00457	0.00326	0.00157	0.00106	0.03479	0.00068	0.00118	0.81588	0.00119
14	0.02918	0.16767	0.19152	0.00304	0.04197	0.20922	0.02677	0.10922	0.02333	0.12392	0.02742	0.00294	0.00219	0.00133	0.00120	0.00036	0.02657	0.00098	0.00942	0.00174
15	0.00157	0.00113	0.00145	0.00168	0.00178	0.00106	0.00113	0.00179	0.00237	0.00314	0.01698	0.73914	0.06180	0.11883	0.00216	0.00059	0.00079	0.04051	0.00111	0.00099
16	0.00180	0.00120	0.00136	0.00137	0.00138	0.00120	0.00077	0.00181	0.00183	0.00244	0.00403	0.04296	0.00467	0.92122	0.00617	0.00118	0.00119	0.00188	0.00077	0.00076
17	0.00402	0.13073	0.03300	0.03055	0.00385	0.57958	0.00252	0.03057	0.00313	0.00319	0.00190	0.00236	0.00162	0.00141	0.00160	0.00036	0.16665	0.00086	0.00062	0.00148
18	0.00208	0.00170	0.04862	0.00217	0.02144	0.00163	0.02646	0.00245	0.00219	0.04642	0.01142	0.10154	0.01201	0.19043	0.40388	0.04160	0.03604	0.04597	0.00079	0.00113
19	0.00151	0.00121	0.00134	0.00142	0.00172	0.00105	0.00102	0.00181	0.00274	0.00340	0.06924	0.28078	0.60454	0.02045	0.00159	0.00046	0.00067	0.00285	0.00116	0.00104
20	0.00151	0.00110	0.00143	0.00170	0.00180	0.00102	0.00114	0.00174	0.00242	0.00320	0.00732	0.88099	0.08235	0.00384	0.00158	0.00050	0.00072	0.00347	0.00116	0.00102
21	0.01910	0.03997	0.00371	0.00318	0.02808	0.58425	0.02138	0.17313	0.04932	0.01339	0.00240	0.00281	0.00195	0.00140	0.00125	0.00035	0.03110	0.02083	0.00079	0.00161
22	0.00459	0.02226	0.01434	0.01652	0.00371	0.00306	0.03094	0.50726	0.03167	0.26983	0.02544	0.00350	0.00261	0.00148	0.00123	0.00037	0.00126	0.00117	0.00125	0.05750
23	0.01795	0.34606	0.25940	0.00314	0.09888	0.06214	0.00291	0.03740	0.03786	0.02870	0.00224	0.00254	0.00179	0.00115	0.00102	0.00032	0.00148	0.00085	0.00065	0.09350
24	0.37650	0.05743	0.13796	0.04226	0.06448	0.04694	0.03387	0.04387	0.04255	0.06693	0.02028	0.00286	0.01004	0.00565	0.00110	0.00038	0.01827	0.00094	0.00079	0.02689
25	0.00257	0.03146	0.00267	0.00184	0.00292	0.00174	0.00148	0.00312	0.00259	0.00401	0.00250	0.00284	0.02920	0.00099	0.00093	0.00019	0.00093	0.00079	0.00074	0.90648

[dist]
# distance from previous block
# <min> <max>
7	14

[block]
# block no. 2 follows, 260 sequences, length 25
# corresponding to MSA columns:
# 1157-1181
name=unknown_C
#
# <colnr> <probs for GDERKNQSTAVLIFYWHMCP>
#	G	D	E	R	K	N	Q	S	T	A	V	L	I	F	Y	W	H	M	C	P
0	0.00275	0.04243	0.03543	0.00422	0.00525	0.00922	0.63222	0.01488	0.00280	0.01552	0.01160	0.01247	0.04580	0.02585	0.11181	0.00062	0.02344	0.00147	0.00068	0.00156
1	0.00213	0.00110	0.00165	0.00165	0.00167	0.00112	0.00112	0.00167	0.00165	0.00222	0.00226	0.00387	0.00224	0.00472	0.07848	0.88894	0.00126	0.00110	0.00055	0.00059
2	0.00220	0.00127	0.00166	0.00176	0.00201	0.00116	0.00125	0.00249	0.00263	0.14500	0.03276	0.68367	0.03409	0.00331	0.00149	0.00047	0.00076	0.01321	0.06047	0.00836
3	0.00222	0.05997	0.00194	0.00167	0.00175	0.00134	0.00117	0.00178	0.00170	0.00225	0.00220	0.00373	0.00218	0.00438	0.05187	0.85639	0.00121	0.00107	0.00055	0.00063
4	0.00336	0.70118	0.15330	0.00245	0.00362	0.05312	0.00255	0.06176	0.00280	0.00340	0.00190	0.00217	0.00163	0.00112	0.00090	0.00030	0.00146	0.00074	0.00058	0.00166
5	0.00160	0.00128	0.00140	0.00141	0.00179	0.00110	0.00107	0.00197	0.00294	0.01315	0.16678	0.05761	0.67490	0.00309	0.00149	0.00043	0.00067	0.06500	0.00120	0.00109
6	0.00155	0.00127	0.00137	0.00137	0.00176	0.00109	0.00104	0.00192	0.00295	0.00367	0.18136	0.04030	0.71133	0.00308	0.00149	0.00042	0.00065	0.04111	0.00120	0.00108
7	0.00337	0.92696	0.00644	0.00217	0.00322	0.03478	0.00214	0.00377	0.00256	0.00294	0.00174	0.00201	0.00160	0.00107	0.00081	0.00027	0.00136	0.00067	0.00054	0.00159
8	0.00253	0.04551	0.91099	0.00349	0.00530	0.00298	0.00450	0.00394	0.00263	0.00390	0.00222	0.00260	0.00158	0.00118	0.00117	0.00039	0.00182	0.00091	0.00053	0.00183
9	0.00182	0.00122	0.00139	0.00140	0.00141	0.00122	0.00081	0.00184	0.00185	0.00247	0.00400	0.00828	0.00459	0.90936	0.02292	0.00120	0.00124	0.03143	0.00077	0.00077
10	0.00156	0.00127	0.00138	0.00137	0.00175	0.00109	0.00104	0.00195	0.00300	0.00377	0.23919	0.03004	0.67603	0.00303	0.00148	0.00042	0.00064	0.02869	0.00121	0.00108
11	0.00180	0.00132	0.00197	0.00197	0.00217	0.00152	0.00151	0.00218	0.00198	0.00284	0.00328	0.00488	0.00308	0.02578	0.87626	0.06122	0.00316	0.00133	0.00066	0.00107
12	0.00294	0.00336	0.00735	0.00525	0.00651	0.00315	0.94391	0.00399	0.00294	0.00399	0.00252	0.00336	0.00189	0.00105	0.00147	0.00042	0.00210	0.00147	0.00063	0.00168
13	0.00181	0.00122	0.00142	0.00142	0.00144	0.00124	0.00083	0.00185	0.00183	0.00246	0.00387	0.00785	0.00440	0.86884	0.09353	0.00128	0.00140	0.00177	0.00075	0.00079
14	0.00326	0.00373	0.05164	0.00457	0.00574	0.10556	0.66066	0.06222	0.06844	0.01750	0.00268	0.00328	0.00201	0.00116	0.00139	0.00041	0.00197	0.00134	0.00072	0.00172
15	0.00454	0.02444	0.01449	0.00293	0.02531	0.02173	0.00238	0.76217	0.03737	0.05090	0.00305	0.00308	0.00219	0.00150	0.00131	0.00038	0.02791	0.00112	0.01115	0.00205
16	0.00182	0.00121	0.00142	0.00142	0.00144	0.00123	0.00083	0.00184	0.00183	0.00245	0.00386	0.01830	0.00439	0.84319	0.07846	0.03166	0.00136	0.00177	0.00075	0.00078
17	0.00385	0.00232	0.00260	0.00211	0.00282	0.00242	0.00896	0.37316	0.03549	0.17110	0.03575	0.00413	0.00989	0.00154	0.00113	0.00035	0.00100	0.00122	0.33846	0.00174
18	0.00307	0.00288	0.00457	0.06607	0.01953	0.05447	0.36295	0.10125	0.11953	0.04583	0.06839	0.06586	0.04827	0.00165	0.00145	0.00042	0.02385	0.00741	0.00092	0.00164
19	0.00189	0.00133	0.00194	0.00191	0.00207	0.00150	0.01016	0.00211	0.00193	0.00274	0.00318	0.00506	0.00309	0.13053	0.62921	0.16176	0.02509	0.00135	0.01216	0.00098
20	0.00242	0.00225	0.00370	0.82916	0.03889	0.00273	0.01679	0.03284	0.00263	0.00340	0.00270	0.00368	0.04059	0.00133	0.00125	0.00041	0.00160	0.00118	0.01105	0.00141
21	0.02263	0.01994	0.00320	0.01401	0.00337	0.16126	0.04572	0.27076	0.03696	0.17506	0.00339	0.00958	0.00255	0.00166	0.01849	0.00424	0.02916	0.02082	0.15546	0.00172
22	0.00294	0.00289	0.00434	0.38901	0.39222	0.08650	0.04086	0.02011	0.00283	0.01239	0.01309	0.00342	0.00204	0.00125	0.00125	0.00039	0.00162	0.02055	0.00063	0.00165
23	0.00223	0.00169	0.00198	0.00191	0.00229	0.03150	0.01236	0.01220	0.13670	0.05510	0.24275	0.32183	0.09093	0.00890	0.00932	0.00045	0.00085	0.02601	0.00120	0.03978
24	0.05046	0.07420	0.01732	0.02937	0.17005	0.03686	0.02506	0.15925	0.04483	0.29252	0.00780	0.03612	0.01025	0.00152	0.00127	0.00038	0.02151	0.01828	0.00106	0.00187

[dist]
# distance from previous block
# <min> <max>
4	13

[block]
# block no. 3 follows, 260 sequences, length 7
# corresponding to MSA columns:
# 1225-1231
name=unknown_D
#
# <colnr> <probs for GDERKNQSTAVLIFYWHMCP>
#	G	D	E	R	K	N	Q	S	T	A	V	L	I	F	Y	W	H	M	C	P
0	0.00287	0.25993	0.60529	0.00321	0.00475	0.06176	0.03829	0.00395	0.00267	0.00362	0.00209	0.00247	0.00160	0.00115	0.00109	0.00036	0.00174	0.00087	0.00054	0.00175
1	0.00218	0.05876	0.09890	0.01963	0.03022	0.00180	0.03846	0.03793	0.00288	0.04942	0.06170	0.18716	0.34705	0.02659	0.00153	0.00044	0.00099	0.03203	0.00103	0.00131
2	0.02711	0.06742	0.20334	0.01623	0.03175	0.05937	0.16392	0.04499	0.03700	0.12630	0.03560	0.02678	0.07320	0.00164	0.01139	0.00041	0.04274	0.01220	0.00085	0.01774
3	0.01535	0.03676	0.01228	0.03913	0.01602	0.04181	0.03148	0.02759	0.02541	0.03190	0.10545	0.27035	0.07166	0.13325	0.05095	0.00062	0.00116	0.06224	0.01063	0.01597
4	0.00169	0.00164	0.09450	0.00186	0.00215	0.00123	0.00149	0.00206	0.00247	0.00339	0.03168	0.68660	0.04953	0.02997	0.00164	0.00050	0.00084	0.03359	0.05207	0.00110
5	0.03840	0.00270	0.03470	0.32060	0.25360	0.04728	0.04003	0.02495	0.01893	0.07852	0.00308	0.07554	0.01502	0.00152	0.00132	0.00041	0.02105	0.01998	0.00076	0.00161
6	0.03073	0.16111	0.31402	0.04951	0.03880	0.04141	0.04084	0.11560	0.02832	0.06540	0.00289	0.02472	0.01958	0.00135	0.00113	0.00037	0.00148	0.00107	0.05994	0.00173

[dist]
# distance from previous block
# <min> <max>
0	29

[block]
# block no. 4 follows, 260 sequences, length 33
# corresponding to MSA columns:
# 1264-1296
name=unknown_E
#
# <colnr> <probs for GDERKNQSTAVLIFYWHMCP>
#	G	D	E	R	K	N	Q	S	T	A	V	L	I	F	Y	W	H	M	C	P
0	0.07371	0.06710	0.00312	0.00226	0.01986	0.03523	0.04218	0.07474	0.04251	0.02213	0.01955	0.01891	0.01195	0.00129	0.01262	0.00029	0.01551	0.00095	0.01341	0.52269
1	0.04457	0.02524	0.04079	0.02480	0.25056	0.15929	0.28139	0.06602	0.01124	0.01276	0.00259	0.01007	0.00214	0.00139	0.01292	0.00041	0.01055	0.04085	0.00071	0.00170
2	0.00204	0.00153	0.00180	0.00171	0.00214	0.00145	0.01071	0.00290	0.13439	0.04928	0.27796	0.08640	0.36188	0.00272	0.00145	0.00042	0.00074	0.04353	0.00124	0.01572
3	0.00214	0.00110	0.00165	0.00165	0.00166	0.00111	0.00111	0.00166	0.00165	0.00221	0.00224	0.00386	0.00223	0.00467	0.06894	0.89864	0.00123	0.00110	0.00055	0.00058
4	0.12892	0.03901	0.00349	0.00281	0.00364	0.38838	0.00224	0.39036	0.02095	0.00538	0.00239	0.00256	0.00182	0.00135	0.00112	0.00035	0.00167	0.00092	0.00091	0.00172
5	0.00246	0.00159	0.00185	0.00164	0.00211	0.00152	0.00127	0.08246	0.03456	0.06366	0.38921	0.00696	0.09874	0.00205	0.00125	0.00035	0.00072	0.00173	0.23937	0.06649
6	0.00238	0.00212	0.00282	0.00253	0.00280	0.04249	0.03924	0.04583	0.03814	0.00345	0.06711	0.06146	0.01422	0.02243	0.37486	0.00109	0.26654	0.00845	0.00077	0.00129
7	0.04272	0.01570	0.00333	0.00262	0.00348	0.07071	0.01841	0.58579	0.06861	0.02323	0.04664	0.00376	0.04264	0.00157	0.00121	0.00037	0.00129	0.00121	0.04248	0.02424
8	0.00175	0.00127	0.00165	0.00156	0.00186	0.00117	0.00117	0.00233	0.00351	0.00495	0.91834	0.00939	0.04123	0.00257	0.00147	0.00039	0.00059	0.00227	0.00136	0.00117
9	0.00154	0.00111	0.00146	0.00172	0.00183	0.00103	0.00118	0.00177	0.00244	0.00322	0.00728	0.84688	0.07664	0.00383	0.00159	0.00050	0.00073	0.04307	0.00116	0.00102
10	0.00441	0.00526	0.00353	0.11090	0.00436	0.77015	0.00250	0.03031	0.01526	0.03905	0.00214	0.00249	0.00171	0.00130	0.00115	0.00034	0.00210	0.00087	0.00069	0.00149
11	0.00189	0.00144	0.00185	0.00185	0.03779	0.00138	0.00132	0.00264	0.06716	0.01048	0.68368	0.00886	0.12605	0.00281	0.04487	0.00047	0.00078	0.00215	0.00128	0.00125
12	0.00155	0.00108	0.00145	0.00173	0.00180	0.00102	0.00115	0.00173	0.00235	0.00314	0.00667	0.91516	0.00798	0.00392	0.00173	0.04123	0.00074	0.00344	0.00113	0.00099
13	0.00215	0.04548	0.00297	0.00250	0.00277	0.00234	0.06562	0.00258	0.00208	0.00301	0.00296	0.04440	0.00286	0.03205	0.53902	0.00136	0.23527	0.00136	0.00800	0.00122
14	0.04071	0.00326	0.00381	0.00335	0.10766	0.00355	0.03542	0.71191	0.01095	0.01485	0.01447	0.00314	0.00224	0.00150	0.00892	0.00039	0.00137	0.00114	0.02937	0.00201
15	0.00157	0.00112	0.00145	0.00167	0.00177	0.00105	0.00112	0.00180	0.00244	0.00325	0.07548	0.73492	0.05107	0.09877	0.00205	0.00056	0.00076	0.01698	0.00113	0.00100
16	0.00163	0.00126	0.00148	0.00144	0.00178	0.00112	0.00107	0.00209	0.00320	0.00424	0.51350	0.03248	0.42453	0.00285	0.00147	0.00041	0.00061	0.00245	0.00127	0.00112
17	0.02558	0.20701	0.16994	0.00384	0.04805	0.00336	0.35658	0.04414	0.02213	0.10377	0.00260	0.00300	0.00194	0.00117	0.00121	0.00037	0.00167	0.00113	0.00073	0.00177
18	0.00294	0.00280	0.00474	0.19749	0.73896	0.00293	0.00371	0.00376	0.02340	0.00392	0.00238	0.00317	0.00195	0.00115	0.00124	0.00038	0.00151	0.00112	0.00062	0.00186
19	0.00475	0.00346	0.00372	0.00285	0.00385	0.00383	0.00236	0.92621	0.00581	0.02599	0.00303	0.00302	0.00214	0.00150	0.00125	0.00037	0.00137	0.00112	0.00125	0.00212
20	0.06878	0.00418	0.01318	0.15042	0.16058	0.40589	0.14283	0.02763	0.00312	0.00887	0.00216	0.00273	0.00172	0.00121	0.00119	0.00037	0.00189	0.00100	0.00065	0.00158
21	0.00152	0.00127	0.00133	0.00133	0.00173	0.00108	0.00100	0.00188	0.00292	0.00357	0.12520	0.01172	0.80983	0.00309	0.00148	0.00042	0.00064	0.02773	0.00118	0.00107
22	0.00369	0.00428	0.03933	0.00329	0.06294	0.46994	0.06814	0.06606	0.07160	0.00924	0.07174	0.07787	0.01554	0.00171	0.00895	0.00038	0.01604	0.00691	0.00083	0.00153
23	0.07261	0.03936	0.48080	0.12250	0.04225	0.00282	0.06937	0.02050	0.01230	0.07703	0.00265	0.04284	0.00205	0.00137	0.00601	0.00040	0.00162	0.00111	0.00068	0.00172
24	0.00291	0.00290	0.00602	0.00441	0.00544	0.00276	0.69833	0.00380	0.00288	0.06788	0.03872	0.04728	0.00274	0.00194	0.07465	0.00054	0.02441	0.00156	0.00919	0.00161
25	0.00153	0.00110	0.00144	0.00170	0.00179	0.00102	0.00114	0.00176	0.00242	0.00322	0.02113	0.87846	0.05032	0.01712	0.00164	0.00051	0.00072	0.00344	0.00853	0.00101
26	0.00678	0.02651	0.36759	0.01446	0.08427	0.01669	0.03515	0.04562	0.00306	0.19878	0.08786	0.04853	0.02881	0.00166	0.01203	0.00041	0.00661	0.00132	0.00705	0.00680
27	0.01262	0.00200	0.05642	0.00201	0.00273	0.00163	0.00170	0.00424	0.00866	0.46334	0.30230	0.01269	0.07026	0.00233	0.04504	0.00047	0.00103	0.00752	0.00135	0.00167
28	0.01129	0.06674	0.05707	0.00567	0.01180	0.01329	0.08989	0.01875	0.03934	0.06253	0.05505	0.05029	0.04892	0.02460	0.34750	0.00101	0.02094	0.07312	0.00085	0.00136
29	0.08631	0.00725	0.00864	0.10152	0.23275	0.10249	0.09967	0.03577	0.13765	0.12585	0.02278	0.00365	0.00971	0.01303	0.00129	0.00040	0.00144	0.00716	0.00088	0.00175
30	0.00391	0.01157	0.09193	0.12684	0.09297	0.10927	0.03244	0.29845	0.04021	0.12631	0.00302	0.00348	0.00226	0.00144	0.00131	0.00039	0.02218	0.02924	0.00096	0.00184
31	0.63485	0.02372	0.00689	0.00223	0.02481	0.11589	0.05353	0.00378	0.00239	0.01050	0.00199	0.00237	0.00158	0.00123	0.00103	0.00038	0.04474	0.00080	0.06588	0.00139
32	0.37196	0.01389	0.20531	0.05984	0.07190	0.07242	0.02125	0.07009	0.01140	0.02442	0.00647	0.01217	0.00179	0.00125	0.00103	0.00038	0.00137	0.00534	0.00970	0.03803

[dist]
# distance from previous block
# <min> <max>
4	20

[block]
# block no. 5 follows, 260 sequences, length 6
# corresponding to MSA columns:
# 1404-1409
name=unknown_F
#
# <colnr> <probs for GDERKNQSTAVLIFYWHMCP>
#	G	D	E	R	K	N	Q	S	T	A	V	L	I	F	Y	W	H	M	C	P
0	0.00241	0.00277	0.24488	0.00216	0.00298	0.00175	0.00214	0.00321	0.02096	0.10061	0.37365	0.03061	0.07354	0.02208	0.02623	0.00044	0.00108	0.00170	0.01777	0.06902
1	0.14549	0.05663	0.00322	0.00278	0.10626	0.00254	0.00203	0.15248	0.00357	0.43721	0.07242	0.00384	0.00311	0.00148	0.00117	0.00038	0.00112	0.00117	0.00121	0.00189
2	0.65425	0.04756	0.10572	0.00204	0.00293	0.00291	0.00189	0.09479	0.00261	0.00538	0.00225	0.00303	0.00187	0.00135	0.00093	0.00039	0.00113	0.06670	0.00081	0.00148
3	0.00322	0.14391	0.44262	0.00310	0.01992	0.10267	0.01740	0.05155	0.06920	0.07145	0.01689	0.00303	0.01623	0.00131	0.00119	0.00037	0.01589	0.00100	0.00073	0.01832
4	0.00183	0.00129	0.00176	0.00179	0.00193	0.00140	0.00130	0.00209	0.00200	0.00277	0.00380	0.00687	0.00396	0.33869	0.48464	0.04743	0.00228	0.09247	0.00074	0.00096
5	0.71651	0.00240	0.00195	0.00173	0.00247	0.04261	0.00140	0.00377	0.00241	0.10627	0.00327	0.00336	0.10487	0.00142	0.00091	0.00039	0.00099	0.00096	0.00089	0.00140

[dist]
# distance from previous block
# <min> <max>
0	1

[block]
# block no. 6 follows, 260 sequences, length 39
# corresponding to MSA columns:
# 1411-1449
name=unknown_G
#
# <colnr> <probs for GDERKNQSTAVLIFYWHMCP>
#	G	D	E	R	K	N	Q	S	T	A	V	L	I	F	Y	W	H	M	C	P
0	0.00272	0.00246	0.00352	0.20826	0.13097	0.00966	0.01199	0.08158	0.02331	0.00376	0.00293	0.05812	0.03367	0.01747	0.01423	0.00048	0.33187	0.00132	0.06020	0.00147
1	0.00349	0.05097	0.00338	0.00248	0.00344	0.10836	0.04107	0.26078	0.05770	0.01894	0.01508	0.02230	0.00234	0.00130	0.00111	0.00030	0.00126	0.01269	0.00092	0.39212
2	0.00155	0.00112	0.00148	0.00175	0.00184	0.00105	0.00119	0.00182	0.01193	0.00324	0.01566	0.88936	0.02684	0.00384	0.00159	0.00050	0.00074	0.03233	0.00116	0.00103
3	0.00178	0.00133	0.00197	0.00197	0.00219	0.00154	0.00152	0.00221	0.00199	0.00287	0.00336	0.00504	0.00318	0.05227	0.90843	0.00197	0.00324	0.00136	0.00067	0.00110
4	0.00291	0.00272	0.00452	0.24834	0.59901	0.00290	0.01570	0.04621	0.00283	0.00394	0.00239	0.00330	0.00198	0.02480	0.02019	0.00044	0.01428	0.00114	0.00063	0.00177
5	0.00235	0.00192	0.00264	0.00276	0.03803	0.04925	0.06665	0.01332	0.00290	0.01838	0.00565	0.02675	0.00600	0.00301	0.00175	0.01104	0.03284	0.71245	0.00105	0.00125
6	0.00153	0.00109	0.00146	0.00174	0.00182	0.00102	0.00117	0.00175	0.00239	0.00319	0.00686	0.94005	0.00822	0.00390	0.00159	0.00051	0.00073	0.01880	0.00116	0.00101
7	0.96501	0.00241	0.00183	0.00164	0.00241	0.00280	0.00135	0.00366	0.00212	0.00559	0.00174	0.00202	0.00135	0.00116	0.00077	0.00039	0.00096	0.00067	0.00077	0.00135
8	0.00178	0.00133	0.00196	0.00196	0.00217	0.00154	0.00151	0.00220	0.00199	0.00286	0.00337	0.00510	0.00320	0.06812	0.89262	0.00195	0.00321	0.00136	0.00067	0.00109
9	0.00182	0.00121	0.00138	0.00138	0.00139	0.00122	0.00078	0.00184	0.00183	0.00247	0.00391	0.00799	0.00446	0.91063	0.03698	0.00122	0.00127	0.00179	0.01566	0.00077
10	0.00481	0.00337	0.00366	0.00281	0.00380	0.00368	0.00232	0.86025	0.00565	0.09217	0.00316	0.00310	0.00221	0.00150	0.00125	0.00038	0.00134	0.00113	0.00127	0.00212
11	0.00153	0.00117	0.00140	0.00158	0.00179	0.00106	0.00111	0.00182	0.01094	0.00330	0.01868	0.56693	0.35649	0.00358	0.00155	0.00047	0.00070	0.02370	0.00116	0.00104
12	0.00157	0.00126	0.00141	0.00138	0.00175	0.00109	0.00103	0.00198	0.00305	0.00391	0.32906	0.04937	0.59278	0.00298	0.00148	0.00041	0.00062	0.00254	0.00123	0.00109
13	0.88037	0.00242	0.01097	0.00168	0.00245	0.00274	0.00140	0.02129	0.00225	0.03031	0.00192	0.00219	0.00147	0.00118	0.00080	0.00038	0.00097	0.00072	0.03309	0.00138
14	0.00158	0.00119	0.00171	0.00189	0.00202	0.00111	0.04339	0.00184	0.00241	0.00322	0.00667	0.91275	0.00796	0.00378	0.00159	0.00050	0.00078	0.00345	0.00113	0.00104
15	0.00162	0.00114	0.00149	0.00175	0.00185	0.00108	0.00119	0.02038	0.00248	0.00335	0.01524	0.87582	0.00795	0.00375	0.00156	0.00050	0.00074	0.02091	0.03616	0.00104
16	0.00235	0.00221	0.00374	0.95321	0.00858	0.00277	0.00346	0.00318	0.00249	0.00318	0.00221	0.00332	0.00166	0.00125	0.00125	0.00042	0.00166	0.00111	0.00055	0.00138
17	0.00168	0.00123	0.00158	0.00166	0.00187	0.00115	0.00118	0.00217	0.02615	0.00414	0.46902	0.41762	0.05245	0.00315	0.00152	0.00044	0.00066	0.00995	0.00126	0.00112
18	0.00273	0.00273	0.00382	0.00327	0.00327	0.00382	0.00273	0.00300	0.00191	0.00300	0.00164	0.00273	0.00164	0.00218	0.00409	0.00055	0.95393	0.00109	0.00055	0.00136
19	0.00310	0.00214	0.00234	0.00198	0.00256	0.00229	0.00157	0.33384	0.08820	0.00591	0.23775	0.00522	0.00499	0.00176	0.00119	0.00036	0.00090	0.00144	0.30088	0.00157
20	0.00164	0.00124	0.00181	0.00198	0.00213	0.00117	0.05038	0.00194	0.00246	0.00328	0.00661	0.81039	0.00780	0.00371	0.00160	0.00051	0.00084	0.09832	0.00113	0.00106
21	0.00155	0.00111	0.00148	0.00175	0.00182	0.00106	0.00117	0.00177	0.00239	0.00320	0.00682	0.91909	0.01834	0.00384	0.00162	0.00050	0.01481	0.00347	0.01321	0.00102
22	0.87839	0.00234	0.00185	0.00164	0.00240	0.00268	0.00135	0.00374	0.00221	0.04833	0.00198	0.00224	0.00151	0.00119	0.00080	0.00038	0.00095	0.00072	0.04392	0.00138
23	0.00335	0.94198	0.00648	0.00215	0.00321	0.01983	0.00214	0.00375	0.00255	0.00293	0.00174	0.00200	0.00160	0.00107	0.00080	0.00027	0.00135	0.00067	0.00053	0.00160
24	0.00181	0.00133	0.00188	0.00186	0.00206	0.00148	0.00138	0.00216	0.00198	0.00282	0.00343	0.00554	0.00339	0.21767	0.71476	0.00177	0.00280	0.00142	0.00069	0.02976
25	0.00856	0.00218	0.00273	0.06583	0.00323	0.00259	0.00201	0.10881	0.27520	0.00821	0.00777	0.00441	0.00304	0.02377	0.36337	0.00105	0.10547	0.00935	0.00090	0.00152
26	0.00241	0.00212	0.00373	0.00306	0.00366	0.00205	0.32884	0.06322	0.03719	0.02305	0.00487	0.43609	0.00512	0.00250	0.00148	0.00045	0.00127	0.03341	0.04408	0.00138
27	0.02146	0.00216	0.00290	0.00222	0.00319	0.00190	0.00184	0.02990	0.00360	0.90972	0.00481	0.00417	0.00303	0.00153	0.00124	0.00039	0.00107	0.00124	0.00152	0.00211
28	0.00151	0.00114	0.00140	0.00159	0.00177	0.00103	0.00110	0.00177	0.00255	0.00329	0.03547	0.65620	0.27937	0.00365	0.00155	0.00048	0.00069	0.00324	0.00116	0.00103
29	0.01591	0.00297	0.00509	0.07604	0.73256	0.01029	0.10097	0.02285	0.01376	0.00410	0.00239	0.00313	0.00196	0.00113	0.00125	0.00038	0.00155	0.00114	0.00064	0.00189
30	0.00237	0.00179	0.00212	0.00200	0.00244	0.00187	0.00158	0.05565	0.24981	0.01229	0.42698	0.00830	0.01873	0.00236	0.00142	0.00042	0.00083	0.15895	0.04866	0.00144
31	0.00179	0.00121	0.00161	0.00180	0.00198	0.00113	0.00131	0.00211	0.00263	0.04582	0.09180	0.64337	0.05134	0.00357	0.00158	0.00050	0.00079	0.14336	0.00119	0.00110
32	0.01471	0.30599	0.48139	0.00301	0.00446	0.00344	0.04990	0.01041	0.00274	0.10960	0.00239	0.00264	0.00177	0.00118	0.00108	0.00035	0.00159	0.00090	0.00066	0.00178
33	0.03949	0.13496	0.01402	0.01001	0.01744	0.51468	0.00224	0.01333	0.00309	0.02408	0.04442	0.00280	0.00219	0.01005	0.02811	0.00039	0.07663	0.00091	0.00866	0.05251
34	0.00155	0.00126	0.00137	0.00137	0.00174	0.00108	0.00102	0.00192	0.00296	0.00370	0.20646	0.05660	0.69065	0.00307	0.00148	0.00042	0.00064	0.02042	0.00120	0.00108
35	0.00285	0.26716	0.55043	0.00337	0.02884	0.03618	0.07890	0.00391	0.00267	0.00365	0.01022	0.00257	0.00171	0.00115	0.00110	0.00036	0.00172	0.00091	0.00055	0.00175
36	0.00161	0.00117	0.00148	0.00169	0.00182	0.00110	0.00115	0.01642	0.00251	0.00332	0.05290	0.69918	0.10457	0.07340	0.00192	0.00054	0.00077	0.03228	0.00114	0.00103
37	0.04696	0.03151	0.00348	0.00300	0.01822	0.56032	0.00228	0.16618	0.02873	0.01870	0.00232	0.00278	0.00192	0.04473	0.00915	0.00040	0.05605	0.00094	0.00078	0.00155
38	0.00309	0.02392	0.00491	0.09061	0.63234	0.03905	0.08681	0.02184	0.04950	0.00405	0.00246	0.00314	0.00201	0.00115	0.00123	0.00037	0.00153	0.00112	0.00066	0.03019

[dist]
# distance from previous block
# <min> <max>
2	16

[block]
# block no. 7 follows, 260 sequences, length 34
# corresponding to MSA columns:
# 1498,1500-1519,1540-1552
name=unknown_H
#
# <colnr> <probs for GDERKNQSTAVLIFYWHMCP>
#	G	D	E	R	K	N	Q	S	T	A	V	L	I	F	Y	W	H	M	C	P
0	0.05011	0.00798	0.04042	0.64338	0.06353	0.01907	0.01167	0.00341	0.05159	0.00349	0.00259	0.05493	0.00214	0.00147	0.00595	0.00042	0.03092	0.00122	0.00425	0.00145
1	0.00182	0.00139	0.00170	0.00162	0.00191	0.02466	0.00121	0.00237	0.00343	0.00477	0.82897	0.05575	0.05257	0.00261	0.00149	0.00040	0.00855	0.00229	0.00133	0.00117
2	0.00273	0.00232	0.00278	0.00229	0.00313	0.01282	0.04446	0.04135	0.25784	0.00858	0.00400	0.03545	0.02243	0.00165	0.00120	0.00034	0.00105	0.13067	0.00098	0.42396
3	0.02846	0.00290	0.11743	0.00246	0.00347	0.03872	0.00220	0.01418	0.15557	0.60270	0.00437	0.00395	0.00289	0.00150	0.00123	0.00039	0.00119	0.00120	0.00131	0.01390
4	0.02390	0.00143	0.00154	0.00141	0.00183	0.00141	0.00109	0.04375	0.00287	0.14122	0.00416	0.02795	0.00322	0.00152	0.00096	0.00032	0.00070	0.00122	0.73816	0.00134
5	0.00268	0.00277	0.00462	0.00369	0.00415	0.02316	0.30938	0.00330	0.02566	0.00339	0.00258	0.08808	0.00245	0.00236	0.05847	0.00058	0.45915	0.00145	0.00065	0.00144
6	0.00166	0.00125	0.00146	0.00143	0.00171	0.00113	0.00103	0.00203	0.00294	0.00389	0.40574	0.04029	0.35354	0.16668	0.00231	0.00055	0.00072	0.00940	0.00118	0.00105
7	0.00380	0.00892	0.00313	0.00261	0.00342	0.01374	0.02591	0.15793	0.59358	0.16583	0.00459	0.00424	0.00332	0.00161	0.00126	0.00041	0.00111	0.00133	0.00128	0.00201
8	0.00287	0.00230	0.00256	0.00244	0.02598	0.00255	0.00182	0.01608	0.63638	0.04968	0.05698	0.14698	0.02222	0.00210	0.00133	0.00043	0.00094	0.01569	0.00891	0.00176
9	0.03957	0.00162	0.00211	0.00204	0.00230	0.02494	0.00157	0.03129	0.00219	0.01725	0.00330	0.02432	0.00312	0.07980	0.68258	0.00161	0.05229	0.00135	0.02559	0.00116
10	0.00178	0.00134	0.00200	0.00200	0.00223	0.00156	0.00156	0.00223	0.00200	0.00289	0.00334	0.00490	0.00312	0.00935	0.95127	0.00200	0.00334	0.00134	0.00067	0.00111
11	0.00187	0.00146	0.00215	0.00209	0.00228	0.00176	0.00163	0.00228	0.00198	0.00288	0.00320	0.00485	0.00304	0.05791	0.80953	0.00182	0.09614	0.00134	0.00066	0.00112
12	0.00184	0.00131	0.00176	0.00166	0.00197	0.00121	0.01688	0.00239	0.00337	0.02534	0.76942	0.09549	0.04801	0.00267	0.00148	0.00041	0.00065	0.02163	0.00133	0.00118
13	0.93258	0.00242	0.00188	0.00167	0.00244	0.00279	0.00137	0.01458	0.00220	0.02660	0.00182	0.00208	0.00140	0.00117	0.00079	0.00039	0.00097	0.00069	0.00079	0.00138
14	0.00183	0.00121	0.00139	0.00138	0.00141	0.00121	0.00080	0.00187	0.00188	0.00256	0.02728	0.00788	0.00457	0.85384	0.03577	0.02189	0.00124	0.00177	0.02943	0.00078
15	0.02661	0.00247	0.00291	0.00228	0.00315	0.00248	0.00187	0.34393	0.00424	0.43544	0.03817	0.00397	0.00302	0.00154	0.00120	0.00037	0.00109	0.00122	0.12208	0.00195
16	0.00185	0.00144	0.00214	0.00210	0.00230	0.00172	0.00164	0.00228	0.00200	0.00290	0.00321	0.00474	0.00301	0.00882	0.88131	0.00190	0.07355	0.00132	0.00066	0.00113
17	0.00184	0.00133	0.00178	0.00202	0.00225	0.00130	0.00163	0.00231	0.01739	0.00353	0.02303	0.30326	0.05191	0.04442	0.00186	0.00057	0.00098	0.53638	0.00114	0.00110
18	0.00228	0.00149	0.00207	0.00226	0.00261	0.00147	0.00196	0.00288	0.01470	0.07416	0.03612	0.01304	0.01355	0.00325	0.00167	0.00055	0.00112	0.82240	0.00119	0.00123
19	0.00203	0.00150	0.00200	0.00220	0.00249	0.00152	0.00902	0.02295	0.07752	0.00380	0.00647	0.25028	0.01294	0.00336	0.00164	0.00054	0.00104	0.59632	0.00116	0.00120
20	0.08016	0.00231	0.00366	0.75614	0.03281	0.00287	0.01151	0.00323	0.00242	0.00339	0.00213	0.00316	0.00164	0.00132	0.00147	0.00042	0.08831	0.00107	0.00057	0.00140
21	0.00255	0.00247	0.00378	0.84457	0.04858	0.05214	0.00340	0.02176	0.00263	0.00331	0.00222	0.00325	0.00168	0.00125	0.00124	0.00041	0.00168	0.00109	0.00057	0.00143
22	0.00179	0.00132	0.00196	0.00196	0.00217	0.00153	0.00151	0.00219	0.00198	0.00285	0.00333	0.00500	0.00315	0.04875	0.88361	0.03061	0.00318	0.00135	0.00067	0.00108
23	0.05589	0.00258	0.01269	0.04378	0.00889	0.00706	0.25025	0.09155	0.02935	0.22110	0.07506	0.01277	0.02644	0.00144	0.00126	0.00037	0.00133	0.01294	0.00101	0.14422
24	0.00329	0.90750	0.05560	0.00221	0.00331	0.00482	0.00226	0.00374	0.00254	0.00298	0.00176	0.00203	0.00160	0.00107	0.00082	0.00027	0.00136	0.00068	0.00053	0.00161
25	0.00547	0.00217	0.00291	0.00224	0.00320	0.00193	0.00185	0.02431	0.04406	0.89051	0.00489	0.00423	0.00310	0.00155	0.00125	0.00039	0.00106	0.00126	0.00152	0.00211
26	0.00177	0.00149	0.00154	0.00148	0.00192	0.00823	0.00112	0.03430	0.08252	0.00384	0.10896	0.02442	0.71814	0.00291	0.00145	0.00042	0.00069	0.00244	0.00119	0.00118
27	0.02456	0.00256	0.01969	0.67949	0.19438	0.02599	0.00345	0.02183	0.00264	0.00351	0.00223	0.00320	0.00172	0.00123	0.00125	0.00040	0.00867	0.00109	0.00059	0.00152
28	0.01497	0.00218	0.00248	0.00225	0.00285	0.01309	0.00181	0.08683	0.34957	0.11659	0.18576	0.00708	0.01891	0.00214	0.00137	0.00043	0.00098	0.16953	0.01952	0.00166
29	0.00179	0.00120	0.00140	0.00143	0.00144	0.00120	0.00083	0.00182	0.00189	0.00253	0.01526	0.10071	0.00488	0.79757	0.03819	0.02310	0.00122	0.00195	0.00079	0.00079
30	0.00376	0.00253	0.00281	0.00232	0.00305	0.01639	0.00186	0.36322	0.14874	0.15507	0.15240	0.03548	0.04823	0.00186	0.00129	0.00039	0.00106	0.00970	0.04805	0.00180
31	0.01272	0.02761	0.00362	0.00300	0.00357	0.32974	0.00240	0.19821	0.06180	0.04255	0.00238	0.00277	0.00192	0.00161	0.00200	0.00040	0.27676	0.00100	0.00081	0.02512
32	0.00202	0.00151	0.00155	0.00147	0.00192	0.02580	0.00112	0.01190	0.03971	0.06636	0.10233	0.03337	0.62149	0.00275	0.00139	0.00040	0.00072	0.00229	0.08070	0.00120
33	0.00152	0.00110	0.00143	0.00171	0.00180	0.00101	0.00114	0.00174	0.00241	0.00319	0.00723	0.89551	0.06789	0.00386	0.00158	0.00050	0.00072	0.00348	0.00116	0.00101

[dist]
# distance from previous block
# <min> <max>
0	1

[block]
# block no. 8 follows, 260 sequences, length 8
# corresponding to MSA columns:
# 1554-1556,1560-1564
name=unknown_I
#
# <colnr> <probs for GDERKNQSTAVLIFYWHMCP>
#	G	D	E	R	K	N	Q	S	T	A	V	L	I	F	Y	W	H	M	C	P
0	0.00184	0.00137	0.00189	0.00186	0.00200	0.00156	0.00136	0.00213	0.00200	0.00283	0.02990	0.06120	0.00399	0.29750	0.51668	0.00153	0.06700	0.00162	0.00073	0.00102
1	0.00181	0.00158	0.00201	0.00198	0.04142	0.01783	0.06522	0.00229	0.01975	0.00371	0.16440	0.05405	0.53390	0.03919	0.00166	0.00045	0.00084	0.04561	0.00111	0.00117
2	0.02731	0.00300	0.00489	0.00373	0.00465	0.06450	0.44280	0.12476	0.02856	0.08978	0.00358	0.06014	0.01902	0.03033	0.00159	0.00045	0.01476	0.07363	0.00090	0.00164
3	0.00252	0.00233	0.00382	0.84524	0.07031	0.00283	0.00343	0.04842	0.00268	0.00347	0.00226	0.00329	0.00170	0.00125	0.00125	0.00041	0.00164	0.00111	0.00059	0.00146
4	0.00290	0.00204	0.00237	0.00219	0.00276	0.00217	0.00172	0.00479	0.44129	0.13413	0.12344	0.09003	0.06325	0.00228	0.00139	0.00044	0.00092	0.11895	0.00129	0.00165
5	0.00295	0.00290	0.02130	0.21222	0.51057	0.04126	0.02840	0.03738	0.06695	0.00401	0.00301	0.00376	0.04135	0.00132	0.00126	0.00039	0.00150	0.01702	0.00070	0.00177
6	0.05735	0.00333	0.00473	0.06462	0.02309	0.14057	0.35809	0.09771	0.08085	0.05391	0.00303	0.01336	0.01757	0.00149	0.01484	0.00042	0.02801	0.02118	0.00082	0.01503
7	0.00203	0.00163	0.00216	0.00209	0.00240	0.02684	0.03817	0.01547	0.00246	0.00336	0.02879	0.17190	0.04728	0.09712	0.26195	0.00095	0.03833	0.16433	0.02624	0.06648

[dist]
# distance from previous block
# <min> <max>
4	23

[block]
# block no. 9 follows, 260 sequences, length 25
# corresponding to MSA columns:
# 1596-1599,1601,1602,1604-1606,1612-1627
name=unknown_J
#
# <colnr> <probs for GDERKNQSTAVLIFYWHMCP>
#	G	D	E	R	K	N	Q	S	T	A	V	L	I	F	Y	W	H	M	C	P
0	0.00285	0.00298	0.00601	0.00498	0.14003	0.00288	0.62164	0.01165	0.01187	0.02212	0.00313	0.09601	0.01403	0.00146	0.00155	0.00043	0.04071	0.01332	0.00072	0.00165
1	0.00691	0.00165	0.00210	0.03707	0.01081	0.05283	0.00868	0.00243	0.00990	0.01017	0.03854	0.03730	0.01942	0.16689	0.57490	0.00150	0.01554	0.00150	0.00074	0.00111
2	0.02429	0.66827	0.22979	0.00263	0.01809	0.00432	0.03053	0.00379	0.00256	0.00328	0.00188	0.00221	0.00160	0.00110	0.00092	0.00031	0.00147	0.00076	0.00054	0.00166
3	0.00297	0.00271	0.02132	0.00352	0.00436	0.01215	0.37649	0.14893	0.04381	0.03800	0.03625	0.05142	0.01036	0.01007	0.05213	0.00053	0.00822	0.17425	0.00094	0.00159
4	0.00162	0.00136	0.00141	0.00142	0.00179	0.01879	0.00106	0.00199	0.01059	0.00354	0.11975	0.05491	0.68844	0.03937	0.00167	0.00046	0.00071	0.04889	0.00116	0.00107
5	0.03881	0.00415	0.00341	0.00314	0.05534	0.44336	0.03607	0.12122	0.11907	0.06960	0.04478	0.03326	0.00282	0.00153	0.00121	0.00037	0.00167	0.01762	0.00092	0.00164
6	0.00308	0.00296	0.00506	0.00765	0.94843	0.00296	0.00382	0.00382	0.00284	0.00407	0.00234	0.00308	0.00197	0.00111	0.00123	0.00037	0.00148	0.00111	0.00062	0.00197
7	0.00288	0.00285	0.00495	0.01280	0.27214	0.00978	0.33873	0.00428	0.19778	0.00422	0.01502	0.00491	0.02231	0.00152	0.00138	0.00042	0.00154	0.09992	0.00083	0.00174
8	0.05464	0.00388	0.00297	0.00262	0.00328	0.43246	0.00202	0.08197	0.09349	0.13931	0.11157	0.00393	0.00337	0.00162	0.00127	0.01918	0.00155	0.01952	0.01977	0.00158
9	0.00310	0.58462	0.34793	0.00265	0.00399	0.00410	0.00302	0.00388	0.00260	0.03124	0.00201	0.00229	0.00164	0.00112	0.00095	0.00032	0.00151	0.00078	0.00056	0.00170
10	0.00287	0.00312	0.00642	0.15831	0.15070	0.00306	0.64885	0.00384	0.00285	0.00387	0.00244	0.00331	0.00187	0.00109	0.00140	0.00041	0.00194	0.00136	0.00062	0.00168
11	0.00195	0.00141	0.00193	0.00219	0.00248	0.00139	0.00189	0.00250	0.00287	0.00371	0.02553	0.03910	0.07284	0.00342	0.00170	0.00056	0.00109	0.83113	0.00115	0.00114
12	0.00201	0.00160	0.00227	0.00218	0.00237	0.00193	0.00170	0.02215	0.01706	0.00304	0.00332	0.03640	0.00323	0.07327	0.65579	0.00159	0.14804	0.02021	0.00070	0.00116
13	0.07630	0.00247	0.00281	0.00231	0.00312	0.04991	0.00186	0.07773	0.16747	0.49186	0.03072	0.01015	0.01543	0.00191	0.03730	0.00045	0.01803	0.00696	0.00130	0.00190
14	0.00161	0.00111	0.00147	0.00172	0.00182	0.00104	0.00116	0.00184	0.00242	0.01734	0.01457	0.86708	0.02529	0.02681	0.00169	0.00052	0.00074	0.01365	0.01712	0.00103
15	0.00159	0.00116	0.00149	0.00170	0.00183	0.00109	0.00117	0.00994	0.00249	0.00329	0.04692	0.70292	0.10157	0.05307	0.02735	0.00057	0.00083	0.03888	0.00113	0.00103
16	0.04504	0.00225	0.00286	0.00223	0.00316	0.00904	0.00183	0.06009	0.05748	0.77050	0.01596	0.00415	0.00309	0.00154	0.00123	0.00039	0.00107	0.00124	0.01479	0.00205
17	0.00165	0.00129	0.00142	0.00145	0.00183	0.00113	0.00110	0.00203	0.01192	0.02634	0.05777	0.10319	0.69911	0.00317	0.00150	0.00044	0.00070	0.08170	0.00118	0.00110
18	0.00298	0.00144	0.00160	0.00145	0.00189	0.00141	0.00112	0.02112	0.03780	0.17588	0.02722	0.00466	0.00339	0.00150	0.00098	0.00032	0.00070	0.00121	0.71197	0.00138
19	0.00187	0.00152	0.00180	0.00185	0.00209	0.04177	0.01334	0.00819	0.03360	0.00371	0.19653	0.45261	0.10421	0.00342	0.04241	0.00052	0.03030	0.03167	0.02745	0.00114
20	0.00396	0.00230	0.00272	0.00226	0.00302	0.00237	0.00181	0.12742	0.30116	0.34351	0.15960	0.00505	0.00461	0.00175	0.00128	0.00039	0.00098	0.00145	0.03247	0.00189
21	0.00164	0.00116	0.00151	0.00173	0.00184	0.00110	0.00120	0.00189	0.00245	0.00326	0.06647	0.61753	0.03210	0.13814	0.00227	0.00060	0.00083	0.12214	0.00111	0.00100
22	0.00289	0.00237	0.00295	0.00252	0.00290	0.05127	0.05435	0.14303	0.00285	0.01836	0.00289	0.00377	0.00245	0.02518	0.16751	0.00071	0.27543	0.00118	0.23599	0.00140
23	0.00265	0.00229	0.00279	0.00200	0.00311	0.00177	0.03737	0.02502	0.00267	0.00415	0.00224	0.00262	0.00185	0.00094	0.00095	0.00020	0.00098	0.00078	0.00075	0.90487
24	0.02876	0.00248	0.01029	0.02607	0.03971	0.00824	0.16121	0.10799	0.26278	0.00469	0.01586	0.02697	0.01174	0.00211	0.00143	0.00046	0.00130	0.28522	0.00105	0.00162

[dist]
# distance from previous block
# <min> <max>
1	7

[block]
# block no. 10 follows, 260 sequences, length 11
# corresponding to MSA columns:
# 1637-1640,1661-1663,1671-1673,1675
name=unknown_K
#
# <colnr> <probs for GDERKNQSTAVLIFYWHMCP>
#	G	D	E	R	K	N	Q	S	T	A	V	L	I	F	Y	W	H	M	C	P
0	0.00198	0.00145	0.00169	0.00166	0.00204	0.00137	0.00125	0.02216	0.07052	0.05530	0.14867	0.21554	0.41436	0.00299	0.00152	0.00044	0.01775	0.03689	0.00121	0.00122
1	0.00338	0.87202	0.03915	0.00222	0.00331	0.00480	0.00223	0.05495	0.00272	0.00323	0.00182	0.00207	0.00163	0.00109	0.00084	0.00028	0.00135	0.00070	0.00057	0.00164
2	0.00284	0.27494	0.53052	0.00320	0.00465	0.04655	0.07348	0.00386	0.00264	0.00358	0.00215	0.00258	0.00167	0.00148	0.04047	0.00042	0.00180	0.00090	0.00055	0.00171
3	0.05220	0.00403	0.03297	0.00294	0.00378	0.30251	0.05061	0.29348	0.15734	0.04561	0.00312	0.01973	0.01225	0.00148	0.00124	0.00037	0.01247	0.00112	0.00098	0.00177
4	0.00163	0.00130	0.00147	0.00150	0.00184	0.00118	0.00111	0.00214	0.04817	0.00374	0.18951	0.19568	0.51443	0.00312	0.00149	0.00044	0.00067	0.02826	0.00120	0.00111
5	0.00276	0.08552	0.02257	0.01721	0.00339	0.03279	0.08616	0.03236	0.01848	0.03508	0.02584	0.14827	0.00328	0.02175	0.00266	0.00049	0.42143	0.03780	0.00076	0.00140
6	0.00377	0.00339	0.00353	0.00294	0.00371	0.21320	0.11380	0.18662	0.22228	0.08853	0.00392	0.04919	0.02243	0.01721	0.00138	0.00041	0.00147	0.04929	0.00105	0.01187
7	0.00323	0.08548	0.00375	0.01828	0.01198	0.06275	0.15993	0.01648	0.13345	0.16494	0.05506	0.06245	0.07091	0.00197	0.01222	0.00043	0.06810	0.05936	0.00762	0.00160
