[name]
unknown

[dist]
# distance from previous block
# <min> <max>
0	423

[block]
# block no. 0 follows, 321 sequences, length 7
# corresponding to MSA columns:
# 702-708
name=unknown_A
#
# <colnr> <probs for GDERKNQSTAVLIFYWHMCP>
#	G	D	E	R	K	N	Q	S	T	A	V	L	I	F	Y	W	H	M	C	P
0	0.00136	0.00104	0.00126	0.00129	0.00153	0.00096	0.00095	0.00175	0.03061	0.00320	0.31561	0.26862	0.31201	0.00269	0.02502	0.00039	0.00060	0.02920	0.00100	0.00091
1	0.00212	0.00115	0.00148	0.00141	0.00164	0.00108	0.00099	0.00233	0.00213	0.21154	0.12451	0.21398	0.00494	0.35401	0.02752	0.00063	0.00086	0.04579	0.00091	0.00098
2	0.00375	0.00271	0.00291	0.00226	0.00304	0.00298	0.00186	0.81985	0.06722	0.04156	0.00266	0.00264	0.00189	0.00124	0.00101	0.00031	0.00107	0.00094	0.03839	0.00170
3	0.71752	0.00192	0.00173	0.00147	0.00214	0.00209	0.00121	0.00353	0.00205	0.25495	0.00211	0.00214	0.00148	0.00103	0.00074	0.00032	0.00081	0.00068	0.00080	0.00127
4	0.00155	0.00122	0.00137	0.00122	0.00168	0.00101	0.00094	0.00189	0.00239	0.03177	0.14390	0.00780	0.56847	0.00211	0.00112	0.00031	0.00059	0.02987	0.00091	0.19990
5	0.00244	0.00269	0.00565	0.00472	0.20083	0.00256	0.75877	0.00325	0.00240	0.00329	0.00204	0.00271	0.00157	0.00087	0.00117	0.00034	0.00162	0.00115	0.00052	0.00143
6	0.00221	0.00194	0.00254	0.00249	0.19851	0.00158	0.00161	0.00269	0.00216	0.00334	0.00184	0.00221	0.00154	0.00079	0.00081	0.00018	0.00085	0.00067	0.00059	0.77145

[dist]
# distance from previous block
# <min> <max>
0	3

[block]
# block no. 1 follows, 321 sequences, length 8
# corresponding to MSA columns:
# 712,715-721
name=unknown_B
#
# <colnr> <probs for GDERKNQSTAVLIFYWHMCP>
#	G	D	E	R	K	N	Q	S	T	A	V	L	I	F	Y	W	H	M	C	P
0	0.01725	0.01126	0.00916	0.03884	0.01317	0.02545	0.01826	0.10176	0.07101	0.01922	0.26308	0.01818	0.26471	0.00994	0.01086	0.00036	0.05509	0.03370	0.00825	0.01046
1	0.00192	0.05598	0.00204	0.00147	0.00216	0.00138	0.00116	0.00231	0.00214	0.00315	0.04757	0.13055	0.07075	0.01948	0.00098	0.00023	0.00073	0.02076	0.00070	0.63453
2	0.00225	0.00243	0.05720	0.00273	0.00288	0.00305	0.03543	0.00265	0.03858	0.00261	0.00151	0.00231	0.00142	0.00170	0.00306	0.00043	0.83724	0.00091	0.00047	0.00117
3	0.00155	0.00099	0.00127	0.00139	0.00156	0.00091	0.00096	0.00176	0.00211	0.08702	0.03249	0.67774	0.14397	0.03939	0.00141	0.00042	0.00062	0.00255	0.00097	0.00091
4	0.88570	0.00196	0.00164	0.08611	0.00243	0.00229	0.00126	0.00297	0.00177	0.00442	0.00146	0.00176	0.00113	0.00096	0.00067	0.00032	0.00084	0.00059	0.00062	0.00111
5	0.00382	0.00488	0.00290	0.00264	0.00316	0.95993	0.00198	0.00409	0.00290	0.00250	0.00158	0.00185	0.00132	0.00105	0.00092	0.00026	0.00185	0.00066	0.00053	0.00119
6	0.00148	0.00112	0.00164	0.00163	0.00180	0.00130	0.00125	0.00182	0.00167	0.00241	0.02793	0.03073	0.00289	0.06084	0.82604	0.00150	0.03129	0.00118	0.00058	0.00090
7	0.00143	0.00095	0.00123	0.00139	0.00149	0.00090	0.00094	0.00162	0.00196	0.03668	0.02362	0.69426	0.02865	0.13268	0.02343	0.00051	0.00071	0.02313	0.02357	0.00085

[dist]
# distance from previous block
# <min> <max>
0	28

[block]
# block no. 2 follows, 321 sequences, length 11
# corresponding to MSA columns:
# 750,764-773
name=unknown_C
#
# <colnr> <probs for GDERKNQSTAVLIFYWHMCP>
#	G	D	E	R	K	N	Q	S	T	A	V	L	I	F	Y	W	H	M	C	P
0	0.97127	0.00198	0.00150	0.00135	0.00198	0.00230	0.00111	0.00301	0.00174	0.00459	0.00142	0.00166	0.00111	0.00095	0.00063	0.00032	0.00079	0.00055	0.00063	0.00111
1	0.00424	0.00171	0.00230	0.00181	0.00254	0.00151	0.00148	0.02580	0.01989	0.83211	0.02136	0.04922	0.00294	0.00142	0.00106	0.00033	0.00086	0.02654	0.00123	0.00166
2	0.00133	0.00103	0.00120	0.00128	0.00150	0.00094	0.00092	0.00167	0.03859	0.00283	0.07621	0.35091	0.41580	0.05628	0.00147	0.00041	0.00060	0.04521	0.00095	0.00088
3	0.02648	0.00946	0.10289	0.21887	0.26320	0.00949	0.14943	0.06027	0.01485	0.03311	0.00993	0.05913	0.00798	0.00766	0.00740	0.00034	0.00128	0.00750	0.00935	0.00138
4	0.01478	0.00324	0.02636	0.04515	0.03245	0.33626	0.22371	0.06777	0.05392	0.01027	0.03862	0.02972	0.01038	0.00114	0.00107	0.00030	0.02022	0.00098	0.00063	0.08305
5	0.00180	0.00094	0.00135	0.00133	0.00136	0.00095	0.00090	0.01953	0.00144	0.00197	0.00194	0.00331	0.00192	0.04899	0.02215	0.85038	0.00092	0.00092	0.03740	0.00051
6	0.01077	0.00130	0.00175	0.05165	0.03624	0.00127	0.02241	0.04843	0.01965	0.03444	0.59302	0.07732	0.08320	0.01251	0.00122	0.00034	0.00065	0.00176	0.00102	0.00106
7	0.01305	0.12074	0.09894	0.14065	0.17288	0.05139	0.10142	0.07579	0.05515	0.06961	0.00236	0.03804	0.00192	0.00122	0.00887	0.00033	0.02439	0.00739	0.00708	0.00880
8	0.01100	0.00107	0.00136	0.00914	0.00166	0.01397	0.01253	0.01692	0.01059	0.00274	0.01829	0.75061	0.05478	0.03487	0.00996	0.00044	0.00891	0.03938	0.00092	0.00087
9	0.00235	0.00265	0.02126	0.00394	0.00489	0.00246	0.81213	0.01915	0.03885	0.00337	0.03647	0.02699	0.01812	0.00102	0.00120	0.00035	0.00158	0.00127	0.00058	0.00136
10	0.03505	0.16623	0.19505	0.04813	0.05099	0.22438	0.04946	0.05221	0.01477	0.07298	0.00205	0.01212	0.00786	0.00121	0.02223	0.00032	0.02770	0.00081	0.00854	0.00790

[dist]
# distance from previous block
# <min> <max>
1	55

[block]
# block no. 3 follows, 321 sequences, length 14
# corresponding to MSA columns:
# 845-858
name=unknown_D
#
# <colnr> <probs for GDERKNQSTAVLIFYWHMCP>
#	G	D	E	R	K	N	Q	S	T	A	V	L	I	F	Y	W	H	M	C	P
0	0.00275	0.15567	0.15928	0.04926	0.07875	0.05421	0.04285	0.20430	0.08406	0.02547	0.02662	0.02087	0.00845	0.00120	0.00101	0.00031	0.01595	0.03034	0.01043	0.02824
1	0.00752	0.01316	0.00162	0.01574	0.00188	0.03983	0.00662	0.02072	0.09210	0.02075	0.30607	0.30304	0.05049	0.01893	0.01301	0.00037	0.00071	0.01897	0.03323	0.03525
2	0.00143	0.00107	0.00129	0.00135	0.00154	0.00103	0.00096	0.03435	0.01782	0.00278	0.04650	0.35407	0.25541	0.15170	0.07890	0.00058	0.00084	0.04664	0.00088	0.00087
3	0.00146	0.00103	0.00134	0.00135	0.00145	0.00109	0.00093	0.00163	0.00165	0.00227	0.03462	0.06608	0.03389	0.44393	0.38705	0.01574	0.00163	0.00144	0.00064	0.00077
4	0.00308	0.00217	0.00236	0.00193	0.00250	0.01237	0.01085	0.55673	0.01594	0.02353	0.01138	0.02032	0.00250	0.09444	0.00140	0.00037	0.00097	0.05206	0.18367	0.00141
5	0.00141	0.00108	0.00121	0.00117	0.00149	0.00095	0.00088	0.01990	0.00252	0.02695	0.26009	0.07392	0.59990	0.00244	0.00121	0.00034	0.00053	0.00208	0.00101	0.00093
6	0.00198	0.00117	0.00156	0.00143	0.00176	0.00107	0.00112	0.00245	0.00285	0.16040	0.71385	0.00732	0.00814	0.00202	0.00120	0.00033	0.00059	0.08853	0.00113	0.00109
7	0.12723	0.81014	0.00479	0.00172	0.00256	0.00380	0.00167	0.03353	0.00212	0.00282	0.00146	0.00167	0.00130	0.00090	0.00067	0.00023	0.00106	0.00056	0.00048	0.00130
8	0.00136	0.00097	0.00133	0.00151	0.00161	0.00092	0.01548	0.00155	0.00196	0.00261	0.00520	0.71544	0.00611	0.04975	0.02434	0.04271	0.00074	0.12469	0.00089	0.00083
9	0.00224	0.00224	0.00313	0.00269	0.00269	0.00313	0.00224	0.00246	0.00157	0.00246	0.00134	0.00224	0.00134	0.00179	0.00336	0.00045	0.96217	0.00090	0.00045	0.00112
10	0.03755	0.00218	0.00261	0.00201	0.00280	0.00217	0.00166	0.36694	0.00361	0.56254	0.00334	0.00303	0.00218	0.00124	0.00101	0.00031	0.00097	0.00097	0.00115	0.00172
11	0.00126	0.00100	0.00114	0.00121	0.00145	0.00088	0.00088	0.00151	0.00222	0.00277	0.05526	0.29014	0.54710	0.02495	0.02414	0.00042	0.00062	0.04123	0.00094	0.00086
12	0.00264	0.00221	0.00234	0.00208	0.00268	0.00254	0.00163	0.03453	0.90282	0.02820	0.00411	0.00377	0.00307	0.00138	0.00104	0.00035	0.00082	0.00115	0.00105	0.00163
13	0.00169	0.00131	0.00179	0.02459	0.02727	0.01295	0.04788	0.02619	0.02758	0.02710	0.29421	0.24244	0.10088	0.00235	0.00124	0.00037	0.00074	0.15743	0.00096	0.00102

[dist]
# distance from previous block
# <min> <max>
4	20

[block]
# block no. 4 follows, 321 sequences, length 21
# corresponding to MSA columns:
# 891-906,912-916
name=unknown_E
#
# <colnr> <probs for GDERKNQSTAVLIFYWHMCP>
#	G	D	E	R	K	N	Q	S	T	A	V	L	I	F	Y	W	H	M	C	P
0	0.01571	0.05781	0.12654	0.04681	0.11320	0.01966	0.16271	0.04878	0.07410	0.06492	0.12324	0.06967	0.04536	0.00144	0.00636	0.00034	0.01173	0.00955	0.00074	0.00134
1	0.00129	0.00094	0.00125	0.01755	0.00161	0.00088	0.00100	0.00150	0.00201	0.00268	0.03055	0.86301	0.02405	0.00308	0.00129	0.00041	0.00061	0.02951	0.00094	0.01585
2	0.01118	0.00202	0.01605	0.49192	0.09904	0.01386	0.05253	0.07863	0.01621	0.06661	0.00647	0.03599	0.00801	0.01749	0.01072	0.00827	0.02621	0.01318	0.01279	0.01281
3	0.00247	0.04919	0.16538	0.12359	0.13522	0.04711	0.24920	0.03997	0.04266	0.03927	0.00768	0.02268	0.00789	0.00118	0.01542	0.00545	0.03193	0.00100	0.00057	0.01216
4	0.02349	0.05019	0.06136	0.05580	0.01227	0.23587	0.04160	0.17228	0.02602	0.14065	0.00990	0.00888	0.00185	0.00160	0.04029	0.07181	0.02209	0.00598	0.01671	0.00133
5	0.00193	0.00166	0.00217	0.17327	0.11223	0.00175	0.01069	0.03298	0.19922	0.01418	0.07856	0.01154	0.33627	0.00174	0.00110	0.00034	0.00084	0.00149	0.01684	0.00121
6	0.00183	0.00168	0.03164	0.30789	0.10020	0.02078	0.01197	0.01833	0.01344	0.01110	0.00982	0.29543	0.04056	0.03206	0.03362	0.01989	0.02067	0.02733	0.00068	0.00107
7	0.01288	0.33777	0.22139	0.03757	0.05906	0.06178	0.04359	0.10230	0.04370	0.02796	0.00662	0.01841	0.01103	0.00106	0.00090	0.00029	0.00539	0.00631	0.00058	0.00141
8	0.01531	0.00153	0.00186	0.00185	0.00223	0.00160	0.00152	0.07151	0.20648	0.07364	0.03422	0.09743	0.03326	0.00224	0.00123	0.00040	0.00085	0.43334	0.01830	0.00119
9	0.01908	0.00153	0.00189	0.00169	0.00216	0.00150	0.00131	0.00368	0.20591	0.35096	0.05959	0.21582	0.01620	0.05389	0.00134	0.00039	0.00077	0.04742	0.01352	0.00134
10	0.00421	0.00172	0.00231	0.02010	0.00895	0.00154	0.00150	0.02713	0.02331	0.81345	0.01354	0.01803	0.03875	0.00135	0.00104	0.00032	0.00086	0.00110	0.01914	0.00166
11	0.02440	0.00185	0.00214	0.00181	0.00237	0.00950	0.00958	0.23042	0.14044	0.21763	0.09858	0.07670	0.06687	0.00169	0.01026	0.00034	0.00085	0.03285	0.07034	0.00141
12	0.00129	0.00094	0.00125	0.00143	0.00153	0.00091	0.00099	0.00151	0.00196	0.00262	0.02582	0.70490	0.07843	0.01434	0.14663	0.00060	0.00092	0.01220	0.00089	0.00085
13	0.00127	0.00098	0.01544	0.00142	0.00154	0.00087	0.00100	0.00150	0.00205	0.00271	0.04239	0.79090	0.09937	0.00306	0.00129	0.00041	0.00061	0.03141	0.00095	0.00085
14	0.04242	0.00178	0.00236	0.00182	0.00260	0.00158	0.00150	0.03292	0.00294	0.89293	0.00389	0.00338	0.00245	0.00125	0.00101	0.00032	0.00088	0.00101	0.00123	0.00172
15	0.00208	0.00118	0.00129	0.00120	0.00154	0.00115	0.00093	0.06510	0.01612	0.07576	0.09437	0.04209	0.13976	0.00159	0.00091	0.00028	0.00057	0.01685	0.53617	0.00106
16	0.97127	0.00198	0.00150	0.00135	0.00198	0.00230	0.00111	0.00301	0.00174	0.00459	0.00142	0.00166	0.00111	0.00095	0.00063	0.00032	0.00079	0.00055	0.00063	0.00111
17	0.00126	0.00100	0.00113	0.00119	0.00144	0.00087	0.00086	0.00153	0.00230	0.00291	0.13826	0.27846	0.54723	0.00270	0.00124	0.00036	0.00054	0.01487	0.00097	0.00087
18	0.01499	0.76195	0.01262	0.02775	0.01408	0.08987	0.00183	0.01798	0.01511	0.00257	0.00153	0.00178	0.00136	0.00093	0.00077	0.00024	0.02353	0.00060	0.00922	0.00130
19	0.00223	0.01667	0.01186	0.00165	0.01152	0.00579	0.00834	0.01261	0.03943	0.03423	0.01384	0.00751	0.00181	0.00093	0.00703	0.00019	0.00719	0.01482	0.00567	0.79666
20	0.01731	0.10494	0.22578	0.01977	0.19386	0.04520	0.04852	0.11917	0.03904	0.11267	0.00225	0.01546	0.00172	0.00109	0.00105	0.00031	0.03478	0.00088	0.00066	0.01553

[dist]
# distance from previous block
# <min> <max>
0	15

[block]
# block no. 5 follows, 321 sequences, length 6
# corresponding to MSA columns:
# 1053-1058
name=unknown_F
#
# <colnr> <probs for GDERKNQSTAVLIFYWHMCP>
#	G	D	E	R	K	N	Q	S	T	A	V	L	I	F	Y	W	H	M	C	P
0	0.02422	0.00160	0.00182	0.01562	0.02602	0.01714	0.01503	0.10368	0.13473	0.05389	0.11531	0.05594	0.32445	0.04372	0.01191	0.00038	0.01130	0.01234	0.01892	0.01201
1	0.00131	0.00098	0.00120	0.00129	0.00147	0.00089	0.00092	0.00159	0.00229	0.00301	0.23600	0.39300	0.27437	0.04058	0.00141	0.00040	0.00057	0.03688	0.00098	0.00087
2	0.00158	0.00108	0.00125	0.00123	0.00128	0.00110	0.00075	0.04281	0.00167	0.00224	0.00326	0.04784	0.00367	0.80087	0.08443	0.00099	0.00113	0.00149	0.00065	0.00070
3	0.00187	0.00178	0.03176	0.08993	0.02909	0.01930	0.16171	0.00239	0.03038	0.00300	0.18306	0.04783	0.02813	0.11231	0.09710	0.02900	0.08336	0.01872	0.01715	0.01214
4	0.00242	0.00276	0.00604	0.00431	0.00535	0.00259	0.95394	0.00328	0.00242	0.00328	0.00207	0.00276	0.00155	0.00086	0.00121	0.00035	0.00173	0.00121	0.00052	0.00138
5	0.05450	0.08394	0.05987	0.00230	0.00314	0.04936	0.00199	0.72198	0.00417	0.00563	0.00224	0.00230	0.00162	0.00116	0.00096	0.00030	0.00116	0.00085	0.00089	0.00163

[dist]
# distance from previous block
# <min> <max>
1	18

[block]
# block no. 6 follows, 321 sequences, length 13
# corresponding to MSA columns:
# 1077-1082,1085-1090,1101
name=unknown_G
#
# <colnr> <probs for GDERKNQSTAVLIFYWHMCP>
#	G	D	E	R	K	N	Q	S	T	A	V	L	I	F	Y	W	H	M	C	P
0	0.00150	0.00116	0.00138	0.00133	0.00157	0.03357	0.00099	0.00193	0.00275	0.00379	0.73990	0.08851	0.08534	0.00219	0.00120	0.00033	0.00055	0.01668	0.01436	0.00095
1	0.02107	0.02381	0.00261	0.07276	0.02454	0.05824	0.02648	0.15473	0.02862	0.05973	0.01067	0.02956	0.00187	0.00106	0.00097	0.00024	0.02934	0.00743	0.00071	0.44557
2	0.01795	0.02388	0.33543	0.05735	0.00372	0.01362	0.10923	0.01389	0.00234	0.25684	0.00256	0.01589	0.00188	0.00946	0.06109	0.00042	0.05803	0.00805	0.00694	0.00144
3	0.00222	0.00222	0.00313	0.05217	0.00291	0.00309	0.00227	0.00247	0.00159	0.00247	0.00137	0.00226	0.00134	0.00175	0.00324	0.00044	0.91258	0.00090	0.00045	0.00112
4	0.02611	0.00202	0.02373	0.00192	0.00254	0.00203	0.00157	0.20225	0.24169	0.26230	0.09256	0.05369	0.01463	0.00155	0.00107	0.00033	0.00086	0.05022	0.01742	0.00151
5	0.00218	0.02240	0.66614	0.00313	0.02577	0.00244	0.16460	0.02586	0.02749	0.00331	0.00203	0.00253	0.00152	0.00111	0.01533	0.00035	0.01186	0.01999	0.00049	0.00147
6	0.00127	0.00091	0.00120	0.00144	0.00150	0.00085	0.00097	0.00146	0.00196	0.00261	0.00556	0.89577	0.00664	0.03102	0.00142	0.00043	0.00062	0.04259	0.00094	0.00083
7	0.03852	0.00197	0.00243	0.00207	0.00265	0.05115	0.07220	0.15841	0.04916	0.24748	0.00367	0.01396	0.00313	0.00875	0.01875	0.00038	0.00941	0.23801	0.07655	0.00136
8	0.00182	0.00097	0.00139	0.00138	0.00141	0.00099	0.00093	0.00157	0.05741	0.00192	0.00192	0.00315	0.00186	0.00343	0.00383	0.91325	0.00088	0.00090	0.00048	0.00051
9	0.00133	0.00105	0.00123	0.01343	0.00158	0.00093	0.00881	0.00162	0.00227	0.01349	0.10318	0.24217	0.52604	0.01093	0.02980	0.00040	0.00064	0.02165	0.00849	0.01096
10	0.00127	0.00091	0.00119	0.00141	0.00148	0.00085	0.00094	0.00145	0.00195	0.00259	0.00557	0.85209	0.02681	0.06680	0.00157	0.00045	0.00063	0.03028	0.00093	0.00082
11	0.25369	0.00279	0.01118	0.00207	0.00273	0.17148	0.01785	0.34663	0.06603	0.04796	0.00241	0.01127	0.01485	0.02318	0.00101	0.00032	0.00112	0.01198	0.01006	0.00140
12	0.00226	0.00145	0.00140	0.02269	0.00172	0.05762	0.00101	0.07892	0.06791	0.01736	0.00320	0.00356	0.00248	0.00120	0.00079	0.00026	0.00066	0.00095	0.73348	0.00109

[dist]
# distance from previous block
# <min> <max>
0	24

[block]
# block no. 7 follows, 321 sequences, length 15
# corresponding to MSA columns:
# 1126-1140
name=unknown_H
#
# <colnr> <probs for GDERKNQSTAVLIFYWHMCP>
#	G	D	E	R	K	N	Q	S	T	A	V	L	I	F	Y	W	H	M	C	P
0	0.01157	0.00136	0.00698	0.03580	0.01701	0.02843	0.03272	0.01565	0.04398	0.04468	0.05968	0.36389	0.19865	0.03763	0.00942	0.00041	0.01335	0.06859	0.00921	0.00100
1	0.00268	0.00195	0.00211	0.00187	0.00241	0.02316	0.00146	0.04584	0.54885	0.13399	0.09187	0.05353	0.02412	0.00153	0.00105	0.00033	0.00079	0.00128	0.05971	0.00147
2	0.01147	0.00235	0.00263	0.05786	0.01576	0.04610	0.02437	0.23029	0.26029	0.00424	0.00258	0.00270	0.00198	0.00110	0.00100	0.00027	0.02726	0.00088	0.00080	0.30606
3	0.00163	0.00127	0.00158	0.00161	0.00189	0.01879	0.01770	0.02210	0.04678	0.00321	0.16804	0.17930	0.14470	0.03724	0.00141	0.00041	0.00076	0.32316	0.00095	0.02747
4	0.37087	0.00226	0.00231	0.01041	0.01204	0.07787	0.05564	0.09326	0.00240	0.11275	0.00203	0.01473	0.00155	0.00100	0.00082	0.00027	0.00097	0.00074	0.00072	0.23736
5	0.00759	0.01108	0.00280	0.43272	0.13626	0.01360	0.03378	0.00983	0.01847	0.00999	0.02215	0.01253	0.00684	0.00780	0.05594	0.19227	0.01465	0.01013	0.00052	0.00107
6	0.00126	0.00091	0.00120	0.00142	0.00150	0.00085	0.00096	0.00147	0.00202	0.00269	0.04434	0.86109	0.04503	0.00313	0.00130	0.00041	0.00060	0.02804	0.00096	0.00084
7	0.12447	0.02436	0.04639	0.09420	0.06722	0.12585	0.15488	0.12740	0.02087	0.09934	0.01159	0.03571	0.00192	0.00128	0.01602	0.00034	0.03212	0.01399	0.00070	0.00136
8	0.00224	0.00226	0.00344	0.46222	0.05391	0.06003	0.11071	0.02237	0.00208	0.00276	0.00179	0.01753	0.00148	0.00124	0.00165	0.00036	0.25129	0.00096	0.00049	0.00120
9	0.00151	0.00112	0.00161	0.00173	0.00193	0.00109	0.04214	0.00185	0.00218	0.00286	0.02639	0.35289	0.04430	0.05825	0.00157	0.00047	0.00083	0.45547	0.00091	0.00090
10	0.00230	0.00193	0.00216	0.00178	0.00241	0.02201	0.00141	0.00349	0.31159	0.04759	0.01970	0.00377	0.11778	0.00133	0.00117	0.00028	0.08935	0.00104	0.00081	0.36809
11	0.00248	0.00267	0.00535	0.00390	0.00483	0.00262	0.76516	0.03852	0.12441	0.00350	0.00233	0.00287	0.00175	0.00097	0.00125	0.00035	0.03382	0.00118	0.00060	0.00142
12	0.00165	0.00094	0.00131	0.00131	0.00134	0.00095	0.00086	0.00143	0.00143	0.00192	0.00239	0.04250	0.00254	0.24162	0.10168	0.59285	0.00109	0.00114	0.00052	0.00055
13	0.00248	0.00238	0.00406	0.08674	0.87759	0.00242	0.00312	0.00310	0.00231	0.00328	0.00192	0.00255	0.00160	0.00092	0.00101	0.00031	0.00123	0.00091	0.00050	0.00158
14	0.01951	0.03872	0.36882	0.01073	0.00346	0.00244	0.02308	0.26046	0.05327	0.07936	0.03834	0.00342	0.01190	0.00129	0.00105	0.00033	0.00856	0.07302	0.00077	0.00150

[dist]
# distance from previous block
# <min> <max>
4	77

[block]
# block no. 8 follows, 321 sequences, length 19
# corresponding to MSA columns:
# 1220-1238
name=unknown_I
#
# <colnr> <probs for GDERKNQSTAVLIFYWHMCP>
#	G	D	E	R	K	N	Q	S	T	A	V	L	I	F	Y	W	H	M	C	P
0	0.16808	0.00140	0.01039	0.00971	0.00190	0.00137	0.01719	0.02862	0.02881	0.03835	0.24247	0.27364	0.10196	0.00208	0.00112	0.00034	0.01240	0.00731	0.00092	0.05196
1	0.17417	0.01919	0.00833	0.03888	0.11648	0.09721	0.02944	0.13357	0.08927	0.01221	0.00230	0.01609	0.00999	0.00119	0.01203	0.00030	0.02844	0.01300	0.04634	0.15157
2	0.00166	0.00113	0.00146	0.00148	0.00170	0.00109	0.00693	0.01677	0.05133	0.05855	0.31661	0.43970	0.02294	0.00910	0.00131	0.01221	0.00928	0.03549	0.01028	0.00099
3	0.85770	0.00198	0.00162	0.00142	0.00206	0.00225	0.00116	0.01866	0.02223	0.08080	0.00171	0.00187	0.00128	0.00099	0.00068	0.00032	0.00080	0.00061	0.00070	0.00118
4	0.00125	0.00090	0.00119	0.00142	0.00149	0.00084	0.00096	0.00144	0.00198	0.00263	0.00576	0.91833	0.03270	0.00318	0.00131	0.00041	0.00060	0.02182	0.00095	0.00083
5	0.00140	0.00098	0.00124	0.00133	0.00138	0.00098	0.00086	0.00153	0.00170	0.00229	0.00405	0.34222	0.00466	0.45393	0.15227	0.00088	0.00112	0.02568	0.00073	0.00075
6	0.01052	0.03614	0.00242	0.00197	0.00258	0.00230	0.00158	0.20522	0.40923	0.15811	0.02408	0.07866	0.03312	0.00155	0.00106	0.00034	0.00087	0.02768	0.00104	0.00153
7	0.00146	0.00110	0.00164	0.00164	0.00183	0.00128	0.00128	0.00183	0.00164	0.00238	0.00274	0.00402	0.00256	0.00767	0.95999	0.00164	0.00274	0.00110	0.00055	0.00091
8	0.00212	0.00182	0.00212	0.00152	0.00242	0.00136	0.00121	0.00258	0.00212	0.00333	0.00182	0.00212	0.00152	0.00076	0.00076	0.00015	0.00076	0.00061	0.00061	0.97030
9	0.00154	0.00109	0.00138	0.00130	0.00158	0.00101	0.00098	0.01104	0.01434	0.02813	0.77744	0.02944	0.11171	0.00214	0.00120	0.00033	0.00051	0.01275	0.00110	0.00099
10	0.00125	0.00089	0.00119	0.00142	0.00148	0.00083	0.00095	0.00142	0.00196	0.00261	0.00564	0.96337	0.00677	0.00321	0.00131	0.00042	0.00059	0.00291	0.00095	0.00083
11	0.00219	0.00229	0.00473	0.00359	0.00439	0.00217	0.67054	0.00293	0.00240	0.00321	0.00307	0.00537	0.00284	0.00145	0.00127	0.00038	0.00149	0.28380	0.00064	0.00125
12	0.01988	0.00184	0.00237	0.00184	0.00261	0.00169	0.00152	0.08654	0.04970	0.78494	0.00384	0.00339	0.00247	0.00126	0.00101	0.00031	0.00088	0.00102	0.03117	0.00170
13	0.00451	0.00187	0.00246	0.00188	0.00268	0.00170	0.00156	0.11510	0.00315	0.84795	0.00385	0.00336	0.00244	0.00126	0.00103	0.00032	0.00090	0.00102	0.00124	0.00174
14	0.00274	0.96466	0.00536	0.00175	0.00263	0.00405	0.00175	0.00306	0.00208	0.00241	0.00142	0.00164	0.00131	0.00088	0.00066	0.00022	0.00109	0.00055	0.00044	0.00131
15	0.00125	0.00104	0.00109	0.00107	0.00140	0.00088	0.00081	0.00154	0.00242	0.00297	0.15547	0.00951	0.81201	0.00251	0.00121	0.00034	0.00051	0.00211	0.00098	0.00088
16	0.00130	0.00092	0.00121	0.00143	0.00151	0.00085	0.00097	0.00150	0.00201	0.01452	0.01844	0.88241	0.03518	0.00314	0.00130	0.00041	0.00060	0.03049	0.00096	0.00085
17	0.00143	0.00098	0.00128	0.00143	0.00156	0.00092	0.00099	0.01071	0.01206	0.03692	0.13003	0.73063	0.04920	0.00292	0.00127	0.00040	0.00060	0.01478	0.00099	0.00090
18	0.00156	0.00124	0.00182	0.00176	0.00191	0.00151	0.00138	0.00190	0.00163	0.00237	0.00258	0.00389	0.00245	0.04355	0.80016	0.00147	0.12629	0.00109	0.00054	0.00093

[dist]
# distance from previous block
# <min> <max>
2	28

[block]
# block no. 9 follows, 321 sequences, length 28
# corresponding to MSA columns:
# 1268-1288,1295-1301
name=unknown_J
#
# <colnr> <probs for GDERKNQSTAVLIFYWHMCP>
#	G	D	E	R	K	N	Q	S	T	A	V	L	I	F	Y	W	H	M	C	P
0	0.01057	0.16351	0.01416	0.00206	0.00271	0.03200	0.00786	0.02017	0.71523	0.00941	0.00354	0.00337	0.00271	0.00129	0.00097	0.00032	0.00091	0.00675	0.00091	0.00155
1	0.00204	0.04432	0.05123	0.02337	0.03753	0.00256	0.01323	0.00234	0.00176	0.00258	0.02189	0.14073	0.01095	0.04825	0.01410	0.00045	0.57978	0.00123	0.00055	0.00110
2	0.00142	0.00104	0.00133	0.00127	0.00151	0.00095	0.00095	0.00188	0.00282	0.00394	0.84612	0.03687	0.09172	0.00217	0.00121	0.00033	0.00049	0.00191	0.00111	0.00095
3	0.00212	0.00182	0.00212	0.00152	0.00242	0.00136	0.00121	0.00258	0.00212	0.00333	0.00182	0.00212	0.00152	0.00076	0.00076	0.00015	0.00076	0.00061	0.00061	0.97030
4	0.00142	0.00104	0.00133	0.00126	0.00151	0.00095	0.00094	0.00187	0.00282	0.00393	0.83565	0.00793	0.13122	0.00216	0.00121	0.00032	0.00049	0.00189	0.00110	0.00095
5	0.97127	0.00198	0.00150	0.00135	0.00198	0.00230	0.00111	0.00301	0.00174	0.00459	0.00142	0.00166	0.00111	0.00095	0.00063	0.00032	0.00079	0.00055	0.00063	0.00111
6	0.00238	0.14233	0.65569	0.00274	0.01916	0.03237	0.02970	0.00875	0.00224	0.05749	0.01377	0.00225	0.00149	0.00101	0.00100	0.00031	0.02461	0.00077	0.00050	0.00147
7	0.00274	0.96466	0.00536	0.00175	0.00263	0.00405	0.00175	0.00306	0.00208	0.00241	0.00142	0.00164	0.00131	0.00088	0.00066	0.00022	0.00109	0.00055	0.00044	0.00131
8	0.00252	0.00292	0.00580	0.00419	0.00518	0.07444	0.88249	0.00334	0.00245	0.00322	0.00203	0.00269	0.00153	0.00088	0.00119	0.00034	0.00173	0.00117	0.00052	0.00137
9	0.00690	0.00155	0.00600	0.10033	0.09597	0.01603	0.04398	0.03770	0.03518	0.06558	0.19723	0.17245	0.15562	0.03136	0.00665	0.00037	0.00474	0.01532	0.00592	0.00112
10	0.00239	0.00255	0.01588	0.00377	0.02695	0.00237	0.71321	0.01059	0.02503	0.02642	0.00908	0.03477	0.01038	0.00101	0.00120	0.00033	0.02177	0.00120	0.00813	0.08299
11	0.00234	0.00241	0.00319	0.00272	0.00278	0.06076	0.02548	0.00258	0.00167	0.00248	0.00138	0.00223	0.00135	0.00172	0.00316	0.00043	0.88085	0.00089	0.00045	0.00113
12	0.00127	0.00094	0.00120	0.00138	0.00150	0.00086	0.00096	0.00150	0.00210	0.00275	0.06040	0.70036	0.16447	0.00302	0.00129	0.00040	0.00059	0.05321	0.00096	0.00085
13	0.00219	0.02588	0.70648	0.00301	0.01097	0.04946	0.12149	0.00322	0.00220	0.00315	0.00187	0.00230	0.00139	0.00912	0.01455	0.00035	0.02873	0.00082	0.01139	0.00144
14	0.00128	0.00092	0.00118	0.00137	0.00144	0.00086	0.00091	0.00145	0.00194	0.00257	0.02129	0.77021	0.05558	0.12232	0.00178	0.00048	0.00064	0.01207	0.00091	0.00081
15	0.00353	0.00181	0.00220	0.00181	0.00246	0.00179	0.00146	0.05009	0.26901	0.49719	0.04509	0.00394	0.02271	0.00137	0.00102	0.00032	0.00081	0.01055	0.08127	0.00158
16	0.01048	0.00213	0.01120	0.57661	0.02228	0.01315	0.21817	0.02427	0.04752	0.02798	0.01069	0.00670	0.00164	0.00104	0.00108	0.00034	0.00917	0.00100	0.01329	0.00125
17	0.01215	0.47038	0.15715	0.00220	0.00929	0.03480	0.03129	0.02996	0.03374	0.01025	0.00804	0.00246	0.00168	0.00889	0.04445	0.00036	0.10943	0.03167	0.00052	0.00131
18	0.00145	0.00108	0.00128	0.00135	0.00158	0.00676	0.00898	0.00185	0.04977	0.01823	0.05736	0.42648	0.30652	0.00264	0.00121	0.00037	0.00060	0.04444	0.06711	0.00092
19	0.01676	0.00172	0.00225	0.01633	0.00255	0.00704	0.00146	0.03060	0.03624	0.74964	0.06829	0.00395	0.03983	0.00137	0.00104	0.00032	0.00084	0.00112	0.01705	0.00162
20	0.03882	0.05548	0.16160	0.28759	0.11236	0.04332	0.09539	0.01208	0.06464	0.04132	0.01326	0.01448	0.01923	0.00111	0.00108	0.00033	0.03504	0.00095	0.00057	0.00134
21	0.07912	0.00196	0.00237	0.16500	0.08615	0.05248	0.01062	0.08717	0.11288	0.03466	0.06935	0.08503	0.13160	0.00794	0.00551	0.00035	0.05451	0.01128	0.00078	0.00123
22	0.00154	0.00103	0.00120	0.00119	0.00124	0.00103	0.00072	0.00165	0.02226	0.01096	0.05652	0.02279	0.01804	0.78184	0.02211	0.02858	0.00097	0.02496	0.00068	0.00069
23	0.00360	0.00450	0.00285	0.00263	0.01755	0.84648	0.00196	0.00389	0.01237	0.00253	0.00170	0.01536	0.00147	0.00137	0.03806	0.00033	0.04091	0.00073	0.00054	0.00118
24	0.00880	0.05762	0.01154	0.15982	0.15796	0.18763	0.02383	0.07117	0.02932	0.03033	0.00818	0.00657	0.00165	0.00957	0.04512	0.00040	0.18772	0.00088	0.00057	0.00130
25	0.00229	0.00199	0.01615	0.19845	0.17357	0.04180	0.03964	0.02710	0.08809	0.07215	0.01948	0.13892	0.05062	0.01354	0.04159	0.00041	0.05952	0.00962	0.00380	0.00126
26	0.00156	0.00114	0.00159	0.00156	0.00172	0.00129	0.00117	0.00190	0.02395	0.01499	0.02594	0.03355	0.00308	0.19804	0.62287	0.01482	0.03465	0.00886	0.00645	0.00088
27	0.59135	0.02044	0.00699	0.01517	0.14900	0.03384	0.02687	0.05942	0.00642	0.01237	0.00623	0.00202	0.00137	0.00097	0.00076	0.00030	0.00094	0.00068	0.02744	0.03739

[dist]
# distance from previous block
# <min> <max>
1	23

[block]
# block no. 10 follows, 321 sequences, length 10
# corresponding to MSA columns:
# 1373-1382
name=unknown_K
#
# <colnr> <probs for GDERKNQSTAVLIFYWHMCP>
#	G	D	E	R	K	N	Q	S	T	A	V	L	I	F	Y	W	H	M	C	P
0	0.00165	0.00123	0.00151	0.01266	0.00995	0.00127	0.00108	0.01278	0.10289	0.01934	0.19824	0.17839	0.11771	0.20783	0.05317	0.00057	0.03637	0.03069	0.01175	0.00096
1	0.00146	0.00098	0.00116	0.00122	0.00124	0.00097	0.00074	0.00150	0.00162	0.00215	0.00376	0.19406	0.00437	0.70455	0.00423	0.02712	0.00091	0.04661	0.00070	0.00067
2	0.00219	0.01622	0.01415	0.05955	0.12884	0.00848	0.01495	0.02335	0.05191	0.01828	0.06291	0.03053	0.02204	0.01493	0.00816	0.00025	0.01068	0.00091	0.00067	0.51101
3	0.00892	0.01090	0.13551	0.06224	0.08008	0.01122	0.01974	0.03583	0.02232	0.05258	0.16322	0.15460	0.11797	0.00189	0.01986	0.00036	0.00734	0.01938	0.00727	0.06878
4	0.00219	0.00175	0.00205	0.00149	0.00234	0.00133	0.00119	0.00264	0.00219	0.04849	0.02704	0.00257	0.02355	0.00087	0.00079	0.00017	0.00074	0.00071	0.03480	0.84309
5	0.01035	0.07780	0.21544	0.06337	0.18635	0.02047	0.14851	0.02746	0.05027	0.03176	0.03109	0.01754	0.03287	0.02255	0.00119	0.01353	0.01502	0.01320	0.01985	0.00138
6	0.01886	0.01616	0.01831	0.01348	0.00254	0.00178	0.02251	0.05601	0.15971	0.25275	0.03666	0.06731	0.03895	0.00151	0.01298	0.00032	0.02921	0.03722	0.01408	0.19964
7	0.00145	0.00115	0.01204	0.01058	0.01698	0.00104	0.01953	0.00178	0.01599	0.02407	0.08411	0.35997	0.32459	0.02679	0.01554	0.00041	0.01007	0.07207	0.00093	0.00093
8	0.00985	0.00133	0.01907	0.01437	0.01756	0.01794	0.00117	0.02568	0.04256	0.04170	0.11972	0.33871	0.21692	0.02541	0.03705	0.00043	0.01252	0.03307	0.01003	0.01491
9	0.10095	0.06320	0.01542	0.01026	0.02386	0.05059	0.01383	0.22272	0.19291	0.04566	0.02903	0.06160	0.01032	0.00135	0.01244	0.00031	0.00098	0.00102	0.00890	0.13466

[dist]
# distance from previous block
# <min> <max>
1	21

[block]
# block no. 11 follows, 321 sequences, length 8
# corresponding to MSA columns:
# 1416-1423
name=unknown_L
#
# <colnr> <probs for GDERKNQSTAVLIFYWHMCP>
#	G	D	E	R	K	N	Q	S	T	A	V	L	I	F	Y	W	H	M	C	P
0	0.04924	0.01035	0.00292	0.07137	0.25746	0.01759	0.01399	0.12133	0.03512	0.21309	0.01054	0.01203	0.00991	0.00117	0.00892	0.00031	0.00964	0.01064	0.01918	0.12521
1	0.00216	0.00201	0.00333	0.69462	0.23169	0.00235	0.00287	0.04346	0.00223	0.00295	0.00187	0.00267	0.00144	0.00101	0.00102	0.00033	0.00132	0.00091	0.00049	0.00128
2	0.00131	0.00102	0.00119	0.00118	0.00145	0.00090	0.00087	0.00165	0.00252	0.00328	0.38971	0.11651	0.46983	0.00246	0.00122	0.00034	0.00051	0.00212	0.00102	0.00090
3	0.00197	0.00168	0.00258	0.11084	0.24145	0.01768	0.03858	0.02539	0.00231	0.00310	0.00381	0.13772	0.00395	0.00213	0.02204	0.00042	0.00109	0.36196	0.02014	0.00116
4	0.00383	0.03924	0.00312	0.00233	0.00311	0.04680	0.00192	0.79653	0.00442	0.05566	0.00243	0.00244	0.00173	0.00123	0.00108	0.00031	0.03028	0.00090	0.00097	0.00168
5	0.00127	0.00091	0.00120	0.00143	0.00150	0.00085	0.00097	0.00146	0.00196	0.00260	0.00553	0.88160	0.00660	0.04453	0.00148	0.00044	0.00063	0.04329	0.00094	0.00083
6	0.00219	0.03515	0.01824	0.61171	0.06667	0.01427	0.04482	0.01906	0.12544	0.02144	0.01700	0.01562	0.00184	0.00110	0.00102	0.00033	0.00126	0.00098	0.00058	0.00127
7	0.01999	0.57129	0.05063	0.04405	0.03522	0.10684	0.03890	0.02129	0.01562	0.02028	0.00165	0.00200	0.00142	0.01531	0.00098	0.00027	0.05179	0.00068	0.00049	0.00131

[dist]
# distance from previous block
# <min> <max>
3	4

[block]
# block no. 12 follows, 321 sequences, length 7
# corresponding to MSA columns:
# 1438-1444
name=unknown_M
#
# <colnr> <probs for GDERKNQSTAVLIFYWHMCP>
#	G	D	E	R	K	N	Q	S	T	A	V	L	I	F	Y	W	H	M	C	P
0	0.00253	0.00243	0.00415	0.00628	0.95766	0.00243	0.00314	0.00314	0.00233	0.00334	0.00192	0.00253	0.00162	0.00091	0.00101	0.00030	0.00122	0.00091	0.00051	0.00162
1	0.00165	0.00118	0.00165	0.00188	0.00212	0.00118	0.00165	0.00212	0.00236	0.00306	0.00542	0.01154	0.00589	0.00283	0.00141	0.00047	0.00094	0.95077	0.00094	0.00094
2	0.00394	0.00278	0.00302	0.00231	0.00313	0.00305	0.00191	0.88403	0.00467	0.07686	0.00257	0.00253	0.00180	0.00123	0.00102	0.00031	0.00111	0.00093	0.00104	0.00174
3	0.00253	0.00243	0.00415	0.00628	0.95766	0.00243	0.00314	0.00314	0.00233	0.00334	0.00192	0.00253	0.00162	0.00091	0.00101	0.00030	0.00122	0.00091	0.00051	0.00162
4	0.00389	0.00287	0.00307	0.00235	0.00317	0.00317	0.00194	0.95425	0.00481	0.00645	0.00246	0.00246	0.00174	0.00123	0.00102	0.00031	0.00113	0.00092	0.00102	0.00174
5	0.01959	0.42669	0.06397	0.00207	0.00287	0.02187	0.02638	0.12961	0.02012	0.18386	0.00223	0.00245	0.00173	0.00112	0.00104	0.00029	0.07148	0.02048	0.00070	0.00144
6	0.03562	0.01736	0.06826	0.01248	0.02945	0.01225	0.03287	0.04020	0.05212	0.05403	0.03117	0.02484	0.01732	0.01168	0.01148	0.00025	0.00091	0.00084	0.00069	0.54618

[dist]
# distance from previous block
# <min> <max>
1	23

[block]
# block no. 13 follows, 321 sequences, length 16
# corresponding to MSA columns:
# 1471-1475,1478-1488
name=unknown_N
#
# <colnr> <probs for GDERKNQSTAVLIFYWHMCP>
#	G	D	E	R	K	N	Q	S	T	A	V	L	I	F	Y	W	H	M	C	P
0	0.03043	0.02217	0.00286	0.18148	0.14928	0.10407	0.07408	0.04030	0.01764	0.06733	0.00301	0.17485	0.00957	0.01835	0.01360	0.01983	0.00987	0.05937	0.00069	0.00122
1	0.07349	0.00258	0.00279	0.00218	0.00295	0.02076	0.00179	0.62939	0.04137	0.19232	0.00272	0.00264	0.00189	0.00123	0.00103	0.00031	0.01694	0.00092	0.00102	0.00167
2	0.00210	0.00187	0.00287	0.64408	0.03167	0.00224	0.02288	0.01406	0.17758	0.01064	0.01787	0.00312	0.00927	0.00119	0.01010	0.00035	0.00121	0.00099	0.04469	0.00124
3	0.00124	0.00103	0.00109	0.00109	0.00141	0.00088	0.00081	0.00153	0.00238	0.00293	0.13069	0.05977	0.78652	0.00256	0.00121	0.00035	0.00052	0.00216	0.00097	0.00088
4	0.00650	0.07220	0.07977	0.03086	0.01304	0.21475	0.01345	0.08412	0.02677	0.01583	0.01180	0.23916	0.00844	0.04130	0.05197	0.00928	0.01090	0.05723	0.01148	0.00114
5	0.00126	0.00095	0.00116	0.00129	0.00146	0.00086	0.00090	0.00149	0.00214	0.00276	0.07535	0.55791	0.30753	0.02446	0.00136	0.00040	0.00058	0.01635	0.00096	0.00085
6	0.00252	0.06483	0.00240	0.00200	0.01581	0.02594	0.00816	0.05856	0.53661	0.05615	0.03366	0.10148	0.03470	0.00757	0.00680	0.00035	0.00086	0.03034	0.00981	0.00144
7	0.00278	0.88726	0.01879	0.00181	0.00267	0.00394	0.00179	0.03184	0.00216	0.01641	0.00150	0.00171	0.00134	0.00091	0.00074	0.00023	0.02174	0.00058	0.00047	0.00133
8	0.01236	0.04638	0.05688	0.00987	0.01151	0.00278	0.00963	0.53747	0.14032	0.01211	0.00254	0.00263	0.00189	0.00117	0.00099	0.00029	0.00958	0.00897	0.00089	0.13174
9	0.00241	0.04083	0.08095	0.02241	0.04102	0.00654	0.00617	0.02384	0.02416	0.09239	0.00986	0.00709	0.00999	0.00887	0.00637	0.00023	0.00556	0.00773	0.01041	0.59315
10	0.01224	0.37831	0.27689	0.00246	0.05819	0.03169	0.01358	0.07829	0.05113	0.07182	0.00212	0.00228	0.01484	0.00102	0.00086	0.00028	0.00121	0.00076	0.00059	0.00146
11	0.00235	0.15229	0.29898	0.00232	0.00947	0.01271	0.07275	0.02742	0.10106	0.07166	0.14611	0.02441	0.03229	0.00138	0.00873	0.00033	0.02498	0.00869	0.00072	0.00137
12	0.00131	0.00105	0.00112	0.00111	0.00144	0.00090	0.00084	0.00161	0.00241	0.01899	0.13756	0.02803	0.76896	0.00252	0.00121	0.00035	0.00053	0.02817	0.00098	0.00089
13	0.00723	0.00881	0.03466	0.28807	0.06591	0.01403	0.07322	0.02960	0.04357	0.11774	0.15313	0.05790	0.01153	0.00735	0.01941	0.00497	0.03898	0.01730	0.00535	0.00125
14	0.00262	0.04011	0.07159	0.09562	0.16153	0.08405	0.06401	0.13823	0.02907	0.07302	0.00970	0.15579	0.00899	0.01585	0.01065	0.00035	0.01261	0.02414	0.00073	0.00135
15	0.00246	0.00232	0.00391	0.09920	0.80621	0.00238	0.00300	0.02307	0.00234	0.00332	0.00207	0.00269	0.01492	0.00105	0.01468	0.00033	0.00123	0.00093	0.01234	0.00155

[dist]
# distance from previous block
# <min> <max>
2	6

[block]
# block no. 14 follows, 321 sequences, length 7
# corresponding to MSA columns:
# 1496-1502
name=unknown_O
#
# <colnr> <probs for GDERKNQSTAVLIFYWHMCP>
#	G	D	E	R	K	N	Q	S	T	A	V	L	I	F	Y	W	H	M	C	P
0	0.04925	0.00218	0.01683	0.26893	0.43436	0.00230	0.02169	0.05128	0.02521	0.03166	0.01634	0.02017	0.00188	0.00119	0.01694	0.00034	0.01328	0.01223	0.01252	0.00141
1	0.00411	0.00172	0.00222	0.00173	0.00244	0.00157	0.00142	0.08887	0.00297	0.72573	0.00379	0.00344	0.00248	0.00125	0.00098	0.00030	0.00083	0.00101	0.15152	0.00162
2	0.00178	0.00149	0.00218	0.02030	0.16967	0.00146	0.04614	0.00248	0.09079	0.00364	0.43835	0.13343	0.03347	0.00191	0.00117	0.00034	0.00075	0.03219	0.00093	0.01755
3	0.00251	0.00214	0.00226	0.00202	0.00259	0.00245	0.00158	0.05139	0.83399	0.00432	0.04455	0.00414	0.03859	0.00145	0.00105	0.00034	0.00080	0.00121	0.00104	0.00157
4	0.00274	0.96466	0.00536	0.00175	0.00263	0.00405	0.00175	0.00306	0.00208	0.00241	0.00142	0.00164	0.00131	0.00088	0.00066	0.00022	0.00109	0.00055	0.00044	0.00131
5	0.06317	0.01492	0.00240	0.00193	0.00252	0.01750	0.00154	0.51032	0.02712	0.05788	0.01655	0.03317	0.00255	0.15695	0.00168	0.00042	0.00101	0.03900	0.03235	0.01701
6	0.01433	0.03776	0.10387	0.01220	0.02782	0.04228	0.03910	0.03380	0.20384	0.01226	0.05235	0.07885	0.20912	0.07615	0.02174	0.00042	0.01467	0.01744	0.00081	0.00120

[dist]
# distance from previous block
# <min> <max>
3	15

[block]
# block no. 15 follows, 321 sequences, length 24
# corresponding to MSA columns:
# 1523-1525,1532-1552
name=unknown_P
#
# <colnr> <probs for GDERKNQSTAVLIFYWHMCP>
#	G	D	E	R	K	N	Q	S	T	A	V	L	I	F	Y	W	H	M	C	P
0	0.01613	0.01048	0.13214	0.00658	0.00299	0.03136	0.00605	0.24271	0.42117	0.02517	0.01340	0.00768	0.00242	0.00804	0.03076	0.00792	0.00108	0.00101	0.00089	0.03201
1	0.00161	0.01525	0.00911	0.00156	0.00172	0.03139	0.00117	0.00867	0.00168	0.00230	0.00280	0.01150	0.00281	0.23262	0.57403	0.06412	0.01070	0.02552	0.00057	0.00084
2	0.04057	0.72305	0.05710	0.00186	0.00270	0.04885	0.00762	0.02250	0.02663	0.00919	0.00173	0.03204	0.00156	0.00100	0.00074	0.00024	0.00604	0.00068	0.01460	0.00131
3	0.00249	0.01890	0.03510	0.03794	0.01726	0.13028	0.01825	0.03500	0.01537	0.04227	0.00956	0.02961	0.01079	0.00096	0.00085	0.00021	0.00099	0.00077	0.00064	0.59275
4	0.03143	0.14557	0.20541	0.00731	0.03309	0.00217	0.03266	0.04658	0.03959	0.14348	0.11233	0.00945	0.04686	0.00123	0.00097	0.00029	0.00738	0.00496	0.00075	0.12850
5	0.11840	0.05566	0.16556	0.04410	0.04135	0.12859	0.02416	0.07909	0.12654	0.09538	0.02310	0.05106	0.01289	0.00125	0.00103	0.00032	0.02843	0.00097	0.00073	0.00138
6	0.00198	0.00183	0.00303	0.90987	0.00680	0.00227	0.00277	0.03250	0.00213	0.00273	0.00192	0.02429	0.00150	0.00108	0.00103	0.00034	0.00134	0.00095	0.00048	0.00115
7	0.01754	0.00186	0.00818	0.01375	0.00895	0.00149	0.00738	0.00695	0.00212	0.02165	0.00190	0.00963	0.00159	0.00085	0.00089	0.00018	0.03943	0.00763	0.00062	0.84742
8	0.74638	0.01547	0.16077	0.00164	0.00243	0.00229	0.00158	0.00315	0.00188	0.05435	0.00163	0.00184	0.00122	0.00097	0.00071	0.00032	0.00092	0.00061	0.00063	0.00121
9	0.00168	0.00111	0.00139	0.00132	0.00160	0.00104	0.00100	0.01088	0.02221	0.05526	0.63819	0.05602	0.08310	0.00206	0.00116	0.00033	0.00054	0.03104	0.08907	0.00101
10	0.00384	0.00253	0.00279	0.01988	0.00977	0.05519	0.00829	0.50822	0.06651	0.27043	0.00988	0.02749	0.00220	0.00129	0.00104	0.00031	0.00662	0.00101	0.00104	0.00166
11	0.00381	0.00474	0.00288	0.00261	0.00315	0.90731	0.00196	0.02313	0.02127	0.01765	0.00169	0.00192	0.00138	0.00107	0.00093	0.00027	0.00180	0.00068	0.00056	0.00121
12	0.00126	0.00091	0.00120	0.00143	0.00151	0.00085	0.00097	0.00146	0.00199	0.00265	0.01768	0.89338	0.02643	0.00316	0.00131	0.00042	0.00060	0.04098	0.00095	0.00084
13	0.00132	0.00098	0.00122	0.00131	0.00149	0.00091	0.00094	0.00161	0.00224	0.00298	0.20902	0.41543	0.24168	0.01298	0.05602	0.00045	0.00068	0.02516	0.02272	0.00088
14	0.02216	0.16969	0.09125	0.05992	0.01974	0.06654	0.04943	0.18458	0.16901	0.08386	0.02727	0.02617	0.00858	0.00122	0.00099	0.00031	0.01071	0.00634	0.00078	0.00146
15	0.00129	0.00103	0.00111	0.00114	0.00145	0.00089	0.00085	0.00155	0.00231	0.01596	0.04121	0.13305	0.74917	0.00265	0.00123	0.00036	0.00055	0.04236	0.00096	0.00088
16	0.00176	0.00150	0.01782	0.00193	0.00207	0.00176	0.00711	0.00204	0.00180	0.02267	0.01354	0.19704	0.03479	0.03873	0.24818	0.02210	0.30524	0.07215	0.00678	0.00097
17	0.02304	0.00899	0.01923	0.00228	0.00614	0.00646	0.11363	0.28400	0.01987	0.39014	0.01386	0.01961	0.00231	0.01150	0.02227	0.00505	0.01789	0.01287	0.01927	0.00158
18	0.08526	0.00177	0.01119	0.00180	0.00236	0.00923	0.00806	0.08947	0.02779	0.43649	0.00855	0.13203	0.02623	0.00586	0.03887	0.00780	0.06041	0.00710	0.03833	0.00141
19	0.00162	0.00108	0.00132	0.00134	0.00155	0.00105	0.00098	0.02112	0.02056	0.02655	0.25907	0.20336	0.08365	0.13061	0.02547	0.00047	0.00070	0.08629	0.13227	0.00093
20	0.01382	0.08144	0.05103	0.03868	0.02047	0.02579	0.03551	0.20888	0.37857	0.06207	0.01233	0.01725	0.00804	0.00136	0.00835	0.00034	0.00549	0.02815	0.00089	0.00153
21	0.47040	0.13159	0.07410	0.02642	0.02321	0.07175	0.01378	0.03958	0.01714	0.03145	0.01457	0.00215	0.00150	0.00102	0.00081	0.00030	0.01546	0.01514	0.00062	0.04901
22	0.05197	0.02885	0.13213	0.07473	0.15101	0.00757	0.09592	0.05892	0.04314	0.02253	0.03934	0.17682	0.04915	0.00162	0.01098	0.00035	0.00505	0.01926	0.00773	0.02293
23	0.06397	0.12160	0.06789	0.03294	0.02031	0.03000	0.02310	0.28275	0.20215	0.03048	0.01379	0.01784	0.00753	0.00745	0.00098	0.00030	0.00571	0.00432	0.00494	0.06195

[dist]
# distance from previous block
# <min> <max>
6	44

[block]
# block no. 16 follows, 321 sequences, length 16
# corresponding to MSA columns:
# 1777-1792
name=unknown_Q
#
# <colnr> <probs for GDERKNQSTAVLIFYWHMCP>
#	G	D	E	R	K	N	Q	S	T	A	V	L	I	F	Y	W	H	M	C	P
0	0.02968	0.01231	0.01753	0.03896	0.12717	0.00157	0.02142	0.06623	0.01844	0.04103	0.03816	0.27185	0.03479	0.03554	0.03442	0.01276	0.01250	0.17168	0.00541	0.00853
1	0.12432	0.20178	0.05145	0.05309	0.00855	0.15783	0.02467	0.22083	0.08483	0.01120	0.00206	0.00232	0.00162	0.01112	0.00096	0.00030	0.01330	0.00758	0.00068	0.02151
2	0.01617	0.00183	0.00217	0.00902	0.06849	0.03242	0.00157	0.04419	0.30018	0.03669	0.00909	0.10667	0.05510	0.02142	0.00797	0.11845	0.08500	0.06936	0.00082	0.01340
3	0.36987	0.00199	0.01400	0.13516	0.10805	0.00211	0.01528	0.05464	0.00231	0.19499	0.02917	0.01280	0.00193	0.01407	0.00097	0.00033	0.01407	0.01129	0.00841	0.00854
