[name]
unknown

[dist]
# distance from previous block
# <min> <max>
0	943

[block]
# block no. 0 follows, 298 sequences, length 10
# corresponding to MSA columns:
# 1146-1155
name=unknown_A
#
# <colnr> <probs for GDERKNQSTAVLIFYWHMCP>
#	G	D	E	R	K	N	Q	S	T	A	V	L	I	F	Y	W	H	M	C	P
0	0.09182	0.00234	0.04723	0.06316	0.19332	0.01335	0.10296	0.02382	0.04979	0.05041	0.01217	0.03118	0.01125	0.03551	0.10060	0.00054	0.13291	0.02321	0.00067	0.01374
1	0.21867	0.09368	0.05793	0.03334	0.03046	0.05779	0.09749	0.24852	0.06245	0.04170	0.00244	0.00293	0.00191	0.00122	0.00100	0.00034	0.00123	0.04457	0.00080	0.00151
2	0.03505	0.03682	0.00286	0.08136	0.09848	0.01674	0.05972	0.04186	0.18873	0.11496	0.05172	0.10164	0.03253	0.01604	0.03832	0.01155	0.03711	0.03221	0.00088	0.00141
3	0.02329	0.00162	0.04862	0.04588	0.00235	0.00147	0.00142	0.02688	0.01144	0.21402	0.07162	0.08245	0.04429	0.22127	0.14153	0.02569	0.00955	0.02456	0.00089	0.00117
4	0.03732	0.02869	0.00275	0.13854	0.18311	0.05922	0.01635	0.01672	0.03441	0.02735	0.05183	0.20173	0.02609	0.01739	0.00163	0.07630	0.06193	0.01670	0.00073	0.00122
5	0.23490	0.03278	0.10092	0.07422	0.06453	0.07484	0.01285	0.14406	0.05050	0.10290	0.01597	0.02698	0.01287	0.00124	0.00097	0.00033	0.00115	0.00095	0.03583	0.01122
6	0.01913	0.00138	0.00170	0.00159	0.00194	0.00134	0.00119	0.02025	0.10338	0.14643	0.33080	0.17272	0.07254	0.07333	0.00164	0.02189	0.00072	0.02573	0.00110	0.00118
7	0.02256	0.00190	0.04656	0.33657	0.03627	0.00185	0.00213	0.00339	0.00257	0.27753	0.12374	0.03049	0.00332	0.02510	0.03530	0.00042	0.00116	0.01186	0.03591	0.00138
8	0.04495	0.16913	0.51749	0.04683	0.00414	0.00281	0.02578	0.04311	0.04507	0.08757	0.00223	0.00246	0.00162	0.00108	0.00099	0.00033	0.00140	0.00083	0.00061	0.00158
9	0.01009	0.00181	0.01557	0.14972	0.04400	0.00197	0.03949	0.09778	0.05760	0.05780	0.00295	0.02596	0.00263	0.10562	0.31360	0.02106	0.02973	0.02067	0.00072	0.00122

[dist]
# distance from previous block
# <min> <max>
4	29

[block]
# block no. 1 follows, 298 sequences, length 13
# corresponding to MSA columns:
# 1201-1205,1208-1215
name=unknown_B
#
# <colnr> <probs for GDERKNQSTAVLIFYWHMCP>
#	G	D	E	R	K	N	Q	S	T	A	V	L	I	F	Y	W	H	M	C	P
0	0.00264	0.05673	0.36013	0.00289	0.08834	0.03215	0.01815	0.09708	0.09195	0.05633	0.15762	0.00358	0.00321	0.00140	0.01066	0.00035	0.01341	0.00109	0.00077	0.00155
1	0.00412	0.00314	0.00326	0.00253	0.00338	0.04107	0.00208	0.88324	0.03544	0.00667	0.00266	0.00266	0.00190	0.00132	0.00109	0.00033	0.00123	0.00098	0.00108	0.00184
2	0.01946	0.04037	0.00371	0.12640	0.32014	0.03848	0.07219	0.03354	0.09476	0.21313	0.00281	0.01434	0.00210	0.00118	0.00112	0.00034	0.01248	0.00105	0.00079	0.00163
3	0.00159	0.00106	0.00122	0.00123	0.00124	0.00107	0.00070	0.00161	0.00162	0.00216	0.00352	0.03666	0.00404	0.89434	0.04276	0.00107	0.00112	0.00163	0.00067	0.00068
4	0.00247	0.00257	0.10796	0.17402	0.36045	0.00233	0.04851	0.06073	0.00258	0.03306	0.04203	0.05794	0.02909	0.00153	0.02401	0.00039	0.01874	0.02944	0.00067	0.00148
5	0.00247	0.04018	0.63168	0.00329	0.07414	0.01418	0.06503	0.02932	0.08645	0.02617	0.01553	0.00264	0.00178	0.00110	0.00106	0.00034	0.00149	0.00091	0.00058	0.00162
6	0.00279	0.04528	0.03191	0.06237	0.29115	0.01949	0.01663	0.05743	0.39003	0.01559	0.00303	0.00322	0.00235	0.00127	0.00122	0.00035	0.05236	0.00106	0.00081	0.00166
7	0.90571	0.00211	0.00170	0.03224	0.00232	0.00243	0.00126	0.00328	0.00192	0.03677	0.00164	0.00188	0.00125	0.00103	0.00071	0.00034	0.00087	0.00062	0.00070	0.00121
8	0.00190	0.00169	0.03879	0.05696	0.04102	0.00154	0.11103	0.00263	0.05350	0.01889	0.53944	0.02344	0.02441	0.01718	0.00132	0.00037	0.00086	0.04108	0.02277	0.00119
9	0.00133	0.00100	0.00123	0.00141	0.00156	0.00091	0.00097	0.00156	0.00224	0.00289	0.03551	0.66451	0.27447	0.00322	0.00137	0.00042	0.00061	0.00286	0.00102	0.00091
10	0.00308	0.00261	0.00267	0.00232	0.00299	0.03917	0.00182	0.20059	0.72119	0.00500	0.00398	0.00371	0.00297	0.00144	0.00111	0.00036	0.00098	0.00117	0.00109	0.00175
11	0.00227	0.00183	0.00215	0.00159	0.00246	0.00140	0.00126	0.00274	0.00239	0.04332	0.07257	0.00332	0.06592	0.00107	0.00089	0.00020	0.00078	0.00088	0.00075	0.79221
12	0.02068	0.15824	0.50092	0.00279	0.02145	0.01805	0.04050	0.07691	0.04833	0.03195	0.01071	0.02816	0.01244	0.00118	0.00105	0.00033	0.01452	0.00092	0.00061	0.01026

[dist]
# distance from previous block
# <min> <max>
2	14

[block]
# block no. 2 follows, 298 sequences, length 18
# corresponding to MSA columns:
# 1244-1261
name=unknown_C
#
# <colnr> <probs for GDERKNQSTAVLIFYWHMCP>
#	G	D	E	R	K	N	Q	S	T	A	V	L	I	F	Y	W	H	M	C	P
0	0.00158	0.00126	0.02062	0.00152	0.01525	0.00112	0.00114	0.00216	0.03654	0.00410	0.71998	0.11347	0.07240	0.00234	0.00129	0.00036	0.00058	0.00207	0.00115	0.00106
1	0.00344	0.00218	0.08954	0.01908	0.06078	0.01976	0.03079	0.00405	0.04102	0.46554	0.03553	0.09635	0.06095	0.00768	0.00782	0.00037	0.00575	0.02810	0.01972	0.00156
2	0.00482	0.00190	0.00254	0.00196	0.00280	0.00168	0.00162	0.03430	0.01989	0.89510	0.00427	0.00371	0.00270	0.00136	0.00110	0.00034	0.00093	0.00110	0.01603	0.00185
3	0.96919	0.00212	0.00161	0.00144	0.00212	0.00246	0.00119	0.00323	0.00187	0.00492	0.00153	0.00178	0.00119	0.00102	0.00068	0.00034	0.00085	0.00059	0.00068	0.00119
4	0.00290	0.91835	0.04921	0.00193	0.00290	0.00426	0.00198	0.00329	0.00223	0.00262	0.00155	0.00179	0.00141	0.00094	0.00072	0.00024	0.00119	0.00060	0.00047	0.00142
5	0.00220	0.00210	0.02208	0.00234	0.01306	0.07197	0.06299	0.00256	0.02777	0.01776	0.00261	0.03675	0.00263	0.24568	0.16317	0.00081	0.31278	0.00906	0.00061	0.00108
6	0.00135	0.00097	0.00128	0.00152	0.00161	0.00090	0.00103	0.00155	0.00213	0.00282	0.00631	0.88114	0.05725	0.00339	0.00140	0.00044	0.00064	0.03233	0.00102	0.00090
7	0.01201	0.00139	0.00169	0.00154	0.00189	0.00137	0.00118	0.04681	0.11409	0.03105	0.73010	0.00727	0.02999	0.00208	0.00125	0.00035	0.00061	0.00181	0.01235	0.00118
8	0.01814	0.02812	0.00281	0.07528	0.01272	0.02932	0.03678	0.05331	0.01673	0.03620	0.00237	0.00860	0.00218	0.10269	0.23371	0.00080	0.32260	0.00109	0.01539	0.00118
9	0.00257	0.00239	0.00366	0.06304	0.38879	0.00949	0.02855	0.01603	0.05692	0.03046	0.02923	0.00977	0.02351	0.00151	0.01109	0.00040	0.31216	0.00831	0.00062	0.00147
10	0.00207	0.00113	0.00123	0.00119	0.00142	0.00115	0.00086	0.02379	0.01672	0.03051	0.00349	0.00464	0.00300	0.18852	0.05679	0.02683	0.00080	0.00115	0.63375	0.00099
11	0.01317	0.00201	0.00243	0.01994	0.03548	0.00159	0.01295	0.02202	0.00234	0.00364	0.00197	0.00231	0.00163	0.00084	0.00084	0.00018	0.00086	0.00068	0.00065	0.87448
12	0.00275	0.00237	0.00247	0.00220	0.00281	0.02304	0.00171	0.05642	0.81425	0.00466	0.07137	0.00426	0.00372	0.00152	0.00113	0.00037	0.00089	0.00127	0.00111	0.00168
13	0.00191	0.00095	0.00143	0.00143	0.00143	0.00095	0.00095	0.00143	0.00143	0.00191	0.00191	0.00334	0.00191	0.00381	0.00429	0.96808	0.00095	0.00095	0.00048	0.00048
14	0.01096	0.00285	0.03457	0.03928	0.10759	0.01249	0.36643	0.24625	0.07542	0.03990	0.00259	0.01185	0.00195	0.00115	0.00119	0.00035	0.01434	0.00114	0.02809	0.00161
15	0.00191	0.00095	0.00143	0.00143	0.00143	0.00095	0.00095	0.00143	0.00143	0.00191	0.00191	0.00334	0.00191	0.00381	0.00429	0.96808	0.00095	0.00095	0.00048	0.00048
16	0.02597	0.01898	0.30721	0.00259	0.01708	0.00855	0.05294	0.14686	0.01705	0.29590	0.02883	0.00804	0.00238	0.00591	0.01172	0.00037	0.00611	0.03111	0.01072	0.00165
17	0.10309	0.05198	0.00305	0.00779	0.09372	0.01660	0.01101	0.26923	0.10475	0.25502	0.01136	0.00307	0.00223	0.00133	0.00757	0.00034	0.02715	0.00800	0.00099	0.02172

[dist]
# distance from previous block
# <min> <max>
1	23

[block]
# block no. 3 follows, 298 sequences, length 8
# corresponding to MSA columns:
# 1286-1293
name=unknown_D
#
# <colnr> <probs for GDERKNQSTAVLIFYWHMCP>
#	G	D	E	R	K	N	Q	S	T	A	V	L	I	F	Y	W	H	M	C	P
0	0.08869	0.02865	0.05935	0.02188	0.06195	0.04362	0.00205	0.42780	0.04358	0.11568	0.03332	0.03970	0.01259	0.00136	0.00106	0.00033	0.00114	0.00107	0.00096	0.01522
1	0.00260	0.00243	0.00371	0.16638	0.55115	0.05105	0.00286	0.01653	0.01352	0.02104	0.00226	0.02176	0.00192	0.01444	0.05584	0.00043	0.02920	0.00102	0.02005	0.02180
2	0.01361	0.00200	0.02953	0.35129	0.03319	0.01202	0.03753	0.03473	0.06387	0.12041	0.15603	0.03078	0.04580	0.00151	0.00121	0.00036	0.02681	0.01002	0.01382	0.01548
3	0.01733	0.02902	0.00360	0.28653	0.38031	0.00242	0.02935	0.04203	0.00255	0.02350	0.10968	0.01878	0.01532	0.00127	0.00120	0.00035	0.03354	0.00114	0.00065	0.00145
4	0.02722	0.18470	0.04960	0.01289	0.05538	0.05118	0.01263	0.20655	0.04026	0.10298	0.00238	0.00264	0.00185	0.02897	0.00113	0.00030	0.01970	0.00085	0.00078	0.19800
5	0.00176	0.00151	0.02855	0.00187	0.00206	0.02385	0.00148	0.00207	0.00179	0.00255	0.00282	0.03642	0.00274	0.09220	0.61366	0.05036	0.11558	0.00122	0.01653	0.00097
6	0.00136	0.00096	0.00127	0.00150	0.00156	0.00090	0.00099	0.00153	0.00206	0.00275	0.00584	0.88587	0.00700	0.07864	0.00173	0.00049	0.00067	0.00300	0.00099	0.00087
7	0.00234	0.02281	0.00245	0.00173	0.00266	0.00159	0.02255	0.00282	0.00228	0.02408	0.00207	0.02298	0.00176	0.00091	0.00090	0.00019	0.02288	0.00073	0.00066	0.86160

[dist]
# distance from previous block
# <min> <max>
0	1

[block]
# block no. 4 follows, 298 sequences, length 9
# corresponding to MSA columns:
# 1296-1304
name=unknown_E
#
# <colnr> <probs for GDERKNQSTAVLIFYWHMCP>
#	G	D	E	R	K	N	Q	S	T	A	V	L	I	F	Y	W	H	M	C	P
0	0.01683	0.04594	0.05861	0.01853	0.27963	0.01720	0.03658	0.05075	0.04210	0.20156	0.01899	0.01682	0.01024	0.00121	0.00110	0.00032	0.00929	0.00102	0.00083	0.17244
1	0.08413	0.58714	0.13943	0.00226	0.02317	0.07419	0.01633	0.03167	0.02736	0.00313	0.00173	0.00198	0.00146	0.00100	0.00081	0.00027	0.00127	0.00068	0.00053	0.00144
2	0.00267	0.00256	0.00437	0.07114	0.89053	0.00260	0.00335	0.00333	0.00248	0.00353	0.00206	0.00273	0.00172	0.00099	0.00109	0.00033	0.00131	0.00098	0.00054	0.00170
3	0.00255	0.00288	0.00622	0.07959	0.00588	0.00275	0.87616	0.00346	0.00256	0.00346	0.00220	0.00296	0.00165	0.00094	0.00128	0.00037	0.00182	0.00127	0.00055	0.00146
4	0.00159	0.00112	0.00145	0.00146	0.00154	0.00119	0.00099	0.00177	0.00170	0.00234	0.00334	0.00623	0.00358	0.54323	0.38634	0.00132	0.00181	0.03755	0.00065	0.00080
5	0.00135	0.00097	0.00129	0.00152	0.00161	0.00091	0.00103	0.00157	0.00216	0.00287	0.03369	0.86992	0.04200	0.00337	0.00140	0.00044	0.00064	0.03134	0.00102	0.00090
6	0.00158	0.00118	0.00146	0.01954	0.00180	0.00111	0.00110	0.01364	0.01904	0.01539	0.45129	0.10868	0.26070	0.01518	0.02769	0.00042	0.00068	0.05742	0.00109	0.00102
7	0.00275	0.00230	0.00256	0.00228	0.00288	0.00262	0.02334	0.06344	0.74860	0.02157	0.00447	0.00470	0.01968	0.00161	0.00120	0.00038	0.01732	0.07556	0.00109	0.00166
8	0.00232	0.00219	0.00338	0.60451	0.18948	0.02571	0.00288	0.00327	0.10650	0.00317	0.00226	0.00300	0.00175	0.00114	0.00115	0.00036	0.02389	0.00100	0.02067	0.00137

[dist]
# distance from previous block
# <min> <max>
1	9

[block]
# block no. 5 follows, 298 sequences, length 8
# corresponding to MSA columns:
# 1318,1324-1330
name=unknown_F
#
# <colnr> <probs for GDERKNQSTAVLIFYWHMCP>
#	G	D	E	R	K	N	Q	S	T	A	V	L	I	F	Y	W	H	M	C	P
0	0.00166	0.00135	0.04919	0.00147	0.00180	0.00111	0.00118	0.00217	0.00291	0.03247	0.69293	0.09391	0.07984	0.00228	0.00127	0.00035	0.00060	0.00200	0.03046	0.00107
1	0.00248	0.00200	0.00242	0.05652	0.02355	0.00177	0.00153	0.08260	0.02864	0.03131	0.00236	0.03678	0.00197	0.00106	0.00099	0.00023	0.03266	0.00085	0.04909	0.64119
2	0.05421	0.00127	0.00126	0.00118	0.00151	0.00131	0.00091	0.08779	0.00253	0.00439	0.00338	0.00384	0.00264	0.00127	0.00079	0.00027	0.00059	0.00100	0.82875	0.00111
3	0.01140	0.00174	0.05053	0.05095	0.03035	0.01639	0.04660	0.01836	0.01210	0.08027	0.04892	0.28551	0.01253	0.06327	0.14421	0.04906	0.05673	0.00936	0.00081	0.01090
4	0.00245	0.00224	0.03298	0.33085	0.26374	0.01335	0.02392	0.02204	0.03670	0.04608	0.00256	0.00375	0.00217	0.03450	0.02480	0.00041	0.02134	0.06935	0.01508	0.05170
5	0.00222	0.00203	0.00329	0.88972	0.00726	0.00251	0.00298	0.07130	0.00241	0.00310	0.00200	0.00290	0.00149	0.00111	0.00110	0.00036	0.00144	0.00098	0.00053	0.00127
6	0.00258	0.00153	0.05130	0.00156	0.00204	0.00127	0.00130	0.00308	0.00278	0.26265	0.32488	0.05851	0.05046	0.00203	0.03282	0.00038	0.00078	0.00154	0.19724	0.00127
7	0.01412	0.03540	0.05872	0.07729	0.23111	0.02682	0.02359	0.19670	0.09472	0.08107	0.01221	0.00357	0.04558	0.04940	0.00972	0.00039	0.02790	0.00934	0.00081	0.00157

[dist]
# distance from previous block
# <min> <max>
2	46

[block]
# block no. 6 follows, 298 sequences, length 14
# corresponding to MSA columns:
# 1395-1408
name=unknown_G
#
# <colnr> <probs for GDERKNQSTAVLIFYWHMCP>
#	G	D	E	R	K	N	Q	S	T	A	V	L	I	F	Y	W	H	M	C	P
0	0.08214	0.40029	0.17777	0.00220	0.01459	0.02306	0.03069	0.02393	0.05430	0.03817	0.05527	0.00290	0.01696	0.00128	0.00104	0.03886	0.00118	0.01679	0.01078	0.00781
1	0.16998	0.33137	0.14898	0.00217	0.02618	0.02425	0.01550	0.05727	0.03794	0.04012	0.04227	0.01041	0.01127	0.03634	0.00106	0.00033	0.00115	0.02240	0.00067	0.02033
2	0.17465	0.32787	0.25416	0.01170	0.01021	0.07092	0.00230	0.02680	0.00859	0.02682	0.00873	0.00231	0.01664	0.01454	0.00092	0.00031	0.00126	0.00074	0.00058	0.03994
3	0.25521	0.44521	0.17131	0.00200	0.00294	0.02175	0.00206	0.01956	0.00223	0.00347	0.01174	0.00246	0.00168	0.01571	0.00088	0.00031	0.00117	0.03839	0.00057	0.00136
4	0.53726	0.14537	0.14172	0.00186	0.00270	0.00268	0.01326	0.03911	0.01169	0.04402	0.01198	0.00214	0.00149	0.00116	0.00093	0.03889	0.00104	0.00070	0.00066	0.00132
5	0.03053	0.00100	0.00142	0.00142	0.00145	0.00101	0.00095	0.00151	0.00150	0.00208	0.03071	0.00362	0.00224	0.04967	0.00415	0.86376	0.00094	0.00100	0.00051	0.00052
6	0.01983	0.00136	0.02351	0.00164	0.00196	0.00123	0.03899	0.00231	0.04817	0.03044	0.48884	0.22900	0.05316	0.01970	0.00136	0.00039	0.00068	0.02396	0.01240	0.00108
7	0.05392	0.19149	0.12842	0.04788	0.00307	0.02011	0.02912	0.01704	0.03118	0.21718	0.06312	0.04408	0.08970	0.00976	0.02420	0.00037	0.00112	0.02598	0.00085	0.00142
8	0.03134	0.01954	0.00252	0.00209	0.00277	0.00243	0.01938	0.04834	0.58556	0.03761	0.02717	0.00387	0.03170	0.00140	0.00109	0.00033	0.01275	0.00115	0.01729	0.15167
9	0.07503	0.01269	0.03501	0.04676	0.03451	0.01326	0.01445	0.05677	0.00218	0.09695	0.00218	0.02475	0.00191	0.03332	0.06775	0.00052	0.44294	0.00102	0.01034	0.02765
10	0.10184	0.03024	0.07878	0.00222	0.01185	0.02129	0.01425	0.09179	0.08440	0.07836	0.09501	0.06548	0.02361	0.03669	0.02746	0.00044	0.20180	0.00900	0.00082	0.02466
11	0.11041	0.08440	0.10467	0.00962	0.05524	0.12324	0.03190	0.04937	0.02361	0.06303	0.02151	0.07132	0.04208	0.02606	0.10115	0.00050	0.01341	0.01892	0.00072	0.04884
12	0.11516	0.05915	0.07242	0.13873	0.03721	0.01520	0.06426	0.09438	0.05241	0.11195	0.03645	0.05968	0.00927	0.00669	0.00117	0.00035	0.04011	0.01517	0.00079	0.06945
13	0.18065	0.05625	0.05378	0.03330	0.09383	0.03919	0.03844	0.10016	0.04682	0.09916	0.06096	0.05038	0.00880	0.00139	0.00775	0.00034	0.02567	0.01606	0.00081	0.08627

[dist]
# distance from previous block
# <min> <max>
13	113

[block]
# block no. 7 follows, 298 sequences, length 10
# corresponding to MSA columns:
# 1561-1568,1574,1575
name=unknown_H
#
# <colnr> <probs for GDERKNQSTAVLIFYWHMCP>
#	G	D	E	R	K	N	Q	S	T	A	V	L	I	F	Y	W	H	M	C	P
0	0.01414	0.32108	0.16705	0.00218	0.00302	0.04285	0.04160	0.07254	0.00254	0.05082	0.03140	0.03612	0.05974	0.03207	0.01223	0.04190	0.00121	0.03899	0.00068	0.02784
1	0.15482	0.26685	0.23032	0.00237	0.02780	0.03082	0.02073	0.04827	0.08195	0.09025	0.01079	0.01744	0.00186	0.00113	0.00092	0.00031	0.00121	0.00084	0.00069	0.01064
2	0.03779	0.36019	0.30250	0.05152	0.00364	0.05406	0.01098	0.04725	0.02937	0.01214	0.01375	0.00266	0.04866	0.00113	0.00092	0.00030	0.00131	0.00084	0.00058	0.02039
3	0.04816	0.01052	0.00183	0.00157	0.00209	0.00142	0.00122	0.04369	0.02704	0.26971	0.07232	0.12483	0.27036	0.03682	0.02973	0.00042	0.00082	0.00172	0.01189	0.04382
4	0.01130	0.04784	0.06463	0.01688	0.00267	0.00163	0.00154	0.00314	0.00249	0.17931	0.07744	0.05045	0.03123	0.00991	0.00102	0.00027	0.00088	0.02011	0.01013	0.46712
5	0.01665	0.69159	0.03699	0.00196	0.00283	0.03745	0.00188	0.02361	0.08843	0.02471	0.02018	0.02917	0.01833	0.00114	0.00082	0.00027	0.00114	0.00081	0.00061	0.00143
6	0.00179	0.00143	0.04129	0.00192	0.00224	0.00126	0.02813	0.00221	0.00240	0.03190	0.00591	0.15592	0.11083	0.02371	0.00164	0.04202	0.00095	0.54249	0.00096	0.00102
7	0.02795	0.30862	0.33311	0.00240	0.01385	0.03001	0.00254	0.05637	0.05968	0.07060	0.04215	0.02388	0.02200	0.00121	0.00096	0.00031	0.00126	0.00092	0.00067	0.00152
8	0.01659	0.30665	0.34058	0.00242	0.00351	0.02592	0.01496	0.05356	0.07488	0.08963	0.04203	0.00284	0.00216	0.00117	0.00097	0.00031	0.00128	0.01830	0.00068	0.00155
9	0.01917	0.07573	0.12500	0.00179	0.00224	0.00171	0.00157	0.02031	0.02379	0.03818	0.05467	0.06551	0.02048	0.25660	0.23144	0.00088	0.00151	0.05761	0.00073	0.00108

[dist]
# distance from previous block
# <min> <max>
9	62

[block]
# block no. 8 follows, 298 sequences, length 31
# corresponding to MSA columns:
# 1663-1675,1691-1699,1707-1712,1714-1716
name=unknown_I
#
# <colnr> <probs for GDERKNQSTAVLIFYWHMCP>
#	G	D	E	R	K	N	Q	S	T	A	V	L	I	F	Y	W	H	M	C	P
0	0.13182	0.19103	0.16960	0.01990	0.03052	0.06623	0.02465	0.13250	0.11406	0.06218	0.02367	0.00705	0.00199	0.00117	0.00098	0.00032	0.00917	0.00088	0.00074	0.01153
1	0.18697	0.34023	0.06894	0.00577	0.02169	0.06235	0.02465	0.12096	0.02407	0.05749	0.04244	0.00249	0.00758	0.00112	0.00088	0.00030	0.00115	0.00080	0.00456	0.02554
2	0.14182	0.05388	0.06294	0.01547	0.14304	0.23776	0.02030	0.06812	0.03775	0.09443	0.03076	0.01268	0.00761	0.00121	0.00105	0.00032	0.02215	0.00795	0.00073	0.04004
3	0.00192	0.04274	0.02281	0.02000	0.01865	0.01909	0.00126	0.06463	0.04538	0.04193	0.11262	0.13946	0.43775	0.01960	0.00132	0.00038	0.00075	0.00760	0.00099	0.00113
4	0.04585	0.06510	0.01336	0.01057	0.01868	0.01990	0.00131	0.06624	0.01828	0.04448	0.18529	0.36946	0.10618	0.00563	0.00125	0.00038	0.00077	0.02514	0.00099	0.00113
5	0.08590	0.00260	0.02219	0.13798	0.12791	0.04709	0.25231	0.09195	0.01292	0.02346	0.01347	0.04953	0.00695	0.00128	0.00990	0.00036	0.03907	0.00423	0.00067	0.07024
6	0.00242	0.00199	0.00234	0.10709	0.01212	0.01092	0.01275	0.02564	0.49934	0.02771	0.14531	0.06505	0.02277	0.00536	0.00117	0.00037	0.00088	0.00756	0.03448	0.01473
7	0.00207	0.00195	0.00329	0.95880	0.00756	0.00244	0.00305	0.00280	0.00219	0.00280	0.00195	0.00293	0.00146	0.00110	0.00110	0.00037	0.00146	0.00098	0.00049	0.00122
8	0.00278	0.00238	0.00268	0.03145	0.04580	0.00272	0.01488	0.07802	0.76266	0.00460	0.01308	0.00391	0.00313	0.00161	0.02494	0.00040	0.00099	0.00121	0.00105	0.00170
9	0.00157	0.00118	0.00176	0.00176	0.00196	0.00137	0.00137	0.00196	0.00176	0.00255	0.00294	0.00431	0.00274	0.00823	0.95709	0.00176	0.00294	0.00118	0.00059	0.00098
10	0.00305	0.75830	0.00513	0.00201	0.00289	0.09157	0.00189	0.02495	0.09588	0.00289	0.00186	0.00203	0.00161	0.00102	0.00078	0.00025	0.00122	0.00067	0.00056	0.00144
11	0.00141	0.00101	0.00128	0.00145	0.00159	0.00093	0.00101	0.00168	0.00230	0.00310	0.11889	0.64280	0.12533	0.00308	0.00134	0.00042	0.00062	0.03628	0.05456	0.00092
12	0.00274	0.00227	0.00257	0.00225	0.00268	0.08762	0.01975	0.28680	0.00299	0.01921	0.00290	0.02733	0.00857	0.02731	0.34236	0.00088	0.10010	0.05494	0.00542	0.00131
13	0.00131	0.00111	0.00113	0.00114	0.00149	0.00093	0.00085	0.00160	0.00252	0.00303	0.05812	0.04333	0.87415	0.00277	0.00130	0.00037	0.00056	0.00233	0.00103	0.00093
14	0.02659	0.00206	0.00224	0.00207	0.00260	0.00233	0.00163	0.02478	0.65581	0.01224	0.06447	0.03836	0.02209	0.00177	0.00119	0.00038	0.01105	0.10178	0.02500	0.00154
15	0.00157	0.00117	0.00176	0.00176	0.00195	0.00136	0.00136	0.00195	0.00176	0.00253	0.00292	0.00429	0.00272	0.00813	0.93610	0.02305	0.00290	0.00117	0.00059	0.00097
16	0.00316	0.73708	0.00514	0.00202	0.00293	0.02442	0.00191	0.16673	0.04173	0.00341	0.00184	0.00201	0.00157	0.00103	0.00079	0.00026	0.00118	0.00069	0.00061	0.00150
17	0.00280	0.00266	0.00391	0.01975	0.64918	0.06986	0.01402	0.00353	0.05313	0.03028	0.00906	0.00275	0.00187	0.00104	0.00110	0.00031	0.01937	0.00095	0.00061	0.11382
18	0.00901	0.00128	0.00183	0.00179	0.00198	0.00149	0.00138	0.02562	0.00183	0.00265	0.00291	0.02242	0.00278	0.05984	0.78630	0.02333	0.05075	0.00121	0.00061	0.00098
19	0.00163	0.01951	0.03487	0.00182	0.00207	0.00148	0.00148	0.00204	0.00179	0.00257	0.00285	0.00416	0.00264	0.00770	0.88026	0.01655	0.01386	0.00115	0.00058	0.00100
20	0.00244	0.00262	0.01243	0.26242	0.02735	0.00263	0.60406	0.02361	0.00250	0.00336	0.00221	0.00307	0.00169	0.00125	0.03432	0.00042	0.00175	0.00990	0.00055	0.00140
21	0.00264	0.00225	0.00239	0.00215	0.00274	0.00258	0.00167	0.01699	0.85219	0.00460	0.08351	0.00442	0.00391	0.00155	0.00113	0.00037	0.00084	0.00130	0.01110	0.00167
22	0.00233	0.00195	0.00227	0.00163	0.00259	0.00148	0.00130	0.01443	0.00232	0.01493	0.00202	0.00233	0.00166	0.00083	0.00082	0.00017	0.00081	0.00067	0.01900	0.92647
23	0.00216	0.00201	0.00337	0.85711	0.07807	0.00246	0.00304	0.00287	0.00222	0.01310	0.00197	0.00291	0.00150	0.00111	0.00115	0.00036	0.02186	0.00098	0.00050	0.00126
24	0.00152	0.00108	0.00140	0.00154	0.00170	0.00101	0.00112	0.00752	0.00240	0.01310	0.20224	0.47814	0.07427	0.05691	0.00162	0.00046	0.00070	0.15128	0.00104	0.00095
25	0.00184	0.00102	0.00151	0.00150	0.00156	0.00107	0.00104	0.00162	0.00154	0.01423	0.00228	0.00380	0.00224	0.06170	0.23305	0.66635	0.00144	0.00105	0.00053	0.00063
26	0.00139	0.00100	0.00133	0.00158	0.00167	0.00094	0.00110	0.00162	0.00216	0.00287	0.01592	0.82078	0.01591	0.01399	0.00146	0.00046	0.00068	0.11323	0.00102	0.00090
27	0.00233	0.00181	0.01381	0.02025	0.00629	0.00827	0.03420	0.21655	0.06956	0.01072	0.07350	0.09956	0.04861	0.29372	0.03659	0.00063	0.01104	0.02574	0.02565	0.00118
28	0.96919	0.00212	0.00161	0.00144	0.00212	0.00246	0.00119	0.00323	0.00187	0.00492	0.00153	0.00178	0.00119	0.00102	0.00068	0.00034	0.00085	0.00059	0.00068	0.00119
29	0.00160	0.00119	0.00176	0.01796	0.00200	0.00138	0.00135	0.00194	0.00175	0.00251	0.00294	0.00453	0.00281	0.08266	0.81999	0.02703	0.01616	0.00889	0.00059	0.00095
30	0.01980	0.63354	0.01003	0.00201	0.00279	0.11380	0.01207	0.04146	0.01049	0.02050	0.00224	0.11338	0.00219	0.00130	0.00086	0.00028	0.00120	0.01011	0.00060	0.00136

[dist]
# distance from previous block
# <min> <max>
0	2

[block]
# block no. 9 follows, 298 sequences, length 32
# corresponding to MSA columns:
# 1719,1748-1778
name=unknown_J
#
# <colnr> <probs for GDERKNQSTAVLIFYWHMCP>
#	G	D	E	R	K	N	Q	S	T	A	V	L	I	F	Y	W	H	M	C	P
0	0.00231	0.01475	0.79797	0.01507	0.00449	0.00248	0.01160	0.03472	0.00243	0.02330	0.02091	0.00251	0.00165	0.00118	0.01572	0.00036	0.00155	0.00085	0.00053	0.04562
1	0.01671	0.08769	0.03415	0.02283	0.02401	0.33498	0.08188	0.14412	0.03828	0.05556	0.01650	0.00575	0.00188	0.01364	0.03390	0.00038	0.07585	0.00092	0.00070	0.01027
2	0.30172	0.00231	0.00892	0.41344	0.05662	0.04613	0.03257	0.04840	0.00230	0.01422	0.00192	0.00907	0.00151	0.00115	0.00109	0.00036	0.04658	0.00981	0.00060	0.00128
3	0.00263	0.01224	0.05587	0.12005	0.13649	0.04942	0.26916	0.04792	0.09146	0.03938	0.04641	0.02262	0.01844	0.00131	0.00122	0.00036	0.02197	0.04049	0.02110	0.00146
4	0.00227	0.00185	0.00220	0.00168	0.01281	0.00144	0.00130	0.01754	0.00237	0.03241	0.04214	0.07490	0.01733	0.00113	0.00090	0.00020	0.00080	0.00094	0.00073	0.78506
5	0.00135	0.00096	0.00129	0.00154	0.00161	0.00090	0.00104	0.00155	0.00210	0.00280	0.00600	0.93210	0.00717	0.00350	0.01576	0.00047	0.00068	0.01728	0.00101	0.00089
6	0.01753	0.02356	0.02780	0.02756	0.08063	0.04918	0.04824	0.16628	0.35619	0.04482	0.01603	0.01405	0.01308	0.00132	0.00110	0.00033	0.01107	0.00430	0.00414	0.09278
7	0.05396	0.00207	0.04975	0.00191	0.01798	0.01487	0.01905	0.06081	0.07392	0.06216	0.20891	0.02518	0.03950	0.00145	0.00106	0.00029	0.00889	0.01706	0.00089	0.34028
8	0.00279	0.18855	0.34317	0.01978	0.08728	0.02021	0.06569	0.05916	0.04312	0.08137	0.00807	0.00271	0.02017	0.00119	0.00908	0.00034	0.02670	0.00091	0.00064	0.01907
9	0.00854	0.02031	0.24299	0.03486	0.02701	0.01269	0.35147	0.03975	0.00750	0.06987	0.00273	0.11161	0.00234	0.00140	0.00621	0.00038	0.04798	0.01023	0.00066	0.00146
10	0.00171	0.00123	0.00157	0.00165	0.00195	0.00118	0.00135	0.00222	0.03640	0.02376	0.20385	0.03663	0.21890	0.01806	0.00150	0.01557	0.00079	0.42958	0.00105	0.00102
11	0.00160	0.00114	0.00152	0.00162	0.01655	0.00119	0.00113	0.00182	0.00185	0.00252	0.00387	0.12770	0.00422	0.37159	0.32271	0.01285	0.00163	0.12290	0.00072	0.00086
12	0.00240	0.06217	0.70429	0.00326	0.01218	0.00268	0.14592	0.01413	0.00817	0.02651	0.00206	0.00243	0.00148	0.00104	0.00108	0.00034	0.00686	0.00088	0.00051	0.00160
13	0.00293	0.96210	0.00575	0.00188	0.00282	0.00434	0.00188	0.00329	0.00223	0.00258	0.00153	0.00176	0.00141	0.00094	0.00070	0.00023	0.00117	0.00059	0.00047	0.00141
14	0.00144	0.00111	0.00127	0.00125	0.00153	0.00099	0.00091	0.00178	0.00262	0.00343	0.37823	0.04269	0.43394	0.10961	0.00178	0.00044	0.00061	0.01438	0.00105	0.00094
15	0.00342	0.00258	0.00283	0.00229	0.00298	0.02104	0.00804	0.63708	0.00930	0.01363	0.07407	0.06345	0.03298	0.00177	0.01437	0.00037	0.02212	0.06428	0.00105	0.02236
16	0.12822	0.00278	0.04371	0.00336	0.01946	0.01316	0.45108	0.11483	0.05217	0.12430	0.00258	0.01343	0.00189	0.00110	0.00113	0.00035	0.00143	0.00112	0.00077	0.02313
17	0.02070	0.78598	0.13643	0.00206	0.00307	0.00402	0.00217	0.00334	0.01709	0.00278	0.00163	0.00188	0.00143	0.00097	0.00079	0.00026	0.01284	0.00063	0.00048	0.00144
18	0.00211	0.00197	0.00275	0.00245	0.00253	0.01401	0.00200	0.00240	0.00173	0.00260	0.00201	0.00315	0.00194	0.01487	0.35151	0.00095	0.58832	0.00104	0.00052	0.00111
19	0.02604	0.00184	0.00252	0.02910	0.08513	0.00171	0.00170	0.03449	0.00974	0.58803	0.14849	0.03174	0.01902	0.00153	0.00116	0.00035	0.01329	0.00128	0.00119	0.00164
20	0.03627	0.09447	0.02173	0.11530	0.29887	0.13046	0.05870	0.03902	0.00614	0.01940	0.00216	0.02342	0.00189	0.03865	0.00771	0.00038	0.08732	0.01610	0.00059	0.00143
21	0.00273	0.00268	0.02207	0.07292	0.82469	0.00264	0.03721	0.00342	0.01409	0.00361	0.00216	0.00284	0.00179	0.00104	0.00112	0.00034	0.00136	0.00101	0.00057	0.00173
22	0.00273	0.00236	0.00248	0.00223	0.00285	0.00273	0.00174	0.00583	0.95261	0.00459	0.00447	0.00409	0.00335	0.00149	0.00112	0.00037	0.00087	0.00124	0.00112	0.00174
23	0.00170	0.00115	0.00149	0.00139	0.00168	0.00106	0.00105	0.00219	0.00305	0.04685	0.82407	0.00815	0.07309	0.00224	0.00128	0.00035	0.00054	0.01378	0.01380	0.00106
24	0.00273	0.00236	0.00248	0.00223	0.00285	0.00273	0.00174	0.00583	0.95261	0.00459	0.00447	0.00409	0.00335	0.00149	0.00112	0.00037	0.00087	0.00124	0.00112	0.00174
25	0.00151	0.00118	0.00138	0.00142	0.00172	0.00109	0.00109	0.00193	0.03086	0.00319	0.13313	0.10259	0.42323	0.06398	0.03317	0.00048	0.00076	0.16960	0.00563	0.02206
26	0.02340	0.14790	0.79360	0.00290	0.00440	0.00281	0.00367	0.00344	0.00229	0.00337	0.00189	0.00222	0.00139	0.00103	0.00098	0.00033	0.00154	0.00077	0.00047	0.00158
27	0.00809	0.13055	0.00840	0.02629	0.02416	0.12703	0.05243	0.07861	0.12493	0.10155	0.00837	0.01342	0.00832	0.00120	0.00418	0.00685	0.00519	0.01034	0.00078	0.25931
28	0.00227	0.00211	0.00285	0.00248	0.00250	0.01232	0.00199	0.00246	0.00170	0.01717	0.00198	0.01416	0.00208	0.21032	0.00394	0.00060	0.71631	0.00112	0.00054	0.00109
29	0.00233	0.00198	0.00235	0.00169	0.00265	0.00154	0.00899	0.01815	0.00232	0.01214	0.00198	0.00230	0.00164	0.00085	0.00087	0.00017	0.01699	0.00067	0.00066	0.91975
30	0.00236	0.00225	0.00293	0.00255	0.00261	0.03940	0.00795	0.02347	0.00185	0.00276	0.00194	0.02107	0.00195	0.11458	0.01660	0.00054	0.70144	0.00107	0.05153	0.00114
31	0.01154	0.00574	0.02833	0.01185	0.00801	0.00729	0.00135	0.10237	0.09850	0.01497	0.04593	0.50630	0.04436	0.05937	0.01252	0.00046	0.00423	0.03475	0.00099	0.00113

[dist]
# distance from previous block
# <min> <max>
2	21

[block]
# block no. 10 follows, 298 sequences, length 24
# corresponding to MSA columns:
# 1800-1823
name=unknown_K
#
# <colnr> <probs for GDERKNQSTAVLIFYWHMCP>
#	G	D	E	R	K	N	Q	S	T	A	V	L	I	F	Y	W	H	M	C	P
0	0.00274	0.02644	0.00312	0.01385	0.11985	0.01491	0.07908	0.13553	0.04794	0.05305	0.02991	0.03894	0.00954	0.00129	0.00116	0.00030	0.04765	0.04451	0.00078	0.32941
1	0.00235	0.00176	0.02347	0.01728	0.00256	0.01076	0.03870	0.01994	0.06642	0.09675	0.01352	0.07961	0.00949	0.01445	0.01063	0.00630	0.15409	0.31045	0.12027	0.00121
2	0.00411	0.00171	0.00226	0.00179	0.00252	0.00149	0.00145	0.00457	0.01363	0.70053	0.06017	0.02624	0.02439	0.00145	0.00108	0.00033	0.00085	0.00120	0.09366	0.05656
3	0.01668	0.00279	0.00304	0.00235	0.00319	0.00301	0.00193	0.73928	0.02882	0.04294	0.00270	0.00901	0.00198	0.00999	0.02980	0.00036	0.00119	0.00098	0.00104	0.09889
4	0.00148	0.00111	0.00126	0.00122	0.00153	0.00098	0.00092	0.00189	0.00275	0.00371	0.42367	0.00887	0.44486	0.00239	0.00124	0.00035	0.00053	0.00204	0.09821	0.00098
5	0.00243	0.00240	0.00327	0.00282	0.00288	0.00330	0.00233	0.00296	0.09722	0.00284	0.00174	0.00257	0.00163	0.00188	0.00335	0.00047	0.86313	0.00099	0.00054	0.00125
6	0.00228	0.00195	0.00228	0.00163	0.00260	0.00146	0.00130	0.00276	0.00228	0.00358	0.00195	0.00228	0.00163	0.00081	0.00081	0.00016	0.00081	0.00065	0.00065	0.96815
7	0.00233	0.00111	0.00118	0.00112	0.00143	0.00108	0.00085	0.00284	0.00239	0.09966	0.00365	0.00405	0.00280	0.00129	0.00080	0.00026	0.00055	0.00103	0.87046	0.00111
8	0.00241	0.00271	0.09967	0.41154	0.36091	0.02080	0.07993	0.00317	0.00237	0.00322	0.00201	0.00277	0.00157	0.00103	0.00110	0.00035	0.00146	0.00098	0.00051	0.00148
9	0.00241	0.00243	0.00350	0.00296	0.00301	0.00333	0.04523	0.00268	0.00172	0.00268	0.00148	0.00243	0.00145	0.00188	0.00350	0.00048	0.91618	0.00098	0.00048	0.00121
10	0.20264	0.00198	0.00239	0.00187	0.00269	0.00187	0.00154	0.05064	0.00296	0.69632	0.00363	0.00325	0.00234	0.00128	0.00101	0.00034	0.00093	0.00098	0.00119	0.02015
11	0.01611	0.10879	0.25825	0.00283	0.05303	0.08247	0.05162	0.22291	0.01087	0.11898	0.01177	0.01148	0.00186	0.00117	0.00105	0.00032	0.00864	0.00092	0.00076	0.03617
12	0.01499	0.00122	0.00155	0.00147	0.00176	0.00116	0.00112	0.00235	0.04901	0.02953	0.79573	0.02310	0.02235	0.00223	0.00128	0.00036	0.00058	0.04793	0.00118	0.00109
13	0.00178	0.00124	0.00172	0.00194	0.00217	0.00124	0.00166	0.00221	0.01435	0.00315	0.00549	0.03008	0.02095	0.00309	0.00178	0.09771	0.00099	0.80654	0.00096	0.00096
14	0.00254	0.00242	0.00413	0.15509	0.74067	0.00249	0.01659	0.00319	0.00243	0.00342	0.00227	0.04547	0.00199	0.00113	0.00111	0.00034	0.00130	0.01125	0.00056	0.00161
15	0.09977	0.00253	0.00364	0.14924	0.54226	0.06065	0.00280	0.00968	0.04029	0.01065	0.03494	0.00294	0.00967	0.00675	0.00113	0.00034	0.01960	0.00098	0.00061	0.00153
16	0.00154	0.00123	0.00142	0.02271	0.00183	0.00118	0.00107	0.00215	0.11092	0.00324	0.11696	0.26011	0.39661	0.04898	0.00151	0.00042	0.00066	0.02540	0.00102	0.00102
17	0.01532	0.00163	0.09722	0.00152	0.00198	0.00122	0.00132	0.00892	0.02054	0.02766	0.13791	0.12394	0.47506	0.00251	0.00127	0.00038	0.00072	0.06614	0.01367	0.00106
18	0.01719	0.27674	0.28810	0.01271	0.03569	0.03654	0.09185	0.03827	0.01400	0.04792	0.09765	0.00291	0.00244	0.00118	0.00108	0.00032	0.03236	0.00094	0.00063	0.00148
19	0.00823	0.02394	0.02401	0.17852	0.03281	0.11107	0.06170	0.03917	0.17075	0.02674	0.06403	0.02629	0.02389	0.09800	0.00163	0.00044	0.01179	0.09096	0.00080	0.00524
20	0.00186	0.00123	0.00167	0.00167	0.00193	0.00117	0.01703	0.00889	0.00808	0.07660	0.29602	0.24336	0.05882	0.00883	0.01545	0.04891	0.01301	0.19338	0.00105	0.00104
21	0.03375	0.07303	0.10603	0.02439	0.03965	0.06635	0.03995	0.04406	0.04902	0.20414	0.04743	0.01328	0.07002	0.09798	0.00156	0.00042	0.00113	0.07656	0.00985	0.00139
22	0.04801	0.08207	0.33455	0.01873	0.06735	0.01409	0.03256	0.10609	0.01377	0.14033	0.11084	0.01450	0.00277	0.00128	0.00108	0.00034	0.00827	0.00104	0.00078	0.00156
23	0.33229	0.05532	0.02943	0.05810	0.03296	0.04838	0.02995	0.11463	0.11973	0.13774	0.00252	0.00263	0.00185	0.00118	0.00097	0.00034	0.01752	0.00087	0.01211	0.00148

[dist]
# distance from previous block
# <min> <max>
5	90

[block]
# block no. 11 follows, 298 sequences, length 23
# corresponding to MSA columns:
# 1951-1963,1981,1991-1999
name=unknown_L
#
# <colnr> <probs for GDERKNQSTAVLIFYWHMCP>
#	G	D	E	R	K	N	Q	S	T	A	V	L	I	F	Y	W	H	M	C	P
0	0.00183	0.01204	0.00173	0.00151	0.00185	0.00128	0.00116	0.01966	0.01028	0.03779	0.76105	0.01494	0.00868	0.00206	0.00133	0.00034	0.04042	0.00178	0.00749	0.07278
1	0.00269	0.53044	0.05951	0.01307	0.01841	0.01058	0.00885	0.01024	0.00209	0.00272	0.00888	0.00214	0.00152	0.00606	0.00871	0.00034	0.31115	0.00076	0.00049	0.00135
2	0.00221	0.00210	0.00969	0.01820	0.09717	0.01632	0.31823	0.01947	0.01442	0.00720	0.01096	0.10855	0.00382	0.04965	0.00942	0.00046	0.03484	0.27528	0.00076	0.00125
3	0.00185	0.00126	0.00184	0.00179	0.00204	0.00142	0.00140	0.01789	0.00192	0.07085	0.00303	0.00424	0.00273	0.00762	0.87283	0.00164	0.00277	0.00117	0.00065	0.00106
4	0.00150	0.00112	0.00145	0.00157	0.00179	0.00101	0.00112	0.00177	0.00219	0.00296	0.00574	0.69233	0.05177	0.00302	0.00133	0.00041	0.00069	0.10130	0.00097	0.12596
5	0.00148	0.00109	0.00131	0.00136	0.00154	0.00100	0.00094	0.00172	0.00225	0.00299	0.18173	0.29146	0.17772	0.25504	0.00245	0.00057	0.00073	0.04372	0.00095	0.02993
6	0.00137	0.00107	0.00123	0.00129	0.00154	0.00094	0.00092	0.00166	0.00248	0.00317	0.19395	0.28592	0.46592	0.03167	0.00146	0.00041	0.00059	0.00246	0.00105	0.00093
7	0.00155	0.00104	0.00121	0.00126	0.00127	0.00103	0.00073	0.00158	0.00169	0.00225	0.00395	0.18766	0.00461	0.78012	0.00479	0.00095	0.00098	0.00188	0.00073	0.00071
8	0.00152	0.00114	0.00143	0.00161	0.00175	0.00113	0.00111	0.00209	0.12501	0.00306	0.01998	0.81166	0.01800	0.00316	0.00136	0.00043	0.00066	0.00285	0.00103	0.00100
9	0.00265	0.00254	0.00425	0.00599	0.79436	0.00247	0.04019	0.00329	0.00247	0.00358	0.00206	0.00267	0.00172	0.00095	0.00106	0.00031	0.00126	0.00095	0.00056	0.12667
10	0.00168	0.00118	0.00135	0.00127	0.00140	0.00112	0.00077	0.00176	0.00171	0.00235	0.00334	0.01792	0.00377	0.80671	0.00484	0.00093	0.00103	0.02044	0.00067	0.12576
11	0.00165	0.00125	0.00153	0.00145	0.00183	0.00110	0.00114	0.00208	0.00271	0.01542	0.39112	0.04562	0.25445	0.00235	0.00127	0.00036	0.00065	0.14692	0.00105	0.12604
12	0.12865	0.00258	0.00382	0.00286	0.00377	0.01093	0.29282	0.24461	0.01578	0.27880	0.00287	0.00295	0.00198	0.00117	0.00110	0.00035	0.00128	0.00107	0.00095	0.00165
13	0.04550	0.00246	0.00272	0.00220	0.00292	0.01548	0.00177	0.49912	0.07126	0.20137	0.00993	0.12684	0.00287	0.00160	0.00112	0.00035	0.00104	0.00129	0.00849	0.00168
14	0.00150	0.00111	0.00136	0.00133	0.00157	0.00102	0.00097	0.00188	0.00271	0.00369	0.55700	0.06532	0.19834	0.12646	0.00186	0.00045	0.00062	0.03078	0.00108	0.00096
15	0.00174	0.00147	0.00181	0.00166	0.00207	0.00144	0.05758	0.00270	0.20533	0.00361	0.18205	0.10549	0.40457	0.00235	0.00126	0.00037	0.00070	0.01127	0.01135	0.00115
16	0.00253	0.00212	0.00247	0.00182	0.00272	0.00183	0.00147	0.12534	0.00261	0.00395	0.00201	0.00233	0.00165	0.00094	0.00102	0.00020	0.05788	0.00071	0.00070	0.78570
17	0.04765	0.00208	0.00220	0.00203	0.00256	0.01267	0.00156	0.00479	0.67294	0.03136	0.00486	0.12802	0.06026	0.00192	0.01969	0.00041	0.00087	0.00151	0.00107	0.00154
18	0.00186	0.00147	0.00156	0.00143	0.00186	0.00140	0.00110	0.18081	0.00298	0.00373	0.03534	0.06425	0.65853	0.02113	0.00135	0.00038	0.00070	0.01798	0.00103	0.00110
19	0.00254	0.11688	0.51935	0.00289	0.00411	0.09233	0.07805	0.00379	0.12530	0.00348	0.03951	0.00273	0.00202	0.00113	0.00104	0.00033	0.00148	0.00091	0.00059	0.00154
20	0.00160	0.00124	0.00175	0.00176	0.00193	0.00141	0.00136	0.00194	0.00195	0.00273	0.05415	0.14277	0.04706	0.04745	0.55014	0.00123	0.08002	0.05782	0.00072	0.00097
21	0.00284	0.74355	0.06174	0.00204	0.00294	0.00399	0.00201	0.00360	0.12509	0.00290	0.00193	0.00212	0.00166	0.00105	0.00089	0.00027	0.03868	0.00070	0.00055	0.00146
22	0.00214	0.00143	0.00182	0.00168	0.00193	0.01984	0.00125	0.04093	0.00225	0.10614	0.16331	0.00545	0.00422	0.26118	0.32826	0.00103	0.05388	0.00139	0.00081	0.00105

[dist]
# distance from previous block
# <min> <max>
2	276

# created by:
# /home/berkeley/.conda/envs/busco_data_prod/bin/msa2prfl.pl pipeline/OGs_align_augustus/2759/1584384.fs
