[name]
unknown

[dist]
# distance from previous block
# <min> <max>
0	175

[block]
# block no. 0 follows, 252 sequences, length 10
# corresponding to MSA columns:
# 307-315,338
name=unknown_A
#
# <colnr> <probs for GDERKNQSTAVLIFYWHMCP>
#	G	D	E	R	K	N	Q	S	T	A	V	L	I	F	Y	W	H	M	C	P
0	0.00225	0.00198	0.00319	0.56199	0.00627	0.00229	0.03396	0.00295	0.00267	0.00344	0.02942	0.02766	0.05969	0.05933	0.00174	0.00051	0.00147	0.19711	0.00079	0.00131
1	0.01633	0.00145	0.00179	0.00166	0.00192	0.00140	0.00112	0.00279	0.00235	0.18666	0.02680	0.06408	0.03840	0.54076	0.08979	0.01742	0.00134	0.00183	0.00098	0.00113
2	0.07407	0.00300	0.01206	0.03133	0.09206	0.01307	0.00230	0.39853	0.18987	0.08318	0.00357	0.01514	0.00272	0.04966	0.00151	0.00044	0.00128	0.00125	0.01371	0.01126
3	0.04161	0.33306	0.00460	0.00280	0.02117	0.34276	0.00230	0.11441	0.05620	0.06640	0.00243	0.00260	0.00194	0.00130	0.00106	0.00033	0.00166	0.00088	0.00080	0.00171
4	0.00315	0.00250	0.00407	0.00537	0.53676	0.00242	0.03387	0.00385	0.00319	0.12693	0.23841	0.00493	0.00469	0.00156	0.00133	0.00039	0.00125	0.00146	0.00096	0.02292
5	0.00304	0.37090	0.26183	0.01204	0.03706	0.01294	0.14349	0.01661	0.01695	0.01227	0.00232	0.00292	0.00192	0.00169	0.05242	0.00046	0.03554	0.01328	0.00061	0.00171
6	0.00366	0.00278	0.00458	0.03611	0.43537	0.00274	0.12488	0.05314	0.03578	0.20248	0.00349	0.01713	0.00279	0.00148	0.00135	0.00041	0.00146	0.06749	0.00094	0.00194
7	0.00321	0.00299	0.00507	0.02720	0.80782	0.00300	0.04409	0.02024	0.02109	0.02759	0.00265	0.02448	0.00223	0.00124	0.00129	0.00039	0.00152	0.00122	0.00069	0.00199
8	0.00183	0.00121	0.00163	0.00185	0.00200	0.00114	0.00129	0.00210	0.00252	0.05571	0.00675	0.80822	0.00786	0.00416	0.05280	0.00060	0.00093	0.04510	0.00119	0.00112
9	0.00167	0.00124	0.00167	0.05092	0.00230	0.00120	0.00139	0.00200	0.00261	0.00345	0.05792	0.68020	0.07868	0.00369	0.00162	0.00051	0.00083	0.10583	0.00117	0.00109

[dist]
# distance from previous block
# <min> <max>
3	7

[block]
# block no. 1 follows, 252 sequences, length 7
# corresponding to MSA columns:
# 346,347,349-351,353,354
name=unknown_B
#
# <colnr> <probs for GDERKNQSTAVLIFYWHMCP>
#	G	D	E	R	K	N	Q	S	T	A	V	L	I	F	Y	W	H	M	C	P
0	0.00321	0.02481	0.00485	0.10418	0.66124	0.02702	0.02377	0.03937	0.03191	0.01967	0.00261	0.02239	0.00218	0.00129	0.00135	0.00039	0.02597	0.00119	0.00070	0.00191
1	0.00188	0.00124	0.00143	0.00143	0.00144	0.00123	0.00082	0.00188	0.00195	0.00261	0.05406	0.00821	0.00493	0.85269	0.00618	0.05338	0.00120	0.00185	0.00080	0.00079
2	0.07650	0.03192	0.05855	0.00226	0.00332	0.04553	0.00195	0.06111	0.00312	0.24869	0.00297	0.00306	0.00217	0.00124	0.00115	0.00030	0.02434	0.00094	0.00098	0.42993
3	0.00339	0.20633	0.14288	0.00296	0.07277	0.02505	0.04375	0.06274	0.01919	0.10394	0.00259	0.00285	0.00200	0.00117	0.00108	0.00031	0.00135	0.00093	0.00080	0.30393
4	0.05412	0.04269	0.20082	0.00244	0.00332	0.05248	0.04224	0.13463	0.00329	0.01864	0.07985	0.03904	0.16339	0.01365	0.00136	0.00040	0.01745	0.00153	0.12713	0.00154
5	0.00172	0.00124	0.00153	0.00167	0.00179	0.00120	0.00111	0.00200	0.02430	0.00314	0.02907	0.46597	0.08513	0.29755	0.05135	0.00081	0.00104	0.02733	0.00105	0.00100
6	0.06400	0.19979	0.20639	0.01763	0.04632	0.16046	0.00281	0.13552	0.07959	0.02694	0.01678	0.02113	0.00230	0.00141	0.00114	0.00037	0.00157	0.01327	0.00081	0.00177

[dist]
# distance from previous block
# <min> <max>
2	24

[block]
# block no. 2 follows, 252 sequences, length 13
# corresponding to MSA columns:
# 390-398,424-427
name=unknown_C
#
# <colnr> <probs for GDERKNQSTAVLIFYWHMCP>
#	G	D	E	R	K	N	Q	S	T	A	V	L	I	F	Y	W	H	M	C	P
0	0.00178	0.00131	0.00167	0.00158	0.00190	0.00120	0.00119	0.00236	0.00356	0.00496	0.84602	0.00988	0.11244	0.00269	0.00151	0.00041	0.00061	0.00236	0.00139	0.00120
1	0.00350	0.82149	0.03630	0.00232	0.00340	0.04207	0.00228	0.05266	0.00283	0.00332	0.00197	0.01924	0.00180	0.00119	0.00089	0.00029	0.00142	0.00078	0.00060	0.00166
2	0.01396	0.00152	0.00198	0.00218	0.00250	0.00152	0.00183	0.00278	0.06358	0.00391	0.05169	0.08297	0.07972	0.03106	0.00183	0.00057	0.00107	0.65296	0.00119	0.00121
3	0.01833	0.01192	0.01723	0.10091	0.16201	0.04612	0.05508	0.25651	0.24968	0.03549	0.00994	0.01250	0.00265	0.00149	0.00133	0.00041	0.01420	0.00125	0.00102	0.00193
4	0.00313	0.00300	0.00512	0.06512	0.89002	0.00304	0.00391	0.00390	0.00290	0.00414	0.00240	0.00319	0.00201	0.00115	0.00127	0.00038	0.00154	0.00114	0.00063	0.00200
5	0.00177	0.00131	0.00165	0.00157	0.00189	0.00119	0.00117	0.00233	0.00352	0.00489	0.80382	0.01000	0.15468	0.00272	0.00151	0.00041	0.00061	0.00238	0.00138	0.00119
6	0.00428	0.00509	0.03300	0.00431	0.18763	0.59653	0.07104	0.02542	0.00345	0.03715	0.00225	0.00267	0.00181	0.00130	0.00127	0.00036	0.01909	0.00097	0.00070	0.00166
7	0.00185	0.00134	0.00179	0.02298	0.02210	0.00128	0.00148	0.00225	0.01244	0.01728	0.13450	0.43821	0.09886	0.01247	0.00175	0.02596	0.00087	0.20026	0.00118	0.00114
8	0.01093	0.42681	0.36144	0.01933	0.00434	0.02383	0.03002	0.02864	0.02707	0.01399	0.01310	0.00260	0.00186	0.00121	0.00108	0.00034	0.00945	0.00088	0.00062	0.02246
9	0.00229	0.00166	0.00199	0.00181	0.00223	0.00165	0.00138	0.07456	0.10709	0.02630	0.65925	0.00843	0.06572	0.00242	0.00144	0.00040	0.00072	0.00209	0.03718	0.00139
10	0.00171	0.00133	0.00159	0.00171	0.00205	0.00121	0.00136	0.00212	0.00290	0.00363	0.05318	0.14241	0.47936	0.00342	0.00161	0.00049	0.00083	0.29678	0.00120	0.00111
11	0.00300	0.02404	0.02119	0.21058	0.64071	0.02293	0.02349	0.00377	0.00285	0.00393	0.00260	0.00347	0.01808	0.00124	0.00127	0.00039	0.00158	0.01240	0.00063	0.00185
12	0.02046	0.01687	0.01764	0.03019	0.10070	0.02255	0.06043	0.02347	0.01201	0.01217	0.00236	0.00280	0.00192	0.00103	0.00104	0.00025	0.00117	0.00088	0.00075	0.67130

[dist]
# distance from previous block
# <min> <max>
10	33

[block]
# block no. 3 follows, 252 sequences, length 15
# corresponding to MSA columns:
# 483,489,490,497-508
name=unknown_D
#
# <colnr> <probs for GDERKNQSTAVLIFYWHMCP>
#	G	D	E	R	K	N	Q	S	T	A	V	L	I	F	Y	W	H	M	C	P
0	0.00219	0.01647	0.02635	0.01252	0.00213	0.05544	0.00132	0.04047	0.02738	0.00331	0.05955	0.09999	0.08799	0.46680	0.01296	0.00822	0.00121	0.07372	0.00093	0.00107
1	0.00270	0.14358	0.81241	0.00345	0.00523	0.00328	0.00437	0.00403	0.00269	0.00391	0.00223	0.00261	0.00163	0.00120	0.00116	0.00039	0.00182	0.00091	0.00054	0.00186
2	0.00343	0.95569	0.00672	0.00219	0.00329	0.00508	0.00219	0.00384	0.00261	0.00302	0.00178	0.00206	0.00165	0.00110	0.00082	0.00027	0.00137	0.00069	0.00055	0.00165
3	0.00310	0.59563	0.36394	0.00275	0.00415	0.00428	0.00316	0.00393	0.00265	0.00341	0.00198	0.00230	0.00164	0.00114	0.00097	0.00032	0.00157	0.00079	0.00055	0.00174
4	0.00178	0.00131	0.00166	0.00159	0.00191	0.00120	0.00120	0.00234	0.00350	0.00485	0.78298	0.03191	0.13352	0.00276	0.00152	0.00041	0.00063	0.02238	0.00137	0.00119
5	0.00177	0.00130	0.00167	0.00167	0.00193	0.00121	0.00121	0.00235	0.02765	0.00460	0.64026	0.24352	0.06008	0.00298	0.00154	0.00043	0.00065	0.00265	0.00134	0.00118
6	0.00193	0.00153	0.01704	0.00155	0.00200	0.00839	0.00121	0.01298	0.03532	0.04011	0.23765	0.02364	0.55212	0.01223	0.00156	0.00904	0.00073	0.01631	0.02346	0.00121
7	0.11640	0.13724	0.51586	0.00318	0.00462	0.12114	0.02467	0.05563	0.00294	0.00422	0.00218	0.00253	0.00164	0.00123	0.00112	0.00038	0.00175	0.00089	0.00063	0.00176
8	0.00186	0.00132	0.00168	0.00174	0.00186	0.00139	0.00118	0.00218	0.03642	0.00293	0.00460	0.18150	0.00507	0.44418	0.26230	0.00127	0.00174	0.04492	0.00087	0.00099
9	0.00212	0.00137	0.00156	0.00148	0.00189	0.00124	0.00112	0.00266	0.02207	0.07300	0.28678	0.03543	0.36739	0.00258	0.00137	0.00040	0.00067	0.00219	0.19342	0.00124
10	0.00205	0.00163	0.01551	0.00184	0.00206	0.02647	0.01121	0.03920	0.00242	0.00322	0.04173	0.08771	0.08844	0.40432	0.18714	0.00110	0.02125	0.05281	0.00886	0.00105
11	0.18152	0.03142	0.06899	0.00301	0.00384	0.54080	0.03351	0.07202	0.02884	0.02174	0.00221	0.00249	0.00174	0.00131	0.00111	0.00036	0.00189	0.00088	0.00075	0.00159
12	0.00221	0.00210	0.00392	0.00332	0.02038	0.00201	0.34880	0.00281	0.00270	0.00363	0.00512	0.42577	0.01935	0.00306	0.04633	0.00056	0.02064	0.08500	0.00094	0.00134
13	0.00158	0.00114	0.00149	0.00176	0.00186	0.00106	0.00119	0.00181	0.00248	0.00328	0.00737	0.86046	0.06477	0.02099	0.00172	0.00053	0.00076	0.02353	0.00118	0.00104
14	0.01719	0.12395	0.71400	0.01676	0.00515	0.02224	0.02811	0.02475	0.01500	0.00405	0.01622	0.00278	0.00183	0.00124	0.00118	0.00039	0.00179	0.00096	0.00059	0.00184

[dist]
# distance from previous block
# <min> <max>
1	14

[block]
# block no. 4 follows, 252 sequences, length 17
# corresponding to MSA columns:
# 543-555,568-571
name=unknown_E
#
# <colnr> <probs for GDERKNQSTAVLIFYWHMCP>
#	G	D	E	R	K	N	Q	S	T	A	V	L	I	F	Y	W	H	M	C	P
0	0.01336	0.03285	0.09116	0.21096	0.33141	0.06167	0.08396	0.02454	0.00290	0.01179	0.00242	0.01491	0.00195	0.00121	0.00123	0.00037	0.00161	0.00111	0.00066	0.10993
1	0.01064	0.05201	0.09825	0.00272	0.03632	0.15886	0.02581	0.02050	0.01080	0.03011	0.05410	0.02268	0.07547	0.13006	0.12877	0.00074	0.11345	0.01783	0.00950	0.00139
2	0.00239	0.00193	0.00228	0.00183	0.00263	0.00156	0.00141	0.00300	0.03414	0.02240	0.15685	0.11479	0.07735	0.00179	0.00118	0.00029	0.00085	0.00153	0.00098	0.57081
3	0.00362	0.71152	0.02757	0.00238	0.00339	0.15943	0.00225	0.02675	0.00286	0.00327	0.00197	0.00226	0.00174	0.00117	0.00090	0.00029	0.00150	0.00075	0.04477	0.00162
4	0.23896	0.00234	0.00244	0.00190	0.00284	0.00216	0.00153	0.10142	0.00298	0.03997	0.02516	0.00382	0.10294	0.00138	0.00103	0.00030	0.00097	0.00105	0.00091	0.46588
5	0.00303	0.00290	0.00495	0.18818	0.76774	0.00301	0.00387	0.00381	0.00285	0.00402	0.00239	0.00322	0.00197	0.00117	0.00127	0.00039	0.00156	0.00114	0.00062	0.00192
6	0.00285	0.02268	0.17597	0.06170	0.23365	0.01369	0.08844	0.06462	0.02995	0.02726	0.04359	0.07384	0.01736	0.00187	0.00731	0.00044	0.01204	0.11532	0.00571	0.00170
7	0.00182	0.00134	0.00175	0.00195	0.00221	0.00128	0.00154	0.00230	0.01562	0.00377	0.10929	0.29580	0.15212	0.00352	0.00166	0.00052	0.00090	0.40024	0.00121	0.00114
8	0.00312	0.00334	0.00715	0.00515	0.00637	0.00316	0.85731	0.00414	0.00302	0.04744	0.00276	0.01985	0.00211	0.00119	0.00158	0.00044	0.02791	0.00153	0.00070	0.00173
9	0.00155	0.00129	0.00136	0.00139	0.00178	0.00110	0.00104	0.00189	0.00292	0.00354	0.05074	0.07766	0.80695	0.00329	0.00153	0.00044	0.00067	0.03856	0.00120	0.00109
10	0.00427	0.00455	0.02162	0.00369	0.00462	0.40271	0.24091	0.22266	0.00399	0.04237	0.00265	0.00318	0.00206	0.00146	0.01205	0.00040	0.00200	0.02225	0.00085	0.00173
11	0.00158	0.00114	0.00150	0.00176	0.00187	0.00106	0.00120	0.00183	0.00253	0.00336	0.03473	0.84035	0.07205	0.00391	0.00163	0.00051	0.00074	0.02598	0.00120	0.00105
12	0.02711	0.01594	0.00297	0.00260	0.00332	0.00305	0.02476	0.00633	0.80092	0.02986	0.01586	0.03072	0.00406	0.00181	0.00131	0.00044	0.00104	0.02468	0.00127	0.00195
13	0.91018	0.00249	0.00194	0.00172	0.00252	0.00286	0.00141	0.00386	0.03352	0.00571	0.00191	0.00219	0.00148	0.00120	0.00081	0.00039	0.00099	0.00072	0.00081	0.02327
14	0.00187	0.00124	0.00140	0.00140	0.00140	0.00124	0.00078	0.00187	0.00187	0.00249	0.00404	0.00839	0.00466	0.95492	0.00653	0.00124	0.00124	0.00187	0.00078	0.00078
15	0.00165	0.00118	0.00158	0.00186	0.00197	0.00112	0.00131	0.00194	0.00257	0.00343	0.05014	0.75641	0.00842	0.02070	0.00174	0.00054	0.00081	0.14036	0.00119	0.00107
16	0.09866	0.10988	0.38303	0.02022	0.00444	0.27357	0.01481	0.00434	0.01685	0.02667	0.00223	0.00260	0.00172	0.00142	0.01820	0.00040	0.01775	0.00090	0.00064	0.00168

[dist]
# distance from previous block
# <min> <max>
1	2

[block]
# block no. 5 follows, 252 sequences, length 19
# corresponding to MSA columns:
# 590-597,601-604,606-612
name=unknown_F
#
# <colnr> <probs for GDERKNQSTAVLIFYWHMCP>
#	G	D	E	R	K	N	Q	S	T	A	V	L	I	F	Y	W	H	M	C	P
0	0.00405	0.17285	0.02976	0.03867	0.13931	0.51791	0.03438	0.01982	0.00328	0.00342	0.00214	0.00267	0.00181	0.00137	0.01149	0.00036	0.00198	0.01247	0.00065	0.00161
1	0.00474	0.00245	0.00298	0.00243	0.00332	0.00246	0.00196	0.04048	0.36301	0.55384	0.00505	0.00448	0.00342	0.00164	0.00130	0.00041	0.00107	0.00135	0.00147	0.00212
2	0.10517	0.00893	0.00343	0.39388	0.02300	0.00874	0.04424	0.05332	0.01310	0.11381	0.01690	0.00973	0.00773	0.00140	0.00804	0.00039	0.00140	0.01427	0.00083	0.17168
3	0.03246	0.01774	0.27102	0.05999	0.15505	0.01657	0.03368	0.04653	0.03905	0.06262	0.06400	0.04890	0.09202	0.00171	0.00130	0.00040	0.00140	0.01851	0.00087	0.03618
4	0.00185	0.00124	0.00140	0.00141	0.00142	0.00124	0.00079	0.00186	0.00189	0.00252	0.00416	0.04615	0.00482	0.91696	0.00633	0.00121	0.00122	0.00194	0.00079	0.00079
5	0.00210	0.00146	0.00189	0.00206	0.00236	0.00146	0.00171	0.00283	0.05647	0.00417	0.12063	0.09035	0.01892	0.00307	0.00157	0.00051	0.00097	0.54688	0.13937	0.00122
6	0.20838	0.02613	0.09299	0.06496	0.29798	0.00296	0.05416	0.06436	0.04327	0.03616	0.00827	0.03517	0.03399	0.00143	0.00126	0.00040	0.02438	0.00120	0.00080	0.00175
7	0.02878	0.11248	0.70452	0.01910	0.02115	0.01400	0.02382	0.02408	0.01158	0.02576	0.00234	0.00271	0.00171	0.00122	0.00117	0.00039	0.00178	0.00095	0.00060	0.00185
8	0.00159	0.00113	0.00151	0.00180	0.00188	0.00106	0.00121	0.00182	0.00246	0.00328	0.00700	0.90385	0.00837	0.02376	0.00174	0.00054	0.00077	0.03403	0.00118	0.00104
9	0.00223	0.00111	0.00167	0.00167	0.00167	0.00111	0.00111	0.00167	0.00167	0.00223	0.00223	0.00390	0.00223	0.00446	0.00501	0.96268	0.00111	0.00111	0.00056	0.00056
10	0.02522	0.10230	0.11700	0.00950	0.13258	0.10376	0.01619	0.08433	0.10884	0.07296	0.02026	0.04006	0.00934	0.00145	0.00118	0.00036	0.00139	0.01016	0.00833	0.13477
11	0.00167	0.00124	0.00167	0.01341	0.00206	0.00124	0.00133	0.00197	0.01430	0.00334	0.02670	0.83420	0.00804	0.00389	0.01088	0.00053	0.04266	0.02862	0.00116	0.00108
12	0.00170	0.00114	0.00144	0.00167	0.00178	0.00107	0.00113	0.00197	0.00248	0.00347	0.00668	0.75117	0.03287	0.04227	0.00172	0.00052	0.00074	0.00319	0.14194	0.00105
13	0.00186	0.01066	0.00171	0.00181	0.00202	0.01688	0.01126	0.00228	0.03096	0.02546	0.09347	0.64689	0.08281	0.00346	0.00154	0.00048	0.00078	0.01094	0.05357	0.00115
14	0.00461	0.07680	0.06945	0.00294	0.00403	0.00399	0.00258	0.80568	0.00554	0.00742	0.00293	0.00298	0.00210	0.00148	0.00124	0.00038	0.00144	0.00110	0.00118	0.00212
15	0.00576	0.00218	0.00298	0.00228	0.00327	0.00189	0.00189	0.00625	0.00367	0.94781	0.00506	0.00437	0.00318	0.00159	0.00129	0.00040	0.00109	0.00129	0.00159	0.00218
16	0.00313	0.00347	0.02921	0.00494	0.00614	0.03268	0.77088	0.04543	0.00318	0.01889	0.00291	0.00415	0.00233	0.00129	0.00150	0.00044	0.00204	0.06496	0.00073	0.00172
17	0.02158	0.09001	0.36830	0.01740	0.07894	0.08957	0.09698	0.11644	0.04548	0.05278	0.00265	0.00957	0.00199	0.00130	0.00122	0.00039	0.00172	0.00107	0.00076	0.00186
18	0.03693	0.01614	0.00365	0.00308	0.00386	0.50910	0.00241	0.32180	0.04609	0.01408	0.00251	0.00271	0.00194	0.00144	0.00128	0.00036	0.02899	0.00097	0.00091	0.00175

[dist]
# distance from previous block
# <min> <max>
0	3

[block]
# block no. 6 follows, 252 sequences, length 19
# corresponding to MSA columns:
# 636-640,642,644-649,653-659
name=unknown_G
#
# <colnr> <probs for GDERKNQSTAVLIFYWHMCP>
#	G	D	E	R	K	N	Q	S	T	A	V	L	I	F	Y	W	H	M	C	P
0	0.16158	0.06644	0.02915	0.00281	0.01419	0.01152	0.12246	0.16678	0.11079	0.14121	0.02789	0.06785	0.01937	0.00180	0.01792	0.00044	0.03363	0.00137	0.00105	0.00176
1	0.89198	0.00249	0.00207	0.04329	0.03234	0.00288	0.00156	0.00375	0.00222	0.00560	0.00183	0.00218	0.00142	0.00119	0.00083	0.00040	0.00104	0.00073	0.00078	0.00141
2	0.00162	0.00130	0.00144	0.00141	0.00180	0.00113	0.00105	0.00204	0.00316	0.00404	0.33117	0.01140	0.62787	0.00304	0.00152	0.00042	0.00063	0.00258	0.00127	0.00113
3	0.00274	0.00233	0.00270	0.00194	0.00307	0.00179	0.00155	0.03757	0.00278	0.00432	0.00231	0.00268	0.00191	0.00097	0.00096	0.00020	0.00097	0.00077	0.00078	0.92765
4	0.00905	0.01169	0.07403	0.04805	0.14235	0.01440	0.26637	0.12829	0.04853	0.14570	0.00318	0.01364	0.00971	0.00132	0.00131	0.00039	0.00158	0.00127	0.00091	0.07823
5	0.00349	0.00903	0.24632	0.01000	0.09393	0.01380	0.21571	0.12205	0.02004	0.15265	0.05988	0.01246	0.01744	0.00145	0.00134	0.00041	0.00160	0.01097	0.00092	0.00653
6	0.00177	0.00122	0.00147	0.00158	0.00164	0.00119	0.00100	0.00189	0.00217	0.00287	0.00555	0.31357	0.04310	0.54829	0.00444	0.00094	0.00106	0.06440	0.00095	0.00090
7	0.00171	0.00122	0.00151	0.00166	0.00188	0.00110	0.00116	0.00200	0.00271	0.03322	0.07075	0.55721	0.27754	0.01843	0.00166	0.00050	0.00074	0.02269	0.00121	0.00110
8	0.00292	0.22750	0.51936	0.02018	0.00484	0.05154	0.07107	0.00399	0.00280	0.01841	0.03213	0.00324	0.00221	0.00132	0.00117	0.00038	0.00173	0.03282	0.00062	0.00175
9	0.00380	0.03515	0.17294	0.00367	0.07697	0.02071	0.21505	0.05666	0.00327	0.28437	0.00359	0.06401	0.00276	0.00151	0.00133	0.00040	0.00154	0.01675	0.00099	0.03454
10	0.00312	0.00304	0.00531	0.05763	0.79444	0.00306	0.09011	0.00397	0.01919	0.00416	0.00247	0.00324	0.00204	0.00116	0.00129	0.00039	0.00158	0.00118	0.00064	0.00197
11	0.00325	0.00303	0.06049	0.03231	0.69789	0.00280	0.01141	0.00401	0.00298	0.09130	0.01990	0.00399	0.03055	0.00135	0.00130	0.00039	0.00146	0.02886	0.00076	0.00195
12	0.00299	0.04759	0.41959	0.05302	0.07414	0.01405	0.04016	0.00393	0.00284	0.14506	0.00359	0.16556	0.00317	0.00178	0.00131	0.00042	0.00152	0.01670	0.00083	0.00174
13	0.00260	0.02859	0.80007	0.00367	0.03723	0.00290	0.02623	0.00394	0.00272	0.01550	0.00264	0.06339	0.00210	0.00139	0.00125	0.00041	0.00179	0.00114	0.00060	0.00184
14	0.00204	0.00152	0.00181	0.01181	0.00226	0.00143	0.00756	0.03211	0.05009	0.03958	0.01925	0.22789	0.37547	0.03548	0.00171	0.00049	0.00087	0.15357	0.00118	0.03389
15	0.00288	0.00896	0.06300	0.22990	0.32068	0.03248	0.05798	0.02116	0.00290	0.05153	0.00376	0.07255	0.06780	0.00169	0.00139	0.00042	0.01631	0.04218	0.00078	0.00167
16	0.01677	0.00301	0.03006	0.08205	0.28356	0.01880	0.32636	0.00413	0.02857	0.11066	0.00331	0.06382	0.01997	0.00143	0.00138	0.00042	0.00165	0.00147	0.00081	0.00179
17	0.03574	0.01512	0.10310	0.33653	0.24319	0.04123	0.04382	0.02135	0.00290	0.09216	0.00290	0.01494	0.01707	0.00138	0.00128	0.00041	0.00159	0.02284	0.00074	0.00171
18	0.06829	0.02090	0.06776	0.15485	0.30906	0.01952	0.22292	0.03338	0.00290	0.01335	0.00263	0.02233	0.00219	0.00982	0.00140	0.00042	0.01843	0.02740	0.00069	0.00174

[dist]
# distance from previous block
# <min> <max>
9	36

[block]
# block no. 7 follows, 252 sequences, length 10
# corresponding to MSA columns:
# 712,713,715-722
name=unknown_H
#
# <colnr> <probs for GDERKNQSTAVLIFYWHMCP>
#	G	D	E	R	K	N	Q	S	T	A	V	L	I	F	Y	W	H	M	C	P
0	0.01687	0.00215	0.03372	0.04179	0.10834	0.01457	0.02483	0.05169	0.04262	0.14709	0.08705	0.23722	0.12216	0.01890	0.00159	0.00046	0.02512	0.02119	0.00112	0.00152
1	0.03988	0.05051	0.04709	0.18362	0.27330	0.01012	0.09347	0.04922	0.03320	0.05901	0.02576	0.01917	0.02966	0.02941	0.00146	0.00043	0.00861	0.03192	0.00080	0.01338
2	0.02750	0.01790	0.03826	0.18101	0.26694	0.04081	0.08199	0.03217	0.01027	0.06260	0.06265	0.03047	0.03875	0.01879	0.00150	0.00042	0.03474	0.02260	0.00081	0.02983
3	0.03800	0.13526	0.05368	0.22401	0.08813	0.03128	0.05243	0.07051	0.04942	0.06423	0.03899	0.05023	0.04200	0.00174	0.01654	0.00043	0.02733	0.01332	0.00084	0.00163
4	0.07426	0.05658	0.16600	0.13029	0.11386	0.04420	0.07023	0.04212	0.01216	0.04696	0.02589	0.04535	0.02845	0.00163	0.00146	0.02781	0.03830	0.02689	0.00077	0.04677
5	0.03994	0.20344	0.29447	0.05244	0.06209	0.02058	0.02439	0.05442	0.02979	0.06713	0.05569	0.00320	0.00246	0.00135	0.00125	0.00037	0.03371	0.00104	0.00076	0.05148
6	0.01916	0.03353	0.07563	0.17006	0.20649	0.07953	0.12728	0.05839	0.01025	0.05237	0.03640	0.04153	0.01515	0.00159	0.01551	0.00043	0.02188	0.01036	0.00078	0.02369
7	0.03270	0.07435	0.22509	0.10265	0.08558	0.01443	0.03313	0.05012	0.03813	0.05396	0.04425	0.04686	0.06802	0.01220	0.02133	0.02864	0.01242	0.01461	0.00082	0.04073
8	0.05142	0.06428	0.09239	0.11949	0.15297	0.01728	0.08453	0.04978	0.08410	0.12256	0.02318	0.03424	0.02201	0.00179	0.02836	0.00046	0.02143	0.02708	0.00089	0.00175
9	0.05621	0.04650	0.11567	0.11171	0.16567	0.07487	0.06662	0.05491	0.02590	0.08115	0.05989	0.02124	0.01206	0.00960	0.02915	0.00045	0.01647	0.02522	0.00083	0.02586

[dist]
# distance from previous block
# <min> <max>
0	1184

# created by:
# /home/berkeley/.conda/envs/busco_data_prod/bin/msa2prfl.pl pipeline/OGs_align_augustus/2759/163257.fs
