[name]
unknown

[dist]
# distance from previous block
# <min> <max>
1	487

[block]
# block no. 0 follows, 332 sequences, length 20
# corresponding to MSA columns:
# 1551-1559,1565-1575
name=unknown_A
#
# <colnr> <probs for GDERKNQSTAVLIFYWHMCP>
#	G	D	E	R	K	N	Q	S	T	A	V	L	I	F	Y	W	H	M	C	P
0	0.01287	0.00175	0.00254	0.38504	0.09873	0.01074	0.00205	0.04738	0.05281	0.08908	0.05121	0.04481	0.03543	0.08138	0.00869	0.00039	0.05284	0.01497	0.00067	0.00662
1	0.07915	0.00755	0.00187	0.03081	0.01658	0.03615	0.02598	0.06738	0.06556	0.12222	0.22163	0.11693	0.10173	0.05778	0.01015	0.00037	0.00080	0.02014	0.00091	0.01632
2	0.01747	0.00913	0.00220	0.08798	0.05264	0.00161	0.01605	0.10249	0.02585	0.29740	0.05543	0.14850	0.09970	0.00164	0.00108	0.00706	0.00708	0.01045	0.00814	0.04810
3	0.08051	0.00326	0.00278	0.03927	0.02798	0.43214	0.05817	0.08887	0.06116	0.04740	0.01168	0.02556	0.00177	0.01925	0.00123	0.01049	0.07997	0.00665	0.00063	0.00123
4	0.04875	0.00246	0.00426	0.09462	0.07252	0.03523	0.46986	0.09224	0.03348	0.04608	0.01085	0.00937	0.00169	0.00099	0.00112	0.00032	0.02913	0.00559	0.00061	0.04083
5	0.00143	0.00115	0.00126	0.01273	0.00159	0.00106	0.00092	0.05490	0.04136	0.00321	0.21509	0.05263	0.60448	0.00229	0.00116	0.00033	0.00055	0.00194	0.00096	0.00094
6	0.00226	0.00195	0.00213	0.00156	0.00241	0.05492	0.00125	0.04141	0.00223	0.02405	0.01972	0.00218	0.00164	0.00080	0.00077	0.00017	0.00080	0.00063	0.00062	0.83850
7	0.00750	0.29601	0.20968	0.00213	0.01951	0.02986	0.03328	0.05635	0.01265	0.17858	0.00634	0.01894	0.00868	0.01097	0.00091	0.00027	0.00670	0.00079	0.00065	0.10023
8	0.00259	0.16742	0.43810	0.00839	0.01721	0.03928	0.05580	0.18110	0.00766	0.03540	0.01157	0.00225	0.00152	0.00661	0.01051	0.01049	0.00131	0.00078	0.00057	0.00143
9	0.00131	0.00114	0.00145	0.00133	0.00170	0.00098	0.07472	0.00161	0.00222	0.00275	0.03582	0.15391	0.67324	0.00238	0.00117	0.00034	0.00061	0.00206	0.00088	0.04037
10	0.00168	0.00128	0.02099	0.01472	0.00207	0.00116	0.08520	0.01936	0.03057	0.07606	0.01587	0.64085	0.03487	0.00255	0.00121	0.00038	0.00075	0.04854	0.00090	0.00098
11	0.02472	0.11069	0.16504	0.00260	0.03775	0.37973	0.06784	0.05183	0.04718	0.01528	0.04079	0.01785	0.00183	0.00109	0.00099	0.00029	0.03184	0.00081	0.00057	0.00128
12	0.00281	0.65056	0.05781	0.00209	0.03377	0.21428	0.00189	0.00317	0.00219	0.00243	0.00148	0.00173	0.00131	0.00102	0.01963	0.00026	0.00128	0.00059	0.00045	0.00126
13	0.00227	0.02347	0.17844	0.02014	0.04593	0.00876	0.04373	0.03252	0.02278	0.07771	0.07830	0.01102	0.01724	0.00101	0.00090	0.00024	0.00514	0.00085	0.00066	0.42889
14	0.01441	0.09048	0.20546	0.07034	0.05571	0.06646	0.08688	0.05274	0.00982	0.09954	0.01687	0.16099	0.02255	0.01091	0.00107	0.00032	0.01323	0.00119	0.00066	0.02037
15	0.00136	0.00103	0.00135	0.00162	0.05488	0.00097	0.00105	0.03244	0.00207	0.00273	0.02063	0.73408	0.13644	0.00282	0.00123	0.00038	0.00061	0.00253	0.00090	0.00088
16	0.00786	0.00844	0.01538	0.03419	0.11579	0.39314	0.12754	0.00876	0.02286	0.06896	0.01280	0.05750	0.01538	0.03585	0.00128	0.00033	0.06213	0.00099	0.00962	0.00122
17	0.02011	0.07290	0.20364	0.04075	0.08687	0.03060	0.06882	0.04073	0.02548	0.30257	0.00955	0.02297	0.00707	0.00112	0.00102	0.00030	0.02429	0.00752	0.00076	0.03292
18	0.00393	0.05138	0.02595	0.00181	0.00256	0.00170	0.01062	0.08034	0.00284	0.70181	0.00899	0.01945	0.01603	0.00127	0.00100	0.00631	0.00088	0.01684	0.01323	0.03305
19	0.00754	0.00116	0.00138	0.00149	0.05941	0.00104	0.00105	0.01376	0.00946	0.04231	0.12481	0.06009	0.57112	0.00231	0.00116	0.00034	0.00061	0.09054	0.00947	0.00095

[dist]
# distance from previous block
# <min> <max>
1	14

[block]
# block no. 1 follows, 332 sequences, length 18
# corresponding to MSA columns:
# 1590-1592,1595-1609
name=unknown_B
#
# <colnr> <probs for GDERKNQSTAVLIFYWHMCP>
#	G	D	E	R	K	N	Q	S	T	A	V	L	I	F	Y	W	H	M	C	P
0	0.02324	0.00991	0.00839	0.01572	0.02937	0.01532	0.19880	0.02374	0.01046	0.14708	0.14374	0.31411	0.03011	0.00191	0.00522	0.00035	0.00495	0.00716	0.00493	0.00548
1	0.00122	0.00088	0.00116	0.00139	0.00146	0.00082	0.00094	0.00141	0.00193	0.00257	0.01986	0.90675	0.02085	0.00307	0.00127	0.00040	0.00058	0.03172	0.00092	0.00081
2	0.00211	0.00182	0.00207	0.00150	0.00236	0.01891	0.00120	0.02144	0.00212	0.00326	0.00183	0.01813	0.00155	0.00079	0.00075	0.00016	0.00076	0.00063	0.00060	0.91801
3	0.01942	0.03111	0.04246	0.06450	0.08976	0.00799	0.03179	0.32246	0.04178	0.18570	0.02273	0.00778	0.01184	0.00118	0.00533	0.01026	0.00590	0.00092	0.00084	0.09623
4	0.00366	0.00456	0.00280	0.00253	0.00304	0.90383	0.00191	0.00395	0.01739	0.01948	0.00161	0.00186	0.00133	0.00105	0.00096	0.00026	0.02745	0.00066	0.00053	0.00116
5	0.00142	0.00106	0.00159	0.00159	0.00177	0.00124	0.00124	0.00177	0.00159	0.00230	0.00266	0.00389	0.00248	0.00743	0.96124	0.00159	0.00266	0.00106	0.00053	0.00089
6	0.00978	0.05352	0.01514	0.01578	0.01064	0.65025	0.01323	0.16787	0.01774	0.01362	0.00174	0.00196	0.00139	0.00106	0.00096	0.00027	0.02248	0.00071	0.00060	0.00127
7	0.00143	0.00096	0.00108	0.00110	0.00110	0.00095	0.00062	0.00144	0.00147	0.00196	0.00325	0.05893	0.00377	0.91250	0.00484	0.00093	0.00094	0.00152	0.00062	0.00061
8	0.00200	0.00504	0.92718	0.00287	0.00432	0.00231	0.03643	0.00314	0.00210	0.00314	0.00179	0.00211	0.00126	0.00094	0.00095	0.00031	0.00147	0.00075	0.00042	0.00146
9	0.00123	0.00100	0.00109	0.00109	0.00139	0.00086	0.00082	0.00152	0.00233	0.00288	0.15724	0.05316	0.72785	0.00247	0.00118	0.00034	0.00052	0.04122	0.00095	0.00085
10	0.00219	0.02295	0.00857	0.00951	0.01577	0.00248	0.01048	0.00811	0.00173	0.03556	0.00163	0.00236	0.00149	0.01844	0.05346	0.00043	0.59817	0.00083	0.00747	0.19836
11	0.00245	0.00236	0.00402	0.00608	0.95898	0.00236	0.00304	0.00304	0.00226	0.00324	0.00186	0.00245	0.00157	0.00088	0.00098	0.00029	0.00118	0.00088	0.00049	0.00157
12	0.00248	0.00207	0.00217	0.00194	0.00249	0.00237	0.00151	0.06112	0.81958	0.00421	0.00402	0.00375	0.02364	0.00135	0.00099	0.00033	0.00078	0.00112	0.06257	0.00152
13	0.00125	0.00100	0.00112	0.00111	0.00139	0.00087	0.00082	0.00157	0.00243	0.00311	0.33331	0.05838	0.58538	0.00238	0.00118	0.00033	0.00049	0.00203	0.00098	0.00087
14	0.00189	0.01194	0.00185	0.00174	0.02248	0.00149	0.00126	0.00167	0.00141	0.01281	0.01055	0.00282	0.00169	0.00292	0.01225	0.66460	0.24465	0.00087	0.00045	0.00065
15	0.00749	0.00195	0.00321	0.62389	0.06157	0.02317	0.09748	0.00793	0.00203	0.01229	0.00191	0.00290	0.00154	0.01424	0.00645	0.00592	0.08926	0.02990	0.00572	0.00114
16	0.00128	0.00100	0.00110	0.00110	0.00139	0.00086	0.00081	0.00157	0.00232	0.01532	0.18884	0.11862	0.62791	0.00243	0.00116	0.00033	0.00051	0.00207	0.03051	0.00087
17	0.00207	0.00200	0.00989	0.52683	0.25906	0.00222	0.08163	0.01337	0.01404	0.00285	0.01231	0.03366	0.01375	0.00107	0.00106	0.00033	0.02113	0.00099	0.00050	0.00125

[dist]
# distance from previous block
# <min> <max>
5	14

[block]
# block no. 2 follows, 332 sequences, length 25
# corresponding to MSA columns:
# 1653-1662,1672-1677,1685,1688-1695
name=unknown_C
#
# <colnr> <probs for GDERKNQSTAVLIFYWHMCP>
#	G	D	E	R	K	N	Q	S	T	A	V	L	I	F	Y	W	H	M	C	P
0	0.00206	0.00182	0.00287	0.46500	0.22851	0.00667	0.01070	0.03017	0.03428	0.00786	0.00245	0.03291	0.01686	0.00127	0.01280	0.00034	0.00904	0.05322	0.07997	0.00121
1	0.00138	0.00101	0.00129	0.00123	0.00147	0.00092	0.00092	0.00182	0.00274	0.00383	0.85236	0.02774	0.09540	0.00209	0.00117	0.00032	0.00047	0.00184	0.00107	0.00092
2	0.03343	0.00168	0.00223	0.00173	0.00247	0.00149	0.00142	0.00468	0.02913	0.86809	0.01670	0.00339	0.00252	0.00123	0.00098	0.00031	0.00083	0.00100	0.02508	0.00164
3	0.00122	0.00087	0.00116	0.00139	0.00145	0.00081	0.00093	0.00140	0.00191	0.00254	0.00553	0.92621	0.02081	0.00309	0.00127	0.00040	0.00058	0.02670	0.00092	0.00081
4	0.00234	0.00267	0.00585	0.00418	0.00518	0.00251	0.95538	0.00318	0.00234	0.00318	0.00201	0.00267	0.00150	0.00084	0.00117	0.00033	0.00167	0.00117	0.00050	0.00134
5	0.00146	0.00101	0.00129	0.00142	0.00152	0.00100	0.00104	0.00167	0.00184	0.00243	0.00434	0.17209	0.00492	0.43092	0.00299	0.00067	0.00088	0.36700	0.00078	0.00076
6	0.00206	0.00176	0.00206	0.00147	0.00235	0.00132	0.00117	0.00250	0.00206	0.00323	0.00176	0.00206	0.00147	0.00073	0.00073	0.00015	0.00073	0.00059	0.00059	0.97122
7	0.00202	0.05624	0.90922	0.00277	0.00420	0.00239	0.00356	0.00313	0.00209	0.00310	0.00176	0.00207	0.00126	0.00094	0.00093	0.00031	0.00144	0.00072	0.00042	0.00145
8	0.97217	0.00192	0.00146	0.00130	0.00192	0.00222	0.00107	0.00291	0.00169	0.00445	0.00138	0.00161	0.00107	0.00092	0.00061	0.00031	0.00077	0.00054	0.00061	0.00107
9	0.00121	0.00087	0.00115	0.00137	0.00144	0.00081	0.00092	0.00138	0.00191	0.00253	0.00559	0.93904	0.03195	0.00309	0.00126	0.00040	0.00057	0.00280	0.00092	0.00081
10	0.00148	0.00117	0.00178	0.00175	0.00197	0.00113	0.10946	0.00189	0.05606	0.01526	0.00495	0.69513	0.01728	0.02690	0.00134	0.00041	0.00074	0.05950	0.00087	0.00092
11	0.00143	0.00105	0.00141	0.01596	0.00184	0.00101	0.00129	0.00178	0.00218	0.00284	0.04444	0.30343	0.10382	0.00277	0.00130	0.00042	0.00075	0.51048	0.00092	0.00088
12	0.00144	0.00099	0.00126	0.00126	0.00131	0.00105	0.00082	0.00154	0.00149	0.00204	0.00292	0.00551	0.00316	0.61553	0.31686	0.03878	0.00151	0.00130	0.00057	0.00069
13	0.03237	0.00190	0.00238	0.00183	0.00259	0.00180	0.00151	0.20275	0.00316	0.70692	0.00350	0.00312	0.00226	0.00121	0.00098	0.00030	0.00088	0.00096	0.02793	0.00165
14	0.02880	0.00142	0.00851	0.00138	0.00173	0.01759	0.00105	0.03666	0.23198	0.01428	0.01360	0.14905	0.02580	0.01464	0.00095	0.00030	0.00063	0.00128	0.43204	0.01831
15	0.02355	0.00174	0.00194	0.00169	0.00221	0.00689	0.00132	0.05075	0.39667	0.09924	0.22868	0.02284	0.06594	0.00153	0.00104	0.00031	0.00699	0.00129	0.00099	0.08440
16	0.00118	0.00098	0.00104	0.00107	0.00136	0.00083	0.00078	0.00142	0.00221	0.00268	0.02872	0.16878	0.78033	0.00260	0.00119	0.00035	0.00051	0.00221	0.00092	0.00083
17	0.02751	0.00204	0.00242	0.00189	0.00261	0.00204	0.00155	0.34954	0.02838	0.48015	0.05389	0.00320	0.00253	0.00125	0.00098	0.00030	0.00090	0.00099	0.03622	0.00160
18	0.00267	0.87635	0.03823	0.00180	0.00266	0.01402	0.01470	0.03543	0.00212	0.00251	0.00144	0.00165	0.00129	0.00086	0.00067	0.00022	0.00109	0.00056	0.00045	0.00129
19	0.00119	0.00100	0.00103	0.00104	0.00136	0.00084	0.00078	0.00144	0.00226	0.00271	0.03997	0.06490	0.86229	0.00253	0.00118	0.00034	0.00051	0.01287	0.00093	0.00084
20	0.00123	0.00093	0.00110	0.00121	0.00137	0.00084	0.00083	0.00143	0.00203	0.00259	0.05419	0.46968	0.35516	0.10075	0.00161	0.00043	0.00058	0.00236	0.00090	0.00080
21	0.01402	0.00389	0.55568	0.09742	0.03740	0.00770	0.07730	0.01854	0.15171	0.00976	0.00217	0.00247	0.00159	0.00101	0.00099	0.00032	0.01021	0.00085	0.00553	0.00143
22	0.01282	0.01466	0.08644	0.36374	0.11461	0.02420	0.08468	0.10149	0.10225	0.04809	0.00227	0.00272	0.01152	0.00106	0.00104	0.00032	0.02050	0.00092	0.00535	0.00134
23	0.00152	0.00108	0.01188	0.00122	0.00127	0.00110	0.00077	0.01721	0.00154	0.00209	0.01085	0.00591	0.01032	0.77311	0.08072	0.03302	0.03272	0.00136	0.01168	0.00067
24	0.03991	0.00175	0.00192	0.00168	0.00218	0.00190	0.00132	0.05263	0.43664	0.16601	0.03076	0.00364	0.00285	0.02030	0.00103	0.00032	0.01068	0.00104	0.22207	0.00139

[dist]
# distance from previous block
# <min> <max>
2	25

[block]
# block no. 3 follows, 332 sequences, length 41
# corresponding to MSA columns:
# 1733-1763,1768-1772,1774,1777-1780
name=unknown_D
#
# <colnr> <probs for GDERKNQSTAVLIFYWHMCP>
#	G	D	E	R	K	N	Q	S	T	A	V	L	I	F	Y	W	H	M	C	P
0	0.00564	0.25653	0.44554	0.00684	0.02194	0.00667	0.04178	0.03415	0.03584	0.00300	0.01769	0.03939	0.00170	0.00113	0.00542	0.00031	0.07376	0.00083	0.00050	0.00135
1	0.00229	0.00165	0.00182	0.00164	0.00210	0.00176	0.00127	0.01487	0.47083	0.08581	0.16486	0.00466	0.05171	0.00149	0.00099	0.00031	0.00068	0.01804	0.14750	0.02571
2	0.00135	0.00100	0.00124	0.00128	0.00146	0.00093	0.00092	0.00894	0.01770	0.00308	0.34830	0.30363	0.15673	0.09670	0.01090	0.00043	0.00060	0.04299	0.00095	0.00086
3	0.00130	0.00106	0.00116	0.00113	0.00142	0.01673	0.00084	0.00162	0.00245	0.00314	0.35247	0.04287	0.56562	0.00233	0.00117	0.00033	0.00051	0.00199	0.00098	0.00088
4	0.00147	0.00106	0.00145	0.00167	0.00185	0.00104	0.00137	0.00184	0.00216	0.00282	0.00541	0.27785	0.03128	0.01588	0.00138	0.00044	0.00081	0.64843	0.00091	0.00088
5	0.86768	0.00188	0.00152	0.00134	0.00196	0.00213	0.00110	0.00308	0.00180	0.09100	0.00164	0.00181	0.00122	0.00095	0.00065	0.00031	0.00077	0.00059	0.01746	0.00113
6	0.00263	0.94064	0.03016	0.00173	0.00259	0.00388	0.00175	0.00297	0.00202	0.00235	0.00139	0.00160	0.00127	0.00085	0.00064	0.00021	0.00107	0.00054	0.00042	0.00128
7	0.00144	0.00106	0.00137	0.00126	0.00153	0.00097	0.00095	0.00194	0.01667	0.00393	0.89186	0.00714	0.02025	0.00197	0.00115	0.00031	0.00048	0.00173	0.00107	0.04290
8	0.00253	0.00213	0.00225	0.00201	0.00258	0.00245	0.00157	0.01749	0.92127	0.02787	0.00401	0.00367	0.00299	0.00134	0.00101	0.00033	0.00079	0.00111	0.00101	0.00157
9	0.00142	0.00106	0.00158	0.00158	0.00175	0.00123	0.00122	0.00176	0.00159	0.00229	0.00267	0.00398	0.00252	0.03934	0.92939	0.00157	0.00260	0.00107	0.00053	0.00088
10	0.97217	0.00192	0.00146	0.00130	0.00192	0.00222	0.00107	0.00291	0.00169	0.00445	0.00138	0.00161	0.00107	0.00092	0.00061	0.00031	0.00077	0.00054	0.00061	0.00107
11	0.00445	0.00169	0.00230	0.00176	0.00253	0.00146	0.00146	0.00483	0.00284	0.95967	0.00391	0.00337	0.00245	0.00123	0.00100	0.00031	0.00084	0.00100	0.00123	0.00169
12	0.00185	0.00092	0.00092	0.00092	0.00115	0.00092	0.00069	0.00231	0.00208	0.00370	0.00323	0.00370	0.00254	0.00115	0.00069	0.00023	0.00046	0.00092	0.97067	0.00092
13	0.00185	0.00092	0.00092	0.00092	0.00115	0.00092	0.00069	0.00231	0.00208	0.00370	0.00323	0.00370	0.00254	0.00115	0.00069	0.00023	0.00046	0.00092	0.97067	0.00092
14	0.00132	0.00101	0.00121	0.00117	0.00143	0.00090	0.00087	0.00170	0.00259	0.00348	0.59692	0.03532	0.34406	0.00223	0.00117	0.00032	0.00048	0.00193	0.00103	0.00090
15	0.00263	0.93569	0.03508	0.00173	0.00260	0.00387	0.00176	0.00297	0.00202	0.00236	0.00139	0.00161	0.00127	0.00085	0.00065	0.00022	0.00107	0.00054	0.00042	0.00128
16	0.00265	0.96576	0.00519	0.00170	0.00254	0.00392	0.00170	0.00297	0.00201	0.00233	0.00138	0.00159	0.00127	0.00085	0.00064	0.00021	0.00106	0.00053	0.00042	0.00127
17	0.00145	0.00103	0.00137	0.00735	0.00151	0.00112	0.00097	0.00168	0.02250	0.00671	0.00327	0.15304	0.00352	0.37473	0.39076	0.01306	0.01305	0.00147	0.00063	0.00078
18	0.04849	0.00222	0.00236	0.00202	0.00264	0.00250	0.00160	0.19700	0.64855	0.07607	0.00357	0.00331	0.00262	0.00128	0.00099	0.00032	0.00085	0.00104	0.00100	0.00158
19	0.00444	0.00170	0.00231	0.00177	0.00254	0.00148	0.00146	0.01987	0.00287	0.94459	0.00389	0.00336	0.00244	0.00123	0.00100	0.00031	0.00085	0.00100	0.00122	0.00169
20	0.01282	0.00191	0.01050	0.47227	0.19510	0.00615	0.00920	0.06583	0.02996	0.06793	0.05088	0.01955	0.01672	0.00128	0.02203	0.00035	0.00435	0.01128	0.00061	0.00127
21	0.00810	0.00182	0.03307	0.01333	0.00743	0.00156	0.00948	0.02665	0.00279	0.83622	0.00374	0.02435	0.00246	0.00127	0.00104	0.00031	0.01677	0.00684	0.00115	0.00163
22	0.00125	0.00089	0.00118	0.00140	0.00147	0.00083	0.00095	0.00144	0.00193	0.00832	0.01157	0.87589	0.02577	0.00313	0.01788	0.00042	0.00062	0.04331	0.00092	0.00082
23	0.68536	0.06528	0.05493	0.00810	0.03356	0.04240	0.01390	0.07066	0.00203	0.00902	0.00153	0.00177	0.00119	0.00094	0.00070	0.00030	0.00092	0.00060	0.00565	0.00118
24	0.00308	0.00134	0.00165	0.00138	0.00188	0.00123	0.00110	0.02375	0.00879	0.45517	0.05878	0.01678	0.00806	0.00127	0.00088	0.00028	0.00066	0.00104	0.41156	0.00130
25	0.00891	0.88659	0.05687	0.00179	0.00267	0.00380	0.01360	0.00297	0.00202	0.00240	0.00141	0.00164	0.00127	0.00086	0.00068	0.00022	0.01003	0.00055	0.00043	0.00128
26	0.00135	0.00094	0.00117	0.00129	0.00135	0.00092	0.00085	0.00832	0.00177	0.00236	0.00961	0.46127	0.03216	0.38577	0.01643	0.00064	0.00078	0.07148	0.00079	0.00074
27	0.00132	0.00095	0.00127	0.00149	0.00161	0.00090	0.00111	0.00158	0.00203	0.00266	0.00567	0.63386	0.06223	0.00296	0.00129	0.00041	0.00067	0.27624	0.00092	0.00084
28	0.00133	0.00101	0.00122	0.00117	0.00143	0.00090	0.00088	0.00172	0.00262	0.00353	0.63794	0.02063	0.31762	0.00220	0.00117	0.00032	0.00048	0.00190	0.00103	0.00090
29	0.00217	0.00217	0.00304	0.00260	0.00260	0.00304	0.00217	0.00239	0.00152	0.00239	0.00130	0.00217	0.00130	0.00173	0.00325	0.00043	0.96335	0.00087	0.00043	0.00108
30	0.00142	0.00106	0.00157	0.00157	0.00174	0.00123	0.00121	0.00176	0.00159	0.00229	0.00267	0.00399	0.00252	0.04350	0.92523	0.00157	0.00259	0.00108	0.00053	0.00087
31	0.82209	0.00188	0.00159	0.00137	0.00201	0.00210	0.00113	0.00321	0.00187	0.15259	0.00177	0.00188	0.00129	0.00097	0.00067	0.00031	0.00078	0.00061	0.00071	0.00117
32	0.00217	0.00217	0.00304	0.00260	0.00260	0.00304	0.00217	0.00239	0.00152	0.00239	0.00130	0.00217	0.00130	0.00173	0.00325	0.00043	0.96335	0.00087	0.00043	0.00108
33	0.00377	0.00278	0.00297	0.00228	0.00307	0.00307	0.00188	0.95568	0.00466	0.00625	0.00238	0.00238	0.00169	0.00119	0.00099	0.00030	0.00109	0.00089	0.00099	0.00169
34	0.00185	0.00092	0.00092	0.00092	0.00115	0.00092	0.00069	0.00231	0.00208	0.00370	0.00323	0.00370	0.00254	0.00115	0.00069	0.00023	0.00046	0.00092	0.97067	0.00092
35	0.00121	0.00086	0.00115	0.00138	0.00144	0.00081	0.00092	0.00138	0.00190	0.00253	0.00546	0.96452	0.00656	0.00311	0.00127	0.00040	0.00058	0.00282	0.00092	0.00081
36	0.00130	0.00101	0.00119	0.00114	0.00142	0.00089	0.00086	0.00168	0.00257	0.00341	0.54543	0.00833	0.42273	0.00224	0.00117	0.00032	0.00048	0.00192	0.00102	0.00089
37	0.00213	0.00181	0.00210	0.00151	0.00238	0.00141	0.00121	0.04238	0.01199	0.00337	0.00181	0.00209	0.00149	0.00076	0.00075	0.00016	0.00075	0.00061	0.00061	0.92071
38	0.00133	0.00103	0.00120	0.00119	0.00147	0.00092	0.00091	0.01329	0.00249	0.00324	0.37819	0.04941	0.46860	0.00235	0.00119	0.00034	0.00053	0.07045	0.00099	0.00089
39	0.01146	0.70115	0.01239	0.01376	0.01339	0.06549	0.02659	0.07324	0.02671	0.02226	0.00162	0.00182	0.00138	0.00091	0.00072	0.00023	0.00111	0.00062	0.00051	0.02464
40	0.00244	0.02718	0.05652	0.04565	0.02747	0.01629	0.15200	0.14694	0.08765	0.09582	0.21713	0.01051	0.04799	0.02607	0.00696	0.00034	0.00100	0.00796	0.01953	0.00454

[dist]
# distance from previous block
# <min> <max>
2	12

[block]
# block no. 4 follows, 332 sequences, length 25
# corresponding to MSA columns:
# 1803-1813,1816-1829
name=unknown_E
#
# <colnr> <probs for GDERKNQSTAVLIFYWHMCP>
#	G	D	E	R	K	N	Q	S	T	A	V	L	I	F	Y	W	H	M	C	P
0	0.00202	0.00147	0.00170	0.00165	0.00202	0.00157	0.00133	0.02623	0.32296	0.03471	0.11028	0.01364	0.05503	0.00864	0.00112	0.00035	0.00073	0.26783	0.14555	0.00117
1	0.00125	0.00090	0.00120	0.00142	0.00149	0.00084	0.00098	0.00146	0.00194	0.00258	0.01525	0.82834	0.01706	0.02007	0.00134	0.00042	0.00061	0.10111	0.00092	0.00081
2	0.00142	0.00106	0.00159	0.00159	0.00177	0.00124	0.00124	0.00177	0.00159	0.00230	0.00266	0.00389	0.00248	0.00743	0.96124	0.00159	0.00266	0.00106	0.00053	0.00089
3	0.00135	0.00101	0.00126	0.00120	0.00145	0.00091	0.00090	0.00178	0.00269	0.00370	0.75647	0.00786	0.21151	0.00213	0.00117	0.00032	0.00047	0.00186	0.00105	0.00091
4	0.00144	0.00096	0.00108	0.00108	0.00108	0.00096	0.00060	0.00144	0.00144	0.00192	0.00312	0.00649	0.00360	0.96516	0.00505	0.00096	0.00096	0.00144	0.00060	0.00060
5	0.00140	0.00101	0.00132	0.00125	0.00148	0.00094	0.00094	0.00187	0.00281	0.00397	0.95846	0.00740	0.00935	0.00203	0.00117	0.00031	0.00047	0.00179	0.00109	0.00094
6	0.00255	0.59760	0.24148	0.01439	0.00305	0.03043	0.00220	0.04147	0.01914	0.01466	0.00163	0.00187	0.00135	0.00103	0.01776	0.00027	0.00668	0.00063	0.00047	0.00133
7	0.00118	0.00100	0.00102	0.00103	0.00136	0.00084	0.00077	0.00144	0.00226	0.00271	0.02785	0.02400	0.90969	0.00251	0.00118	0.00034	0.00051	0.01854	0.00092	0.00084
8	0.11400	0.02659	0.01488	0.08235	0.25313	0.03097	0.16449	0.14381	0.01791	0.10809	0.00712	0.01372	0.00171	0.00758	0.00102	0.00031	0.00930	0.00092	0.00067	0.00142
9	0.00124	0.00100	0.00107	0.00109	0.00137	0.00087	0.00080	0.00149	0.00219	0.00268	0.06008	0.04072	0.71919	0.10125	0.00158	0.00041	0.00058	0.06067	0.00090	0.00082
10	0.00270	0.87147	0.01542	0.00181	0.00263	0.06454	0.01507	0.00303	0.00206	0.00236	0.00140	0.00163	0.00128	0.00087	0.00069	0.00022	0.01058	0.00055	0.00043	0.00127
11	0.01219	0.00183	0.00728	0.01017	0.02394	0.06211	0.00136	0.07909	0.27207	0.04005	0.25497	0.05487	0.09433	0.00599	0.00110	0.00735	0.00077	0.02080	0.00094	0.04878
12	0.03269	0.08354	0.07366	0.01874	0.06818	0.05657	0.09515	0.13473	0.08940	0.13987	0.04463	0.07752	0.01372	0.00498	0.00105	0.00031	0.02010	0.01712	0.00078	0.02724
13	0.01514	0.00210	0.00299	0.05960	0.02258	0.00288	0.01017	0.00240	0.00158	0.00246	0.00145	0.02059	0.00143	0.00173	0.01271	0.00043	0.83083	0.00091	0.00692	0.00109
14	0.00134	0.00092	0.00113	0.00125	0.00131	0.00088	0.00080	0.00146	0.00177	0.00982	0.02796	0.50813	0.03791	0.38007	0.00273	0.00061	0.00072	0.00917	0.01128	0.00074
15	0.00609	0.00114	0.01794	0.00135	0.00672	0.00524	0.00594	0.00997	0.00699	0.05732	0.29222	0.28401	0.23309	0.00970	0.00120	0.00035	0.00588	0.01892	0.03499	0.00094
16	0.01320	0.28091	0.20638	0.02242	0.04213	0.08501	0.06827	0.05282	0.01570	0.17460	0.00214	0.01411	0.00162	0.00102	0.00092	0.00028	0.01565	0.00079	0.00063	0.00140
17	0.00259	0.00216	0.01907	0.00201	0.00259	0.00239	0.01589	0.15290	0.65660	0.01360	0.01969	0.01529	0.00939	0.00135	0.00102	0.00033	0.01132	0.00782	0.06248	0.00151
18	0.00128	0.00098	0.00117	0.00122	0.00144	0.00088	0.00089	0.00159	0.00235	0.00308	0.32201	0.24600	0.36337	0.00251	0.00120	0.00035	0.00053	0.04731	0.00098	0.00087
19	0.00672	0.00658	0.12600	0.33049	0.30777	0.01608	0.03862	0.01253	0.02997	0.01344	0.01798	0.02249	0.02194	0.00111	0.00106	0.00439	0.01966	0.01779	0.00407	0.00131
20	0.00208	0.00924	0.02234	0.15775	0.07208	0.02094	0.01739	0.04184	0.02780	0.08368	0.03880	0.19106	0.00859	0.13903	0.04066	0.00049	0.10456	0.01989	0.00071	0.00108
21	0.00346	0.00430	0.02717	0.00249	0.00301	0.78898	0.01259	0.02036	0.05746	0.01362	0.00952	0.01317	0.00748	0.01161	0.00101	0.00028	0.02100	0.00074	0.00056	0.00118
22	0.00143	0.01099	0.00114	0.00112	0.00116	0.00098	0.00066	0.00147	0.00156	0.00207	0.03474	0.07397	0.03663	0.80282	0.01142	0.00695	0.00091	0.00868	0.00065	0.00064
23	0.00996	0.05967	0.12659	0.02093	0.06880	0.01536	0.06070	0.10521	0.06287	0.06936	0.01161	0.02234	0.00181	0.00104	0.00789	0.00026	0.01564	0.00083	0.00066	0.33847
24	0.02960	0.05777	0.03531	0.03237	0.07523	0.04825	0.02991	0.14678	0.04503	0.09291	0.02654	0.01507	0.03177	0.00674	0.00097	0.00026	0.02414	0.00087	0.00613	0.29434

[dist]
# distance from previous block
# <min> <max>
1	76

[block]
# block no. 5 follows, 332 sequences, length 18
# corresponding to MSA columns:
# 1918-1924,1929-1931,1934-1941
name=unknown_F
#
# <colnr> <probs for GDERKNQSTAVLIFYWHMCP>
#	G	D	E	R	K	N	Q	S	T	A	V	L	I	F	Y	W	H	M	C	P
0	0.00906	0.02203	0.01337	0.27986	0.20012	0.02727	0.01519	0.14016	0.12151	0.02703	0.01342	0.00277	0.00661	0.00114	0.00522	0.00032	0.05649	0.00626	0.01600	0.03615
1	0.00123	0.00092	0.00113	0.00126	0.00141	0.00084	0.00088	0.00144	0.00204	0.00263	0.05216	0.56726	0.28411	0.04757	0.00141	0.00041	0.00058	0.03101	0.00091	0.00081
2	0.03473	0.00153	0.00199	0.00160	0.00222	0.00137	0.00129	0.01355	0.01302	0.66009	0.12907	0.01357	0.06121	0.00863	0.00968	0.00032	0.00077	0.00117	0.04271	0.00146
3	0.00130	0.00093	0.00121	0.00138	0.00149	0.00088	0.00097	0.00155	0.01086	0.00268	0.06276	0.64988	0.06959	0.06022	0.00148	0.00043	0.00063	0.11518	0.01576	0.00082
4	0.00193	0.00114	0.00148	0.00135	0.00167	0.00105	0.00103	0.01533	0.00274	0.15810	0.66665	0.04309	0.03773	0.01564	0.00119	0.00033	0.00056	0.02614	0.02183	0.00105
5	0.45425	0.00224	0.00216	0.00175	0.00245	0.00249	0.00144	0.41202	0.00307	0.08330	0.00206	0.00213	0.00148	0.00107	0.00081	0.00030	0.00090	0.00074	0.02394	0.00138
6	0.00238	0.00205	0.00217	0.00195	0.00250	0.00235	0.00152	0.00501	0.89002	0.00409	0.03685	0.00404	0.03784	0.00141	0.00102	0.00034	0.00076	0.00118	0.00101	0.00152
7	0.00120	0.00101	0.00105	0.00104	0.00136	0.00085	0.00078	0.00149	0.00234	0.00286	0.14505	0.00924	0.82345	0.00244	0.00117	0.00033	0.00050	0.00205	0.00094	0.00085
8	0.00234	0.00267	0.00585	0.00418	0.00518	0.00251	0.95538	0.00318	0.00234	0.00318	0.00201	0.00267	0.00150	0.00084	0.00117	0.00033	0.00167	0.00117	0.00050	0.00134
9	0.00144	0.00096	0.00108	0.00108	0.00108	0.00096	0.00060	0.00144	0.00144	0.00192	0.00312	0.00649	0.00360	0.96516	0.00505	0.00096	0.00096	0.00144	0.00060	0.00060
10	0.03785	0.00182	0.00177	0.00158	0.00198	0.14340	0.00121	0.07362	0.01668	0.11882	0.45326	0.04244	0.08303	0.00972	0.00111	0.00031	0.00078	0.00852	0.00097	0.00111
11	0.04328	0.00226	0.00260	0.01045	0.02823	0.04263	0.02039	0.31094	0.11523	0.35884	0.00936	0.00289	0.00212	0.00118	0.00099	0.00030	0.00921	0.00093	0.00670	0.03145
12	0.02225	0.00204	0.01380	0.00191	0.00260	0.00207	0.00156	0.19173	0.28515	0.40577	0.01391	0.00327	0.00250	0.00125	0.00098	0.00031	0.00086	0.00100	0.03592	0.01113
13	0.00125	0.00094	0.00116	0.00130	0.00146	0.00086	0.00091	0.00153	0.01709	0.00276	0.10293	0.57084	0.25297	0.00280	0.00123	0.00038	0.00056	0.03724	0.00094	0.00084
14	0.00231	0.00242	0.00447	0.10725	0.00442	0.01791	0.50262	0.01190	0.00209	0.02303	0.00180	0.00250	0.00144	0.00114	0.00176	0.00036	0.29176	0.00102	0.00050	0.01930
15	0.14176	0.00209	0.03480	0.03410	0.03892	0.03929	0.03561	0.10527	0.04613	0.37290	0.05040	0.02357	0.02129	0.00640	0.01199	0.00033	0.02188	0.00100	0.00091	0.01135
16	0.00996	0.00142	0.01063	0.01093	0.00206	0.00129	0.00123	0.04758	0.03421	0.36768	0.21661	0.15171	0.10200	0.00185	0.00109	0.00033	0.00070	0.02121	0.01626	0.00125
17	0.00957	0.00213	0.02551	0.15414	0.37651	0.00706	0.01685	0.11452	0.01207	0.15400	0.03782	0.02271	0.00213	0.00121	0.01287	0.00981	0.01203	0.00557	0.02204	0.00144

[dist]
# distance from previous block
# <min> <max>
2	56

[block]
# block no. 6 follows, 332 sequences, length 24
# corresponding to MSA columns:
# 2005-2025,2027-2029
name=unknown_G
#
# <colnr> <probs for GDERKNQSTAVLIFYWHMCP>
#	G	D	E	R	K	N	Q	S	T	A	V	L	I	F	Y	W	H	M	C	P
0	0.00162	0.00861	0.01357	0.01612	0.01024	0.00132	0.00926	0.02500	0.02032	0.01995	0.00309	0.04090	0.03873	0.21660	0.49997	0.00112	0.01606	0.00586	0.00061	0.05106
1	0.03497	0.13353	0.09245	0.09079	0.12532	0.11484	0.02962	0.10307	0.08146	0.03006	0.01810	0.02264	0.03391	0.00129	0.02232	0.00032	0.03114	0.00515	0.00063	0.02841
2	0.00157	0.00110	0.00134	0.00127	0.00156	0.00100	0.00095	0.02009	0.01784	0.05675	0.49437	0.09964	0.25187	0.00796	0.00118	0.00033	0.00054	0.01262	0.00905	0.01897
3	0.01003	0.00614	0.01896	0.00924	0.02066	0.04805	0.02120	0.10017	0.15685	0.02767	0.14643	0.18690	0.10824	0.01880	0.02017	0.00037	0.02919	0.01195	0.05784	0.00114
4	0.00137	0.00106	0.00124	0.00119	0.00148	0.00095	0.00090	0.00182	0.03528	0.01119	0.46809	0.03997	0.40399	0.00222	0.00116	0.00032	0.00051	0.01231	0.00100	0.01394
5	0.00206	0.00176	0.00206	0.00147	0.00235	0.00132	0.00117	0.00250	0.00206	0.00323	0.00176	0.00206	0.00147	0.00073	0.00073	0.00015	0.00073	0.00059	0.00059	0.97122
6	0.00231	0.00260	0.00558	0.07284	0.04010	0.00248	0.85247	0.00312	0.00231	0.00313	0.00198	0.00266	0.00149	0.00085	0.00115	0.00033	0.00163	0.00114	0.00050	0.00133
7	0.00265	0.00180	0.03534	0.02131	0.00223	0.01401	0.00134	0.22716	0.06422	0.16179	0.06243	0.00448	0.16683	0.00725	0.00099	0.00030	0.00077	0.00119	0.22262	0.00128
8	0.00254	0.00209	0.00340	0.17130	0.56611	0.00217	0.00262	0.02845	0.02052	0.11056	0.01459	0.02440	0.00199	0.00109	0.00104	0.00031	0.01575	0.02898	0.00062	0.00145
9	0.00206	0.00176	0.00206	0.00147	0.00235	0.00132	0.00117	0.00250	0.00206	0.00323	0.00176	0.00206	0.00147	0.00073	0.00073	0.00015	0.00073	0.00059	0.00059	0.97122
10	0.00121	0.00086	0.00115	0.00138	0.00144	0.00081	0.00092	0.00138	0.00190	0.00253	0.00546	0.96452	0.00656	0.00311	0.00127	0.00040	0.00058	0.00282	0.00092	0.00081
11	0.00372	0.00281	0.01969	0.00229	0.00309	0.00305	0.00191	0.92351	0.02016	0.00616	0.00240	0.00240	0.00170	0.00119	0.00099	0.00030	0.00109	0.00089	0.00098	0.00168
12	0.01262	0.00189	0.00247	0.02642	0.15724	0.00162	0.00884	0.03053	0.00221	0.07596	0.00196	0.00229	0.00158	0.01000	0.00089	0.00021	0.01665	0.00070	0.00063	0.64530
13	0.94929	0.00191	0.00148	0.00131	0.00193	0.00221	0.00108	0.00296	0.00171	0.02703	0.00144	0.00165	0.00111	0.00093	0.00062	0.00031	0.00077	0.00055	0.00063	0.00109
14	0.00199	0.00513	0.96003	0.00283	0.00429	0.00230	0.00366	0.00314	0.00209	0.00314	0.00178	0.00209	0.00126	0.00094	0.00094	0.00031	0.00146	0.00073	0.00042	0.00146
15	0.00130	0.00103	0.00113	0.00111	0.00142	0.00090	0.00083	0.00166	0.02215	0.01575	0.25157	0.04751	0.64538	0.00237	0.00117	0.00033	0.00051	0.00201	0.00097	0.00089
16	0.00121	0.00086	0.00115	0.00138	0.00144	0.00081	0.00092	0.00138	0.00190	0.00253	0.00546	0.96452	0.00656	0.00311	0.00127	0.00040	0.00058	0.00282	0.00092	0.00081
17	0.97217	0.00192	0.00146	0.00130	0.00192	0.00222	0.00107	0.00291	0.00169	0.00445	0.00138	0.00161	0.00107	0.00092	0.00061	0.00031	0.00077	0.00054	0.00061	0.00107
18	0.00185	0.00092	0.00092	0.00092	0.00115	0.00092	0.00069	0.00231	0.00208	0.00370	0.00323	0.00370	0.00254	0.00115	0.00069	0.00023	0.00046	0.00092	0.97067	0.00092
19	0.00247	0.00213	0.00224	0.00202	0.00258	0.00247	0.00157	0.00527	0.95719	0.00415	0.00403	0.00370	0.00303	0.00134	0.00101	0.00034	0.00078	0.00112	0.00101	0.00157
20	0.00399	0.00241	0.00275	0.00211	0.00289	0.00253	0.00174	0.63843	0.00405	0.32435	0.00289	0.00271	0.00194	0.00120	0.00099	0.00030	0.00101	0.00093	0.00107	0.00169
21	0.00213	0.00176	0.00206	0.00149	0.00235	0.00135	0.00119	0.01299	0.01216	0.02779	0.01639	0.00219	0.00163	0.00078	0.00075	0.00016	0.00074	0.00063	0.00062	0.91084
22	0.00767	0.01111	0.00859	0.31562	0.22157	0.04032	0.06410	0.06129	0.05441	0.01561	0.06206	0.02058	0.02378	0.00126	0.01951	0.00034	0.02859	0.00101	0.00538	0.03718
23	0.00128	0.00097	0.01085	0.00133	0.00148	0.00086	0.00094	0.00153	0.00210	0.01101	0.14643	0.61611	0.15261	0.01899	0.00130	0.00039	0.00058	0.02947	0.00094	0.00084

[dist]
# distance from previous block
# <min> <max>
1	31

[block]
# block no. 7 follows, 332 sequences, length 15
# corresponding to MSA columns:
# 2122-2136
name=unknown_H
#
# <colnr> <probs for GDERKNQSTAVLIFYWHMCP>
#	G	D	E	R	K	N	Q	S	T	A	V	L	I	F	Y	W	H	M	C	P
0	0.04112	0.03494	0.05866	0.03733	0.02569	0.01512	0.01999	0.02992	0.08379	0.14882	0.33003	0.01010	0.08185	0.00167	0.02033	0.00033	0.00828	0.00784	0.01051	0.03365
1	0.00256	0.60181	0.07989	0.00895	0.01323	0.04576	0.02396	0.03057	0.03748	0.02177	0.01538	0.01440	0.00165	0.01020	0.05189	0.00032	0.01242	0.00070	0.00051	0.02654
2	0.01147	0.00161	0.00198	0.00171	0.01732	0.01857	0.00132	0.07356	0.07166	0.43978	0.14340	0.09056	0.06261	0.01859	0.00759	0.00034	0.00078	0.00789	0.02789	0.00137
3	0.00136	0.00101	0.00118	0.00121	0.00146	0.00090	0.00088	0.01450	0.00228	0.03042	0.15892	0.27147	0.46168	0.02255	0.00127	0.00036	0.00055	0.02615	0.00095	0.00088
4	0.00129	0.00098	0.00119	0.00121	0.00144	0.00088	0.00089	0.00162	0.00241	0.00322	0.42206	0.22885	0.30517	0.00244	0.00120	0.00034	0.00051	0.02243	0.00099	0.00087
5	0.01841	0.00106	0.00146	0.00145	0.00160	0.00118	0.00107	0.00177	0.00159	0.01895	0.00279	0.00449	0.00274	0.24846	0.66274	0.00135	0.00211	0.00114	0.02481	0.00083
6	0.00125	0.00091	0.00118	0.00131	0.00144	0.00084	0.00091	0.00150	0.00215	0.00289	0.23128	0.63579	0.10933	0.00279	0.00123	0.00037	0.00054	0.00250	0.00096	0.00084
7	0.73507	0.00189	0.00168	0.00143	0.00208	0.00208	0.00118	0.02935	0.00202	0.21242	0.00196	0.00202	0.00139	0.00099	0.00071	0.00031	0.00079	0.00065	0.00076	0.00122
8	0.00265	0.96576	0.00519	0.00170	0.00254	0.00392	0.00170	0.00297	0.00201	0.00233	0.00138	0.00159	0.00127	0.00085	0.00064	0.00021	0.00106	0.00053	0.00042	0.00127
9	0.97217	0.00192	0.00146	0.00130	0.00192	0.00222	0.00107	0.00291	0.00169	0.00445	0.00138	0.00161	0.00107	0.00092	0.00061	0.00031	0.00077	0.00054	0.00061	0.00107
10	0.00189	0.00179	0.00300	0.91423	0.03175	0.00223	0.00275	0.00254	0.00198	0.00255	0.00175	0.00263	0.00133	0.00101	0.00105	0.00033	0.02476	0.00088	0.00044	0.00111
11	0.00144	0.00096	0.00108	0.00108	0.00108	0.00096	0.00060	0.00144	0.00144	0.00192	0.00312	0.00649	0.00360	0.96516	0.00505	0.00096	0.00096	0.00144	0.00060	0.00060
12	0.00217	0.00217	0.00304	0.00260	0.00260	0.00304	0.00217	0.00239	0.00152	0.00239	0.00130	0.00217	0.00130	0.00173	0.00325	0.00043	0.96335	0.00087	0.00043	0.00108
13	0.00123	0.00089	0.00117	0.00138	0.00147	0.00082	0.00094	0.00142	0.00192	0.00256	0.00554	0.88810	0.03902	0.00303	0.00125	0.00040	0.00058	0.02816	0.00091	0.01918
14	0.00199	0.00513	0.96003	0.00283	0.00429	0.00230	0.00366	0.00314	0.00209	0.00314	0.00178	0.00209	0.00126	0.00094	0.00094	0.00031	0.00146	0.00073	0.00042	0.00146

[dist]
# distance from previous block
# <min> <max>
0	10

[block]
# block no. 8 follows, 332 sequences, length 10
# corresponding to MSA columns:
# 2147,2149-2157
name=unknown_I
#
# <colnr> <probs for GDERKNQSTAVLIFYWHMCP>
#	G	D	E	R	K	N	Q	S	T	A	V	L	I	F	Y	W	H	M	C	P
0	0.00395	0.00248	0.00279	0.00214	0.00293	0.00263	0.00177	0.69544	0.00416	0.26719	0.00280	0.00265	0.00190	0.00120	0.00099	0.00030	0.00102	0.00092	0.00106	0.00169
1	0.00204	0.00117	0.00140	0.00128	0.00166	0.00102	0.00098	0.00234	0.00238	0.23749	0.11103	0.04341	0.45872	0.08547	0.00148	0.00039	0.00064	0.04509	0.00099	0.00104
2	0.00160	0.00117	0.00168	0.00185	0.00210	0.00116	0.02674	0.00205	0.00227	0.00295	0.00529	0.03673	0.03042	0.00269	0.00136	0.00045	0.00091	0.87675	0.00090	0.00092
3	0.00119	0.00100	0.00103	0.00105	0.00137	0.00085	0.00079	0.00144	0.00225	0.00268	0.00971	0.04249	0.89201	0.00254	0.00118	0.00034	0.00052	0.03580	0.00092	0.00084
4	0.01663	0.00194	0.00258	0.01663	0.00271	0.01474	0.02322	0.08083	0.01414	0.58868	0.00311	0.00310	0.00214	0.00134	0.00148	0.00034	0.20642	0.01747	0.00098	0.00151
5	0.00371	0.00462	0.00282	0.00254	0.00306	0.91185	0.00191	0.05297	0.00290	0.00262	0.00158	0.00182	0.00130	0.00103	0.00090	0.00026	0.00175	0.00065	0.00054	0.00118
6	0.00210	0.00189	0.02795	0.00156	0.00243	0.00144	0.00129	0.02808	0.00211	0.00329	0.00177	0.00207	0.00146	0.00078	0.00082	0.00016	0.02692	0.00061	0.00059	0.89270
7	0.14822	0.11155	0.08361	0.06369	0.07371	0.07864	0.02778	0.15610	0.10128	0.02050	0.00212	0.02630	0.00173	0.00915	0.00113	0.00032	0.08319	0.00901	0.00065	0.00133
8	0.00146	0.00112	0.00132	0.00140	0.01952	0.01957	0.00099	0.01163	0.01946	0.02216	0.23271	0.33879	0.27765	0.00246	0.00121	0.00035	0.01199	0.01953	0.01577	0.00091
9	0.00233	0.01780	0.03335	0.08537	0.12155	0.01583	0.03544	0.04790	0.01949	0.05141	0.00202	0.00240	0.00161	0.00088	0.00085	0.00022	0.00094	0.01042	0.01884	0.53136

[dist]
# distance from previous block
# <min> <max>
1	3

[block]
# block no. 9 follows, 332 sequences, length 32
# corresponding to MSA columns:
# 2273-2304
name=unknown_J
#
# <colnr> <probs for GDERKNQSTAVLIFYWHMCP>
#	G	D	E	R	K	N	Q	S	T	A	V	L	I	F	Y	W	H	M	C	P
0	0.00142	0.00102	0.00143	0.00143	0.00155	0.00114	0.00104	0.00166	0.00155	0.00219	0.00285	0.02888	0.00290	0.28930	0.64478	0.01219	0.00208	0.00122	0.00056	0.00079
1	0.00195	0.00180	0.00306	0.78464	0.08154	0.00215	0.03670	0.00875	0.00205	0.01234	0.00198	0.02872	0.00159	0.00107	0.00101	0.00033	0.00128	0.01774	0.01016	0.00114
2	0.00143	0.00107	0.00160	0.00160	0.00177	0.00126	0.00124	0.00177	0.00159	0.00229	0.00265	0.00392	0.00249	0.02637	0.93015	0.00157	0.01477	0.00107	0.00053	0.00088
3	0.00274	0.88078	0.00498	0.00177	0.00259	0.08857	0.00172	0.00306	0.00208	0.00234	0.00139	0.00161	0.00127	0.00086	0.00066	0.00022	0.00112	0.00054	0.00043	0.00126
4	0.00206	0.00176	0.00206	0.00147	0.00235	0.00132	0.00117	0.00250	0.00206	0.00323	0.00176	0.00206	0.00147	0.00073	0.00073	0.00015	0.00073	0.00059	0.00059	0.97122
5	0.00142	0.00106	0.00158	0.00158	0.00175	0.00123	0.00122	0.00176	0.00159	0.00229	0.00267	0.00396	0.00250	0.03029	0.93842	0.00158	0.00261	0.00107	0.00053	0.00088
6	0.02963	0.08551	0.04382	0.00211	0.00284	0.04524	0.00959	0.55317	0.04754	0.05400	0.00953	0.06036	0.02661	0.00131	0.00097	0.00030	0.00105	0.01257	0.00088	0.01297
7	0.09548	0.00219	0.00349	0.21992	0.60593	0.01210	0.01027	0.00943	0.00217	0.01234	0.00185	0.00250	0.00151	0.00094	0.00097	0.00031	0.00645	0.01025	0.00051	0.00140
8	0.00200	0.00190	0.05596	0.11544	0.29337	0.00179	0.01838	0.03426	0.06306	0.01856	0.29427	0.03100	0.05885	0.00145	0.00106	0.00031	0.00091	0.00540	0.00076	0.00125
9	0.00132	0.00092	0.00113	0.00126	0.00131	0.00089	0.00081	0.00144	0.00173	0.00230	0.00464	0.48471	0.04168	0.40935	0.00286	0.00064	0.00075	0.04076	0.00078	0.00072
10	0.00266	0.00217	0.01333	0.00199	0.00256	0.00240	0.00717	0.25807	0.54513	0.00955	0.03852	0.02549	0.01194	0.06789	0.00130	0.00037	0.00087	0.00612	0.00097	0.00148
11	0.00191	0.00193	0.05394	0.50940	0.04196	0.00208	0.06615	0.02106	0.00205	0.01035	0.02404	0.11572	0.02866	0.00142	0.00704	0.00035	0.09654	0.00649	0.00781	0.00112
12	0.00199	0.00513	0.96003	0.00283	0.00429	0.00230	0.00366	0.00314	0.00209	0.00314	0.00178	0.00209	0.00126	0.00094	0.00094	0.00031	0.00146	0.00073	0.00042	0.00146
13	0.03726	0.00232	0.15348	0.09171	0.07053	0.01988	0.01403	0.06475	0.09622	0.01503	0.00762	0.04482	0.00220	0.03967	0.20036	0.00520	0.11481	0.01831	0.00061	0.00120
14	0.00142	0.00106	0.00159	0.00159	0.00177	0.00124	0.00124	0.00177	0.00159	0.00230	0.00266	0.00389	0.00248	0.00743	0.96124	0.00159	0.00266	0.00106	0.00053	0.00089
15	0.05940	0.68644	0.07206	0.00185	0.00270	0.04883	0.01228	0.03663	0.00218	0.05873	0.00160	0.00179	0.00135	0.00091	0.00073	0.00024	0.00986	0.00060	0.00051	0.00131
16	0.00211	0.00207	0.00290	0.00248	0.00257	0.00932	0.04203	0.00808	0.03770	0.00252	0.00198	0.02366	0.03731	0.02732	0.02188	0.00046	0.75952	0.01009	0.00492	0.00108
17	0.03268	0.13671	0.32967	0.01301	0.08562	0.01804	0.06113	0.04363	0.05960	0.08476	0.04426	0.01640	0.01461	0.00108	0.00096	0.00030	0.01680	0.00088	0.00062	0.03924
18	0.13747	0.03723	0.27572	0.14277	0.08399	0.00221	0.07507	0.03159	0.03667	0.09261	0.00867	0.05590	0.00185	0.00112	0.00096	0.00032	0.00772	0.00620	0.00061	0.00133
19	0.00158	0.00113	0.00158	0.00180	0.00202	0.00113	0.00155	0.00205	0.01376	0.00295	0.00525	0.07397	0.00573	0.00275	0.00136	0.00045	0.00089	0.87823	0.00091	0.00091
20	0.00199	0.00191	0.01030	0.27220	0.19748	0.00213	0.11323	0.00882	0.01403	0.00279	0.01353	0.09781	0.01060	0.00183	0.07473	0.00044	0.14600	0.02262	0.00636	0.00118
21	0.02534	0.06059	0.12204	0.10434	0.10706	0.03111	0.05613	0.16177	0.07038	0.17260	0.01535	0.00287	0.01767	0.00118	0.00866	0.00032	0.02608	0.01122	0.00382	0.00144
22	0.01638	0.02222	0.01861	0.00774	0.00208	0.11681	0.00886	0.03533	0.05672	0.13785	0.09392	0.27295	0.12872	0.01005	0.00566	0.00035	0.00972	0.04930	0.00564	0.00110
23	0.00187	0.00176	0.00297	0.96278	0.00683	0.00220	0.00275	0.00253	0.00198	0.00253	0.00176	0.00264	0.00132	0.00099	0.00099	0.00033	0.00132	0.00088	0.00044	0.00110
24	0.04585	0.01793	0.04247	0.18913	0.24879	0.01588	0.16364	0.08939	0.01105	0.02683	0.00226	0.08015	0.00196	0.00121	0.00484	0.00033	0.04290	0.01350	0.00059	0.00132
25	0.03533	0.16055	0.14326	0.06988	0.09155	0.08704	0.11905	0.10251	0.03636	0.07285	0.00208	0.01227	0.00506	0.00870	0.00652	0.00031	0.04006	0.00085	0.00441	0.00137
26	0.00412	0.00185	0.03701	0.00187	0.00264	0.00156	0.02910	0.03782	0.00990	0.81005	0.01097	0.00838	0.00891	0.00124	0.00100	0.00031	0.00089	0.01172	0.01904	0.00163
27	0.00121	0.00100	0.00107	0.00106	0.00137	0.00085	0.00079	0.00150	0.00235	0.00291	0.18418	0.02574	0.76767	0.00243	0.00117	0.00033	0.00050	0.00205	0.00095	0.00085
28	0.00982	0.08712	0.23436	0.08119	0.05107	0.03987	0.08251	0.06005	0.05092	0.13142	0.02222	0.07862	0.01403	0.00490	0.00105	0.00032	0.02030	0.02076	0.00813	0.00135
29	0.00714	0.02139	0.07312	0.06680	0.22538	0.02114	0.10996	0.08328	0.18648	0.08480	0.03028	0.02808	0.02221	0.00121	0.00102	0.00032	0.00110	0.02794	0.00692	0.00143
30	0.01546	0.00172	0.00228	0.00177	0.00251	0.00153	0.00145	0.04372	0.01240	0.86948	0.01041	0.00343	0.00250	0.00997	0.00103	0.00031	0.00085	0.00811	0.00944	0.00165
31	0.00249	0.00209	0.01619	0.37023	0.22281	0.01089	0.06721	0.09184	0.04669	0.09725	0.01988	0.01237	0.00827	0.00109	0.00103	0.00477	0.00446	0.00750	0.01158	0.00135

[dist]
# distance from previous block
# <min> <max>
0	37

[block]
# block no. 10 follows, 332 sequences, length 22
# corresponding to MSA columns:
# 2353-2374
name=unknown_K
#
