[name]
unknown

[dist]
# distance from previous block
# <min> <max>
0	205

[block]
# block no. 0 follows, 283 sequences, length 13
# corresponding to MSA columns:
# 516-524,534-537
name=unknown_A
#
# <colnr> <probs for GDERKNQSTAVLIFYWHMCP>
#	G	D	E	R	K	N	Q	S	T	A	V	L	I	F	Y	W	H	M	C	P
0	0.13601	0.09285	0.09606	0.05005	0.06492	0.06966	0.02737	0.14919	0.03923	0.05833	0.02546	0.01226	0.04703	0.01756	0.00119	0.00035	0.02630	0.00722	0.00079	0.07817
1	0.04223	0.02102	0.02325	0.04534	0.21010	0.03405	0.03349	0.16225	0.09393	0.07328	0.03237	0.01193	0.02559	0.01355	0.01599	0.00038	0.01958	0.02629	0.02539	0.09000
2	0.02309	0.04783	0.02402	0.16315	0.11438	0.06493	0.08911	0.06622	0.09460	0.04654	0.01366	0.01950	0.00924	0.00150	0.01098	0.00040	0.19731	0.00110	0.00070	0.01173
3	0.00152	0.00115	0.00141	0.00147	0.00169	0.00106	0.01466	0.00182	0.01678	0.00313	0.10918	0.36263	0.30232	0.11090	0.02977	0.01453	0.00078	0.01147	0.01278	0.00096
4	0.00193	0.00137	0.00172	0.00161	0.00194	0.00135	0.00122	0.02741	0.08978	0.03549	0.63414	0.04525	0.03043	0.02992	0.07005	0.00050	0.00082	0.01365	0.01025	0.00118
5	0.01884	0.00231	0.00239	0.00212	0.00271	0.05022	0.00165	0.09166	0.49100	0.06071	0.12318	0.02573	0.05185	0.00186	0.01853	0.00040	0.00096	0.01010	0.04217	0.00160
6	0.00245	0.00202	0.00237	0.00172	0.00270	0.00155	0.00137	0.00303	0.02655	0.03325	0.04255	0.00275	0.00218	0.00095	0.00089	0.00019	0.00085	0.00077	0.00074	0.87111
7	0.92803	0.00222	0.00173	0.00154	0.00226	0.00255	0.00127	0.00348	0.00201	0.04420	0.00172	0.00195	0.00131	0.00108	0.00073	0.00036	0.00089	0.00065	0.00074	0.00128
8	0.01055	0.29431	0.43119	0.00298	0.01319	0.01894	0.11304	0.01171	0.04071	0.01642	0.00216	0.00257	0.00169	0.00111	0.00105	0.00033	0.01250	0.01219	0.01176	0.00160
9	0.01340	0.01002	0.02684	0.00722	0.00990	0.02666	0.01436	0.07461	0.17147	0.02844	0.34189	0.09093	0.11372	0.01280	0.01481	0.00040	0.00085	0.00828	0.01457	0.01883
10	0.00142	0.00115	0.00126	0.00127	0.00160	0.00099	0.00094	0.00175	0.00270	0.00339	0.19497	0.11761	0.66117	0.00288	0.00137	0.00039	0.00059	0.00246	0.00111	0.00099
11	0.00302	0.02527	0.00262	0.00222	0.00288	0.00265	0.00175	0.06367	0.66316	0.08323	0.02010	0.02507	0.02011	0.00167	0.01217	0.00039	0.01167	0.00131	0.03248	0.02456
12	0.01664	0.15264	0.11187	0.04024	0.03909	0.02306	0.03501	0.29592	0.16877	0.03778	0.03199	0.00308	0.00236	0.00131	0.00111	0.00034	0.01229	0.00103	0.01131	0.01418

[dist]
# distance from previous block
# <min> <max>
1	9

[block]
# block no. 1 follows, 283 sequences, length 12
# corresponding to MSA columns:
# 551-554,583-590
name=unknown_B
#
# <colnr> <probs for GDERKNQSTAVLIFYWHMCP>
#	G	D	E	R	K	N	Q	S	T	A	V	L	I	F	Y	W	H	M	C	P
0	0.03580	0.01809	0.14943	0.04097	0.01234	0.01803	0.04399	0.07789	0.19869	0.07281	0.02408	0.01556	0.01010	0.00137	0.00968	0.00034	0.02038	0.01475	0.00085	0.23486
1	0.29799	0.05206	0.01983	0.02799	0.05340	0.06523	0.16769	0.05841	0.10948	0.11499	0.01296	0.00285	0.00201	0.00119	0.00103	0.00036	0.00125	0.00098	0.00877	0.00154
2	0.00172	0.00113	0.00147	0.00147	0.00153	0.00117	0.00097	0.00176	0.00177	0.00242	0.04348	0.02302	0.00380	0.48506	0.25043	0.17431	0.00157	0.00149	0.00067	0.00077
3	0.00189	0.00129	0.00172	0.00188	0.00218	0.00124	0.00157	0.00234	0.00266	0.05175	0.04417	0.10518	0.16642	0.00306	0.00151	0.00048	0.00092	0.60758	0.00109	0.00108
4	0.08432	0.00199	0.00302	0.61581	0.05314	0.00239	0.00262	0.02445	0.00233	0.00327	0.03720	0.00384	0.03995	0.08400	0.00163	0.00045	0.03658	0.00114	0.00061	0.00125
5	0.89413	0.00230	0.00183	0.00160	0.00233	0.00266	0.00132	0.07553	0.00222	0.00533	0.00169	0.00194	0.00130	0.00109	0.00075	0.00036	0.00092	0.00066	0.00075	0.00130
6	0.00263	0.00271	0.00343	0.00310	0.03798	0.08547	0.00246	0.00290	0.00195	0.00282	0.00181	0.05119	0.00183	0.00199	0.00333	0.00048	0.79103	0.00110	0.00054	0.00127
7	0.88453	0.00251	0.00183	0.00164	0.00234	0.08477	0.00133	0.00349	0.00207	0.00496	0.00162	0.00189	0.00127	0.00108	0.00074	0.00035	0.00099	0.00063	0.00070	0.00125
8	0.00292	0.00245	0.00259	0.00231	0.00297	0.00281	0.00181	0.03274	0.87595	0.02795	0.00481	0.00442	0.02790	0.00159	0.00118	0.00039	0.00091	0.00132	0.00117	0.00181
9	0.00173	0.00129	0.00185	0.01251	0.00206	0.00143	0.01887	0.00211	0.01547	0.01289	0.00370	0.01404	0.05152	0.17884	0.63542	0.00985	0.01286	0.02189	0.00068	0.00100
10	0.00791	0.00185	0.01748	0.00232	0.08429	0.03379	0.01906	0.03263	0.09524	0.02623	0.24223	0.13866	0.08367	0.01652	0.00937	0.00041	0.01550	0.09967	0.00743	0.06573
11	0.03169	0.30150	0.13762	0.04028	0.01628	0.01064	0.04510	0.04856	0.10120	0.04521	0.03247	0.10502	0.00964	0.00674	0.00111	0.00034	0.01672	0.00797	0.00914	0.03277

[dist]
# distance from previous block
# <min> <max>
2	72

[block]
# block no. 2 follows, 283 sequences, length 22
# corresponding to MSA columns:
# 667-688
name=unknown_C
#
# <colnr> <probs for GDERKNQSTAVLIFYWHMCP>
#	G	D	E	R	K	N	Q	S	T	A	V	L	I	F	Y	W	H	M	C	P
0	0.02325	0.02915	0.06715	0.06065	0.20598	0.05562	0.08226	0.13368	0.10637	0.06934	0.02933	0.01251	0.01831	0.00148	0.01899	0.00039	0.01817	0.01772	0.04803	0.00162
1	0.00157	0.00122	0.00157	0.01362	0.02756	0.00114	0.01191	0.00191	0.01347	0.01640	0.09972	0.47083	0.29380	0.00305	0.00145	0.00043	0.01805	0.02023	0.00106	0.00103
2	0.00205	0.00166	0.00220	0.04652	0.10704	0.00174	0.00639	0.02481	0.11211	0.01745	0.16857	0.10663	0.17265	0.04184	0.09495	0.00056	0.04796	0.01471	0.02892	0.00125
3	0.02667	0.00243	0.00294	0.00226	0.00316	0.00241	0.00187	0.35490	0.00405	0.58124	0.00382	0.00345	0.00248	0.00140	0.00115	0.00035	0.00108	0.00110	0.00131	0.00194
4	0.00415	0.00300	0.00324	0.00254	0.00341	0.00331	0.00208	0.73087	0.15533	0.06128	0.00319	0.00310	0.00227	0.00141	0.00115	0.00035	0.00118	0.00109	0.01510	0.00192
5	0.00160	0.00115	0.00152	0.00149	0.00173	0.00107	0.00110	0.00209	0.00306	0.00431	0.77451	0.15470	0.01016	0.00266	0.01652	0.00041	0.00061	0.01902	0.00122	0.00106
6	0.01835	0.00191	0.00247	0.00196	0.00273	0.00174	0.00159	0.05498	0.03414	0.69715	0.07125	0.01646	0.00345	0.01570	0.00121	0.00036	0.00093	0.00124	0.06347	0.00891
7	0.96766	0.00223	0.00169	0.00151	0.00223	0.00258	0.00125	0.00338	0.00196	0.00517	0.00160	0.00187	0.00125	0.00107	0.00071	0.00036	0.00089	0.00062	0.00071	0.00125
8	0.00237	0.00229	0.10724	0.00204	0.00265	0.00835	0.00177	0.05302	0.29168	0.03998	0.26218	0.01791	0.10259	0.00222	0.04113	0.00987	0.01253	0.01962	0.01407	0.00649
9	0.00164	0.00120	0.00156	0.00153	0.01509	0.00110	0.00809	0.00213	0.00305	0.01288	0.68864	0.08753	0.13775	0.00248	0.00135	0.00037	0.00059	0.00976	0.02217	0.00108
10	0.02419	0.05493	0.44474	0.01223	0.03067	0.01022	0.17319	0.04412	0.07150	0.00831	0.00797	0.06589	0.01033	0.00134	0.00123	0.00037	0.02977	0.00676	0.00065	0.00159
11	0.00235	0.00224	0.00385	0.57605	0.19968	0.00255	0.08561	0.00314	0.02403	0.00324	0.00250	0.00354	0.02316	0.00132	0.01341	0.00040	0.01344	0.02964	0.00058	0.00927
12	0.00184	0.00143	0.00171	0.00162	0.00197	0.00142	0.00123	0.00288	0.18758	0.00443	0.61993	0.02846	0.10790	0.00231	0.00133	0.00038	0.00064	0.03051	0.00122	0.00121
13	0.00418	0.10436	0.00356	0.00284	0.00350	0.79749	0.00220	0.06288	0.00330	0.00308	0.00182	0.00210	0.00151	0.00118	0.00101	0.00029	0.00194	0.00075	0.00062	0.00139
14	0.00281	0.00276	0.00452	0.13017	0.77017	0.03814	0.02765	0.00350	0.00261	0.00362	0.00214	0.00286	0.00177	0.00105	0.00114	0.00035	0.00143	0.00102	0.00056	0.00173
15	0.00144	0.00102	0.00136	0.00161	0.00168	0.00095	0.00108	0.00163	0.00221	0.00294	0.01941	0.87703	0.00744	0.02276	0.00163	0.02147	0.00069	0.03165	0.00105	0.00093
16	0.00144	0.00113	0.00130	0.00135	0.00162	0.00100	0.00097	0.00176	0.00261	0.00335	0.20870	0.26018	0.46348	0.02895	0.01645	0.00045	0.00065	0.00254	0.00109	0.00098
17	0.00330	0.00238	0.00266	0.05620	0.00310	0.00263	0.00182	0.48618	0.08585	0.01180	0.02290	0.02968	0.02338	0.00184	0.04119	0.00041	0.00980	0.02135	0.19194	0.00160
18	0.00161	0.00118	0.00151	0.00144	0.00172	0.00108	0.00108	0.00213	0.00320	0.00447	0.85571	0.00889	0.09093	0.00242	0.00136	0.00037	0.00056	0.01803	0.00125	0.00108
19	0.00245	0.00251	0.05817	0.45426	0.19790	0.02889	0.06105	0.01519	0.04735	0.01858	0.03634	0.03701	0.03271	0.00132	0.00118	0.00037	0.00141	0.00120	0.00065	0.00145
20	0.01772	0.00219	0.00258	0.00190	0.00288	0.02312	0.02047	0.03555	0.03716	0.15696	0.00256	0.00272	0.00195	0.00100	0.00094	0.00022	0.00094	0.00081	0.00083	0.68749
21	0.00167	0.00120	0.00157	0.00167	0.00989	0.00111	0.01596	0.00199	0.01466	0.04174	0.07063	0.59139	0.14713	0.03226	0.01140	0.00047	0.00861	0.01629	0.00105	0.02932

[dist]
# distance from previous block
# <min> <max>
1	13

[block]
# block no. 3 follows, 283 sequences, length 17
# corresponding to MSA columns:
# 731-735,762-773
name=unknown_D
#
# <colnr> <probs for GDERKNQSTAVLIFYWHMCP>
#	G	D	E	R	K	N	Q	S	T	A	V	L	I	F	Y	W	H	M	C	P
0	0.03900	0.00260	0.01129	0.00248	0.00985	0.02437	0.05395	0.22002	0.36468	0.20386	0.01263	0.01186	0.00293	0.00765	0.00119	0.00038	0.00110	0.01999	0.00838	0.00179
1	0.00218	0.00203	0.00331	0.79923	0.04913	0.00246	0.00299	0.00303	0.04401	0.00313	0.04156	0.02023	0.01939	0.00129	0.00117	0.00038	0.00143	0.00114	0.00059	0.00131
2	0.00165	0.00122	0.00180	0.00180	0.00198	0.00141	0.00137	0.00202	0.00183	0.00263	0.00313	0.00479	0.00300	0.09367	0.87010	0.00178	0.00291	0.00127	0.00062	0.00100
3	0.03348	0.00336	0.00297	0.04078	0.02530	0.35621	0.05893	0.05451	0.14729	0.02878	0.07619	0.05144	0.05088	0.00692	0.00848	0.00037	0.02222	0.02278	0.00084	0.00825
4	0.60127	0.00218	0.00199	0.00162	0.00244	0.00223	0.00132	0.02140	0.00221	0.03535	0.00187	0.00212	0.00146	0.00102	0.00078	0.00030	0.00089	0.00067	0.00073	0.31817
5	0.00266	0.02645	0.72808	0.01437	0.01928	0.02468	0.05229	0.03239	0.00263	0.07092	0.01446	0.00265	0.00172	0.00114	0.00111	0.00036	0.00163	0.00092	0.00059	0.00170
6	0.00159	0.00122	0.00146	0.00141	0.00174	0.00112	0.00107	0.00213	0.03599	0.00403	0.53838	0.02354	0.33502	0.00258	0.00136	0.00038	0.00059	0.04413	0.00118	0.00107
7	0.92484	0.00222	0.00174	0.00154	0.00226	0.00254	0.00127	0.00348	0.00202	0.04735	0.00173	0.00196	0.00132	0.00108	0.00073	0.00036	0.00089	0.00065	0.00074	0.00128
8	0.00304	0.90155	0.03389	0.00204	0.00302	0.00447	0.00206	0.00343	0.00232	0.00274	0.00161	0.00189	0.00148	0.00102	0.00085	0.00026	0.03173	0.00064	0.00049	0.00148
9	0.00161	0.00120	0.00151	0.00154	0.00177	0.00115	0.00112	0.00214	0.05318	0.00383	0.43343	0.35330	0.10284	0.00280	0.00142	0.00041	0.01606	0.00247	0.01716	0.00106
10	0.00336	0.00245	0.00277	0.00264	0.00307	0.00213	0.00186	0.00342	0.00427	0.00601	0.74046	0.05985	0.15357	0.00361	0.00212	0.00069	0.00119	0.00276	0.00180	0.00198
11	0.00165	0.00123	0.00152	0.00143	0.00174	0.00113	0.00107	0.02527	0.00320	0.00441	0.75707	0.00891	0.18223	0.00243	0.00135	0.00037	0.00057	0.00212	0.00123	0.00109
12	0.91785	0.00219	0.00171	0.00152	0.00223	0.00252	0.00125	0.00343	0.00201	0.03196	0.00174	0.00199	0.00133	0.00109	0.00073	0.00035	0.00089	0.00065	0.02332	0.00126
13	0.00220	0.00207	0.00350	0.92444	0.04008	0.00256	0.00321	0.00296	0.00231	0.00297	0.00205	0.00306	0.00154	0.00115	0.00115	0.00038	0.00153	0.00102	0.00051	0.00130
14	0.00143	0.00117	0.00126	0.00123	0.00159	0.00100	0.00093	0.00178	0.00278	0.00347	0.23743	0.01049	0.72589	0.00278	0.00136	0.00038	0.00057	0.00235	0.00112	0.00100
15	0.00250	0.00193	0.00225	0.01929	0.01504	0.00207	0.00822	0.07545	0.38554	0.04520	0.25723	0.06221	0.06963	0.00206	0.00806	0.00040	0.00085	0.03940	0.00116	0.00149
16	0.01655	0.06040	0.65468	0.00358	0.09558	0.00283	0.06581	0.04781	0.01372	0.02541	0.00218	0.00255	0.00159	0.00110	0.00109	0.00036	0.00160	0.00091	0.00056	0.00170

[dist]
# distance from previous block
# <min> <max>
2	18

[block]
# block no. 4 follows, 283 sequences, length 10
# corresponding to MSA columns:
# 805-808,810-815
name=unknown_E
#
# <colnr> <probs for GDERKNQSTAVLIFYWHMCP>
#	G	D	E	R	K	N	Q	S	T	A	V	L	I	F	Y	W	H	M	C	P
0	0.06750	0.00289	0.01301	0.00325	0.02288	0.04785	0.32874	0.20793	0.06227	0.08005	0.00272	0.01378	0.00208	0.01024	0.00126	0.00036	0.01757	0.01169	0.00084	0.10310
1	0.02619	0.00268	0.00418	0.20304	0.52556	0.02620	0.04819	0.09730	0.02349	0.01639	0.00233	0.01515	0.00188	0.00114	0.00115	0.00036	0.00140	0.00106	0.00065	0.00168
2	0.00220	0.00207	0.00347	0.83061	0.04666	0.00251	0.02504	0.00301	0.02634	0.00304	0.00231	0.04358	0.00186	0.00126	0.00117	0.00039	0.00149	0.00113	0.00056	0.00131
3	0.00198	0.00101	0.00149	0.00149	0.00149	0.00101	0.00098	0.00151	0.00151	0.00201	0.00209	0.00372	0.00212	0.05702	0.00458	0.91293	0.00101	0.00104	0.00051	0.00051
4	0.00270	0.00252	0.00416	0.17158	0.64952	0.00263	0.01424	0.01731	0.04032	0.01408	0.01705	0.02130	0.02280	0.00120	0.00119	0.00036	0.01360	0.00113	0.00063	0.00168
5	0.00161	0.00117	0.00148	0.00142	0.00169	0.00107	0.00106	0.00212	0.00313	0.00441	0.80139	0.05117	0.08909	0.00243	0.00135	0.00037	0.00055	0.00213	0.03130	0.00107
6	0.01558	0.56944	0.23317	0.04783	0.00365	0.03211	0.00255	0.02642	0.00246	0.00311	0.00217	0.00245	0.03931	0.00113	0.00093	0.00030	0.01458	0.00078	0.00054	0.00150
7	0.00210	0.00152	0.00174	0.00166	0.00206	0.00152	0.00125	0.00318	0.23457	0.07147	0.22735	0.14060	0.24209	0.01963	0.00138	0.00040	0.00071	0.01497	0.03052	0.00127
8	0.15383	0.00349	0.00282	0.02189	0.01407	0.38817	0.02870	0.08592	0.00302	0.10786	0.00279	0.00305	0.04711	0.01157	0.01236	0.00036	0.04492	0.00095	0.06572	0.00141
9	0.11143	0.00263	0.00283	0.00223	0.00308	0.04051	0.00182	0.38358	0.04248	0.31592	0.00325	0.00311	0.00224	0.00133	0.00108	0.00034	0.00111	0.00101	0.03220	0.04781

[dist]
# distance from previous block
# <min> <max>
0	11

[block]
# block no. 5 follows, 283 sequences, length 18
# corresponding to MSA columns:
# 827-833,835-845
name=unknown_F
#
# <colnr> <probs for GDERKNQSTAVLIFYWHMCP>
#	G	D	E	R	K	N	Q	S	T	A	V	L	I	F	Y	W	H	M	C	P
0	0.00247	0.00225	0.00356	0.54712	0.08550	0.02090	0.07872	0.02879	0.01962	0.02903	0.01176	0.00338	0.00805	0.02030	0.00127	0.00037	0.01183	0.01924	0.00062	0.10523
1	0.00848	0.00186	0.00334	0.03603	0.02170	0.01110	0.31209	0.00251	0.01503	0.00329	0.02402	0.51739	0.00516	0.00248	0.00142	0.00043	0.01245	0.01297	0.00705	0.00119
2	0.00281	0.62218	0.04206	0.00208	0.00904	0.05264	0.00193	0.01868	0.01094	0.00842	0.00268	0.13678	0.02759	0.00712	0.01261	0.00033	0.03297	0.00713	0.00062	0.00139
3	0.07641	0.00238	0.00284	0.00220	0.00308	0.00238	0.00182	0.31710	0.00387	0.55246	0.00371	0.00340	0.00244	0.00152	0.01867	0.00038	0.00111	0.00108	0.00127	0.00189
4	0.01172	0.00679	0.03211	0.00188	0.00237	0.04545	0.04937	0.04114	0.03432	0.09691	0.42974	0.01846	0.14707	0.03077	0.02532	0.00043	0.01294	0.01084	0.00110	0.00126
5	0.00140	0.00100	0.00134	0.00160	0.00167	0.00094	0.00107	0.00160	0.00220	0.00294	0.00635	0.95878	0.00762	0.00361	0.00147	0.00047	0.00067	0.00327	0.00107	0.00094
6	0.00205	0.00168	0.00234	0.02371	0.02072	0.00878	0.06689	0.00738	0.04211	0.01690	0.00453	0.32942	0.00963	0.01367	0.00701	0.00041	0.03825	0.18746	0.00090	0.21616
7	0.00140	0.00101	0.00133	0.00159	0.00167	0.00094	0.00106	0.00161	0.00222	0.00295	0.00656	0.92057	0.04569	0.00358	0.00147	0.00046	0.00066	0.00324	0.00107	0.00094
8	0.04538	0.01776	0.00336	0.00256	0.00344	0.00330	0.02119	0.73897	0.02858	0.08227	0.01698	0.00295	0.00216	0.00147	0.01237	0.00037	0.01283	0.00105	0.00112	0.00188
9	0.10082	0.00294	0.00300	0.00237	0.00320	0.07346	0.00193	0.54711	0.00433	0.20194	0.00299	0.00297	0.00210	0.01328	0.00115	0.00035	0.00120	0.00101	0.03207	0.00180
10	0.00153	0.00117	0.00140	0.00139	0.00169	0.00105	0.00105	0.00195	0.00291	0.00386	0.47523	0.06998	0.37096	0.00270	0.00138	0.00039	0.00060	0.05857	0.00117	0.00103
11	0.00395	0.00486	0.00336	0.00307	0.02862	0.76189	0.03205	0.02403	0.00312	0.00299	0.01597	0.02842	0.00182	0.00133	0.00129	0.00032	0.08004	0.00089	0.00062	0.00135
12	0.00143	0.00103	0.00136	0.00161	0.00171	0.00096	0.00111	0.00166	0.00225	0.00298	0.00659	0.85194	0.05434	0.00355	0.00147	0.00047	0.00069	0.06284	0.00107	0.00095
13	0.06355	0.00206	0.00237	0.02022	0.00280	0.00162	0.00140	0.00297	0.00237	0.01839	0.00206	0.00239	0.00169	0.00088	0.00085	0.00019	0.00087	0.00069	0.00069	0.87194
14	0.85990	0.00247	0.06202	0.00166	0.00245	0.00259	0.00147	0.01673	0.01364	0.02614	0.00175	0.00199	0.00133	0.00109	0.00076	0.00036	0.00095	0.00066	0.00073	0.00131
15	0.91994	0.00228	0.00178	0.00157	0.00229	0.00263	0.00129	0.05021	0.00213	0.00527	0.00166	0.00191	0.00128	0.00108	0.00073	0.00036	0.00091	0.00064	0.00073	0.00128
16	0.00219	0.02976	0.43179	0.00240	0.00342	0.00217	0.00264	0.00339	0.12770	0.02556	0.16951	0.00529	0.17060	0.00172	0.00123	0.00037	0.01656	0.00141	0.00084	0.00147
17	0.00203	0.00192	0.00346	0.01044	0.00339	0.01157	0.34693	0.02749	0.00248	0.00331	0.00468	0.49554	0.03079	0.02862	0.00158	0.00045	0.02092	0.00236	0.00086	0.00120

[dist]
# distance from previous block
# <min> <max>
0	5

[block]
# block no. 6 follows, 283 sequences, length 30
# corresponding to MSA columns:
# 851,859,861,863-868,871-877,880-885,896-903
name=unknown_G
#
# <colnr> <probs for GDERKNQSTAVLIFYWHMCP>
#	G	D	E	R	K	N	Q	S	T	A	V	L	I	F	Y	W	H	M	C	P
0	0.00217	0.00205	0.00345	0.95676	0.00793	0.00256	0.00320	0.00294	0.00230	0.00294	0.00205	0.00307	0.00154	0.00115	0.00115	0.00038	0.00154	0.00102	0.00051	0.00128
1	0.00220	0.00206	0.00345	0.79180	0.10889	0.00248	0.00310	0.00293	0.00235	0.00304	0.00244	0.03126	0.02073	0.00128	0.00117	0.00038	0.00146	0.01709	0.00055	0.00132
2	0.00242	0.00227	0.00380	0.58930	0.32430	0.00259	0.00324	0.01719	0.00247	0.00330	0.00225	0.01063	0.00183	0.00119	0.00116	0.00037	0.00145	0.02822	0.00056	0.00146
3	0.01819	0.02810	0.00293	0.00240	0.00310	0.05019	0.00837	0.36831	0.38064	0.00542	0.01757	0.07071	0.01775	0.00165	0.00117	0.00037	0.00109	0.01516	0.00517	0.00173
4	0.01249	0.01910	0.33155	0.00260	0.03123	0.00221	0.00260	0.07302	0.03352	0.35006	0.05530	0.03395	0.02250	0.00160	0.02271	0.00040	0.00127	0.00118	0.00098	0.00173
5	0.00280	0.06193	0.46874	0.00292	0.01329	0.01077	0.05033	0.16012	0.09575	0.02880	0.06203	0.02664	0.00257	0.00134	0.00113	0.00036	0.00142	0.00662	0.00076	0.00168
6	0.00308	0.96022	0.00603	0.00197	0.00296	0.00456	0.00197	0.00345	0.00234	0.00271	0.00160	0.00185	0.00148	0.00099	0.00074	0.00025	0.00123	0.00062	0.00049	0.00148
7	0.00245	0.00549	0.81290	0.00331	0.00490	0.00269	0.07079	0.04720	0.00262	0.01482	0.02104	0.00263	0.00171	0.00113	0.00112	0.00037	0.00167	0.00092	0.00055	0.00169
8	0.00168	0.00141	0.01852	0.10328	0.06800	0.00135	0.03326	0.00202	0.00228	0.00781	0.02008	0.70883	0.00624	0.00763	0.00144	0.00045	0.00644	0.00726	0.00095	0.00108
9	0.06879	0.01906	0.01083	0.01135	0.05131	0.15209	0.23807	0.03943	0.06386	0.14254	0.01464	0.04634	0.00282	0.00157	0.00131	0.01689	0.01795	0.09880	0.00085	0.00149
10	0.00180	0.00130	0.00177	0.00200	0.00228	0.00128	0.00173	0.00230	0.00266	0.00343	0.02242	0.01270	0.11398	0.00314	0.00156	0.00051	0.00100	0.82203	0.00106	0.00105
11	0.00232	0.00214	0.00349	0.87417	0.03296	0.00262	0.00315	0.05961	0.00250	0.00322	0.00209	0.00305	0.00157	0.00116	0.00115	0.00038	0.00151	0.00102	0.00055	0.00133
12	0.06490	0.11048	0.11162	0.00775	0.12049	0.07980	0.12022	0.11767	0.19007	0.02237	0.00270	0.00697	0.00210	0.00125	0.00116	0.00035	0.02513	0.00829	0.00505	0.00165
13	0.00167	0.00120	0.00157	0.00157	0.00166	0.00131	0.00108	0.00186	0.00183	0.00253	0.01467	0.09503	0.01559	0.46246	0.34450	0.00127	0.03991	0.00165	0.00777	0.00087
14	0.00153	0.00106	0.00132	0.00147	0.00151	0.00103	0.00093	0.00166	0.00198	0.00264	0.00512	0.51684	0.00604	0.41356	0.02125	0.00077	0.00091	0.01864	0.00090	0.00084
15	0.00728	0.03292	0.07709	0.02766	0.13328	0.04540	0.27550	0.09737	0.05990	0.12121	0.06525	0.00368	0.02296	0.00129	0.00122	0.00036	0.00663	0.00767	0.01169	0.00163
16	0.00855	0.01842	0.84565	0.00328	0.01959	0.01917	0.02929	0.00359	0.00246	0.00361	0.00239	0.00273	0.03391	0.00115	0.00110	0.00036	0.00166	0.00091	0.00051	0.00166
17	0.87855	0.01906	0.01148	0.00164	0.00234	0.04530	0.00136	0.00343	0.00203	0.00496	0.00161	0.00190	0.00127	0.00109	0.00079	0.00035	0.02024	0.00064	0.00070	0.00126
18	0.00306	0.88560	0.05535	0.00205	0.00306	0.00440	0.00209	0.00348	0.00235	0.01714	0.00167	0.00192	0.00150	0.00101	0.00080	0.00026	0.01161	0.00064	0.00051	0.00149
19	0.00145	0.00104	0.00139	0.00942	0.00176	0.00098	0.00112	0.00169	0.00228	0.00306	0.05599	0.84694	0.01437	0.00348	0.00146	0.00046	0.00069	0.04383	0.00107	0.00751
20	0.00143	0.00112	0.00129	0.00136	0.00162	0.00098	0.00097	0.00174	0.00260	0.00333	0.18764	0.30231	0.46936	0.01707	0.00146	0.00042	0.00061	0.00261	0.00110	0.00098
21	0.01388	0.00220	0.00242	0.00201	0.00260	0.00703	0.00160	0.44482	0.03910	0.01475	0.26821	0.03035	0.01277	0.00717	0.00727	0.00036	0.00093	0.00142	0.13958	0.00152
22	0.01828	0.00194	0.00258	0.00200	0.00285	0.00172	0.00165	0.03286	0.01047	0.83541	0.04150	0.00406	0.00312	0.00145	0.00115	0.00035	0.00095	0.00118	0.03458	0.00188
23	0.00233	0.03345	0.92627	0.00324	0.00493	0.00273	0.00419	0.00364	0.00243	0.00362	0.00205	0.00241	0.00146	0.00109	0.00108	0.00036	0.00169	0.00084	0.00049	0.00170
24	0.00169	0.00120	0.00154	0.00144	0.00174	0.00109	0.00108	0.00222	0.00321	0.02775	0.85251	0.00869	0.08675	0.00238	0.00135	0.00036	0.00056	0.00209	0.00126	0.00110
25	0.00271	0.00301	0.00629	0.03413	0.00574	0.00294	0.80998	0.02096	0.00267	0.00366	0.00229	0.00312	0.00176	0.00108	0.00154	0.00040	0.07936	0.00812	0.00059	0.00968
26	0.02481	0.00307	0.03344	0.00328	0.10695	0.08495	0.12848	0.30856	0.08140	0.18400	0.00311	0.00324	0.01056	0.00131	0.00116	0.00035	0.00135	0.01004	0.00098	0.00896
27	0.00167	0.00124	0.00623	0.01167	0.00177	0.00117	0.00107	0.00216	0.04577	0.01509	0.40717	0.13699	0.16695	0.16861	0.01795	0.00054	0.00075	0.01109	0.00108	0.00103
28	0.04355	0.00170	0.00227	0.02681	0.01884	0.02655	0.08511	0.03835	0.00206	0.00289	0.00312	0.01328	0.00324	0.47366	0.17451	0.00101	0.05292	0.01788	0.00068	0.01158
29	0.06744	0.02245	0.02341	0.02207	0.00843	0.05769	0.26434	0.29272	0.01392	0.10787	0.04686	0.00320	0.00233	0.00131	0.00133	0.00037	0.05533	0.00641	0.00089	0.00165

[dist]
# distance from previous block
# <min> <max>
0	2

[block]
# block no. 7 follows, 283 sequences, length 11
# corresponding to MSA columns:
# 906,973-981,983
name=unknown_H
#
# <colnr> <probs for GDERKNQSTAVLIFYWHMCP>
#	G	D	E	R	K	N	Q	S	T	A	V	L	I	F	Y	W	H	M	C	P
0	0.01998	0.83874	0.02216	0.00206	0.00302	0.03028	0.00202	0.03267	0.01665	0.00294	0.00169	0.00194	0.00152	0.00103	0.00083	0.00026	0.01951	0.00065	0.00053	0.00149
1	0.84171	0.00248	0.00191	0.02723	0.00250	0.07618	0.00141	0.00345	0.00206	0.00486	0.00163	0.00194	0.00128	0.00111	0.00083	0.00036	0.02647	0.00065	0.00069	0.00126
2	0.07592	0.00222	0.01684	0.00215	0.00286	0.00221	0.02814	0.24103	0.06312	0.29450	0.13651	0.05635	0.02753	0.00171	0.00121	0.00037	0.01075	0.02383	0.01111	0.00164
3	0.00245	0.00137	0.00178	0.00175	0.00210	0.00127	0.00132	0.02680	0.01573	0.22316	0.06756	0.44632	0.07053	0.00283	0.01066	0.00044	0.00081	0.09248	0.01996	0.01070
4	0.03178	0.00290	0.00339	0.03698	0.03245	0.04244	0.06189	0.55345	0.02263	0.11508	0.03493	0.01402	0.00974	0.00839	0.00122	0.00036	0.00819	0.01729	0.00106	0.00178
5	0.00142	0.00102	0.00134	0.00159	0.00168	0.00095	0.00108	0.00164	0.00226	0.00300	0.02880	0.86020	0.06021	0.00353	0.00146	0.00046	0.00067	0.02666	0.00107	0.00094
6	0.00276	0.00267	0.00333	0.00288	0.00305	0.09478	0.01955	0.00315	0.03087	0.04820	0.00212	0.00330	0.00199	0.00221	0.04215	0.00053	0.67873	0.05582	0.00062	0.00130
7	0.00290	0.00228	0.00249	0.00224	0.00286	0.00257	0.00175	0.00561	0.76143	0.08045	0.05988	0.00501	0.02273	0.00169	0.00120	0.00039	0.00090	0.04069	0.00119	0.00174
8	0.00221	0.00208	0.00352	0.90494	0.05947	0.00257	0.00322	0.00297	0.00232	0.00299	0.00205	0.00306	0.00155	0.00114	0.00115	0.00038	0.00153	0.00102	0.00051	0.00131
9	0.05765	0.05901	0.00339	0.00256	0.00339	0.14850	0.00209	0.61945	0.06762	0.00600	0.01767	0.00275	0.00206	0.00134	0.00109	0.00034	0.00133	0.00098	0.00101	0.00177
10	0.00193	0.00148	0.00189	0.00204	0.04167	0.01383	0.01149	0.06020	0.06803	0.02003	0.06952	0.60123	0.02860	0.01456	0.00152	0.00045	0.03077	0.02857	0.00105	0.00115

[dist]
# distance from previous block
# <min> <max>
4	17

[block]
# block no. 8 follows, 283 sequences, length 9
# corresponding to MSA columns:
# 1012,1017,1019-1023,1047,1048
name=unknown_I
#
# <colnr> <probs for GDERKNQSTAVLIFYWHMCP>
#	G	D	E	R	K	N	Q	S	T	A	V	L	I	F	Y	W	H	M	C	P
0	0.00140	0.00100	0.00134	0.00160	0.00167	0.00094	0.00107	0.00160	0.00220	0.00294	0.00635	0.95878	0.00762	0.00361	0.00147	0.00047	0.00067	0.00327	0.00107	0.00094
1	0.31272	0.00242	0.03959	0.36428	0.03796	0.01578	0.03210	0.06361	0.01753	0.03049	0.01720	0.01933	0.00181	0.00121	0.00106	0.00037	0.01717	0.00095	0.00068	0.02376
2	0.02860	0.03451	0.02866	0.00362	0.02063	0.41690	0.36976	0.01874	0.00292	0.00335	0.00208	0.00260	0.00165	0.00130	0.02786	0.00038	0.00192	0.00100	0.01285	0.02066
3	0.96766	0.00223	0.00169	0.00151	0.00223	0.00258	0.00125	0.00338	0.00196	0.00517	0.00160	0.00187	0.00125	0.00107	0.00071	0.00036	0.00089	0.00062	0.00071	0.00125
4	0.01556	0.01779	0.00233	0.00199	0.00245	0.01280	0.08565	0.06651	0.14673	0.00423	0.29234	0.09458	0.09695	0.01752	0.03439	0.00044	0.00094	0.03661	0.06894	0.00127
5	0.00159	0.00107	0.00136	0.00151	0.00161	0.00102	0.00101	0.00178	0.00217	0.02261	0.03390	0.58874	0.04347	0.22712	0.00247	0.00061	0.00078	0.03726	0.02900	0.00092
6	0.00171	0.00129	0.01695	0.00155	0.00185	0.00115	0.00120	0.00222	0.01898	0.02770	0.55563	0.11942	0.12425	0.02640	0.01801	0.00044	0.00070	0.07830	0.00117	0.00109
7	0.00306	0.02849	0.01948	0.05614	0.13427	0.01311	0.24481	0.14969	0.12015	0.08416	0.03999	0.01744	0.04978	0.00138	0.00124	0.00037	0.01391	0.00128	0.01960	0.00163
8	0.00170	0.00118	0.00153	0.00146	0.00173	0.00109	0.00108	0.00219	0.00310	0.03262	0.76638	0.08698	0.06515	0.02689	0.00148	0.00039	0.00058	0.00216	0.00123	0.00108

[dist]
# distance from previous block
# <min> <max>
4	26

[block]
# block no. 9 follows, 283 sequences, length 11
# corresponding to MSA columns:
# 1083-1093
name=unknown_J
#
# <colnr> <probs for GDERKNQSTAVLIFYWHMCP>
#	G	D	E	R	K	N	Q	S	T	A	V	L	I	F	Y	W	H	M	C	P
0	0.00153	0.00117	0.00141	0.00139	0.00170	0.00105	0.00105	0.00196	0.00293	0.00389	0.48693	0.05072	0.37429	0.00268	0.00138	0.00039	0.00060	0.06273	0.00117	0.00103
1	0.01336	0.00210	0.00339	0.09662	0.38497	0.00210	0.05408	0.00322	0.02182	0.07078	0.27755	0.02116	0.00471	0.00155	0.00122	0.00036	0.00111	0.02256	0.00086	0.01648
2	0.00230	0.00224	0.00378	0.77102	0.04400	0.01782	0.09029	0.00306	0.00236	0.00306	0.00206	0.00302	0.00157	0.00114	0.00121	0.00038	0.02087	0.00104	0.00053	0.02827
3	0.02672	0.09069	0.00354	0.12834	0.01185	0.00268	0.12754	0.26420	0.04596	0.07175	0.02160	0.13319	0.00299	0.00160	0.00117	0.00037	0.00121	0.01278	0.05029	0.00153
4	0.00291	0.00275	0.00432	0.18427	0.65245	0.05339	0.02159	0.02765	0.00269	0.03376	0.00222	0.00289	0.00179	0.00108	0.00114	0.00035	0.00143	0.00102	0.00060	0.00170
5	0.00310	0.00278	0.00361	0.22814	0.03853	0.08063	0.13158	0.19668	0.21287	0.03272	0.02470	0.01654	0.02016	0.00137	0.00119	0.00037	0.00137	0.00120	0.00087	0.00160
6	0.00253	0.00261	0.00427	0.09141	0.00416	0.00330	0.22015	0.00300	0.00203	0.00300	0.00175	0.00271	0.00157	0.00170	0.00298	0.00047	0.64944	0.00109	0.00052	0.00133
7	0.00186	0.00132	0.00161	0.00155	0.00172	0.00134	0.01309	0.01857	0.05147	0.01725	0.14928	0.02054	0.05316	0.53717	0.00393	0.00081	0.02017	0.10334	0.00089	0.00093
8	0.00218	0.00185	0.00260	0.00231	0.00242	0.00232	0.02890	0.00242	0.01907	0.01268	0.07430	0.03450	0.02296	0.11383	0.09248	0.12361	0.44109	0.00131	0.01809	0.00107
9	0.00343	0.11964	0.01115	0.01183	0.01222	0.21006	0.01423	0.15356	0.28875	0.05265	0.03646	0.01109	0.02069	0.00983	0.00116	0.00034	0.01270	0.00109	0.00092	0.02820
10	0.00155	0.00112	0.00143	0.00162	0.00175	0.00106	0.00113	0.02779	0.00239	0.00318	0.06665	0.68589	0.06284	0.05825	0.00171	0.00050	0.00073	0.07839	0.00106	0.00097

[dist]
# distance from previous block
# <min> <max>
2	39

[block]
# block no. 10 follows, 283 sequences, length 21
# corresponding to MSA columns:
# 1135-1155
name=unknown_K
#
# <colnr> <probs for GDERKNQSTAVLIFYWHMCP>
#	G	D	E	R	K	N	Q	S	T	A	V	L	I	F	Y	W	H	M	C	P
0	0.63056	0.04086	0.14835	0.00805	0.03892	0.03443	0.03721	0.02182	0.00224	0.01873	0.00183	0.00219	0.00142	0.00110	0.00085	0.00035	0.00114	0.00790	0.00068	0.00139
1	0.00268	0.00143	0.00185	0.00162	0.00208	0.00129	0.00126	0.00319	0.01846	0.28841	0.49537	0.02135	0.11578	0.02571	0.00141	0.00039	0.00071	0.01443	0.00127	0.00133
2	0.01792	0.39193	0.03352	0.04502	0.00360	0.02389	0.06694	0.23957	0.07392	0.04118	0.00234	0.00256	0.00184	0.00128	0.01067	0.00033	0.04022	0.00089	0.00076	0.00163
3	0.00176	0.00122	0.00151	0.00147	0.00178	0.00110	0.00110	0.00222	0.01560	0.05851	0.49430	0.14525	0.23570	0.00263	0.00137	0.00039	0.00062	0.03119	0.00119	0.00110
4	0.00146	0.00120	0.00130	0.00130	0.00165	0.00106	0.00097	0.00190	0.03622	0.00338	0.15565	0.07873	0.68524	0.00295	0.02143	0.00042	0.00065	0.00237	0.00109	0.00102
5	0.00158	0.00108	0.00141	0.01587	0.00178	0.00101	0.00109	0.00179	0.00227	0.03385	0.04074	0.70864	0.08231	0.05389	0.00178	0.03339	0.00072	0.01480	0.00104	0.00096
6	0.90498	0.00224	0.00178	0.00157	0.00229	0.00258	0.00129	0.02959	0.00211	0.04075	0.00175	0.00197	0.00133	0.00109	0.00074	0.00036	0.00090	0.00065	0.00075	0.00129
7	0.00261	0.01802	0.00220	0.01149	0.01450	0.29273	0.00155	0.01181	0.01407	0.02540	0.29875	0.15314	0.02690	0.01011	0.00127	0.00037	0.00112	0.05708	0.05569	0.00119
8	0.00427	0.03045	0.00334	0.00294	0.00354	0.93006	0.00222	0.00457	0.00324	0.00282	0.00178	0.00207	0.00148	0.00118	0.00103	0.00030	0.00205	0.00074	0.00059	0.00134
9	0.96766	0.00223	0.00169	0.00151	0.00223	0.00258	0.00125	0.00338	0.00196	0.00517	0.00160	0.00187	0.00125	0.00107	0.00071	0.00036	0.00089	0.00062	0.00071	0.00125
10	0.01340	0.00137	0.00174	0.01877	0.00196	0.02810	0.00125	0.01452	0.00196	0.01157	0.03415	0.03988	0.01143	0.28341	0.49529	0.03002	0.00810	0.00144	0.00069	0.00095
11	0.00152	0.00118	0.00131	0.00128	0.00164	0.00102	0.00097	0.00189	0.00281	0.02042	0.27763	0.02811	0.62781	0.00273	0.00136	0.00038	0.00059	0.01564	0.01068	0.00102
12	0.00197	0.00105	0.00155	0.00154	0.00155	0.00108	0.00104	0.00156	0.00153	0.00206	0.00213	0.00374	0.00215	0.05319	0.05686	0.84511	0.01975	0.00105	0.00052	0.00055
13	0.00151	0.00117	0.00133	0.00134	0.00165	0.00103	0.00099	0.00188	0.00939	0.01092	0.26381	0.12791	0.51558	0.01791	0.00144	0.00040	0.00061	0.02557	0.01456	0.00101
14	0.07483	0.00226	0.00276	0.01208	0.00298	0.00242	0.05638	0.31455	0.06622	0.14760	0.00324	0.00364	0.00247	0.00855	0.19093	0.00065	0.00150	0.01175	0.09363	0.00158
15	0.00273	0.00789	0.01610	0.07510	0.30353	0.00211	0.01503	0.02805	0.01693	0.07607	0.01820	0.00344	0.05086	0.00118	0.00109	0.00029	0.01190	0.01405	0.00074	0.35470
16	0.02601	0.02291	0.02156	0.02645	0.02449	0.01314	0.00207	0.03544	0.27069	0.08661	0.01222	0.05283	0.02446	0.00694	0.00649	0.00042	0.31546	0.00818	0.00086	0.04277
17	0.04306	0.01763	0.03052	0.02192	0.02453	0.06081	0.01319	0.08823	0.06975	0.06979	0.25072	0.03470	0.07700	0.00179	0.00118	0.00034	0.00095	0.04650	0.00940	0.13799
18	0.09616	0.05476	0.24221	0.01431	0.06784	0.03667	0.05046	0.08585	0.06024	0.08914	0.02162	0.02858	0.01383	0.00129	0.00114	0.00034	0.02581	0.00901	0.00077	0.09997
19	0.03603	0.09355	0.15366	0.01493	0.02462	0.04253	0.16783	0.05059	0.07244	0.09777	0.03082	0.03335	0.02930	0.01476	0.00757	0.00037	0.03526	0.01702	0.00078	0.07684
20	0.03695	0.11329	0.15775	0.02235	0.08657	0.03643	0.09053	0.09988	0.08036	0.08700	0.00851	0.04212	0.00997	0.00519	0.01655	0.00038	0.01265	0.03813	0.00079	0.05459

[dist]
# distance from previous block
# <min> <max>
5	59

[block]
# block no. 11 follows, 283 sequences, length 27
# corresponding to MSA columns:
# 1233-1253,1257-1261,1263
name=unknown_L
#
# <colnr> <probs for GDERKNQSTAVLIFYWHMCP>
#	G	D	E	R	K	N	Q	S	T	A	V	L	I	F	Y	W	H	M	C	P
0	0.00256	0.16327	0.16769	0.02956	0.04199	0.01679	0.01554	0.03478	0.02295	0.02825	0.02644	0.02959	0.05695	0.00148	0.02847	0.00033	0.01839	0.00781	0.00446	0.30269
1	0.00162	0.00123	0.00141	0.00136	0.00170	0.00110	0.00101	0.01544	0.01312	0.02018	0.31512	0.05477	0.48765	0.02984	0.00155	0.02055	0.00063	0.01568	0.00111	0.01494
2	0.05303	0.14000	0.05238	0.00730	0.01382	0.03570	0.01770	0.34233	0.08301	0.03891	0.00605	0.01933	0.00205	0.00124	0.00102	0.00031	0.00118	0.00094	0.00088	0.18280
3	0.02173	0.08373	0.07819	0.06178	0.05263	0.01294	0.03781	0.04886	0.03455	0.08152	0.06739	0.19335	0.02027	0.02418	0.01761	0.00040	0.01183	0.01585	0.00596	0.12943
4	0.05684	0.07595	0.27854	0.01694	0.00368	0.01893	0.01836	0.18121	0.07052	0.15071	0.02647	0.00326	0.01248	0.00146	0.01843	0.00038	0.02448	0.01651	0.00383	0.02105
5	0.00261	0.27291	0.10557	0.00218	0.00296	0.01035	0.02443	0.02400	0.26520	0.02555	0.09422	0.06000	0.07399	0.00172	0.01185	0.00036	0.00108	0.01305	0.00088	0.00708
6	0.00216	0.00199	0.00330	0.83173	0.02332	0.00244	0.00302	0.00290	0.00814	0.00885	0.00253	0.02096	0.02171	0.00141	0.01196	0.00041	0.01236	0.03896	0.00057	0.00127
7	0.01108	0.01257	0.41627	0.19109	0.03875	0.00242	0.01801	0.03453	0.03123	0.03749	0.00899	0.08952	0.01644	0.00887	0.00127	0.00039	0.02627	0.03729	0.01603	0.00150
8	0.00787	0.01108	0.18387	0.07183	0.01578	0.09929	0.02149	0.04446	0.06882	0.20082	0.21218	0.01546	0.03889	0.00159	0.00119	0.00036	0.00119	0.00132	0.00097	0.00153
9	0.00144	0.00119	0.00126	0.00127	0.00163	0.00103	0.00095	0.00181	0.01916	0.00330	0.09890	0.05800	0.75860	0.00287	0.00137	0.00039	0.00061	0.03495	0.01028	0.00100
10	0.02626	0.01588	0.00274	0.00212	0.00292	0.00220	0.01589	0.23116	0.05930	0.48785	0.03456	0.00396	0.02180	0.00147	0.00113	0.00035	0.00100	0.00724	0.08035	0.00180
11	0.00220	0.00206	0.00348	0.90877	0.00773	0.00255	0.02101	0.01217	0.00235	0.00302	0.01182	0.00324	0.00170	0.00119	0.00116	0.00038	0.00152	0.01183	0.00053	0.00129
12	0.00156	0.00115	0.00147	0.00153	0.00174	0.00108	0.00110	0.00204	0.03353	0.00379	0.44142	0.37643	0.09315	0.00298	0.01760	0.00043	0.00066	0.01613	0.00116	0.00104
13	0.02005	0.00204	0.00296	0.45663	0.02536	0.00229	0.00858	0.08311	0.03842	0.19321	0.02696	0.00352	0.00231	0.00138	0.01203	0.00038	0.01278	0.00109	0.10541	0.00148
14	0.13407	0.00444	0.02774	0.02073	0.01760	0.63136	0.00969	0.02402	0.01363	0.05165	0.01577	0.00977	0.01830	0.00125	0.00102	0.00032	0.00172	0.00085	0.01470	0.00137
15	0.00238	0.00133	0.00147	0.00135	0.00172	0.00130	0.00104	0.07541	0.00286	0.07592	0.15494	0.03270	0.08318	0.00171	0.00101	0.00031	0.00063	0.00141	0.55814	0.00120
16	0.00151	0.00119	0.00132	0.00130	0.00165	0.00104	0.00097	0.00190	0.01721	0.01716	0.22837	0.07866	0.62757	0.00280	0.00136	0.00039	0.00060	0.01285	0.00112	0.00102
17	0.00986	0.00218	0.04094	0.16755	0.12077	0.03273	0.05578	0.04838	0.06333	0.02807	0.12414	0.20809	0.02600	0.00195	0.00135	0.00039	0.03704	0.01548	0.01460	0.00135
18	0.03767	0.00176	0.00220	0.00184	0.00248	0.00163	0.00146	0.05845	0.03495	0.49532	0.11826	0.10564	0.08148	0.00187	0.00120	0.00037	0.00085	0.00157	0.04942	0.00159
19	0.00147	0.00103	0.00137	0.00162	0.00171	0.00097	0.00110	0.00169	0.00225	0.01218	0.02605	0.86863	0.01600	0.01586	0.00153	0.00047	0.00069	0.04336	0.00107	0.00095
20	0.04689	0.05365	0.00274	0.03917	0.00296	0.02639	0.01046	0.13249	0.00862	0.44550	0.19431	0.00458	0.01879	0.00158	0.00116	0.00035	0.00099	0.00651	0.00120	0.00166
21	0.01770	0.05543	0.17798	0.13022	0.10276	0.04439	0.05556	0.05473	0.05357	0.16420	0.01201	0.03354	0.02798	0.00141	0.00131	0.01307	0.04774	0.00403	0.00079	0.00159
22	0.03163	0.00256	0.04324	0.07936	0.02329	0.09072	0.08054	0.04492	0.00547	0.09178	0.03840	0.01517	0.00244	0.01911	0.11894	0.00729	0.23538	0.00659	0.06182	0.00135
23	0.21365	0.03361	0.02397	0.07879	0.17153	0.05371	0.02158	0.04906	0.00772	0.00369	0.00236	0.01145	0.00218	0.17175	0.01678	0.02174	0.07896	0.00792	0.02826	0.00129
24	0.02196	0.00139	0.00591	0.00176	0.01844	0.01417	0.00809	0.00233	0.03175	0.02613	0.27421	0.15595	0.18482	0.01216	0.00152	0.01869	0.01511	0.18492	0.01961	0.00109
25	0.02136	0.00192	0.02076	0.17282	0.02326	0.00569	0.03628	0.05833	0.01028	0.02207	0.02366	0.12991	0.01522	0.01231	0.03329	0.00043	0.01081	0.18734	0.00844	0.20582
26	0.00146	0.00110	0.00132	0.00141	0.00164	0.00099	0.00101	0.00178	0.00260	0.00341	0.22734	0.38420	0.33711	0.00304	0.00140	0.00041	0.00061	0.01170	0.01648	0.00099

[dist]
# distance from previous block
# <min> <max>
0	1

[block]
# block no. 12 follows, 283 sequences, length 16
# corresponding to MSA columns:
# 1266-1281
name=unknown_M
#
# <colnr> <probs for GDERKNQSTAVLIFYWHMCP>
#	G	D	E	R	K	N	Q	S	T	A	V	L	I	F	Y	W	H	M	C	P
0	0.00289	0.20434	0.02458	0.00220	0.00283	0.03952	0.01702	0.17687	0.16164	0.02157	0.00290	0.00363	0.00248	0.09588	0.18172	0.02380	0.03282	0.00108	0.00079	0.00144
1	0.01719	0.44896	0.26719	0.01325	0.00354	0.01169	0.01706	0.00347	0.00241	0.04496	0.00211	0.01648	0.00926	0.00120	0.01601	0.00031	0.00134	0.00079	0.00058	0.12220
2	0.01242	0.14314	0.13377	0.01278	0.01590	0.02248	0.02324	0.05794	0.39888	0.09059	0.03711	0.01313	0.00289	0.00138	0.00109	0.00035	0.00114	0.00112	0.00094	0.02970
3	0.01109	0.00236	0.00262	0.02591	0.00836	0.03078	0.00186	0.35274	0.12384	0.05874	0.06424	0.05373	0.06171	0.00196	0.00128	0.00039	0.01169	0.16040	0.00677	0.01954
4	0.00157	0.00120	0.00139	0.00138	0.00170	0.00108	0.00102	0.00202	0.03260	0.02114	0.30860	0.16984	0.44672	0.00278	0.00137	0.00039	0.00060	0.00240	0.00114	0.00105
5	0.00223	0.00959	0.04647	0.05997	0.00281	0.02703	0.02549	0.03431	0.06849	0.06330	0.12821	0.20753	0.05523	0.00255	0.01907	0.00700	0.04224	0.18257	0.01467	0.00124
6	0.00265	0.03112	0.10900	0.11276	0.06847	0.04020	0.01682	0.04539	0.03229	0.11758	0.01275	0.03773	0.00257	0.02229	0.29202	0.00083	0.04414	0.00118	0.00881	0.00140
7	0.11131	0.00175	0.00206	0.00174	0.00236	0.00168	0.00138	0.02249	0.07767	0.40912	0.09349	0.05046	0.07961	0.01950	0.00120	0.00037	0.00083	0.00140	0.12005	0.00153
8	0.00170	0.00124	0.00180	0.00179	0.00199	0.00141	0.00137	0.00206	0.00190	0.01507	0.02045	0.03255	0.01449	0.08013	0.79415	0.01283	0.01208	0.00135	0.00066	0.00101
9	0.00925	0.13525	0.55144	0.02666	0.01836	0.02660	0.03213	0.07803	0.01023	0.02677	0.00217	0.00905	0.00164	0.00120	0.00120	0.00893	0.04051	0.00089	0.01806	0.00163
10	0.01139	0.03502	0.10718	0.01947	0.03785	0.00908	0.00812	0.05452	0.02686	0.43101	0.05099	0.04204	0.05088	0.00944	0.00148	0.07957	0.00107	0.01523	0.00722	0.00160
11	0.00428	0.00278	0.00311	0.00241	0.00328	0.00295	0.00198	0.64732	0.02678	0.19823	0.03140	0.00324	0.00245	0.00145	0.00120	0.01519	0.00115	0.00109	0.01983	0.02988
12	0.00198	0.00157	0.03958	0.01071	0.01990	0.00140	0.03676	0.02772	0.04223	0.06111	0.15086	0.40166	0.08431	0.02265	0.00148	0.00044	0.00578	0.07588	0.01282	0.00117
13	0.01819	0.12461	0.25844	0.06879	0.14458	0.04317	0.09575	0.03310	0.01748	0.05550	0.01665	0.01550	0.02281	0.00120	0.00114	0.00034	0.02184	0.00101	0.00522	0.05468
14	0.00707	0.00642	0.02721	0.02440	0.00274	0.02426	0.08414	0.01230	0.01152	0.06978	0.04045	0.16570	0.03502	0.04892	0.24208	0.00858	0.11754	0.05391	0.01032	0.00765
15	0.10382	0.15337	0.19194	0.01016	0.01856	0.05141	0.15573	0.11596	0.01292	0.05258	0.02765	0.01791	0.00210	0.02208	0.00117	0.00035	0.00677	0.00620	0.00821	0.04110

[dist]
# distance from previous block
# <min> <max>
2	27

[block]
# block no. 13 follows, 283 sequences, length 10
# corresponding to MSA columns:
# 1309-1318
name=unknown_N
#
# <colnr> <probs for GDERKNQSTAVLIFYWHMCP>
#	G	D	E	R	K	N	Q	S	T	A	V	L	I	F	Y	W	H	M	C	P
0	0.03232	0.27862	0.24428	0.01669	0.00358	0.02005	0.07833	0.05490	0.00934	0.04443	0.04362	0.02605	0.03315	0.03113	0.01534	0.00038	0.04010	0.00852	0.01769	0.00148
1	0.03674	0.01498	0.03144	0.04066	0.02168	0.00151	0.02819	0.03414	0.00950	0.00329	0.02949	0.33866	0.12355	0.03972	0.10536	0.01277	0.01169	0.11464	0.00091	0.00109
2	0.04485	0.04019	0.00190	0.01113	0.00208	0.00143	0.03649	0.02294	0.04415	0.00332	0.05822	0.60625	0.04604	0.02651	0.03103	0.00049	0.00086	0.02005	0.00100	0.00107
3	0.16518	0.03502	0.06491	0.09424	0.21241	0.03103	0.12107	0.08210	0.02475	0.04318	0.02067	0.04181	0.01072	0.00944	0.01482	0.00039	0.02488	0.00111	0.00072	0.00153
4	0.20573	0.06177	0.05847	0.02486	0.01259	0.04326	0.05452	0.04413	0.01409	0.08115	0.03091	0.02460	0.00212	0.00840	0.00101	0.00030	0.01064	0.00090	0.00076	0.31981
5	0.01293	0.21539	0.42341	0.04556	0.03320	0.02124	0.05320	0.06103	0.00266	0.04491	0.02043	0.03718	0.00199	0.00121	0.00105	0.00034	0.00146	0.00097	0.00062	0.02120
