[name]
unknown

[dist]
# distance from previous block
# <min> <max>
0	62

[block]
# block no. 0 follows, 277 sequences, length 6
# corresponding to MSA columns:
# 786-791
name=unknown_A
#
# <colnr> <probs for GDERKNQSTAVLIFYWHMCP>
#	G	D	E	R	K	N	Q	S	T	A	V	L	I	F	Y	W	H	M	C	P
0	0.00234	0.00196	0.00249	0.00230	0.08201	0.00161	0.00170	0.00288	0.00252	0.00375	0.00314	0.00520	0.00301	0.00148	0.00108	0.00028	0.00097	0.23801	0.00078	0.64246
1	0.00262	0.00215	0.00244	0.00257	0.10558	0.02563	0.00179	0.02526	0.45565	0.00449	0.06032	0.00548	0.05932	0.00174	0.00118	0.00038	0.00092	0.07411	0.16680	0.00156
2	0.00190	0.00125	0.00161	0.00154	0.00186	0.00116	0.00115	0.00235	0.00297	0.08574	0.51565	0.11950	0.16886	0.00313	0.08547	0.00052	0.00084	0.00217	0.00119	0.00114
3	0.10733	0.02670	0.02706	0.00237	0.00318	0.05922	0.02241	0.23887	0.15545	0.14623	0.00332	0.00384	0.00258	0.00147	0.00117	0.00036	0.01869	0.07379	0.00102	0.10493
4	0.00194	0.00145	0.00187	0.08388	0.00248	0.00145	0.00142	0.08563	0.00316	0.00433	0.48744	0.11671	0.08099	0.02457	0.00147	0.00041	0.00078	0.07477	0.02408	0.00117
5	0.05478	0.27081	0.16545	0.11446	0.13839	0.06427	0.04287	0.01609	0.01687	0.01665	0.01481	0.03315	0.00198	0.00131	0.01652	0.00036	0.00145	0.00096	0.00061	0.02821

[dist]
# distance from previous block
# <min> <max>
12	23

[block]
# block no. 1 follows, 277 sequences, length 19
# corresponding to MSA columns:
# 845-852,854-856,865-872
name=unknown_B
#
# <colnr> <probs for GDERKNQSTAVLIFYWHMCP>
#	G	D	E	R	K	N	Q	S	T	A	V	L	I	F	Y	W	H	M	C	P
0	0.00284	0.26482	0.13004	0.02485	0.09009	0.01541	0.07348	0.03736	0.18676	0.02621	0.01079	0.01608	0.01941	0.08301	0.00149	0.00041	0.00130	0.00111	0.00074	0.01378
1	0.00272	0.23333	0.57248	0.00985	0.04622	0.01859	0.04305	0.01295	0.00884	0.02998	0.00210	0.00244	0.00158	0.00111	0.00107	0.00034	0.01025	0.00085	0.00055	0.00168
2	0.01107	0.02516	0.83860	0.01246	0.02155	0.00276	0.02148	0.02202	0.00256	0.02861	0.00218	0.00254	0.00155	0.00113	0.00111	0.00037	0.00169	0.00089	0.00054	0.00173
3	0.00171	0.00114	0.00128	0.00128	0.00128	0.00114	0.00071	0.00171	0.00171	0.00228	0.00370	0.00769	0.00427	0.95871	0.00598	0.00114	0.00114	0.00171	0.00071	0.00071
4	0.00310	0.57410	0.17158	0.03102	0.00378	0.04542	0.06660	0.02915	0.01620	0.03532	0.00202	0.00239	0.00168	0.00110	0.00093	0.00030	0.00142	0.01177	0.00058	0.00157
5	0.00947	0.16599	0.57618	0.00854	0.03503	0.02044	0.06770	0.01104	0.00818	0.02719	0.00808	0.01172	0.00755	0.00118	0.00118	0.00036	0.03703	0.00093	0.00056	0.00166
6	0.00145	0.00103	0.00137	0.00162	0.00169	0.00096	0.00108	0.00165	0.00226	0.00302	0.03141	0.90436	0.00775	0.03223	0.00163	0.00049	0.00069	0.00326	0.00108	0.00095
7	0.02680	0.00113	0.00113	0.00113	0.00141	0.00114	0.00085	0.00273	0.00245	0.00436	0.00387	0.02432	0.00312	0.00144	0.00085	0.00028	0.00057	0.01545	0.90588	0.00110
8	0.00171	0.00114	0.00128	0.00128	0.00128	0.00114	0.00071	0.00171	0.00171	0.00228	0.00370	0.00769	0.00427	0.95871	0.00598	0.00114	0.00114	0.00171	0.00071	0.00071
9	0.00278	0.30224	0.49433	0.01407	0.02569	0.02578	0.06770	0.01878	0.00255	0.02314	0.00203	0.00239	0.00156	0.00110	0.00105	0.00034	0.01142	0.00084	0.00054	0.00165
10	0.00170	0.00117	0.00144	0.00144	0.00149	0.00122	0.00090	0.00181	0.00175	0.00239	0.00356	0.00690	0.00393	0.71638	0.24784	0.00133	0.00165	0.00159	0.00069	0.00080
11	0.96701	0.00227	0.00173	0.00154	0.00227	0.00264	0.00127	0.00345	0.00200	0.00527	0.00164	0.00191	0.00127	0.00109	0.00073	0.00036	0.00091	0.00064	0.00073	0.00127
12	0.00151	0.00153	0.08061	0.00158	0.00194	0.00113	0.00128	0.00188	0.00254	0.00328	0.08866	0.39736	0.40632	0.00306	0.00141	0.00043	0.00072	0.00267	0.00106	0.00105
13	0.00234	0.00566	0.87330	0.00316	0.00477	0.00259	0.00405	0.00364	0.00248	0.00378	0.00225	0.00264	0.00162	0.00114	0.00109	0.00036	0.00164	0.00089	0.08092	0.00168
14	0.00176	0.00119	0.00156	0.00167	0.00189	0.00106	0.00116	0.00202	0.00237	0.05675	0.03895	0.77475	0.00700	0.00323	0.00141	0.00044	0.00071	0.00291	0.00108	0.09810
15	0.00297	0.69283	0.19133	0.00230	0.00342	0.00413	0.00245	0.00378	0.08134	0.00313	0.00199	0.00221	0.00168	0.00108	0.00086	0.00029	0.00132	0.00073	0.00056	0.00158
16	0.01283	0.22443	0.60716	0.00293	0.02488	0.00299	0.00342	0.00347	0.00245	0.00348	0.02018	0.08212	0.00220	0.00133	0.00107	0.00035	0.00150	0.00104	0.00057	0.00160
17	0.00243	0.29497	0.01305	0.00195	0.00262	0.00240	0.08030	0.00291	0.00284	0.06287	0.33429	0.00597	0.14696	0.00184	0.00119	0.01028	0.00095	0.00153	0.00094	0.02969
18	0.00306	0.04355	0.06136	0.00235	0.00310	0.00277	0.00196	0.01549	0.69383	0.09579	0.03924	0.00442	0.02469	0.00158	0.00118	0.00039	0.00098	0.00131	0.00115	0.00180

[dist]
# distance from previous block
# <min> <max>
0	31

[block]
# block no. 2 follows, 277 sequences, length 8
# corresponding to MSA columns:
# 919-926
name=unknown_C
#
# <colnr> <probs for GDERKNQSTAVLIFYWHMCP>
#	G	D	E	R	K	N	Q	S	T	A	V	L	I	F	Y	W	H	M	C	P
0	0.03142	0.10729	0.24515	0.18520	0.01941	0.00248	0.01967	0.01749	0.02399	0.10814	0.11775	0.00377	0.03021	0.00135	0.00111	0.00035	0.00127	0.00111	0.00077	0.08205
1	0.01594	0.01451	0.02419	0.01304	0.05077	0.00162	0.01141	0.01285	0.08080	0.04322	0.22980	0.04499	0.19544	0.00192	0.00123	0.01042	0.00082	0.00161	0.00099	0.24441
2	0.00211	0.01402	0.11977	0.01243	0.01299	0.02936	0.14389	0.01277	0.08490	0.01363	0.11586	0.17071	0.23713	0.00223	0.00136	0.00040	0.01161	0.01257	0.00094	0.00131
3	0.00161	0.00117	0.00165	0.00173	0.00189	0.00125	0.00127	0.00192	0.00209	0.00291	0.06903	0.29086	0.02714	0.04688	0.50324	0.03958	0.00200	0.00198	0.00082	0.00099
4	0.06873	0.00265	0.00435	0.11469	0.74745	0.00272	0.00334	0.00360	0.00261	0.03555	0.00224	0.00290	0.00182	0.00108	0.00114	0.00036	0.00137	0.00102	0.00061	0.00176
5	0.00142	0.00118	0.00124	0.00124	0.00161	0.00100	0.00093	0.00175	0.00274	0.00335	0.12392	0.05365	0.79604	0.00294	0.00139	0.00040	0.00059	0.00248	0.00112	0.00100
6	0.00273	0.46345	0.49855	0.00271	0.00409	0.00365	0.00322	0.00362	0.00244	0.00326	0.00188	0.00219	0.00150	0.00106	0.00094	0.00031	0.00151	0.00075	0.00050	0.00163
7	0.00148	0.00118	0.00133	0.00133	0.00165	0.00103	0.00098	0.00185	0.00284	0.00365	0.31124	0.10747	0.55409	0.00286	0.00140	0.00040	0.00059	0.00245	0.00116	0.00103

[dist]
# distance from previous block
# <min> <max>
4	11

[block]
# block no. 3 follows, 277 sequences, length 21
# corresponding to MSA columns:
# 953-973
name=unknown_D
#
# <colnr> <probs for GDERKNQSTAVLIFYWHMCP>
#	G	D	E	R	K	N	Q	S	T	A	V	L	I	F	Y	W	H	M	C	P
0	0.00176	0.00132	0.00193	0.00191	0.00213	0.00154	0.00149	0.02078	0.00197	0.00285	0.00313	0.00454	0.00290	0.00844	0.90501	0.00181	0.01784	0.00125	0.01635	0.00107
1	0.00314	0.95942	0.00616	0.00201	0.00302	0.00465	0.00201	0.00352	0.00239	0.00276	0.00163	0.00188	0.00151	0.00101	0.00075	0.00025	0.00126	0.00063	0.00050	0.00151
2	0.00156	0.00112	0.00151	0.00177	0.00191	0.00107	0.00131	0.00186	0.00239	0.00315	0.00658	0.66131	0.03764	0.00354	0.00153	0.00049	0.00079	0.26840	0.00109	0.00099
3	0.00152	0.00115	0.00142	0.00167	0.00176	0.02712	0.00112	0.00173	0.00230	0.00302	0.01944	0.90494	0.02129	0.00358	0.00148	0.00047	0.00072	0.00324	0.00108	0.00097
4	0.00226	0.00116	0.00117	0.00115	0.00144	0.00117	0.00087	0.03223	0.00256	0.00447	0.00380	0.00433	0.00298	0.00137	0.00083	0.00028	0.00057	0.00109	0.93514	0.00112
5	0.01829	0.00133	0.01755	0.00162	0.00184	0.00123	0.00876	0.00199	0.01125	0.01497	0.07953	0.40973	0.12214	0.20182	0.00795	0.00059	0.02850	0.03000	0.00098	0.03992
6	0.00236	0.00608	0.95263	0.00335	0.00508	0.00273	0.00434	0.00372	0.00248	0.00372	0.00211	0.00248	0.00149	0.00112	0.00112	0.00037	0.00174	0.00087	0.00050	0.00174
7	0.96701	0.00227	0.00173	0.00154	0.00227	0.00264	0.00127	0.00345	0.00200	0.00527	0.00164	0.00191	0.00127	0.00109	0.00073	0.00036	0.00091	0.00064	0.00073	0.00127
8	0.00142	0.00112	0.00128	0.00141	0.00165	0.00098	0.00100	0.00168	0.00250	0.00312	0.02234	0.43557	0.50112	0.00329	0.00144	0.00043	0.00064	0.01694	0.00109	0.00098
9	0.02686	0.00211	0.00262	0.00210	0.00284	0.00206	0.01209	0.20034	0.04822	0.44934	0.20980	0.01190	0.00452	0.00166	0.00121	0.00036	0.00096	0.00137	0.01787	0.00175
10	0.00225	0.00850	0.00357	0.59585	0.02319	0.00838	0.11422	0.02229	0.01937	0.00327	0.00909	0.12978	0.00279	0.00161	0.00126	0.00041	0.00145	0.05073	0.00067	0.00131
11	0.26075	0.00243	0.00253	0.00210	0.00287	0.07168	0.00173	0.11089	0.00317	0.43005	0.00354	0.00399	0.00260	0.00150	0.00112	0.00038	0.01064	0.08525	0.00112	0.00167
12	0.00145	0.00104	0.00137	0.00162	0.00171	0.00097	0.00109	0.00167	0.00229	0.00305	0.03256	0.86697	0.04430	0.01733	0.00156	0.00048	0.00069	0.01780	0.00109	0.00096
13	0.01259	0.00302	0.00383	0.27202	0.14773	0.22183	0.14679	0.01351	0.00272	0.01279	0.00277	0.13305	0.00256	0.00151	0.00122	0.00038	0.00158	0.01166	0.00703	0.00141
14	0.00170	0.00136	0.01448	0.00147	0.00185	0.00120	0.00966	0.00230	0.05003	0.02238	0.45662	0.00935	0.40792	0.00254	0.00136	0.00038	0.00063	0.00218	0.01144	0.00113
15	0.00171	0.00115	0.00133	0.00133	0.00135	0.00117	0.00077	0.00174	0.00172	0.00231	0.00366	0.00744	0.00416	0.88073	0.08381	0.00120	0.00130	0.00167	0.00071	0.00074
16	0.01048	0.00201	0.01563	0.10305	0.16997	0.05379	0.08094	0.00268	0.02714	0.00335	0.01752	0.43827	0.02901	0.00239	0.00133	0.00042	0.00111	0.01573	0.02390	0.00127
17	0.44791	0.02270	0.15218	0.02636	0.04102	0.06991	0.14476	0.05459	0.01023	0.00456	0.00200	0.00244	0.00154	0.00113	0.00097	0.00036	0.00135	0.00766	0.00684	0.00147
18	0.03701	0.00272	0.04550	0.17126	0.46044	0.04428	0.04944	0.02320	0.01440	0.01478	0.01699	0.05148	0.03969	0.01130	0.00754	0.00039	0.00140	0.00594	0.00066	0.00159
19	0.05851	0.11999	0.11704	0.02193	0.03156	0.00795	0.11522	0.03063	0.06709	0.06504	0.02477	0.06452	0.18746	0.00188	0.00635	0.00039	0.00613	0.06207	0.01005	0.00143
20	0.00936	0.03426	0.19644	0.01297	0.25969	0.02477	0.03046	0.04457	0.07106	0.05202	0.01603	0.00935	0.00709	0.00115	0.00108	0.00032	0.00129	0.00098	0.00662	0.22049

[dist]
# distance from previous block
# <min> <max>
10	17

[block]
# block no. 4 follows, 277 sequences, length 25
# corresponding to MSA columns:
# 1082-1086,1088-1090,1107-1113,1115-1124
name=unknown_E
#
# <colnr> <probs for GDERKNQSTAVLIFYWHMCP>
#	G	D	E	R	K	N	Q	S	T	A	V	L	I	F	Y	W	H	M	C	P
0	0.00228	0.00281	0.13081	0.00327	0.00410	0.01326	0.38982	0.00882	0.01550	0.00813	0.02662	0.13434	0.16804	0.01257	0.00157	0.00042	0.06716	0.00176	0.00733	0.00138
1	0.00278	0.00292	0.08974	0.14147	0.25274	0.00936	0.12027	0.07464	0.20702	0.00423	0.06159	0.00369	0.01248	0.00132	0.00124	0.00038	0.01047	0.00121	0.00079	0.00168
2	0.00168	0.00122	0.00148	0.00160	0.00183	0.00115	0.00117	0.01908	0.02812	0.01549	0.08307	0.42206	0.21689	0.04511	0.00163	0.00047	0.00074	0.11793	0.03824	0.00104
3	0.00236	0.00614	0.01348	0.07385	0.04439	0.05143	0.03416	0.01635	0.24474	0.00832	0.09210	0.02226	0.22738	0.03430	0.02582	0.00046	0.09854	0.00161	0.00094	0.00138
4	0.00171	0.00130	0.00161	0.00151	0.00186	0.01110	0.02166	0.00218	0.00307	0.02477	0.55986	0.02925	0.30305	0.00255	0.00138	0.00038	0.00064	0.02214	0.00887	0.00110
5	0.00858	0.05121	0.04635	0.02921	0.25726	0.00288	0.02351	0.10988	0.20195	0.06870	0.02025	0.05078	0.00275	0.00153	0.00148	0.00039	0.10681	0.01392	0.00087	0.00170
6	0.01066	0.00323	0.22468	0.02618	0.13831	0.01606	0.04629	0.03781	0.01030	0.04644	0.01286	0.02359	0.00204	0.00112	0.00105	0.00029	0.00125	0.00785	0.00070	0.38930
7	0.00309	0.10127	0.48050	0.00809	0.01102	0.02278	0.02430	0.15714	0.02636	0.08676	0.00251	0.00778	0.00185	0.01847	0.00118	0.00036	0.00149	0.00095	0.00073	0.04337
8	0.00281	0.00235	0.00252	0.00226	0.00289	0.00267	0.00176	0.00571	0.80696	0.02098	0.10563	0.00482	0.00434	0.00166	0.00121	0.00039	0.00089	0.00140	0.01293	0.01582
9	0.02023	0.00830	0.04179	0.00691	0.09542	0.00938	0.09866	0.15765	0.03669	0.42380	0.00959	0.05225	0.00283	0.00156	0.01030	0.00039	0.00123	0.02006	0.00113	0.00182
10	0.02220	0.04494	0.07849	0.11340	0.17581	0.04007	0.26366	0.06288	0.01857	0.06201	0.00954	0.05848	0.01619	0.00133	0.00122	0.00037	0.00151	0.01094	0.00480	0.01361
11	0.01038	0.00123	0.00141	0.00136	0.00170	0.00110	0.00102	0.00204	0.01908	0.00398	0.47747	0.02164	0.44804	0.00266	0.00138	0.00038	0.00058	0.00228	0.00119	0.00107
12	0.00222	0.00209	0.00352	0.95589	0.00809	0.00261	0.00326	0.00300	0.00235	0.00300	0.00209	0.00313	0.00157	0.00117	0.00117	0.00039	0.00157	0.00104	0.00052	0.00131
13	0.01664	0.00216	0.01066	0.00854	0.00290	0.00167	0.01410	0.02393	0.00252	0.02455	0.00216	0.00249	0.00176	0.00090	0.00089	0.00019	0.00091	0.00073	0.00072	0.88158
14	0.00178	0.00146	0.02250	0.00181	0.00196	0.00158	0.00136	0.00204	0.00194	0.00271	0.02671	0.09308	0.04541	0.30862	0.36228	0.00122	0.12022	0.00163	0.00072	0.00098
15	0.01455	0.00144	0.00182	0.00160	0.00204	0.00132	0.00122	0.00318	0.01685	0.26807	0.42536	0.02184	0.07649	0.11596	0.00184	0.00046	0.00076	0.00178	0.04209	0.00131
16	0.00272	0.00165	0.00208	0.00179	0.00227	0.00160	0.00697	0.13067	0.01728	0.17425	0.56386	0.01690	0.01818	0.01287	0.01229	0.00039	0.00079	0.01335	0.01867	0.00139
17	0.29453	0.00196	0.00211	0.00175	0.00246	0.00199	0.00142	0.05754	0.01604	0.39024	0.01124	0.00343	0.00246	0.00133	0.00097	0.00034	0.00089	0.00100	0.20671	0.00158
18	0.02017	0.00199	0.00268	0.00207	0.00295	0.00175	0.00170	0.01727	0.00336	0.89639	0.02144	0.00404	0.00302	0.00146	0.00117	0.00036	0.00099	0.00119	0.01404	0.00196
19	0.00159	0.00122	0.00145	0.00140	0.00172	0.00110	0.00105	0.00210	0.02259	0.00413	0.57773	0.02751	0.34690	0.00261	0.00138	0.00038	0.00058	0.00226	0.00122	0.00108
20	0.00144	0.00103	0.00137	0.00163	0.00171	0.00096	0.00110	0.00165	0.00227	0.00301	0.00659	0.92102	0.02861	0.00366	0.00150	0.00048	0.00069	0.01924	0.00109	0.00096
21	0.00224	0.00211	0.00356	0.93158	0.03226	0.00261	0.00327	0.00302	0.00236	0.00302	0.00209	0.00313	0.00157	0.00117	0.00117	0.00039	0.00156	0.00104	0.00052	0.00132
22	0.19655	0.10770	0.01607	0.00260	0.00328	0.63013	0.00205	0.00424	0.00293	0.00336	0.00185	0.02066	0.00159	0.00121	0.00097	0.00031	0.00175	0.00077	0.00063	0.00136
23	0.00157	0.00120	0.00137	0.00135	0.00169	0.00105	0.00101	0.00195	0.00286	0.02211	0.30304	0.06267	0.55575	0.01175	0.00144	0.00040	0.00061	0.02598	0.00116	0.00105
24	0.00298	0.00283	0.04813	0.02028	0.27790	0.02435	0.02960	0.05558	0.43979	0.02188	0.02174	0.00380	0.00688	0.00146	0.00817	0.00039	0.02432	0.00721	0.00093	0.00179

[dist]
# distance from previous block
# <min> <max>
0	1

[block]
# block no. 5 follows, 277 sequences, length 39
# corresponding to MSA columns:
# 1181-1183,1185-1187,1218-1229,1250-1269,1273
name=unknown_F
#
# <colnr> <probs for GDERKNQSTAVLIFYWHMCP>
#	G	D	E	R	K	N	Q	S	T	A	V	L	I	F	Y	W	H	M	C	P
0	0.00169	0.00115	0.00134	0.00138	0.00141	0.00114	0.00084	0.00176	0.00185	0.00245	0.00426	0.09814	0.01667	0.78241	0.00516	0.00102	0.00108	0.07469	0.00078	0.00077
1	0.00309	0.26776	0.00368	0.00232	0.00308	0.04325	0.00193	0.03077	0.62192	0.00430	0.00373	0.00355	0.00288	0.00141	0.00107	0.00035	0.00108	0.00110	0.00098	0.00174
2	0.02391	0.02325	0.14513	0.01383	0.22233	0.00259	0.30012	0.01448	0.00693	0.05232	0.00238	0.00755	0.00184	0.00105	0.00116	0.00034	0.00149	0.00107	0.00765	0.17057
3	0.01083	0.19212	0.27729	0.08149	0.02522	0.00939	0.03104	0.03089	0.03436	0.22994	0.00613	0.01044	0.01523	0.02849	0.00125	0.00037	0.01203	0.00102	0.00080	0.00167
4	0.00729	0.00258	0.00331	0.47011	0.01549	0.06367	0.00652	0.24208	0.03893	0.05618	0.04503	0.00358	0.01233	0.00138	0.00120	0.00038	0.00782	0.01627	0.00431	0.00153
5	0.00169	0.00127	0.00189	0.00192	0.01244	0.00146	0.00146	0.00210	0.00190	0.00274	0.00321	0.01932	0.00304	0.03561	0.89538	0.00182	0.00301	0.00130	0.00739	0.00105
6	0.00912	0.30651	0.11451	0.00755	0.12723	0.19740	0.05614	0.01300	0.02122	0.12648	0.00234	0.00263	0.00183	0.00116	0.00102	0.00032	0.00151	0.00771	0.00069	0.00162
7	0.00442	0.00335	0.00351	0.01011	0.00367	0.03698	0.00224	0.89102	0.01259	0.00715	0.00278	0.00281	0.00199	0.00141	0.00120	0.00035	0.01026	0.00105	0.00114	0.00196
8	0.00167	0.00113	0.00129	0.00132	0.00133	0.00112	0.00076	0.00170	0.00178	0.00237	0.00411	0.11031	0.01754	0.84261	0.00543	0.00106	0.00108	0.00190	0.00076	0.00074
9	0.00140	0.00119	0.00121	0.00121	0.00161	0.00100	0.00092	0.00170	0.00267	0.00318	0.01173	0.02099	0.92201	0.00299	0.00139	0.00040	0.00061	0.02171	0.00109	0.00099
10	0.01753	0.55652	0.19959	0.00240	0.01851	0.00373	0.00247	0.03984	0.00831	0.13803	0.00223	0.00237	0.00174	0.00111	0.00091	0.00030	0.00131	0.00078	0.00067	0.00165
11	0.00143	0.00102	0.00136	0.00164	0.00170	0.00095	0.00109	0.00164	0.00225	0.00300	0.00648	0.95795	0.00777	0.00368	0.00150	0.00048	0.00068	0.00334	0.00109	0.00095
12	0.00277	0.00317	0.00693	0.00495	0.00614	0.00297	0.94712	0.00376	0.00277	0.00376	0.00238	0.00317	0.00178	0.00099	0.00139	0.00040	0.00198	0.00139	0.00059	0.00158
13	0.00291	0.68439	0.27920	0.00240	0.00361	0.00409	0.00268	0.00358	0.00241	0.00304	0.00177	0.00206	0.00150	0.00104	0.00086	0.00029	0.00139	0.00070	0.00050	0.00157
14	0.00287	0.00276	0.00472	0.04156	0.89779	0.00277	0.01374	0.00357	0.00266	0.00380	0.00225	0.00302	0.00190	0.00107	0.00117	0.00035	0.00141	0.01017	0.00058	0.00183
15	0.00143	0.00102	0.00136	0.00164	0.00170	0.00095	0.00109	0.00164	0.00225	0.00300	0.00648	0.95795	0.00777	0.00368	0.00150	0.00048	0.00068	0.00334	0.00109	0.00095
16	0.00257	0.00257	0.00360	0.00308	0.00308	0.00360	0.00257	0.00283	0.00180	0.00283	0.00154	0.00257	0.00154	0.00206	0.00386	0.00051	0.95656	0.00103	0.00051	0.00129
17	0.00292	0.00317	0.01417	0.01471	0.00551	0.05290	0.72889	0.01928	0.01338	0.03649	0.00252	0.00984	0.00710	0.00117	0.00153	0.00040	0.07124	0.01257	0.00065	0.00156
18	0.02543	0.00549	0.00329	0.00299	0.00359	0.92143	0.00224	0.00468	0.01499	0.00295	0.00185	0.00214	0.00153	0.00121	0.00105	0.00031	0.00208	0.00076	0.00062	0.00137
19	0.00142	0.00112	0.00128	0.00139	0.00164	0.00098	0.00099	0.00169	0.00252	0.00316	0.04961	0.41383	0.50971	0.00325	0.00144	0.00043	0.00063	0.00283	0.00110	0.00098
20	0.06918	0.00136	0.00149	0.00135	0.00179	0.00133	0.00105	0.00338	0.00261	0.20375	0.00394	0.03692	0.00303	0.00145	0.00091	0.00031	0.00067	0.00116	0.66303	0.00129
21	0.00225	0.00213	0.00366	0.91114	0.02001	0.00262	0.03572	0.00304	0.00237	0.00304	0.00210	0.00313	0.00158	0.00117	0.00118	0.00039	0.00158	0.00106	0.00053	0.00132
22	0.01957	0.00281	0.00477	0.22728	0.46079	0.04622	0.19670	0.00354	0.00264	0.00914	0.00222	0.00303	0.00178	0.00110	0.00122	0.00037	0.00778	0.00683	0.00058	0.00163
23	0.00232	0.00209	0.00350	0.92309	0.00792	0.00258	0.00321	0.00310	0.00238	0.03564	0.00218	0.00316	0.00161	0.00118	0.00117	0.00039	0.00155	0.00105	0.00055	0.00133
24	0.00343	0.00264	0.00301	0.00255	0.01501	0.00292	0.03766	0.24818	0.53373	0.08002	0.04874	0.00414	0.00945	0.00155	0.00121	0.00038	0.00105	0.00129	0.00118	0.00185
25	0.00148	0.00107	0.00143	0.00173	0.02245	0.00100	0.00112	0.00168	0.00224	0.00299	0.00640	0.86029	0.03592	0.05206	0.00172	0.00051	0.00072	0.00318	0.00106	0.00096
26	0.00174	0.00121	0.00159	0.00149	0.00178	0.00112	0.00112	0.00229	0.00331	0.02459	0.91347	0.01811	0.01081	0.00239	0.00138	0.00037	0.00056	0.00211	0.00944	0.00113
27	0.00510	0.00227	0.00289	0.00222	0.00313	0.00213	0.00183	0.20182	0.00381	0.75547	0.00426	0.00375	0.00272	0.00144	0.00118	0.00036	0.00106	0.00116	0.00140	0.00200
28	0.00143	0.00120	0.00124	0.00126	0.00165	0.00102	0.00096	0.00174	0.00269	0.00322	0.02645	0.01939	0.86601	0.00299	0.00140	0.00041	0.00063	0.06422	0.00109	0.00100
29	0.96701	0.00227	0.00173	0.00154	0.00227	0.00264	0.00127	0.00345	0.00200	0.00527	0.00164	0.00191	0.00127	0.00109	0.00073	0.00036	0.00091	0.00064	0.00073	0.00127
30	0.00292	0.00248	0.00263	0.00236	0.00302	0.00286	0.00184	0.01255	0.90416	0.01466	0.02397	0.00453	0.01351	0.00162	0.00120	0.00040	0.00092	0.00135	0.00120	0.00184
31	0.00257	0.00257	0.00360	0.00308	0.00308	0.00360	0.00257	0.00283	0.00180	0.00283	0.00154	0.00257	0.00154	0.00206	0.00386	0.00051	0.95656	0.00103	0.00051	0.00129
32	0.00316	0.94551	0.00611	0.00202	0.00302	0.01849	0.00201	0.00353	0.00240	0.00277	0.00164	0.00189	0.00151	0.00101	0.00076	0.00025	0.00127	0.00063	0.00050	0.00151
33	0.00145	0.00103	0.00138	0.00164	0.00171	0.00097	0.00110	0.00166	0.00224	0.00299	0.00635	0.91029	0.00759	0.02039	0.02330	0.00052	0.00075	0.01262	0.00107	0.00095
34	0.01039	0.88610	0.00592	0.00205	0.00304	0.01695	0.00201	0.03701	0.00253	0.02267	0.00174	0.00196	0.00155	0.00103	0.00078	0.00026	0.00126	0.00066	0.00055	0.00153
35	0.00297	0.00257	0.00290	0.01401	0.07978	0.00293	0.00882	0.04098	0.81977	0.00489	0.00445	0.00418	0.00335	0.00153	0.00119	0.00039	0.00100	0.00129	0.00113	0.00186
36	0.00145	0.00115	0.00130	0.00135	0.00164	0.00100	0.00098	0.00177	0.00266	0.00339	0.16079	0.26535	0.53572	0.00305	0.00141	0.00041	0.00061	0.00264	0.01233	0.00100
37	0.00305	0.00757	0.12249	0.04243	0.25777	0.00742	0.27802	0.16030	0.05606	0.01899	0.00890	0.00307	0.00199	0.00117	0.00125	0.00037	0.01243	0.00115	0.01384	0.00174
38	0.75656	0.00231	0.01931	0.00167	0.00247	0.00247	0.00668	0.01003	0.00756	0.08165	0.00196	0.00217	0.00148	0.00110	0.00079	0.00034	0.00094	0.00070	0.00078	0.09901

[dist]
# distance from previous block
# <min> <max>
0	2

[block]
# block no. 6 follows, 277 sequences, length 19
# corresponding to MSA columns:
# 1276,1289-1291,1315-1317,1319-1322,1324-1331
name=unknown_G
#
# <colnr> <probs for GDERKNQSTAVLIFYWHMCP>
#	G	D	E	R	K	N	Q	S	T	A	V	L	I	F	Y	W	H	M	C	P
0	0.00171	0.00114	0.00130	0.00130	0.00130	0.00115	0.00073	0.00172	0.00171	0.00229	0.00369	0.00760	0.00423	0.93215	0.03249	0.00116	0.00120	0.00170	0.00071	0.00072
1	0.00281	0.00236	0.01276	0.07439	0.01979	0.00263	0.00193	0.11497	0.53115	0.01595	0.07433	0.02304	0.04106	0.01619	0.04678	0.00047	0.01524	0.00140	0.00108	0.00166
2	0.00168	0.00125	0.00185	0.00185	0.00204	0.00145	0.00142	0.00207	0.00188	0.00270	0.00318	0.00482	0.00303	0.07229	0.89070	0.00184	0.00301	0.00129	0.00063	0.00103
3	0.00278	0.14244	0.44982	0.02112	0.04171	0.04282	0.02895	0.04348	0.19642	0.00393	0.00266	0.00296	0.00203	0.00123	0.00110	0.00036	0.00148	0.01231	0.00069	0.00171
4	0.00514	0.00199	0.00269	0.00207	0.00296	0.00173	0.00171	0.01970	0.00338	0.90506	0.01847	0.00406	0.00302	0.00147	0.00118	0.00036	0.00099	0.00119	0.02088	0.00197
5	0.00236	0.02273	0.03894	0.11237	0.24936	0.00213	0.08051	0.00283	0.00258	0.00357	0.01239	0.39975	0.01256	0.00235	0.00146	0.00045	0.02061	0.00210	0.02204	0.00892
6	0.00293	0.02111	0.04975	0.08027	0.04968	0.01070	0.01876	0.03187	0.01607	0.14019	0.01329	0.01787	0.00212	0.00110	0.00100	0.00026	0.00106	0.00091	0.00080	0.54025
7	0.00245	0.00211	0.00252	0.01581	0.00292	0.00162	0.01514	0.00302	0.01782	0.00383	0.00214	0.00249	0.00177	0.00089	0.00089	0.00018	0.00090	0.00072	0.00070	0.92210
8	0.06866	0.04465	0.18964	0.01587	0.24139	0.03233	0.04959	0.20696	0.05013	0.07036	0.00257	0.00886	0.00194	0.00121	0.00112	0.00036	0.00139	0.00101	0.00079	0.01115
9	0.00294	0.43742	0.26948	0.00308	0.04805	0.02684	0.12968	0.03708	0.00261	0.01054	0.00198	0.00235	0.00160	0.00107	0.00102	0.00032	0.01362	0.00085	0.00787	0.00161
10	0.00140	0.00118	0.00120	0.00121	0.00158	0.00099	0.00089	0.00168	0.00263	0.00314	0.01146	0.04519	0.88881	0.03150	0.00153	0.00042	0.00061	0.00249	0.00108	0.00098
11	0.01401	0.00313	0.05663	0.09754	0.50988	0.10612	0.02606	0.07891	0.00974	0.00397	0.03251	0.00797	0.00820	0.00607	0.00120	0.00036	0.00978	0.00107	0.02517	0.00168
12	0.00171	0.00114	0.00128	0.00128	0.00128	0.00114	0.00071	0.00171	0.00171	0.00228	0.00370	0.00769	0.00427	0.95871	0.00598	0.00114	0.00114	0.00171	0.00071	0.00071
13	0.00252	0.00194	0.00292	0.07928	0.28655	0.00192	0.02015	0.00326	0.05730	0.09963	0.29993	0.01713	0.09787	0.00179	0.00127	0.00037	0.00099	0.00928	0.01443	0.00148
14	0.00265	0.00210	0.00246	0.00178	0.00280	0.00161	0.00143	0.02426	0.00257	0.06724	0.00243	0.00269	0.01657	0.00095	0.00091	0.00019	0.00088	0.00076	0.00076	0.86495
15	0.00143	0.00102	0.00136	0.00164	0.00170	0.00095	0.00109	0.00164	0.00225	0.00300	0.00648	0.95795	0.00777	0.00368	0.00150	0.00048	0.00068	0.00334	0.00109	0.00095
16	0.04026	0.00506	0.00337	0.00325	0.07553	0.77796	0.00232	0.04490	0.00332	0.03079	0.00196	0.00226	0.00159	0.00121	0.00106	0.00031	0.00195	0.00080	0.00066	0.00144
17	0.00946	0.00988	0.02639	0.02719	0.18107	0.00288	0.65999	0.00988	0.01411	0.00377	0.00248	0.02741	0.00200	0.00111	0.00135	0.00039	0.00918	0.00923	0.00062	0.00161
18	0.00305	0.07158	0.08966	0.00859	0.04797	0.01720	0.03283	0.10315	0.49939	0.03326	0.03552	0.00899	0.00314	0.00147	0.00116	0.00037	0.00113	0.01183	0.00101	0.02869

[dist]
# distance from previous block
# <min> <max>
5	6

[block]
# block no. 7 follows, 277 sequences, length 6
# corresponding to MSA columns:
# 1355-1360
name=unknown_H
#
# <colnr> <probs for GDERKNQSTAVLIFYWHMCP>
#	G	D	E	R	K	N	Q	S	T	A	V	L	I	F	Y	W	H	M	C	P
0	0.02023	0.08896	0.16034	0.04118	0.05883	0.07731	0.01881	0.03001	0.10803	0.12619	0.05604	0.02799	0.02170	0.00141	0.00117	0.00034	0.02804	0.00112	0.04778	0.08454
1	0.07219	0.08377	0.60381	0.03859	0.03309	0.00289	0.08887	0.02761	0.00257	0.03302	0.00216	0.00254	0.00157	0.00111	0.00109	0.00036	0.00161	0.00090	0.00057	0.00167
2	0.00155	0.00117	0.00164	0.00176	0.00193	0.00109	0.03832	0.00185	0.00241	0.00320	0.08227	0.66078	0.07006	0.03368	0.00163	0.00049	0.00077	0.09332	0.00107	0.00100
3	0.00196	0.00137	0.00184	0.00204	0.00232	0.00136	0.00172	0.00252	0.03095	0.03117	0.00627	0.06276	0.05256	0.06174	0.00185	0.00056	0.00103	0.73380	0.00107	0.00110
4	0.01949	0.08000	0.35406	0.00344	0.09943	0.05089	0.07852	0.12154	0.10662	0.03633	0.00270	0.00296	0.01795	0.00124	0.00118	0.00036	0.01982	0.00101	0.00073	0.00173
5	0.00180	0.00132	0.00174	0.00179	0.01998	0.00138	0.01550	0.00203	0.01856	0.01694	0.04366	0.29195	0.04694	0.36142	0.04023	0.02718	0.07330	0.03245	0.00087	0.00095

[dist]
# distance from previous block
# <min> <max>
3	10

[block]
# block no. 8 follows, 277 sequences, length 33
# corresponding to MSA columns:
# 1378-1390,1398-1408,1411-1419
name=unknown_I
#
# <colnr> <probs for GDERKNQSTAVLIFYWHMCP>
#	G	D	E	R	K	N	Q	S	T	A	V	L	I	F	Y	W	H	M	C	P
0	0.01704	0.00286	0.00355	0.12172	0.23211	0.09411	0.02728	0.26191	0.04392	0.04751	0.02216	0.06746	0.00262	0.00146	0.00119	0.00036	0.00134	0.02112	0.00087	0.02939
1	0.00268	0.00275	0.01784	0.02654	0.14736	0.02495	0.07329	0.01275	0.00211	0.00312	0.00183	0.00274	0.00970	0.00177	0.00305	0.00047	0.66403	0.00106	0.00054	0.00141
2	0.00144	0.00104	0.00137	0.00163	0.00172	0.00097	0.00110	0.00166	0.00228	0.00302	0.00668	0.89558	0.04436	0.00364	0.00150	0.00048	0.00069	0.02880	0.00109	0.00096
3	0.18149	0.00262	0.00372	0.16502	0.44337	0.00835	0.00284	0.12769	0.00290	0.03877	0.01126	0.00284	0.00184	0.00115	0.00109	0.00036	0.00130	0.00099	0.00072	0.00167
4	0.00925	0.00262	0.01582	0.19257	0.34196	0.00694	0.10595	0.01282	0.00246	0.02963	0.00214	0.00293	0.00176	0.00792	0.00174	0.00039	0.19441	0.00106	0.00060	0.06702
5	0.00169	0.00123	0.00172	0.00172	0.00188	0.00138	0.00127	0.00199	0.00184	0.00261	0.00330	0.00544	0.00330	0.26420	0.69916	0.00169	0.00261	0.00138	0.00065	0.00096
6	0.00145	0.00104	0.00138	0.00161	0.00171	0.00097	0.00109	0.00170	0.00237	0.00318	0.10528	0.84170	0.02508	0.00353	0.00149	0.00046	0.00067	0.00320	0.00111	0.00097
7	0.02965	0.01989	0.00325	0.00259	0.00780	0.01146	0.02543	0.01631	0.00217	0.03147	0.00188	0.00257	0.00166	0.00159	0.00882	0.00039	0.50718	0.00091	0.00062	0.32435
8	0.00139	0.00117	0.00121	0.00125	0.00160	0.00099	0.00092	0.00168	0.00262	0.00315	0.01121	0.13145	0.83121	0.00306	0.00140	0.00041	0.00061	0.00259	0.00109	0.00099
9	0.00142	0.00119	0.00124	0.00126	0.00162	0.00102	0.00093	0.00177	0.01543	0.00325	0.05164	0.09399	0.81521	0.00299	0.00140	0.00040	0.00061	0.00252	0.00110	0.00101
10	0.00251	0.01271	0.29201	0.36981	0.19959	0.00274	0.06113	0.01449	0.00252	0.01495	0.00216	0.00288	0.00164	0.00114	0.00120	0.00038	0.01501	0.00101	0.00055	0.00158
11	0.05261	0.68728	0.02495	0.00233	0.02894	0.11454	0.00846	0.02373	0.03281	0.00740	0.00182	0.00207	0.00159	0.00107	0.00085	0.00028	0.00648	0.00070	0.00057	0.00152
12	0.00366	0.00307	0.05135	0.04601	0.27729	0.00310	0.01668	0.48949	0.00410	0.03466	0.00272	0.02107	0.00211	0.02174	0.00129	0.00037	0.00626	0.00111	0.01208	0.00185
13	0.00246	0.03101	0.00912	0.00180	0.00814	0.00168	0.00144	0.02168	0.00847	0.01289	0.01674	0.05380	0.00971	0.00109	0.00093	0.00021	0.00088	0.00089	0.00074	0.81631
14	0.00656	0.00141	0.01003	0.05662	0.02812	0.00134	0.00138	0.03252	0.00740	0.01934	0.67715	0.12909	0.01484	0.00240	0.00137	0.00038	0.00070	0.00699	0.00119	0.00117
15	0.00171	0.00129	0.00187	0.00186	0.00206	0.00149	0.00143	0.00212	0.01295	0.00274	0.00348	0.02524	0.03335	0.05516	0.80593	0.01578	0.02846	0.00136	0.00066	0.00104
16	0.00240	0.00205	0.00240	0.00174	0.00275	0.00155	0.00138	0.00292	0.00243	0.00380	0.00223	0.03297	0.00193	0.00096	0.00089	0.00018	0.00086	0.00078	0.00071	0.93506
17	0.00166	0.00121	0.00151	0.00143	0.00174	0.00109	0.00108	0.00215	0.00316	0.01995	0.71055	0.03114	0.20642	0.00258	0.00880	0.00039	0.00059	0.00220	0.00124	0.00109
18	0.00142	0.00119	0.00123	0.00123	0.00161	0.00100	0.00092	0.00173	0.00271	0.00327	0.07721	0.02680	0.85243	0.00296	0.00142	0.00888	0.00060	0.01129	0.00110	0.00100
19	0.00175	0.00137	0.00621	0.03818	0.02460	0.00153	0.00153	0.00224	0.03172	0.00290	0.01927	0.12603	0.00371	0.05294	0.65328	0.00146	0.01302	0.01131	0.00584	0.00108
20	0.00316	0.94307	0.00611	0.00202	0.00303	0.00463	0.00201	0.01966	0.00244	0.00284	0.00165	0.00190	0.00152	0.00101	0.00076	0.00025	0.00126	0.00064	0.00051	0.00152
21	0.00429	0.00285	0.00342	0.02991	0.06293	0.01843	0.03658	0.50773	0.05332	0.23727	0.00335	0.00332	0.00808	0.01053	0.00123	0.00037	0.00124	0.00112	0.01213	0.00191
22	0.00366	0.06314	0.04713	0.03031	0.20155	0.50041	0.06095	0.02166	0.03657	0.00333	0.00208	0.00250	0.00170	0.00117	0.00112	0.00033	0.01087	0.00089	0.00910	0.00153
23	0.35268	0.06034	0.00877	0.39816	0.02778	0.10590	0.00776	0.00843	0.00235	0.00385	0.00187	0.00249	0.00146	0.00115	0.00101	0.00036	0.01286	0.00084	0.00061	0.00133
24	0.00224	0.00193	0.00248	0.11976	0.00929	0.01326	0.05346	0.00377	0.32817	0.00434	0.34506	0.00640	0.10113	0.00193	0.00129	0.00039	0.00091	0.00169	0.00109	0.00141
25	0.00167	0.00120	0.00155	0.00147	0.00176	0.00110	0.00110	0.00220	0.00326	0.01318	0.85984	0.03624	0.06608	0.00246	0.00139	0.00037	0.00056	0.00217	0.00128	0.00111
26	0.02221	0.00108	0.00134	0.00154	0.00167	0.00103	0.00106	0.00193	0.00231	0.00945	0.00588	0.71679	0.01382	0.00315	0.00135	0.00044	0.00067	0.02438	0.18891	0.00100
27	0.00447	0.00329	0.00353	0.00270	0.00364	0.00364	0.00223	0.94747	0.00552	0.00740	0.00282	0.00282	0.00200	0.00141	0.00118	0.00035	0.00129	0.00106	0.00118	0.00200
28	0.00168	0.00119	0.00164	0.00190	0.00208	0.00116	0.00150	0.00205	0.00249	0.00327	0.01781	0.44930	0.00722	0.00345	0.00160	0.01342	0.00089	0.48525	0.00108	0.00102
29	0.00244	0.00209	0.00244	0.00174	0.00278	0.00157	0.00139	0.00296	0.00244	0.00383	0.00209	0.00244	0.00174	0.00087	0.00087	0.00017	0.00087	0.00070	0.00070	0.96589
30	0.00244	0.00209	0.00244	0.00174	0.00278	0.00157	0.00139	0.00296	0.00244	0.00383	0.00209	0.00244	0.00174	0.00087	0.00087	0.00017	0.00087	0.00070	0.00070	0.96589
31	0.00140	0.00119	0.00121	0.00121	0.00160	0.00100	0.00091	0.00172	0.00271	0.00326	0.06501	0.02841	0.88046	0.00296	0.00139	0.00040	0.00059	0.00247	0.00110	0.00100
32	0.00139	0.00119	0.00119	0.00119	0.00159	0.00099	0.00089	0.00169	0.00268	0.00317	0.01190	0.01131	0.95091	0.00298	0.00139	0.00040	0.00060	0.00248	0.00109	0.00099

[dist]
# distance from previous block
# <min> <max>
0	3

[block]
# block no. 9 follows, 277 sequences, length 42
# corresponding to MSA columns:
# 1423-1431,1433-1447,1460-1477
name=unknown_J
#
# <colnr> <probs for GDERKNQSTAVLIFYWHMCP>
#	G	D	E	R	K	N	Q	S	T	A	V	L	I	F	Y	W	H	M	C	P
0	0.00440	0.00555	0.00332	0.00301	0.00362	0.94082	0.00226	0.00471	0.00333	0.01601	0.00185	0.00214	0.00153	0.00121	0.00106	0.00030	0.00210	0.00076	0.00062	0.00137
1	0.67944	0.00258	0.00226	0.00189	0.00268	0.00294	0.00156	0.28549	0.00305	0.00591	0.00199	0.00218	0.00149	0.00119	0.00086	0.00036	0.00102	0.00076	0.00086	0.00149
2	0.00337	0.42600	0.22872	0.00258	0.00365	0.18879	0.01458	0.00828	0.00268	0.08608	0.00207	0.00233	0.00165	0.00805	0.00103	0.00031	0.01685	0.00078	0.00061	0.00157
3	0.00256	0.00252	0.00351	0.01652	0.01174	0.00755	0.00251	0.00284	0.00780	0.00932	0.00654	0.01851	0.00177	0.01878	0.00373	0.00052	0.88037	0.00109	0.00054	0.00128
4	0.00435	0.00323	0.00346	0.00268	0.00360	0.00359	0.00220	0.87517	0.07801	0.00721	0.00297	0.00294	0.00212	0.00142	0.00118	0.00036	0.00126	0.00108	0.00118	0.00199
5	0.00308	0.00266	0.00448	0.07765	0.78989	0.00268	0.00340	0.00376	0.00272	0.09474	0.00243	0.00303	0.00194	0.00110	0.00117	0.00035	0.00137	0.00106	0.00066	0.00183
6	0.00142	0.00120	0.00123	0.00123	0.00162	0.00101	0.00092	0.00175	0.00931	0.00325	0.05338	0.02998	0.87472	0.00296	0.00139	0.00040	0.00060	0.01153	0.00110	0.00100
7	0.00335	0.00279	0.00937	0.01690	0.05384	0.01325	0.00210	0.26102	0.59983	0.00973	0.00399	0.00381	0.00298	0.00150	0.00121	0.00038	0.00971	0.00122	0.00113	0.00188
8	0.00160	0.00117	0.00152	0.00170	0.00185	0.00112	0.00592	0.00204	0.05662	0.01030	0.08168	0.75146	0.02243	0.00337	0.00146	0.00046	0.00071	0.03930	0.00568	0.00962
9	0.03211	0.23119	0.06767	0.01295	0.16271	0.33183	0.04054	0.05892	0.03511	0.01366	0.00207	0.00240	0.00169	0.00114	0.00103	0.00032	0.00162	0.00085	0.00063	0.00157
10	0.00293	0.00252	0.00266	0.00239	0.00305	0.00292	0.00186	0.01746	0.92883	0.00492	0.00474	0.00437	0.00356	0.00166	0.01039	0.00041	0.00096	0.00132	0.00119	0.00185
11	0.00272	0.00260	0.00421	0.31621	0.55158	0.01937	0.01051	0.00867	0.06578	0.00364	0.00234	0.00307	0.00187	0.00113	0.00117	0.00037	0.00144	0.00106	0.00061	0.00167
12	0.00428	0.09181	0.00358	0.00293	0.00358	0.86819	0.00225	0.00459	0.00324	0.00287	0.00180	0.00210	0.00151	0.00119	0.00103	0.00030	0.00204	0.00075	0.00060	0.00138
13	0.00161	0.00120	0.00150	0.00144	0.00174	0.00109	0.00108	0.00210	0.00315	0.00433	0.71702	0.03664	0.19501	0.00257	0.00140	0.00038	0.00058	0.02483	0.00124	0.00108
14	0.00168	0.00113	0.00132	0.00135	0.00137	0.00113	0.00080	0.00172	0.00179	0.00239	0.00404	0.11439	0.00467	0.80902	0.03037	0.00107	0.00114	0.01908	0.00076	0.00075
15	0.00142	0.00119	0.00122	0.00122	0.00159	0.00100	0.00090	0.00172	0.00268	0.00324	0.07230	0.02538	0.84770	0.03134	0.00153	0.00042	0.00061	0.00245	0.00109	0.00099
16	0.00251	0.19356	0.76649	0.00309	0.00468	0.00311	0.00388	0.00368	0.00246	0.00353	0.00201	0.00236	0.00149	0.00109	0.00104	0.00035	0.00164	0.00082	0.00050	0.00169
17	0.00212	0.00127	0.00138	0.00134	0.00169	0.00123	0.00103	0.02355	0.03494	0.04043	0.09532	0.02675	0.22006	0.00199	0.00109	0.00034	0.00064	0.05064	0.49305	0.00115
18	0.00292	0.00252	0.00266	0.00239	0.00305	0.00292	0.00186	0.00624	0.94926	0.00491	0.00478	0.00438	0.00359	0.00159	0.00120	0.00040	0.00093	0.00133	0.00120	0.00186
19	0.07954	0.00202	0.00264	0.00204	0.00293	0.00181	0.00169	0.01360	0.00327	0.86206	0.00438	0.00383	0.00277	0.00142	0.00114	0.00036	0.00099	0.00114	0.01042	0.00193
20	0.00275	0.00235	0.00251	0.00232	0.01223	0.00268	0.00177	0.00566	0.81755	0.00476	0.05477	0.04677	0.02777	0.00176	0.00122	0.00040	0.00089	0.00148	0.00861	0.00175
21	0.00312	0.93967	0.02576	0.00204	0.00306	0.00461	0.00206	0.00352	0.00239	0.00278	0.00164	0.00190	0.00151	0.00101	0.00076	0.00025	0.00127	0.00063	0.00050	0.00151
22	0.00306	0.00309	0.15246	0.08451	0.13803	0.00625	0.04873	0.00342	0.01608	0.01912	0.02686	0.39004	0.03970	0.03546	0.00194	0.00062	0.01384	0.00239	0.00116	0.01324
23	0.00293	0.00259	0.00277	0.00247	0.00307	0.03667	0.01294	0.01579	0.76585	0.01554	0.02653	0.00431	0.00350	0.00174	0.01429	0.00042	0.07630	0.00942	0.00111	0.00176
24	0.00288	0.00276	0.00471	0.04983	0.90900	0.00278	0.00359	0.00358	0.00266	0.00380	0.00220	0.00292	0.00185	0.00105	0.00116	0.00035	0.00140	0.00105	0.00058	0.00184
25	0.01532	0.00166	0.00221	0.00189	0.00250	0.00148	0.00148	0.00846	0.00903	0.56642	0.09240	0.23703	0.03513	0.00215	0.00128	0.00039	0.00087	0.01228	0.00641	0.00161
26	0.02818	0.06839	0.21882	0.03053	0.38494	0.06174	0.03309	0.03106	0.03099	0.04257	0.00533	0.01749	0.00545	0.00636	0.00120	0.00036	0.01906	0.00731	0.00543	0.00170
27	0.00157	0.00128	0.00138	0.00134	0.00172	0.00115	0.00102	0.01280	0.02090	0.01116	0.14117	0.01427	0.70979	0.02811	0.01212	0.00043	0.02046	0.01720	0.00110	0.00104
28	0.00196	0.00132	0.00169	0.00155	0.00189	0.00124	0.00118	0.01077	0.03925	0.06197	0.82695	0.00822	0.01806	0.00229	0.00136	0.00037	0.00060	0.00202	0.01611	0.00120
29	0.00187	0.00162	0.00164	0.00179	0.00198	0.11112	0.00126	0.00219	0.02001	0.00858	0.05088	0.64515	0.07765	0.00316	0.00142	0.00044	0.00086	0.04699	0.02034	0.00104
30	0.00374	0.36997	0.00855	0.00953	0.00782	0.48627	0.01447	0.01634	0.00290	0.00756	0.01231	0.00218	0.00164	0.00119	0.00109	0.00030	0.04709	0.00076	0.00488	0.00143
31	0.00216	0.00177	0.00198	0.00188	0.00237	0.00183	0.01399	0.00947	0.35772	0.02129	0.03204	0.00866	0.38761	0.00242	0.00135	0.00042	0.00083	0.14972	0.00113	0.00137
32	0.00158	0.00117	0.00150	0.00167	0.00189	0.00109	0.00128	0.00194	0.00259	0.00338	0.11667	0.38620	0.20537	0.00326	0.00150	0.00047	0.00076	0.26556	0.00111	0.00102
33	0.00192	0.00132	0.00165	0.00154	0.00187	0.00124	0.00117	0.02170	0.03291	0.04794	0.73598	0.02457	0.07689	0.00235	0.00135	0.00037	0.00061	0.01061	0.03285	0.00118
34	0.02360	0.00229	0.00259	0.00221	0.00292	0.00244	0.00175	0.07607	0.49029	0.28366	0.02519	0.02621	0.00345	0.00158	0.00117	0.00038	0.00094	0.00130	0.05013	0.00182
35	0.00202	0.00143	0.00194	0.00216	0.00246	0.00680	0.00187	0.00895	0.02744	0.02505	0.00614	0.02672	0.01266	0.00314	0.00159	0.00053	0.00107	0.86581	0.00109	0.00113
36	0.00170	0.00114	0.00129	0.00130	0.00130	0.00114	0.00073	0.00171	0.00173	0.00231	0.00378	0.03742	0.00436	0.91688	0.01773	0.00113	0.00115	0.00175	0.00072	0.00072
37	0.02596	0.00314	0.00338	0.00261	0.00352	0.00346	0.00215	0.84407	0.02177	0.05181	0.00294	0.00292	0.00208	0.00141	0.00116	0.00035	0.00125	0.00106	0.02302	0.00196
38	0.03380	0.00408	0.43089	0.02830	0.01472	0.00253	0.27919	0.00680	0.00944	0.00751	0.06752	0.01527	0.01746	0.00130	0.00122	0.00038	0.00493	0.02482	0.03330	0.01652
39	0.00174	0.00134	0.00199	0.00196	0.00215	0.00160	0.00153	0.00214	0.00188	0.00273	0.00308	0.01397	0.00290	0.01615	0.87289	0.00178	0.06721	0.00127	0.00063	0.00106
40	0.00235	0.00125	0.00129	0.00124	0.00157	0.00128	0.00094	0.02330	0.06125	0.02774	0.00392	0.01504	0.00308	0.00141	0.00087	0.00029	0.00060	0.00114	0.85027	0.00118
41	0.01450	0.11900	0.31077	0.01183	0.06942	0.02251	0.03186	0.15695	0.03998	0.20773	0.00282	0.00291	0.00199	0.00123	0.00111	0.00035	0.00140	0.00098	0.00085	0.00180

[dist]
# distance from previous block
# <min> <max>
1	5

[block]
# block no. 10 follows, 277 sequences, length 6
# corresponding to MSA columns:
# 1484-1489
name=unknown_K
#
# <colnr> <probs for GDERKNQSTAVLIFYWHMCP>
#	G	D	E	R	K	N	Q	S	T	A	V	L	I	F	Y	W	H	M	C	P
0	0.00196	0.00129	0.00161	0.00152	0.00186	0.00119	0.00116	0.00252	0.02649	0.07753	0.59553	0.03261	0.15929	0.00242	0.00135	0.00038	0.00063	0.04061	0.04887	0.00117
1	0.00243	0.00561	0.82138	0.00338	0.00495	0.00276	0.04807	0.00367	0.00255	0.00379	0.04231	0.00288	0.00198	0.00126	0.00130	0.00039	0.04803	0.00098	0.00056	0.00172
2	0.01519	0.02144	0.06597	0.01378	0.03647	0.01646	0.09641	0.07472	0.00284	0.10700	0.03146	0.02354	0.02074	0.00136	0.01996	0.00031	0.00117	0.01490	0.00082	0.43544
3	0.02235	0.00142	0.00174	0.00158	0.00199	0.00134	0.00122	0.02628	0.03805	0.13447	0.51625	0.02655	0.12084	0.00222	0.00129	0.00037	0.00067	0.02058	0.07952	0.00127
4	0.01624	0.05185	0.41795	0.05951	0.25878	0.02355	0.05694	0.01933	0.01542	0.01655	0.00247	0.01649	0.02297	0.00120	0.00118	0.00036	0.01590	0.00103	0.00059	0.00169
5	0.00158	0.00119	0.00146	0.00142	0.00171	0.00107	0.00105	0.00205	0.00309	0.00421	0.65423	0.07352	0.24385	0.00263	0.00139	0.00038	0.00057	0.00229	0.00123	0.00107

[dist]
# distance from previous block
# <min> <max>
5	19

[block]
# block no. 11 follows, 277 sequences, length 24
# corresponding to MSA columns:
# 1565-1588
name=unknown_L
#
# <colnr> <probs for GDERKNQSTAVLIFYWHMCP>
#	G	D	E	R	K	N	Q	S	T	A	V	L	I	F	Y	W	H	M	C	P
0	0.01061	0.01009	0.05914	0.03076	0.09108	0.01596	0.00219	0.27839	0.26422	0.03168	0.08157	0.02399	0.04513	0.00168	0.01170	0.00039	0.00655	0.01011	0.00104	0.02372
