[name]
unknown

[dist]
# distance from previous block
# <min> <max>
0	665

[block]
# block no. 0 follows, 314 sequences, length 9
# corresponding to MSA columns:
# 1029-1037
name=unknown_A
#
# <colnr> <probs for GDERKNQSTAVLIFYWHMCP>
#	G	D	E	R	K	N	Q	S	T	A	V	L	I	F	Y	W	H	M	C	P
0	0.06889	0.04774	0.11536	0.06719	0.07055	0.06050	0.10188	0.12508	0.02918	0.13805	0.02606	0.01622	0.03429	0.00133	0.01592	0.00034	0.02756	0.01305	0.00075	0.04007
1	0.05537	0.07142	0.10021	0.06667	0.09232	0.03972	0.07551	0.07194	0.07394	0.10774	0.02795	0.02182	0.02404	0.00803	0.03633	0.01604	0.04056	0.01412	0.00072	0.05558
2	0.04003	0.03605	0.02808	0.10476	0.08770	0.02208	0.09373	0.03657	0.05186	0.03547	0.04389	0.06785	0.03638	0.03830	0.10987	0.06916	0.02614	0.01952	0.03130	0.02125
3	0.02875	0.04350	0.07689	0.21145	0.17924	0.03953	0.06032	0.11120	0.02254	0.06137	0.04860	0.01306	0.03793	0.00967	0.00115	0.00033	0.03078	0.01089	0.00068	0.01212
4	0.03468	0.04466	0.15720	0.09659	0.11784	0.06082	0.11673	0.07721	0.03584	0.04869	0.03129	0.01812	0.04718	0.02539	0.02358	0.01230	0.03450	0.01535	0.00066	0.00136
5	0.07523	0.03381	0.06330	0.29087	0.23305	0.03864	0.03285	0.06801	0.01654	0.05090	0.00220	0.02803	0.00179	0.01345	0.01108	0.00035	0.01314	0.01254	0.00061	0.01361
6	0.01900	0.02510	0.03313	0.05829	0.05196	0.46361	0.01804	0.14187	0.01857	0.04889	0.01368	0.02565	0.03043	0.01474	0.01302	0.01015	0.01096	0.00091	0.00068	0.00132
7	0.03711	0.03273	0.02530	0.26415	0.21341	0.05109	0.10755	0.03470	0.04852	0.05617	0.02926	0.02362	0.01612	0.00133	0.01985	0.00818	0.01256	0.01636	0.00063	0.00136
8	0.03371	0.09125	0.02131	0.02572	0.09380	0.10549	0.02497	0.25597	0.28646	0.02499	0.00282	0.02424	0.00219	0.00124	0.00100	0.00032	0.00114	0.00099	0.00084	0.00156

[dist]
# distance from previous block
# <min> <max>
1	5

[block]
# block no. 1 follows, 314 sequences, length 33
# corresponding to MSA columns:
# 1043,1045,1046,1048-1050,1057,1058,1060-1075,1091-1093,1097,1118-1122
name=unknown_B
#
# <colnr> <probs for GDERKNQSTAVLIFYWHMCP>
#	G	D	E	R	K	N	Q	S	T	A	V	L	I	F	Y	W	H	M	C	P
0	0.05493	0.00121	0.00556	0.01158	0.00183	0.00856	0.00115	0.00219	0.02547	0.10598	0.08421	0.48477	0.04865	0.02684	0.00145	0.03671	0.00072	0.09624	0.00096	0.00100
1	0.00536	0.00144	0.00170	0.01690	0.00203	0.05422	0.00132	0.00844	0.08304	0.04241	0.02090	0.21496	0.07990	0.03241	0.26588	0.03402	0.01020	0.12305	0.00082	0.00101
2	0.00156	0.00115	0.00169	0.00169	0.00866	0.00131	0.00130	0.01273	0.00174	0.00930	0.00962	0.00415	0.01037	0.01826	0.87488	0.03054	0.00263	0.00113	0.00636	0.00094
3	0.03109	0.00160	0.00181	0.00166	0.00209	0.00165	0.00128	0.11406	0.20632	0.08417	0.15954	0.17148	0.15157	0.01254	0.00120	0.00036	0.00073	0.03958	0.01602	0.00125
4	0.03302	0.00160	0.00190	0.00173	0.00219	0.00160	0.00136	0.08888	0.15799	0.21069	0.09106	0.16730	0.10022	0.00848	0.00119	0.00037	0.00078	0.11005	0.01829	0.00130
5	0.13595	0.00222	0.00255	0.00198	0.00277	0.00226	0.00164	0.34440	0.01156	0.46888	0.01336	0.00298	0.00218	0.00125	0.00100	0.00032	0.00097	0.00096	0.00111	0.00168
6	0.04649	0.00127	0.00154	0.00148	0.00181	0.00122	0.00111	0.01422	0.06084	0.13826	0.24163	0.22626	0.13904	0.06387	0.00146	0.00041	0.00068	0.05629	0.00103	0.00109
7	0.18271	0.00141	0.00156	0.00142	0.00184	0.00138	0.00108	0.00274	0.04366	0.17928	0.21784	0.08016	0.18291	0.08509	0.00145	0.00040	0.00070	0.01224	0.00098	0.00113
8	0.02004	0.00108	0.00127	0.00127	0.00152	0.00099	0.00093	0.00185	0.01452	0.01734	0.36408	0.18096	0.28931	0.04287	0.00139	0.00038	0.00057	0.01682	0.04187	0.00094
9	0.26178	0.00149	0.00159	0.00147	0.00186	0.00154	0.00110	0.03108	0.03327	0.15293	0.07612	0.16638	0.04087	0.19177	0.00186	0.00048	0.00081	0.02689	0.00561	0.00110
10	0.03990	0.00146	0.00176	0.00173	0.00208	0.00152	0.00138	0.01611	0.20471	0.06514	0.15786	0.02262	0.01520	0.08164	0.00165	0.03174	0.00083	0.32984	0.02168	0.00114
11	0.04111	0.00117	0.00137	0.00135	0.00162	0.00112	0.00098	0.01873	0.04036	0.03902	0.31755	0.22287	0.18511	0.08869	0.00157	0.00042	0.00063	0.00880	0.02657	0.00098
12	0.82627	0.00201	0.00168	0.00146	0.00213	0.00227	0.00120	0.01956	0.01677	0.11605	0.00183	0.00196	0.00134	0.00102	0.00071	0.00032	0.00082	0.00064	0.00074	0.00123
13	0.01809	0.00119	0.00151	0.00153	0.00179	0.00114	0.00115	0.03041	0.01059	0.12827	0.10766	0.36558	0.04318	0.08650	0.00160	0.00044	0.00074	0.15247	0.04511	0.00103
14	0.05862	0.00260	0.00278	0.00223	0.00298	0.00288	0.00181	0.57062	0.25888	0.08104	0.00304	0.00292	0.00218	0.00128	0.00103	0.00033	0.00102	0.00099	0.00105	0.00171
15	0.00149	0.00111	0.00163	0.00163	0.00181	0.00128	0.00125	0.00183	0.00167	0.00240	0.00291	0.00433	0.01337	0.06776	0.87770	0.01255	0.00264	0.00115	0.00057	0.00091
16	0.11347	0.00174	0.00221	0.00177	0.00248	0.00159	0.00144	0.01244	0.01608	0.73286	0.02061	0.08280	0.00291	0.00144	0.00103	0.00033	0.00085	0.00117	0.00119	0.00161
17	0.08142	0.00203	0.00245	0.00193	0.00269	0.00198	0.00159	0.22495	0.01797	0.58493	0.00941	0.00351	0.00246	0.00856	0.00106	0.00033	0.00094	0.03344	0.01667	0.00167
18	0.00150	0.00109	0.00142	0.00132	0.00159	0.00100	0.00099	0.00199	0.00292	0.00414	0.90818	0.00765	0.02498	0.00210	0.00122	0.00032	0.00050	0.00185	0.00113	0.03411
19	0.00226	0.00191	0.00222	0.00163	0.00253	0.00145	0.00129	0.00268	0.00225	0.00350	0.00216	0.04611	0.00191	0.00097	0.00086	0.00019	0.00081	0.00077	0.00068	0.92383
20	0.00143	0.00096	0.00127	0.00146	0.00155	0.00090	0.00100	0.00161	0.00201	0.03311	0.00552	0.77788	0.02605	0.05840	0.00165	0.03360	0.00066	0.04913	0.00094	0.00086
21	0.00149	0.00112	0.00166	0.00166	0.00184	0.00130	0.00128	0.00185	0.00167	0.00241	0.00282	0.00420	0.00265	0.04068	0.92636	0.00166	0.00274	0.00113	0.00056	0.00092
22	0.00221	0.00208	0.00355	0.62356	0.27991	0.00238	0.03944	0.00929	0.01244	0.01241	0.00195	0.00275	0.00151	0.00101	0.00105	0.00034	0.00135	0.00094	0.00050	0.00133
23	0.00181	0.00126	0.00165	0.05641	0.01565	0.00124	0.00135	0.00235	0.06461	0.08145	0.10535	0.22900	0.19259	0.00249	0.00127	0.00040	0.00076	0.23832	0.00098	0.00106
24	0.00147	0.00104	0.00123	0.00124	0.00133	0.00104	0.00080	0.00159	0.00170	0.00226	0.01786	0.03587	0.13212	0.61294	0.18224	0.00102	0.00126	0.00159	0.00068	0.00073
25	0.00195	0.00097	0.00097	0.00097	0.00122	0.00097	0.00073	0.00243	0.00219	0.00389	0.00341	0.00389	0.00268	0.00122	0.00073	0.00024	0.00049	0.00097	0.96909	0.00097
26	0.00824	0.00290	0.08859	0.02418	0.02379	0.00257	0.59516	0.10276	0.04327	0.08914	0.00241	0.00288	0.00176	0.00100	0.00116	0.00034	0.00153	0.00616	0.00067	0.00150
27	0.00344	0.00207	0.01050	0.02964	0.10525	0.00198	0.12881	0.05574	0.12276	0.42456	0.07390	0.00383	0.01861	0.00131	0.00109	0.00033	0.00103	0.01253	0.00102	0.00160
28	0.00257	0.00216	0.00237	0.00211	0.00268	0.00246	0.01861	0.05952	0.76453	0.01164	0.01519	0.00418	0.00323	0.03184	0.04297	0.00043	0.00095	0.02998	0.00102	0.00157
29	0.89807	0.00209	0.00166	0.00145	0.00211	0.00241	0.00120	0.07443	0.00201	0.00483	0.00153	0.00176	0.00118	0.00099	0.00068	0.00032	0.00083	0.00059	0.00068	0.00118
30	0.00965	0.00114	0.00156	0.02624	0.01863	0.00119	0.01036	0.01202	0.01726	0.00718	0.03490	0.19774	0.04810	0.19683	0.29677	0.10774	0.00145	0.00969	0.00070	0.00085
31	0.74939	0.06040	0.01110	0.00152	0.00219	0.01150	0.00128	0.02403	0.04331	0.06529	0.00733	0.00207	0.00144	0.00107	0.00613	0.00033	0.00087	0.00883	0.00070	0.00122
32	0.88834	0.00199	0.00156	0.00140	0.00202	0.00229	0.00114	0.01500	0.02324	0.00463	0.01848	0.01300	0.02154	0.00107	0.00069	0.00033	0.00080	0.00067	0.00068	0.00114

[dist]
# distance from previous block
# <min> <max>
16	77

[block]
# block no. 2 follows, 314 sequences, length 45
# corresponding to MSA columns:
# 1213-1225,1227-1229,1232-1234,1238-1262,1265
name=unknown_C
#
# <colnr> <probs for GDERKNQSTAVLIFYWHMCP>
#	G	D	E	R	K	N	Q	S	T	A	V	L	I	F	Y	W	H	M	C	P
0	0.05989	0.17916	0.13861	0.00525	0.01849	0.07678	0.01715	0.13838	0.04559	0.20142	0.03426	0.00270	0.00578	0.00123	0.00781	0.00032	0.04887	0.00087	0.00078	0.01668
1	0.00208	0.00785	0.01701	0.71652	0.12626	0.00986	0.02031	0.00274	0.00213	0.00280	0.00192	0.00950	0.00150	0.00118	0.01905	0.00436	0.01543	0.00094	0.00674	0.03182
2	0.00205	0.01624	0.09627	0.25481	0.10270	0.00566	0.05086	0.02676	0.02432	0.00846	0.07697	0.06418	0.08788	0.00958	0.00109	0.00032	0.00108	0.00624	0.00066	0.16388
3	0.00127	0.00102	0.00113	0.00118	0.00145	0.00089	0.00086	0.00153	0.00230	0.00286	0.07170	0.23694	0.63160	0.02273	0.01274	0.00040	0.00058	0.00698	0.00097	0.00088
4	0.00233	0.00211	0.00733	0.34943	0.27220	0.00674	0.00250	0.04563	0.19744	0.00825	0.06636	0.02227	0.01044	0.00123	0.00106	0.00034	0.00114	0.00110	0.00069	0.00141
5	0.00138	0.00106	0.00126	0.00121	0.00150	0.00095	0.00091	0.00179	0.00273	0.00366	0.58858	0.00868	0.37783	0.00233	0.00123	0.00034	0.00051	0.00201	0.00108	0.00095
6	0.01249	0.00234	0.03480	0.16330	0.05242	0.01611	0.09614	0.08359	0.34080	0.01437	0.02271	0.00352	0.03843	0.01370	0.01636	0.00038	0.08520	0.00112	0.00078	0.00143
7	0.00152	0.00101	0.00114	0.00114	0.00114	0.00101	0.00063	0.00152	0.00152	0.00203	0.00329	0.00684	0.00380	0.96329	0.00532	0.00101	0.00101	0.00152	0.00063	0.00063
8	0.00357	0.09183	0.04204	0.00250	0.00315	0.59021	0.02333	0.06771	0.06358	0.05988	0.02050	0.00240	0.01310	0.00534	0.00099	0.00029	0.00680	0.00080	0.00065	0.00133
9	0.12365	0.00204	0.00244	0.00191	0.00269	0.00200	0.00157	0.19468	0.02977	0.61314	0.00347	0.00313	0.00226	0.00125	0.00100	0.00032	0.00093	0.00097	0.01110	0.00169
10	0.01999	0.62237	0.04963	0.00202	0.00288	0.06045	0.00814	0.15056	0.04038	0.01105	0.00185	0.00210	0.00156	0.00108	0.00982	0.00027	0.00119	0.01265	0.00059	0.00141
11	0.00212	0.00165	0.00204	0.03498	0.05961	0.00175	0.00146	0.04058	0.28672	0.03664	0.40310	0.02836	0.03628	0.00176	0.00117	0.00034	0.01555	0.01458	0.01715	0.01413
12	0.06465	0.02235	0.01591	0.00222	0.00291	0.03789	0.00185	0.41911	0.01971	0.24600	0.00842	0.00275	0.00562	0.00139	0.01267	0.00035	0.12850	0.00094	0.00096	0.00578
13	0.03247	0.35140	0.03548	0.00769	0.00806	0.02047	0.00876	0.18506	0.02960	0.26891	0.00786	0.00965	0.00193	0.00113	0.00090	0.00028	0.00106	0.00454	0.00084	0.02392
14	0.14472	0.02274	0.03072	0.01635	0.03846	0.06345	0.04598	0.26409	0.07960	0.15028	0.05615	0.02459	0.03635	0.00134	0.00103	0.00033	0.01159	0.00984	0.00091	0.00148
15	0.00146	0.00105	0.00142	0.00164	0.00179	0.00102	0.00127	0.00180	0.01103	0.00289	0.01311	0.50074	0.03970	0.01298	0.00141	0.00045	0.00076	0.40361	0.00097	0.00090
16	0.02441	0.02200	0.01134	0.14535	0.03277	0.02711	0.18277	0.00719	0.01314	0.03231	0.00210	0.01665	0.00172	0.00099	0.00102	0.00026	0.02697	0.01841	0.00060	0.43289
17	0.00180	0.00091	0.00136	0.00136	0.00136	0.00091	0.00091	0.00136	0.00138	0.00183	0.00198	0.00330	0.01967	0.00361	0.00403	0.95148	0.00090	0.00093	0.00046	0.00046
18	0.00976	0.01741	0.02496	0.06655	0.30245	0.26378	0.01914	0.12224	0.12234	0.01116	0.00683	0.00696	0.00181	0.00112	0.00106	0.00031	0.01910	0.00090	0.00066	0.00149
19	0.00152	0.00101	0.00114	0.00114	0.00115	0.00101	0.00064	0.00152	0.00153	0.00204	0.00333	0.02196	0.00385	0.94809	0.00525	0.00100	0.00101	0.00154	0.00064	0.00064
20	0.00215	0.00203	0.03813	0.19594	0.26346	0.00207	0.00796	0.01362	0.16232	0.00926	0.17012	0.01465	0.04643	0.02360	0.01641	0.00451	0.01879	0.00648	0.00075	0.00134
21	0.00221	0.00187	0.00222	0.00159	0.00252	0.00141	0.01326	0.00268	0.00218	0.01860	0.00190	0.00220	0.00156	0.00078	0.00078	0.00016	0.00079	0.00063	0.00063	0.94204
22	0.00247	0.00256	0.06622	0.02861	0.01009	0.00236	0.46051	0.06526	0.16271	0.03087	0.04265	0.05819	0.01118	0.00126	0.00116	0.00035	0.00510	0.00834	0.03872	0.00141
23	0.00243	0.00274	0.00588	0.00424	0.00525	0.00258	0.89160	0.00336	0.03035	0.00337	0.01085	0.01897	0.00184	0.00097	0.00123	0.00035	0.00170	0.01034	0.00056	0.00140
24	0.01790	0.01923	0.02338	0.31732	0.19578	0.02020	0.01505	0.15447	0.11620	0.02349	0.00239	0.02628	0.00189	0.00118	0.00452	0.00033	0.01390	0.00098	0.00068	0.04483
25	0.00237	0.07602	0.54150	0.04396	0.02063	0.00254	0.04151	0.10504	0.03305	0.01855	0.01601	0.00274	0.01956	0.03319	0.01705	0.00037	0.02296	0.00090	0.00057	0.00147
26	0.00138	0.00106	0.00126	0.00124	0.00152	0.00094	0.00093	0.00176	0.00265	0.00352	0.49688	0.08126	0.36985	0.00244	0.00125	0.00035	0.00053	0.02919	0.00106	0.00094
27	0.00214	0.01428	0.04423	0.22248	0.17778	0.02124	0.03596	0.02797	0.08342	0.00932	0.04554	0.02579	0.01304	0.05200	0.14894	0.03208	0.03692	0.00501	0.00062	0.00124
28	0.00145	0.00106	0.00134	0.00130	0.00155	0.00098	0.00097	0.00192	0.01306	0.00389	0.73183	0.09968	0.11364	0.00228	0.00123	0.00034	0.00051	0.00200	0.02001	0.00097
29	0.00187	0.00148	0.00209	0.09055	0.06215	0.01736	0.04185	0.02956	0.02516	0.03672	0.34398	0.21953	0.03293	0.01178	0.02636	0.00040	0.03728	0.00542	0.01243	0.00110
30	0.00224	0.00183	0.00215	0.00155	0.00245	0.00138	0.00124	0.00270	0.00221	0.04027	0.02218	0.01400	0.00183	0.00085	0.00080	0.00017	0.00077	0.00069	0.00066	0.90003
31	0.97067	0.00202	0.00154	0.00137	0.00202	0.00234	0.00113	0.00307	0.00178	0.00469	0.00145	0.00170	0.00113	0.00097	0.00065	0.00032	0.00081	0.00057	0.00065	0.00113
32	0.00212	0.00524	0.89621	0.00307	0.00458	0.00244	0.06535	0.00331	0.00222	0.00331	0.00189	0.00225	0.00134	0.00099	0.00101	0.00033	0.00156	0.00080	0.00045	0.00154
33	0.00283	0.00232	0.00247	0.00215	0.00278	0.00264	0.00169	0.13584	0.78295	0.02800	0.00396	0.00367	0.00295	0.00138	0.00105	0.00034	0.00087	0.00113	0.00106	0.01992
34	0.00428	0.00181	0.00237	0.00185	0.00261	0.00164	0.00152	0.05194	0.06077	0.77830	0.06029	0.00385	0.01343	0.00136	0.00106	0.00032	0.00087	0.00111	0.00891	0.00171
35	0.00127	0.00091	0.00121	0.00145	0.00152	0.00085	0.00097	0.00145	0.00200	0.00267	0.00576	0.96261	0.00691	0.00327	0.00133	0.00042	0.00061	0.00297	0.00097	0.00085
36	0.00449	0.00179	0.00239	0.00185	0.00263	0.00158	0.00152	0.02199	0.03573	0.87324	0.02168	0.00368	0.00979	0.00132	0.00105	0.00032	0.00088	0.00108	0.01123	0.00174
37	0.00153	0.00101	0.00114	0.00114	0.00114	0.00101	0.00063	0.00153	0.00153	0.00205	0.00329	0.00679	0.00378	0.94879	0.00525	0.00100	0.00100	0.00151	0.01522	0.00064
38	0.00150	0.00110	0.00159	0.00159	0.00175	0.00126	0.00119	0.00181	0.00165	0.00236	0.00288	0.00456	0.00281	0.16600	0.80125	0.00157	0.00250	0.00119	0.00057	0.00088
39	0.00259	0.00234	0.01559	0.14411	0.16720	0.01671	0.00845	0.05315	0.55897	0.00999	0.00776	0.00339	0.00255	0.00126	0.00105	0.00034	0.00103	0.00108	0.00086	0.00158
40	0.00456	0.00175	0.00238	0.00184	0.00262	0.00151	0.00151	0.00497	0.00299	0.92042	0.04115	0.00372	0.00287	0.00133	0.00106	0.00032	0.00087	0.00108	0.00129	0.00175
41	0.00245	0.00267	0.11701	0.07173	0.37836	0.00678	0.03651	0.03783	0.22410	0.00359	0.00741	0.01132	0.00764	0.00143	0.03855	0.00446	0.04003	0.00595	0.00066	0.00153
42	0.00390	0.00493	0.00296	0.00268	0.00323	0.93706	0.00202	0.02605	0.00301	0.00265	0.00164	0.00190	0.00136	0.00108	0.00094	0.00027	0.00187	0.00068	0.00055	0.00122
43	0.00231	0.01949	0.03500	0.09869	0.13431	0.08307	0.04397	0.01326	0.05205	0.00318	0.00719	0.08895	0.00223	0.01875	0.01366	0.00785	0.02809	0.01025	0.00641	0.33131
44	0.05547	0.00245	0.00262	0.00217	0.00286	0.00274	0.00174	0.40935	0.39866	0.06493	0.00336	0.02465	0.00253	0.00709	0.00109	0.00034	0.00890	0.00635	0.00104	0.00165

[dist]
# distance from previous block
# <min> <max>
0	1

[block]
# block no. 3 follows, 314 sequences, length 16
# corresponding to MSA columns:
# 1267-1282
name=unknown_D
#
# <colnr> <probs for GDERKNQSTAVLIFYWHMCP>
#	G	D	E	R	K	N	Q	S	T	A	V	L	I	F	Y	W	H	M	C	P
0	0.02643	0.56146	0.05273	0.00229	0.06928	0.06819	0.01154	0.07898	0.01105	0.03211	0.00177	0.00865	0.00150	0.00098	0.00081	0.00025	0.00813	0.00068	0.00056	0.06260
1	0.00252	0.03654	0.16872	0.10623	0.38904	0.06011	0.07365	0.01309	0.06304	0.02196	0.01688	0.01360	0.00812	0.00107	0.00108	0.00032	0.02098	0.00096	0.00057	0.00150
2	0.00266	0.34064	0.00341	0.01439	0.00265	0.00246	0.00151	0.02595	0.00228	0.09037	0.00193	0.00214	0.00157	0.00089	0.00081	0.00021	0.01583	0.00065	0.00063	0.48901
3	0.00135	0.00107	0.00117	0.00115	0.00148	0.00092	0.00087	0.00167	0.00250	0.01888	0.20935	0.04535	0.68955	0.00254	0.00124	0.00035	0.00054	0.01809	0.00101	0.00092
4	0.00174	0.02899	0.00162	0.00143	0.00186	0.01319	0.00111	0.01882	0.24799	0.00344	0.12548	0.02033	0.52572	0.00218	0.00117	0.00035	0.00065	0.00182	0.00100	0.00113
5	0.97067	0.00202	0.00154	0.00137	0.00202	0.00234	0.00113	0.00307	0.00178	0.00469	0.00145	0.00170	0.00113	0.00097	0.00065	0.00032	0.00081	0.00057	0.00065	0.00113
6	0.00134	0.00106	0.00120	0.00119	0.00149	0.00093	0.00090	0.00169	0.00258	0.00332	0.34723	0.03147	0.56480	0.00249	0.00124	0.00035	0.00053	0.03424	0.00103	0.00092
7	0.00434	0.00233	0.00277	0.00212	0.00294	0.00236	0.00175	0.46267	0.00392	0.49861	0.00334	0.00305	0.00220	0.00127	0.00105	0.00032	0.00101	0.00100	0.00117	0.00178
8	0.00275	0.00226	0.00240	0.00213	0.00274	0.00259	0.00167	0.05295	0.86919	0.04269	0.00416	0.00381	0.00309	0.00140	0.00106	0.00035	0.00085	0.00116	0.00107	0.00166
9	0.00149	0.00112	0.00168	0.00168	0.00187	0.00131	0.00131	0.00187	0.00168	0.00243	0.00280	0.00410	0.00261	0.00783	0.95915	0.00168	0.00280	0.00112	0.00056	0.00093
10	0.00373	0.00430	0.00289	0.00255	0.00313	0.69764	0.00195	0.16021	0.06886	0.00341	0.04021	0.00236	0.00188	0.00117	0.00098	0.00028	0.00163	0.00080	0.00068	0.00133
11	0.00146	0.00107	0.00137	0.00131	0.00156	0.00098	0.00099	0.00193	0.00288	0.00403	0.84350	0.02821	0.08147	0.00221	0.00124	0.00034	0.00051	0.02284	0.00113	0.00097
12	0.00218	0.00181	0.00223	0.00196	0.00242	0.02220	0.07105	0.02573	0.37652	0.03474	0.21667	0.10519	0.06090	0.02146	0.02581	0.00040	0.01574	0.01069	0.00099	0.00130
13	0.00217	0.00186	0.00217	0.00155	0.00248	0.00139	0.00124	0.00263	0.00217	0.00340	0.00186	0.00217	0.00155	0.00077	0.00077	0.00015	0.00077	0.00062	0.00062	0.96967
14	0.06283	0.10897	0.02680	0.00173	0.00217	0.03972	0.03410	0.02367	0.01686	0.08228	0.00313	0.03687	0.01476	0.28995	0.07064	0.00789	0.01395	0.09728	0.00071	0.06568
15	0.00244	0.06367	0.27538	0.07860	0.30755	0.02394	0.17699	0.01618	0.00994	0.01284	0.00205	0.00256	0.01156	0.00099	0.00106	0.00032	0.01099	0.00093	0.00051	0.00150

[dist]
# distance from previous block
# <min> <max>
0	23

[block]
# block no. 4 follows, 314 sequences, length 14
# corresponding to MSA columns:
# 1306-1316,1318-1320
name=unknown_E
#
# <colnr> <probs for GDERKNQSTAVLIFYWHMCP>
#	G	D	E	R	K	N	Q	S	T	A	V	L	I	F	Y	W	H	M	C	P
0	0.00370	0.00158	0.00209	0.00168	0.00233	0.00139	0.00136	0.00415	0.02068	0.66398	0.14150	0.01649	0.10426	0.00160	0.00110	0.00033	0.00078	0.01390	0.01555	0.00153
1	0.46290	0.00191	0.00200	0.00163	0.00235	0.00195	0.00134	0.02827	0.00246	0.46062	0.02333	0.00274	0.00203	0.00116	0.00086	0.00032	0.00085	0.00084	0.00098	0.00145
2	0.00225	0.00210	0.00951	0.00890	0.07556	0.00959	0.27812	0.04054	0.01085	0.01916	0.10383	0.03310	0.04448	0.01911	0.01045	0.00031	0.00111	0.00882	0.00070	0.32151
3	0.00152	0.00115	0.00171	0.00169	0.00187	0.00136	0.00131	0.00187	0.00167	0.00241	0.00277	0.00415	0.00262	0.04545	0.89008	0.00161	0.03414	0.00113	0.00056	0.00093
4	0.00151	0.00101	0.00114	0.00115	0.00115	0.00101	0.00065	0.00152	0.00154	0.00205	0.00339	0.04479	0.00392	0.92517	0.00516	0.00099	0.00100	0.00158	0.00065	0.00064
5	0.01254	0.00395	0.00290	0.00250	0.00312	0.57819	0.01139	0.19303	0.02624	0.10629	0.01063	0.00247	0.01013	0.00120	0.00104	0.00029	0.02223	0.00972	0.00075	0.00139
6	0.00259	0.00248	0.00424	0.00641	0.95677	0.00248	0.00321	0.00321	0.00238	0.00341	0.00196	0.00259	0.00165	0.00093	0.00103	0.00031	0.00124	0.00093	0.00052	0.00165
7	0.00128	0.00106	0.00113	0.00112	0.00144	0.00090	0.00084	0.00159	0.00248	0.00308	0.19291	0.03393	0.74950	0.00256	0.00124	0.00035	0.00052	0.00216	0.00100	0.00090
8	0.00253	0.00312	0.13594	0.00408	0.00519	0.00256	0.77416	0.00343	0.00246	0.05269	0.00218	0.00277	0.00160	0.00092	0.00119	0.00035	0.00169	0.00116	0.00056	0.00145
9	0.00195	0.00097	0.00097	0.00097	0.00122	0.00097	0.00073	0.00243	0.00219	0.00389	0.00341	0.00389	0.00268	0.00122	0.00073	0.00024	0.00049	0.00097	0.96909	0.00097
10	0.00152	0.00101	0.00114	0.00114	0.00114	0.00101	0.00063	0.00152	0.00152	0.00203	0.00329	0.00684	0.00380	0.96329	0.00532	0.00101	0.00101	0.00152	0.00063	0.00063
11	0.00195	0.00097	0.00097	0.00097	0.00122	0.00097	0.00073	0.00243	0.00219	0.00389	0.00341	0.00389	0.00268	0.00122	0.00073	0.00024	0.00049	0.00097	0.96909	0.00097
12	0.00151	0.00101	0.00116	0.00117	0.00118	0.00102	0.00067	0.00153	0.00154	0.00206	0.00334	0.03102	0.00383	0.90315	0.04090	0.00102	0.00107	0.00154	0.00064	0.00065
13	0.00217	0.10448	0.85943	0.00285	0.00433	0.00260	0.00365	0.00329	0.00220	0.00322	0.00183	0.00215	0.00133	0.00098	0.00096	0.00032	0.00150	0.00075	0.00044	0.00152

[dist]
# distance from previous block
# <min> <max>
0	16

[block]
# block no. 5 follows, 314 sequences, length 23
# corresponding to MSA columns:
# 1337-1359
name=unknown_F
#
# <colnr> <probs for GDERKNQSTAVLIFYWHMCP>
#	G	D	E	R	K	N	Q	S	T	A	V	L	I	F	Y	W	H	M	C	P
0	0.00212	0.00528	0.91173	0.00298	0.00448	0.01591	0.02268	0.00330	0.00221	0.00329	0.00189	0.00224	0.00135	0.00109	0.01476	0.00035	0.00157	0.00078	0.00045	0.00153
1	0.00247	0.00282	0.00616	0.00440	0.00546	0.00264	0.95298	0.00335	0.00247	0.00335	0.00211	0.00282	0.00159	0.00088	0.00123	0.00035	0.00176	0.00123	0.00053	0.00141
2	0.00205	0.00193	0.00330	0.64715	0.15583	0.00224	0.05801	0.00272	0.00933	0.00285	0.00233	0.03658	0.02133	0.00121	0.00112	0.00883	0.00674	0.02874	0.00648	0.00123
3	0.00127	0.00092	0.00120	0.00142	0.00150	0.00085	0.00095	0.00146	0.00202	0.00267	0.00604	0.88120	0.07039	0.02097	0.00140	0.00043	0.00061	0.00289	0.00096	0.00085
4	0.01640	0.03041	0.02361	0.10110	0.10924	0.40407	0.02823	0.01069	0.00255	0.03928	0.01448	0.19886	0.00274	0.00154	0.00105	0.00032	0.00138	0.01217	0.00066	0.00122
5	0.01358	0.00185	0.00232	0.01566	0.01805	0.00151	0.00142	0.01534	0.00252	0.37312	0.00274	0.00272	0.00195	0.00099	0.00089	0.00023	0.00084	0.00080	0.00088	0.54259
6	0.53118	0.02058	0.00249	0.02548	0.06643	0.08943	0.04333	0.00308	0.00842	0.00382	0.00155	0.00200	0.00129	0.00120	0.00867	0.00035	0.18821	0.00071	0.00058	0.00119
7	0.00211	0.03065	0.93279	0.00295	0.00447	0.00247	0.00381	0.00330	0.00220	0.00329	0.00186	0.00219	0.00132	0.00099	0.00098	0.00033	0.00153	0.00077	0.00044	0.00154
8	0.00237	0.01199	0.51572	0.02015	0.06067	0.00755	0.13758	0.02864	0.14069	0.02708	0.01170	0.00763	0.00181	0.00109	0.00109	0.00034	0.02084	0.00094	0.00060	0.00153
9	0.00142	0.00106	0.00131	0.00126	0.00152	0.00096	0.00094	0.00185	0.00280	0.00384	0.71544	0.02869	0.23050	0.00228	0.00123	0.00034	0.00050	0.00199	0.00110	0.00096
10	0.00279	0.90738	0.03608	0.00184	0.00274	0.00403	0.00186	0.00315	0.00213	0.01571	0.00150	0.00173	0.00136	0.00091	0.00072	0.00023	0.01345	0.00058	0.00046	0.00135
11	0.00163	0.00116	0.00162	0.00186	0.00208	0.00116	0.00159	0.00207	0.00235	0.00307	0.00556	0.13450	0.00613	0.00294	0.00143	0.00047	0.00092	0.82755	0.00096	0.00095
12	0.00217	0.00186	0.00217	0.00155	0.00248	0.00139	0.00124	0.00263	0.00217	0.00340	0.00186	0.00217	0.00155	0.00077	0.00077	0.00015	0.00077	0.00062	0.00062	0.96967
13	0.00145	0.00106	0.00136	0.00131	0.00155	0.00097	0.00097	0.00190	0.00285	0.00399	0.82387	0.07233	0.07800	0.00225	0.00124	0.00034	0.00050	0.00198	0.00112	0.00097
14	0.00149	0.00100	0.00115	0.00118	0.00118	0.00099	0.00067	0.00151	0.00158	0.00210	0.00359	0.12167	0.00417	0.84794	0.00484	0.00094	0.00096	0.00169	0.00067	0.00066
15	0.00152	0.00101	0.00114	0.00114	0.00114	0.00101	0.00063	0.00152	0.00152	0.00203	0.00329	0.00684	0.00380	0.96329	0.00532	0.00101	0.00101	0.00152	0.00063	0.00063
16	0.00150	0.00108	0.00148	0.00148	0.00160	0.00119	0.00106	0.00175	0.00168	0.00236	0.04300	0.00519	0.00332	0.33432	0.59275	0.00139	0.00209	0.00129	0.00061	0.00083
17	0.00125	0.00104	0.00110	0.00113	0.00143	0.00088	0.00083	0.00151	0.00235	0.00286	0.05477	0.15196	0.76985	0.00271	0.00125	0.00036	0.00054	0.00230	0.00098	0.00088
18	0.00278	0.90824	0.04543	0.00185	0.00277	0.00405	0.00188	0.01839	0.00217	0.00256	0.00149	0.00171	0.00135	0.00090	0.00069	0.00023	0.00114	0.00057	0.00046	0.00136
19	0.00224	0.00199	0.01567	0.06616	0.06921	0.01293	0.00154	0.01330	0.00223	0.01121	0.00937	0.00229	0.00162	0.00083	0.00082	0.00019	0.00087	0.00068	0.00061	0.78623
20	0.01262	0.26630	0.59691	0.00262	0.01285	0.00287	0.01628	0.01924	0.01416	0.04437	0.00190	0.00215	0.00142	0.00099	0.00091	0.00030	0.00138	0.00074	0.00050	0.00150
21	0.00147	0.00104	0.00121	0.00123	0.00133	0.00101	0.00080	0.00160	0.00182	0.00241	0.07264	0.05255	0.13779	0.60234	0.06564	0.00086	0.00100	0.05177	0.00075	0.00074
22	0.00872	0.11526	0.06173	0.00179	0.00900	0.01558	0.00152	0.03876	0.03264	0.27841	0.12219	0.23307	0.01773	0.00185	0.00110	0.00034	0.00679	0.02147	0.03072	0.00132

[dist]
# distance from previous block
# <min> <max>
0	1

[block]
# block no. 6 follows, 314 sequences, length 20
# corresponding to MSA columns:
# 1361-1380
name=unknown_G
#
# <colnr> <probs for GDERKNQSTAVLIFYWHMCP>
#	G	D	E	R	K	N	Q	S	T	A	V	L	I	F	Y	W	H	M	C	P
0	0.00264	0.37112	0.28152	0.02683	0.04769	0.06787	0.01402	0.04065	0.08293	0.01373	0.00706	0.00767	0.00167	0.00689	0.01123	0.00031	0.00904	0.00515	0.00055	0.00143
1	0.00277	0.89417	0.04687	0.00189	0.00281	0.01843	0.01535	0.00315	0.00214	0.00251	0.00148	0.00172	0.00134	0.00090	0.00070	0.00023	0.00116	0.00058	0.00045	0.00135
2	0.00698	0.01390	0.01238	0.01961	0.02112	0.00149	0.00133	0.01912	0.00891	0.01808	0.01908	0.02704	0.01655	0.01715	0.01444	0.00022	0.00084	0.00078	0.00065	0.78035
3	0.01790	0.01535	0.02373	0.18376	0.13724	0.14155	0.12724	0.07798	0.02824	0.07154	0.00667	0.04561	0.00918	0.03349	0.03384	0.02902	0.00806	0.00764	0.00066	0.00132
4	0.00171	0.00119	0.00160	0.00178	0.00201	0.00118	0.00147	0.01127	0.03559	0.02071	0.03353	0.21965	0.00600	0.00279	0.00136	0.00045	0.00085	0.61976	0.03611	0.00099
5	0.00266	0.07590	0.13149	0.14805	0.14651	0.03833	0.03869	0.02310	0.00250	0.17223	0.11688	0.01063	0.01031	0.03690	0.01102	0.00036	0.00856	0.02375	0.00074	0.00138
6	0.28920	0.19820	0.02429	0.06033	0.04504	0.15519	0.00633	0.02690	0.02336	0.08254	0.00196	0.00782	0.00160	0.02609	0.01577	0.00416	0.02328	0.00602	0.00064	0.00128
7	0.00154	0.00129	0.02425	0.00143	0.00898	0.00114	0.02958	0.00846	0.04487	0.00354	0.44282	0.02888	0.28554	0.08291	0.00155	0.00039	0.00064	0.00186	0.02936	0.00099
8	0.01382	0.38959	0.09105	0.03711	0.05502	0.25891	0.01140	0.03770	0.04303	0.00290	0.00715	0.00207	0.00150	0.00104	0.00097	0.00028	0.04386	0.00071	0.00053	0.00135
9	0.00279	0.16248	0.13293	0.01988	0.00316	0.19400	0.02354	0.04609	0.22269	0.01676	0.00824	0.04083	0.00744	0.00132	0.00124	0.00032	0.10691	0.00731	0.00068	0.00139
10	0.00136	0.00139	0.07710	0.00131	0.00170	0.00103	0.00110	0.00174	0.00245	0.00313	0.20479	0.08593	0.58876	0.01153	0.00126	0.00036	0.00062	0.01254	0.00096	0.00095
11	0.07864	0.00185	0.00203	0.02530	0.00244	0.00204	0.01574	0.02319	0.50687	0.00403	0.10942	0.02820	0.14200	0.00176	0.00732	0.00036	0.00079	0.03974	0.00692	0.00136
12	0.00145	0.00111	0.00153	0.00186	0.07741	0.00102	0.00117	0.00169	0.00204	0.00278	0.00515	0.81058	0.00607	0.00289	0.00127	0.00039	0.00067	0.00262	0.00091	0.07740
13	0.01426	0.00277	0.00321	0.00249	0.00326	0.04304	0.07740	0.64516	0.01691	0.09862	0.00265	0.00286	0.00193	0.00128	0.00116	0.00033	0.04129	0.02419	0.01554	0.00166
14	0.00172	0.00148	0.00190	0.07748	0.00239	0.07741	0.00149	0.00211	0.00181	0.00245	0.00263	0.00382	0.00241	0.00676	0.80745	0.00146	0.00261	0.00107	0.00055	0.00097
15	0.00274	0.00212	0.00225	0.00201	0.00258	0.01429	0.00157	0.02302	0.75115	0.07958	0.00411	0.00390	0.00307	0.00140	0.00103	0.00034	0.00082	0.01084	0.09158	0.00159
16	0.00174	0.00123	0.00146	0.07701	0.00180	0.00129	0.00093	0.07715	0.00186	0.00247	0.00329	0.02935	0.01897	0.77215	0.00448	0.00088	0.00104	0.00147	0.00067	0.00077
17	0.00165	0.00146	0.07679	0.00138	0.00156	0.00126	0.00099	0.00199	0.07725	0.00233	0.00324	0.00615	0.00352	0.77987	0.03568	0.00093	0.00110	0.00142	0.00065	0.00080
18	0.01748	0.08209	0.27314	0.06681	0.29688	0.04496	0.02178	0.12073	0.00262	0.02271	0.00806	0.00253	0.00757	0.01663	0.00106	0.00032	0.00132	0.00087	0.00058	0.01186
19	0.00376	0.00209	0.03239	0.07768	0.00309	0.00199	0.00176	0.20186	0.06495	0.49099	0.08094	0.00378	0.01811	0.00137	0.00107	0.00033	0.00096	0.01014	0.00111	0.00163

[dist]
# distance from previous block
# <min> <max>
0	589

# created by:
# /home/berkeley/.conda/envs/busco_data_prod/bin/msa2prfl.pl pipeline/OGs_align_augustus/2759/1704689.fs
