[name]
unknown

[dist]
# distance from previous block
# <min> <max>
0	1111

[block]
# block no. 0 follows, 331 sequences, length 16
# corresponding to MSA columns:
# 1440-1454,1457
name=unknown_A
#
# <colnr> <probs for GDERKNQSTAVLIFYWHMCP>
#	G	D	E	R	K	N	Q	S	T	A	V	L	I	F	Y	W	H	M	C	P
0	0.03446	0.00185	0.00671	0.09923	0.02787	0.04116	0.07160	0.11872	0.04404	0.12483	0.04057	0.12987	0.03476	0.03923	0.02715	0.00519	0.02303	0.06173	0.01319	0.05481
1	0.03314	0.00836	0.01465	0.16781	0.03104	0.03741	0.04453	0.11537	0.03135	0.09909	0.01962	0.12047	0.03278	0.14081	0.00689	0.00554	0.02875	0.00613	0.02638	0.02988
2	0.04315	0.00781	0.01379	0.07605	0.01180	0.03600	0.03789	0.19085	0.09055	0.10310	0.03422	0.07101	0.03675	0.06992	0.05409	0.00674	0.05521	0.00532	0.01323	0.04253
3	0.12965	0.01389	0.00228	0.04232	0.02083	0.02032	0.02620	0.21752	0.08691	0.11861	0.02091	0.05663	0.02041	0.01568	0.12075	0.00048	0.02234	0.00724	0.04243	0.01459
4	0.06002	0.00655	0.01462	0.03900	0.02199	0.03027	0.01998	0.22830	0.06624	0.21171	0.03086	0.09511	0.04787	0.05423	0.02737	0.00039	0.01169	0.00662	0.00090	0.02628
5	0.04788	0.01241	0.00206	0.08516	0.00805	0.02372	0.02809	0.13444	0.08986	0.10150	0.01865	0.24827	0.05872	0.07104	0.02206	0.00612	0.00829	0.00663	0.00823	0.01882
6	0.02369	0.00726	0.00736	0.14440	0.07210	0.03147	0.11258	0.16461	0.04143	0.17344	0.03897	0.07439	0.02872	0.01975	0.01182	0.00035	0.02561	0.00115	0.01333	0.00757
7	0.02011	0.01048	0.01137	0.64510	0.00548	0.01314	0.04275	0.04296	0.00827	0.07795	0.00215	0.01281	0.00948	0.01188	0.02452	0.00036	0.00978	0.00093	0.02357	0.02692
8	0.02963	0.04566	0.00843	0.01407	0.01989	0.05283	0.00887	0.12186	0.01580	0.04680	0.00339	0.28300	0.00360	0.23851	0.01464	0.01464	0.03244	0.00604	0.01942	0.02049
9	0.03517	0.00189	0.00725	0.00802	0.01968	0.07169	0.15602	0.01923	0.01860	0.22827	0.04849	0.18382	0.04463	0.04026	0.00951	0.00036	0.01525	0.02050	0.00084	0.07052
10	0.02215	0.01421	0.00301	0.01333	0.04178	0.07259	0.01017	0.69723	0.02013	0.02649	0.00225	0.00236	0.00165	0.00119	0.00113	0.00031	0.06669	0.00087	0.00088	0.00158
11	0.00274	0.00208	0.00226	0.00196	0.00254	0.00233	0.00154	0.13031	0.66104	0.09150	0.06386	0.00374	0.00319	0.00136	0.00101	0.00033	0.00080	0.00112	0.02474	0.00154
12	0.00123	0.00088	0.00117	0.00140	0.00146	0.00082	0.00095	0.00141	0.00192	0.00255	0.00547	0.93024	0.00654	0.00310	0.00127	0.00041	0.00059	0.03686	0.00092	0.00081
13	0.00181	0.00110	0.00143	0.00133	0.00163	0.00101	0.00100	0.00225	0.01519	0.13747	0.60683	0.13118	0.07496	0.00207	0.00115	0.00032	0.00054	0.00182	0.01588	0.00103
14	0.00137	0.00099	0.00120	0.00122	0.00143	0.00091	0.00088	0.00165	0.00222	0.01976	0.27176	0.20407	0.28946	0.11157	0.06014	0.00049	0.00070	0.01405	0.01528	0.00085
15	0.03382	0.00133	0.00172	0.00152	0.00197	0.00120	0.00118	0.00314	0.01275	0.43752	0.15750	0.24077	0.06649	0.01619	0.00116	0.00035	0.00070	0.01837	0.00108	0.00125

[dist]
# distance from previous block
# <min> <max>
6	13

[block]
# block no. 1 follows, 331 sequences, length 9
# corresponding to MSA columns:
# 1476-1478,1480-1485
name=unknown_B
#
# <colnr> <probs for GDERKNQSTAVLIFYWHMCP>
#	G	D	E	R	K	N	Q	S	T	A	V	L	I	F	Y	W	H	M	C	P
0	0.00132	0.00095	0.00120	0.00130	0.00146	0.00087	0.00091	0.00156	0.00212	0.01704	0.16328	0.53374	0.18355	0.03142	0.00138	0.01747	0.00058	0.02315	0.00093	0.01578
1	0.01954	0.06747	0.01810	0.01072	0.14732	0.24540	0.05720	0.10666	0.10574	0.10951	0.04364	0.03133	0.01407	0.00968	0.00101	0.00030	0.00121	0.00902	0.00073	0.00137
2	0.02523	0.03568	0.02018	0.00187	0.01953	0.05585	0.01622	0.12655	0.02935	0.12768	0.02259	0.01050	0.01189	0.00102	0.00092	0.00023	0.02477	0.01198	0.00074	0.45722
3	0.14078	0.01418	0.01303	0.01382	0.00250	0.02962	0.02829	0.28323	0.01834	0.18751	0.02991	0.03163	0.15842	0.00142	0.00097	0.00031	0.00089	0.00113	0.00955	0.03447
4	0.00308	0.00232	0.00249	0.00207	0.00272	0.00258	0.00166	0.39942	0.45517	0.05885	0.03104	0.00325	0.00262	0.00129	0.00100	0.00032	0.00090	0.00104	0.02660	0.00159
5	0.01422	0.00101	0.00142	0.02139	0.00173	0.00098	0.03531	0.01504	0.00198	0.00268	0.04521	0.74243	0.02093	0.03814	0.03712	0.00046	0.00073	0.01748	0.00088	0.00085
6	0.02955	0.00318	0.00272	0.01466	0.01534	0.33963	0.00181	0.34542	0.02645	0.09112	0.01721	0.00238	0.00174	0.00116	0.00107	0.00029	0.05844	0.00082	0.02853	0.01846
7	0.02279	0.00178	0.00225	0.00179	0.00248	0.00170	0.00146	0.06857	0.14468	0.66367	0.05626	0.00356	0.00285	0.00128	0.00100	0.00031	0.00082	0.00104	0.02009	0.00161
8	0.00135	0.00100	0.00119	0.00119	0.00144	0.00089	0.00087	0.00167	0.00239	0.02530	0.36435	0.19827	0.36766	0.02632	0.00128	0.00036	0.00052	0.00209	0.00099	0.00088

[dist]
# distance from previous block
# <min> <max>
1	2

[block]
# block no. 2 follows, 331 sequences, length 6
# corresponding to MSA columns:
# 1488-1493
name=unknown_C
#
# <colnr> <probs for GDERKNQSTAVLIFYWHMCP>
#	G	D	E	R	K	N	Q	S	T	A	V	L	I	F	Y	W	H	M	C	P
0	0.00446	0.00169	0.00231	0.00177	0.00254	0.00146	0.00146	0.00484	0.00285	0.95955	0.00392	0.00338	0.00246	0.00123	0.00100	0.00031	0.00085	0.00100	0.00123	0.00169
1	0.09866	0.00178	0.00226	0.00175	0.00251	0.00163	0.00145	0.05995	0.00284	0.81109	0.00359	0.00315	0.00228	0.00120	0.00096	0.00031	0.00085	0.00095	0.00116	0.00163
2	0.08390	0.00237	0.02616	0.06634	0.27028	0.03066	0.14793	0.13184	0.08959	0.04897	0.02130	0.02132	0.01936	0.00111	0.00103	0.00031	0.01561	0.00100	0.01952	0.00141
3	0.00252	0.01518	0.01880	0.09412	0.41810	0.01551	0.18702	0.05183	0.00239	0.07611	0.02414	0.01609	0.00191	0.01943	0.01451	0.00034	0.02046	0.00100	0.01914	0.00141
4	0.00149	0.00098	0.00124	0.00133	0.00152	0.00089	0.00094	0.00173	0.00212	0.07716	0.09011	0.55464	0.19433	0.03649	0.00136	0.00040	0.00060	0.03083	0.00095	0.00089
5	0.70331	0.00204	0.00181	0.00163	0.02956	0.03634	0.01869	0.05799	0.00203	0.03746	0.02769	0.00217	0.02805	0.00103	0.00076	0.00030	0.01794	0.00068	0.00067	0.02983

[dist]
# distance from previous block
# <min> <max>
0	5

[block]
# block no. 3 follows, 331 sequences, length 9
# corresponding to MSA columns:
# 1519-1527
name=unknown_D
#
# <colnr> <probs for GDERKNQSTAVLIFYWHMCP>
#	G	D	E	R	K	N	Q	S	T	A	V	L	I	F	Y	W	H	M	C	P
0	0.01673	0.20892	0.13630	0.00242	0.08765	0.01986	0.02299	0.21095	0.04814	0.00373	0.00193	0.00216	0.00152	0.00095	0.00088	0.00025	0.01334	0.00073	0.00063	0.21992
1	0.00140	0.00103	0.00125	0.00120	0.00147	0.00092	0.00090	0.00177	0.00255	0.02773	0.53785	0.04500	0.33445	0.00241	0.03531	0.00037	0.00057	0.00189	0.00101	0.00092
2	0.00289	0.07822	0.02297	0.01365	0.00274	0.03087	0.00173	0.24715	0.39761	0.06410	0.01664	0.00314	0.01511	0.01503	0.00119	0.00033	0.07136	0.00099	0.01278	0.00149
3	0.17967	0.00133	0.00151	0.00137	0.00179	0.00131	0.00107	0.00286	0.01820	0.24265	0.13089	0.17076	0.02625	0.00167	0.00096	0.00032	0.00065	0.02807	0.18754	0.00113
4	0.00132	0.00092	0.00117	0.00132	0.00142	0.00086	0.00089	0.00150	0.00195	0.02157	0.05694	0.67266	0.07895	0.13218	0.00176	0.00047	0.00063	0.02177	0.00089	0.00081
5	0.00162	0.00109	0.00137	0.00132	0.00160	0.00101	0.00099	0.00210	0.04681	0.07755	0.48361	0.18785	0.16597	0.00224	0.00117	0.00034	0.00055	0.02079	0.00104	0.00098
6	0.03208	0.00167	0.00198	0.00162	0.00222	0.04590	0.00130	0.01485	0.03403	0.55661	0.12500	0.02674	0.04221	0.01928	0.00107	0.00031	0.00079	0.00116	0.06965	0.02154
7	0.80843	0.02232	0.00173	0.00159	0.04638	0.00223	0.00122	0.01941	0.02189	0.04031	0.02598	0.00193	0.00142	0.00097	0.00068	0.00031	0.00080	0.00062	0.00066	0.00114
8	0.04708	0.05058	0.04384	0.00238	0.08105	0.03732	0.01433	0.34972	0.13164	0.09589	0.01230	0.00267	0.00194	0.01130	0.00112	0.03482	0.01389	0.00088	0.01008	0.05716

[dist]
# distance from previous block
# <min> <max>
1	9

[block]
# block no. 4 follows, 331 sequences, length 19
# corresponding to MSA columns:
# 1539-1541,1543-1557,1563
name=unknown_E
#
# <colnr> <probs for GDERKNQSTAVLIFYWHMCP>
#	G	D	E	R	K	N	Q	S	T	A	V	L	I	F	Y	W	H	M	C	P
0	0.01284	0.10041	0.38939	0.01182	0.08938	0.01870	0.08653	0.02835	0.03354	0.07565	0.02833	0.02361	0.01823	0.00113	0.00111	0.00031	0.06465	0.00822	0.00058	0.00721
1	0.02233	0.06017	0.28207	0.00293	0.09368	0.00763	0.17233	0.06371	0.03766	0.18259	0.01876	0.03255	0.01083	0.00110	0.00101	0.00031	0.00721	0.00098	0.00069	0.00146
2	0.00280	0.00151	0.02132	0.00188	0.07128	0.00133	0.00137	0.01971	0.02114	0.40344	0.21376	0.14719	0.05795	0.01259	0.00113	0.00033	0.00074	0.00150	0.01773	0.00131
3	0.01623	0.00223	0.00266	0.00954	0.09941	0.02873	0.00877	0.39090	0.03052	0.29069	0.02580	0.03178	0.00232	0.01936	0.00107	0.00031	0.00099	0.00101	0.03611	0.00155
4	0.03082	0.00230	0.00890	0.02794	0.57545	0.04185	0.05437	0.05667	0.02753	0.06441	0.02868	0.02076	0.00715	0.01368	0.00104	0.00031	0.00113	0.00097	0.03459	0.00146
5	0.00985	0.00140	0.00181	0.01336	0.05900	0.02208	0.01905	0.00726	0.02241	0.04691	0.34801	0.12449	0.14343	0.02593	0.01325	0.00036	0.08007	0.00769	0.00661	0.04705
6	0.00922	0.08163	0.09258	0.00310	0.22224	0.03395	0.09641	0.06509	0.01773	0.10163	0.01022	0.06930	0.00838	0.00122	0.01416	0.00030	0.02508	0.00098	0.00065	0.14615
7	0.71259	0.01294	0.00177	0.00150	0.00213	0.07313	0.00122	0.07565	0.00208	0.03815	0.01318	0.01761	0.00140	0.00100	0.00070	0.00030	0.00087	0.00064	0.00067	0.04247
8	0.00134	0.00100	0.00125	0.00126	0.00148	0.00091	0.00092	0.00172	0.01139	0.00335	0.50663	0.25121	0.16522	0.01546	0.00124	0.00035	0.00052	0.01474	0.00100	0.01900
9	0.03658	0.08707	0.11800	0.00279	0.13378	0.04457	0.03360	0.36566	0.06811	0.07949	0.00808	0.00249	0.00752	0.00109	0.00096	0.00030	0.00673	0.00086	0.00077	0.00153
10	0.01029	0.00244	0.02894	0.04672	0.63462	0.02055	0.10289	0.05081	0.02693	0.04630	0.00210	0.01916	0.00171	0.00097	0.00101	0.00030	0.00122	0.00095	0.00057	0.00151
11	0.00135	0.00100	0.00123	0.00120	0.00144	0.00090	0.00089	0.00175	0.00259	0.00357	0.64003	0.09096	0.21822	0.00221	0.00117	0.00032	0.00049	0.00193	0.02785	0.00090
12	0.00128	0.00093	0.00118	0.00131	0.00142	0.00088	0.00090	0.00147	0.00196	0.00259	0.08138	0.59074	0.12843	0.11921	0.02545	0.00954	0.01043	0.01923	0.00088	0.00080
13	0.00178	0.00130	0.00171	0.00761	0.01999	0.00135	0.00730	0.02193	0.05823	0.05913	0.50218	0.06448	0.05171	0.02344	0.04636	0.00041	0.09040	0.03170	0.00793	0.00104
14	0.00873	0.00174	0.01870	0.01822	0.00251	0.00158	0.02075	0.08853	0.03941	0.56124	0.17222	0.01011	0.02935	0.00142	0.00104	0.00031	0.00082	0.01420	0.00111	0.00803
15	0.00885	0.26688	0.22785	0.00270	0.07866	0.01624	0.11766	0.11721	0.06279	0.05564	0.00219	0.00242	0.01804	0.00111	0.01733	0.00031	0.00124	0.00083	0.00060	0.00143
16	0.04380	0.13027	0.00318	0.00233	0.01111	0.26370	0.01577	0.26426	0.01548	0.05794	0.00188	0.00213	0.00148	0.00119	0.00133	0.00030	0.18105	0.00077	0.00067	0.00134
17	0.06700	0.28597	0.11437	0.00207	0.05749	0.01104	0.00183	0.06273	0.00239	0.21200	0.01171	0.00870	0.01002	0.00100	0.00082	0.00026	0.00100	0.00075	0.00069	0.14817
18	0.01483	0.03267	0.01919	0.01485	0.08795	0.03500	0.05812	0.06095	0.02696	0.39393	0.05427	0.07511	0.06235	0.00144	0.00106	0.00031	0.01376	0.02010	0.01621	0.01094

[dist]
# distance from previous block
# <min> <max>
5	28

[block]
# block no. 5 follows, 331 sequences, length 12
# corresponding to MSA columns:
# 1597,1598,1601-1610
name=unknown_F
#
# <colnr> <probs for GDERKNQSTAVLIFYWHMCP>
#	G	D	E	R	K	N	Q	S	T	A	V	L	I	F	Y	W	H	M	C	P
0	0.00313	0.00184	0.01772	0.00166	0.00249	0.00150	0.00137	0.05315	0.01823	0.39663	0.02027	0.00275	0.00206	0.00100	0.00087	0.00023	0.00081	0.00081	0.00089	0.47260
1	0.00202	0.04620	0.91910	0.00278	0.00423	0.00238	0.00359	0.00314	0.00210	0.00311	0.00177	0.00208	0.00126	0.00094	0.00093	0.00031	0.00145	0.00073	0.00042	0.00146
2	0.00286	0.01943	0.11590	0.04692	0.00960	0.21067	0.01013	0.12426	0.11859	0.09316	0.03652	0.00894	0.01664	0.01125	0.00102	0.00029	0.01723	0.00791	0.00073	0.14794
3	0.00148	0.00103	0.00134	0.01006	0.00158	0.00103	0.00101	0.00959	0.03862	0.01185	0.12651	0.33221	0.09195	0.08433	0.09245	0.10133	0.01004	0.05625	0.02650	0.00084
4	0.00362	0.00202	0.02242	0.00191	0.00262	0.00199	0.00158	0.14857	0.27097	0.48574	0.02921	0.00341	0.00267	0.00127	0.00100	0.00031	0.00086	0.00103	0.01718	0.00162
5	0.01585	0.02191	0.05331	0.03198	0.06233	0.03634	0.02615	0.03981	0.01519	0.07623	0.00198	0.00223	0.00155	0.00085	0.00082	0.00020	0.00091	0.00069	0.00063	0.61104
6	0.01622	0.00100	0.00130	0.00141	0.00156	0.00094	0.00099	0.02062	0.00214	0.05640	0.14104	0.68689	0.01706	0.01285	0.02123	0.00041	0.00064	0.01547	0.00095	0.00090
7	0.00134	0.00098	0.00120	0.00124	0.00145	0.00088	0.00090	0.00165	0.00235	0.01988	0.34984	0.30042	0.27150	0.02272	0.00128	0.00036	0.00054	0.01961	0.00098	0.00088
8	0.00195	0.00162	0.06119	0.02895	0.06388	0.00869	0.03622	0.02219	0.01616	0.10573	0.24886	0.23639	0.05217	0.02510	0.01896	0.00038	0.05071	0.01888	0.00087	0.00110
9	0.01844	0.05342	0.20381	0.02269	0.11842	0.01632	0.03876	0.10273	0.01373	0.27913	0.00925	0.07658	0.00223	0.00127	0.00106	0.00798	0.02126	0.01067	0.00079	0.00146
10	0.00240	0.00174	0.00184	0.00167	0.00208	0.07993	0.00127	0.07175	0.18742	0.15186	0.18214	0.20569	0.05381	0.02399	0.00118	0.00035	0.00078	0.01050	0.01839	0.00121
11	0.00214	0.00201	0.00369	0.00287	0.01868	0.00199	0.44138	0.01892	0.01324	0.06068	0.08821	0.08043	0.14002	0.00151	0.00139	0.00035	0.10956	0.00144	0.01031	0.00119

[dist]
# distance from previous block
# <min> <max>
0	2

[block]
# block no. 6 follows, 331 sequences, length 36
# corresponding to MSA columns:
# 1615-1650
name=unknown_G
#
# <colnr> <probs for GDERKNQSTAVLIFYWHMCP>
#	G	D	E	R	K	N	Q	S	T	A	V	L	I	F	Y	W	H	M	C	P
0	0.02393	0.05402	0.04834	0.03691	0.32274	0.02269	0.21877	0.08911	0.01905	0.12982	0.00920	0.01234	0.00178	0.00100	0.00101	0.00031	0.00124	0.00562	0.00065	0.00147
1	0.21943	0.06046	0.05625	0.02549	0.03294	0.08259	0.02776	0.09021	0.01922	0.00327	0.00707	0.03050	0.00213	0.20481	0.01987	0.00048	0.09177	0.02126	0.00342	0.00109
2	0.28320	0.04405	0.01358	0.01836	0.13634	0.22953	0.03196	0.13242	0.00651	0.00906	0.01050	0.01111	0.00148	0.00100	0.00084	0.00028	0.00404	0.00073	0.00380	0.06122
3	0.00157	0.00107	0.00139	0.00135	0.00149	0.00114	0.00094	0.00597	0.01673	0.03701	0.03825	0.01346	0.01896	0.45658	0.38385	0.00113	0.00884	0.00130	0.00063	0.00834
4	0.01733	0.00894	0.02445	0.00218	0.01529	0.02651	0.00174	0.29198	0.59080	0.00471	0.00334	0.00316	0.00248	0.00127	0.00099	0.00032	0.00093	0.00102	0.00096	0.00159
5	0.02164	0.00214	0.00288	0.00249	0.00254	0.02317	0.00206	0.00245	0.01580	0.01010	0.00148	0.00232	0.00142	0.00213	0.07563	0.00051	0.82881	0.00088	0.00046	0.00109
6	0.00126	0.00100	0.00112	0.00112	0.00139	0.00087	0.00082	0.00156	0.00238	0.00305	0.30233	0.09331	0.55636	0.02740	0.00128	0.00035	0.00051	0.00205	0.00097	0.00086
7	0.00155	0.00104	0.00127	0.00129	0.00151	0.00098	0.00095	0.01055	0.02206	0.04075	0.24888	0.24014	0.14801	0.10357	0.00156	0.00041	0.00062	0.08116	0.09280	0.00090
8	0.06898	0.00182	0.00226	0.00178	0.00249	0.00173	0.00146	0.11214	0.06332	0.67121	0.01174	0.00338	0.00244	0.02118	0.00106	0.00032	0.00086	0.01312	0.01711	0.00159
9	0.35598	0.00192	0.00200	0.00160	0.00232	0.00800	0.00131	0.10459	0.02473	0.29309	0.00259	0.00259	0.02183	0.00107	0.00082	0.00028	0.00082	0.00701	0.00085	0.16661
10	0.00848	0.00220	0.00274	0.00222	0.00271	0.01738	0.00183	0.24327	0.02640	0.32214	0.00252	0.00266	0.00183	0.00140	0.00181	0.00035	0.34825	0.00092	0.00086	0.01003
11	0.03260	0.01292	0.00273	0.00218	0.00289	0.02296	0.00177	0.60467	0.29713	0.00544	0.00284	0.00275	0.00207	0.00123	0.00098	0.00031	0.00100	0.00095	0.00097	0.00162
12	0.00388	0.00212	0.00249	0.00201	0.01744	0.03894	0.00162	0.27203	0.06669	0.51007	0.03276	0.00338	0.00252	0.00128	0.00101	0.00031	0.00094	0.02768	0.00109	0.01176
13	0.00184	0.00706	0.00149	0.00136	0.00153	0.01604	0.01840	0.05568	0.02594	0.06050	0.08632	0.04924	0.01998	0.58574	0.03648	0.01335	0.00775	0.00143	0.00902	0.00084
14	0.77104	0.00200	0.00168	0.00145	0.00209	0.01734	0.00119	0.06730	0.01441	0.09849	0.00876	0.00192	0.00135	0.00099	0.00069	0.00031	0.00081	0.00063	0.00071	0.00688
15	0.00242	0.00231	0.00391	0.10387	0.84674	0.00236	0.00300	0.01772	0.00227	0.00322	0.00187	0.00248	0.00155	0.00090	0.00099	0.00030	0.00119	0.00089	0.00049	0.00153
16	0.05813	0.06279	0.00295	0.00252	0.04791	0.58060	0.00189	0.17843	0.02486	0.02835	0.00181	0.00200	0.00143	0.00105	0.00089	0.00027	0.00149	0.00071	0.00063	0.00130
17	0.00130	0.00098	0.00120	0.00126	0.00145	0.00092	0.00090	0.00161	0.01900	0.00286	0.21443	0.35173	0.25302	0.07270	0.06487	0.00048	0.00071	0.00883	0.00091	0.00085
18	0.00141	0.00102	0.00127	0.00139	0.00157	0.00097	0.00101	0.00176	0.04698	0.02105	0.03617	0.47308	0.19701	0.06465	0.00149	0.00043	0.00065	0.14630	0.00092	0.00087
19	0.02253	0.00182	0.00209	0.00151	0.00238	0.00143	0.00121	0.04734	0.00218	0.00341	0.00179	0.00207	0.00147	0.00076	0.00075	0.00016	0.00075	0.00060	0.00061	0.90515
20	0.00193	0.00183	0.00303	0.90569	0.05158	0.01420	0.00276	0.00258	0.00201	0.00257	0.00177	0.00263	0.00134	0.00099	0.00099	0.00033	0.00132	0.00088	0.00044	0.00113
21	0.00211	0.00124	0.00157	0.00142	0.00177	0.00115	0.00108	0.04729	0.02562	0.19518	0.45740	0.14427	0.09695	0.01689	0.00120	0.00034	0.00061	0.00175	0.00107	0.00111
22	0.09513	0.00173	0.00220	0.00171	0.00244	0.00159	0.00141	0.05032	0.00279	0.77905	0.00358	0.00318	0.00230	0.00120	0.00095	0.00030	0.00083	0.00095	0.04676	0.00160
23	0.13443	0.00174	0.00220	0.00171	0.00245	0.00160	0.00141	0.02889	0.00274	0.79258	0.01773	0.00318	0.00236	0.00120	0.00095	0.00031	0.00084	0.00095	0.00114	0.00160
24	0.00191	0.00164	0.02247	0.01972	0.28895	0.00158	0.01851	0.06211	0.02500	0.01996	0.04781	0.43085	0.02227	0.00205	0.00115	0.00035	0.00697	0.02473	0.00078	0.00117
25	0.00127	0.00090	0.00118	0.00138	0.00145	0.00085	0.00093	0.00847	0.00194	0.00259	0.01849	0.82968	0.02407	0.05107	0.00145	0.00043	0.00061	0.03846	0.01397	0.00081
26	0.07467	0.82220	0.02147	0.00174	0.00257	0.05870	0.00170	0.00303	0.00204	0.00252	0.00140	0.00162	0.00126	0.00087	0.00066	0.00022	0.00109	0.00054	0.00044	0.00126
27	0.00181	0.00124	0.00152	0.00140	0.00673	0.00121	0.00106	0.08579	0.04135	0.04505	0.62476	0.05691	0.05110	0.00192	0.00112	0.00031	0.00057	0.00885	0.06627	0.00105
28	0.01404	0.00578	0.01093	0.00249	0.00331	0.02730	0.20966	0.35423	0.01051	0.25430	0.00271	0.00289	0.00193	0.00112	0.00102	0.00030	0.00114	0.02424	0.00664	0.06545
29	0.00558	0.00195	0.00301	0.00223	0.01126	0.00166	0.23845	0.01239	0.00522	0.10953	0.02111	0.01160	0.00194	0.00095	0.00093	0.00023	0.00783	0.02830	0.02013	0.51570
30	0.00130	0.00101	0.00116	0.00114	0.00142	0.00089	0.00085	0.00164	0.00247	0.01075	0.38601	0.04640	0.51454	0.01202	0.00122	0.00034	0.00051	0.01446	0.00099	0.00088
31	0.00352	0.00262	0.00281	0.00221	0.00296	0.00289	0.00181	0.73811	0.17845	0.03071	0.00272	0.00265	0.00195	0.00121	0.00099	0.00030	0.00102	0.00093	0.00100	0.02112
32	0.00261	0.89002	0.08039	0.00179	0.00269	0.00381	0.00186	0.00299	0.00203	0.00240	0.00141	0.00163	0.00127	0.00086	0.00066	0.00022	0.00110	0.00055	0.00042	0.00129
33	0.00133	0.00102	0.00118	0.00113	0.00143	0.00089	0.00085	0.00168	0.00253	0.01572	0.46059	0.00847	0.49507	0.00227	0.00117	0.00032	0.00049	0.00194	0.00101	0.00090
34	0.00170	0.00140	0.00153	0.00144	0.00183	0.00143	0.00111	0.02480	0.29927	0.00349	0.19790	0.04104	0.38314	0.00205	0.00113	0.00034	0.00061	0.03369	0.00099	0.00111
35	0.19060	0.04504	0.28443	0.00596	0.06490	0.00916	0.04781	0.13103	0.00588	0.19154	0.00511	0.00236	0.00159	0.00103	0.00091	0.00030	0.00417	0.00080	0.00593	0.00145

[dist]
# distance from previous block
# <min> <max>
4	25

[block]
# block no. 7 follows, 331 sequences, length 10
# corresponding to MSA columns:
# 1691-1700
name=unknown_H
#
# <colnr> <probs for GDERKNQSTAVLIFYWHMCP>
#	G	D	E	R	K	N	Q	S	T	A	V	L	I	F	Y	W	H	M	C	P
0	0.00240	0.00214	0.02500	0.00210	0.00268	0.00233	0.05776	0.01904	0.76843	0.01567	0.02496	0.03773	0.02067	0.00140	0.00103	0.00034	0.00084	0.00120	0.01280	0.00150
1	0.00144	0.00098	0.00115	0.00115	0.00117	0.00100	0.00068	0.00148	0.00146	0.00197	0.00308	0.00619	0.00348	0.85057	0.11937	0.00104	0.00117	0.00140	0.00059	0.00064
2	0.00164	0.00135	0.01934	0.01243	0.02617	0.00129	0.01635	0.01216	0.14865	0.00382	0.63025	0.04624	0.03933	0.01407	0.00119	0.00033	0.00061	0.02269	0.00101	0.00106
3	0.00191	0.00180	0.00302	0.89386	0.04102	0.00224	0.00275	0.00255	0.00198	0.00256	0.00175	0.00263	0.00133	0.00102	0.00107	0.00033	0.03571	0.00088	0.00044	0.00112
4	0.01545	0.00184	0.00212	0.00168	0.00240	0.00170	0.01418	0.02225	0.27900	0.01944	0.00262	0.02403	0.00214	0.02426	0.03786	0.00029	0.00085	0.00085	0.00073	0.54629
5	0.00128	0.00104	0.00113	0.00115	0.00145	0.00091	0.00088	0.00162	0.02028	0.00289	0.12758	0.02800	0.69335	0.01955	0.00126	0.00036	0.00055	0.09493	0.00094	0.00087
6	0.00142	0.00106	0.00157	0.00157	0.00174	0.00123	0.00121	0.00176	0.00159	0.00229	0.00269	0.00404	0.00254	0.05662	0.91204	0.00157	0.00258	0.00108	0.00054	0.00087
7	0.00446	0.00169	0.00231	0.00177	0.00254	0.00146	0.00146	0.00484	0.00285	0.95955	0.00392	0.00338	0.00246	0.00123	0.00100	0.00031	0.00085	0.00100	0.00123	0.00169
8	0.91465	0.00197	0.00155	0.00137	0.00199	0.00228	0.00112	0.05943	0.00187	0.00457	0.00144	0.00166	0.00111	0.00094	0.00064	0.00031	0.00079	0.00056	0.00064	0.00111
9	0.04090	0.00452	0.00280	0.00260	0.02794	0.87427	0.00192	0.02870	0.00281	0.00263	0.00156	0.00182	0.00129	0.00102	0.00089	0.00026	0.00172	0.00065	0.00053	0.00117

[dist]
# distance from previous block
# <min> <max>
0	4

[block]
# block no. 8 follows, 331 sequences, length 9
# corresponding to MSA columns:
# 1705-1713
name=unknown_I
#
# <colnr> <probs for GDERKNQSTAVLIFYWHMCP>
#	G	D	E	R	K	N	Q	S	T	A	V	L	I	F	Y	W	H	M	C	P
0	0.05452	0.00163	0.00214	0.00167	0.00238	0.00144	0.00137	0.00442	0.00275	0.80839	0.04939	0.00371	0.03647	0.00130	0.00099	0.00031	0.00080	0.00105	0.02369	0.00158
1	0.00127	0.00097	0.00116	0.00126	0.00146	0.00088	0.00092	0.00153	0.00218	0.00279	0.12380	0.34817	0.37350	0.03790	0.00137	0.00039	0.00058	0.09810	0.00093	0.00084
2	0.00296	0.00177	0.01819	0.00199	0.01814	0.00169	0.09508	0.13475	0.06410	0.31259	0.00363	0.14576	0.00300	0.00150	0.00102	0.00032	0.00087	0.03311	0.15817	0.00136
3	0.00244	0.00223	0.02614	0.02095	0.10777	0.00245	0.02213	0.01970	0.73697	0.00395	0.00359	0.00355	0.00274	0.00130	0.00107	0.00034	0.02419	0.01602	0.00090	0.00154
4	0.00141	0.00103	0.00130	0.00125	0.00148	0.00096	0.00092	0.00188	0.02554	0.00371	0.74570	0.08709	0.06998	0.03292	0.00129	0.00034	0.00050	0.00186	0.01990	0.00092
5	0.00241	0.00234	0.03537	0.21139	0.39956	0.00231	0.22304	0.01865	0.02417	0.05295	0.00206	0.00264	0.00159	0.00094	0.00103	0.00031	0.00130	0.00096	0.01558	0.00141
6	0.00282	0.00176	0.00204	0.00171	0.00221	0.00186	0.00136	0.32112	0.05398	0.15737	0.06878	0.01820	0.00294	0.07392	0.10687	0.00049	0.00104	0.02026	0.15999	0.00131
7	0.02027	0.05413	0.08577	0.03769	0.10072	0.11522	0.02039	0.20897	0.17653	0.02620	0.01806	0.03698	0.01149	0.00118	0.00097	0.00029	0.00889	0.00095	0.00074	0.07457
8	0.11243	0.41380	0.19195	0.00209	0.03478	0.00288	0.01698	0.04619	0.00222	0.10732	0.00183	0.00200	0.00142	0.00093	0.00078	0.00026	0.00108	0.00066	0.00057	0.05982

[dist]
# distance from previous block
# <min> <max>
0	4

[block]
# block no. 9 follows, 331 sequences, length 17
# corresponding to MSA columns:
# 1725,1731-1738,1743-1750
name=unknown_J
#
# <colnr> <probs for GDERKNQSTAVLIFYWHMCP>
#	G	D	E	R	K	N	Q	S	T	A	V	L	I	F	Y	W	H	M	C	P
0	0.04105	0.10137	0.03877	0.01211	0.14592	0.04485	0.00835	0.12737	0.02875	0.16895	0.00231	0.00244	0.01084	0.00099	0.00090	0.00025	0.01081	0.00078	0.00072	0.25244
1	0.00147	0.00117	0.00139	0.00131	0.01536	0.00103	0.00096	0.00192	0.03541	0.00330	0.37421	0.06014	0.32222	0.01797	0.01448	0.00033	0.00059	0.00172	0.00093	0.14409
2	0.00235	0.00215	0.00356	0.03171	0.75416	0.00218	0.01499	0.01095	0.01684	0.00328	0.00220	0.00278	0.01796	0.01006	0.00103	0.00030	0.01321	0.00092	0.10791	0.00146
3	0.00138	0.00099	0.00124	0.00129	0.00149	0.00092	0.00095	0.00170	0.00233	0.01246	0.36645	0.25135	0.16865	0.06425	0.00146	0.00040	0.00058	0.10228	0.01895	0.00087
4	0.01513	0.00100	0.00118	0.00124	0.00141	0.00093	0.00086	0.00164	0.00204	0.02984	0.12709	0.28117	0.23537	0.23297	0.00213	0.00051	0.00067	0.05474	0.00928	0.00082
5	0.00265	0.00221	0.00234	0.00205	0.00264	0.00253	0.00161	0.15929	0.78015	0.00446	0.00381	0.02610	0.00290	0.00136	0.00101	0.00033	0.00083	0.00113	0.00101	0.00157
6	0.00140	0.00103	0.00127	0.00122	0.00148	0.00094	0.00091	0.00183	0.01403	0.01277	0.68183	0.02169	0.22682	0.01567	0.00123	0.00033	0.00050	0.01309	0.00104	0.00092
7	0.00188	0.00177	0.00298	0.96268	0.00685	0.00221	0.00276	0.00254	0.00199	0.00254	0.00177	0.00265	0.00133	0.00099	0.00099	0.00033	0.00133	0.00088	0.00044	0.00110
8	0.47367	0.00201	0.00201	0.00164	0.00234	0.00214	0.01950	0.14019	0.07144	0.15380	0.00229	0.00233	0.01449	0.00104	0.00079	0.00029	0.00084	0.00074	0.00079	0.10767
9	0.00263	0.00218	0.00231	0.00204	0.00263	0.00250	0.00160	0.08402	0.85642	0.02608	0.00391	0.00359	0.00291	0.00133	0.00101	0.00033	0.00081	0.00110	0.00102	0.00159
10	0.02512	0.00220	0.00250	0.00195	0.00269	0.04352	0.00160	0.33959	0.03543	0.49397	0.00320	0.00295	0.00213	0.00120	0.00097	0.00030	0.00096	0.00094	0.03716	0.00162
11	0.00145	0.00096	0.00110	0.00110	0.00111	0.00097	0.00062	0.00145	0.00144	0.00193	0.00308	0.00633	0.00353	0.91274	0.02508	0.03350	0.00100	0.00142	0.00060	0.00060
12	0.02742	0.15502	0.33204	0.00217	0.01912	0.01224	0.01937	0.02906	0.00939	0.12825	0.00202	0.00220	0.00151	0.00092	0.00085	0.00025	0.00110	0.00071	0.00060	0.25574
13	0.01797	0.00180	0.00239	0.01935	0.12717	0.01535	0.00728	0.01874	0.01470	0.38297	0.05636	0.03288	0.01205	0.01020	0.00100	0.00027	0.00794	0.00879	0.00088	0.26192
14	0.02911	0.01939	0.01102	0.00173	0.00245	0.00161	0.00143	0.07032	0.02947	0.63007	0.05334	0.01677	0.01247	0.00131	0.00786	0.00030	0.00084	0.00937	0.01641	0.08473
15	0.06971	0.02901	0.22495	0.00863	0.06728	0.00212	0.04638	0.11871	0.06602	0.16312	0.01212	0.01553	0.01417	0.00107	0.00094	0.00029	0.00756	0.00087	0.00073	0.15078
16	0.02871	0.05275	0.10440	0.00802	0.01668	0.00828	0.02662	0.07453	0.17969	0.16251	0.08442	0.10017	0.04367	0.01165	0.00107	0.00032	0.00522	0.03021	0.00697	0.05411

[dist]
# distance from previous block
# <min> <max>
12	25

[block]
# block no. 10 follows, 331 sequences, length 12
# corresponding to MSA columns:
# 1778-1789
name=unknown_K
#
# <colnr> <probs for GDERKNQSTAVLIFYWHMCP>
#	G	D	E	R	K	N	Q	S	T	A	V	L	I	F	Y	W	H	M	C	P
0	0.04353	0.05318	0.05781	0.00221	0.07831	0.01333	0.02098	0.15593	0.08044	0.19810	0.05674	0.01858	0.02262	0.00796	0.01152	0.01904	0.01020	0.00861	0.00968	0.13124
1	0.00947	0.07372	0.11158	0.00214	0.02680	0.11809	0.03343	0.11783	0.09326	0.13138	0.11995	0.02752	0.02415	0.00803	0.00671	0.00629	0.01154	0.01650	0.00588	0.05574
2	0.25807	0.15158	0.02385	0.02208	0.02691	0.03454	0.01909	0.12982	0.08730	0.05307	0.01567	0.01111	0.05775	0.00114	0.00084	0.00029	0.00708	0.00085	0.05149	0.04746
3	0.04482	0.01918	0.01016	0.01772	0.22238	0.02807	0.04359	0.05682	0.04039	0.03979	0.06085	0.21558	0.04395	0.00167	0.00835	0.00033	0.01682	0.02645	0.00074	0.10233
4	0.00316	0.00233	0.00252	0.00205	0.00271	0.00255	0.00165	0.52151	0.26803	0.06312	0.06023	0.00354	0.05929	0.00137	0.00102	0.00031	0.00092	0.00109	0.00102	0.00156
5	0.00226	0.02288	0.38269	0.11238	0.13100	0.01647	0.07911	0.03850	0.09546	0.03203	0.01691	0.01037	0.01534	0.00746	0.00105	0.00910	0.00699	0.00838	0.01021	0.00140
6	0.00164	0.00100	0.00139	0.00137	0.00139	0.00107	0.00093	0.00146	0.00140	0.00191	0.00224	0.02841	0.00236	0.23364	0.11646	0.53634	0.06482	0.00108	0.00050	0.00058
7	0.00149	0.02134	0.08313	0.00157	0.02737	0.01318	0.01214	0.00191	0.00239	0.01356	0.37305	0.23158	0.20019	0.00221	0.00116	0.00034	0.00066	0.01087	0.00092	0.00097
8	0.18126	0.03583	0.13297	0.04534	0.14885	0.05184	0.01115	0.32866	0.01519	0.01642	0.00198	0.00222	0.00148	0.00104	0.00091	0.00030	0.00853	0.00079	0.01379	0.00144
9	0.02228	0.02675	0.28591	0.02283	0.05232	0.00234	0.32126	0.02420	0.06128	0.04255	0.00233	0.07179	0.00191	0.00115	0.00117	0.00033	0.05656	0.00108	0.00058	0.00136
10	0.00256	0.11903	0.33515	0.00272	0.06962	0.05738	0.05668	0.12273	0.14357	0.02311	0.00228	0.01605	0.00177	0.00109	0.00100	0.00030	0.02325	0.00976	0.01049	0.00145
11	0.02043	0.00131	0.01633	0.00155	0.01148	0.00125	0.00114	0.13569	0.01828	0.01925	0.08247	0.54209	0.11843	0.00252	0.00118	0.00037	0.00067	0.02361	0.00094	0.00100

[dist]
# distance from previous block
# <min> <max>
0	1

[block]
# block no. 11 follows, 331 sequences, length 28
# corresponding to MSA columns:
# 1791-1811,1817-1823
name=unknown_L
#
# <colnr> <probs for GDERKNQSTAVLIFYWHMCP>
#	G	D	E	R	K	N	Q	S	T	A	V	L	I	F	Y	W	H	M	C	P
0	0.01838	0.01250	0.00921	0.01041	0.02195	0.00229	0.13977	0.23783	0.23011	0.19178	0.08818	0.00345	0.01427	0.00127	0.00106	0.00032	0.01368	0.00109	0.00094	0.00150
1	0.01782	0.06317	0.04785	0.00466	0.58632	0.02549	0.08529	0.01919	0.03740	0.03435	0.02846	0.02245	0.01396	0.00809	0.00101	0.00030	0.00117	0.00097	0.00057	0.00147
2	0.02932	0.00922	0.00289	0.00224	0.00300	0.03338	0.00831	0.78650	0.08194	0.02304	0.00254	0.00252	0.00803	0.00120	0.00098	0.00030	0.00108	0.00091	0.00097	0.00164
3	0.01217	0.66163	0.20477	0.00197	0.00293	0.01669	0.00210	0.02900	0.01164	0.04681	0.00164	0.00183	0.00135	0.00091	0.00074	0.00024	0.00114	0.00061	0.00049	0.00135
4	0.00196	0.00177	0.00297	0.87597	0.04869	0.00217	0.00270	0.00260	0.00202	0.02568	0.00188	0.01172	0.00143	0.00102	0.00099	0.00033	0.00129	0.00091	0.01278	0.00113
5	0.00206	0.00177	0.00206	0.00147	0.00236	0.00133	0.00118	0.00250	0.00206	0.00324	0.00177	0.00206	0.00147	0.00074	0.00074	0.00015	0.00074	0.00059	0.00059	0.97114
6	0.00237	0.42822	0.49159	0.00233	0.00349	0.01059	0.01592	0.01399	0.00211	0.01878	0.00165	0.00191	0.00130	0.00091	0.00081	0.00027	0.00128	0.00066	0.00044	0.00139
7	0.00121	0.00087	0.00115	0.00137	0.00144	0.00081	0.00092	0.00139	0.00192	0.00254	0.00564	0.93158	0.03931	0.00309	0.00127	0.00040	0.00057	0.00280	0.00092	0.00081
8	0.27818	0.01656	0.01508	0.00195	0.00263	0.02161	0.06104	0.11001	0.27610	0.19699	0.00853	0.00277	0.00207	0.00114	0.00090	0.00031	0.00091	0.00089	0.00088	0.00144
9	0.06398	0.00261	0.00264	0.00213	0.00283	0.07926	0.00896	0.51479	0.18102	0.09770	0.03213	0.00279	0.00218	0.00122	0.00097	0.00030	0.00103	0.00093	0.00096	0.00156
10	0.00446	0.00169	0.00231	0.00177	0.00254	0.00146	0.00146	0.00484	0.00285	0.95955	0.00392	0.00338	0.00246	0.00123	0.00100	0.00031	0.00085	0.00100	0.00123	0.00169
11	0.04195	0.02346	0.06669	0.17741	0.32528	0.02239	0.00774	0.15737	0.04831	0.07466	0.00214	0.00251	0.00162	0.00101	0.00098	0.00030	0.01117	0.00086	0.00065	0.03350
12	0.00175	0.00151	0.00212	0.28326	0.09764	0.01655	0.00171	0.00722	0.06515	0.01067	0.31294	0.00547	0.17304	0.00165	0.00660	0.00033	0.00086	0.00141	0.00903	0.00109
13	0.00139	0.00102	0.00130	0.00123	0.00147	0.00093	0.00092	0.00184	0.00277	0.00387	0.87713	0.00761	0.09066	0.00207	0.00117	0.00031	0.00047	0.00182	0.00108	0.00093
14	0.00134	0.00101	0.00124	0.00118	0.00144	0.00091	0.00088	0.00175	0.00264	0.00359	0.68145	0.00800	0.26954	0.01915	0.00124	0.00033	0.00049	0.00187	0.00104	0.00090
15	0.02114	0.00259	0.00281	0.00219	0.00295	0.00285	0.00180	0.75605	0.09712	0.08581	0.00267	0.00260	0.00188	0.00121	0.00099	0.00030	0.00103	0.00092	0.01145	0.00166
16	0.97209	0.00192	0.00146	0.00131	0.00192	0.00223	0.00108	0.00292	0.00169	0.00446	0.00138	0.00161	0.00108	0.00092	0.00062	0.00031	0.00077	0.00054	0.00062	0.00108
17	0.97209	0.00192	0.00146	0.00131	0.00192	0.00223	0.00108	0.00292	0.00169	0.00446	0.00138	0.00161	0.00108	0.00092	0.00062	0.00031	0.00077	0.00054	0.00062	0.00108
18	0.00188	0.00177	0.00298	0.96268	0.00685	0.00221	0.00276	0.00254	0.00199	0.00254	0.00177	0.00265	0.00133	0.00099	0.00099	0.00033	0.00133	0.00088	0.00044	0.00110
19	0.71050	0.00186	0.00169	0.00143	0.00209	0.00202	0.00118	0.00341	0.00199	0.24866	0.00204	0.00207	0.00144	0.00100	0.00072	0.00031	0.00079	0.00066	0.00077	0.01540
20	0.00129	0.00093	0.00124	0.00146	0.00155	0.00088	0.00105	0.00153	0.00200	0.00266	0.03423	0.73252	0.02093	0.01213	0.00132	0.00042	0.00064	0.18149	0.00092	0.00083
21	0.00245	0.00236	0.00407	0.01996	0.91826	0.00236	0.02976	0.00305	0.00226	0.00324	0.00187	0.00247	0.00157	0.00089	0.00099	0.00030	0.00120	0.00089	0.00049	0.00156
22	0.00365	0.07118	0.00308	0.00230	0.00303	0.22370	0.00187	0.64384	0.02949	0.00505	0.00216	0.00223	0.00160	0.00113	0.00095	0.00028	0.00124	0.00082	0.00084	0.00153
23	0.40856	0.00206	0.01906	0.02332	0.22714	0.00210	0.01106	0.03753	0.01310	0.20703	0.00214	0.00230	0.00156	0.00099	0.00083	0.00030	0.00093	0.00076	0.00073	0.03854
24	0.00221	0.18458	0.71381	0.00262	0.01180	0.00263	0.00983	0.03962	0.00220	0.01265	0.00852	0.00207	0.00135	0.00095	0.00089	0.00029	0.00136	0.00072	0.00046	0.00144
25	0.02364	0.03637	0.07399	0.00252	0.00313	0.72091	0.03266	0.00388	0.06011	0.01349	0.00180	0.00699	0.00661	0.00105	0.00092	0.00027	0.00919	0.00071	0.00055	0.00121
26	0.00146	0.00096	0.00109	0.00109	0.00109	0.00096	0.00061	0.00144	0.00144	0.00192	0.00308	0.00637	0.00354	0.92821	0.00501	0.03814	0.00096	0.00142	0.00060	0.00060
27	0.01615	0.17636	0.10987	0.01439	0.44356	0.03774	0.07559	0.01792	0.00226	0.04370	0.01537	0.00234	0.00160	0.00096	0.00101	0.00029	0.03809	0.00083	0.00052	0.00144

[dist]
# distance from previous block
# <min> <max>
0	1

[block]
# block no. 12 follows, 331 sequences, length 10
# corresponding to MSA columns:
# 1825-1834
name=unknown_M
#
# <colnr> <probs for GDERKNQSTAVLIFYWHMCP>
#	G	D	E	R	K	N	Q	S	T	A	V	L	I	F	Y	W	H	M	C	P
0	0.00142	0.00104	0.00134	0.00147	0.00164	0.00102	0.00109	0.00180	0.04771	0.01904	0.05498	0.51902	0.13427	0.00290	0.02832	0.00043	0.01682	0.16389	0.00092	0.00090
1	0.00126	0.00094	0.00118	0.00135	0.00150	0.00086	0.00097	0.00150	0.00207	0.00268	0.04429	0.58555	0.22477	0.00289	0.00126	0.00039	0.00060	0.12416	0.00093	0.00083
2	0.00172	0.03391	0.22399	0.00192	0.00248	0.01289	0.01188	0.01117	0.01736	0.00269	0.02475	0.03661	0.01591	0.03139	0.47153	0.00096	0.02895	0.00969	0.00055	0.05964
3	0.01687	0.32472	0.06752	0.03961	0.14805	0.02668	0.01343	0.02354	0.04719	0.02057	0.00181	0.00209	0.00149	0.00088	0.00080	0.00023	0.00104	0.00068	0.00054	0.26227
4	0.00123	0.00088	0.00117	0.00139	0.00145	0.00083	0.00094	0.00141	0.00190	0.00253	0.00539	0.89368	0.00644	0.03795	0.00141	0.00043	0.00060	0.03867	0.00091	0.00080
5	0.00443	0.00175	0.00234	0.00179	0.00257	0.00154	0.00148	0.05295	0.00294	0.91132	0.00384	0.00333	0.00242	0.00123	0.00100	0.00031	0.00086	0.00099	0.00122	0.00169
6	0.01909	0.80421	0.07744	0.00192	0.02420	0.02213	0.00189	0.01997	0.00208	0.00253	0.00144	0.00168	0.00129	0.00088	0.00072	0.00023	0.01599	0.00057	0.00044	0.00130
7	0.00273	0.00212	0.01328	0.01490	0.46787	0.01039	0.05153	0.06266	0.03629	0.17158	0.03208	0.07014	0.01301	0.00119	0.00101	0.00030	0.00104	0.00109	0.01649	0.03028
8	0.00128	0.00092	0.00120	0.00139	0.00149	0.00086	0.00097	0.00148	0.00196	0.00259	0.02573	0.69142	0.08183	0.05148	0.00151	0.01819	0.00063	0.11338	0.00090	0.00081
9	0.62479	0.01747	0.02355	0.00185	0.03341	0.15196	0.01179	0.01739	0.00196	0.00387	0.01278	0.00182	0.00127	0.00101	0.00090	0.00031	0.07502	0.00062	0.00058	0.01765

[dist]
# distance from previous block
# <min> <max>
1	3

[block]
# block no. 13 follows, 331 sequences, length 29
# corresponding to MSA columns:
# 1839-1867
name=unknown_N
#
# <colnr> <probs for GDERKNQSTAVLIFYWHMCP>
#	G	D	E	R	K	N	Q	S	T	A	V	L	I	F	Y	W	H	M	C	P
0	0.02996	0.00172	0.00228	0.00177	0.00252	0.00153	0.00146	0.00481	0.04493	0.89213	0.00386	0.00335	0.00245	0.00123	0.00099	0.00031	0.00084	0.00099	0.00120	0.00167
1	0.00143	0.00103	0.00131	0.00124	0.00150	0.00094	0.00094	0.00187	0.00273	0.01858	0.80494	0.00772	0.12513	0.00210	0.00117	0.00032	0.00049	0.02455	0.00107	0.00094
2	0.97209	0.00192	0.00146	0.00131	0.00192	0.00223	0.00108	0.00292	0.00169	0.00446	0.00138	0.00161	0.00108	0.00092	0.00062	0.00031	0.00077	0.00054	0.00062	0.00108
3	0.03824	0.00170	0.00228	0.00175	0.00252	0.00149	0.00145	0.00478	0.00280	0.92621	0.00383	0.00332	0.00241	0.00122	0.00099	0.00031	0.00084	0.00098	0.00121	0.00167
4	0.00357	0.00268	0.00287	0.00225	0.00300	0.00299	0.00184	0.80661	0.15395	0.00593	0.00265	0.00259	0.00190	0.00122	0.00100	0.00030	0.00105	0.00093	0.00100	0.00167
5	0.00188	0.00177	0.00298	0.96268	0.00685	0.00221	0.00276	0.00254	0.00199	0.00254	0.00177	0.00265	0.00133	0.00099	0.00099	0.00033	0.00133	0.00088	0.00044	0.00110
6	0.00446	0.00169	0.00231	0.00177	0.00254	0.00146	0.00146	0.00484	0.00285	0.95955	0.00392	0.00338	0.00246	0.00123	0.00100	0.00031	0.00085	0.00100	0.00123	0.00169
7	0.00431	0.00166	0.00226	0.00174	0.00249	0.00144	0.00144	0.00470	0.00284	0.91300	0.05042	0.00358	0.00280	0.00127	0.00101	0.00031	0.00083	0.00104	0.00122	0.00165
8	0.00146	0.00103	0.00134	0.00126	0.00150	0.00095	0.00095	0.00192	0.00281	0.02164	0.92780	0.00738	0.02214	0.00202	0.00117	0.00031	0.00048	0.00179	0.00109	0.00095
9	0.00264	0.94652	0.02423	0.00172	0.00259	0.00390	0.00174	0.00298	0.00202	0.00235	0.00139	0.00160	0.00128	0.00085	0.00064	0.00021	0.00107	0.00054	0.00043	0.00128
10	0.01318	0.01511	0.04749	0.00191	0.00272	0.00185	0.00165	0.18839	0.00314	0.70859	0.00347	0.00309	0.00223	0.00120	0.00099	0.00030	0.00093	0.00096	0.00113	0.00167
11	0.90346	0.00205	0.02865	0.00137	0.00199	0.02072	0.00116	0.00291	0.00172	0.00433	0.00144	0.00174	0.00114	0.02320	0.00073	0.00032	0.00081	0.00057	0.00061	0.00108
12	0.00147	0.00104	0.00140	0.00140	0.00150	0.00114	0.00099	0.00164	0.00155	0.00216	0.00292	0.01268	0.00307	0.40404	0.44699	0.04666	0.02397	0.04406	0.00057	0.00075
13	0.00226	0.00119	0.00154	0.00136	0.00174	0.00109	0.00107	0.00273	0.01098	0.24800	0.54189	0.00598	0.00649	0.00173	0.00107	0.00031	0.00058	0.03410	0.13475	0.00113
14	0.01296	0.29330	0.00315	0.00168	0.00252	0.02995	0.00145	0.10934	0.00241	0.06809	0.00186	0.00203	0.00149	0.00087	0.00076	0.00020	0.00091	0.00063	0.00063	0.46575
15	0.00372	0.00461	0.00283	0.00254	0.00307	0.89679	0.00192	0.06782	0.00294	0.00269	0.00159	0.00183	0.00131	0.00104	0.00090	0.00026	0.00175	0.00066	0.00054	0.00119
16	0.00300	0.52449	0.08109	0.00199	0.00282	0.01573	0.00190	0.22500	0.01747	0.07784	0.00189	0.00202	0.00149	0.00101	0.00088	0.00026	0.03838	0.00069	0.00063	0.00142
17	0.00135	0.00095	0.00127	0.00148	0.00159	0.00090	0.00108	0.00159	0.00199	0.01336	0.00535	0.66591	0.01972	0.04028	0.00146	0.00859	0.00068	0.23071	0.00091	0.00083
18	0.00230	0.00264	0.01878	0.00406	0.00504	0.00244	0.90520	0.00311	0.00233	0.00316	0.00214	0.03995	0.00170	0.00093	0.00117	0.00034	0.00163	0.00123	0.00052	0.00132
19	0.00136	0.00101	0.00126	0.00120	0.00145	0.00092	0.00090	0.00178	0.00269	0.00370	0.74683	0.00790	0.22107	0.00214	0.00117	0.00032	0.00048	0.00186	0.00106	0.00092
20	0.97209	0.00192	0.00146	0.00131	0.00192	0.00223	0.00108	0.00292	0.00169	0.00446	0.00138	0.00161	0.00108	0.00092	0.00062	0.00031	0.00077	0.00054	0.00062	0.00108
21	0.00235	0.00268	0.00587	0.00419	0.00520	0.00251	0.95525	0.00318	0.00235	0.00318	0.00201	0.00268	0.00151	0.00084	0.00117	0.00034	0.00168	0.00117	0.00050	0.00134
22	0.00247	0.00214	0.00225	0.00202	0.00258	0.00247	0.00157	0.00528	0.95707	0.00416	0.00405	0.00371	0.00303	0.00135	0.00101	0.00034	0.00079	0.00112	0.00101	0.00157
23	0.97209	0.00192	0.00146	0.00131	0.00192	0.00223	0.00108	0.00292	0.00169	0.00446	0.00138	0.00161	0.00108	0.00092	0.00062	0.00031	0.00077	0.00054	0.00062	0.00108
24	0.00246	0.00232	0.00389	0.01532	0.86934	0.00233	0.01060	0.03991	0.00235	0.00335	0.01434	0.02553	0.00180	0.00097	0.00100	0.00030	0.00116	0.00095	0.00053	0.00155
25	0.00150	0.00138	0.00129	0.00124	0.00157	0.09118	0.00094	0.00186	0.02053	0.00301	0.24142	0.00822	0.60454	0.00224	0.00115	0.00032	0.00063	0.01514	0.00093	0.00091
26	0.00138	0.00101	0.00129	0.00123	0.00147	0.00093	0.00092	0.00182	0.00274	0.00383	0.84620	0.02046	0.10881	0.00210	0.00117	0.00032	0.00047	0.00184	0.00107	0.00093
27	0.00446	0.00169	0.00231	0.00177	0.00254	0.00146	0.00146	0.00484	0.00285	0.95955	0.00392	0.00338	0.00246	0.00123	0.00100	0.00031	0.00085	0.00100	0.00123	0.00169
28	0.00206	0.00177	0.00206	0.00147	0.00236	0.00133	0.00118	0.00250	0.00206	0.00324	0.00177	0.00206	0.00147	0.00074	0.00074	0.00015	0.00074	0.00059	0.00059	0.97114

[dist]
# distance from previous block
# <min> <max>
1	8

[block]
# block no. 14 follows, 331 sequences, length 8
# corresponding to MSA columns:
# 1876-1883
name=unknown_O
#
# <colnr> <probs for GDERKNQSTAVLIFYWHMCP>
