[name]
unknown

[dist]
# distance from previous block
# <min> <max>
7	421

[block]
# block no. 0 follows, 332 sequences, length 17
# corresponding to MSA columns:
# 624-639,645
name=unknown_A
#
# <colnr> <probs for GDERKNQSTAVLIFYWHMCP>
#	G	D	E	R	K	N	Q	S	T	A	V	L	I	F	Y	W	H	M	C	P
0	0.03477	0.00975	0.03986	0.01662	0.05926	0.02509	0.09568	0.15899	0.07969	0.13941	0.05856	0.11739	0.03497	0.01025	0.01934	0.01052	0.01705	0.01351	0.00493	0.05436
1	0.06744	0.03951	0.04928	0.04714	0.12166	0.01572	0.02362	0.10709	0.08897	0.14631	0.08629	0.11237	0.02335	0.01280	0.00107	0.00032	0.00789	0.01576	0.00639	0.02702
2	0.06799	0.02817	0.04299	0.04315	0.09187	0.05565	0.03280	0.16481	0.07551	0.09222	0.11043	0.02700	0.01194	0.00934	0.00739	0.00512	0.01007	0.01231	0.00883	0.10240
3	0.09124	0.03103	0.07480	0.02630	0.05035	0.04299	0.03109	0.10379	0.09397	0.10969	0.09747	0.05654	0.04870	0.05016	0.00738	0.01105	0.01146	0.00880	0.00080	0.05240
4	0.03067	0.01738	0.05192	0.03200	0.03415	0.01575	0.00137	0.03307	0.03695	0.10763	0.07627	0.10247	0.08681	0.11489	0.04182	0.01898	0.01672	0.01019	0.00076	0.17018
5	0.08898	0.03077	0.04303	0.03565	0.03792	0.06507	0.02464	0.13562	0.07207	0.06329	0.03540	0.02923	0.02288	0.00614	0.01008	0.00028	0.01051	0.00597	0.01582	0.26663
6	0.01423	0.05487	0.08182	0.06123	0.05967	0.02801	0.03620	0.09576	0.05647	0.15770	0.05740	0.04845	0.04557	0.01758	0.00610	0.00987	0.00620	0.01028	0.00077	0.15181
7	0.06639	0.02617	0.03354	0.07233	0.05794	0.05332	0.02304	0.04772	0.11463	0.14750	0.06865	0.08301	0.06905	0.02024	0.01204	0.00034	0.02713	0.01256	0.00555	0.05886
8	0.06988	0.02401	0.00945	0.03129	0.02497	0.06391	0.02531	0.21637	0.20841	0.18817	0.01308	0.00294	0.00216	0.00130	0.01596	0.00721	0.02056	0.01253	0.01030	0.05220
9	0.01332	0.11070	0.12335	0.12306	0.07139	0.08578	0.12215	0.10847	0.02646	0.03197	0.00205	0.00789	0.01311	0.00118	0.02455	0.00032	0.04776	0.00085	0.00058	0.08506
10	0.00230	0.00208	0.00311	0.25214	0.37450	0.03269	0.01891	0.01646	0.02994	0.03139	0.00214	0.01148	0.01652	0.00097	0.00094	0.00028	0.00110	0.00088	0.02803	0.17413
11	0.02068	0.00156	0.00196	0.04670	0.04287	0.01480	0.02573	0.07842	0.03277	0.16318	0.11637	0.02905	0.24997	0.03380	0.01438	0.02077	0.00810	0.02877	0.00088	0.06923
12	0.00147	0.00116	0.02671	0.00132	0.00160	0.00100	0.00103	0.00197	0.02417	0.01822	0.72957	0.07192	0.08580	0.00208	0.00116	0.00032	0.00053	0.01883	0.00104	0.01012
13	0.60348	0.00184	0.00175	0.01912	0.00219	0.00200	0.00123	0.02432	0.04457	0.24002	0.02360	0.01225	0.00178	0.00107	0.00076	0.00031	0.00079	0.00075	0.01692	0.00125
14	0.03803	0.00146	0.00204	0.14137	0.07363	0.02135	0.01260	0.01976	0.02599	0.05069	0.06432	0.04509	0.05452	0.02914	0.33518	0.04488	0.00824	0.02055	0.00065	0.01051
15	0.00171	0.00093	0.00137	0.00136	0.00137	0.00096	0.00094	0.00137	0.00134	0.00181	0.00191	0.03041	0.00195	0.01530	0.03508	0.84627	0.03917	0.01579	0.00046	0.00049
16	0.00131	0.00097	0.00134	0.00147	0.00159	0.00093	0.02799	0.01016	0.01286	0.00263	0.00527	0.77974	0.03890	0.01261	0.04519	0.00045	0.00072	0.03313	0.02188	0.00085

[dist]
# distance from previous block
# <min> <max>
2	17

[block]
# block no. 1 follows, 332 sequences, length 10
# corresponding to MSA columns:
# 674-683
name=unknown_B
#
# <colnr> <probs for GDERKNQSTAVLIFYWHMCP>
#	G	D	E	R	K	N	Q	S	T	A	V	L	I	F	Y	W	H	M	C	P
0	0.01473	0.00181	0.00192	0.00165	0.00214	0.01590	0.00129	0.28462	0.08972	0.01598	0.03979	0.06842	0.04930	0.00148	0.00096	0.00030	0.00078	0.01827	0.31629	0.07464
1	0.05953	0.00206	0.00239	0.00190	0.00258	0.00214	0.00155	0.30129	0.10621	0.37944	0.01446	0.00304	0.00223	0.01733	0.00112	0.00032	0.03928	0.00095	0.04091	0.02127
2	0.39951	0.00203	0.07427	0.00162	0.00228	0.00191	0.00141	0.08163	0.02514	0.25616	0.06633	0.00282	0.00221	0.02530	0.00106	0.03905	0.00085	0.00084	0.01429	0.00128
3	0.00181	0.00128	0.00171	0.11261	0.00240	0.00133	0.00139	0.08772	0.03167	0.03898	0.01850	0.36050	0.02120	0.01529	0.00146	0.07800	0.00082	0.21026	0.01210	0.00097
4	0.00163	0.00117	0.00143	0.00132	0.00162	0.00113	0.00100	0.05458	0.05812	0.02105	0.63801	0.05772	0.11672	0.00201	0.00113	0.00032	0.00054	0.00175	0.03773	0.00101
5	0.05687	0.00125	0.00154	0.07402	0.00196	0.00129	0.00107	0.01217	0.04000	0.13281	0.06284	0.03823	0.03124	0.41976	0.08824	0.01082	0.00104	0.01116	0.01276	0.00093
6	0.41573	0.01413	0.07434	0.00165	0.00234	0.00204	0.00145	0.09680	0.05600	0.22800	0.03675	0.01835	0.00205	0.01572	0.00089	0.00032	0.00085	0.00083	0.03044	0.00132
7	0.00240	0.00147	0.00175	0.00157	0.00204	0.00142	0.00126	0.09131	0.10781	0.22492	0.07705	0.04274	0.28643	0.00198	0.00113	0.00034	0.00073	0.15141	0.00102	0.00121
8	0.00143	0.00110	0.00141	0.00133	0.00156	0.00108	0.00102	0.00184	0.00259	0.00358	0.67255	0.00756	0.18169	0.00212	0.00134	0.00033	0.07330	0.04225	0.00100	0.00093
9	0.00167	0.00120	0.00145	0.00134	0.00164	0.00117	0.00103	0.02968	0.05118	0.05496	0.48914	0.04410	0.24208	0.00205	0.00123	0.00032	0.04484	0.00174	0.02817	0.00101

[dist]
# distance from previous block
# <min> <max>
3	20

[block]
# block no. 2 follows, 332 sequences, length 16
# corresponding to MSA columns:
# 706-721
name=unknown_C
#
# <colnr> <probs for GDERKNQSTAVLIFYWHMCP>
#	G	D	E	R	K	N	Q	S	T	A	V	L	I	F	Y	W	H	M	C	P
0	0.00994	0.00122	0.00150	0.00144	0.00174	0.00119	0.00108	0.00250	0.13789	0.10360	0.30386	0.24562	0.10747	0.01064	0.04973	0.00041	0.00071	0.01741	0.00099	0.00106
1	0.00248	0.00201	0.00211	0.00188	0.00242	0.00230	0.00147	0.08232	0.74399	0.00425	0.00379	0.00359	0.00285	0.00131	0.00096	0.00032	0.00076	0.00107	0.13863	0.00149
2	0.00200	0.00186	0.00295	0.74844	0.08383	0.00225	0.00261	0.00296	0.13758	0.00282	0.00209	0.00278	0.00158	0.00103	0.00099	0.00033	0.00123	0.00092	0.00053	0.00121
3	0.00142	0.13782	0.00173	0.00144	0.00161	0.00126	0.00105	0.00162	0.00192	0.00251	0.00488	0.80593	0.00579	0.00278	0.00118	0.00038	0.00065	0.02432	0.00085	0.00087
4	0.14014	0.00223	0.03425	0.00196	0.00256	0.00245	0.00158	0.04890	0.74544	0.00425	0.00351	0.00329	0.00263	0.00126	0.00095	0.00033	0.00082	0.00101	0.00093	0.00150
5	0.04081	0.00348	0.49783	0.18085	0.08121	0.00211	0.02439	0.01425	0.00201	0.00295	0.00197	0.00284	0.00163	0.13780	0.00153	0.00041	0.00132	0.00088	0.00047	0.00127
6	0.03590	0.00247	0.00271	0.00213	0.00283	0.00273	0.00175	0.75725	0.00407	0.03683	0.00244	0.00260	0.00180	0.00207	0.13727	0.00048	0.00129	0.00091	0.00092	0.00155
7	0.83472	0.00204	0.00167	0.00144	0.00208	0.00234	0.00119	0.13814	0.00211	0.00470	0.00152	0.00172	0.00116	0.00096	0.00067	0.00031	0.00081	0.00059	0.00067	0.00116
8	0.00147	0.00093	0.00124	0.00141	0.00153	0.00086	0.00096	0.00166	0.00197	0.08055	0.00534	0.88617	0.00622	0.00295	0.00124	0.00039	0.00060	0.00267	0.00095	0.00088
9	0.00377	0.00278	0.00297	0.00228	0.00307	0.00307	0.00188	0.95568	0.00466	0.00625	0.00238	0.00238	0.00169	0.00119	0.00099	0.00030	0.00109	0.00089	0.00099	0.00169
10	0.00145	0.00109	0.00139	0.00154	0.00180	0.00103	0.00130	0.00183	0.00227	0.00286	0.00694	0.01060	0.34130	0.00266	0.00130	0.00041	0.00077	0.61765	0.00092	0.00089
11	0.00201	0.00164	0.00183	0.00167	0.00209	0.00178	0.00128	0.02283	0.50458	0.00409	0.42080	0.00539	0.02255	0.00166	0.00108	0.00032	0.00065	0.00143	0.00104	0.00128
12	0.00235	0.36100	0.34685	0.01510	0.03193	0.05985	0.01871	0.01405	0.03356	0.00277	0.00176	0.00212	0.00144	0.00147	0.07916	0.00038	0.02498	0.00071	0.00047	0.00132
13	0.00172	0.00086	0.00129	0.00129	0.00129	0.00086	0.00086	0.00129	0.00129	0.00172	0.00172	0.00301	0.00172	0.00344	0.00387	0.97116	0.00086	0.00086	0.00043	0.00043
14	0.00243	0.01374	0.01210	0.23260	0.35133	0.06369	0.01658	0.06479	0.01054	0.01176	0.00176	0.00240	0.00145	0.00113	0.00147	0.00033	0.20919	0.00087	0.00051	0.00133
15	0.00174	0.00136	0.00164	0.00138	0.00188	0.00111	0.00102	0.00204	0.00197	0.01783	0.03981	0.26911	0.01860	0.11539	0.00147	0.01572	0.00071	0.00139	0.00071	0.50512

[dist]
# distance from previous block
# <min> <max>
2	5

[block]
# block no. 3 follows, 332 sequences, length 24
# corresponding to MSA columns:
# 727-743,761-767
name=unknown_D
#
# <colnr> <probs for GDERKNQSTAVLIFYWHMCP>
#	G	D	E	R	K	N	Q	S	T	A	V	L	I	F	Y	W	H	M	C	P
0	0.00999	0.00152	0.00227	0.10287	0.27449	0.00681	0.00793	0.00220	0.01870	0.01314	0.02819	0.27942	0.06747	0.09823	0.00154	0.01846	0.00090	0.02602	0.00070	0.03916
1	0.00199	0.00164	0.00196	0.00961	0.00901	0.00128	0.00117	0.00238	0.00203	0.01298	0.00216	0.07667	0.00198	0.00893	0.00921	0.02436	0.00075	0.01618	0.01143	0.80426
2	0.00206	0.00176	0.00206	0.00147	0.00235	0.00132	0.00117	0.00250	0.00206	0.00323	0.00176	0.00206	0.00147	0.00073	0.00073	0.00015	0.00073	0.00059	0.00059	0.97122
3	0.00962	0.00161	0.00228	0.10705	0.02239	0.00717	0.08991	0.08725	0.11273	0.04746	0.01714	0.21963	0.06742	0.02638	0.00129	0.01094	0.00707	0.16070	0.00083	0.00113
4	0.03629	0.09668	0.00286	0.00213	0.00281	0.11764	0.00173	0.38133	0.33973	0.00461	0.00273	0.00267	0.00205	0.00118	0.00094	0.00030	0.00105	0.00089	0.00087	0.00152
5	0.00245	0.11847	0.23371	0.01713	0.03340	0.02685	0.27875	0.02520	0.09358	0.05885	0.00225	0.01745	0.00751	0.00103	0.00107	0.00031	0.03632	0.00503	0.00058	0.04006
6	0.01365	0.09585	0.40793	0.05644	0.03811	0.01632	0.08228	0.02708	0.02242	0.18924	0.01723	0.00977	0.00175	0.00109	0.01036	0.00032	0.00126	0.00086	0.00063	0.00742
7	0.01419	0.19451	0.52544	0.00879	0.01475	0.00254	0.08866	0.00330	0.00985	0.11168	0.00200	0.00228	0.00147	0.00097	0.00092	0.00030	0.00762	0.00877	0.00053	0.00143
8	0.00172	0.00086	0.00129	0.00129	0.00129	0.00086	0.00086	0.00129	0.00129	0.00172	0.00172	0.00301	0.00172	0.00344	0.00387	0.97116	0.00086	0.00086	0.00043	0.00043
9	0.00875	0.05288	0.44686	0.01190	0.01250	0.04108	0.08880	0.00642	0.02969	0.02753	0.02141	0.06246	0.05069	0.00857	0.05241	0.00040	0.02081	0.05498	0.00058	0.00128
10	0.00998	0.08436	0.19968	0.04440	0.07258	0.01376	0.02657	0.11574	0.02903	0.26574	0.05120	0.04325	0.01162	0.00126	0.00486	0.00031	0.01304	0.00668	0.00448	0.00145
11	0.00203	0.01296	0.89128	0.00277	0.00417	0.01062	0.01212	0.00313	0.00210	0.01705	0.00185	0.00222	0.00134	0.00111	0.02345	0.00034	0.00148	0.00808	0.00044	0.00144
12	0.00145	0.00096	0.00114	0.00114	0.00116	0.00097	0.00067	0.00146	0.00146	0.00196	0.00307	0.02869	0.00348	0.81354	0.08177	0.05338	0.00108	0.00141	0.00059	0.00062
13	0.02132	0.18414	0.33493	0.03276	0.04003	0.02218	0.08781	0.07102	0.03335	0.12003	0.00273	0.01725	0.01515	0.00135	0.00114	0.00038	0.00648	0.00556	0.00077	0.00166
14	0.00243	0.00226	0.03002	0.12123	0.67550	0.01091	0.00720	0.00302	0.00650	0.06050	0.00766	0.02139	0.01325	0.00103	0.00102	0.00031	0.00905	0.01931	0.00594	0.00147
15	0.00142	0.00106	0.00158	0.00158	0.00175	0.00123	0.00122	0.00176	0.00159	0.00229	0.00267	0.00397	0.00251	0.03389	0.93482	0.00158	0.00261	0.00107	0.00053	0.00088
16	0.00232	0.00230	0.00418	0.20979	0.47909	0.00235	0.23910	0.02542	0.00228	0.00314	0.00195	0.00271	0.00158	0.00094	0.00104	0.00031	0.00132	0.01829	0.00050	0.00140
17	0.00847	0.01923	0.10866	0.03516	0.01684	0.06822	0.41514	0.06031	0.05544	0.13787	0.01873	0.03789	0.00200	0.00111	0.00536	0.00033	0.00612	0.00108	0.00067	0.00138
18	0.00233	0.00173	0.00195	0.00169	0.00205	0.00190	0.00126	0.30713	0.13455	0.00378	0.05399	0.00444	0.00304	0.33295	0.13344	0.00071	0.00993	0.00118	0.00080	0.00114
19	0.00214	0.00192	0.00210	0.00153	0.00239	0.05263	0.00121	0.00257	0.00210	0.00319	0.00175	0.00204	0.00146	0.00075	0.00074	0.00015	0.00079	0.00059	0.00058	0.91937
20	0.00203	0.06359	0.87224	0.00276	0.00417	0.00239	0.02188	0.00311	0.00210	0.00310	0.01290	0.00214	0.00136	0.00095	0.00093	0.00031	0.00143	0.00074	0.00043	0.00144
21	0.03080	0.00111	0.00155	0.00146	0.00160	0.00118	0.05191	0.00169	0.00154	0.00219	0.00271	0.00487	0.00283	0.44716	0.35650	0.08679	0.00161	0.00121	0.00056	0.00074
22	0.00233	0.00223	0.03162	0.02988	0.53419	0.00650	0.12754	0.02314	0.02388	0.03870	0.03057	0.08063	0.03800	0.00121	0.00108	0.00032	0.01809	0.00809	0.00061	0.00141
23	0.00161	0.00139	0.00218	0.15072	0.05612	0.00143	0.09874	0.00203	0.00854	0.01337	0.03465	0.23327	0.18754	0.01975	0.11336	0.00051	0.02256	0.05051	0.00073	0.00099

[dist]
# distance from previous block
# <min> <max>
1	35

[block]
# block no. 4 follows, 332 sequences, length 37
# corresponding to MSA columns:
# 807-843
name=unknown_E
#
# <colnr> <probs for GDERKNQSTAVLIFYWHMCP>
#	G	D	E	R	K	N	Q	S	T	A	V	L	I	F	Y	W	H	M	C	P
0	0.18201	0.20995	0.08836	0.05674	0.02196	0.12535	0.04313	0.06793	0.01964	0.01307	0.00167	0.00204	0.00136	0.00596	0.00898	0.01264	0.09210	0.00071	0.00054	0.04587
1	0.00152	0.00111	0.00148	0.00167	0.00191	0.00108	0.00143	0.00193	0.00225	0.00289	0.00599	0.03468	0.15825	0.01848	0.00140	0.00044	0.00084	0.76086	0.00091	0.00089
2	0.01780	0.07902	0.00850	0.00212	0.01350	0.04777	0.00803	0.20869	0.57379	0.02508	0.00326	0.00309	0.00244	0.00124	0.00096	0.00031	0.00093	0.00099	0.00092	0.00154
3	0.00126	0.00091	0.00120	0.00137	0.00148	0.00085	0.00096	0.00149	0.00205	0.00272	0.10528	0.70373	0.07567	0.01254	0.00130	0.00040	0.00059	0.08442	0.00093	0.00083
4	0.02065	0.22019	0.28330	0.00560	0.02426	0.06329	0.03002	0.16367	0.04066	0.05308	0.00197	0.00215	0.00149	0.00098	0.00089	0.00027	0.00857	0.00074	0.00061	0.07759
5	0.03472	0.22564	0.62833	0.01222	0.00379	0.00875	0.03109	0.01062	0.01237	0.01163	0.00172	0.00201	0.00130	0.00093	0.00089	0.00029	0.01114	0.00070	0.00045	0.00140
6	0.00144	0.00097	0.00110	0.00110	0.00111	0.00097	0.00063	0.00145	0.00145	0.00194	0.00310	0.00638	0.00356	0.92636	0.04379	0.00099	0.00103	0.00143	0.00060	0.00061
7	0.00242	0.00233	0.00402	0.06082	0.87576	0.00235	0.03167	0.00302	0.00224	0.00320	0.00186	0.00247	0.00155	0.00089	0.00099	0.00030	0.00120	0.00089	0.00049	0.00154
8	0.00597	0.00796	0.01414	0.14591	0.13473	0.02275	0.03578	0.07304	0.01354	0.01416	0.00251	0.01155	0.00247	0.37091	0.05636	0.06060	0.01241	0.01077	0.00344	0.00099
9	0.00129	0.00118	0.00109	0.00108	0.00142	0.04502	0.00081	0.00154	0.00228	0.00267	0.00965	0.00918	0.91453	0.00244	0.00116	0.00033	0.00056	0.00203	0.00090	0.00085
10	0.00149	0.00099	0.00138	0.00138	0.00147	0.00108	0.00097	0.00157	0.00148	0.00206	0.00258	0.00444	0.00263	0.28114	0.47545	0.21576	0.00177	0.00113	0.00053	0.00070
11	0.01798	0.00117	0.00162	0.00700	0.04568	0.01190	0.00118	0.00718	0.00163	0.02028	0.01208	0.03994	0.00267	0.16453	0.42071	0.19038	0.02877	0.01847	0.00602	0.00081
12	0.00160	0.00108	0.00152	0.00167	0.00185	0.00108	0.00139	0.00189	0.00905	0.00271	0.03037	0.02578	0.01662	0.01196	0.04250	0.18823	0.00095	0.65812	0.00081	0.00082
13	0.00199	0.00513	0.96003	0.00283	0.00429	0.00230	0.00366	0.00314	0.00209	0.00314	0.00178	0.00209	0.00126	0.00094	0.00094	0.00031	0.00146	0.00073	0.00042	0.00146
14	0.00158	0.00096	0.00143	0.00143	0.00150	0.00105	0.00103	0.00151	0.00143	0.00198	0.00217	0.00350	0.00211	0.03724	0.41807	0.51092	0.01000	0.00097	0.00048	0.00064
15	0.29800	0.00179	0.00189	0.00161	0.00218	0.00188	0.00130	0.15116	0.05642	0.24211	0.02457	0.03407	0.05819	0.05153	0.00728	0.00036	0.00084	0.05286	0.01067	0.00129
16	0.00217	0.00217	0.00304	0.00260	0.00260	0.00304	0.00217	0.00239	0.00152	0.00239	0.00130	0.00217	0.00130	0.00173	0.00325	0.00043	0.96335	0.00087	0.00043	0.00108
17	0.00187	0.00176	0.00297	0.96278	0.00683	0.00220	0.00275	0.00253	0.00198	0.00253	0.00176	0.00264	0.00132	0.00099	0.00099	0.00033	0.00132	0.00088	0.00044	0.00110
18	0.00166	0.00138	0.00799	0.00176	0.00204	0.04929	0.04526	0.01063	0.02086	0.00293	0.07356	0.13138	0.10753	0.03481	0.00145	0.02065	0.00088	0.48415	0.00087	0.00093
19	0.00160	0.00091	0.00129	0.00135	0.00141	0.00089	0.00093	0.00648	0.00163	0.02215	0.02603	0.30308	0.02086	0.01162	0.02858	0.53617	0.00081	0.02916	0.00444	0.00063
20	0.94337	0.00191	0.00148	0.00132	0.00194	0.00220	0.00108	0.00297	0.00172	0.03287	0.00146	0.00166	0.00111	0.00093	0.00062	0.00031	0.00077	0.00055	0.00063	0.00109
21	0.00194	0.00183	0.00312	0.88446	0.02337	0.00223	0.04657	0.01989	0.00205	0.00264	0.00179	0.00264	0.00134	0.00099	0.00100	0.00033	0.00133	0.00089	0.00045	0.00113
22	0.10084	0.00146	0.00168	0.00151	0.00191	0.00147	0.00115	0.10695	0.06439	0.17402	0.18099	0.18467	0.04471	0.10185	0.00147	0.00040	0.00074	0.02031	0.00833	0.00114
23	0.00139	0.00110	0.00125	0.00124	0.00152	0.00103	0.00092	0.00194	0.10007	0.00852	0.24513	0.18210	0.43816	0.00962	0.00120	0.00035	0.00054	0.00204	0.00097	0.00093
24	0.92764	0.00191	0.00150	0.00132	0.00195	0.00219	0.00109	0.00300	0.00174	0.04840	0.00150	0.00169	0.00114	0.00093	0.00063	0.00031	0.00077	0.00056	0.00064	0.00110
25	0.00982	0.00105	0.00133	0.00137	0.00160	0.00097	0.00100	0.00198	0.01608	0.11120	0.18833	0.44267	0.13460	0.03362	0.00132	0.00038	0.00061	0.05016	0.00098	0.00095
26	0.02083	0.00151	0.00187	0.00160	0.00209	0.00146	0.00127	0.08543	0.08002	0.34326	0.23571	0.02583	0.05510	0.04817	0.00934	0.00036	0.00076	0.06170	0.02240	0.00129
27	0.00144	0.00099	0.00122	0.00122	0.00130	0.00102	0.00080	0.00155	0.00158	0.00951	0.01279	0.03045	0.06042	0.61805	0.22199	0.01230	0.00130	0.02073	0.00063	0.00070
28	0.07349	0.00121	0.00146	0.00136	0.00170	0.00115	0.00102	0.00642	0.02168	0.19100	0.22492	0.17819	0.17884	0.06873	0.03363	0.00042	0.00071	0.01206	0.00096	0.00104
29	0.08182	0.00105	0.00126	0.00132	0.00153	0.00100	0.00095	0.00181	0.00214	0.05801	0.17397	0.50303	0.12899	0.02461	0.00125	0.00038	0.00059	0.01446	0.00094	0.00090
30	0.03381	0.00177	0.00204	0.00146	0.00233	0.00135	0.00117	0.00251	0.00204	0.00327	0.00175	0.00204	0.00146	0.00074	0.00073	0.00015	0.00074	0.00059	0.00059	0.93947
31	0.03705	0.00152	0.00187	0.00161	0.00209	0.00148	0.00124	0.04937	0.11644	0.41050	0.00391	0.14031	0.02131	0.13586	0.02039	0.02814	0.00085	0.01297	0.01180	0.00129
32	0.07561	0.00149	0.00177	0.00154	0.00203	0.00142	0.00121	0.06863	0.05633	0.31616	0.12853	0.10927	0.14670	0.01850	0.00112	0.00034	0.00072	0.04165	0.00736	0.01963
33	0.01213	0.00110	0.00155	0.00152	0.00173	0.00122	0.00116	0.00193	0.01905	0.04632	0.01943	0.02624	0.04260	0.08521	0.72130	0.01261	0.00218	0.00118	0.00061	0.00090
34	0.00145	0.00096	0.00110	0.00111	0.00113	0.00097	0.00065	0.00148	0.00149	0.00201	0.00322	0.03060	0.00368	0.87656	0.02658	0.00093	0.00098	0.02364	0.02083	0.00063
35	0.01536	0.00114	0.00149	0.00143	0.00167	0.00111	0.00105	0.01763	0.04982	0.14822	0.08595	0.18291	0.09473	0.02283	0.06070	0.28761	0.00085	0.02379	0.00081	0.00090
36	0.00852	0.00155	0.00220	0.15790	0.07798	0.00158	0.00164	0.05285	0.01634	0.28969	0.08611	0.10669	0.02555	0.02772	0.08324	0.01789	0.00860	0.02301	0.00968	0.00125

[dist]
# distance from previous block
# <min> <max>
6	42

[block]
# block no. 5 follows, 332 sequences, length 31
# corresponding to MSA columns:
# 908-938
name=unknown_F
#
# <colnr> <probs for GDERKNQSTAVLIFYWHMCP>
#	G	D	E	R	K	N	Q	S	T	A	V	L	I	F	Y	W	H	M	C	P
0	0.15337	0.02129	0.01761	0.13375	0.02803	0.01561	0.11506	0.13036	0.02659	0.09872	0.01708	0.02232	0.00179	0.01032	0.00106	0.00458	0.04221	0.00088	0.00069	0.15868
1	0.00972	0.00119	0.00151	0.00161	0.00184	0.01082	0.00725	0.02069	0.07311	0.00304	0.10327	0.29612	0.05612	0.01313	0.04399	0.00046	0.00083	0.35345	0.00091	0.00094
2	0.13052	0.00202	0.00292	0.05650	0.35974	0.00210	0.02504	0.02412	0.04380	0.16152	0.01088	0.01842	0.01671	0.00659	0.01363	0.00033	0.06565	0.01375	0.00896	0.03679
3	0.17784	0.00165	0.00204	0.05728	0.13355	0.01943	0.00511	0.02378	0.01801	0.07847	0.06979	0.14067	0.04882	0.02172	0.01431	0.05775	0.00936	0.01496	0.00073	0.10473
4	0.00623	0.00203	0.00311	0.47712	0.21841	0.03751	0.02384	0.02137	0.01627	0.01956	0.01803	0.00275	0.00166	0.00115	0.01426	0.00034	0.07123	0.01145	0.01968	0.03400
5	0.00149	0.00106	0.00133	0.00138	0.00157	0.00102	0.00099	0.04336	0.02824	0.02104	0.28139	0.47488	0.07870	0.02167	0.00128	0.00037	0.00059	0.03048	0.00823	0.00092
6	0.10460	0.00135	0.00158	0.00969	0.00187	0.00136	0.00113	0.08934	0.04338	0.13132	0.09139	0.40767	0.03674	0.04519	0.00131	0.01260	0.00070	0.00856	0.00480	0.00542
7	0.36919	0.00160	0.00633	0.00144	0.00196	0.00164	0.00114	0.01459	0.04858	0.23897	0.09412	0.10057	0.07137	0.03484	0.00105	0.00034	0.00073	0.00118	0.00918	0.00118
8	0.00624	0.00099	0.00120	0.00130	0.00147	0.00592	0.00092	0.00160	0.00200	0.03195	0.02821	0.45395	0.24900	0.07981	0.06787	0.00706	0.00076	0.04390	0.01500	0.00084
9	0.29467	0.00154	0.00156	0.00140	0.00183	0.00611	0.00107	0.06405	0.04754	0.15409	0.00784	0.11148	0.00925	0.12667	0.00139	0.00039	0.00076	0.00783	0.15941	0.00111
10	0.36924	0.00180	0.00186	0.00159	0.00218	0.00191	0.00127	0.08593	0.11114	0.26143	0.03628	0.07192	0.00792	0.00925	0.00091	0.00032	0.00079	0.00632	0.02662	0.00131
11	0.03932	0.00095	0.00121	0.00139	0.00150	0.00091	0.00097	0.00156	0.00191	0.01776	0.01224	0.75337	0.01187	0.07179	0.00151	0.00044	0.00064	0.07894	0.00089	0.00082
12	0.26399	0.00123	0.00120	0.00119	0.00153	0.00122	0.00089	0.00189	0.00211	0.00331	0.15208	0.17273	0.36515	0.02590	0.00113	0.00035	0.00059	0.00174	0.00086	0.00090
13	0.53399	0.00172	0.00161	0.00145	0.00197	0.00186	0.00114	0.00311	0.06039	0.13873	0.02879	0.09351	0.00761	0.04408	0.00102	0.00036	0.00077	0.00769	0.06902	0.00118
14	0.14627	0.00139	0.00150	0.00137	0.00168	0.00145	0.00098	0.04391	0.10665	0.11910	0.02188	0.06675	0.02647	0.41026	0.00268	0.00059	0.00084	0.01086	0.03436	0.00100
15	0.00234	0.00267	0.00585	0.00418	0.00518	0.00251	0.95538	0.00318	0.00234	0.00318	0.00201	0.00267	0.00150	0.00084	0.00117	0.00033	0.00167	0.00117	0.00050	0.00134
16	0.88892	0.00185	0.00145	0.00130	0.00188	0.00213	0.00105	0.00287	0.00170	0.02790	0.00155	0.00195	0.00126	0.05986	0.00089	0.00035	0.00078	0.00060	0.00063	0.00106
17	0.02668	0.00105	0.00133	0.00136	0.00155	0.00099	0.00095	0.00199	0.00207	0.13509	0.13464	0.45991	0.02368	0.18271	0.01037	0.00049	0.00070	0.01263	0.00091	0.00092
18	0.00126	0.00094	0.00117	0.00130	0.00147	0.00086	0.00093	0.00151	0.00213	0.00278	0.12165	0.50412	0.26444	0.00283	0.01027	0.00039	0.00059	0.07958	0.00094	0.00084
19	0.97217	0.00192	0.00146	0.00130	0.00192	0.00222	0.00107	0.00291	0.00169	0.00445	0.00138	0.00161	0.00107	0.00092	0.00061	0.00031	0.00077	0.00054	0.00061	0.00107
20	0.00173	0.00092	0.00139	0.06005	0.00163	0.00094	0.00098	0.00137	0.00133	0.00177	0.00172	0.00299	0.00170	0.00329	0.00370	0.91183	0.00089	0.00086	0.00043	0.00047
21	0.00154	0.00103	0.00153	0.06019	0.00187	0.00114	0.00116	0.00162	0.00152	0.00210	0.00243	0.02006	0.01166	0.05722	0.49742	0.33342	0.00181	0.00104	0.00051	0.00073
22	0.00160	0.00114	0.00160	0.00183	0.00205	0.00114	0.00160	0.00205	0.00228	0.00297	0.00525	0.01118	0.00570	0.00274	0.00137	0.00046	0.00091	0.95231	0.00091	0.00091
23	0.00140	0.00101	0.00132	0.00125	0.00148	0.00094	0.00094	0.00187	0.00281	0.00397	0.95846	0.00740	0.00935	0.00203	0.00117	0.00031	0.00047	0.00179	0.00109	0.00094
24	0.00246	0.00224	0.00378	0.14996	0.74354	0.00230	0.01426	0.00963	0.01585	0.04356	0.00197	0.00254	0.00159	0.00092	0.00099	0.00030	0.00118	0.00089	0.00053	0.00150
25	0.00377	0.00278	0.00297	0.00228	0.00307	0.00307	0.00188	0.95568	0.00466	0.00625	0.00238	0.00238	0.00169	0.00119	0.00099	0.00030	0.00109	0.00089	0.00099	0.00169
26	0.90102	0.00210	0.00156	0.00139	0.00200	0.06084	0.00113	0.01475	0.00179	0.00435	0.00140	0.00163	0.00109	0.00093	0.00064	0.00030	0.00083	0.00055	0.00061	0.00109
27	0.00122	0.00087	0.00116	0.00136	0.00144	0.00082	0.00092	0.00141	0.00195	0.00261	0.06374	0.88226	0.01970	0.01380	0.00130	0.00040	0.00057	0.00273	0.00093	0.00081
28	0.02509	0.11580	0.48567	0.01445	0.14567	0.02291	0.03916	0.05292	0.03156	0.02056	0.00790	0.00226	0.00655	0.00098	0.00098	0.00030	0.02450	0.00079	0.00051	0.00144
29	0.00233	0.26436	0.39806	0.06120	0.03976	0.01488	0.03152	0.04231	0.02348	0.02010	0.00687	0.00219	0.00145	0.00107	0.01500	0.00030	0.03343	0.00522	0.00049	0.03598
30	0.02638	0.21384	0.10894	0.04999	0.18018	0.02324	0.03961	0.03825	0.01037	0.02141	0.00723	0.00224	0.01134	0.00097	0.00104	0.00027	0.07761	0.00075	0.00053	0.18584

[dist]
# distance from previous block
# <min> <max>
1	42

[block]
# block no. 6 follows, 332 sequences, length 38
# corresponding to MSA columns:
# 981-989,1003-1007,1011-1013,1033-1053
name=unknown_G
#
# <colnr> <probs for GDERKNQSTAVLIFYWHMCP>
#	G	D	E	R	K	N	Q	S	T	A	V	L	I	F	Y	W	H	M	C	P
0	0.07662	0.24756	0.02789	0.05445	0.03815	0.05122	0.02712	0.14533	0.02835	0.19996	0.02591	0.00255	0.00679	0.00123	0.00891	0.04366	0.01139	0.00082	0.00073	0.00136
1	0.00184	0.00193	0.09247	0.05867	0.08126	0.00563	0.06497	0.00560	0.06836	0.01493	0.30623	0.00510	0.13144	0.01146	0.00546	0.00034	0.12090	0.00602	0.00077	0.01661
2	0.00214	0.00170	0.00205	0.05330	0.00253	0.00135	0.00125	0.00260	0.00963	0.06441	0.02823	0.00271	0.05041	0.00091	0.00080	0.00018	0.00075	0.00074	0.00065	0.77364
3	0.00207	0.00178	0.00293	0.85688	0.01499	0.00218	0.00264	0.01096	0.01988	0.06396	0.00194	0.00270	0.00143	0.00102	0.00101	0.00033	0.01074	0.00089	0.00051	0.00116
4	0.00142	0.00100	0.00132	0.00125	0.00147	0.00093	0.00093	0.00183	0.00272	0.00383	0.89313	0.00720	0.02269	0.00211	0.00131	0.05267	0.00049	0.00175	0.00105	0.00091
5	0.00363	0.02030	0.00299	0.01384	0.02125	0.02564	0.00190	0.83510	0.05586	0.00587	0.00241	0.00243	0.00173	0.00118	0.00098	0.00030	0.00109	0.00089	0.00095	0.00165
6	0.00245	0.00233	0.00425	0.00311	0.00393	0.00906	0.51671	0.03390	0.01151	0.07312	0.02342	0.00264	0.00174	0.00099	0.00129	0.00030	0.10832	0.00101	0.00060	0.19931
7	0.00147	0.00113	0.00165	0.01343	0.00184	0.00133	0.00126	0.00182	0.01081	0.00234	0.01420	0.01649	0.01679	0.05600	0.80122	0.00142	0.05425	0.00112	0.00055	0.00089
8	0.05418	0.00172	0.00280	0.85584	0.00625	0.00213	0.00256	0.00249	0.00193	0.00260	0.00176	0.00265	0.00135	0.00853	0.01292	0.03662	0.00129	0.00087	0.00045	0.00107
9	0.00122	0.00087	0.00116	0.00139	0.00145	0.00081	0.00094	0.00140	0.00191	0.00254	0.00546	0.93806	0.00653	0.00310	0.00127	0.00040	0.00058	0.02917	0.00092	0.00081
10	0.00373	0.00179	0.00229	0.00184	0.00252	0.00172	0.02277	0.04602	0.20660	0.61487	0.01280	0.00351	0.00262	0.00126	0.00099	0.00031	0.00083	0.00904	0.06290	0.00159
11	0.01557	0.00174	0.00221	0.00178	0.00243	0.00167	0.00145	0.11244	0.08664	0.59662	0.03667	0.01216	0.00850	0.03341	0.05293	0.00040	0.00095	0.02977	0.00110	0.00153
12	0.00217	0.00217	0.00304	0.00260	0.00260	0.00304	0.00217	0.00239	0.00152	0.00239	0.00130	0.00217	0.00130	0.00173	0.00325	0.00043	0.96335	0.00087	0.00043	0.00108
13	0.00137	0.00097	0.00126	0.00142	0.00152	0.00094	0.00097	0.05285	0.00202	0.00270	0.00514	0.85685	0.00609	0.02348	0.00140	0.02735	0.00062	0.01130	0.00090	0.00084
14	0.55210	0.00192	0.00178	0.00154	0.00215	0.00213	0.00125	0.10264	0.11365	0.11845	0.01679	0.02925	0.00860	0.00116	0.00079	0.00031	0.00080	0.01922	0.02422	0.00125
15	0.00930	0.00190	0.00217	0.00189	0.00240	0.00204	0.00151	0.32784	0.18709	0.10135	0.02489	0.10433	0.00347	0.07132	0.00138	0.00039	0.00090	0.15348	0.00097	0.00135
16	0.02604	0.00175	0.00232	0.00178	0.00255	0.00156	0.00147	0.05606	0.00291	0.88691	0.00377	0.00328	0.00238	0.00122	0.00099	0.00031	0.00086	0.00098	0.00120	0.00167
17	0.00146	0.00098	0.00118	0.00123	0.00130	0.00097	0.00077	0.00162	0.02305	0.02266	0.04498	0.26453	0.02900	0.56282	0.02152	0.00074	0.00085	0.01888	0.00074	0.00073
18	0.04226	0.00128	0.00155	0.00145	0.00180	0.00124	0.00109	0.01627	0.10845	0.16945	0.29597	0.22806	0.09383	0.02317	0.00120	0.00035	0.00063	0.00982	0.00102	0.00111
19	0.00154	0.00124	0.00131	0.00136	0.00158	0.05277	0.00097	0.00199	0.07710	0.01377	0.12334	0.39590	0.22548	0.04145	0.00131	0.00037	0.00064	0.00209	0.05487	0.00092
20	0.01585	0.00105	0.00152	0.00153	0.00170	0.00120	0.00117	0.00175	0.00161	0.00234	0.00287	0.07028	0.00281	0.06765	0.81009	0.00144	0.00235	0.00120	0.01073	0.00086
21	0.10132	0.00193	0.00211	0.00176	0.00233	0.00206	0.00141	0.33519	0.11722	0.14270	0.06552	0.06330	0.02212	0.00142	0.00096	0.00031	0.00082	0.02256	0.11358	0.00138
22	0.28881	0.00153	0.00165	0.00150	0.00195	0.00158	0.00116	0.06758	0.02597	0.20297	0.05318	0.24215	0.02433	0.02759	0.00773	0.02020	0.00076	0.02169	0.00653	0.00114
23	0.00751	0.00127	0.00155	0.00160	0.00184	0.00129	0.00122	0.11135	0.05619	0.01975	0.01405	0.35777	0.01983	0.09902	0.00160	0.00045	0.00078	0.26690	0.03505	0.00098
24	0.00134	0.00094	0.00122	0.00136	0.00146	0.00090	0.00093	0.00989	0.01227	0.01485	0.08148	0.66456	0.03543	0.11954	0.01467	0.00048	0.00066	0.03633	0.00090	0.00082
25	0.03429	0.00115	0.00160	0.05974	0.00187	0.00480	0.00115	0.03649	0.01674	0.01210	0.01909	0.05312	0.00668	0.01182	0.06104	0.60725	0.05081	0.01905	0.00053	0.00067
26	0.04676	0.00242	0.01133	0.00205	0.00260	0.13842	0.03281	0.09805	0.46010	0.03577	0.02357	0.00843	0.02310	0.01133	0.03522	0.00037	0.01108	0.01356	0.04166	0.00139
27	0.55885	0.00190	0.00185	0.00154	0.00221	0.00204	0.00127	0.07059	0.03315	0.29814	0.01125	0.00240	0.00172	0.00107	0.00078	0.00031	0.00081	0.00798	0.00085	0.00132
28	0.00140	0.00095	0.00124	0.01434	0.00151	0.00092	0.00094	0.00966	0.00187	0.02533	0.01484	0.65581	0.01707	0.16635	0.00607	0.03668	0.00949	0.03052	0.00421	0.00080
29	0.08411	0.11214	0.03707	0.02971	0.05002	0.09753	0.09363	0.30439	0.07911	0.04810	0.02354	0.00730	0.00635	0.00111	0.00095	0.00030	0.00887	0.00701	0.00733	0.00142
30	0.00160	0.00123	0.00497	0.00150	0.00747	0.00827	0.02241	0.01571	0.01513	0.04909	0.19757	0.28177	0.26460	0.02015	0.00703	0.00037	0.08957	0.00585	0.00475	0.00095
31	0.02694	0.00115	0.00156	0.01950	0.07024	0.00566	0.01424	0.01234	0.01062	0.03414	0.09740	0.56116	0.07168	0.03558	0.00132	0.00039	0.00068	0.03358	0.00088	0.00094
32	0.03073	0.01821	0.00241	0.29215	0.06344	0.01759	0.02560	0.10397	0.01875	0.03727	0.01781	0.19944	0.01855	0.03710	0.02117	0.01032	0.00642	0.06794	0.00437	0.00677
33	0.00233	0.10590	0.07033	0.02876	0.07462	0.01568	0.04873	0.02207	0.03885	0.05806	0.00219	0.01546	0.01792	0.00824	0.00091	0.00023	0.01497	0.00971	0.00061	0.46444
34	0.02986	0.01419	0.05863	0.08048	0.02401	0.12413	0.04056	0.01543	0.06176	0.14423	0.01215	0.01712	0.00862	0.01009	0.03867	0.05335	0.08949	0.00088	0.00066	0.17568
35	0.00780	0.03110	0.01584	0.11745	0.16338	0.04643	0.11619	0.13144	0.01355	0.04625	0.02852	0.01798	0.01020	0.00876	0.00330	0.00031	0.06729	0.03886	0.00065	0.13470
36	0.02463	0.01671	0.04459	0.02316	0.12707	0.00913	0.03212	0.08235	0.01756	0.11514	0.05017	0.14520	0.04189	0.05125	0.02063	0.01753	0.03378	0.01876	0.00076	0.12757
37	0.00880	0.00156	0.00627	0.01398	0.03444	0.02674	0.01980	0.05365	0.04532	0.23406	0.09304	0.23067	0.06835	0.03264	0.02478	0.00039	0.03787	0.04472	0.00093	0.02199

[dist]
# distance from previous block
# <min> <max>
2	36

[block]
# block no. 7 follows, 332 sequences, length 36
# corresponding to MSA columns:
# 1093-1103,1118-1127,1129-1131,1135-1143,1147-1149
name=unknown_H
#
# <colnr> <probs for GDERKNQSTAVLIFYWHMCP>
#	G	D	E	R	K	N	Q	S	T	A	V	L	I	F	Y	W	H	M	C	P
0	0.12750	0.00671	0.08104	0.07466	0.06049	0.02299	0.14821	0.07179	0.04775	0.16318	0.02347	0.07370	0.00799	0.01144	0.01686	0.00035	0.03461	0.00742	0.00073	0.01911
1	0.01382	0.00123	0.00157	0.01930	0.01247	0.00118	0.00116	0.01408	0.06978	0.15198	0.14100	0.37282	0.08412	0.02134	0.00453	0.00037	0.00500	0.05930	0.00096	0.02399
2	0.06626	0.00200	0.00857	0.21110	0.17701	0.04843	0.05401	0.04047	0.06079	0.11370	0.02030	0.10273	0.02048	0.00977	0.00106	0.00691	0.00106	0.02791	0.00070	0.02673
3	0.02948	0.00200	0.03875	0.26004	0.21376	0.00525	0.05048	0.07489	0.02074	0.04978	0.05131	0.05577	0.04133	0.02081	0.00117	0.01703	0.01151	0.01743	0.00065	0.03782
4	0.00146	0.00100	0.00124	0.00129	0.00141	0.00096	0.00087	0.00166	0.01665	0.03470	0.09684	0.37453	0.09654	0.29842	0.02963	0.01280	0.01316	0.00914	0.00082	0.00688
5	0.04341	0.00193	0.00313	0.59245	0.18951	0.00222	0.03684	0.02693	0.03206	0.03821	0.00202	0.00731	0.00765	0.00105	0.00631	0.00507	0.00124	0.00091	0.00053	0.00124
6	0.07371	0.00190	0.00281	0.35360	0.20179	0.01397	0.02794	0.05772	0.02572	0.04186	0.02472	0.05033	0.04896	0.00466	0.00579	0.00453	0.01705	0.03446	0.00062	0.00787
7	0.06672	0.00151	0.01648	0.02688	0.04673	0.01990	0.00760	0.10199	0.01289	0.05605	0.03393	0.20397	0.02385	0.15786	0.09424	0.03414	0.01250	0.04727	0.03446	0.00102
8	0.03326	0.00172	0.00210	0.00173	0.00231	0.00169	0.00138	0.15829	0.08927	0.42634	0.13744	0.09047	0.01444	0.02380	0.00548	0.00034	0.00618	0.00127	0.00108	0.00143
9	0.06644	0.00177	0.00950	0.04902	0.05311	0.00837	0.04025	0.01544	0.03753	0.08513	0.03934	0.12985	0.07991	0.01783	0.01537	0.03205	0.30525	0.00571	0.00068	0.00745
10	0.29977	0.00174	0.00188	0.01727	0.00223	0.00608	0.00821	0.06806	0.04680	0.20670	0.02375	0.07812	0.04227	0.01027	0.01104	0.01039	0.01980	0.01135	0.02316	0.11113
11	0.00199	0.00144	0.00168	0.00159	0.00193	0.00149	0.00120	0.11745	0.19366	0.04338	0.16107	0.32565	0.03189	0.02641	0.00794	0.00037	0.00070	0.03030	0.03428	0.01560
12	0.08031	0.00184	0.00224	0.00221	0.10495	0.00190	0.00156	0.10624	0.22475	0.23129	0.04638	0.06372	0.02616	0.03363	0.00114	0.00035	0.00085	0.05074	0.01113	0.00859
13	0.27419	0.00167	0.00187	0.00875	0.01028	0.00173	0.00531	0.04096	0.07311	0.31041	0.07733	0.08026	0.05002	0.01192	0.00104	0.00033	0.02436	0.01546	0.00972	0.00128
14	0.00147	0.00097	0.00127	0.00141	0.00154	0.00091	0.00099	0.01244	0.00674	0.05460	0.06207	0.69894	0.02767	0.05610	0.00147	0.00580	0.00063	0.06319	0.00093	0.00087
15	0.00174	0.00120	0.00145	0.00135	0.00168	0.00114	0.00103	0.00976	0.10933	0.08248	0.49108	0.07676	0.18814	0.01178	0.00119	0.00033	0.00057	0.01692	0.00104	0.00104
16	0.16511	0.00119	0.00126	0.00122	0.00139	0.00123	0.00079	0.02463	0.00169	0.05263	0.00314	0.10670	0.00895	0.61654	0.00902	0.00074	0.00089	0.00140	0.00068	0.00079
17	0.00607	0.00118	0.00137	0.00138	0.00162	0.00117	0.00099	0.01397	0.15884	0.02359	0.14327	0.33252	0.17575	0.07197	0.01473	0.00041	0.00065	0.00197	0.04757	0.00098
18	0.00251	0.00216	0.00224	0.00201	0.00257	0.02216	0.00157	0.00518	0.90911	0.01873	0.01782	0.00371	0.00307	0.00135	0.00101	0.00033	0.00080	0.00112	0.00100	0.00155
19	0.00358	0.00153	0.00200	0.00161	0.00224	0.00135	0.00130	0.02304	0.01875	0.67559	0.07042	0.04361	0.11643	0.02032	0.00112	0.00033	0.00077	0.00126	0.01330	0.00147
20	0.03782	0.00105	0.00129	0.00137	0.00159	0.00100	0.00103	0.00181	0.02156	0.02681	0.16074	0.33930	0.19231	0.03837	0.00135	0.00040	0.00064	0.16972	0.00093	0.00089
21	0.00357	0.00261	0.00282	0.00219	0.00293	0.00287	0.00180	0.84730	0.02327	0.02206	0.04290	0.00279	0.00212	0.02024	0.00879	0.00032	0.00106	0.00774	0.00099	0.00162
22	0.97217	0.00192	0.00146	0.00130	0.00192	0.00222	0.00107	0.00291	0.00169	0.00445	0.00138	0.00161	0.00107	0.00092	0.00061	0.00031	0.00077	0.00054	0.00061	0.00107
23	0.10086	0.00175	0.00224	0.00173	0.00249	0.00159	0.00143	0.04026	0.00278	0.81443	0.00357	0.00314	0.00227	0.00119	0.00095	0.00030	0.00084	0.00094	0.00115	0.01609
24	0.00140	0.00097	0.00113	0.00118	0.00124	0.00096	0.00073	0.00153	0.02129	0.00218	0.00413	0.20835	0.06687	0.64297	0.01823	0.00079	0.00087	0.02380	0.00070	0.00069
25	0.00146	0.00103	0.00134	0.00126	0.00150	0.00095	0.00095	0.00193	0.00281	0.02198	0.94048	0.00733	0.00922	0.00201	0.00117	0.00031	0.00047	0.00178	0.00109	0.00095
26	0.00443	0.00171	0.00232	0.00177	0.00254	0.00149	0.00147	0.02558	0.00288	0.93886	0.00388	0.00335	0.00244	0.00123	0.00100	0.00031	0.00085	0.00099	0.00122	0.00169
27	0.93586	0.00195	0.00151	0.00134	0.00196	0.00226	0.00110	0.03864	0.00180	0.00451	0.00142	0.00164	0.00110	0.00093	0.00063	0.00031	0.00078	0.00055	0.00063	0.00110
28	0.00167	0.00157	0.00146	0.00158	0.00175	0.16661	0.00111	0.00191	0.01901	0.00257	0.01125	0.69487	0.06449	0.00266	0.00119	0.00037	0.00079	0.02340	0.00085	0.00088
29	0.02055	0.88225	0.03423	0.00991	0.00265	0.01462	0.00796	0.00297	0.00202	0.00240	0.00140	0.00163	0.00127	0.00087	0.00068	0.00022	0.01212	0.00055	0.00043	0.00127
30	0.03083	0.00169	0.00228	0.00175	0.00251	0.00148	0.00145	0.00478	0.00281	0.93362	0.00384	0.00333	0.00242	0.00122	0.00099	0.00031	0.00084	0.00098	0.00121	0.00167
31	0.97217	0.00192	0.00146	0.00130	0.00192	0.00222	0.00107	0.00291	0.00169	0.00445	0.00138	0.00161	0.00107	0.00092	0.00061	0.00031	0.00077	0.00054	0.00061	0.00107
32	0.00150	0.00123	0.00177	0.08564	0.05776	0.01206	0.02219	0.00178	0.00195	0.00262	0.00447	0.63745	0.00515	0.00257	0.00137	0.00039	0.07346	0.07871	0.00699	0.00092
33	0.02202	0.00137	0.03743	0.00141	0.00183	0.00116	0.00115	0.00723	0.03636	0.19327	0.38163	0.03362	0.21983	0.00195	0.00466	0.00033	0.00064	0.03710	0.01591	0.00111
34	0.00143	0.00106	0.00157	0.00156	0.00173	0.00123	0.00120	0.00176	0.00159	0.00230	0.00267	0.00402	0.00253	0.06277	0.87309	0.00957	0.01257	0.00108	0.01543	0.00087
35	0.01768	0.03330	0.00284	0.00248	0.00301	0.88147	0.00188	0.02053	0.00279	0.00254	0.00156	0.00181	0.00129	0.00102	0.00088	0.00025	0.00171	0.00064	0.00897	0.01337

[dist]
# distance from previous block
# <min> <max>
16	57

[block]
# block no. 8 follows, 332 sequences, length 21
# corresponding to MSA columns:
# 1221-1241
name=unknown_I
#
# <colnr> <probs for GDERKNQSTAVLIFYWHMCP>
#	G	D	E	R	K	N	Q	S	T	A	V	L	I	F	Y	W	H	M	C	P
0	0.06422	0.19884	0.08397	0.03886	0.13483	0.02649	0.08157	0.22041	0.03186	0.00881	0.00974	0.03115	0.00862	0.00112	0.00627	0.00429	0.00502	0.01036	0.00064	0.03292
1	0.03535	0.01140	0.00213	0.01690	0.03886	0.02265	0.01379	0.08721	0.03676	0.02509	0.00269	0.14267	0.02331	0.02183	0.00097	0.00025	0.00081	0.00104	0.00614	0.51014
2	0.03384	0.00153	0.00201	0.01905	0.10646	0.01624	0.02525	0.04132	0.10288	0.07229	0.10385	0.08675	0.05809	0.07422	0.01207	0.16533	0.00087	0.03540	0.00076	0.04179
3	0.00159	0.00099	0.00138	0.01203	0.00152	0.00099	0.00856	0.02455	0.00174	0.00232	0.07523	0.16629	0.08931	0.03321	0.08158	0.47606	0.00657	0.00967	0.00064	0.00577
4	0.07526	0.00190	0.00769	0.51500	0.23586	0.00213	0.01272	0.01207	0.00834	0.04338	0.00716	0.03160	0.00176	0.00117	0.01307	0.00034	0.00120	0.02758	0.00054	0.00123
5	0.00359	0.03735	0.00289	0.05206	0.00323	0.83535	0.00194	0.02811	0.00279	0.02166	0.00161	0.00187	0.00131	0.00102	0.00089	0.00026	0.00170	0.00066	0.00053	0.00118
6	0.00174	0.00107	0.00133	0.00133	0.00152	0.00102	0.00095	0.00197	0.01752	0.10451	0.09188	0.17106	0.10632	0.32356	0.00258	0.03508	0.00077	0.12455	0.01038	0.00086
7	0.00162	0.00120	0.00136	0.00135	0.00150	0.00125	0.00090	0.01357	0.19012	0.00264	0.03062	0.19176	0.03036	0.49875	0.00982	0.00068	0.00083	0.01354	0.00726	0.00087
8	0.02692	0.06031	0.74374	0.00275	0.00406	0.05690	0.05276	0.02683	0.00220	0.01214	0.00178	0.00208	0.00129	0.00094	0.00093	0.00031	0.00144	0.00074	0.00046	0.00143
9	0.00363	0.02293	0.00286	0.00253	0.00304	0.88413	0.00191	0.02787	0.01359	0.00254	0.00157	0.00183	0.00131	0.00104	0.00095	0.00026	0.02566	0.00065	0.00052	0.00117
10	0.01257	0.02024	0.00234	0.00177	0.01277	0.00172	0.03695	0.04085	0.17318	0.06689	0.01271	0.00262	0.01414	0.00095	0.00086	0.00022	0.00873	0.00078	0.00072	0.58900
11	0.02758	0.00202	0.01692	0.00186	0.00248	0.00210	0.00150	0.18689	0.37261	0.17708	0.13641	0.00381	0.01015	0.00136	0.00100	0.00031	0.00081	0.00111	0.01966	0.03434
12	0.03400	0.00179	0.00202	0.00184	0.00234	0.00195	0.00144	0.01697	0.53706	0.16223	0.02323	0.11532	0.00359	0.00932	0.00108	0.00035	0.00078	0.07524	0.00803	0.00141
13	0.00162	0.00110	0.00141	0.00131	0.00159	0.00103	0.00099	0.00218	0.04353	0.06036	0.84069	0.00705	0.02938	0.00196	0.00115	0.00031	0.00050	0.00172	0.00109	0.00100
14	0.00234	0.00267	0.00585	0.00418	0.00518	0.00251	0.95538	0.00318	0.00234	0.00318	0.00201	0.00267	0.00150	0.00084	0.00117	0.00033	0.00167	0.00117	0.00050	0.00134
15	0.00150	0.00098	0.00116	0.00120	0.00126	0.00096	0.00074	0.00162	0.01713	0.03099	0.00386	0.25112	0.01631	0.62004	0.00368	0.00895	0.00084	0.00971	0.02727	0.00071
16	0.00275	0.39598	0.04029	0.00208	0.00272	0.28512	0.03127	0.01249	0.01237	0.01358	0.04050	0.01070	0.02427	0.00123	0.00101	0.01900	0.04193	0.06097	0.00055	0.00118
17	0.00217	0.00217	0.00304	0.00260	0.00260	0.00304	0.00217	0.00239	0.00152	0.00239	0.00130	0.00217	0.00130	0.00173	0.00325	0.00043	0.96335	0.00087	0.00043	0.00108
18	0.00187	0.00176	0.00297	0.96278	0.00683	0.00220	0.00275	0.00253	0.00198	0.00253	0.00176	0.00264	0.00132	0.00099	0.00099	0.00033	0.00132	0.00088	0.00044	0.00110
19	0.00168	0.00123	0.00142	0.00619	0.00168	0.01876	0.00105	0.01052	0.05682	0.05843	0.19436	0.12008	0.31387	0.02868	0.02045	0.00920	0.03469	0.06686	0.05309	0.00097
20	0.00124	0.00088	0.00118	0.00140	0.00147	0.00083	0.00096	0.00143	0.00191	0.00254	0.00538	0.87079	0.00641	0.03240	0.00139	0.00042	0.00061	0.06705	0.00091	0.00081

[dist]
# distance from previous block
# <min> <max>
0	6

[block]
# block no. 9 follows, 332 sequences, length 15
# corresponding to MSA columns:
# 1248-1262
