[name]
unknown

[dist]
# distance from previous block
# <min> <max>
0	345

[block]
# block no. 0 follows, 332 sequences, length 10
# corresponding to MSA columns:
# 619-628
name=unknown_A
#
# <colnr> <probs for GDERKNQSTAVLIFYWHMCP>
#	G	D	E	R	K	N	Q	S	T	A	V	L	I	F	Y	W	H	M	C	P
0	0.00207	0.00166	0.00233	0.05418	0.14298	0.00177	0.01345	0.11566	0.03974	0.01253	0.08110	0.06995	0.00420	0.00197	0.00133	0.00038	0.06847	0.37463	0.00081	0.01078
1	0.07702	0.00177	0.00247	0.11824	0.00310	0.00176	0.06851	0.10535	0.00267	0.43378	0.00342	0.10878	0.00273	0.00145	0.00103	0.00033	0.00096	0.06429	0.00095	0.00140
2	0.03634	0.00177	0.06941	0.45690	0.00428	0.00181	0.00201	0.03274	0.05342	0.00297	0.04922	0.14152	0.00280	0.06537	0.00127	0.00037	0.00104	0.00123	0.07445	0.00107
3	0.00291	0.00307	0.03518	0.12063	0.00332	0.35668	0.03215	0.15856	0.06620	0.03733	0.00300	0.05548	0.09260	0.00131	0.00099	0.00030	0.00129	0.00103	0.00070	0.02729
4	0.00262	0.07580	0.11969	0.06004	0.06082	0.09976	0.04978	0.10234	0.01333	0.12648	0.00320	0.02244	0.09268	0.04818	0.00114	0.00032	0.00107	0.00103	0.11801	0.00127
5	0.06677	0.03290	0.38316	0.00244	0.03577	0.12763	0.03632	0.00312	0.00224	0.07591	0.04721	0.00292	0.00204	0.00144	0.05256	0.00036	0.00133	0.04714	0.00059	0.07817
6	0.05541	0.00211	0.00279	0.01536	0.43734	0.07491	0.00204	0.06082	0.00240	0.07046	0.04784	0.00352	0.06571	0.07189	0.00125	0.00034	0.00102	0.00102	0.08246	0.00132
7	0.01556	0.07501	0.00247	0.00181	0.00233	0.00177	0.06512	0.07061	0.00239	0.40376	0.00321	0.06223	0.00269	0.23169	0.00208	0.00047	0.05346	0.00117	0.00088	0.00128
8	0.00200	0.00211	0.06149	0.21431	0.03576	0.03303	0.27215	0.00256	0.00214	0.00286	0.03886	0.06296	0.00264	0.00152	0.00132	0.06845	0.01036	0.13160	0.00059	0.05327
9	0.04848	0.06080	0.00254	0.00202	0.00261	0.01737	0.01150	0.20647	0.48391	0.04311	0.00334	0.06413	0.00267	0.00139	0.00106	0.00033	0.03494	0.01097	0.00092	0.00148

[dist]
# distance from previous block
# <min> <max>
0	1

[block]
# block no. 1 follows, 332 sequences, length 13
# corresponding to MSA columns:
# 630-642
name=unknown_B
#
# <colnr> <probs for GDERKNQSTAVLIFYWHMCP>
#	G	D	E	R	K	N	Q	S	T	A	V	L	I	F	Y	W	H	M	C	P
0	0.06020	0.00160	0.00188	0.00186	0.01531	0.04147	0.01034	0.03075	0.12562	0.13421	0.03689	0.04966	0.04047	0.00207	0.00117	0.00038	0.00088	0.44314	0.00093	0.00115
1	0.00132	0.00094	0.00129	0.00157	0.04133	0.00090	0.00102	0.00148	0.00187	0.00250	0.00495	0.77202	0.00586	0.05788	0.00163	0.05841	0.00065	0.04273	0.00085	0.00081
2	0.00340	0.00314	0.05965	0.00216	0.00274	0.39257	0.00176	0.08319	0.00269	0.25388	0.00244	0.00278	0.00188	0.06819	0.08013	0.00044	0.03607	0.00086	0.00074	0.00129
3	0.00194	0.00181	0.00304	0.77202	0.13928	0.00216	0.00272	0.00258	0.00204	0.00266	0.00198	0.00313	0.00162	0.00108	0.00101	0.00033	0.00128	0.05771	0.00048	0.00116
4	0.00157	0.00092	0.00123	0.00123	0.00125	0.00093	0.00078	0.00140	0.00142	0.00190	0.02312	0.02125	0.00278	0.38956	0.06969	0.47773	0.00101	0.00116	0.00053	0.00055
5	0.00178	0.02172	0.04225	0.44669	0.01893	0.00183	0.00203	0.00243	0.07267	0.00279	0.10400	0.10762	0.04710	0.00176	0.02500	0.05254	0.03287	0.01429	0.00063	0.00106
6	0.00323	0.05354	0.10042	0.02262	0.03604	0.04119	0.16468	0.04304	0.12029	0.37026	0.02241	0.00308	0.00222	0.00113	0.00101	0.00031	0.00112	0.01106	0.00086	0.00151
7	0.08392	0.00162	0.00222	0.00202	0.04603	0.00158	0.05649	0.03548	0.01530	0.35273	0.06371	0.04337	0.01211	0.05962	0.01215	0.00040	0.02898	0.18005	0.00094	0.00128
8	0.00240	0.00239	0.01442	0.09869	0.37667	0.02702	0.33749	0.00305	0.00227	0.04293	0.01718	0.00280	0.00175	0.00115	0.02914	0.00036	0.02389	0.01448	0.00054	0.00138
9	0.00260	0.04146	0.05125	0.04885	0.06133	0.13337	0.11253	0.01814	0.02020	0.18567	0.06057	0.18900	0.02605	0.00160	0.00107	0.00033	0.00108	0.04288	0.00079	0.00124
10	0.08172	0.11048	0.26490	0.01717	0.03537	0.02081	0.08981	0.03135	0.02129	0.22617	0.03324	0.03078	0.01081	0.00114	0.00097	0.00031	0.01310	0.00849	0.00071	0.00140
11	0.04018	0.16017	0.47076	0.01213	0.02478	0.01273	0.01441	0.04397	0.00766	0.01828	0.03311	0.02934	0.03870	0.05425	0.00119	0.00034	0.02198	0.01417	0.00054	0.00130
12	0.16756	0.06660	0.11236	0.01957	0.07833	0.06878	0.05478	0.02310	0.02110	0.06629	0.03900	0.20309	0.03481	0.00154	0.00099	0.00032	0.00646	0.02208	0.00071	0.01253

[dist]
# distance from previous block
# <min> <max>
0	24

[block]
# block no. 2 follows, 332 sequences, length 9
# corresponding to MSA columns:
# 667-675
name=unknown_C
#
# <colnr> <probs for GDERKNQSTAVLIFYWHMCP>
#	G	D	E	R	K	N	Q	S	T	A	V	L	I	F	Y	W	H	M	C	P
0	0.10326	0.07960	0.05634	0.05849	0.11801	0.03700	0.08450	0.04747	0.03170	0.03715	0.12159	0.02308	0.01416	0.01257	0.01778	0.00031	0.00103	0.00748	0.00727	0.14121
1	0.03683	0.01087	0.06333	0.15425	0.27926	0.04176	0.09960	0.03873	0.04884	0.07526	0.03490	0.02517	0.02162	0.00118	0.01116	0.00032	0.02984	0.00099	0.00062	0.02546
2	0.03379	0.09512	0.22457	0.04488	0.16286	0.00225	0.03932	0.03133	0.08666	0.13806	0.01949	0.00285	0.03339	0.00124	0.02486	0.00033	0.01264	0.00090	0.00066	0.04479
3	0.00206	0.07265	0.03407	0.49648	0.13396	0.02609	0.04567	0.00270	0.03015	0.01395	0.00220	0.09008	0.00192	0.00134	0.02472	0.00035	0.01886	0.00105	0.00052	0.00119
4	0.07368	0.00177	0.00286	0.89163	0.00646	0.00220	0.00263	0.00256	0.00196	0.00267	0.00173	0.00257	0.00130	0.00099	0.00096	0.00033	0.00128	0.00086	0.00045	0.00110
5	0.00218	0.00184	0.00212	0.00153	0.00240	0.00145	0.00123	0.07237	0.00225	0.00345	0.00181	0.00208	0.00148	0.00077	0.00075	0.00016	0.00076	0.00061	0.00062	0.90015
6	0.00198	0.00161	0.00239	0.15253	0.22526	0.00175	0.00182	0.00254	0.06806	0.02539	0.00249	0.00366	0.00224	0.14949	0.16649	0.02307	0.04831	0.01498	0.07236	0.03358
7	0.03880	0.02577	0.00170	0.03998	0.00204	0.08739	0.00125	0.01310	0.05651	0.03095	0.05277	0.36535	0.11696	0.02334	0.04303	0.00043	0.03218	0.06665	0.00082	0.00097
8	0.00313	0.00164	0.00204	0.00163	0.00227	0.00149	0.00131	0.03477	0.07193	0.46315	0.04970	0.00420	0.12765	0.03315	0.00119	0.00031	0.03184	0.00112	0.00100	0.16649

[dist]
# distance from previous block
# <min> <max>
0	3

[block]
# block no. 3 follows, 332 sequences, length 69
# corresponding to MSA columns:
# 679-693,701-710,714-716,732-764,767,770-772,774-777
name=unknown_D
#
# <colnr> <probs for GDERKNQSTAVLIFYWHMCP>
#	G	D	E	R	K	N	Q	S	T	A	V	L	I	F	Y	W	H	M	C	P
0	0.02392	0.01289	0.04948	0.00224	0.01293	0.00275	0.00994	0.57774	0.22375	0.03740	0.00283	0.00295	0.00210	0.00125	0.00099	0.00031	0.00102	0.02992	0.00397	0.00160
1	0.02381	0.10487	0.53747	0.00603	0.02130	0.00680	0.05963	0.07872	0.04596	0.04091	0.00216	0.02310	0.00169	0.01119	0.00100	0.00032	0.00705	0.02601	0.00056	0.00142
2	0.00182	0.00116	0.02420	0.00118	0.00150	0.00107	0.02881	0.01235	0.02893	0.02070	0.16244	0.00469	0.08029	0.00140	0.00085	0.00026	0.00055	0.00117	0.62563	0.00098
3	0.00764	0.14704	0.11129	0.10098	0.08903	0.16074	0.00741	0.10672	0.16530	0.01417	0.00445	0.00706	0.00858	0.00610	0.02224	0.00032	0.01601	0.00414	0.00219	0.01859
4	0.00954	0.28616	0.07522	0.01926	0.01940	0.13700	0.00466	0.31396	0.03612	0.02046	0.03181	0.00235	0.01392	0.00110	0.00093	0.00027	0.02495	0.00079	0.00069	0.00140
5	0.00426	0.00099	0.00124	0.01130	0.00155	0.00092	0.00094	0.00580	0.02877	0.00669	0.16808	0.57479	0.16418	0.00268	0.00121	0.00037	0.00057	0.00238	0.00094	0.02236
6	0.02831	0.04033	0.01430	0.12262	0.14750	0.07147	0.06818	0.07759	0.01456	0.09045	0.02965	0.00261	0.01133	0.00452	0.00644	0.00028	0.02594	0.00084	0.00064	0.24245
7	0.00999	0.25351	0.27173	0.02670	0.17477	0.00502	0.02614	0.05727	0.03280	0.06595	0.02771	0.01097	0.00566	0.00103	0.00095	0.00029	0.02459	0.00293	0.00057	0.00141
8	0.00354	0.00144	0.00184	0.00149	0.00207	0.00130	0.00120	0.01621	0.00261	0.62040	0.01866	0.00353	0.00258	0.00122	0.00090	0.00028	0.00072	0.00098	0.31759	0.00143
9	0.00737	0.12073	0.71577	0.00280	0.05580	0.00246	0.01178	0.00306	0.01027	0.00305	0.01140	0.01954	0.00152	0.00102	0.00096	0.00031	0.01740	0.01288	0.00045	0.00141
10	0.00636	0.00219	0.00361	0.23644	0.58872	0.01948	0.02592	0.00287	0.00735	0.00719	0.00190	0.01350	0.00159	0.00730	0.02447	0.00035	0.04797	0.00091	0.00049	0.00139
11	0.00168	0.00088	0.00129	0.00129	0.00130	0.00089	0.00085	0.00133	0.00132	0.00177	0.00192	0.00342	0.00196	0.10301	0.05635	0.81791	0.00097	0.00093	0.00045	0.00047
12	0.00187	0.00174	0.00293	0.93618	0.00667	0.00217	0.00270	0.00250	0.00196	0.00251	0.00176	0.00265	0.00133	0.00106	0.00107	0.02719	0.00131	0.00088	0.00044	0.00108
13	0.21787	0.00617	0.00272	0.31925	0.03706	0.04401	0.08735	0.07837	0.02165	0.02985	0.00657	0.05996	0.00941	0.00440	0.01046	0.00034	0.04344	0.01933	0.00061	0.00118
14	0.00242	0.09034	0.19274	0.00348	0.01450	0.04061	0.56571	0.01130	0.01183	0.03305	0.00197	0.00247	0.00149	0.00100	0.01615	0.00033	0.00777	0.00099	0.00051	0.00136
15	0.00127	0.00101	0.00114	0.00113	0.00141	0.00089	0.00085	0.00160	0.00725	0.00309	0.31563	0.06499	0.54998	0.01751	0.00124	0.00034	0.00052	0.02831	0.00097	0.00087
16	0.00128	0.00099	0.00121	0.02786	0.00161	0.00091	0.00096	0.00158	0.01237	0.00284	0.14246	0.37672	0.35628	0.00263	0.00121	0.00037	0.00058	0.06634	0.00093	0.00086
17	0.11529	0.00198	0.00298	0.50356	0.17496	0.00526	0.02172	0.07287	0.00218	0.02123	0.00181	0.00247	0.00140	0.00108	0.00112	0.02718	0.04031	0.00085	0.00053	0.00122
18	0.00209	0.12658	0.80517	0.00266	0.00402	0.00249	0.01207	0.00313	0.00819	0.01034	0.01361	0.00212	0.00138	0.00095	0.00091	0.00030	0.00139	0.00073	0.00044	0.00144
19	0.00126	0.00103	0.00108	0.00106	0.00139	0.00088	0.00080	0.00158	0.01568	0.01287	0.13582	0.00912	0.80257	0.00242	0.00117	0.00033	0.00051	0.00861	0.00095	0.00087
20	0.15943	0.00246	0.00258	0.02019	0.00285	0.01969	0.00169	0.57222	0.07860	0.12293	0.00630	0.00250	0.00180	0.00116	0.00093	0.00030	0.00100	0.00086	0.00094	0.00155
21	0.00215	0.02232	0.04485	0.47949	0.31877	0.00227	0.07285	0.00281	0.00214	0.01885	0.02297	0.00265	0.00161	0.00097	0.00100	0.00031	0.00127	0.00091	0.00049	0.00130
22	0.05448	0.00236	0.00888	0.01561	0.82293	0.02921	0.00282	0.01385	0.00225	0.00328	0.00195	0.03435	0.00170	0.00097	0.00097	0.00030	0.00115	0.00092	0.00052	0.00150
23	0.00135	0.00106	0.01222	0.00122	0.00149	0.00093	0.00093	0.00177	0.00265	0.00362	0.69417	0.02089	0.23505	0.00215	0.00117	0.00032	0.00050	0.01654	0.00104	0.00092
24	0.01108	0.01437	0.00692	0.00203	0.01262	0.00221	0.01113	0.34909	0.12645	0.35016	0.02970	0.01353	0.00253	0.00131	0.00103	0.00031	0.01188	0.03380	0.01828	0.00158
25	0.00229	0.02318	0.15221	0.12742	0.22073	0.01192	0.31827	0.00304	0.01403	0.04519	0.00705	0.03102	0.02878	0.00104	0.00105	0.00032	0.00135	0.00920	0.00055	0.00136
26	0.00122	0.00103	0.00105	0.00104	0.00138	0.00088	0.00078	0.01854	0.00231	0.00277	0.03336	0.03177	0.89550	0.00249	0.00117	0.00034	0.00051	0.00208	0.00093	0.00085
27	0.00240	0.00271	0.00559	0.00403	0.00499	0.03280	0.87839	0.02553	0.00240	0.00321	0.00205	0.00279	0.00157	0.00089	0.00118	0.00033	0.00910	0.01819	0.00052	0.00133
28	0.00330	0.23081	0.05157	0.00241	0.02012	0.63687	0.00196	0.01313	0.01351	0.00252	0.00160	0.00192	0.00136	0.00100	0.00085	0.00025	0.00156	0.01354	0.00050	0.00121
29	0.00335	0.00850	0.11348	0.00192	0.01645	0.00166	0.01086	0.06669	0.02004	0.48908	0.02959	0.01109	0.00625	0.01852	0.00459	0.00029	0.00092	0.00093	0.00094	0.19485
30	0.58302	0.02032	0.00202	0.00170	0.02346	0.00993	0.00136	0.18618	0.06306	0.09769	0.00200	0.00208	0.00147	0.00103	0.00076	0.00030	0.00086	0.00070	0.00076	0.00130
31	0.00128	0.00091	0.00124	0.00142	0.00151	0.00085	0.01100	0.00148	0.00194	0.01348	0.02340	0.88825	0.01174	0.00300	0.00125	0.00040	0.00060	0.02340	0.00092	0.01193
32	0.58422	0.01317	0.00951	0.00161	0.00227	0.00962	0.00132	0.17674	0.11805	0.00930	0.00195	0.00207	0.00419	0.00102	0.00075	0.00030	0.00084	0.00068	0.00073	0.06167
33	0.00221	0.26473	0.68048	0.00250	0.00378	0.01239	0.00309	0.00312	0.00209	0.01472	0.00169	0.00197	0.00128	0.00092	0.00086	0.00029	0.00135	0.00068	0.00043	0.00141
34	0.00952	0.00151	0.01224	0.00182	0.00197	0.00176	0.03347	0.01701	0.00165	0.03722	0.00242	0.00414	0.00244	0.32993	0.25224	0.00090	0.27741	0.00112	0.00056	0.01068
35	0.00218	0.00259	0.15404	0.34521	0.20459	0.00227	0.20401	0.00295	0.01235	0.03138	0.01205	0.00823	0.00160	0.00098	0.00103	0.00032	0.00399	0.00840	0.00050	0.00132
36	0.00123	0.00098	0.00110	0.00114	0.00139	0.00086	0.00083	0.00151	0.00991	0.00284	0.14400	0.24662	0.57493	0.00257	0.00119	0.00035	0.00052	0.00222	0.00497	0.00085
37	0.00188	0.00177	0.00298	0.95269	0.01687	0.00220	0.00276	0.00254	0.00198	0.00254	0.00176	0.00264	0.00132	0.00099	0.00099	0.00033	0.00132	0.00088	0.00044	0.00111
38	0.00254	0.78860	0.15057	0.00195	0.00289	0.00363	0.03261	0.00300	0.00204	0.00248	0.00146	0.00170	0.00128	0.00086	0.00070	0.00023	0.00114	0.00058	0.00043	0.00130
39	0.00129	0.00097	0.00121	0.00142	0.00151	0.01806	0.00098	0.00152	0.01203	0.00260	0.02555	0.83162	0.04061	0.00299	0.00126	0.00040	0.00061	0.05363	0.00092	0.00083
40	0.00370	0.00472	0.00281	0.00255	0.00306	0.96118	0.00192	0.00396	0.00281	0.00243	0.00153	0.00179	0.00128	0.00102	0.00089	0.00026	0.00179	0.00064	0.00051	0.00115
41	0.00265	0.96576	0.00519	0.00170	0.00254	0.00392	0.00170	0.00297	0.00201	0.00233	0.00138	0.00159	0.00127	0.00085	0.00064	0.00021	0.00106	0.00053	0.00042	0.00127
42	0.00214	0.06408	0.74013	0.03060	0.00419	0.01234	0.06875	0.00315	0.00212	0.03374	0.00186	0.01176	0.00137	0.00098	0.00099	0.00031	0.01882	0.00079	0.00046	0.00142
43	0.00118	0.00100	0.00101	0.00102	0.00134	0.00084	0.00076	0.00143	0.00227	0.00271	0.03223	0.02399	0.92185	0.00251	0.00117	0.00034	0.00050	0.00210	0.00092	0.00084
44	0.00370	0.00472	0.00281	0.00255	0.00306	0.96118	0.00192	0.00396	0.00281	0.00243	0.00153	0.00179	0.00128	0.00102	0.00089	0.00026	0.00179	0.00064	0.00051	0.00115
45	0.01253	0.00230	0.00392	0.08238	0.82157	0.00236	0.02340	0.00300	0.00222	0.00963	0.00185	0.00246	0.00154	0.00092	0.00104	0.00030	0.02570	0.00089	0.00049	0.00151
46	0.00139	0.00098	0.00859	0.00155	0.02990	0.00090	0.00104	0.00160	0.00196	0.03984	0.00525	0.86258	0.00616	0.00293	0.00124	0.00040	0.00062	0.02494	0.00727	0.00087
47	0.00808	0.00101	0.00130	0.00144	0.00160	0.00096	0.01316	0.00164	0.01100	0.00266	0.01661	0.43171	0.16540	0.09689	0.00163	0.00046	0.00070	0.23718	0.00574	0.00083
48	0.00195	0.00182	0.00308	0.81084	0.11976	0.00219	0.01146	0.00259	0.00202	0.00908	0.00187	0.02081	0.00147	0.00105	0.00585	0.00033	0.00130	0.00092	0.00046	0.00116
49	0.00198	0.00482	0.87356	0.00279	0.00417	0.00225	0.03262	0.00312	0.01848	0.00318	0.03267	0.01236	0.00161	0.00100	0.00096	0.00032	0.00142	0.00081	0.00046	0.00144
50	0.00240	0.00230	0.00393	0.09385	0.87163	0.00234	0.00302	0.00300	0.00223	0.00317	0.00186	0.00247	0.00155	0.00089	0.00098	0.00030	0.00119	0.00088	0.00049	0.00153
51	0.26345	0.03150	0.02884	0.13944	0.04157	0.01102	0.00176	0.05516	0.03449	0.02396	0.02398	0.00648	0.00393	0.04116	0.07809	0.02096	0.18620	0.00631	0.00059	0.00113
52	0.00231	0.00201	0.01282	0.07103	0.00288	0.01483	0.02225	0.02790	0.00191	0.08994	0.01729	0.00352	0.00211	0.00191	0.03627	0.00045	0.57649	0.11236	0.00059	0.00114
53	0.00172	0.00086	0.00129	0.00129	0.00129	0.00086	0.00086	0.00129	0.00129	0.00173	0.00175	0.00307	0.00176	0.02053	0.00389	0.95392	0.00086	0.00087	0.00043	0.00043
54	0.00206	0.03240	0.85102	0.00275	0.00412	0.04214	0.01885	0.00312	0.00213	0.00307	0.00199	0.00228	0.02774	0.00098	0.00094	0.00031	0.00144	0.00077	0.00044	0.00143
55	0.00219	0.09806	0.04885	0.14974	0.13488	0.06781	0.02024	0.01202	0.01702	0.05963	0.22213	0.04251	0.01311	0.01214	0.04213	0.00399	0.04232	0.00936	0.00069	0.00118
56	0.00203	0.00206	0.00386	0.62850	0.02730	0.00232	0.28670	0.00273	0.00208	0.00274	0.00182	0.00263	0.00138	0.00096	0.00111	0.00033	0.02884	0.00097	0.00046	0.00118
57	0.00118	0.00100	0.00102	0.00102	0.00135	0.00084	0.00076	0.00144	0.00226	0.00272	0.03956	0.04016	0.89270	0.00251	0.00117	0.00034	0.00050	0.00210	0.00652	0.00084
58	0.00191	0.00168	0.00268	0.19267	0.37706	0.00174	0.00211	0.00639	0.00226	0.01542	0.17166	0.11625	0.08532	0.00531	0.01293	0.00034	0.00097	0.00138	0.00069	0.00120
59	0.00943	0.03264	0.60684	0.00510	0.04735	0.11182	0.03296	0.01635	0.01979	0.09673	0.00202	0.00227	0.00146	0.00981	0.00098	0.00031	0.00139	0.00078	0.00054	0.00144
60	0.00122	0.00088	0.00118	0.00140	0.00147	0.00082	0.00774	0.00140	0.00191	0.00254	0.00550	0.94053	0.01861	0.00308	0.00126	0.00040	0.00058	0.00776	0.00092	0.00081
61	0.94715	0.01207	0.00595	0.00133	0.00194	0.00758	0.00110	0.00292	0.00170	0.00440	0.00138	0.00162	0.00108	0.00092	0.00063	0.00031	0.00570	0.00054	0.00061	0.00108
62	0.97217	0.00192	0.00146	0.00130	0.00192	0.00222	0.00107	0.00291	0.00169	0.00445	0.00138	0.00161	0.00107	0.00092	0.00061	0.00031	0.00077	0.00054	0.00061	0.00107
63	0.00240	0.02450	0.02885	0.03506	0.04400	0.00157	0.02397	0.00609	0.04639	0.13302	0.01871	0.01267	0.01190	0.00092	0.00083	0.00021	0.00083	0.00077	0.00069	0.60662
64	0.00302	0.50034	0.00398	0.01048	0.00274	0.37556	0.00176	0.02675	0.00239	0.00250	0.02396	0.00195	0.00153	0.02232	0.00090	0.00025	0.01724	0.00064	0.00049	0.00121
65	0.00153	0.00112	0.00164	0.00168	0.02294	0.00127	0.00125	0.00185	0.00165	0.02479	0.01457	0.04363	0.00275	0.06433	0.77100	0.01147	0.02686	0.00420	0.00057	0.00090
66	0.06511	0.00205	0.00491	0.15882	0.16980	0.05024	0.01171	0.12095	0.07002	0.11985	0.00879	0.03485	0.02712	0.00800	0.01122	0.00292	0.01926	0.11230	0.00076	0.00132
67	0.00242	0.02030	0.00933	0.40989	0.24507	0.01529	0.04593	0.04378	0.06398	0.08427	0.00769	0.00562	0.00849	0.00105	0.00107	0.00032	0.03265	0.00093	0.00059	0.00134
68	0.13277	0.01429	0.02947	0.05225	0.01477	0.07442	0.07165	0.06455	0.05562	0.10418	0.10202	0.03081	0.10784	0.03026	0.02768	0.00038	0.05300	0.03207	0.00078	0.00118

[dist]
# distance from previous block
# <min> <max>
5	41

[block]
# block no. 4 follows, 332 sequences, length 22
# corresponding to MSA columns:
# 854-856,865-874,898-905,918
name=unknown_E
#
# <colnr> <probs for GDERKNQSTAVLIFYWHMCP>
#	G	D	E	R	K	N	Q	S	T	A	V	L	I	F	Y	W	H	M	C	P
0	0.86801	0.02472	0.00160	0.00837	0.00199	0.00223	0.00113	0.00295	0.02555	0.01403	0.01226	0.01247	0.00133	0.00099	0.00068	0.00031	0.01277	0.00688	0.00063	0.00109
1	0.00142	0.00106	0.00159	0.00159	0.00177	0.00124	0.00124	0.00177	0.00159	0.00230	0.00266	0.00389	0.00248	0.00743	0.96124	0.00159	0.00266	0.00106	0.00053	0.00089
2	0.00224	0.00214	0.00363	0.29422	0.61933	0.00228	0.01269	0.00285	0.00216	0.00300	0.00191	0.00271	0.00159	0.00104	0.01242	0.00033	0.01260	0.02098	0.00048	0.00140
3	0.00142	0.00106	0.00159	0.00159	0.00177	0.00124	0.00124	0.00177	0.00159	0.00230	0.00266	0.00389	0.00248	0.00743	0.96124	0.00159	0.00266	0.00106	0.00053	0.00089
4	0.00144	0.00097	0.00115	0.00115	0.00117	0.00100	0.00068	0.00148	0.00146	0.00197	0.00306	0.00616	0.00346	0.84374	0.12627	0.00104	0.00118	0.00139	0.00059	0.00064
5	0.97217	0.00192	0.00146	0.00130	0.00192	0.00222	0.00107	0.00291	0.00169	0.00445	0.00138	0.00161	0.00107	0.00092	0.00061	0.00031	0.00077	0.00054	0.00061	0.00107
6	0.00334	0.00187	0.04517	0.33493	0.00408	0.00177	0.00200	0.02096	0.00254	0.53925	0.03191	0.00317	0.00220	0.00116	0.00100	0.00032	0.00103	0.00097	0.00091	0.00145
7	0.00438	0.00171	0.00230	0.00177	0.00253	0.00149	0.00146	0.03188	0.00289	0.91669	0.01966	0.00341	0.00255	0.00124	0.00100	0.00031	0.00084	0.00101	0.00122	0.00167
8	0.00226	0.00215	0.00367	0.33126	0.63535	0.00230	0.00294	0.00287	0.00216	0.00300	0.00183	0.00252	0.00149	0.00092	0.00098	0.00031	0.00123	0.00088	0.00047	0.00141
9	0.01545	0.49487	0.27484	0.00238	0.04957	0.07683	0.02946	0.01829	0.01739	0.00276	0.00160	0.00187	0.00132	0.00091	0.00081	0.00026	0.00894	0.00065	0.00046	0.00134
10	0.00121	0.00086	0.00115	0.00138	0.00144	0.00081	0.00092	0.00138	0.00190	0.00253	0.00546	0.96452	0.00656	0.00311	0.00127	0.00040	0.00058	0.00282	0.00092	0.00081
11	0.00206	0.00178	0.00215	0.00153	0.00242	0.00135	0.02409	0.00251	0.00206	0.00323	0.00177	0.00207	0.00147	0.00074	0.00074	0.00015	0.00076	0.00060	0.00059	0.94793
12	0.93465	0.00198	0.00157	0.00139	0.00201	0.01953	0.02081	0.00294	0.00172	0.00438	0.00140	0.00164	0.00109	0.00092	0.00063	0.00031	0.00080	0.00055	0.00061	0.00108
13	0.00140	0.00101	0.00132	0.00124	0.00148	0.00093	0.00093	0.00186	0.00279	0.00394	0.93011	0.00747	0.03772	0.00204	0.00117	0.00031	0.00047	0.00180	0.00109	0.00093
14	0.00217	0.00200	0.00338	0.55687	0.38810	0.00225	0.00284	0.00279	0.00211	0.02544	0.00185	0.00258	0.00145	0.00095	0.00099	0.00032	0.00125	0.00088	0.00048	0.00130
15	0.00204	0.06587	0.87929	0.00278	0.00420	0.00241	0.02380	0.00313	0.00209	0.00309	0.00176	0.00207	0.00126	0.00093	0.00093	0.00031	0.00144	0.00073	0.00042	0.00145
16	0.00127	0.00093	0.00124	0.00146	0.00153	0.00090	0.00102	0.00147	0.00192	0.00257	0.00532	0.85156	0.00633	0.00303	0.00133	0.00041	0.02825	0.08774	0.00091	0.00082
17	0.00142	0.00095	0.00110	0.00112	0.00113	0.00094	0.00065	0.00143	0.00149	0.00199	0.00337	0.12491	0.00391	0.81705	0.00454	0.03023	0.00091	0.00159	0.00064	0.00062
18	0.00239	0.04638	0.60307	0.01746	0.00978	0.01479	0.04751	0.03261	0.01271	0.12294	0.00681	0.01343	0.00172	0.02650	0.00110	0.00033	0.01413	0.02434	0.00058	0.00143
19	0.01932	0.00711	0.04679	0.06747	0.32573	0.01678	0.17237	0.09917	0.03628	0.13695	0.01502	0.00268	0.00180	0.00102	0.00105	0.00844	0.00873	0.00094	0.00067	0.03167
20	0.01450	0.06658	0.26217	0.03648	0.06094	0.01663	0.08522	0.04606	0.04031	0.18246	0.00892	0.02404	0.01448	0.00106	0.00095	0.00029	0.00622	0.00089	0.00068	0.13111
21	0.02249	0.03631	0.08251	0.01973	0.11926	0.00179	0.02348	0.03096	0.02677	0.15912	0.04186	0.02322	0.00639	0.00105	0.00095	0.00025	0.02431	0.01034	0.00888	0.36032

[dist]
# distance from previous block
# <min> <max>
11	40

[block]
# block no. 5 follows, 332 sequences, length 14
# corresponding to MSA columns:
# 972-985
name=unknown_F
#
# <colnr> <probs for GDERKNQSTAVLIFYWHMCP>
#	G	D	E	R	K	N	Q	S	T	A	V	L	I	F	Y	W	H	M	C	P
0	0.04607	0.02269	0.01778	0.18097	0.40378	0.00894	0.06024	0.01750	0.02817	0.08709	0.00250	0.04322	0.01563	0.00117	0.00103	0.00032	0.01060	0.05033	0.00062	0.00137
1	0.07616	0.13749	0.01385	0.09360	0.03011	0.21633	0.06409	0.03416	0.04916	0.07649	0.01389	0.10677	0.00225	0.01372	0.01037	0.00032	0.03949	0.01251	0.00805	0.00121
2	0.00190	0.00175	0.00235	0.00193	0.00241	0.08602	0.19076	0.01816	0.01026	0.03810	0.29008	0.03259	0.28351	0.00179	0.00115	0.00032	0.00979	0.00160	0.00787	0.01765
3	0.14537	0.45824	0.01370	0.00176	0.01828	0.03949	0.00814	0.01570	0.08066	0.01935	0.00200	0.01157	0.00179	0.04269	0.00094	0.00028	0.00098	0.04351	0.00058	0.09497
4	0.02310	0.00186	0.04527	0.01228	0.00253	0.00148	0.01591	0.02372	0.01373	0.37986	0.02266	0.00939	0.03134	0.01861	0.00097	0.00026	0.00083	0.01331	0.00087	0.38202
5	0.06265	0.25752	0.10971	0.02029	0.01205	0.03453	0.00740	0.16656	0.00270	0.22460	0.04667	0.00847	0.00941	0.01349	0.00910	0.00030	0.01153	0.00084	0.00076	0.00141
6	0.00142	0.00106	0.00159	0.00159	0.00177	0.00124	0.00124	0.00177	0.00159	0.00230	0.00266	0.00389	0.00248	0.00743	0.96124	0.00159	0.00266	0.00106	0.00053	0.00089
7	0.00143	0.00105	0.00151	0.00152	0.00167	0.00120	0.00114	0.00176	0.01859	0.00228	0.00285	0.04575	0.00281	0.13932	0.75421	0.01806	0.00227	0.00119	0.00056	0.00085
8	0.92459	0.00193	0.00153	0.00137	0.00195	0.00226	0.00113	0.00289	0.00168	0.00435	0.00138	0.00164	0.00108	0.00096	0.00074	0.00031	0.04798	0.00055	0.00060	0.00107
9	0.01440	0.22467	0.00261	0.00183	0.04339	0.04451	0.00143	0.04903	0.00199	0.02335	0.04532	0.01258	0.00244	0.04883	0.42078	0.04945	0.00174	0.01003	0.00057	0.00104
10	0.03523	0.04807	0.13689	0.28831	0.04684	0.08286	0.00212	0.01434	0.01594	0.04319	0.08791	0.14679	0.00298	0.00147	0.00743	0.00033	0.00111	0.01305	0.02402	0.00116
11	0.00245	0.64277	0.08687	0.01691	0.00262	0.01315	0.00174	0.00284	0.00206	0.03863	0.00222	0.07470	0.04310	0.00111	0.00076	0.00024	0.00102	0.00082	0.00052	0.06546
12	0.02363	0.31971	0.54443	0.00240	0.00356	0.04596	0.01956	0.00309	0.00211	0.00289	0.02331	0.00203	0.00145	0.00094	0.00084	0.00028	0.00131	0.00069	0.00045	0.00136
13	0.00987	0.26910	0.38056	0.01512	0.02241	0.07347	0.02452	0.01441	0.08273	0.04220	0.01539	0.00255	0.03025	0.00105	0.00088	0.00029	0.00123	0.01206	0.00055	0.00137

[dist]
# distance from previous block
# <min> <max>
2	8

[block]
# block no. 6 follows, 332 sequences, length 20
# corresponding to MSA columns:
# 1007-1024,1030,1031
name=unknown_G
#
# <colnr> <probs for GDERKNQSTAVLIFYWHMCP>
#	G	D	E	R	K	N	Q	S	T	A	V	L	I	F	Y	W	H	M	C	P
0	0.00904	0.02652	0.10091	0.02414	0.03607	0.01602	0.02511	0.05672	0.11297	0.05421	0.29104	0.05989	0.15234	0.01007	0.00114	0.00033	0.01075	0.01068	0.00088	0.00117
1	0.00125	0.01863	0.00127	0.00138	0.00150	0.00089	0.01219	0.00145	0.00197	0.00259	0.02669	0.80616	0.10310	0.00295	0.00124	0.00039	0.00059	0.01401	0.00091	0.00083
2	0.00917	0.00821	0.09926	0.01876	0.00193	0.00111	0.00688	0.01016	0.00885	0.04579	0.19121	0.49597	0.09405	0.00242	0.00117	0.00036	0.00068	0.00215	0.00090	0.00097
3	0.01319	0.02263	0.17491	0.05760	0.11329	0.00180	0.02875	0.01817	0.00225	0.16102	0.00938	0.04525	0.01088	0.00105	0.00093	0.00026	0.01224	0.00577	0.00067	0.31995
4	0.00810	0.00652	0.08178	0.01141	0.01210	0.00654	0.02659	0.01606	0.00205	0.09576	0.06967	0.32383	0.02788	0.02520	0.23603	0.00863	0.01341	0.02664	0.00078	0.00102
5	0.00199	0.00513	0.96003	0.00283	0.00429	0.00230	0.00366	0.00314	0.00209	0.00314	0.00178	0.00209	0.00126	0.00094	0.00094	0.00031	0.00146	0.00073	0.00042	0.00146
6	0.06086	0.01295	0.08993	0.12446	0.08788	0.01385	0.17170	0.05065	0.03173	0.23759	0.01643	0.02743	0.01252	0.00124	0.01119	0.00034	0.00892	0.03397	0.00498	0.00138
7	0.03621	0.03192	0.34187	0.03338	0.15303	0.00996	0.11440	0.01574	0.01976	0.10374	0.02306	0.02256	0.02061	0.00106	0.00100	0.00030	0.01454	0.00092	0.00060	0.05534
8	0.00281	0.00193	0.05539	0.09163	0.12727	0.01189	0.05628	0.01012	0.01276	0.33199	0.05754	0.02750	0.01341	0.01667	0.09107	0.00045	0.03822	0.02219	0.01169	0.01918
9	0.01645	0.00475	0.83684	0.00277	0.00415	0.00229	0.03179	0.02192	0.02384	0.04335	0.00193	0.00220	0.00136	0.00096	0.00095	0.00031	0.00141	0.00077	0.00048	0.00147
10	0.00763	0.03679	0.20201	0.14317	0.34157	0.02339	0.07895	0.02183	0.01311	0.07197	0.01387	0.02669	0.00174	0.00102	0.00101	0.00031	0.01203	0.00093	0.00055	0.00142
11	0.00224	0.03305	0.38012	0.09225	0.18021	0.04795	0.09215	0.00307	0.02429	0.03602	0.03494	0.03353	0.01532	0.00113	0.00716	0.00032	0.01341	0.00095	0.00053	0.00137
12	0.02177	0.05561	0.08001	0.01275	0.02018	0.02146	0.00156	0.02678	0.00637	0.38097	0.06883	0.15092	0.03509	0.01068	0.00619	0.01291	0.00088	0.08479	0.00095	0.00130
13	0.00955	0.01895	0.00935	0.24546	0.01688	0.00537	0.05037	0.01769	0.00201	0.01183	0.08592	0.05984	0.16870	0.08140	0.01674	0.15326	0.02078	0.02435	0.00065	0.00091
14	0.02954	0.07762	0.22842	0.03853	0.09521	0.03180	0.07254	0.02955	0.03017	0.24973	0.00865	0.05156	0.01323	0.00117	0.00097	0.00030	0.00112	0.00987	0.01076	0.01925
15	0.01315	0.08716	0.32032	0.06948	0.12296	0.08219	0.08516	0.03458	0.00998	0.09046	0.01045	0.01475	0.01067	0.00105	0.00100	0.00030	0.02289	0.00854	0.00057	0.01433
16	0.02432	0.01494	0.05080	0.03674	0.07903	0.01435	0.01601	0.02599	0.01122	0.41434	0.02057	0.17860	0.02837	0.03288	0.01834	0.00037	0.00652	0.02433	0.00093	0.00134
17	0.00716	0.01318	0.03286	0.03658	0.04004	0.00801	0.02656	0.02734	0.01294	0.07936	0.27042	0.14908	0.10919	0.02847	0.05587	0.02055	0.01094	0.06141	0.00900	0.00103
18	0.01707	0.03790	0.25989	0.09715	0.10184	0.03473	0.06317	0.06586	0.03908	0.18973	0.00253	0.05365	0.00195	0.00115	0.00100	0.00031	0.01083	0.00711	0.00069	0.01436
19	0.03088	0.05838	0.29692	0.04797	0.15002	0.07073	0.08059	0.03525	0.04251	0.03930	0.00998	0.03382	0.03358	0.00123	0.01139	0.00033	0.01679	0.03030	0.00868	0.00135

[dist]
# distance from previous block
# <min> <max>
2	168

[block]
# block no. 7 follows, 332 sequences, length 23
# corresponding to MSA columns:
# 1236-1258
name=unknown_H
#
# <colnr> <probs for GDERKNQSTAVLIFYWHMCP>
#	G	D	E	R	K	N	Q	S	T	A	V	L	I	F	Y	W	H	M	C	P
0	0.00155	0.02017	0.01236	0.00164	0.04815	0.00118	0.01047	0.02164	0.05078	0.01390	0.36472	0.29578	0.11059	0.00227	0.00117	0.00035	0.00062	0.04071	0.00095	0.00099
1	0.00207	0.00783	0.00210	0.00162	0.02201	0.02022	0.02546	0.00252	0.01567	0.03132	0.02009	0.02294	0.08324	0.00796	0.01044	0.00021	0.00079	0.00084	0.00065	0.72201
2	0.01974	0.14379	0.03095	0.03790	0.02267	0.04564	0.00184	0.36088	0.28017	0.02877	0.00264	0.00263	0.00197	0.00115	0.00093	0.00029	0.00103	0.00088	0.00084	0.01528
3	0.00785	0.06199	0.06932	0.11777	0.08061	0.04016	0.32921	0.02872	0.06424	0.07820	0.04066	0.05245	0.01165	0.00115	0.00105	0.00032	0.00128	0.01142	0.00064	0.00132
4	0.01440	0.06844	0.30466	0.01942	0.25611	0.02123	0.07132	0.08362	0.02316	0.05631	0.00222	0.04045	0.00181	0.00109	0.00098	0.00031	0.00536	0.02291	0.00059	0.00561
5	0.01536	0.11270	0.60378	0.00260	0.00379	0.01325	0.07315	0.00327	0.06103	0.04568	0.00929	0.01296	0.00159	0.01105	0.00097	0.00031	0.00132	0.00081	0.00052	0.02659
6	0.00153	0.00120	0.02351	0.00142	0.02647	0.00103	0.00109	0.00192	0.01719	0.04714	0.27415	0.03750	0.40673	0.01867	0.00128	0.01293	0.00062	0.12373	0.00095	0.00095
7	0.01887	0.04243	0.59939	0.00871	0.03388	0.01709	0.16175	0.02738	0.00224	0.04282	0.00210	0.01043	0.01775	0.00100	0.00098	0.00031	0.00140	0.00956	0.00050	0.00142
8	0.02716	0.03968	0.28821	0.08314	0.18899	0.01004	0.07981	0.02758	0.00869	0.20757	0.00734	0.00266	0.00172	0.00103	0.00099	0.00031	0.00999	0.01296	0.00065	0.00147
9	0.01151	0.02690	0.12538	0.06312	0.03618	0.00155	0.01791	0.01465	0.02743	0.19328	0.07166	0.11161	0.09610	0.05224	0.04653	0.02750	0.00898	0.06549	0.00081	0.00117
10	0.00141	0.00096	0.00123	0.00134	0.00151	0.00088	0.00095	0.00165	0.00211	0.05361	0.09097	0.58235	0.18989	0.00288	0.02342	0.00041	0.00063	0.04197	0.00094	0.00088
11	0.00128	0.00093	0.00121	0.00133	0.00146	0.00086	0.00094	0.00156	0.00221	0.00300	0.30326	0.58020	0.06340	0.00272	0.00123	0.00037	0.00055	0.03167	0.00097	0.00085
12	0.02447	0.08484	0.38384	0.16512	0.02701	0.01911	0.12235	0.00977	0.02648	0.09709	0.00748	0.01341	0.00160	0.00101	0.00097	0.00031	0.00700	0.00622	0.00055	0.00137
13	0.00218	0.00196	0.03170	0.43600	0.17178	0.00207	0.06217	0.05998	0.00227	0.05814	0.02244	0.08843	0.02471	0.00134	0.01468	0.00035	0.01094	0.00702	0.00060	0.00124
14	0.04582	0.00216	0.01347	0.36770	0.48047	0.00230	0.06814	0.00285	0.00213	0.00302	0.00181	0.00250	0.00145	0.00092	0.00098	0.00031	0.00125	0.00088	0.00048	0.00135
15	0.00237	0.00227	0.00383	0.13960	0.76548	0.00234	0.02031	0.00307	0.04515	0.00318	0.00195	0.00254	0.00160	0.00092	0.00099	0.00030	0.00119	0.00090	0.00051	0.00150
16	0.00232	0.02760	0.04070	0.23571	0.14874	0.00794	0.20987	0.00295	0.01106	0.11253	0.00270	0.02823	0.01207	0.00152	0.04424	0.00039	0.00130	0.10822	0.00063	0.00127
17	0.00265	0.08651	0.32661	0.08714	0.07029	0.04530	0.04867	0.03735	0.00877	0.18820	0.01059	0.01954	0.02623	0.00118	0.00741	0.00032	0.00123	0.02993	0.00066	0.00140
18	0.00131	0.00108	0.04429	0.00144	0.00159	0.00089	0.00106	0.00155	0.00197	0.01957	0.02588	0.82328	0.04787	0.00292	0.00124	0.00039	0.00062	0.02128	0.00091	0.00086
19	0.00141	0.00104	0.00146	0.07445	0.03580	0.00102	0.00119	0.00169	0.00205	0.02019	0.09722	0.65475	0.02065	0.01387	0.00127	0.00039	0.00067	0.06912	0.00089	0.00089
20	0.01291	0.20406	0.22623	0.02895	0.12980	0.02306	0.11766	0.07002	0.01217	0.15658	0.00213	0.00235	0.00157	0.00098	0.00094	0.00029	0.00741	0.00082	0.00062	0.00145
21	0.01114	0.01338	0.16335	0.15836	0.37132	0.00745	0.11178	0.05652	0.01776	0.00322	0.00211	0.04033	0.00178	0.02555	0.00111	0.00033	0.00126	0.01133	0.00053	0.00139
22	0.00140	0.00120	0.04451	0.00151	0.00172	0.00116	0.00119	0.00172	0.00171	0.00240	0.02047	0.16060	0.05563	0.11237	0.57721	0.00117	0.00190	0.00144	0.00984	0.00087

[dist]
# distance from previous block
# <min> <max>
0	102

# created by:
# /home/berkeley/.conda/envs/busco_data_prod/bin/msa2prfl.pl pipeline/OGs_align_augustus/2759/1739576.fs
