[name]
unknown

[dist]
# distance from previous block
# <min> <max>
0	449

[block]
# block no. 0 follows, 197 sequences, length 21
# corresponding to MSA columns:
# 972-982,984-986,993-999
name=unknown_A
#
# <colnr> <probs for GDERKNQSTAVLIFYWHMCP>
#	G	D	E	R	K	N	Q	S	T	A	V	L	I	F	Y	W	H	M	C	P
0	0.42376	0.32818	0.01535	0.06120	0.07280	0.03543	0.01989	0.01895	0.00318	0.00557	0.00239	0.00287	0.00198	0.00146	0.00114	0.00044	0.00162	0.00098	0.00085	0.00195
1	0.00298	0.00238	0.00342	0.00430	0.24199	0.00247	0.00255	0.00366	0.05094	0.01974	0.01996	0.08908	0.01394	0.31575	0.04038	0.00099	0.04339	0.13932	0.00110	0.00166
2	0.00357	0.01596	0.40532	0.00433	0.00616	0.01807	0.19515	0.03349	0.03372	0.01227	0.00315	0.00371	0.00237	0.00145	0.00151	0.00044	0.00206	0.00131	0.01615	0.23980
3	0.00216	0.00166	0.00189	0.00182	0.00231	0.00145	0.00137	0.00272	0.00406	0.02351	0.40545	0.01381	0.52465	0.00370	0.00189	0.00053	0.00080	0.00315	0.00162	0.00145
4	0.00232	0.00164	0.00215	0.00215	0.00228	0.00177	0.00146	0.00259	0.00245	0.00341	0.00471	0.00853	0.00498	0.50260	0.44790	0.00204	0.00286	0.00205	0.00092	0.00119
5	0.00604	0.00447	0.00479	0.00369	0.00496	0.00495	0.00304	0.89752	0.03825	0.01002	0.00395	0.00393	0.00281	0.00194	0.00161	0.00048	0.00175	0.00146	0.00161	0.00273
6	0.00248	0.00156	0.00172	0.00171	0.00211	0.00146	0.00127	0.00312	0.00374	0.00561	0.25596	0.06035	0.23729	0.00297	0.00157	0.00047	0.00078	0.00251	0.41186	0.00146
7	0.00404	0.47758	0.00668	0.00346	0.00421	0.02064	0.00311	0.03439	0.00307	0.00403	0.00224	0.00305	0.00211	0.00204	0.00296	0.00051	0.42209	0.00113	0.00073	0.00195
8	0.00211	0.00164	0.00192	0.00185	0.00230	0.00145	0.00139	0.00271	0.00416	0.00552	0.52928	0.01354	0.41909	0.00363	0.00190	0.00052	0.00078	0.00312	0.00165	0.00145
9	0.00472	0.00412	0.00582	0.00452	0.00542	0.00477	0.19442	0.41162	0.00499	0.00690	0.00312	0.00384	0.00245	0.00212	0.00296	0.00057	0.33271	0.00153	0.00113	0.00227
10	0.00369	0.00290	0.00340	0.00245	0.00386	0.00224	0.00197	0.03029	0.00354	0.07133	0.00313	0.00350	0.00250	0.00127	0.00123	0.00026	0.00122	0.00101	0.00104	0.85914
11	0.16609	0.73244	0.03040	0.00271	0.00404	0.00577	0.00266	0.01704	0.01903	0.00453	0.00235	0.00268	0.00207	0.00142	0.00106	0.00038	0.00165	0.00089	0.00077	0.00203
12	0.89751	0.00317	0.00245	0.00218	0.00317	0.01871	0.00179	0.01791	0.00286	0.02278	0.00234	0.00271	0.00181	0.00156	0.00109	0.01299	0.00128	0.00090	0.00101	0.00176
13	0.00433	0.00359	0.01248	0.00418	0.10783	0.02462	0.05630	0.23111	0.32734	0.03958	0.00546	0.15066	0.00470	0.00242	0.00176	0.00054	0.01723	0.00208	0.00144	0.00235
14	0.00328	0.00311	0.00526	0.70051	0.24830	0.00364	0.00459	0.00432	0.00333	0.00440	0.00290	0.00421	0.00225	0.00156	0.00160	0.00052	0.00208	0.00143	0.00074	0.00198
15	0.00215	0.00149	0.00182	0.00199	0.00205	0.00144	0.00124	0.00231	0.00278	0.00371	0.03741	0.44504	0.02819	0.45525	0.00499	0.00108	0.00122	0.00342	0.00125	0.00115
16	0.00582	0.00248	0.00332	0.00265	0.00366	0.00220	0.00215	0.03114	0.00467	0.65310	0.26250	0.00724	0.00704	0.00235	0.00169	0.00050	0.00121	0.00197	0.00192	0.00240
17	0.00406	0.00348	0.00367	0.00328	0.00420	0.00403	0.00256	0.03388	0.90512	0.00682	0.00647	0.00594	0.00485	0.00217	0.00164	0.00054	0.00129	0.00181	0.00164	0.00255
18	0.55509	0.00299	0.00295	0.00244	0.00353	0.00316	0.00201	0.03635	0.00362	0.35248	0.01915	0.00387	0.00283	0.00172	0.00126	0.00050	0.00130	0.00120	0.00140	0.00214
19	0.66168	0.00299	0.00279	0.00235	0.00342	0.00322	0.00193	0.00569	0.00331	0.29411	0.00351	0.00350	0.00243	0.00165	0.00119	0.00050	0.00128	0.00110	0.00130	0.00205
20	0.53885	0.00320	0.00422	0.02084	0.00455	0.00339	0.23990	0.00461	0.00314	0.03686	0.00374	0.09374	0.03308	0.00190	0.00139	0.00053	0.00160	0.00161	0.00104	0.00183

[dist]
# distance from previous block
# <min> <max>
1	4

[block]
# block no. 1 follows, 197 sequences, length 15
# corresponding to MSA columns:
# 1015-1029
name=unknown_B
#
# <colnr> <probs for GDERKNQSTAVLIFYWHMCP>
#	G	D	E	R	K	N	Q	S	T	A	V	L	I	F	Y	W	H	M	C	P
0	0.52828	0.00350	0.00334	0.00290	0.00364	0.06782	0.01793	0.02184	0.02876	0.03953	0.00266	0.00334	0.00219	0.02177	0.00227	0.00056	0.22569	0.00114	0.02102	0.00182
1	0.00362	0.00344	0.00549	0.00727	0.55118	0.00384	0.00409	0.00440	0.01580	0.00470	0.00328	0.00451	0.02229	0.02881	0.08465	0.00075	0.24738	0.00152	0.00081	0.00218
2	0.00223	0.00164	0.00209	0.00199	0.00238	0.00150	0.00149	0.00295	0.00443	0.00619	0.82346	0.03551	0.10134	0.00340	0.00190	0.00051	0.00077	0.00299	0.00174	0.00150
3	0.00300	0.00272	0.00447	0.61133	0.12731	0.00316	0.00393	0.00399	0.00352	0.00469	0.16056	0.00630	0.00478	0.00202	0.00169	0.00053	0.00184	0.05137	0.00094	0.00182
4	0.00196	0.00161	0.00172	0.00174	0.00222	0.00138	0.00129	0.00240	0.00374	0.00462	0.14424	0.09565	0.72379	0.00405	0.00191	0.00055	0.00082	0.00343	0.00153	0.00138
5	0.00279	0.00140	0.00209	0.00209	0.00209	0.00140	0.00140	0.00209	0.00209	0.00279	0.00279	0.00489	0.00279	0.00559	0.00628	0.95322	0.00140	0.00140	0.00070	0.00070
6	0.00599	0.04250	0.00484	0.00386	0.00495	0.42644	0.00307	0.47547	0.00603	0.00708	0.00318	0.00338	0.00241	0.00179	0.00151	0.00045	0.00228	0.00124	0.00122	0.00231
7	0.00323	0.00261	0.00304	0.00303	0.00366	0.00286	0.00247	0.00581	0.45626	0.00577	0.03587	0.03812	0.02933	0.00331	0.00191	0.00063	0.00133	0.39718	0.00157	0.00199
8	0.02048	0.09307	0.25449	0.00534	0.27883	0.00364	0.00408	0.04004	0.02309	0.18958	0.00421	0.00446	0.04154	0.00170	0.00152	0.00048	0.00181	0.00142	0.00108	0.02913
9	0.00533	0.00307	0.00369	0.00283	0.00405	0.00285	0.00231	0.21541	0.01627	0.35036	0.03040	0.00472	0.00356	0.00210	0.03155	0.00048	0.00146	0.00142	0.03919	0.27894
10	0.00220	0.00164	0.00194	0.00191	0.00235	0.00146	0.00143	0.00276	0.00402	0.02442	0.41801	0.09394	0.40810	0.00378	0.00191	0.00054	0.00083	0.02566	0.00162	0.00145
11	0.09357	0.04631	0.01645	0.01502	0.00320	0.01418	0.01624	0.05782	0.00338	0.04913	0.03179	0.28365	0.04485	0.02351	0.24085	0.00110	0.00204	0.04230	0.01297	0.00162
12	0.01889	0.05668	0.00547	0.21956	0.22981	0.25698	0.05565	0.02533	0.01639	0.02731	0.00300	0.00392	0.00244	0.00167	0.00171	0.00048	0.04619	0.01296	0.01349	0.00207
13	0.04439	0.10777	0.29986	0.02327	0.00514	0.02679	0.00364	0.12965	0.03833	0.21103	0.02032	0.00453	0.03768	0.00186	0.00161	0.00049	0.02789	0.00141	0.01199	0.00234
14	0.10675	0.09918	0.22690	0.00339	0.00467	0.02513	0.01899	0.17377	0.03721	0.10360	0.02475	0.08929	0.00370	0.02057	0.00182	0.01076	0.03206	0.01411	0.00118	0.00218

[dist]
# distance from previous block
# <min> <max>
3	6

[block]
# block no. 2 follows, 197 sequences, length 12
# corresponding to MSA columns:
# 1233-1244
name=unknown_C
#
# <colnr> <probs for GDERKNQSTAVLIFYWHMCP>
#	G	D	E	R	K	N	Q	S	T	A	V	L	I	F	Y	W	H	M	C	P
0	0.02414	0.05162	0.00480	0.01440	0.03793	0.26071	0.05537	0.22944	0.16935	0.04798	0.00394	0.00409	0.01332	0.00178	0.00152	0.00045	0.00197	0.00138	0.00122	0.07458
1	0.04855	0.00343	0.04472	0.01853	0.27565	0.04989	0.03200	0.03985	0.12904	0.02859	0.05483	0.05285	0.19522	0.00240	0.00167	0.00051	0.00153	0.00207	0.00121	0.01746
2	0.04501	0.00315	0.00431	0.00320	0.00449	0.00279	0.13664	0.03071	0.03180	0.02229	0.00319	0.02707	0.00267	0.00150	0.00161	0.00036	0.06252	0.00126	0.00099	0.61445
3	0.00383	0.00365	0.05725	0.32974	0.46846	0.00364	0.00457	0.00498	0.03744	0.06611	0.00331	0.00423	0.00256	0.00156	0.00160	0.00050	0.00196	0.00144	0.00087	0.00229
4	0.00279	0.00261	0.00487	0.00407	0.00482	0.00246	0.34774	0.00359	0.00353	0.00471	0.02658	0.33931	0.03395	0.00346	0.00202	0.00062	0.00171	0.20822	0.00124	0.00167
5	0.00196	0.00140	0.00187	0.00224	0.00233	0.00131	0.00149	0.00224	0.00308	0.00410	0.00886	0.94244	0.01063	0.00504	0.00205	0.00065	0.00093	0.00457	0.00149	0.00131
6	0.00525	0.00216	0.00269	0.00223	0.00306	0.00196	0.00179	0.00593	0.00403	0.50147	0.00583	0.00572	0.00405	0.00194	0.00139	0.00044	0.00108	0.00156	0.44528	0.00216
7	0.00463	0.00377	0.00532	0.00420	0.00528	0.00410	0.21410	0.17105	0.36328	0.10737	0.00486	0.00494	0.00358	0.00199	0.00204	0.00054	0.09339	0.00171	0.00139	0.00244
8	0.00228	0.00165	0.00222	0.00255	0.00283	0.00159	0.00203	0.00282	0.00348	0.00455	0.03552	0.37166	0.08459	0.00461	0.00212	0.00068	0.00120	0.47071	0.00149	0.00140
9	0.06571	0.22145	0.00538	0.24857	0.00616	0.02703	0.00320	0.32006	0.01949	0.04685	0.00322	0.00369	0.00243	0.00175	0.00151	0.01708	0.00182	0.00127	0.00110	0.00221
10	0.00422	0.24651	0.02589	0.00349	0.01534	0.29734	0.01979	0.00490	0.04229	0.00413	0.02747	0.08764	0.00352	0.00321	0.10509	0.00070	0.10418	0.00153	0.00090	0.00185
11	0.00352	0.00352	0.00492	0.00422	0.00422	0.00492	0.00352	0.00387	0.00246	0.00387	0.00211	0.00352	0.00211	0.00281	0.00528	0.00070	0.94055	0.00141	0.00070	0.00176

[dist]
# distance from previous block
# <min> <max>
2	2

[block]
# block no. 3 follows, 197 sequences, length 9
# corresponding to MSA columns:
# 1259-1267
name=unknown_D
#
# <colnr> <probs for GDERKNQSTAVLIFYWHMCP>
#	G	D	E	R	K	N	Q	S	T	A	V	L	I	F	Y	W	H	M	C	P
0	0.00457	0.00348	0.00344	0.00295	0.00385	0.08131	0.00233	0.18240	0.35750	0.08005	0.00525	0.00519	0.00391	0.00197	0.00148	0.00047	0.00139	0.00156	0.22005	0.03686
1	0.00213	0.00164	0.00195	0.00187	0.00232	0.00146	0.00141	0.00276	0.00422	0.00566	0.58752	0.01331	0.36076	0.00358	0.00190	0.00052	0.00078	0.00309	0.00167	0.00146
2	0.00416	0.00460	0.00415	0.00379	0.00417	0.33953	0.00299	0.00476	0.04828	0.00414	0.00386	0.12435	0.00391	0.00279	0.00306	0.00059	0.35957	0.07860	0.00096	0.00175
3	0.00382	0.00233	0.00251	0.00225	0.00290	0.00246	0.00175	0.09881	0.20426	0.07976	0.06406	0.00612	0.00484	0.00204	0.00137	0.00044	0.00102	0.00166	0.51565	0.00195
4	0.00225	0.00164	0.00212	0.00200	0.00239	0.00151	0.00150	0.00299	0.00450	0.00632	0.87791	0.01222	0.06995	0.00333	0.00190	0.00051	0.00076	0.00294	0.00175	0.00151
5	0.00343	0.00289	0.00481	0.81621	0.05534	0.00348	0.00431	0.00446	0.00335	0.08184	0.00316	0.00437	0.00232	0.00163	0.00161	0.00053	0.00207	0.00144	0.00082	0.00190
6	0.00259	0.00147	0.00194	0.00194	0.00194	0.00147	0.00121	0.00220	0.00220	0.00294	0.00380	0.00739	0.00415	0.42255	0.00713	0.53014	0.00147	0.00182	0.00082	0.00082
7	0.00627	0.00425	0.00467	0.00358	0.00486	0.00462	0.00296	0.79816	0.00714	0.14067	0.00421	0.00409	0.00291	0.00194	0.00161	0.00048	0.00171	0.00147	0.00166	0.00273
8	0.09402	0.00458	0.00454	0.04958	0.12556	0.26905	0.03663	0.05369	0.00384	0.02039	0.00277	0.00339	0.00226	0.00162	0.00178	0.00043	0.09555	0.00117	0.00091	0.22825

[dist]
# distance from previous block
# <min> <max>
0	1

[block]
# block no. 4 follows, 197 sequences, length 21
# corresponding to MSA columns:
# 1276-1285,1287-1297
name=unknown_E
#
# <colnr> <probs for GDERKNQSTAVLIFYWHMCP>
#	G	D	E	R	K	N	Q	S	T	A	V	L	I	F	Y	W	H	M	C	P
0	0.04406	0.04753	0.00475	0.00392	0.00470	0.47514	0.02442	0.10015	0.05104	0.03334	0.00290	0.00339	0.00236	0.00192	0.00219	0.00049	0.18466	0.00122	0.00981	0.00200
1	0.83798	0.00353	0.00273	0.01745	0.00350	0.08616	0.01910	0.00487	0.00292	0.00684	0.00229	0.00270	0.00179	0.00151	0.00106	0.00049	0.00143	0.00091	0.00097	0.00176
2	0.00313	0.00294	0.03485	0.39885	0.14279	0.00307	0.06576	0.00405	0.00348	0.03199	0.08437	0.11816	0.01536	0.00236	0.00184	0.00055	0.02786	0.05571	0.00101	0.00187
3	0.00238	0.00178	0.00249	0.00248	0.00273	0.01287	0.00188	0.00285	0.00259	0.00370	0.00444	0.02835	0.00431	0.12050	0.74336	0.02316	0.01593	0.00184	0.02099	0.00137
4	0.00199	0.00145	0.00188	0.00217	0.00234	0.00134	0.00149	0.00234	0.00329	0.00436	0.09826	0.74790	0.10099	0.00477	0.00203	0.00063	0.00091	0.01900	0.00152	0.00133
5	0.00721	0.00274	0.00373	0.00286	0.00410	0.00236	0.00236	0.00784	0.00460	0.93458	0.00634	0.00547	0.00398	0.00199	0.00162	0.00050	0.00137	0.00162	0.00199	0.00274
6	0.00598	0.00444	0.00475	0.00367	0.00494	0.00492	0.00302	0.87008	0.06580	0.00992	0.00403	0.00400	0.00287	0.00195	0.00161	0.00049	0.00174	0.00147	0.00161	0.00272
7	0.95485	0.00311	0.00236	0.00211	0.00311	0.00361	0.00174	0.00473	0.00274	0.00721	0.00224	0.00261	0.00174	0.00149	0.00100	0.00050	0.00124	0.00087	0.00100	0.00174
8	0.30399	0.00350	0.00370	0.00293	0.00411	0.00371	0.00242	0.34162	0.00509	0.30748	0.00415	0.00399	0.00282	0.00181	0.00142	0.00049	0.00148	0.00132	0.00154	0.00242
9	0.00430	0.94446	0.00843	0.00275	0.00413	0.00636	0.00275	0.00481	0.00327	0.00378	0.00224	0.00258	0.00206	0.00138	0.00103	0.00034	0.00172	0.00086	0.00069	0.00206
10	0.00430	0.94446	0.00843	0.00275	0.00413	0.00636	0.00275	0.00481	0.00327	0.00378	0.00224	0.00258	0.00206	0.00138	0.00103	0.00034	0.00172	0.00086	0.00069	0.00206
11	0.00391	0.00396	0.00701	0.03724	0.62868	0.02971	0.22649	0.00494	0.00367	0.00511	0.00310	0.00412	0.00254	0.00175	0.03028	0.00056	0.00221	0.00154	0.00080	0.00238
12	0.00215	0.00159	0.00190	0.00201	0.00235	0.00143	0.00143	0.00262	0.01533	0.02484	0.18213	0.38111	0.33628	0.02235	0.01431	0.00062	0.00093	0.00367	0.00154	0.00141
13	0.00205	0.00163	0.00184	0.00180	0.00227	0.00142	0.00135	0.00260	0.00401	0.00518	0.38199	0.03595	0.54466	0.00378	0.00190	0.00053	0.00079	0.00323	0.00160	0.00142
14	0.00255	0.00165	0.00215	0.00231	0.00262	0.00161	0.02181	0.00316	0.00342	0.00502	0.03745	0.28878	0.00801	0.01483	0.00187	0.00059	0.00109	0.29134	0.30829	0.00144
15	0.00210	0.00163	0.00191	0.00186	0.00230	0.00144	0.00139	0.00268	0.00411	0.00543	0.49346	0.04783	0.42070	0.00370	0.00190	0.00053	0.00079	0.00318	0.00164	0.00144
16	0.00280	0.00202	0.00294	0.00277	0.00287	0.00246	0.00212	0.00279	0.00235	0.00337	0.00315	0.00505	0.00305	0.00713	0.32418	0.39879	0.22869	0.00151	0.00076	0.00121
17	0.01045	0.00495	0.29754	0.02473	0.30445	0.01909	0.03138	0.02077	0.07658	0.03816	0.05495	0.00518	0.02362	0.00208	0.02141	0.00056	0.02937	0.03147	0.00097	0.00230
18	0.00268	0.00231	0.00368	0.48384	0.05641	0.00266	0.00322	0.00336	0.00311	0.00409	0.00503	0.33587	0.00527	0.01778	0.01186	0.04160	0.01208	0.00255	0.00100	0.00159
19	0.00501	0.39673	0.02802	0.02594	0.18490	0.00451	0.00320	0.01957	0.01713	0.26876	0.00367	0.00383	0.00276	0.00163	0.00147	0.00044	0.02773	0.00124	0.00111	0.00236
20	0.01899	0.01776	0.00383	0.01460	0.03897	0.01416	0.01282	0.04446	0.14087	0.26858	0.00443	0.00441	0.00323	0.00174	0.01164	0.00042	0.00140	0.00133	0.00136	0.39502

[dist]
# distance from previous block
# <min> <max>
8	27

[block]
# block no. 5 follows, 197 sequences, length 29
# corresponding to MSA columns:
# 1390,1391,1393-1402,1419-1421,1423,1424,1426-1428,1468-1476
name=unknown_F
#
# <colnr> <probs for GDERKNQSTAVLIFYWHMCP>
#	G	D	E	R	K	N	Q	S	T	A	V	L	I	F	Y	W	H	M	C	P
0	0.22331	0.03878	0.00435	0.00369	0.04297	0.31014	0.00283	0.32346	0.01790	0.01395	0.00300	0.00326	0.00230	0.00170	0.00140	0.00046	0.00201	0.00117	0.00115	0.00219
1	0.08133	0.01704	0.53066	0.00602	0.29569	0.02274	0.01423	0.00504	0.00345	0.00528	0.00286	0.00350	0.00218	0.00149	0.00150	0.00049	0.00214	0.00124	0.00075	0.00236
2	0.00364	0.00296	0.08386	0.00280	0.00387	0.00222	0.03511	0.02783	0.01437	0.15969	0.01144	0.28478	0.01123	0.00257	0.00160	0.00045	0.00131	0.00225	0.00129	0.34672
3	0.02098	0.00303	0.00401	0.00308	0.02084	0.00260	0.07630	0.01501	0.08146	0.25162	0.00412	0.00421	0.00302	0.00152	0.00141	0.00037	0.00139	0.00129	0.00128	0.50248
4	0.00473	0.16386	0.00476	0.00325	0.00437	0.39008	0.00261	0.00527	0.00384	0.03266	0.00268	0.00310	0.00224	0.00149	0.00142	0.00035	0.03231	0.00101	0.00088	0.33911
5	0.00237	0.00171	0.00217	0.00206	0.00247	0.00159	0.00154	0.00320	0.03387	0.02193	0.75966	0.04678	0.09999	0.00338	0.00189	0.00052	0.00080	0.01079	0.00173	0.00155
6	0.00322	0.00832	0.93516	0.00458	0.00696	0.00373	0.00594	0.00509	0.00339	0.00509	0.00289	0.00339	0.00204	0.00153	0.00153	0.00051	0.00238	0.00119	0.00068	0.00238
7	0.00515	0.00627	0.00607	0.00492	0.00598	0.56287	0.29157	0.01953	0.04524	0.00453	0.00291	0.00352	0.00232	0.00162	0.00172	0.00047	0.03108	0.00136	0.00087	0.00200
8	0.00279	0.00140	0.00209	0.00209	0.00209	0.00140	0.00140	0.00209	0.00209	0.00279	0.00279	0.00489	0.00279	0.00559	0.00628	0.95322	0.00140	0.00140	0.00070	0.00070
9	0.00339	0.00322	0.00543	0.57737	0.35436	0.00364	0.00460	0.00441	0.00338	0.00455	0.00292	0.00416	0.00230	0.00154	0.00159	0.00051	0.00204	0.00142	0.00075	0.01842
10	0.00277	0.00187	0.00210	0.00198	0.00250	0.00181	0.00150	0.00387	0.11044	0.02362	0.26301	0.02995	0.18013	0.01417	0.00168	0.00049	0.00088	0.01873	0.29829	0.04022
11	0.00287	0.00193	0.00246	0.02333	0.00282	0.00194	0.00171	0.04044	0.02254	0.07513	0.37364	0.05311	0.05841	0.19695	0.10075	0.00095	0.02277	0.01524	0.00144	0.00155
12	0.00378	0.00319	0.00450	0.37045	0.12569	0.00362	0.00367	0.19046	0.10696	0.00585	0.00446	0.04391	0.00388	0.00222	0.00171	0.00055	0.00181	0.12005	0.00114	0.00210
13	0.00288	0.00259	0.00364	0.48884	0.00714	0.00297	0.00314	0.01823	0.14595	0.00468	0.00763	0.00803	0.29298	0.00247	0.00170	0.00054	0.00159	0.00210	0.00111	0.00178
14	0.00196	0.00141	0.00186	0.00222	0.00233	0.00131	0.00148	0.00224	0.00310	0.00411	0.00913	0.90952	0.04339	0.00500	0.00205	0.00065	0.00093	0.00453	0.00149	0.00131
15	0.00299	0.00244	0.00352	0.45295	0.00675	0.00272	0.00299	0.02471	0.05045	0.05518	0.12651	0.00830	0.23718	0.01436	0.00180	0.00054	0.00153	0.00215	0.00118	0.00175
16	0.65880	0.00391	0.00310	0.00266	0.00369	0.11047	0.00216	0.18761	0.00390	0.00742	0.00259	0.00289	0.00198	0.00160	0.00117	0.00049	0.00154	0.00100	0.00110	0.00195
17	0.00352	0.00352	0.00492	0.00422	0.00422	0.00492	0.00352	0.00387	0.00246	0.00387	0.00211	0.00352	0.00211	0.00281	0.00528	0.00070	0.94055	0.00141	0.00070	0.00176
18	0.00447	0.33352	0.10509	0.00344	0.00478	0.00495	0.04059	0.17556	0.27978	0.02645	0.00402	0.00405	0.00309	0.00175	0.00142	0.00046	0.00170	0.00135	0.00117	0.00238
19	0.30229	0.00508	0.00377	0.00325	0.00425	0.38758	0.00255	0.10991	0.00433	0.15824	0.00320	0.00334	0.00236	0.00169	0.00135	0.00046	0.00200	0.00113	0.00116	0.00207
20	0.00430	0.94446	0.00843	0.00275	0.00413	0.00636	0.00275	0.00481	0.00327	0.00378	0.00224	0.00258	0.00206	0.00138	0.00103	0.00034	0.00172	0.00086	0.00069	0.00206
21	0.00226	0.00164	0.00212	0.00200	0.00239	0.00151	0.00150	0.00300	0.00451	0.00635	0.88925	0.01217	0.05860	0.00332	0.00190	0.00051	0.00076	0.00293	0.00176	0.00151
22	0.00324	0.00291	0.00544	0.00436	0.00530	0.00277	0.38815	0.00432	0.02430	0.04210	0.19971	0.01033	0.00735	0.00277	0.00198	0.00059	0.00183	0.28940	0.00129	0.00185
23	0.00430	0.94446	0.00843	0.00275	0.00413	0.00636	0.00275	0.00481	0.00327	0.00378	0.00224	0.00258	0.00206	0.00138	0.00103	0.00034	0.00172	0.00086	0.00069	0.00206
24	0.00205	0.00149	0.00194	0.00214	0.00234	0.00137	0.00148	0.00249	0.00356	0.00483	0.29084	0.60436	0.06624	0.00445	0.00200	0.00060	0.00087	0.00399	0.00158	0.00137
25	0.33087	0.00359	0.00340	0.00280	0.00390	0.13378	0.00227	0.02515	0.00402	0.46864	0.00435	0.00410	0.00292	0.00177	0.00138	0.00049	0.00155	0.00128	0.00148	0.00227
26	0.00279	0.00140	0.00209	0.00209	0.00209	0.00140	0.00140	0.00209	0.00209	0.00279	0.00279	0.00489	0.00279	0.00559	0.00628	0.95322	0.00140	0.00140	0.00070	0.00070
27	0.00621	0.00441	0.00472	0.00363	0.00491	0.02382	0.00300	0.82692	0.00723	0.09271	0.00405	0.00398	0.00283	0.00193	0.00161	0.00048	0.00176	0.00145	0.00163	0.00272
28	0.00337	0.00277	0.01472	0.04075	0.00402	0.00925	0.01345	0.02289	0.00324	0.05155	0.00338	0.00427	0.00285	0.00391	0.21285	0.00086	0.09615	0.00127	0.02938	0.47908

[dist]
# distance from previous block
# <min> <max>
1	1

[block]
# block no. 6 follows, 197 sequences, length 20
# corresponding to MSA columns:
# 1481-1491,1494,1495,1513-1519
name=unknown_G
#
# <colnr> <probs for GDERKNQSTAVLIFYWHMCP>
#	G	D	E	R	K	N	Q	S	T	A	V	L	I	F	Y	W	H	M	C	P
0	0.04178	0.54038	0.00670	0.00313	0.00439	0.11685	0.00281	0.21865	0.02968	0.01819	0.00281	0.00305	0.00231	0.00157	0.00124	0.00040	0.00184	0.00105	0.00097	0.00220
1	0.00557	0.00359	0.00415	0.00344	0.03223	0.00378	0.00271	0.50615	0.05684	0.21241	0.07848	0.04611	0.01747	0.00226	0.00167	0.00050	0.00152	0.01691	0.00167	0.00252
2	0.00253	0.00172	0.00212	0.00211	0.00247	0.00167	0.00156	0.00293	0.07069	0.02041	0.03440	0.03514	0.35164	0.02306	0.07737	0.30028	0.00138	0.06603	0.00121	0.00127
3	0.00196	0.00141	0.00185	0.00221	0.00232	0.00131	0.00148	0.00224	0.00311	0.00412	0.00923	0.89679	0.05605	0.00499	0.00204	0.00065	0.00093	0.00451	0.00149	0.00131
4	0.00550	0.00244	0.00323	0.00261	0.00356	0.00219	0.00210	0.04563	0.00469	0.58294	0.29608	0.00768	0.02923	0.00244	0.00171	0.00050	0.00118	0.00206	0.00189	0.00232
5	0.00600	0.00445	0.00476	0.00368	0.00494	0.00493	0.00303	0.87786	0.05799	0.00995	0.00401	0.00398	0.00285	0.00194	0.00161	0.00049	0.00174	0.00147	0.00161	0.00272
6	0.16929	0.00187	0.00193	0.00182	0.00234	0.00190	0.00140	0.00383	0.00368	0.03804	0.30209	0.00731	0.00724	0.00226	0.00137	0.00044	0.00086	0.00184	0.44888	0.00159
7	0.41424	0.00390	0.00377	0.00302	0.00418	0.00439	0.00249	0.53088	0.00548	0.00888	0.00316	0.00332	0.00231	0.00174	0.00134	0.00049	0.00154	0.00120	0.00134	0.00231
8	0.00205	0.00148	0.00194	0.00217	0.00236	0.00137	0.00151	0.00247	0.00350	0.00474	0.24963	0.64508	0.05130	0.00453	0.00201	0.00061	0.00089	0.01944	0.00156	0.00137
9	0.00430	0.94446	0.00843	0.00275	0.00413	0.00636	0.00275	0.00481	0.00327	0.00378	0.00224	0.00258	0.00206	0.00138	0.00103	0.00034	0.00172	0.00086	0.00069	0.00206
10	0.00605	0.00635	0.00467	0.00396	0.00498	0.54870	0.00309	0.39044	0.00581	0.00652	0.00306	0.00330	0.00235	0.00177	0.00152	0.00044	0.00243	0.00121	0.00115	0.00223
11	0.00401	0.00355	0.00469	0.00569	0.34781	0.00387	0.00341	0.05223	0.50329	0.00624	0.00521	0.04454	0.00417	0.00201	0.00164	0.00052	0.00152	0.00177	0.00132	0.00250
12	0.00213	0.00163	0.00195	0.00188	0.00231	0.00145	0.00141	0.00275	0.00419	0.00561	0.57189	0.03221	0.35752	0.00362	0.00190	0.00052	0.00078	0.00312	0.00166	0.00145
13	0.00264	0.00212	0.00288	0.04868	0.00322	0.00238	0.00209	0.00328	0.00388	0.01723	0.58932	0.00964	0.03849	0.04282	0.01998	0.00063	0.20527	0.00246	0.00143	0.00157
14	0.00202	0.00163	0.00179	0.00175	0.00224	0.00141	0.00131	0.00253	0.00394	0.00499	0.29642	0.01442	0.65227	0.00383	0.00190	0.00053	0.00080	0.00324	0.00158	0.00141
15	0.00279	0.00140	0.00209	0.00209	0.00209	0.00140	0.00140	0.00209	0.00209	0.00279	0.00279	0.00489	0.00279	0.00559	0.00628	0.95322	0.00140	0.00140	0.00070	0.00070
16	0.00575	0.09217	0.00509	0.00403	0.03563	0.42580	0.00313	0.36899	0.00553	0.00640	0.00301	0.00330	0.00235	0.00177	0.00159	0.00045	0.03045	0.00121	0.00112	0.00224
17	0.38810	0.00275	0.00302	0.00262	0.00357	0.00286	0.00219	0.00564	0.00362	0.36354	0.00494	0.00652	0.00396	0.00226	0.00160	0.00055	0.03244	0.16629	0.00146	0.00208
18	0.01048	0.00322	0.03469	0.15017	0.02095	0.04141	0.00298	0.12222	0.05394	0.01455	0.12285	0.09956	0.01070	0.02134	0.07380	0.00074	0.21141	0.00198	0.00113	0.00186
19	0.00442	0.02690	0.00493	0.00556	0.29863	0.17396	0.00347	0.03826	0.37375	0.00567	0.00430	0.00453	0.00338	0.00185	0.00173	0.00050	0.04311	0.00150	0.00116	0.00238

[dist]
# distance from previous block
# <min> <max>
2	3

[block]
# block no. 7 follows, 197 sequences, length 38
# corresponding to MSA columns:
# 1579-1584,1586-1589,1603-1612,1614,1620-1623,1639,1643-1654
name=unknown_H
#
# <colnr> <probs for GDERKNQSTAVLIFYWHMCP>
#	G	D	E	R	K	N	Q	S	T	A	V	L	I	F	Y	W	H	M	C	P
0	0.00319	0.00275	0.00427	0.03450	0.40548	0.00271	0.03535	0.01527	0.00366	0.00511	0.00689	0.02372	0.19545	0.00250	0.00169	0.00052	0.00149	0.12317	0.13032	0.00196
1	0.00230	0.00174	0.00214	0.00230	0.00259	0.00172	0.00162	0.01174	0.12078	0.00485	0.14177	0.59784	0.09389	0.00431	0.00196	0.00061	0.00095	0.00385	0.00155	0.00151
2	0.00492	0.00335	0.00503	0.06072	0.37772	0.00340	0.01956	0.03448	0.12626	0.28846	0.02352	0.00496	0.00356	0.00182	0.00173	0.00051	0.02911	0.00707	0.00131	0.00251
3	0.00359	0.00295	0.00344	0.03156	0.06524	0.00327	0.00872	0.02555	0.54511	0.01212	0.18404	0.01839	0.00658	0.00233	0.00165	0.00052	0.00122	0.00199	0.07952	0.00223
4	0.00196	0.00144	0.00185	0.00216	0.00232	0.00132	0.00147	0.00227	0.00318	0.00417	0.01944	0.79644	0.13549	0.00488	0.00203	0.00064	0.00092	0.01520	0.00150	0.00132
5	0.01987	0.05551	0.02110	0.29336	0.14746	0.03494	0.01094	0.25913	0.01046	0.06699	0.01656	0.02026	0.00294	0.00180	0.00158	0.00049	0.00188	0.01639	0.00111	0.01723
6	0.48825	0.00357	0.00356	0.00298	0.00391	0.09699	0.09204	0.07667	0.00362	0.03171	0.09179	0.02658	0.01323	0.01434	0.00766	0.00053	0.03818	0.00141	0.00111	0.00185
7	0.00352	0.00352	0.00492	0.00422	0.00422	0.00492	0.00352	0.00387	0.00246	0.00387	0.00211	0.00352	0.00211	0.00281	0.00528	0.00070	0.94055	0.00141	0.00070	0.00176
8	0.00460	0.00433	0.02868	0.00492	0.00625	0.01856	0.38066	0.31338	0.16572	0.00701	0.00401	0.00452	0.00300	0.00178	0.00187	0.00053	0.03663	0.00992	0.00122	0.00240
9	0.39323	0.00393	0.00382	0.00305	0.00422	0.00442	0.00252	0.55133	0.00559	0.00894	0.00320	0.00335	0.00233	0.00175	0.00136	0.00049	0.00155	0.00121	0.00136	0.00233
10	0.00261	0.00226	0.00312	0.00301	0.00308	0.00273	0.01630	0.00291	0.00279	0.00394	0.00589	0.49085	0.00687	0.08848	0.00382	0.00075	0.35485	0.00314	0.00114	0.00146
11	0.00227	0.00164	0.00214	0.00201	0.00240	0.00151	0.00151	0.00302	0.00453	0.00641	0.91426	0.01208	0.03355	0.00330	0.00190	0.00051	0.00076	0.00292	0.00176	0.00151
12	0.00398	0.00382	0.00653	0.00987	0.93346	0.00382	0.00493	0.00493	0.00366	0.00525	0.00302	0.00398	0.00255	0.00143	0.00159	0.00048	0.00191	0.00143	0.00080	0.00255
13	0.95485	0.00311	0.00236	0.00211	0.00311	0.00361	0.00174	0.00473	0.00274	0.00721	0.00224	0.00261	0.00174	0.00149	0.00100	0.00050	0.00124	0.00087	0.00100	0.00174
14	0.00203	0.00153	0.00188	0.00202	0.00231	0.00138	0.00143	0.00247	0.00363	0.00480	0.25828	0.44631	0.25747	0.00431	0.00197	0.00058	0.00085	0.00381	0.00157	0.00138
15	0.00460	0.00335	0.00368	0.00321	0.00419	0.00374	0.00253	0.02925	0.75051	0.16627	0.00645	0.00586	0.00470	0.00214	0.00163	0.00054	0.00130	0.00177	0.00170	0.00258
16	0.00260	0.00146	0.00195	0.00195	0.00195	0.00146	0.00122	0.00220	0.00220	0.00293	0.00374	0.00724	0.00407	0.39643	0.00708	0.55665	0.00146	0.00179	0.00081	0.00081
17	0.00430	0.94446	0.00843	0.00275	0.00413	0.00636	0.00275	0.00481	0.00327	0.00378	0.00224	0.00258	0.00206	0.00138	0.00103	0.00034	0.00172	0.00086	0.00069	0.00206
18	0.00333	0.00286	0.00333	0.00238	0.00381	0.00214	0.00191	0.00405	0.00333	0.00524	0.00286	0.00333	0.00238	0.00119	0.00119	0.00024	0.00119	0.00095	0.00095	0.95332
19	0.00434	0.00211	0.00273	0.00231	0.00309	0.00185	0.00183	0.00498	0.00441	0.40467	0.37093	0.00972	0.16406	0.00285	0.00177	0.00051	0.00103	0.00242	0.01238	0.00201
20	0.57556	0.00493	0.00324	0.00293	0.00385	0.37673	0.00229	0.00540	0.00346	0.00590	0.00234	0.00273	0.00187	0.00156	0.00118	0.00046	0.00191	0.00094	0.00093	0.00179
21	0.00430	0.00407	0.03344	0.00855	0.72159	0.00401	0.02663	0.15420	0.01691	0.00605	0.00321	0.00398	0.00259	0.00152	0.00160	0.00048	0.00191	0.00144	0.00094	0.00256
22	0.00232	0.00170	0.00240	0.00239	0.00260	0.00193	0.00176	0.00275	0.00252	0.00358	0.00447	0.00736	0.00446	0.25014	0.68796	0.00230	0.01527	0.00188	0.00089	0.00132
23	0.00210	0.00157	0.00173	0.00178	0.00203	0.00144	0.00117	0.00234	0.00306	0.00387	0.04219	0.14212	0.38671	0.39565	0.00454	0.00098	0.00114	0.00310	0.00129	0.00120
24	0.00714	0.00271	0.00369	0.00284	0.00407	0.00235	0.00234	0.00776	0.00458	0.91818	0.00632	0.00548	0.00398	0.00199	0.00161	0.00050	0.00136	0.00161	0.01877	0.00271
25	0.00506	0.00398	0.00423	0.00349	0.00458	0.00449	0.00280	0.46929	0.46809	0.00843	0.00520	0.00493	0.00382	0.00206	0.00162	0.00051	0.00152	0.00163	0.00162	0.00264
26	0.00511	0.00379	0.03414	0.00508	0.00655	0.00336	0.51509	0.00624	0.01865	0.36959	0.00452	0.00480	0.00309	0.00163	0.00177	0.00052	0.00213	0.00176	0.00979	0.00240
27	0.03263	0.00389	0.00440	0.00338	0.00465	0.00410	0.00280	0.60521	0.00647	0.30882	0.00462	0.00435	0.00311	0.00194	0.00159	0.00049	0.00163	0.00149	0.00171	0.00271
28	0.00430	0.94446	0.00843	0.00275	0.00413	0.00636	0.00275	0.00481	0.00327	0.00378	0.00224	0.00258	0.00206	0.00138	0.00103	0.00034	0.00172	0.00086	0.00069	0.00206
29	0.00430	0.94446	0.00843	0.00275	0.00413	0.00636	0.00275	0.00481	0.00327	0.00378	0.00224	0.00258	0.00206	0.00138	0.00103	0.00034	0.00172	0.00086	0.00069	0.00206
30	0.00335	0.00319	0.00529	0.57715	0.25477	0.00381	0.00447	0.00430	0.00324	0.00438	0.00281	0.00411	0.00225	0.00171	0.00206	0.00054	0.11843	0.00143	0.00073	0.00198
31	0.00487	0.00389	0.00415	0.00347	0.00452	0.00443	0.00277	0.39110	0.53018	0.00809	0.00535	0.00507	0.00395	0.00209	0.00169	0.00052	0.01798	0.00166	0.00161	0.00261
32	0.00209	0.00160	0.00193	0.00203	0.00237	0.00145	0.00147	0.00264	0.02180	0.00490	0.26256	0.32884	0.31742	0.00416	0.00196	0.00058	0.00087	0.03835	0.00157	0.00141
33	0.00349	0.00330	0.00539	0.04376	0.69446	0.00327	0.00410	0.00433	0.00364	0.00501	0.00592	0.00650	0.20590	0.00202	0.00166	0.00049	0.00168	0.00186	0.00095	0.00226
34	0.00207	0.00162	0.00187	0.00183	0.00228	0.00142	0.00136	0.00262	0.00401	0.00523	0.40951	0.06966	0.48319	0.00379	0.00191	0.00053	0.00080	0.00326	0.00161	0.00142
35	0.00262	0.00147	0.00201	0.00200	0.00202	0.00148	0.00129	0.00222	0.00223	0.00299	0.01584	0.00688	0.00400	0.31190	0.04673	0.58940	0.00157	0.00174	0.00081	0.00083
36	0.00317	0.00297	0.00496	0.84854	0.05526	0.00364	0.01437	0.02496	0.00333	0.00431	0.00288	0.00425	0.00218	0.00162	0.00167	0.00053	0.01734	0.00143	0.00074	0.00185
37	0.00331	0.00262	0.00282	0.00261	0.00314	0.00291	0.00187	0.00583	0.51552	0.01533	0.00609	0.00798	0.02336	0.37838	0.01182	0.00971	0.00140	0.00205	0.00136	0.00187

[dist]
# distance from previous block
# <min> <max>
8	21

[block]
# block no. 8 follows, 197 sequences, length 7
# corresponding to MSA columns:
# 1686-1689,1706-1708
name=unknown_I
#
# <colnr> <probs for GDERKNQSTAVLIFYWHMCP>
#	G	D	E	R	K	N	Q	S	T	A	V	L	I	F	Y	W	H	M	C	P
0	0.00260	0.00206	0.00219	0.00209	0.00271	0.00198	0.00159	0.00393	0.20613	0.04248	0.06236	0.06180	0.59492	0.00358	0.00184	0.00055	0.00094	0.00301	0.00156	0.00168
1	0.00441	0.12569	0.14584	0.02551	0.02745	0.03208	0.01816	0.20887	0.25869	0.04796	0.06883	0.00505	0.02052	0.00196	0.00155	0.00049	0.00168	0.00157	0.00131	0.00237
2	0.27988	0.05001	0.05615	0.02221	0.17711	0.00353	0.01843	0.04712	0.05584	0.25277	0.00386	0.00399	0.00277	0.00166	0.00140	0.00049	0.00155	0.00130	0.00124	0.01868
3	0.00338	0.00304	0.00377	0.00288	0.00392	0.00290	0.00235	0.00400	0.00310	0.00487	0.00265	0.00338	0.00231	0.00163	0.00231	0.00037	0.25757	0.00108	0.00088	0.69361
4	0.00246	0.00152	0.00190	0.00190	0.00192	0.00154	0.00116	0.00231	0.00229	0.00307	0.00438	0.00866	0.00487	0.61804	0.06980	0.26862	0.00170	0.00203	0.00089	0.00093
5	0.03432	0.09430	0.07758	0.00384	0.07787	0.05375	0.06137	0.11017	0.13953	0.15605	0.08090	0.03681	0.04798	0.00214	0.00160	0.00050	0.00163	0.01607	0.00134	0.00226
6	0.03518	0.03382	0.15537	0.00554	0.28140	0.04763	0.02218	0.19884	0.05881	0.10475	0.00377	0.02400	0.00289	0.00176	0.00162	0.00049	0.01686	0.00146	0.00114	0.00246

[dist]
# distance from previous block
# <min> <max>
0	2

[block]
# block no. 9 follows, 197 sequences, length 27
# corresponding to MSA columns:
# 1711,1726-1734,1754-1764,1771-1776
name=unknown_J
#
# <colnr> <probs for GDERKNQSTAVLIFYWHMCP>
#	G	D	E	R	K	N	Q	S	T	A	V	L	I	F	Y	W	H	M	C	P
0	0.00550	0.00388	0.00411	0.00333	0.00437	0.00418	0.00266	0.61459	0.05927	0.00914	0.00478	0.00510	0.00360	0.00218	0.00164	0.00053	0.00159	0.00161	0.26535	0.00258
1	0.24499	0.00271	0.00287	0.00238	0.00337	0.00257	0.00187	0.05739	0.03988	0.02761	0.08039	0.15194	0.00473	0.00215	0.00139	0.00042	0.00117	0.00174	0.00120	0.36923
2	0.49505	0.00285	0.00246	0.00238	0.00306	0.05669	0.00182	0.04034	0.04068	0.00605	0.00486	0.31799	0.01469	0.00276	0.00144	0.00055	0.00125	0.00221	0.00121	0.00167
3	0.00425	0.00348	0.00371	0.00322	0.00414	0.00395	0.00252	0.18994	0.65569	0.00723	0.05934	0.00611	0.00511	0.04157	0.00192	0.00057	0.00135	0.00183	0.00161	0.00246
4	0.00407	0.00344	0.00364	0.00326	0.00418	0.00396	0.00254	0.00853	0.90903	0.02830	0.00654	0.00599	0.00489	0.00218	0.00164	0.00054	0.00127	0.00181	0.00164	0.00255
5	0.00265	0.00216	0.00294	0.00274	0.00286	0.00265	0.00207	0.00299	0.00259	0.00373	0.05746	0.00721	0.00472	0.30648	0.32816	0.00162	0.26279	0.00190	0.00091	0.00138
6	0.00269	0.00206	0.00218	0.00207	0.00229	0.05563	0.00137	0.04151	0.00331	0.00440	0.26200	0.01009	0.00803	0.56152	0.03332	0.00119	0.00150	0.00237	0.00121	0.00126
7	0.00286	0.00252	0.00400	0.64303	0.00841	0.00300	0.00359	0.03983	0.00335	0.00434	0.00456	0.26437	0.00452	0.00257	0.00173	0.00057	0.00179	0.00230	0.00097	0.00169
8	0.00304	0.00286	0.00482	0.93963	0.01107	0.00357	0.00447	0.00411	0.00322	0.00411	0.00286	0.00429	0.00214	0.00161	0.00161	0.00054	0.00214	0.00143	0.00071	0.00179
9	0.00246	0.00159	0.00191	0.00201	0.00234	0.00146	0.00142	0.00294	0.00320	0.00486	0.00700	0.52769	0.00756	0.00356	0.00165	0.00051	0.00090	0.00315	0.31743	0.10636
10	0.15244	0.03592	0.00451	0.00338	0.00462	0.00468	0.00281	0.70691	0.00652	0.05729	0.00368	0.00371	0.00262	0.00185	0.00149	0.00048	0.00167	0.00135	0.00150	0.00256
11	0.00279	0.00140	0.00209	0.00209	0.00209	0.00140	0.00140	0.00209	0.00209	0.00279	0.00279	0.00489	0.00279	0.00559	0.00628	0.95322	0.00140	0.00140	0.00070	0.00070
12	0.02674	0.00444	0.00475	0.00365	0.00493	0.00490	0.00301	0.88849	0.00739	0.02972	0.00388	0.00387	0.00274	0.00192	0.00160	0.00048	0.00175	0.00144	0.00160	0.00271
13	0.00333	0.00286	0.00333	0.00238	0.00381	0.00214	0.00191	0.00405	0.00333	0.00524	0.00286	0.00333	0.00238	0.00119	0.00119	0.00024	0.00119	0.00095	0.00095	0.95332
14	0.00396	0.69706	0.02790	0.00249	0.00365	0.00514	0.00243	0.00456	0.00330	0.00434	0.00297	0.00342	0.00256	0.00150	0.00107	0.00036	0.00150	0.00102	0.22884	0.00194
15	0.95485	0.00311	0.00236	0.00211	0.00311	0.00361	0.00174	0.00473	0.00274	0.00721	0.00224	0.00261	0.00174	0.00149	0.00100	0.00050	0.00124	0.00087	0.00100	0.00174
16	0.01042	0.00432	0.00515	0.01021	0.00491	0.18777	0.13475	0.08542	0.01376	0.05308	0.03957	0.03052	0.00319	0.00233	0.00315	0.00058	0.38678	0.01306	0.00911	0.00195
17	0.00288	0.00255	0.00353	0.00317	0.00335	0.02332	0.03863	0.00326	0.00258	0.00370	0.00367	0.01499	0.00373	0.22624	0.32290	0.00153	0.33591	0.00177	0.00084	0.00148
18	0.00196	0.00155	0.00176	0.00187	0.00225	0.00136	0.00134	0.00236	0.00356	0.00447	0.10566	0.32627	0.53128	0.00432	0.00195	0.00058	0.00085	0.00374	0.00152	0.00136
19	0.00478	0.00257	0.00319	0.00269	0.00357	0.00251	0.00214	0.00646	0.24433	0.39268	0.30745	0.00773	0.00786	0.00246	0.00171	0.00051	0.00115	0.00209	0.00183	0.00229
20	0.00579	0.00354	0.00404	0.00325	0.00440	0.00374	0.00264	0.31620	0.29454	0.32386	0.00556	0.00510	0.00385	0.00203	0.00161	0.00051	0.00146	0.00162	0.01359	0.00266
21	0.00633	0.00296	0.00373	0.00297	0.00414	0.00282	0.00242	0.03357	0.22663	0.66553	0.00624	0.00551	0.00413	0.00202	0.00161	0.00050	0.00135	0.00165	0.00187	0.02401
22	0.00476	0.00558	0.00474	0.00418	0.00459	0.46932	0.00331	0.00514	0.00351	0.00390	0.00230	0.00321	0.00209	0.00224	0.00337	0.00056	0.47339	0.00122	0.00077	0.00181
23	0.27268	0.00288	0.00337	0.00267	0.00385	0.00277	0.00220	0.02737	0.00414	0.65427	0.00514	0.00464	0.00333	0.00185	0.00144	0.00050	0.00134	0.00140	0.00170	0.00246
24	0.00287	0.00184	0.00237	0.00235	0.00272	0.00180	0.00180	0.00355	0.03689	0.08608	0.28916	0.01240	0.00940	0.24934	0.03023	0.00091	0.00134	0.26196	0.00147	0.00151
25	0.00523	0.00676	0.05954	0.00495	0.01956	0.62184	0.24880	0.00598	0.00427	0.00434	0.00272	0.00333	0.00217	0.00157	0.00158	0.00045	0.00280	0.00128	0.00082	0.00198
26	0.37170	0.00480	0.04322	0.00507	0.27802	0.26247	0.00324	0.00527	0.00354	0.00564	0.00257	0.00313	0.00208	0.00152	0.00132	0.00047	0.00195	0.00110	0.00088	0.00204

[dist]
# distance from previous block
# <min> <max>
3	3

[block]
# block no. 10 follows, 197 sequences, length 6
# corresponding to MSA columns:
# 1809-1814
name=unknown_K
#
# <colnr> <probs for GDERKNQSTAVLIFYWHMCP>
#	G	D	E	R	K	N	Q	S	T	A	V	L	I	F	Y	W	H	M	C	P
0	0.00478	0.00342	0.00379	0.00319	0.00417	0.00369	0.00262	0.43084	0.18230	0.07762	0.00640	0.00769	0.08404	0.00256	0.00172	0.00054	0.00149	0.14585	0.03095	0.00235
1	0.00514	0.00260	0.00326	0.00264	0.00358	0.00244	0.00213	0.14997	0.00498	0.43854	0.28360	0.00797	0.08098	0.00253	0.00172	0.00050	0.00120	0.00212	0.00183	0.00226
2	0.00508	0.00324	0.00472	0.00360	0.00485	0.00306	0.17462	0.05086	0.18464	0.34863	0.03776	0.00516	0.00394	0.00182	0.00161	0.00047	0.00157	0.00163	0.00150	0.16124
3	0.00198	0.00160	0.00176	0.00179	0.00224	0.00138	0.00132	0.00242	0.00373	0.00468	0.17655	0.15992	0.62685	0.00408	0.00192	0.00055	0.00082	0.00349	0.00154	0.00138
4	0.00207	0.00158	0.00179	0.00183	0.00215	0.00142	0.00127	0.00243	0.00344	0.00441	0.17072	0.17518	0.41780	0.20291	0.00326	0.00077	0.00098	0.00329	0.00143	0.00129
5	0.00440	0.05500	0.33246	0.00393	0.00538	0.23196	0.02380	0.04951	0.17318	0.04990	0.03208	0.00414	0.00312	0.00185	0.00163	0.02091	0.00213	0.00135	0.00103	0.00223

[dist]
# distance from previous block
# <min> <max>
9	9

[block]
# block no. 11 follows, 197 sequences, length 10
# corresponding to MSA columns:
# 1886-1895
name=unknown_L
#
# <colnr> <probs for GDERKNQSTAVLIFYWHMCP>
#	G	D	E	R	K	N	Q	S	T	A	V	L	I	F	Y	W	H	M	C	P
0	0.00217	0.00149	0.00180	0.00197	0.00201	0.00145	0.00120	0.00229	0.00266	0.00355	0.00672	0.41662	0.00793	0.53455	0.00551	0.00116	0.00129	0.00331	0.00120	0.00112
1	0.00207	0.00159	0.00190	0.00193	0.00230	0.00141	0.00141	0.00260	0.00391	0.00518	0.40110	0.21605	0.34483	0.00395	0.00193	0.00055	0.00082	0.00345	0.00161	0.00141
2	0.95485	0.00311	0.00236	0.00211	0.00311	0.00361	0.00174	0.00473	0.00274	0.00721	0.00224	0.00261	0.00174	0.00149	0.00100	0.00050	0.00124	0.00087	0.00100	0.00174
3	0.00352	0.00352	0.00492	0.00422	0.00422	0.00492	0.00352	0.00387	0.00246	0.00387	0.00211	0.00352	0.00211	0.00281	0.00528	0.00070	0.94055	0.00141	0.00070	0.00176
4	0.00398	0.03757	0.33914	0.29769	0.02784	0.22192	0.00458	0.04032	0.00377	0.00467	0.00280	0.00356	0.00212	0.00159	0.00152	0.00049	0.00237	0.00123	0.00076	0.00208
5	0.24292	0.00323	0.00440	0.02194	0.29546	0.00325	0.02145	0.03575	0.00387	0.32772	0.00412	0.02254	0.00300	0.00173	0.00147	0.00050	0.00155	0.00143	0.00130	0.00237
6	0.00488	0.00281	0.00349	0.00257	0.00393	0.00223	0.00209	0.00555	0.00384	0.37457	0.00424	0.00418	0.00302	0.00151	0.00136	0.00034	0.00126	0.00122	0.00136	0.57555
7	0.00241	0.00188	0.00222	0.00210	0.00258	0.00180	0.00158	0.00359	0.12511	0.00600	0.60123	0.01202	0.22475	0.00332	0.00186	0.00052	0.00084	0.00288	0.00169	0.00161
8	0.03963	0.00492	0.36861	0.00340	0.00479	0.00326	0.00357	0.00568	0.29989	0.02645	0.09748	0.00665	0.12440	0.00225	0.00163	0.00052	0.00160	0.00184	0.00124	0.00220
9	0.00269	0.00173	0.00228	0.00209	0.00254	0.00159	0.00159	0.00344	0.00456	0.08391	0.85531	0.01147	0.01424	0.00318	0.00187	0.00051	0.00081	0.00280	0.00179	0.00162

[dist]
# distance from previous block
# <min> <max>
1	1

[block]
# block no. 12 follows, 197 sequences, length 14
# corresponding to MSA columns:
# 1907-1920
name=unknown_M
#
# <colnr> <probs for GDERKNQSTAVLIFYWHMCP>
#	G	D	E	R	K	N	Q	S	T	A	V	L	I	F	Y	W	H	M	C	P
0	0.00500	0.00327	0.00499	0.10400	0.33634	0.00326	0.02936	0.08562	0.02087	0.31139	0.00467	0.02991	0.00358	0.00194	0.00166	0.00051	0.00171	0.04815	0.00132	0.00245
1	0.00234	0.00157	0.00179	0.00179	0.00181	0.00158	0.00103	0.00236	0.00235	0.00315	0.00503	0.01031	0.00576	0.89759	0.05397	0.00161	0.00169	0.00231	0.00097	0.00100
2	0.00604	0.00597	0.00456	0.00383	0.00486	0.48237	0.00300	0.39051	0.00578	0.05043	0.00331	0.00349	0.00249	0.00179	0.00152	0.00045	0.00231	0.00125	0.02379	0.00226
3	0.00339	0.00306	0.00390	0.00294	0.00406	0.00283	0.03458	0.00405	0.00316	0.00493	0.00271	0.00341	0.00232	0.00156	0.00212	0.00035	0.20905	0.00109	0.00089	0.70961
4	0.00400	0.00330	0.00481	0.44543	0.15985	0.00375	0.00387	0.21099	0.03221	0.03535	0.03924	0.00460	0.00306	0.00196	0.02048	0.00055	0.00193	0.00152	0.02094	0.00215
5	0.00215	0.00160	0.00205	0.00234	0.00262	0.00149	0.00179	0.00261	0.00341	0.00439	0.01040	0.43737	0.21568	0.00463	0.00207	0.00066	0.00108	0.30080	0.00149	0.00137
6	0.00232	0.00158	0.00189	0.00190	0.00194	0.00162	0.00115	0.00242	0.00240	0.00324	0.00505	0.03482	0.00569	0.77266	0.15334	0.00169	0.00197	0.00230	0.00097	0.00106
7	0.05374	0.01990	0.02274	0.22530	0.18688	0.00371	0.00356	0.16001	0.02452	0.03943	0.00363	0.00491	0.00298	0.00284	0.08734	0.00071	0.08170	0.04397	0.03001	0.00210
8	0.01566	0.02134	0.00529	0.18279	0.45355	0.00357	0.01785	0.04480	0.08657	0.03223	0.00432	0.04106	0.04606	0.00186	0.00162	0.00050	0.00176	0.01302	0.00100	0.02516
