[name]
unknown

[dist]
# distance from previous block
# <min> <max>
1	132

[block]
# block no. 0 follows, 189 sequences, length 6
# corresponding to MSA columns:
# 320-325
name=unknown_A
#
# <colnr> <probs for GDERKNQSTAVLIFYWHMCP>
#	G	D	E	R	K	N	Q	S	T	A	V	L	I	F	Y	W	H	M	C	P
0	0.00412	0.68202	0.04295	0.00333	0.00472	0.00560	0.10390	0.00480	0.00345	0.00424	0.00303	0.07587	0.00289	0.00172	0.00128	0.00041	0.00183	0.00133	0.00081	0.05170
1	0.00218	0.00164	0.00225	0.10475	0.00336	0.00164	0.00184	0.00255	0.00318	0.00420	0.00856	0.72805	0.05015	0.07424	0.00255	0.00073	0.00115	0.00416	0.00142	0.00139
2	0.05480	0.15100	0.00497	0.01910	0.03019	0.40555	0.00295	0.09047	0.07626	0.02409	0.00332	0.00372	0.00268	0.00201	0.02018	0.00050	0.03461	0.00123	0.07029	0.00210
3	0.00286	0.00196	0.00277	0.00255	0.00307	0.00177	0.07339	0.00341	0.00390	0.10664	0.22544	0.30756	0.21955	0.03452	0.00220	0.00062	0.00111	0.00344	0.00160	0.00164
4	0.12014	0.02936	0.00366	0.06803	0.03295	0.03091	0.02134	0.06417	0.08529	0.08272	0.03177	0.06121	0.10977	0.00225	0.00155	0.00047	0.00142	0.01586	0.01727	0.21987
5	0.06744	0.01500	0.01226	0.07266	0.01591	0.03095	0.01328	0.05295	0.01556	0.07637	0.15465	0.02315	0.02488	0.15299	0.14130	0.07246	0.02420	0.00198	0.01087	0.02117

[dist]
# distance from previous block
# <min> <max>
8	118

[block]
# block no. 1 follows, 189 sequences, length 8
# corresponding to MSA columns:
# 454-456,461-463,465,466
name=unknown_B
#
# <colnr> <probs for GDERKNQSTAVLIFYWHMCP>
#	G	D	E	R	K	N	Q	S	T	A	V	L	I	F	Y	W	H	M	C	P
0	0.00488	0.00255	0.00334	0.00312	0.04968	0.00236	0.00227	0.04571	0.06042	0.39220	0.00683	0.28788	0.00615	0.01881	0.00190	0.00057	0.00130	0.01671	0.02336	0.06997
1	0.02692	0.00325	0.08072	0.10376	0.04758	0.00288	0.02592	0.09335	0.02275	0.22508	0.10317	0.02739	0.12345	0.02937	0.00202	0.00058	0.01782	0.04585	0.01598	0.00215
2	0.00394	0.02492	0.17764	0.18468	0.14698	0.03923	0.05896	0.04962	0.04236	0.03582	0.01322	0.00420	0.00270	0.00194	0.01209	0.00055	0.12485	0.00145	0.01480	0.06005
3	0.06034	0.00183	0.00226	0.00239	0.00266	0.00185	0.00169	0.03606	0.01522	0.01829	0.09958	0.53728	0.03317	0.07024	0.06457	0.01598	0.01655	0.01709	0.00145	0.00148
4	0.72970	0.00360	0.00292	0.05742	0.00397	0.07537	0.00213	0.03108	0.00320	0.00698	0.00248	0.00293	0.00194	0.00156	0.00114	0.00049	0.00149	0.00097	0.00102	0.06960
5	0.00278	0.00191	0.00278	0.05755	0.00343	0.00214	0.00213	0.00335	0.00289	0.07008	0.00507	0.00715	0.03841	0.10103	0.68892	0.00222	0.00371	0.00189	0.00100	0.00156
6	0.08933	0.15125	0.14451	0.07902	0.02809	0.01527	0.02729	0.21376	0.07362	0.10668	0.01571	0.00409	0.00291	0.00183	0.00167	0.00051	0.03946	0.00138	0.00120	0.00240
7	0.11259	0.00267	0.00293	0.02646	0.00352	0.02092	0.00205	0.01668	0.20826	0.09301	0.24867	0.04187	0.03950	0.00257	0.00174	0.01188	0.01397	0.00209	0.08882	0.05981

[dist]
# distance from previous block
# <min> <max>
0	2

[block]
# block no. 2 follows, 189 sequences, length 8
# corresponding to MSA columns:
# 469,471-477
name=unknown_C
#
# <colnr> <probs for GDERKNQSTAVLIFYWHMCP>
#	G	D	E	R	K	N	Q	S	T	A	V	L	I	F	Y	W	H	M	C	P
0	0.00225	0.00166	0.00203	0.00202	0.00239	0.00151	0.00147	0.00284	0.00415	0.00567	0.51938	0.15853	0.21369	0.04580	0.00227	0.00060	0.00087	0.00333	0.02808	0.00148
1	0.04042	0.00282	0.00365	0.00287	0.00406	0.00257	0.00235	0.00777	0.07729	0.75891	0.00637	0.00566	0.00414	0.00205	0.00162	0.00051	0.00136	0.00166	0.07123	0.00270
2	0.00259	0.00181	0.00225	0.03273	0.00281	0.00180	0.00167	0.00316	0.02902	0.04457	0.08953	0.21744	0.21169	0.12515	0.13717	0.00101	0.01501	0.00299	0.07611	0.00150
3	0.03569	0.05164	0.04014	0.00365	0.00463	0.54644	0.00291	0.05495	0.03422	0.02041	0.03437	0.00464	0.07588	0.00196	0.00152	0.00044	0.00233	0.00139	0.02241	0.06037
4	0.00357	0.00340	0.01847	0.11873	0.02796	0.03199	0.12921	0.02241	0.11427	0.01939	0.07784	0.01970	0.00420	0.01419	0.13123	0.00090	0.24764	0.00181	0.01116	0.00197
5	0.00353	0.03367	0.03351	0.02369	0.04781	0.02419	0.02799	0.03136	0.22438	0.04343	0.15774	0.06188	0.06375	0.02525	0.05053	0.00066	0.01787	0.01466	0.09120	0.02291
6	0.00295	0.00214	0.00284	0.00294	0.07588	0.00203	0.01667	0.02784	0.00391	0.05391	0.26854	0.13384	0.12409	0.11207	0.01636	0.00069	0.01789	0.03267	0.03798	0.06476
7	0.04647	0.11593	0.10115	0.05193	0.13362	0.01481	0.05406	0.07777	0.06377	0.10079	0.01494	0.02152	0.00364	0.00230	0.02587	0.00057	0.03193	0.07377	0.00115	0.06401

[dist]
# distance from previous block
# <min> <max>
13	104

[block]
# block no. 3 follows, 189 sequences, length 17
# corresponding to MSA columns:
# 673-677,680-687,692-695
name=unknown_D
#
# <colnr> <probs for GDERKNQSTAVLIFYWHMCP>
#	G	D	E	R	K	N	Q	S	T	A	V	L	I	F	Y	W	H	M	C	P
0	0.06279	0.02615	0.03101	0.19031	0.17075	0.03371	0.05008	0.05657	0.05314	0.09665	0.03198	0.06394	0.02662	0.02731	0.01307	0.00058	0.01672	0.00179	0.00114	0.04571
1	0.12740	0.01654	0.02832	0.15928	0.07975	0.04759	0.05171	0.27427	0.04884	0.04887	0.01183	0.01239	0.00291	0.01118	0.00171	0.00928	0.00974	0.00147	0.02310	0.03383
2	0.02095	0.02362	0.06749	0.18686	0.18092	0.01492	0.06030	0.13250	0.06002	0.07144	0.01050	0.03434	0.00317	0.02007	0.00185	0.00053	0.02153	0.00160	0.00111	0.08627
3	0.14699	0.01446	0.01336	0.07033	0.06109	0.07628	0.01552	0.08031	0.07979	0.03925	0.00349	0.02096	0.00279	0.00164	0.00144	0.00042	0.00943	0.00128	0.00111	0.36008
4	0.00247	0.00185	0.00217	0.00222	0.02045	0.00172	0.00151	0.01931	0.02625	0.01355	0.10682	0.17046	0.28311	0.26413	0.00377	0.00086	0.00117	0.03598	0.00140	0.04080
5	0.00361	0.02973	0.03716	0.33341	0.25232	0.01312	0.09326	0.00476	0.03842	0.03403	0.05798	0.05948	0.01208	0.00208	0.01126	0.00056	0.01179	0.00182	0.00097	0.00214
6	0.00310	0.00314	0.01780	0.01611	0.00560	0.00288	0.44350	0.00408	0.00395	0.01375	0.19134	0.05767	0.17148	0.03876	0.01859	0.00064	0.00192	0.00260	0.00122	0.00186
7	0.00221	0.00163	0.00226	0.01969	0.02344	0.00163	0.00179	0.00261	0.00316	0.00428	0.03650	0.62775	0.02341	0.03922	0.17652	0.00108	0.00170	0.02830	0.00139	0.00142
8	0.00497	0.00447	0.00496	0.06513	0.11337	0.11293	0.03185	0.28996	0.29012	0.00717	0.00441	0.00462	0.00335	0.00200	0.00187	0.00053	0.05284	0.00158	0.00135	0.00251
9	0.00315	0.00297	0.00501	0.93732	0.01150	0.00371	0.00464	0.00427	0.00334	0.00427	0.00297	0.00445	0.00223	0.00167	0.00167	0.00056	0.00223	0.00148	0.00074	0.00185
10	0.02573	0.00163	0.00204	0.00224	0.00251	0.00151	0.00158	0.00274	0.00349	0.03918	0.10218	0.59450	0.14506	0.03046	0.00223	0.00067	0.00100	0.03823	0.00157	0.00145
11	0.00442	0.00383	0.00388	0.00345	0.00442	0.04996	0.00269	0.04803	0.82433	0.02574	0.00646	0.00596	0.00483	0.00222	0.00169	0.00056	0.00143	0.00183	0.00166	0.00262
12	0.00263	0.00180	0.00222	0.00219	0.00264	0.00166	0.00163	0.00334	0.03488	0.07016	0.34009	0.20209	0.24927	0.00416	0.03070	0.00064	0.00104	0.03253	0.01472	0.00161
13	0.03032	0.00249	0.02615	0.02376	0.06212	0.01222	0.00220	0.03308	0.04349	0.03581	0.35654	0.06549	0.16082	0.01524	0.00209	0.00055	0.04561	0.01948	0.02510	0.03745
14	0.00282	0.00188	0.00234	0.00232	0.00277	0.00176	0.00173	0.02679	0.03214	0.08284	0.24526	0.31110	0.16255	0.03573	0.00221	0.00063	0.00104	0.06602	0.00165	0.01642
15	0.00501	0.32297	0.15346	0.01471	0.02045	0.02864	0.01577	0.29677	0.04578	0.05156	0.00344	0.00367	0.00262	0.00174	0.00151	0.00046	0.01636	0.00127	0.01134	0.00246
16	0.00447	0.47025	0.21685	0.01314	0.00515	0.09060	0.01095	0.08157	0.04697	0.01317	0.00308	0.00343	0.01319	0.00170	0.00143	0.01775	0.00203	0.00115	0.00087	0.00225

[dist]
# distance from previous block
# <min> <max>
6	30

[block]
# block no. 4 follows, 189 sequences, length 12
# corresponding to MSA columns:
# 731-742
name=unknown_E
#
# <colnr> <probs for GDERKNQSTAVLIFYWHMCP>
#	G	D	E	R	K	N	Q	S	T	A	V	L	I	F	Y	W	H	M	C	P
0	0.00280	0.00203	0.00257	0.06431	0.00335	0.01972	0.00194	0.01134	0.04832	0.06287	0.12214	0.36320	0.08854	0.07566	0.09990	0.00090	0.01392	0.01345	0.00144	0.00160
1	0.02387	0.00403	0.05700	0.21772	0.23472	0.04986	0.11613	0.09624	0.02601	0.06279	0.00391	0.05931	0.00323	0.00190	0.00170	0.00053	0.00205	0.01384	0.00958	0.01557
2	0.05390	0.01826	0.03598	0.02384	0.08927	0.03297	0.02157	0.24108	0.11290	0.12921	0.00489	0.09515	0.00406	0.02549	0.01043	0.00057	0.02664	0.00820	0.02613	0.03946
3	0.00241	0.00174	0.00248	0.00248	0.00271	0.00197	0.00184	0.00284	0.00261	0.00371	0.00459	0.00744	0.00453	0.20972	0.70735	0.03362	0.00377	0.00191	0.00091	0.00136
4	0.00455	0.86552	0.00844	0.00296	0.00434	0.03471	0.00290	0.02991	0.00353	0.00411	0.00237	0.00275	0.00216	0.00149	0.00121	0.00037	0.02487	0.00093	0.00074	0.00215
5	0.00203	0.00158	0.00185	0.00203	0.00235	0.00139	0.00143	0.00241	0.00357	0.00453	0.07210	0.46926	0.42020	0.00467	0.00205	0.00062	0.00090	0.00409	0.00157	0.00139
6	0.00230	0.00168	0.00210	0.00219	0.00252	0.00156	0.00157	0.00294	0.03539	0.01877	0.32444	0.39157	0.17057	0.01857	0.00213	0.00062	0.00092	0.01700	0.00165	0.00150
7	0.05666	0.00316	0.00399	0.00307	0.00436	0.00297	0.00254	0.15838	0.00518	0.73269	0.00594	0.00525	0.00380	0.00203	0.00164	0.00051	0.00148	0.00161	0.00195	0.00279
8	0.00298	0.00184	0.00237	0.00222	0.00271	0.00168	0.00167	0.00369	0.01882	0.12654	0.56737	0.14302	0.09694	0.01802	0.00205	0.00057	0.00092	0.00311	0.00179	0.00170
9	0.00325	0.00379	0.14544	0.16822	0.01823	0.00325	0.18286	0.02039	0.02594	0.01673	0.02542	0.09744	0.02776	0.08304	0.02321	0.00072	0.07087	0.06425	0.01727	0.00191
10	0.00350	0.00283	0.00331	0.00244	0.00377	0.00220	0.00192	0.00426	0.02112	0.04117	0.02681	0.00464	0.03476	0.05051	0.00168	0.00035	0.00124	0.00124	0.00109	0.79115
11	0.01841	0.05216	0.01392	0.02726	0.18923	0.00349	0.01726	0.04142	0.31158	0.02561	0.01379	0.18881	0.01271	0.01072	0.00185	0.00058	0.00982	0.04531	0.01384	0.00223

[dist]
# distance from previous block
# <min> <max>
0	3

[block]
# block no. 5 follows, 189 sequences, length 6
# corresponding to MSA columns:
# 746-750,760
name=unknown_F
#
# <colnr> <probs for GDERKNQSTAVLIFYWHMCP>
#	G	D	E	R	K	N	Q	S	T	A	V	L	I	F	Y	W	H	M	C	P
0	0.05683	0.08771	0.02535	0.00382	0.02944	0.28253	0.02047	0.12139	0.28851	0.00613	0.00413	0.00424	0.00320	0.00186	0.00152	0.00048	0.00199	0.00139	0.02254	0.03648
1	0.03948	0.06323	0.32219	0.00495	0.05551	0.00390	0.23382	0.03634	0.02875	0.05951	0.00358	0.03801	0.00282	0.00172	0.00172	0.00051	0.02239	0.00156	0.00095	0.07904
2	0.03409	0.00422	0.06358	0.06552	0.37846	0.07586	0.04372	0.04804	0.06697	0.11785	0.05107	0.00498	0.00364	0.00184	0.00173	0.00052	0.01783	0.01650	0.00113	0.00243
3	0.00426	0.00280	0.00321	0.00290	0.00362	0.02220	0.00225	0.15396	0.16376	0.16665	0.06233	0.19236	0.02979	0.06955	0.00233	0.00065	0.00137	0.09306	0.02085	0.00210
4	0.00240	0.00158	0.00186	0.00191	0.00193	0.00157	0.00112	0.00240	0.00252	0.00336	0.00565	0.13985	0.00655	0.74851	0.00748	0.06500	0.00152	0.00268	0.00107	0.00104
5	0.00449	0.17220	0.09064	0.00468	0.04806	0.03632	0.20635	0.14491	0.03052	0.05817	0.00375	0.03920	0.00314	0.00203	0.00212	0.00054	0.11648	0.03306	0.00106	0.00228

[dist]
# distance from previous block
# <min> <max>
6	19

[block]
# block no. 6 follows, 189 sequences, length 10
# corresponding to MSA columns:
# 787-796
name=unknown_G
#
# <colnr> <probs for GDERKNQSTAVLIFYWHMCP>
#	G	D	E	R	K	N	Q	S	T	A	V	L	I	F	Y	W	H	M	C	P
0	0.01843	0.36516	0.28390	0.00365	0.01277	0.03288	0.01358	0.03605	0.12731	0.02372	0.01111	0.00377	0.00277	0.00184	0.01245	0.00925	0.01346	0.00124	0.01400	0.01264
1	0.00302	0.00202	0.00243	0.00221	0.00281	0.00188	0.00170	0.03391	0.03932	0.09874	0.40851	0.01170	0.26071	0.02443	0.04378	0.00065	0.00113	0.01559	0.02101	0.02445
2	0.02784	0.74430	0.00790	0.00310	0.00433	0.02734	0.00295	0.04971	0.00353	0.00435	0.00239	0.00286	0.00217	0.00164	0.00162	0.00041	0.10966	0.00099	0.00077	0.00213
3	0.00205	0.00165	0.00184	0.00193	0.00237	0.00143	0.00142	0.00249	0.00374	0.00465	0.08923	0.22984	0.60137	0.00441	0.00202	0.00060	0.00090	0.04507	0.00157	0.00142
4	0.00202	0.00168	0.00176	0.00177	0.00229	0.00143	0.00132	0.00248	0.00388	0.00475	0.12074	0.05702	0.78477	0.00418	0.00198	0.00056	0.00084	0.00352	0.00158	0.00143
5	0.00493	0.00338	0.00377	0.00308	0.00406	0.00366	0.02599	0.38467	0.17606	0.06990	0.02431	0.00536	0.00402	0.00205	0.00154	0.00048	0.00141	0.00164	0.27728	0.00239
6	0.00222	0.00164	0.00193	0.00204	0.00237	0.00148	0.00143	0.00260	0.00349	0.02063	0.08237	0.35233	0.35024	0.10566	0.02345	0.00076	0.00107	0.01712	0.01372	0.01343
7	0.00453	0.42345	0.04219	0.00319	0.00451	0.09570	0.01705	0.05598	0.07688	0.03760	0.01310	0.00354	0.00272	0.00162	0.00143	0.00040	0.03115	0.00115	0.01090	0.17292
8	0.03904	0.00184	0.00226	0.00230	0.00265	0.00178	0.00167	0.02370	0.01697	0.01623	0.24353	0.28929	0.04250	0.14616	0.00302	0.01398	0.00114	0.10502	0.01230	0.03461
9	0.04078	0.01811	0.02220	0.00352	0.02342	0.02315	0.00281	0.23662	0.39560	0.12110	0.01460	0.02995	0.01701	0.00229	0.00172	0.00054	0.01084	0.03158	0.00162	0.00255

[dist]
# distance from previous block
# <min> <max>
1	6

[block]
# block no. 7 follows, 189 sequences, length 30
# corresponding to MSA columns:
# 836,837,841,842,844,847-851,856-867,878-885
name=unknown_H
#
# <colnr> <probs for GDERKNQSTAVLIFYWHMCP>
#	G	D	E	R	K	N	Q	S	T	A	V	L	I	F	Y	W	H	M	C	P
0	0.00259	0.00201	0.00278	0.01686	0.01766	0.02303	0.06103	0.01038	0.01276	0.03100	0.01718	0.63889	0.03889	0.03415	0.00227	0.00068	0.00125	0.06984	0.00881	0.00793
1	0.05475	0.01947	0.03472	0.01007	0.00422	0.00274	0.00893	0.08435	0.01704	0.01843	0.01694	0.00368	0.00271	0.00140	0.00130	0.00031	0.00136	0.00110	0.00107	0.71541
2	0.00255	0.00176	0.00206	0.00203	0.00213	0.00180	0.00127	0.03177	0.00279	0.00376	0.04915	0.02746	0.02015	0.73003	0.09047	0.00157	0.01022	0.01680	0.00108	0.00117
3	0.00316	0.00291	0.00441	0.18418	0.03269	0.02375	0.10085	0.00393	0.03118	0.00433	0.03008	0.03474	0.01020	0.13097	0.16700	0.01628	0.18005	0.00762	0.00092	0.03074
4	0.00223	0.00158	0.00196	0.00214	0.00231	0.00149	0.00143	0.00249	0.00311	0.00413	0.04040	0.46136	0.11031	0.26190	0.01635	0.01829	0.00121	0.04074	0.00843	0.01814
5	0.01167	0.00408	0.00628	0.12796	0.66695	0.05170	0.01711	0.06534	0.02266	0.00561	0.00322	0.00414	0.00262	0.00157	0.00165	0.00050	0.00205	0.00148	0.00089	0.00251
6	0.01526	0.00300	0.00464	0.39692	0.06074	0.00345	0.04609	0.01536	0.01906	0.03437	0.00809	0.06759	0.01064	0.03188	0.05231	0.00070	0.13519	0.00175	0.00093	0.09204
7	0.02470	0.00991	0.01743	0.01870	0.10595	0.02574	0.03630	0.19923	0.16212	0.11877	0.00855	0.01188	0.00919	0.00185	0.00168	0.00047	0.02902	0.00150	0.00135	0.21566
8	0.00362	0.00982	0.00417	0.00348	0.00869	0.03830	0.12497	0.04810	0.14688	0.03137	0.00994	0.16936	0.01468	0.00277	0.00192	0.01652	0.01858	0.11896	0.00130	0.22657
9	0.00241	0.00175	0.00218	0.00211	0.00253	0.00163	0.00158	0.00313	0.02080	0.02507	0.55446	0.06236	0.20639	0.03387	0.05510	0.00070	0.00108	0.01962	0.00168	0.00155
10	0.07199	0.02974	0.01200	0.14132	0.12542	0.29238	0.07669	0.10623	0.01013	0.01054	0.01358	0.01629	0.00279	0.00771	0.00704	0.00053	0.04784	0.01856	0.00710	0.00211
11	0.12739	0.00317	0.01978	0.00764	0.04676	0.02387	0.10962	0.03007	0.07692	0.30761	0.07204	0.10945	0.01739	0.01295	0.00179	0.00056	0.00155	0.02208	0.00153	0.00782
12	0.00712	0.00275	0.00372	0.00288	0.00411	0.00238	0.00237	0.00777	0.00473	0.86240	0.03595	0.00607	0.01840	0.00214	0.00168	0.00051	0.00137	0.00175	0.02915	0.00274
13	0.00716	0.00187	0.00219	0.00718	0.00270	0.00172	0.00162	0.01605	0.04987	0.07251	0.15225	0.24488	0.39016	0.00408	0.00205	0.01751	0.00098	0.02198	0.00162	0.00160
14	0.01793	0.13862	0.28508	0.05361	0.23339	0.03632	0.09242	0.03793	0.01667	0.06788	0.00328	0.00387	0.00249	0.00159	0.00157	0.00050	0.00217	0.00137	0.00090	0.00243
15	0.00364	0.02363	0.00519	0.72562	0.05560	0.10292	0.02400	0.00465	0.00355	0.02084	0.00306	0.01457	0.00237	0.00170	0.00165	0.00054	0.00227	0.00148	0.00079	0.00193
16	0.90623	0.01258	0.01426	0.00232	0.00338	0.01786	0.01299	0.00494	0.00290	0.00735	0.00235	0.00275	0.00183	0.00155	0.00106	0.00051	0.00136	0.00092	0.00102	0.00183
17	0.00292	0.00201	0.00245	0.00239	0.01932	0.00188	0.00178	0.04738	0.03019	0.08318	0.33422	0.13170	0.28100	0.00370	0.00196	0.00057	0.00100	0.04896	0.00169	0.00171
18	0.04100	0.00228	0.00297	0.01597	0.03785	0.00956	0.00214	0.02772	0.00332	0.02025	0.17717	0.04281	0.01001	0.18396	0.19340	0.01856	0.13992	0.02429	0.04523	0.00157
19	0.00240	0.00162	0.00182	0.00183	0.00185	0.00160	0.00103	0.00242	0.00250	0.00331	0.00583	0.02976	0.04502	0.88318	0.00810	0.00156	0.00157	0.00252	0.00104	0.00104
20	0.00335	0.00864	0.93268	0.00476	0.00723	0.00388	0.00617	0.00529	0.00352	0.00529	0.00300	0.00352	0.00211	0.00159	0.00159	0.00053	0.00247	0.00123	0.00070	0.00247
21	0.00208	0.00166	0.00186	0.00192	0.00235	0.00145	0.00140	0.00257	0.01046	0.00485	0.17624	0.20419	0.55524	0.01406	0.00207	0.00059	0.00088	0.01308	0.00160	0.00143
22	0.00433	0.03012	0.01438	0.01214	0.01057	0.06241	0.02245	0.20100	0.14075	0.05780	0.06321	0.05536	0.03112	0.00233	0.00159	0.00049	0.00143	0.02805	0.21184	0.04862
23	0.00238	0.00177	0.00264	0.00265	0.00294	0.00205	0.00204	0.00295	0.00272	0.00391	0.01747	0.03339	0.00457	0.02911	0.87825	0.00258	0.00427	0.00190	0.00093	0.00148
24	0.10411	0.00373	0.00416	0.01281	0.00455	0.00396	0.00270	0.42785	0.08863	0.27516	0.03310	0.00492	0.00375	0.01400	0.00170	0.00053	0.00158	0.00158	0.00854	0.00263
25	0.14373	0.03842	0.01256	0.01408	0.00423	0.01166	0.03162	0.08963	0.01674	0.13784	0.00785	0.02122	0.01497	0.01642	0.00178	0.00044	0.06686	0.00134	0.00865	0.35995
26	0.04576	0.00248	0.00319	0.00273	0.00363	0.00229	0.00218	0.03335	0.02493	0.51196	0.04787	0.17813	0.01565	0.00978	0.00182	0.00057	0.00129	0.06346	0.04664	0.00229
27	0.00218	0.00172	0.00196	0.00205	0.00245	0.00158	0.00148	0.00281	0.05065	0.00471	0.09346	0.28023	0.46115	0.05103	0.00234	0.00065	0.00096	0.03557	0.00156	0.00146
28	0.09021	0.01835	0.01071	0.36499	0.11382	0.01558	0.04574	0.11284	0.03044	0.05361	0.03281	0.04194	0.00735	0.00208	0.01171	0.00056	0.01793	0.01568	0.00107	0.01258
29	0.08990	0.62363	0.04453	0.02971	0.00460	0.03925	0.00295	0.09487	0.00387	0.02411	0.00860	0.01039	0.00238	0.00157	0.00121	0.00041	0.00180	0.00105	0.00089	0.01428

[dist]
# distance from previous block
# <min> <max>
2	29

[block]
# block no. 8 follows, 189 sequences, length 14
# corresponding to MSA columns:
# 917-924,944-947,966,967
name=unknown_I
#
# <colnr> <probs for GDERKNQSTAVLIFYWHMCP>
#	G	D	E	R	K	N	Q	S	T	A	V	L	I	F	Y	W	H	M	C	P
0	0.01951	0.00325	0.00523	0.64065	0.16540	0.01993	0.02469	0.02209	0.00364	0.04895	0.02878	0.00462	0.00277	0.00171	0.00167	0.00054	0.00211	0.00153	0.00088	0.00205
1	0.02177	0.00432	0.05109	0.03917	0.05985	0.21991	0.13336	0.02086	0.02504	0.01463	0.00381	0.04553	0.00343	0.02717	0.23925	0.02736	0.04913	0.01152	0.00093	0.00188
2	0.00303	0.00220	0.00257	0.00255	0.00303	0.00227	0.00191	0.00455	0.25687	0.03974	0.06053	0.20727	0.13245	0.07130	0.00277	0.07739	0.00119	0.09726	0.02939	0.00173
3	0.00228	0.00168	0.00193	0.00200	0.00235	0.00154	0.00142	0.00265	0.02093	0.01492	0.04117	0.16569	0.45621	0.13903	0.01434	0.07748	0.00112	0.05050	0.00142	0.00134
4	0.05277	0.00411	0.02025	0.01126	0.03053	0.07146	0.07018	0.29617	0.07792	0.28911	0.01225	0.01307	0.00343	0.00199	0.00174	0.00052	0.02454	0.00159	0.00747	0.00964
5	0.09080	0.01329	0.02140	0.00403	0.03037	0.57672	0.02195	0.05191	0.02213	0.06962	0.00365	0.01684	0.02185	0.00192	0.00153	0.00047	0.00245	0.02795	0.01906	0.00205
6	0.07085	0.00283	0.00352	0.00284	0.00391	0.00268	0.00230	0.09963	0.02905	0.56428	0.05357	0.02341	0.04618	0.00259	0.01933	0.02848	0.00143	0.01232	0.02834	0.00247
7	0.00344	0.00323	0.05006	0.14727	0.17097	0.01028	0.08779	0.04138	0.01403	0.04394	0.06046	0.16872	0.06153	0.00942	0.00214	0.00059	0.06193	0.05966	0.00117	0.00199
8	0.04715	0.03321	0.12542	0.05658	0.00507	0.12848	0.06487	0.13238	0.05239	0.06998	0.00529	0.13787	0.04448	0.02772	0.00192	0.00057	0.00972	0.03290	0.02191	0.00209
9	0.00211	0.00155	0.00206	0.00233	0.00249	0.00150	0.00161	0.00247	0.00332	0.00445	0.08654	0.74143	0.06201	0.00535	0.05102	0.00076	0.02177	0.00431	0.00152	0.00139
10	0.01250	0.00213	0.00274	0.00266	0.01653	0.00215	0.01459	0.03310	0.05185	0.03217	0.37816	0.06250	0.12988	0.03515	0.00238	0.00063	0.05018	0.15460	0.01441	0.00169
11	0.03918	0.18437	0.11618	0.24006	0.03695	0.02879	0.06437	0.06310	0.08361	0.06633	0.00363	0.01236	0.00285	0.01713	0.00172	0.00053	0.01792	0.01225	0.00101	0.00767
12	0.01051	0.00245	0.00984	0.04587	0.00350	0.02803	0.00208	0.08119	0.05019	0.11391	0.24086	0.06413	0.08190	0.04474	0.01902	0.11712	0.01499	0.02934	0.03856	0.00176
13	0.09726	0.00314	0.00324	0.00296	0.01951	0.01457	0.00227	0.09383	0.44515	0.03763	0.00586	0.02510	0.01825	0.00216	0.00152	0.00051	0.00126	0.00174	0.22176	0.00228

[dist]
# distance from previous block
# <min> <max>
2	8

[block]
# block no. 9 follows, 189 sequences, length 9
# corresponding to MSA columns:
# 990-996,999,1000
name=unknown_J
#
# <colnr> <probs for GDERKNQSTAVLIFYWHMCP>
#	G	D	E	R	K	N	Q	S	T	A	V	L	I	F	Y	W	H	M	C	P
0	0.00408	0.00393	0.02327	0.18759	0.60904	0.01898	0.02067	0.06859	0.01814	0.00560	0.02218	0.00436	0.00286	0.00161	0.00167	0.00051	0.00203	0.00152	0.00090	0.00246
1	0.29470	0.02279	0.00431	0.06817	0.00505	0.45586	0.03017	0.03026	0.00395	0.00534	0.00256	0.00313	0.00208	0.00174	0.00164	0.00049	0.06381	0.00111	0.00091	0.00192
2	0.00219	0.00163	0.00190	0.00197	0.00235	0.00146	0.00143	0.00269	0.00383	0.00508	0.23392	0.23412	0.38697	0.02309	0.00209	0.00060	0.00089	0.02517	0.06718	0.00144
3	0.00209	0.00167	0.00185	0.00186	0.00231	0.00145	0.00136	0.00257	0.00392	0.00496	0.23491	0.11058	0.58358	0.03667	0.00221	0.00060	0.00087	0.00349	0.00160	0.00143
4	0.00231	0.00166	0.00206	0.00215	0.00246	0.00155	0.00154	0.00275	0.00359	0.02598	0.19905	0.29968	0.22047	0.11555	0.06834	0.00087	0.00126	0.04580	0.00151	0.00142
5	0.08290	0.00415	0.00441	0.00347	0.00467	0.00458	0.00285	0.67930	0.06564	0.03456	0.06814	0.00473	0.00386	0.00208	0.00163	0.00051	0.00165	0.00159	0.02666	0.00262
6	0.10987	0.00429	0.00453	0.00354	0.00475	0.00476	0.00290	0.75959	0.00690	0.00965	0.00375	0.00394	0.00273	0.00222	0.00194	0.06732	0.00175	0.00143	0.00153	0.00258
7	0.56777	0.00341	0.04772	0.01566	0.02304	0.00343	0.03160	0.03069	0.00346	0.20527	0.00344	0.00369	0.00248	0.00203	0.02158	0.02869	0.00154	0.00119	0.00123	0.00208
8	0.10336	0.00286	0.00353	0.00282	0.00396	0.00269	0.00230	0.05123	0.05347	0.62658	0.06844	0.00610	0.03116	0.00217	0.00163	0.00052	0.00134	0.00174	0.03156	0.00256

[dist]
# distance from previous block
# <min> <max>
3	5

[block]
# block no. 10 follows, 189 sequences, length 13
# corresponding to MSA columns:
# 1430-1436,1438-1442,1447
name=unknown_K
#
# <colnr> <probs for GDERKNQSTAVLIFYWHMCP>
#	G	D	E	R	K	N	Q	S	T	A	V	L	I	F	Y	W	H	M	C	P
0	0.00312	0.00984	0.01755	0.03811	0.02449	0.05141	0.01476	0.02826	0.07290	0.04815	0.00790	0.36363	0.05086	0.02172	0.00212	0.00065	0.00141	0.21838	0.01165	0.01307
1	0.03268	0.23935	0.41522	0.00399	0.00571	0.04696	0.04519	0.04018	0.00373	0.05275	0.01147	0.04734	0.00282	0.00191	0.00964	0.00051	0.03599	0.00139	0.00089	0.00227
2	0.00227	0.00164	0.00208	0.00230	0.00255	0.00155	0.00165	0.00272	0.01282	0.01830	0.06731	0.54246	0.15779	0.03942	0.01695	0.00072	0.01358	0.09200	0.02046	0.00143
3	0.00315	0.00297	0.00501	0.93732	0.01150	0.00371	0.00464	0.00427	0.00334	0.00427	0.00297	0.00445	0.00223	0.00167	0.00167	0.00056	0.00223	0.00148	0.00074	0.00185
4	0.47162	0.00364	0.00382	0.00306	0.00425	0.02101	0.06149	0.20805	0.00442	0.17912	0.00357	0.00368	0.00253	0.00173	0.00137	0.00051	0.00156	0.00125	0.00135	0.02197
5	0.00361	0.00295	0.00345	0.00249	0.00392	0.00228	0.00199	0.02681	0.00363	0.03026	0.01991	0.00376	0.00281	0.00133	0.00127	0.00027	0.00124	0.00107	0.02195	0.86501
6	0.02555	0.05014	0.07438	0.10555	0.04011	0.04569	0.01685	0.00400	0.00318	0.05884	0.00445	0.10599	0.00420	0.04975	0.34519	0.00138	0.04793	0.00193	0.01307	0.00178
7	0.00447	0.84244	0.06788	0.00302	0.00451	0.00637	0.00308	0.04426	0.00359	0.00430	0.00244	0.00279	0.00217	0.00146	0.00113	0.00037	0.00183	0.00094	0.00075	0.00219
8	0.00276	0.00180	0.00225	0.00211	0.00262	0.00161	0.00160	0.00341	0.00439	0.09726	0.53659	0.06517	0.24658	0.00361	0.00196	0.00055	0.00089	0.02141	0.00176	0.00164
9	0.05526	0.00264	0.00328	0.05979	0.00407	0.00257	0.00229	0.08699	0.04011	0.37040	0.09791	0.03931	0.13138	0.03408	0.00198	0.00058	0.00135	0.05023	0.01356	0.00220
10	0.00603	0.00723	0.00467	0.06407	0.00550	0.79736	0.00326	0.00666	0.03461	0.05131	0.00295	0.00334	0.00235	0.00175	0.00153	0.00045	0.00282	0.00116	0.00094	0.00200
11	0.00211	0.00152	0.00198	0.00232	0.00246	0.00142	0.00160	0.00243	0.00324	0.00427	0.00934	0.75454	0.05976	0.06386	0.00254	0.00074	0.00105	0.08196	0.00151	0.00135
12	0.34700	0.00287	0.00295	0.00273	0.03417	0.00304	0.00209	0.11299	0.02889	0.12658	0.02534	0.06870	0.08577	0.01232	0.00155	0.00054	0.00129	0.04091	0.08529	0.01498

[dist]
# distance from previous block
# <min> <max>
2	5

[block]
# block no. 11 follows, 189 sequences, length 24
# corresponding to MSA columns:
# 1453,1465-1468,1473,1474,1476-1478,1481-1493,1527
name=unknown_L
#
# <colnr> <probs for GDERKNQSTAVLIFYWHMCP>
#	G	D	E	R	K	N	Q	S	T	A	V	L	I	F	Y	W	H	M	C	P
0	0.00240	0.00164	0.00198	0.00208	0.00219	0.00161	0.00132	0.01123	0.01370	0.01228	0.02172	0.30642	0.05267	0.48639	0.03540	0.02887	0.00144	0.01420	0.00124	0.00122
1	0.82820	0.03195	0.00282	0.00236	0.00339	0.03664	0.00194	0.02585	0.03142	0.00726	0.00255	0.00296	0.00201	0.01368	0.00118	0.00052	0.00138	0.00097	0.00105	0.00186
2	0.00214	0.00154	0.00202	0.00234	0.00250	0.00145	0.00164	0.00250	0.00330	0.00437	0.03684	0.69296	0.06083	0.06427	0.00254	0.00074	0.00107	0.11407	0.00152	0.00137
3	0.01783	0.04957	0.00513	0.00446	0.11737	0.10781	0.04041	0.33020	0.11452	0.09953	0.00410	0.00423	0.00304	0.00182	0.00159	0.00047	0.00186	0.00145	0.00137	0.09324
4	0.00356	0.06554	0.33158	0.02575	0.03196	0.01013	0.19061	0.02777	0.00775	0.01543	0.00405	0.01570	0.01911	0.02098	0.03713	0.00064	0.03089	0.08679	0.00874	0.06588
5	0.10269	0.11535	0.22982	0.01186	0.02947	0.11164	0.04509	0.10688	0.01273	0.15497	0.01804	0.00409	0.01373	0.00176	0.00152	0.00049	0.00696	0.00135	0.01249	0.01906
6	0.01103	0.13638	0.04111	0.10350	0.08476	0.03312	0.21556	0.02899	0.06597	0.05688	0.03487	0.08675	0.01135	0.00224	0.00917	0.00055	0.03902	0.03006	0.00655	0.00214
7	0.09954	0.00310	0.00375	0.00296	0.00413	0.00302	0.00243	0.14946	0.03741	0.57521	0.03399	0.00536	0.00408	0.00206	0.00165	0.00051	0.01447	0.00161	0.05263	0.00261
8	0.00369	0.00359	0.02224	0.14069	0.53663	0.00372	0.02209	0.00459	0.00357	0.00506	0.01769	0.05769	0.02801	0.00198	0.00209	0.00054	0.10216	0.00174	0.01082	0.03142
9	0.00530	0.19242	0.09742	0.03605	0.03998	0.04459	0.04882	0.04795	0.01177	0.32783	0.01637	0.02326	0.00343	0.00205	0.00824	0.00052	0.06467	0.01721	0.00130	0.01082
10	0.02683	0.00287	0.00361	0.00290	0.00402	0.00271	0.00235	0.07483	0.09181	0.62888	0.00635	0.05026	0.00442	0.00221	0.00164	0.00052	0.00136	0.00180	0.08802	0.00261
11	0.00246	0.00189	0.00237	0.00227	0.00273	0.00177	0.02018	0.04216	0.02038	0.00587	0.45891	0.15796	0.23279	0.00382	0.00199	0.00057	0.00095	0.03767	0.00168	0.00159
12	0.02920	0.00418	0.01653	0.02022	0.00493	0.00455	0.01211	0.56902	0.21156	0.05971	0.01399	0.00482	0.00356	0.02278	0.00188	0.01339	0.00169	0.00162	0.00162	0.00266
13	0.03703	0.04755	0.04158	0.07939	0.16445	0.05175	0.05861	0.17848	0.19189	0.04154	0.01802	0.01910	0.02166	0.00200	0.00177	0.00053	0.03058	0.01042	0.00125	0.00241
14	0.01776	0.00596	0.01466	0.01562	0.00476	0.55097	0.01440	0.04926	0.10800	0.04926	0.04435	0.02693	0.01408	0.01421	0.01247	0.00052	0.01544	0.01993	0.01939	0.00204
15	0.06086	0.00220	0.00239	0.00204	0.00281	0.00206	0.00160	0.04020	0.00381	0.11481	0.03434	0.00554	0.00408	0.00185	0.00128	0.00039	0.00101	0.00147	0.53728	0.17996
16	0.00350	0.00348	0.05266	0.58133	0.15463	0.00374	0.04106	0.02851	0.02444	0.02041	0.00351	0.02764	0.00925	0.00183	0.00178	0.00055	0.02335	0.01541	0.00086	0.00206
17	0.04262	0.03063	0.01301	0.01061	0.04187	0.02287	0.05018	0.30885	0.04947	0.28582	0.01734	0.05666	0.00401	0.01417	0.00175	0.00053	0.00165	0.01032	0.03513	0.00252
18	0.00293	0.00184	0.00238	0.00229	0.00273	0.00171	0.00170	0.00372	0.03943	0.11133	0.51398	0.25546	0.02992	0.00368	0.00195	0.00056	0.00093	0.00326	0.01848	0.00170
19	0.00224	0.00167	0.00204	0.00212	0.00247	0.00152	0.00153	0.00278	0.01229	0.01950	0.29162	0.33518	0.28339	0.00433	0.00831	0.00061	0.00744	0.01783	0.00164	0.00148
20	0.00326	0.00260	0.06070	0.03313	0.06541	0.00228	0.00244	0.06540	0.02977	0.09563	0.09302	0.37736	0.04961	0.02691	0.03791	0.00070	0.00143	0.03693	0.01369	0.00184
21	0.01002	0.00422	0.00518	0.23049	0.06884	0.15572	0.01983	0.01304	0.00329	0.01879	0.00261	0.00382	0.00226	0.00227	0.00347	0.00061	0.45137	0.00141	0.00079	0.00194
22	0.21049	0.00328	0.03480	0.00300	0.01671	0.00305	0.00250	0.10673	0.00460	0.54602	0.02315	0.00491	0.00363	0.00195	0.00153	0.00051	0.00145	0.00150	0.02763	0.00254
23	0.01634	0.02692	0.27831	0.05303	0.02669	0.01958	0.11275	0.00470	0.02427	0.08816	0.03036	0.12793	0.02780	0.07064	0.04041	0.00072	0.03817	0.01008	0.00108	0.00205

[dist]
# distance from previous block
# <min> <max>
10	12

[block]
# block no. 12 follows, 189 sequences, length 6
# corresponding to MSA columns:
# 1562-1567
name=unknown_M
#
# <colnr> <probs for GDERKNQSTAVLIFYWHMCP>
#	G	D	E	R	K	N	Q	S	T	A	V	L	I	F	Y	W	H	M	C	P
0	0.02479	0.01939	0.08695	0.01453	0.03541	0.02309	0.00255	0.05499	0.20697	0.03727	0.21114	0.04993	0.12262	0.02279	0.00200	0.01532	0.00135	0.04440	0.02251	0.00201
1	0.03427	0.01808	0.18084	0.03316	0.03218	0.04742	0.06969	0.05037	0.04862	0.02478	0.11434	0.01645	0.05579	0.01877	0.00184	0.00052	0.01394	0.07117	0.02573	0.14204
2	0.05958	0.03104	0.03472	0.12587	0.23489	0.01542	0.04852	0.05043	0.05181	0.06694	0.06153	0.03914	0.02599	0.02293	0.01683	0.00056	0.01738	0.00172	0.00112	0.09360
3	0.02321	0.03175	0.04657	0.02723	0.11955	0.02339	0.00259	0.07530	0.04813	0.03290	0.11063	0.18581	0.15902	0.02818	0.00205	0.00058	0.01421	0.03746	0.01242	0.01902
4	0.05949	0.06657	0.05789	0.02255	0.02827	0.03545	0.03474	0.15202	0.03367	0.05090	0.07646	0.04280	0.06865	0.00232	0.01164	0.00050	0.02864	0.01780	0.04572	0.16392
5	0.03002	0.08924	0.08649	0.06695	0.03358	0.03370	0.10914	0.14988	0.03520	0.06912	0.02805	0.03593	0.05384	0.01227	0.01292	0.00053	0.01269	0.02729	0.01580	0.09735

[dist]
# distance from previous block
# <min> <max>
1	518

# created by:
# /home/berkeley/.conda/envs/busco_data_prod/bin/msa2prfl.pl pipeline/OGs_align_augustus/2759/17948.fs
