[name]
unknown

[dist]
# distance from previous block
# <min> <max>
0	1082

[block]
# block no. 0 follows, 388 sequences, length 62
# corresponding to MSA columns:
# 1234-1261,1263-1296
name=unknown_A
#
# <colnr> <probs for GDERKNQSTAVLIFYWHMCP>
#	G	D	E	R	K	N	Q	S	T	A	V	L	I	F	Y	W	H	M	C	P
0	0.00205	0.00217	0.00456	0.01559	0.00414	0.00204	0.82104	0.00561	0.02269	0.04026	0.02410	0.00259	0.00159	0.01079	0.00484	0.00030	0.00134	0.01669	0.00049	0.01713
1	0.19924	0.00327	0.03864	0.00193	0.00240	0.60546	0.00153	0.01352	0.02434	0.01485	0.03734	0.00178	0.00138	0.00093	0.00084	0.00024	0.05021	0.00060	0.00049	0.00100
2	0.00195	0.21428	0.60313	0.00221	0.00325	0.02273	0.05314	0.04543	0.01236	0.00267	0.00158	0.01766	0.00122	0.00389	0.00078	0.00025	0.00116	0.00066	0.01043	0.00121
3	0.00151	0.02214	0.02408	0.00166	0.00182	0.00161	0.00136	0.01399	0.00142	0.01787	0.00194	0.01276	0.00182	0.00897	0.58970	0.01157	0.28361	0.00086	0.00045	0.00085
4	0.00114	0.00096	0.00112	0.04765	0.00154	0.00086	0.01660	0.01361	0.00199	0.00243	0.04945	0.00777	0.73363	0.00205	0.00102	0.00030	0.00053	0.10580	0.00077	0.01079
5	0.03813	0.06285	0.78560	0.03512	0.00985	0.00204	0.01860	0.00266	0.01168	0.00269	0.00159	0.02261	0.00120	0.00085	0.00080	0.00027	0.00119	0.00067	0.00038	0.00122
6	0.00143	0.02258	0.17268	0.16073	0.00797	0.04071	0.03395	0.00184	0.00176	0.00649	0.03912	0.49066	0.00371	0.00181	0.00097	0.00031	0.00083	0.01095	0.00062	0.00089
7	0.03833	0.00165	0.00221	0.03043	0.00211	0.00214	0.00155	0.07014	0.00155	0.04750	0.00153	0.00241	0.00145	0.10300	0.02489	0.07913	0.58783	0.00080	0.00046	0.00090
8	0.00166	0.00158	0.00534	0.43734	0.03719	0.00569	0.17129	0.00236	0.09772	0.00970	0.03301	0.00367	0.16964	0.00114	0.00092	0.00029	0.00099	0.01892	0.00054	0.00100
9	0.02301	0.00196	0.00327	0.07563	0.82922	0.00199	0.00250	0.00262	0.02410	0.00908	0.00170	0.01802	0.00143	0.00081	0.00085	0.00026	0.00100	0.00079	0.00044	0.00131
10	0.00165	0.00518	0.02362	0.64422	0.06661	0.02404	0.06277	0.00217	0.00572	0.00501	0.00192	0.10801	0.00170	0.00125	0.03697	0.00033	0.00648	0.00096	0.00044	0.00097
11	0.03813	0.00166	0.00218	0.02725	0.02432	0.03823	0.00495	0.00678	0.02209	0.00216	0.00158	0.00244	0.00150	0.05163	0.23410	0.00062	0.53596	0.00080	0.00272	0.00090
12	0.89617	0.00172	0.02204	0.02349	0.00182	0.00193	0.00102	0.00259	0.03739	0.00376	0.00129	0.00149	0.00100	0.00081	0.00056	0.00027	0.00069	0.00049	0.00053	0.00095
13	0.00156	0.00147	0.03926	0.39797	0.10782	0.00158	0.02276	0.00205	0.00862	0.00237	0.05844	0.01238	0.00197	0.01664	0.23917	0.00055	0.02427	0.00087	0.05933	0.00094
14	0.00172	0.00159	0.00267	0.83650	0.03861	0.00195	0.03090	0.02536	0.00178	0.01243	0.00155	0.00226	0.00117	0.00088	0.00093	0.00029	0.03726	0.00077	0.00040	0.00099
15	0.00114	0.00082	0.00106	0.00119	0.00125	0.00080	0.00080	0.00128	0.00156	0.00210	0.00407	0.65115	0.00479	0.19724	0.02796	0.00563	0.01961	0.05258	0.00071	0.02426
16	0.00698	0.90529	0.00429	0.00147	0.00217	0.02747	0.00144	0.00255	0.00178	0.00208	0.03716	0.00156	0.00136	0.00077	0.00057	0.00019	0.00091	0.00050	0.00039	0.00108
17	0.00170	0.00149	0.00216	0.01188	0.03796	0.00191	0.01963	0.00197	0.01024	0.03652	0.00173	0.00260	0.00162	0.03361	0.35325	0.00074	0.47881	0.00084	0.00044	0.00090
18	0.00181	0.12486	0.39162	0.00831	0.00260	0.00201	0.00679	0.00232	0.00162	0.04342	0.00483	0.00569	0.00156	0.17046	0.02958	0.00041	0.19044	0.00077	0.00043	0.01048
19	0.00170	0.01083	0.91230	0.00237	0.00358	0.00195	0.00304	0.00269	0.01247	0.00274	0.03751	0.00199	0.00136	0.00085	0.00082	0.00027	0.00122	0.00067	0.00039	0.00125
20	0.00176	0.00166	0.00275	0.65435	0.25391	0.00191	0.00236	0.00232	0.01322	0.00239	0.00749	0.00225	0.00126	0.00084	0.00087	0.00027	0.01178	0.00076	0.00041	0.03745
21	0.00197	0.00524	0.03903	0.07864	0.51682	0.00186	0.05317	0.01551	0.11024	0.02221	0.02431	0.06691	0.01111	0.00106	0.00090	0.00028	0.00580	0.04316	0.00054	0.00122
22	0.00164	0.00154	0.00261	0.92210	0.05150	0.00191	0.00239	0.00221	0.00172	0.00221	0.00152	0.00227	0.00115	0.00085	0.00085	0.00028	0.00113	0.00076	0.00038	0.00097
23	0.00212	0.00203	0.00347	0.00525	0.96461	0.00203	0.00262	0.00262	0.00195	0.00279	0.00161	0.00212	0.00135	0.00076	0.00085	0.00025	0.00102	0.00076	0.00042	0.00135
24	0.00192	0.00184	0.00314	0.38221	0.57645	0.00198	0.01522	0.00245	0.00186	0.00255	0.00158	0.00218	0.00127	0.00080	0.00085	0.00027	0.00107	0.00076	0.00041	0.00119
25	0.00187	0.02369	0.62906	0.01776	0.02899	0.01195	0.02143	0.00745	0.04439	0.07830	0.00240	0.06048	0.06181	0.00104	0.00086	0.00028	0.00570	0.00086	0.00050	0.00120
26	0.15784	0.00156	0.00191	0.00149	0.00213	0.00147	0.00123	0.07675	0.00241	0.73985	0.00293	0.00260	0.00188	0.00101	0.00081	0.00026	0.00073	0.00079	0.00096	0.00137
27	0.00631	0.00153	0.00257	0.93335	0.01849	0.00191	0.00236	0.00219	0.00170	0.00220	0.00151	0.00227	0.00114	0.00086	0.00089	0.00029	0.01832	0.00076	0.00038	0.00095
28	0.01815	0.01298	0.55476	0.01770	0.03359	0.00533	0.03055	0.06517	0.00446	0.11595	0.00498	0.10217	0.00184	0.00109	0.00086	0.00028	0.00107	0.02732	0.00054	0.00121
29	0.17145	0.00139	0.00162	0.00541	0.00995	0.00133	0.00107	0.03112	0.01439	0.23969	0.27577	0.00336	0.00719	0.00114	0.00086	0.00024	0.03331	0.00091	0.00078	0.19903
30	0.00189	0.00188	0.00273	0.02404	0.10837	0.00254	0.00733	0.00213	0.00139	0.00215	0.00119	0.00191	0.00115	0.00140	0.00254	0.00036	0.83490	0.00075	0.00038	0.00098
31	0.00196	0.05988	0.21103	0.08369	0.45127	0.01579	0.00936	0.01001	0.02794	0.01928	0.05087	0.02503	0.01933	0.00093	0.00086	0.00026	0.01000	0.00082	0.00047	0.00122
32	0.00201	0.01648	0.03742	0.33516	0.06040	0.03108	0.09355	0.03496	0.03375	0.12377	0.03251	0.10002	0.02952	0.00119	0.00097	0.00029	0.03525	0.03003	0.00059	0.00106
33	0.00337	0.00220	0.00244	0.00187	0.00255	0.00236	0.00155	0.76065	0.00369	0.20696	0.00233	0.00223	0.00159	0.00103	0.00086	0.00026	0.00090	0.00079	0.00090	0.00145
34	0.00225	0.01907	0.17810	0.08862	0.20570	0.00187	0.14679	0.02786	0.01985	0.17879	0.01445	0.02473	0.00405	0.00373	0.01586	0.01233	0.05027	0.00389	0.00056	0.00122
35	0.00183	0.07142	0.01667	0.03033	0.38866	0.03593	0.03428	0.00806	0.03169	0.00492	0.04590	0.03710	0.04833	0.11229	0.04663	0.00038	0.01361	0.05308	0.01784	0.00106
36	0.00365	0.00149	0.00647	0.00153	0.00216	0.00132	0.00126	0.05260	0.01298	0.85229	0.03163	0.01378	0.00230	0.00109	0.00086	0.00026	0.00072	0.00089	0.01128	0.00142
37	0.00200	0.00210	0.00417	0.15552	0.26342	0.00208	0.52979	0.00262	0.00194	0.01123	0.00167	0.00225	0.00129	0.00077	0.00097	0.00028	0.01540	0.00090	0.00043	0.00118
38	0.00760	0.00229	0.01422	0.03274	0.59309	0.13037	0.00884	0.03760	0.13613	0.00287	0.00186	0.00223	0.00151	0.00091	0.00901	0.00027	0.01101	0.00568	0.00050	0.00128
39	0.00138	0.00092	0.00119	0.00127	0.00143	0.00090	0.00093	0.00796	0.06399	0.06203	0.13939	0.52496	0.01547	0.04521	0.00599	0.00036	0.00057	0.12441	0.00082	0.00081
40	0.00160	0.00145	0.00207	0.33834	0.02175	0.00176	0.00977	0.00949	0.10881	0.00235	0.00899	0.06355	0.15699	0.03835	0.00986	0.01324	0.20908	0.00108	0.00054	0.00093
41	0.95472	0.00166	0.00131	0.00121	0.02269	0.00192	0.00096	0.00252	0.00147	0.00381	0.00120	0.00141	0.00094	0.00079	0.00054	0.00026	0.00067	0.00047	0.00053	0.00094
42	0.00112	0.00086	0.00107	0.01108	0.00133	0.00082	0.00083	0.00130	0.00173	0.01236	0.01374	0.55811	0.29535	0.02430	0.00122	0.00034	0.04461	0.02833	0.00077	0.00072
43	0.00200	0.00187	0.00317	0.28021	0.66599	0.00197	0.00252	0.00252	0.00189	0.01782	0.00161	0.00217	0.00130	0.00079	0.00085	0.00026	0.00104	0.00076	0.00042	0.01084
44	0.08248	0.00148	0.00193	0.00149	0.00215	0.00132	0.00123	0.01402	0.00238	0.87742	0.00318	0.00278	0.00201	0.00104	0.00083	0.00026	0.00072	0.00083	0.00101	0.00141
45	0.00210	0.00201	0.00343	0.00518	0.94990	0.00201	0.00259	0.00260	0.00195	0.00279	0.00172	0.00221	0.01606	0.00078	0.00085	0.00025	0.00101	0.00078	0.00043	0.00134
46	0.00112	0.00084	0.00113	0.01143	0.00143	0.00079	0.01943	0.00133	0.00175	0.00227	0.00517	0.64158	0.14462	0.00250	0.00109	0.00034	0.00056	0.16112	0.00078	0.00073
47	0.00130	0.00099	0.00138	0.00464	0.00149	0.00439	0.00593	0.00153	0.00144	0.01205	0.01551	0.10848	0.01743	0.17623	0.53171	0.00100	0.07894	0.03432	0.00053	0.00074
48	0.01351	0.00269	0.00278	0.00497	0.00273	0.36012	0.14653	0.01393	0.01041	0.16559	0.00170	0.00200	0.00132	0.00106	0.00138	0.00028	0.26664	0.00073	0.00054	0.00109
49	0.00221	0.00215	0.06706	0.07595	0.63609	0.01020	0.10160	0.00275	0.00198	0.08913	0.00177	0.00219	0.00138	0.00080	0.00086	0.00026	0.00106	0.00079	0.00047	0.00130
50	0.00206	0.00220	0.07391	0.11013	0.51025	0.00203	0.23700	0.01281	0.00693	0.02693	0.00660	0.00220	0.00136	0.00078	0.00089	0.00027	0.00114	0.00082	0.00044	0.00126
51	0.00167	0.00160	0.00256	0.90372	0.01493	0.03376	0.00799	0.00222	0.00174	0.00219	0.00157	0.01184	0.00122	0.00088	0.00086	0.00028	0.00114	0.00848	0.00039	0.00095
52	0.00163	0.00147	0.00213	0.15098	0.00250	0.00191	0.01482	0.00188	0.00140	0.01158	0.00169	0.00282	0.00164	0.15060	0.19338	0.00063	0.45683	0.00086	0.00042	0.00085
53	0.00292	0.00199	0.00256	0.00747	0.25174	0.09958	0.03660	0.09766	0.03505	0.36495	0.03482	0.01828	0.00715	0.00102	0.00093	0.00026	0.03412	0.00085	0.00075	0.00131
54	0.01415	0.01494	0.91087	0.00244	0.01139	0.00805	0.01649	0.00272	0.00181	0.00730	0.00154	0.00181	0.00109	0.00081	0.00081	0.00027	0.00125	0.00063	0.00037	0.00126
55	0.00214	0.00207	0.00345	0.00519	0.94752	0.01917	0.00261	0.00264	0.00196	0.00278	0.00160	0.00211	0.00135	0.00076	0.00085	0.00025	0.00103	0.00076	0.00042	0.00135
56	0.00160	0.00100	0.00116	0.00105	0.00139	0.00087	0.00081	0.01652	0.00218	0.17689	0.23165	0.00674	0.55122	0.00185	0.00098	0.00028	0.00049	0.00156	0.00088	0.00089
57	0.00214	0.00226	0.08089	0.02265	0.02095	0.00497	0.63729	0.01414	0.03972	0.10174	0.01189	0.03472	0.00675	0.00089	0.00097	0.00029	0.00125	0.01476	0.00054	0.00118
58	0.00134	0.00097	0.00136	0.00154	0.00173	0.00096	0.01185	0.00170	0.00193	0.00251	0.00463	0.11215	0.03233	0.00237	0.00116	0.00038	0.00075	0.81875	0.00078	0.00078
59	0.00204	0.00197	0.00336	0.15650	0.78171	0.00896	0.02781	0.00256	0.00192	0.00269	0.00160	0.00214	0.00132	0.00078	0.00085	0.00026	0.00105	0.00077	0.00042	0.00128
60	0.00210	0.00202	0.00346	0.03418	0.92697	0.00203	0.01142	0.00261	0.00194	0.00278	0.00161	0.00212	0.00135	0.00076	0.00085	0.00026	0.00102	0.00076	0.00042	0.00134
61	0.00210	0.00722	0.02350	0.01749	0.10533	0.00201	0.10575	0.00840	0.61180	0.03562	0.00905	0.04077	0.00241	0.00112	0.00089	0.00029	0.00081	0.01100	0.00075	0.01369

[dist]
# distance from previous block
# <min> <max>
0	15

[block]
# block no. 1 follows, 388 sequences, length 11
# corresponding to MSA columns:
# 1312-1322
name=unknown_B
#
# <colnr> <probs for GDERKNQSTAVLIFYWHMCP>
#	G	D	E	R	K	N	Q	S	T	A	V	L	I	F	Y	W	H	M	C	P
0	0.00108	0.00098	0.03202	0.00109	0.00135	0.00079	0.01913	0.00132	0.00187	0.00233	0.02627	0.26988	0.60083	0.00223	0.00103	0.00031	0.00051	0.03546	0.00078	0.00074
1	0.00242	0.00200	0.02942	0.18714	0.45934	0.05553	0.02132	0.02956	0.00208	0.18825	0.00197	0.01387	0.00149	0.00087	0.00085	0.00026	0.00102	0.00079	0.00055	0.00127
2	0.00224	0.00149	0.03498	0.00191	0.02249	0.01592	0.12822	0.01377	0.01101	0.28538	0.03535	0.03690	0.02298	0.00161	0.00102	0.00032	0.00086	0.38167	0.00080	0.00107
3	0.00185	0.00185	0.00253	0.01421	0.02559	0.03341	0.01880	0.00206	0.00141	0.00211	0.01365	0.04755	0.00148	0.01415	0.02220	0.00039	0.79458	0.00085	0.00041	0.00093
4	0.01285	0.07449	0.57692	0.00259	0.08785	0.03380	0.08979	0.03382	0.00192	0.03277	0.00165	0.00204	0.00126	0.04347	0.00097	0.00029	0.00119	0.00070	0.00042	0.00122
5	0.00180	0.01306	0.65077	0.02921	0.07470	0.01149	0.09382	0.01217	0.00188	0.01803	0.01287	0.04292	0.00154	0.00095	0.00086	0.00028	0.00119	0.03084	0.00043	0.00121
6	0.00207	0.00193	0.00298	0.38942	0.45211	0.03407	0.00239	0.09971	0.00208	0.00279	0.00161	0.00216	0.00127	0.00083	0.00085	0.00027	0.00108	0.00075	0.00045	0.00119
7	0.02569	0.22246	0.05554	0.01359	0.15531	0.23868	0.03039	0.10708	0.07504	0.01394	0.00188	0.03228	0.00975	0.00097	0.00079	0.00025	0.00109	0.01358	0.00053	0.00118
8	0.01906	0.00191	0.00201	0.01275	0.07378	0.13293	0.01885	0.09376	0.26384	0.11306	0.19650	0.01294	0.04426	0.00124	0.00089	0.00027	0.00080	0.00919	0.00079	0.00116
9	0.03722	0.03313	0.03592	0.08240	0.58924	0.01963	0.08583	0.01334	0.03682	0.00280	0.03259	0.00224	0.00155	0.00083	0.00087	0.00026	0.01379	0.00078	0.00046	0.01029
10	0.02765	0.00220	0.05733	0.07826	0.14391	0.04773	0.23475	0.10201	0.08868	0.06658	0.02388	0.00243	0.00164	0.00097	0.00110	0.00028	0.10482	0.01404	0.00056	0.00119

[dist]
# distance from previous block
# <min> <max>
8	15

[block]
# block no. 2 follows, 388 sequences, length 11
# corresponding to MSA columns:
# 1339-1349
name=unknown_C
#
# <colnr> <probs for GDERKNQSTAVLIFYWHMCP>
#	G	D	E	R	K	N	Q	S	T	A	V	L	I	F	Y	W	H	M	C	P
0	0.00139	0.08774	0.00173	0.01163	0.01721	0.01860	0.06015	0.00182	0.05205	0.00272	0.32107	0.27260	0.11647	0.00185	0.00098	0.00029	0.00061	0.02948	0.00077	0.00085
1	0.00188	0.00153	0.00179	0.00130	0.00204	0.00120	0.00104	0.00237	0.05328	0.04605	0.00171	0.00190	0.00138	0.00068	0.00066	0.00014	0.00064	0.00055	0.00055	0.87930
2	0.03005	0.00210	0.10417	0.00185	0.00250	0.07525	0.07630	0.06694	0.11029	0.36008	0.04288	0.00267	0.00204	0.00130	0.05259	0.00032	0.01970	0.00083	0.00076	0.04737
3	0.00124	0.00091	0.00133	0.00135	0.00149	0.00104	0.00104	0.00152	0.00141	0.00200	0.00253	0.00415	0.00248	0.10334	0.78311	0.00123	0.00201	0.08658	0.00049	0.00074
4	0.00113	0.00088	0.00135	0.00141	0.00153	0.00083	0.08668	0.00133	0.00167	0.00223	0.00445	0.88294	0.00527	0.00250	0.00108	0.00034	0.00058	0.00230	0.00076	0.00074
5	0.00109	0.00079	0.00104	0.00122	0.00129	0.00075	0.00084	0.00130	0.01885	0.00222	0.00467	0.83233	0.02432	0.02418	0.01695	0.00038	0.00055	0.06575	0.00078	0.00071
6	0.00224	0.89882	0.07575	0.00154	0.00231	0.00328	0.00159	0.00257	0.00174	0.00206	0.00121	0.00140	0.00110	0.00074	0.00057	0.00019	0.00094	0.00047	0.00037	0.00111
7	0.00161	0.00152	0.00256	0.96789	0.00589	0.00190	0.00237	0.00218	0.00171	0.00218	0.00152	0.00228	0.00114	0.00085	0.00085	0.00028	0.00114	0.00076	0.00038	0.00095
8	0.04311	0.05929	0.52046	0.00222	0.01422	0.05725	0.04028	0.11541	0.03102	0.10614	0.00181	0.00196	0.00129	0.00087	0.00080	0.00026	0.00113	0.00068	0.00052	0.00127
9	0.32445	0.05054	0.08568	0.00860	0.03870	0.16290	0.09990	0.06220	0.02751	0.02735	0.02303	0.00235	0.01386	0.00096	0.00077	0.00026	0.00944	0.05196	0.00054	0.00898
10	0.01904	0.00226	0.15067	0.00245	0.01283	0.01914	0.37972	0.01360	0.09015	0.05802	0.10019	0.00305	0.04541	0.00099	0.00091	0.00027	0.00105	0.01479	0.00058	0.08488

[dist]
# distance from previous block
# <min> <max>
1	2

[block]
# block no. 3 follows, 388 sequences, length 32
# corresponding to MSA columns:
# 1356-1387
name=unknown_D
#
# <colnr> <probs for GDERKNQSTAVLIFYWHMCP>
#	G	D	E	R	K	N	Q	S	T	A	V	L	I	F	Y	W	H	M	C	P
0	0.00207	0.12307	0.01346	0.49257	0.01612	0.12273	0.05211	0.06998	0.03892	0.00989	0.01803	0.00226	0.00740	0.00091	0.00086	0.00026	0.01813	0.00973	0.00046	0.00104
1	0.06468	0.00157	0.00198	0.00155	0.00219	0.00148	0.00127	0.09021	0.07495	0.73573	0.01336	0.00280	0.00208	0.00105	0.00084	0.00027	0.00074	0.00084	0.00099	0.00141
2	0.00212	0.00202	0.00339	0.00506	0.91285	0.00204	0.00256	0.00273	0.05364	0.00284	0.00171	0.00217	0.00142	0.00078	0.00085	0.00026	0.00100	0.00077	0.00045	0.00135
3	0.00210	0.00116	0.00147	0.00131	0.01735	0.01112	0.00100	0.03661	0.00242	0.29870	0.48823	0.01217	0.11020	0.00154	0.00095	0.00027	0.00055	0.01087	0.00094	0.00103
4	0.00104	0.00075	0.00099	0.00118	0.00124	0.00070	0.00079	0.00120	0.00166	0.00219	0.00493	0.90545	0.05791	0.00265	0.00109	0.00034	0.00050	0.01389	0.00079	0.00070
5	0.00321	0.00234	0.00250	0.00194	0.00261	0.01108	0.00159	0.85725	0.05715	0.04829	0.00219	0.00215	0.00155	0.00103	0.00086	0.00026	0.00092	0.00078	0.00086	0.00144
6	0.00315	0.00335	0.00246	0.00215	0.01898	0.59080	0.00867	0.26791	0.05611	0.03586	0.00172	0.00184	0.00132	0.00094	0.00081	0.00024	0.00129	0.00065	0.00060	0.00116
7	0.00229	0.00143	0.00197	0.00177	0.00963	0.00144	0.07129	0.04226	0.19519	0.25498	0.00369	0.03885	0.00331	0.00160	0.00100	0.00032	0.00080	0.36618	0.00085	0.00113
8	0.00106	0.00085	0.00095	0.00095	0.00120	0.00074	0.00070	0.00132	0.00203	0.00258	0.24644	0.11391	0.62002	0.00212	0.00102	0.00029	0.00043	0.00181	0.00083	0.00074
9	0.00212	0.00203	0.00347	0.00525	0.96461	0.00203	0.00262	0.00262	0.00195	0.00279	0.00161	0.00212	0.00135	0.00076	0.00085	0.00025	0.00102	0.00076	0.00042	0.00135
10	0.00217	0.02211	0.06655	0.00329	0.00412	0.12533	0.74999	0.00283	0.00205	0.01056	0.00167	0.00216	0.00126	0.00075	0.00096	0.00028	0.00143	0.00091	0.00043	0.00114
11	0.00210	0.00204	0.00340	0.06136	0.89297	0.01778	0.00259	0.00261	0.00194	0.00275	0.00160	0.00212	0.00134	0.00077	0.00085	0.00026	0.00103	0.00076	0.00042	0.00133
12	0.00164	0.00155	0.00265	0.92266	0.02696	0.00191	0.02630	0.00221	0.00172	0.00221	0.00153	0.00228	0.00115	0.00085	0.00086	0.00028	0.00114	0.00077	0.00038	0.00096
13	0.00242	0.00206	0.00323	0.00452	0.75751	0.04409	0.01719	0.02657	0.00209	0.12928	0.00184	0.00220	0.00145	0.00081	0.00085	0.00025	0.00101	0.00077	0.00052	0.00135
14	0.00184	0.12708	0.78968	0.00234	0.00350	0.03191	0.02689	0.00271	0.00182	0.00260	0.00149	0.00175	0.00109	0.00080	0.00078	0.00026	0.00123	0.00062	0.00037	0.00123
15	0.00210	0.00201	0.00343	0.04543	0.92460	0.00203	0.00261	0.00261	0.00194	0.00277	0.00160	0.00212	0.00135	0.00077	0.00085	0.00026	0.00102	0.00076	0.00042	0.00134
16	0.01480	0.00148	0.00918	0.00152	0.00216	0.00128	0.00126	0.01885	0.01224	0.88767	0.03799	0.00300	0.00231	0.00108	0.00086	0.00026	0.00072	0.00088	0.00104	0.00142
17	0.66040	0.00159	0.00149	0.00125	0.00183	0.00170	0.00103	0.00305	0.00178	0.31593	0.00190	0.00188	0.00131	0.00088	0.00064	0.00026	0.00068	0.00059	0.00070	0.00110
18	0.00206	0.00198	0.00339	0.11354	0.84391	0.00202	0.01541	0.00258	0.00192	0.00272	0.00160	0.00214	0.00133	0.00077	0.00085	0.00026	0.00104	0.00077	0.00042	0.00131
19	0.00139	0.00079	0.00111	0.00111	0.00113	0.00081	0.00074	0.00121	0.00118	0.00160	0.00189	0.00343	0.00197	0.23429	0.14573	0.59886	0.00099	0.00089	0.00042	0.00046
20	0.00271	0.16141	0.23154	0.00202	0.00281	0.12793	0.04512	0.21080	0.04322	0.16145	0.00196	0.00202	0.00141	0.00091	0.00079	0.00025	0.00107	0.00069	0.00062	0.00127
21	0.00120	0.00087	0.00114	0.00108	0.00128	0.00080	0.00081	0.00159	0.00239	0.00337	0.92117	0.04954	0.00796	0.00179	0.00101	0.00027	0.00041	0.00159	0.00093	0.00080
22	0.00177	0.00152	0.00177	0.00127	0.00203	0.00114	0.00101	0.00215	0.00177	0.00279	0.00152	0.00177	0.00127	0.00063	0.00063	0.00013	0.00063	0.00051	0.00051	0.97517
23	0.00104	0.00078	0.00097	0.00110	0.00122	0.00071	0.00076	0.00122	0.00176	0.00228	0.05923	0.67178	0.24904	0.00250	0.00107	0.00033	0.00047	0.00222	0.00080	0.00071
24	0.00181	0.00162	0.02110	0.00135	0.00212	0.00121	0.02023	0.02574	0.00183	0.00285	0.00154	0.00179	0.00127	0.00065	0.00065	0.00014	0.00067	0.00053	0.00051	0.91239
25	0.00214	0.00203	0.00351	0.02321	0.87227	0.00203	0.05533	0.00979	0.00197	0.01711	0.00164	0.00214	0.00136	0.00077	0.00086	0.00026	0.00104	0.00078	0.00044	0.00134
26	0.00123	0.00089	0.00116	0.00109	0.00129	0.00083	0.00082	0.00166	0.01861	0.00343	0.94797	0.00633	0.00798	0.00174	0.00101	0.00027	0.00041	0.00154	0.00094	0.00082
27	0.02574	0.00167	0.00281	0.64161	0.23957	0.00192	0.03193	0.01172	0.00180	0.02258	0.00158	0.00223	0.00122	0.00085	0.00087	0.00855	0.00109	0.00076	0.00041	0.00107
28	0.42828	0.00158	0.00167	0.00135	0.00196	0.00159	0.01381	0.02300	0.02805	0.31772	0.00212	0.00222	0.00153	0.00091	0.00069	0.00025	0.00070	0.02453	0.00072	0.14731
29	0.00131	0.00118	0.00184	0.00156	0.00193	0.00108	0.19322	0.00173	0.02563	0.00266	0.19889	0.09351	0.39112	0.00183	0.00103	0.00030	0.00067	0.07890	0.00075	0.00084
30	0.13999	0.02104	0.00683	0.00166	0.00230	0.03606	0.00137	0.37180	0.05486	0.32485	0.00241	0.00229	0.00165	0.00099	0.00080	0.00026	0.00083	0.00075	0.01331	0.01595
31	0.00182	0.14763	0.80770	0.00229	0.00346	0.01755	0.00288	0.00270	0.00181	0.00260	0.00148	0.00174	0.00109	0.00080	0.00077	0.00026	0.00122	0.00060	0.00036	0.00123

[dist]
# distance from previous block
# <min> <max>
0	4

[block]
# block no. 4 follows, 388 sequences, length 12
# corresponding to MSA columns:
# 1392-1395,1408-1415
name=unknown_E
#
# <colnr> <probs for GDERKNQSTAVLIFYWHMCP>
#	G	D	E	R	K	N	Q	S	T	A	V	L	I	F	Y	W	H	M	C	P
0	0.00236	0.24776	0.22415	0.00182	0.00255	0.03044	0.01474	0.08351	0.11064	0.14847	0.00226	0.00281	0.00183	0.03381	0.00093	0.00028	0.01081	0.07901	0.00061	0.00120
1	0.00178	0.03204	0.82639	0.08130	0.00380	0.00204	0.00299	0.03518	0.00187	0.00274	0.00154	0.00184	0.00110	0.00082	0.00081	0.00027	0.00123	0.00064	0.00038	0.00124
2	0.00140	0.00095	0.00125	0.00131	0.00152	0.00093	0.00107	0.00184	0.02595	0.02879	0.35700	0.04010	0.02012	0.00197	0.00105	0.00032	0.00060	0.43256	0.08045	0.00082
3	0.00138	0.00095	0.00107	0.00105	0.00111	0.00096	0.00064	0.07974	0.00152	0.00203	0.00289	0.12469	0.00329	0.77095	0.00366	0.00072	0.00080	0.00135	0.00058	0.00062
4	0.02110	0.08116	0.00331	0.14316	0.62158	0.01562	0.01659	0.08226	0.00207	0.00287	0.00159	0.00205	0.00130	0.00080	0.00082	0.00025	0.00103	0.00073	0.00045	0.00127
5	0.00131	0.00099	0.01274	0.00115	0.00141	0.00089	0.01412	0.00176	0.02893	0.02283	0.81038	0.00619	0.06254	0.00171	0.00100	0.00027	0.00045	0.01378	0.00091	0.01665
6	0.00116	0.00089	0.00117	0.00118	0.00138	0.00082	0.02591	0.00146	0.00204	0.00271	0.34010	0.23458	0.25428	0.00219	0.01594	0.00032	0.00053	0.11176	0.00083	0.00076
7	0.00975	0.00192	0.01687	0.28562	0.52017	0.02015	0.01552	0.03524	0.02104	0.03609	0.00170	0.00221	0.00135	0.00088	0.01021	0.00028	0.01088	0.00077	0.00815	0.00121
8	0.00252	0.00203	0.00215	0.00182	0.00237	0.00231	0.00145	0.33848	0.62849	0.00421	0.00298	0.00279	0.00221	0.00111	0.00087	0.00028	0.00077	0.00090	0.00087	0.00139
9	0.91987	0.00170	0.00133	0.00117	0.00171	0.00196	0.00097	0.05786	0.00160	0.00393	0.00124	0.00143	0.00096	0.00081	0.00055	0.00026	0.00068	0.00048	0.00055	0.00096
10	0.00215	0.00207	0.01707	0.06053	0.82277	0.01486	0.02371	0.02906	0.00200	0.01522	0.00164	0.00213	0.00135	0.00078	0.00085	0.00026	0.00104	0.00076	0.00044	0.00132
11	0.01447	0.00188	0.00264	0.57711	0.15891	0.07147	0.00221	0.07636	0.06602	0.00263	0.00168	0.00223	0.00129	0.00089	0.00088	0.00027	0.01674	0.00076	0.00046	0.00108

[dist]
# distance from previous block
# <min> <max>
0	3

[block]
# block no. 5 follows, 388 sequences, length 38
# corresponding to MSA columns:
# 1419-1423,1441-1444,1448-1476
name=unknown_F
#
# <colnr> <probs for GDERKNQSTAVLIFYWHMCP>
#	G	D	E	R	K	N	Q	S	T	A	V	L	I	F	Y	W	H	M	C	P
0	0.00970	0.00204	0.00341	0.02218	0.89634	0.01557	0.01416	0.00693	0.00196	0.00772	0.00164	0.01151	0.00139	0.00079	0.00085	0.00026	0.00102	0.00078	0.00043	0.00133
1	0.12693	0.00183	0.02139	0.00181	0.00246	0.01885	0.10660	0.16104	0.03844	0.47265	0.00627	0.00267	0.00184	0.00102	0.00084	0.00027	0.00085	0.02613	0.00680	0.00131
2	0.00148	0.00075	0.00112	0.00112	0.00112	0.00075	0.00075	0.00112	0.00112	0.00150	0.00151	0.00262	0.00150	0.00306	0.02688	0.95132	0.00078	0.00075	0.00037	0.00038
3	0.00211	0.00204	0.00350	0.00522	0.94923	0.00203	0.01799	0.00263	0.00195	0.00279	0.00161	0.00212	0.00135	0.00076	0.00085	0.00025	0.00102	0.00077	0.00042	0.00135
4	0.00161	0.00152	0.00256	0.96789	0.00589	0.00190	0.00237	0.00218	0.00171	0.00218	0.00152	0.00228	0.00114	0.00085	0.00085	0.00028	0.00114	0.00076	0.00038	0.00095
5	0.00136	0.00099	0.00140	0.03372	0.01902	0.00099	0.00133	0.00175	0.00200	0.00264	0.12340	0.06160	0.01175	0.00222	0.00114	0.00037	0.00074	0.73199	0.00079	0.00080
6	0.00115	0.00087	0.00106	0.00102	0.00124	0.00078	0.00076	0.00150	0.00226	0.00308	0.66330	0.02983	0.27808	0.00188	0.00101	0.00028	0.00041	0.00163	0.00908	0.00078
7	0.00228	0.02193	0.00205	0.00831	0.00230	0.12469	0.00140	0.01417	0.79345	0.01012	0.00314	0.00771	0.00238	0.00112	0.00085	0.00028	0.00080	0.00091	0.00080	0.00130
8	0.00206	0.00197	0.00337	0.00503	0.90623	0.00197	0.01307	0.00256	0.00194	0.00277	0.00977	0.04210	0.00159	0.00085	0.00086	0.00026	0.00099	0.00084	0.00044	0.00132
9	0.00195	0.00117	0.00149	0.00122	0.00167	0.00099	0.00096	0.00232	0.00223	0.21766	0.44340	0.00444	0.02832	0.00131	0.00087	0.00023	0.00054	0.01475	0.01932	0.25515
10	0.00199	0.00154	0.00162	0.00147	0.00187	0.00173	0.00114	0.03455	0.63602	0.00352	0.03523	0.00326	0.00264	0.00113	0.00080	0.00026	0.00060	0.00093	0.26853	0.00119
11	0.00125	0.00084	0.00099	0.00099	0.00101	0.00086	0.00060	0.00128	0.00126	0.00170	0.00262	0.00525	0.00295	0.82476	0.13174	0.01864	0.00102	0.00119	0.00051	0.00055
12	0.00121	0.00087	0.00114	0.00107	0.00127	0.00081	0.00080	0.00161	0.00241	0.00341	0.93968	0.00638	0.02132	0.00175	0.00100	0.00027	0.00040	0.00154	0.01226	0.00081
13	0.86277	0.04288	0.00687	0.00118	0.00173	0.01952	0.00099	0.01481	0.00153	0.00370	0.00122	0.00142	0.00096	0.00079	0.00054	0.00026	0.00069	0.00047	0.00052	0.03715
14	0.01156	0.33517	0.34465	0.00713	0.00284	0.04283	0.04548	0.00941	0.00574	0.00905	0.00143	0.00168	0.00115	0.00076	0.00069	0.00021	0.00103	0.00057	0.00041	0.17822
15	0.40134	0.17613	0.01620	0.00158	0.00215	0.21104	0.00132	0.11995	0.03534	0.01919	0.00144	0.00160	0.00114	0.00085	0.00066	0.00024	0.00768	0.00055	0.00054	0.00106
16	0.00124	0.00083	0.00096	0.00096	0.00096	0.00084	0.00055	0.00126	0.00125	0.00168	0.00267	0.00548	0.00306	0.92020	0.05403	0.00086	0.00090	0.00123	0.00052	0.00053
17	0.00211	0.00182	0.00192	0.00173	0.00221	0.00210	0.00134	0.00449	0.94460	0.00357	0.02194	0.00325	0.00272	0.00117	0.00087	0.00029	0.00067	0.00098	0.00087	0.00134
18	0.00161	0.00152	0.00256	0.96789	0.00589	0.00190	0.00237	0.00218	0.00171	0.00218	0.00152	0.00228	0.00114	0.00085	0.00085	0.00028	0.00114	0.00076	0.00038	0.00095
19	0.02082	0.00196	0.00323	0.15503	0.75462	0.01086	0.00250	0.01444	0.00194	0.02412	0.00163	0.00214	0.00133	0.00079	0.00084	0.00026	0.00103	0.00076	0.00044	0.00128
20	0.00199	0.00172	0.00183	0.00135	0.00208	0.07891	0.00108	0.00235	0.00186	0.05115	0.00162	0.01003	0.00133	0.00069	0.00066	0.00014	0.00071	0.00054	0.00053	0.83942
21	0.00169	0.00139	0.00165	0.00123	0.00188	0.00108	0.00098	0.00207	0.00191	0.01406	0.19047	0.00269	0.00261	0.00086	0.00071	0.00016	0.00059	0.00071	0.00060	0.77267
22	0.00212	0.00203	0.00347	0.00525	0.96461	0.00203	0.00262	0.00262	0.00195	0.00279	0.00161	0.00212	0.00135	0.00076	0.00085	0.00025	0.00102	0.00076	0.00042	0.00135
23	0.00128	0.00090	0.00126	0.00127	0.00140	0.00099	0.00094	0.00151	0.00142	0.02336	0.01454	0.07685	0.00279	0.21425	0.61788	0.00111	0.00173	0.03528	0.00053	0.00072
24	0.00172	0.00442	0.96551	0.00244	0.00370	0.00199	0.00316	0.00271	0.00181	0.00271	0.00153	0.00181	0.00108	0.00081	0.00081	0.00027	0.00126	0.00063	0.00036	0.00126
25	0.00163	0.00154	0.00260	0.93584	0.03781	0.00190	0.00238	0.00220	0.00172	0.00221	0.00152	0.00227	0.00115	0.00085	0.00085	0.00028	0.00114	0.00076	0.00038	0.00096
26	0.00130	0.00088	0.00100	0.00100	0.00101	0.00088	0.00057	0.00130	0.00129	0.00173	0.00273	0.00556	0.00311	0.92059	0.05290	0.00087	0.00092	0.00125	0.00053	0.00056
27	0.00108	0.00091	0.00092	0.00092	0.00121	0.00076	0.00068	0.00129	0.00201	0.00242	0.05477	0.00822	0.91744	0.00218	0.00104	0.00030	0.00045	0.00181	0.00082	0.00076
28	0.00167	0.00156	0.00261	0.96714	0.00593	0.00194	0.00240	0.00223	0.00175	0.00224	0.00158	0.00236	0.00119	0.00089	0.00088	0.00030	0.00116	0.00078	0.00040	0.00098
29	0.00183	0.00156	0.00182	0.00131	0.00207	0.00118	0.00104	0.00220	0.00181	0.00285	0.00158	0.00185	0.00132	0.00067	0.00066	0.00014	0.00065	0.00053	0.00053	0.97440
30	0.00183	0.00135	0.00169	0.00170	0.00202	0.00142	0.00831	0.12359	0.14695	0.01802	0.00408	0.00763	0.00412	0.00202	0.00111	0.00037	0.00081	0.67115	0.00083	0.00100
31	0.62236	0.00165	0.00158	0.00132	0.00190	0.00175	0.00108	0.02798	0.00190	0.32797	0.00201	0.00200	0.00140	0.00093	0.00068	0.00028	0.00071	0.00062	0.00074	0.00115
32	0.00111	0.00080	0.00105	0.00125	0.00131	0.00074	0.00084	0.00126	0.00169	0.00226	0.00476	0.93407	0.00568	0.00270	0.00112	0.00036	0.00053	0.03693	0.00081	0.00073
33	0.00167	0.00155	0.00258	0.95334	0.00586	0.00192	0.00238	0.00223	0.00175	0.00226	0.00160	0.00237	0.00121	0.00090	0.00088	0.00029	0.00115	0.00078	0.01430	0.00098
34	0.00135	0.00097	0.00129	0.00130	0.01843	0.00100	0.02453	0.00149	0.00145	0.00199	0.03312	0.00529	0.00313	0.55137	0.25727	0.00090	0.00559	0.08368	0.00517	0.00068
35	0.00222	0.01453	0.00333	0.03072	0.80546	0.03995	0.00248	0.01086	0.07639	0.00288	0.00180	0.00225	0.00149	0.00084	0.00087	0.00027	0.00103	0.00079	0.00048	0.00136
36	0.00211	0.00199	0.00331	0.04413	0.84383	0.00672	0.00252	0.00264	0.02226	0.00283	0.01887	0.00246	0.00163	0.00099	0.02233	0.00029	0.00105	0.01824	0.00047	0.00133
37	0.00378	0.00149	0.00199	0.00155	0.00219	0.00130	0.00127	0.00414	0.02380	0.91028	0.01458	0.00304	0.00225	0.00111	0.00088	0.00027	0.00074	0.00089	0.02300	0.00146

[dist]
# distance from previous block
# <min> <max>
4	53

[block]
# block no. 6 follows, 388 sequences, length 46
# corresponding to MSA columns:
# 1548-1583,1589-1598
name=unknown_G
#
# <colnr> <probs for GDERKNQSTAVLIFYWHMCP>
#	G	D	E	R	K	N	Q	S	T	A	V	L	I	F	Y	W	H	M	C	P
0	0.00183	0.00156	0.00187	0.01095	0.02994	0.00122	0.00598	0.02346	0.00706	0.00764	0.00156	0.00181	0.00128	0.00065	0.00065	0.00014	0.00066	0.00053	0.00052	0.90070
1	0.01097	0.06443	0.83574	0.00243	0.02841	0.00208	0.01332	0.00273	0.02072	0.00269	0.00155	0.00182	0.00112	0.00082	0.00081	0.00027	0.00784	0.00063	0.00038	0.00125
2	0.00104	0.00074	0.00099	0.00119	0.00124	0.00069	0.00079	0.00119	0.00164	0.00218	0.00471	0.96939	0.00566	0.00268	0.00109	0.00035	0.00050	0.00243	0.00079	0.00069
3	0.16416	0.00201	0.00307	0.02729	0.67175	0.02775	0.04687	0.01052	0.00191	0.03450	0.00160	0.00202	0.00129	0.00078	0.00080	0.00026	0.00098	0.00072	0.00047	0.00126
4	0.00274	0.00136	0.00170	0.00141	0.00190	0.00131	0.00113	0.02751	0.17638	0.47431	0.21175	0.00946	0.00351	0.00123	0.00087	0.00027	0.00063	0.00103	0.08025	0.00124
5	0.00216	0.00185	0.00195	0.00175	0.00224	0.00214	0.00136	0.03150	0.93605	0.00363	0.00344	0.00316	0.00258	0.00116	0.00087	0.00029	0.00068	0.00096	0.00087	0.00136
6	0.00123	0.00084	0.00098	0.00099	0.00103	0.00082	0.00060	0.00132	0.00150	0.00203	0.18037	0.04816	0.00418	0.72564	0.00352	0.00069	0.00073	0.02415	0.00061	0.00059
7	0.00202	0.00189	0.00290	0.00230	0.02082	0.10466	0.37719	0.01820	0.00909	0.02409	0.00209	0.00268	0.00168	0.02024	0.04031	0.00031	0.06133	0.01461	0.28627	0.00729
8	0.00105	0.00075	0.00100	0.00119	0.00124	0.00070	0.00080	0.00120	0.00164	0.00219	0.01528	0.92878	0.00563	0.02057	0.00115	0.00036	0.00050	0.01447	0.00079	0.00069
9	0.00832	0.12799	0.14864	0.00161	0.01453	0.02877	0.02153	0.01523	0.00183	0.01320	0.00150	0.00175	0.00122	0.00069	0.00067	0.00017	0.00082	0.00054	0.00047	0.61051
10	0.00102	0.00087	0.00088	0.00088	0.00117	0.00073	0.00066	0.00124	0.00195	0.00232	0.01797	0.01832	0.93169	0.00217	0.00101	0.00029	0.00044	0.01488	0.00080	0.00072
11	0.00103	0.00082	0.00093	0.00101	0.00119	0.00071	0.00072	0.00122	0.00183	0.00229	0.03755	0.41073	0.53221	0.00237	0.00104	0.00031	0.00046	0.00206	0.00080	0.00071
12	0.73821	0.01056	0.00157	0.00686	0.00190	0.00803	0.00109	0.18313	0.00198	0.03796	0.00143	0.00157	0.00107	0.00085	0.00061	0.00026	0.00073	0.00054	0.00061	0.00105
13	0.00121	0.00087	0.00114	0.00107	0.00127	0.00080	0.00080	0.00160	0.00241	0.00340	0.93973	0.00644	0.03252	0.00176	0.00101	0.00027	0.00040	0.00155	0.00094	0.00080
14	0.00213	0.00202	0.00343	0.01329	0.93482	0.00202	0.00259	0.00266	0.01233	0.01411	0.00165	0.00214	0.00138	0.00077	0.00085	0.00025	0.00101	0.00077	0.00044	0.00135
15	0.00208	0.00199	0.00338	0.04331	0.90526	0.00200	0.00257	0.00258	0.00195	0.00278	0.02294	0.00222	0.00149	0.00079	0.00085	0.00026	0.00101	0.00078	0.00043	0.00133
16	0.00319	0.00408	0.00242	0.00220	0.00264	0.96651	0.00165	0.00341	0.00242	0.00209	0.00132	0.00154	0.00110	0.00088	0.00077	0.00022	0.00154	0.00055	0.00044	0.00099
17	0.00177	0.00152	0.00177	0.00127	0.00203	0.00114	0.00101	0.00215	0.00177	0.00279	0.00152	0.00177	0.00127	0.00063	0.00063	0.00013	0.00063	0.00051	0.00051	0.97517
18	0.00259	0.00260	0.00367	0.00276	0.00346	0.16277	0.44580	0.29461	0.04140	0.00345	0.00181	0.00213	0.00136	0.00088	0.00096	0.00027	0.02682	0.00085	0.00058	0.00122
19	0.13801	0.01849	0.00240	0.00188	0.00251	0.14697	0.00780	0.64687	0.00969	0.01459	0.00183	0.00189	0.00134	0.00097	0.00079	0.00025	0.00099	0.00069	0.00074	0.00130
20	0.00744	0.01780	0.00691	0.00950	0.01027	0.03267	0.06607	0.03630	0.06714	0.05635	0.00585	0.00203	0.00551	0.00080	0.01071	0.00018	0.00077	0.00062	0.00056	0.66252
21	0.00129	0.00094	0.00124	0.00139	0.00155	0.00094	0.00109	0.00710	0.07140	0.00822	0.01523	0.45277	0.01615	0.00944	0.00113	0.00036	0.00064	0.40753	0.00080	0.00079
22	0.00126	0.00095	0.00139	0.00138	0.00153	0.00110	0.00107	0.00945	0.00803	0.00202	0.00232	0.00348	0.00219	0.04528	0.88640	0.00131	0.01823	0.01137	0.00047	0.00077
23	0.00221	0.00188	0.00198	0.00176	0.00225	0.00216	0.00137	0.07211	0.89537	0.00371	0.00338	0.00311	0.00253	0.00115	0.00087	0.00029	0.00070	0.00095	0.00087	0.00136
24	0.01193	0.00229	0.00876	0.03457	0.00343	0.03736	0.39711	0.32464	0.11462	0.03192	0.00205	0.00229	0.00151	0.00091	0.00096	0.00028	0.02258	0.00088	0.00064	0.00127
25	0.00105	0.00075	0.00100	0.00120	0.00125	0.00070	0.00081	0.00120	0.00164	0.00219	0.00471	0.94902	0.00564	0.00267	0.00109	0.00035	0.00050	0.02273	0.00079	0.00070
26	0.97599	0.00165	0.00126	0.00112	0.00165	0.00192	0.00093	0.00251	0.00146	0.00384	0.00119	0.00139	0.00093	0.00079	0.00053	0.00026	0.00066	0.00046	0.00053	0.00093
27	0.00123	0.00088	0.00114	0.00107	0.00128	0.00081	0.00080	0.00163	0.00240	0.01380	0.90488	0.00640	0.04907	0.00175	0.00100	0.00027	0.00041	0.00154	0.00882	0.00081
28	0.00106	0.00083	0.00097	0.00105	0.00124	0.00074	0.00077	0.00128	0.00186	0.00234	0.05194	0.35292	0.49489	0.00235	0.00105	0.00032	0.00048	0.08238	0.00080	0.00072
29	0.01836	0.00187	0.00196	0.00174	0.00224	0.00215	0.00136	0.05862	0.89289	0.00368	0.00336	0.00310	0.00252	0.00115	0.00086	0.00029	0.00069	0.00095	0.00086	0.00135
30	0.00209	0.00200	0.00342	0.05880	0.91128	0.00202	0.00261	0.00260	0.00193	0.00276	0.00160	0.00213	0.00134	0.00077	0.00085	0.00026	0.00102	0.00076	0.00042	0.00133
31	0.97599	0.00165	0.00126	0.00112	0.00165	0.00192	0.00093	0.00251	0.00146	0.00384	0.00119	0.00139	0.00093	0.00079	0.00053	0.00026	0.00066	0.00046	0.00053	0.00093
32	0.00220	0.00184	0.00195	0.00174	0.00223	0.00212	0.00136	0.03754	0.90434	0.02289	0.00342	0.00315	0.00256	0.00115	0.00087	0.00029	0.00069	0.00096	0.00738	0.00136
33	0.00110	0.00087	0.00099	0.00096	0.00121	0.00076	0.00072	0.00140	0.00216	0.00281	0.44047	0.01632	0.52320	0.00198	0.00101	0.00028	0.00042	0.00169	0.00086	0.00076
34	0.00103	0.00086	0.00091	0.00092	0.00118	0.00073	0.00068	0.00126	0.00196	0.00239	0.08428	0.09659	0.78917	0.00218	0.00102	0.00029	0.00044	0.01258	0.00081	0.00073
35	0.00172	0.00442	0.96551	0.00244	0.00370	0.00199	0.00316	0.00271	0.00181	0.00271	0.00153	0.00181	0.00108	0.00081	0.00081	0.00027	0.00126	0.00063	0.00036	0.00126
36	0.00121	0.00087	0.00114	0.00107	0.00127	0.00081	0.00080	0.00161	0.00240	0.00340	0.94277	0.00641	0.02098	0.01025	0.00104	0.00027	0.00041	0.00155	0.00094	0.00080
37	0.00315	0.06966	0.00255	0.00214	0.00260	0.88020	0.00163	0.00337	0.00238	0.02293	0.00136	0.00156	0.00112	0.00087	0.00076	0.00022	0.00148	0.00055	0.00045	0.00101
38	0.00122	0.00090	0.00114	0.00107	0.00129	0.00084	0.00081	0.00167	0.03104	0.00331	0.82289	0.00647	0.10578	0.00177	0.00100	0.00027	0.00042	0.00676	0.01053	0.00081
39	0.00323	0.00237	0.00256	0.00197	0.00263	0.00263	0.00162	0.92379	0.00393	0.02256	0.00206	0.00206	0.00146	0.00104	0.00090	0.00026	0.02188	0.00077	0.00085	0.00144
40	0.00180	0.14996	0.82074	0.00229	0.00347	0.00220	0.00290	0.00269	0.00180	0.00260	0.00148	0.00174	0.00109	0.00080	0.00077	0.00026	0.00121	0.00061	0.00036	0.00124
41	0.00105	0.00075	0.00100	0.00120	0.00125	0.00070	0.00081	0.00121	0.00164	0.00219	0.00469	0.93231	0.00561	0.01165	0.00112	0.00035	0.00051	0.03046	0.00079	0.00070
42	0.97599	0.00165	0.00126	0.00112	0.00165	0.00192	0.00093	0.00251	0.00146	0.00384	0.00119	0.00139	0.00093	0.00079	0.00053	0.00026	0.00066	0.00046	0.00053	0.00093
43	0.00108	0.00078	0.00105	0.00123	0.00131	0.00073	0.00731	0.00126	0.00169	0.00224	0.01038	0.82901	0.04095	0.00261	0.00110	0.00035	0.00053	0.09488	0.00079	0.00071
44	0.00128	0.00095	0.00120	0.00113	0.00135	0.00091	0.00085	0.00183	0.07354	0.00342	0.87628	0.00619	0.01760	0.00171	0.00100	0.00027	0.00043	0.00828	0.00093	0.00085
45	0.00216	0.00184	0.00194	0.00174	0.00223	0.00212	0.00136	0.01432	0.94332	0.01355	0.00346	0.00318	0.00259	0.00116	0.00087	0.00029	0.00068	0.00096	0.00087	0.00136

[dist]
# distance from previous block
# <min> <max>
0	1

[block]
# block no. 7 follows, 388 sequences, length 11
# corresponding to MSA columns:
# 1600-1610
name=unknown_H
#
# <colnr> <probs for GDERKNQSTAVLIFYWHMCP>
#	G	D	E	R	K	N	Q	S	T	A	V	L	I	F	Y	W	H	M	C	P
0	0.00244	0.00197	0.01364	0.00226	0.01342	0.02427	0.27808	0.03360	0.32597	0.18477	0.00260	0.00263	0.00189	0.00095	0.00091	0.00027	0.01292	0.00089	0.00072	0.09582
1	0.54028	0.00190	0.00175	0.01704	0.00209	0.02229	0.00121	0.25638	0.08872	0.05843	0.00176	0.00183	0.00129	0.00091	0.00068	0.00026	0.00077	0.00062	0.00067	0.00114
2	0.97599	0.00165	0.00126	0.00112	0.00165	0.00192	0.00093	0.00251	0.00146	0.00384	0.00119	0.00139	0.00093	0.00079	0.00053	0.00026	0.00066	0.00046	0.00053	0.00093
3	0.00214	0.00209	0.00340	0.04158	0.89373	0.03671	0.00258	0.00264	0.00196	0.00275	0.00159	0.00210	0.00134	0.00077	0.00084	0.00025	0.00104	0.00075	0.00042	0.00133
4	0.00128	0.00089	0.00115	0.00108	0.00130	0.00082	0.00081	0.00167	0.00239	0.03425	0.87609	0.00639	0.06514	0.00175	0.00100	0.00027	0.00042	0.00154	0.00094	0.00082
5	0.00145	0.00096	0.00126	0.00114	0.00142	0.00087	0.02275	0.00182	0.00231	0.10046	0.64431	0.02469	0.18977	0.00175	0.00100	0.00027	0.00047	0.00153	0.00091	0.00086
6	0.00151	0.00081	0.00115	0.00114	0.00117	0.00082	0.00077	0.00131	0.05315	0.00161	0.00165	0.00277	0.00162	0.04872	0.00326	0.87620	0.00074	0.00078	0.00041	0.00043
7	0.84437	0.00167	0.00138	0.00120	0.00175	0.00189	0.00099	0.04597	0.00166	0.09063	0.00143	0.00156	0.00106	0.00083	0.00057	0.00026	0.00068	0.00051	0.00059	0.00100
8	0.00210	0.00209	0.04638	0.12889	0.74612	0.00205	0.00256	0.05444	0.00202	0.00285	0.00162	0.00212	0.00132	0.00079	0.00085	0.00026	0.00104	0.00076	0.00044	0.00130
9	0.00124	0.00089	0.00131	0.00133	0.00146	0.00101	0.00102	0.00147	0.00138	0.00196	0.00245	0.06068	0.00241	0.03637	0.76062	0.08951	0.00195	0.03173	0.00048	0.00072
10	0.02009	0.00142	0.00190	0.00149	0.00210	0.00125	0.00122	0.02390	0.00241	0.84810	0.01882	0.04620	0.00234	0.00114	0.00086	0.00027	0.00071	0.00093	0.02347	0.00139

[dist]
# distance from previous block
# <min> <max>
4	6

[block]
# block no. 8 follows, 388 sequences, length 10
# corresponding to MSA columns:
# 1619-1628
name=unknown_I
#
# <colnr> <probs for GDERKNQSTAVLIFYWHMCP>
#	G	D	E	R	K	N	Q	S	T	A	V	L	I	F	Y	W	H	M	C	P
0	0.10788	0.04847	0.00240	0.00206	0.01276	0.70727	0.01473	0.03393	0.01366	0.00245	0.02008	0.00169	0.00126	0.00090	0.00078	0.00023	0.01709	0.00058	0.01077	0.00101
1	0.00194	0.00159	0.00182	0.00134	0.00205	0.00132	0.00107	0.11584	0.02785	0.00315	0.02438	0.00201	0.00152	0.00073	0.00067	0.00015	0.00066	0.00059	0.03952	0.77179
2	0.00186	0.06150	0.75826	0.00248	0.00364	0.00212	0.10627	0.04915	0.00193	0.00280	0.00156	0.00185	0.00113	0.00081	0.00082	0.00027	0.00125	0.00067	0.00039	0.00125
3	0.00234	0.00263	0.00196	0.03596	0.00234	0.48545	0.00147	0.00287	0.11651	0.00239	0.00278	0.10681	0.01919	0.00145	0.00091	0.00028	0.00113	0.21195	0.00061	0.00095
4	0.00205	0.69150	0.13736	0.00154	0.00227	0.00280	0.00160	0.00244	0.00185	0.00232	0.14514	0.00218	0.00214	0.00089	0.00065	0.00021	0.00089	0.00064	0.00045	0.00108
5	0.79613	0.00185	0.00149	0.00129	0.00184	0.03624	0.00106	0.14589	0.00187	0.00401	0.00132	0.00149	0.00101	0.00083	0.00059	0.00026	0.00073	0.00051	0.00057	0.00101
6	0.00162	0.00097	0.00104	0.00094	0.00124	0.00093	0.00072	0.00214	0.05761	0.00317	0.07626	0.00322	0.00253	0.00101	0.00065	0.00020	0.00045	0.00082	0.69805	0.14644
7	0.00138	0.00111	0.00136	0.10528	0.00191	0.00104	0.00099	0.05249	0.00212	0.00285	0.27519	0.06165	0.32316	0.00163	0.00093	0.00026	0.00056	0.00139	0.01828	0.14643
