[name]
unknown

[dist]
# distance from previous block
# <min> <max>
0	962

[block]
# block no. 0 follows, 294 sequences, length 22
# corresponding to MSA columns:
# 1144-1151,1159,1162-1169,1171,1175-1178
name=unknown_A
#
# <colnr> <probs for GDERKNQSTAVLIFYWHMCP>
#	G	D	E	R	K	N	Q	S	T	A	V	L	I	F	Y	W	H	M	C	P
0	0.03091	0.08502	0.27043	0.03126	0.01438	0.00671	0.02493	0.05570	0.02002	0.10706	0.03377	0.02386	0.14816	0.00733	0.00113	0.00034	0.00890	0.03388	0.00079	0.09543
1	0.00248	0.28513	0.09337	0.01207	0.00268	0.03245	0.02662	0.05547	0.04471	0.02166	0.09616	0.06361	0.07628	0.03010	0.00120	0.00034	0.02316	0.01066	0.12054	0.00130
2	0.00165	0.00129	0.02211	0.00166	0.00185	0.00700	0.00124	0.00197	0.01033	0.01636	0.02217	0.20164	0.01963	0.19068	0.46807	0.00121	0.01338	0.00169	0.00073	0.01533
3	0.02688	0.04811	0.16156	0.09665	0.08137	0.01952	0.04533	0.18170	0.04773	0.20704	0.01315	0.01724	0.00216	0.00825	0.00115	0.00384	0.01064	0.00103	0.01906	0.00759
4	0.01027	0.16398	0.11615	0.00238	0.03490	0.01245	0.06519	0.04645	0.08746	0.10712	0.11186	0.01360	0.04699	0.01695	0.00123	0.00033	0.04058	0.00113	0.00081	0.12017
5	0.00170	0.00116	0.00132	0.00129	0.00135	0.00117	0.00077	0.04075	0.00182	0.00242	0.00380	0.03409	0.03732	0.83213	0.03368	0.00103	0.00111	0.00165	0.00071	0.00075
6	0.05988	0.00129	0.00159	0.00694	0.00192	0.00128	0.00969	0.01758	0.07375	0.06875	0.03722	0.61501	0.02551	0.03459	0.01403	0.00046	0.00076	0.01508	0.01359	0.00108
7	0.07332	0.15343	0.06319	0.07365	0.06068	0.05046	0.09989	0.22913	0.04203	0.09484	0.01822	0.01132	0.00198	0.00120	0.00108	0.00033	0.01720	0.00097	0.00079	0.00631
8	0.02835	0.18072	0.23368	0.00233	0.02912	0.03617	0.00944	0.04898	0.01808	0.04052	0.00218	0.00243	0.01449	0.00102	0.00093	0.00026	0.00797	0.00077	0.00063	0.34193
9	0.04981	0.44942	0.09178	0.01722	0.01704	0.05295	0.01224	0.12677	0.09898	0.01779	0.00212	0.00232	0.00171	0.00113	0.00099	0.00030	0.03631	0.00079	0.00646	0.01389
10	0.00170	0.00119	0.00147	0.00139	0.00147	0.00119	0.03987	0.00183	0.02415	0.00234	0.00353	0.00707	0.00395	0.85749	0.00518	0.00100	0.00109	0.02164	0.02171	0.00075
11	0.00327	0.63583	0.03900	0.00225	0.02251	0.08039	0.00207	0.18531	0.01413	0.00354	0.00184	0.00204	0.00154	0.00105	0.00084	0.00027	0.00128	0.00071	0.00061	0.00152
12	0.00282	0.00843	0.00230	0.00191	0.02262	0.00929	0.00148	0.05691	0.02980	0.21768	0.30924	0.00476	0.01390	0.00698	0.00129	0.00031	0.06295	0.00128	0.00103	0.24505
13	0.00930	0.04236	0.05088	0.04779	0.29052	0.09630	0.05935	0.06316	0.11033	0.07983	0.03839	0.01764	0.00774	0.00823	0.01658	0.00037	0.02492	0.02352	0.00076	0.01203
14	0.04641	0.06477	0.12210	0.03666	0.08612	0.02608	0.07825	0.13829	0.11213	0.17484	0.04270	0.02133	0.02846	0.00806	0.00112	0.00035	0.00119	0.00112	0.00089	0.00912
15	0.00190	0.02415	0.00207	0.00187	0.00920	0.00176	0.01131	0.04121	0.02237	0.00276	0.01826	0.01864	0.02371	0.25728	0.40497	0.02169	0.13387	0.00131	0.00065	0.00100
16	0.00401	0.00203	0.01269	0.00202	0.00276	0.00194	0.00164	0.09584	0.17694	0.55084	0.07412	0.04359	0.01606	0.00156	0.00115	0.00035	0.00092	0.00129	0.00852	0.00174
17	0.01926	0.00348	0.00310	0.03620	0.00343	0.35228	0.03951	0.21976	0.06508	0.17159	0.02314	0.00297	0.00217	0.00131	0.00116	0.00033	0.03073	0.01139	0.01155	0.00155
18	0.02495	0.04605	0.03202	0.05673	0.08446	0.06617	0.22320	0.09712	0.08886	0.17283	0.00301	0.00942	0.00781	0.01358	0.00126	0.00037	0.02151	0.04825	0.00083	0.00157
19	0.00266	0.02429	0.00206	0.00176	0.00225	0.00162	0.00845	0.10279	0.07723	0.20983	0.19823	0.16473	0.15752	0.00220	0.00125	0.00037	0.00079	0.03949	0.00114	0.00134
20	0.00171	0.00120	0.00145	0.00146	0.00175	0.00110	0.00108	0.01440	0.01674	0.06499	0.21463	0.28864	0.33440	0.00276	0.00136	0.00040	0.01147	0.03835	0.00109	0.00104
21	0.01942	0.03898	0.04391	0.03056	0.05205	0.03238	0.17655	0.08434	0.03464	0.13366	0.01478	0.14019	0.00893	0.00167	0.00163	0.00039	0.17333	0.01034	0.00080	0.00144

[dist]
# distance from previous block
# <min> <max>
3	129

[block]
# block no. 1 follows, 294 sequences, length 38
# corresponding to MSA columns:
# 1321-1331,1335,1337-1345,1388-1398,1403,1409-1413
name=unknown_B
#
# <colnr> <probs for GDERKNQSTAVLIFYWHMCP>
#	G	D	E	R	K	N	Q	S	T	A	V	L	I	F	Y	W	H	M	C	P
0	0.01230	0.00138	0.00166	0.00154	0.00196	0.00126	0.00117	0.05433	0.01037	0.14413	0.17519	0.25095	0.26435	0.00245	0.00127	0.00037	0.00070	0.01676	0.00110	0.05678
1	0.02751	0.00280	0.05206	0.01615	0.01408	0.03863	0.04194	0.37603	0.09183	0.28824	0.01781	0.00317	0.00234	0.00132	0.00112	0.00034	0.00816	0.00105	0.00108	0.01435
2	0.00289	0.06448	0.17406	0.05069	0.00352	0.02468	0.05054	0.12304	0.22863	0.10170	0.06891	0.06042	0.01144	0.00151	0.00116	0.00036	0.01344	0.01606	0.00091	0.00157
3	0.00295	0.03623	0.02555	0.04449	0.01526	0.01977	0.17191	0.09071	0.05492	0.16188	0.03515	0.02332	0.03203	0.03613	0.01431	0.00037	0.03224	0.00115	0.03422	0.16744
4	0.00182	0.00123	0.00154	0.00791	0.00188	0.00118	0.00116	0.04010	0.04768	0.07216	0.06495	0.62487	0.10828	0.00298	0.00135	0.00042	0.00070	0.01767	0.00107	0.00107
5	0.03706	0.02908	0.13398	0.03978	0.01584	0.03626	0.05490	0.33322	0.02328	0.22470	0.01936	0.01239	0.00216	0.00129	0.00114	0.00034	0.02064	0.00102	0.00096	0.01259
6	0.00683	0.00256	0.03392	0.27535	0.42267	0.02168	0.04409	0.03901	0.04766	0.02372	0.00230	0.00307	0.00185	0.00123	0.01041	0.00037	0.04115	0.01998	0.00061	0.00155
7	0.00150	0.00105	0.00136	0.00152	0.00166	0.00098	0.00105	0.00180	0.01947	0.02378	0.15790	0.70693	0.05560	0.01803	0.00145	0.00044	0.00064	0.00283	0.00107	0.00096
8	0.00740	0.07995	0.04589	0.01686	0.00859	0.14161	0.11417	0.12018	0.05890	0.15939	0.00711	0.18145	0.01274	0.00168	0.00123	0.00036	0.03112	0.00904	0.00088	0.00146
9	0.00240	0.11837	0.11213	0.03832	0.01604	0.03421	0.11632	0.05643	0.02187	0.04390	0.00324	0.03982	0.05213	0.25237	0.06688	0.00063	0.02174	0.00129	0.00069	0.00123
10	0.37486	0.17408	0.00296	0.03632	0.00286	0.06159	0.01609	0.09502	0.03706	0.16279	0.00236	0.01541	0.00178	0.00117	0.00088	0.00032	0.00107	0.00082	0.01115	0.00145
11	0.00170	0.00127	0.00145	0.01595	0.00183	0.00114	0.00906	0.02900	0.02270	0.05484	0.16400	0.09516	0.58670	0.00260	0.00130	0.00038	0.00064	0.00817	0.00107	0.00106
12	0.01198	0.17132	0.10728	0.10954	0.03703	0.05295	0.20711	0.16445	0.00950	0.07067	0.01523	0.02286	0.00593	0.00117	0.00110	0.00033	0.00827	0.00103	0.00071	0.00154
13	0.03266	0.13416	0.18860	0.02953	0.01952	0.02535	0.09072	0.06911	0.01533	0.03175	0.02260	0.23538	0.03340	0.03034	0.02421	0.00042	0.01331	0.00153	0.00075	0.00133
14	0.00144	0.00107	0.00133	0.00145	0.00163	0.00098	0.00102	0.01716	0.00246	0.00324	0.17829	0.54360	0.22536	0.00307	0.00137	0.00041	0.00062	0.01348	0.00107	0.00095
15	0.01615	0.50744	0.13601	0.01055	0.03686	0.11368	0.02575	0.05994	0.02208	0.02985	0.00697	0.00217	0.00159	0.00107	0.00095	0.00029	0.02584	0.00074	0.00057	0.00149
16	0.03269	0.01918	0.01547	0.14979	0.33327	0.01916	0.03260	0.15231	0.13308	0.04772	0.01712	0.02234	0.00633	0.00127	0.00115	0.00036	0.01263	0.00110	0.00079	0.00165
17	0.00266	0.01595	0.21114	0.02526	0.03946	0.02078	0.25373	0.06139	0.02440	0.05782	0.01984	0.04982	0.00218	0.00148	0.01244	0.00040	0.18925	0.00986	0.00066	0.00148
18	0.00136	0.00105	0.00124	0.00137	0.00158	0.00093	0.00097	0.00161	0.00235	0.00299	0.05067	0.49476	0.40711	0.00314	0.00137	0.00042	0.00061	0.02450	0.00104	0.00093
19	0.01033	0.11849	0.01563	0.25649	0.15847	0.01776	0.04892	0.04753	0.01513	0.00315	0.00198	0.00718	0.00170	0.03032	0.02457	0.00043	0.23902	0.00098	0.00055	0.00137
20	0.03775	0.10296	0.12323	0.00632	0.03364	0.11523	0.07910	0.17235	0.12310	0.03529	0.01383	0.06169	0.01475	0.00141	0.00125	0.00035	0.06738	0.00111	0.00774	0.00152
21	0.00215	0.00314	0.27258	0.01944	0.01920	0.00226	0.29547	0.00300	0.02325	0.00340	0.06601	0.19481	0.00336	0.00177	0.01588	0.00041	0.07027	0.00155	0.00068	0.00137
22	0.00176	0.00137	0.00162	0.00151	0.00186	0.00135	0.00115	0.01572	0.15979	0.00428	0.62768	0.00793	0.16526	0.00222	0.00128	0.00036	0.00060	0.00193	0.00117	0.00116
23	0.04378	0.00212	0.04965	0.00199	0.00255	0.01080	0.01009	0.13001	0.27524	0.06198	0.16855	0.14153	0.03835	0.01494	0.01596	0.00040	0.00762	0.00814	0.01487	0.00143
24	0.00326	0.05296	0.11731	0.13176	0.09034	0.03118	0.02340	0.18243	0.08583	0.18359	0.01152	0.03843	0.00237	0.00824	0.00552	0.00036	0.01550	0.01351	0.00087	0.00162
25	0.00295	0.02582	0.01265	0.26009	0.01711	0.15261	0.00250	0.17921	0.00648	0.00355	0.00192	0.00260	0.00158	0.00894	0.00799	0.00040	0.31068	0.00094	0.00062	0.00137
26	0.00289	0.00214	0.00296	0.03087	0.00295	0.02571	0.03356	0.01855	0.02139	0.21104	0.00255	0.00323	0.00209	0.01750	0.18436	0.00069	0.43436	0.00107	0.00073	0.00135
27	0.02390	0.12611	0.37782	0.00258	0.02409	0.03609	0.03924	0.01927	0.03334	0.01929	0.03364	0.10512	0.03070	0.00144	0.00111	0.00033	0.01995	0.01393	0.00066	0.09140
28	0.01750	0.28820	0.18013	0.01660	0.01775	0.02607	0.05397	0.05698	0.03881	0.06026	0.01862	0.04561	0.00210	0.00553	0.00899	0.00031	0.01154	0.00093	0.00067	0.14943
29	0.00136	0.00097	0.00129	0.00153	0.00160	0.00091	0.00102	0.00156	0.00214	0.00286	0.02515	0.90921	0.01934	0.02341	0.00150	0.00046	0.00065	0.00309	0.00103	0.00090
30	0.00140	0.00102	0.00132	0.00153	0.00163	0.00096	0.00104	0.00166	0.01832	0.00289	0.02177	0.80487	0.06559	0.03970	0.00157	0.00047	0.00067	0.03165	0.00102	0.00092
31	0.03592	0.06844	0.07897	0.04083	0.02674	0.02968	0.12001	0.23013	0.08373	0.17584	0.02905	0.02550	0.01018	0.00639	0.00121	0.00035	0.03338	0.00111	0.00091	0.00163
32	0.00253	0.00283	0.04815	0.03862	0.01236	0.03342	0.48847	0.03304	0.01448	0.00336	0.01578	0.01392	0.00192	0.00686	0.07401	0.00050	0.20655	0.00120	0.00058	0.00139
33	0.00325	0.00169	0.00212	0.00184	0.00240	0.00162	0.00143	0.02840	0.16452	0.40862	0.16418	0.16691	0.04424	0.00196	0.00121	0.00037	0.00080	0.00168	0.00123	0.00152
34	0.04897	0.01103	0.04063	0.03702	0.08752	0.02686	0.08068	0.15040	0.25120	0.13056	0.04864	0.02615	0.02512	0.00150	0.01194	0.00037	0.01532	0.00120	0.00095	0.00394
35	0.30848	0.07221	0.05638	0.03707	0.02231	0.02343	0.04456	0.25052	0.05300	0.03943	0.00597	0.00956	0.00184	0.00127	0.00109	0.00704	0.04152	0.02202	0.00080	0.00149
36	0.00192	0.01012	0.00208	0.03659	0.00240	0.01449	0.08296	0.02481	0.04275	0.05536	0.17092	0.28060	0.24124	0.00247	0.00134	0.00039	0.01338	0.01405	0.00101	0.00113
37	0.03816	0.10197	0.21597	0.09026	0.10630	0.06504	0.02063	0.11870	0.07985	0.05168	0.00267	0.05320	0.01180	0.00134	0.00646	0.00035	0.01655	0.00104	0.01649	0.00154

[dist]
# distance from previous block
# <min> <max>
0	1

[block]
# block no. 2 follows, 294 sequences, length 69
# corresponding to MSA columns:
# 1415-1424,1432-1440,1472,1473,1496-1543
name=unknown_C
#
# <colnr> <probs for GDERKNQSTAVLIFYWHMCP>
#	G	D	E	R	K	N	Q	S	T	A	V	L	I	F	Y	W	H	M	C	P
0	0.05091	0.12289	0.10171	0.00256	0.03402	0.03056	0.05474	0.17183	0.11659	0.23152	0.01938	0.01074	0.00231	0.00130	0.00115	0.00034	0.03736	0.00750	0.00092	0.00166
1	0.02295	0.00158	0.00191	0.00182	0.00219	0.00582	0.01004	0.15675	0.05003	0.11858	0.03302	0.51797	0.03168	0.01027	0.00133	0.00041	0.00081	0.02473	0.00686	0.00125
2	0.05357	0.09948	0.45989	0.04769	0.02172	0.01113	0.13667	0.10075	0.01813	0.01889	0.00217	0.01648	0.00164	0.00111	0.00107	0.00034	0.00617	0.00093	0.00060	0.00158
3	0.20967	0.04462	0.07831	0.17585	0.04444	0.03835	0.02094	0.13932	0.05236	0.09021	0.01189	0.01577	0.03010	0.00127	0.00108	0.00035	0.02718	0.00097	0.00605	0.01128
4	0.01573	0.03028	0.01308	0.01290	0.00951	0.03070	0.04687	0.19454	0.02943	0.08639	0.24336	0.03276	0.17696	0.00777	0.01419	0.00038	0.02317	0.01923	0.00103	0.01171
5	0.00157	0.00109	0.00140	0.00154	0.00170	0.00102	0.00108	0.01816	0.00856	0.03274	0.14524	0.64797	0.08351	0.01643	0.00144	0.00044	0.00066	0.03340	0.00107	0.00098
6	0.04938	0.05896	0.07256	0.02631	0.04335	0.05095	0.20085	0.20034	0.11794	0.07437	0.01885	0.02438	0.02099	0.00777	0.00120	0.00036	0.01950	0.00952	0.00083	0.00158
7	0.02588	0.06110	0.15238	0.03822	0.03305	0.02283	0.03016	0.09428	0.09450	0.09500	0.08074	0.04664	0.03695	0.00949	0.00124	0.00038	0.00991	0.15466	0.00089	0.01169
8	0.00176	0.00128	0.00159	0.00161	0.00189	0.01194	0.00125	0.01166	0.04122	0.03213	0.41552	0.16033	0.11188	0.00261	0.00136	0.00040	0.00070	0.19868	0.00112	0.00107
9	0.00670	0.06131	0.15716	0.20370	0.13652	0.03845	0.22643	0.04775	0.02646	0.00829	0.01444	0.00288	0.00180	0.01309	0.00123	0.00036	0.02329	0.00103	0.01786	0.01127
10	0.06303	0.06700	0.08998	0.00869	0.01545	0.03772	0.03479	0.24613	0.19128	0.14320	0.01764	0.05148	0.00666	0.00142	0.00112	0.00035	0.01663	0.00113	0.00096	0.00536
11	0.22368	0.01516	0.02478	0.19951	0.04479	0.04408	0.15774	0.13780	0.03442	0.06794	0.00224	0.00266	0.00167	0.00114	0.00111	0.00035	0.03000	0.00095	0.00072	0.00925
12	0.00163	0.00121	0.00149	0.01198	0.01365	0.00113	0.00111	0.02071	0.02966	0.02476	0.34506	0.24037	0.27155	0.00273	0.01521	0.00040	0.00066	0.01453	0.00109	0.00105
13	0.13508	0.05999	0.05704	0.03637	0.05799	0.05586	0.09621	0.19494	0.04936	0.14452	0.02047	0.02055	0.00218	0.00298	0.01955	0.00037	0.03556	0.00858	0.00085	0.00156
14	0.05004	0.03888	0.06099	0.02024	0.03124	0.04295	0.05065	0.35090	0.09119	0.19164	0.01460	0.02868	0.00757	0.00137	0.00111	0.00034	0.00508	0.00985	0.00100	0.00170
15	0.00138	0.00100	0.00130	0.00151	0.00161	0.00092	0.00102	0.00161	0.00225	0.00301	0.10020	0.79635	0.06546	0.00858	0.00143	0.00044	0.00063	0.00934	0.00105	0.00092
16	0.00290	0.05002	0.04196	0.03926	0.08980	0.12544	0.28746	0.09804	0.08946	0.02955	0.03239	0.06744	0.00257	0.02680	0.00130	0.00037	0.00718	0.00585	0.00074	0.00148
17	0.07346	0.08210	0.10218	0.03594	0.02026	0.01147	0.06682	0.23875	0.06344	0.20195	0.01487	0.04209	0.00695	0.00138	0.00479	0.00035	0.02605	0.00109	0.00445	0.00163
18	0.06893	0.01326	0.00295	0.00660	0.01190	0.01144	0.01151	0.49194	0.11788	0.18506	0.01200	0.01343	0.01421	0.00144	0.00781	0.00035	0.01759	0.00107	0.00889	0.00175
19	0.01082	0.00134	0.00175	0.00168	0.00197	0.00136	0.01777	0.04914	0.05266	0.03352	0.23638	0.19450	0.07617	0.06588	0.19456	0.01378	0.00120	0.04347	0.00097	0.00108
20	0.07009	0.22594	0.17386	0.11277	0.07502	0.03814	0.06954	0.07056	0.03596	0.05222	0.01873	0.00738	0.00182	0.00115	0.00110	0.00033	0.04236	0.00090	0.00064	0.00150
21	0.02691	0.02779	0.01414	0.62800	0.08213	0.01797	0.04955	0.03981	0.05014	0.00807	0.00571	0.02209	0.00177	0.00118	0.00115	0.00036	0.02025	0.00104	0.00058	0.00135
22	0.00155	0.00110	0.00137	0.00149	0.00169	0.00101	0.00106	0.02043	0.00243	0.03295	0.10370	0.57353	0.21598	0.00309	0.00137	0.00042	0.00065	0.03414	0.00106	0.00098
23	0.00588	0.01593	0.19168	0.36953	0.14219	0.01066	0.05969	0.08065	0.03347	0.00359	0.02881	0.02178	0.00199	0.00120	0.00116	0.00036	0.01928	0.00105	0.00964	0.00147
24	0.02660	0.02919	0.03133	0.07283	0.15631	0.03659	0.07122	0.20250	0.13380	0.11585	0.04076	0.05139	0.00665	0.00504	0.00116	0.00035	0.00930	0.00379	0.00374	0.00161
25	0.00257	0.05901	0.29552	0.11584	0.34662	0.00891	0.02564	0.04763	0.00255	0.01867	0.01698	0.02328	0.00194	0.00116	0.00112	0.00035	0.01465	0.01539	0.00058	0.00159
26	0.00149	0.00112	0.00134	0.00133	0.00161	0.00100	0.00099	0.00186	0.00272	0.01400	0.40629	0.13869	0.36982	0.02533	0.00143	0.00039	0.00059	0.02790	0.00111	0.00099
27	0.01119	0.01112	0.01137	0.11410	0.03334	0.04379	0.03153	0.17693	0.07025	0.09820	0.16205	0.05956	0.10855	0.00181	0.00653	0.00037	0.04229	0.01464	0.00097	0.00140
28	0.03767	0.21306	0.31833	0.01046	0.03712	0.00628	0.10476	0.01975	0.05245	0.06313	0.06156	0.02774	0.02695	0.00125	0.00104	0.00033	0.00418	0.00104	0.00067	0.01223
29	0.00229	0.01274	0.00281	0.15612	0.04774	0.00178	0.05463	0.00285	0.00232	0.00347	0.00213	0.02142	0.00179	0.00096	0.00093	0.00023	0.00101	0.00879	0.01271	0.66329
30	0.00190	0.00153	0.00215	0.02936	0.00228	0.01061	0.00159	0.00222	0.01364	0.01544	0.00271	0.02363	0.00262	0.10045	0.51693	0.03992	0.22147	0.00120	0.00933	0.00102
31	0.01832	0.06221	0.19469	0.09706	0.06727	0.14862	0.09594	0.04608	0.06069	0.11914	0.01610	0.02836	0.01263	0.00481	0.00115	0.00034	0.01932	0.00104	0.00470	0.00152
32	0.00597	0.01054	0.09087	0.04952	0.21685	0.04280	0.16250	0.08276	0.07514	0.07425	0.06223	0.03591	0.01522	0.00557	0.00125	0.00036	0.03177	0.00580	0.01381	0.01689
33	0.00222	0.00128	0.00159	0.00152	0.00191	0.00115	0.00116	0.00890	0.00780	0.21423	0.06461	0.25641	0.34533	0.01082	0.02014	0.00043	0.00075	0.05748	0.00111	0.00116
34	0.03236	0.05054	0.18169	0.13848	0.11572	0.01941	0.10786	0.09545	0.02649	0.05860	0.09423	0.05376	0.00566	0.00138	0.00115	0.00685	0.00130	0.00685	0.00074	0.00148
35	0.02165	0.03320	0.12772	0.08450	0.01709	0.04573	0.09187	0.13470	0.11594	0.14572	0.04338	0.06462	0.01003	0.00154	0.00922	0.00037	0.01083	0.03283	0.00089	0.00816
36	0.01552	0.01291	0.00323	0.19866	0.14233	0.01060	0.09584	0.08457	0.03196	0.04532	0.14652	0.04931	0.01123	0.00190	0.05590	0.00045	0.06108	0.00761	0.02370	0.00137
37	0.01545	0.00202	0.00254	0.16331	0.02915	0.00990	0.03533	0.03009	0.38418	0.03530	0.08007	0.05249	0.11175	0.00180	0.00996	0.00039	0.00674	0.02713	0.00096	0.00144
38	0.00894	0.01809	0.00730	0.09237	0.02543	0.03221	0.08466	0.06739	0.12306	0.13897	0.08875	0.15850	0.08257	0.00195	0.01167	0.00039	0.02612	0.01397	0.01630	0.00138
39	0.00257	0.00251	0.03117	0.13931	0.05451	0.01282	0.42523	0.04336	0.03454	0.05633	0.11752	0.02161	0.01414	0.00134	0.00125	0.00037	0.00144	0.03782	0.00075	0.00143
40	0.00200	0.00128	0.00167	0.00170	0.00194	0.00125	0.00992	0.03197	0.04161	0.11376	0.06077	0.61817	0.02000	0.01669	0.01543	0.00045	0.02627	0.01391	0.02007	0.00111
41	0.03040	0.02356	0.28278	0.14973	0.04183	0.01241	0.03235	0.18985	0.05381	0.11206	0.00826	0.01226	0.00201	0.00128	0.00518	0.00036	0.01302	0.01762	0.00964	0.00161
42	0.00273	0.00286	0.01141	0.56553	0.07784	0.22134	0.01723	0.02197	0.01096	0.01932	0.00204	0.01288	0.00160	0.00117	0.00116	0.00035	0.02679	0.00096	0.00056	0.00132
43	0.00162	0.00114	0.00145	0.00158	0.00176	0.00109	0.00112	0.02986	0.02913	0.02856	0.12015	0.66430	0.06401	0.00823	0.00766	0.00044	0.00069	0.03515	0.00106	0.00101
44	0.02044	0.01338	0.03270	0.05805	0.02287	0.00818	0.40380	0.01354	0.00728	0.03131	0.00990	0.02583	0.00198	0.00167	0.01083	0.11858	0.16631	0.00684	0.04521	0.00128
45	0.03463	0.02846	0.17705	0.05348	0.04782	0.03846	0.12776	0.14119	0.05969	0.10650	0.06967	0.06179	0.00750	0.00539	0.00573	0.00036	0.01202	0.00844	0.01253	0.00153
46	0.00356	0.00201	0.00238	0.00201	0.00268	0.00206	0.00160	0.02918	0.39969	0.39357	0.07941	0.01819	0.00368	0.00153	0.00112	0.00035	0.00086	0.00127	0.05314	0.00171
47	0.02551	0.00182	0.01147	0.00179	0.00228	0.03472	0.02117	0.12940	0.06048	0.15799	0.14507	0.11543	0.01662	0.00175	0.00113	0.00034	0.01349	0.01316	0.24502	0.00135
48	0.03043	0.38226	0.24361	0.11423	0.08632	0.00956	0.03789	0.03139	0.00242	0.00325	0.02018	0.00787	0.00692	0.00109	0.00094	0.00031	0.00134	0.01019	0.00833	0.00148
49	0.00152	0.00112	0.00141	0.00154	0.00172	0.00107	0.00109	0.01070	0.04725	0.01014	0.13743	0.57855	0.13576	0.00720	0.03322	0.00047	0.00072	0.02706	0.00105	0.00099
50	0.15036	0.00126	0.00145	0.00156	0.00179	0.00126	0.00110	0.02158	0.01251	0.03758	0.07352	0.65106	0.02318	0.01480	0.00133	0.00043	0.00070	0.00251	0.00100	0.00102
51	0.00222	0.02320	0.00365	0.78631	0.01670	0.00731	0.08959	0.00916	0.00652	0.01238	0.01085	0.01268	0.00167	0.00114	0.00115	0.00037	0.01225	0.00104	0.00053	0.00128
52	0.04209	0.03220	0.00972	0.38091	0.05139	0.03809	0.05049	0.10218	0.04049	0.12051	0.01535	0.00303	0.00192	0.01142	0.00592	0.00038	0.08602	0.00101	0.00543	0.00144
53	0.00205	0.00148	0.00179	0.00164	0.00204	0.00145	0.01627	0.04329	0.14901	0.06609	0.42928	0.07285	0.18429	0.00222	0.00127	0.00037	0.00068	0.01494	0.00777	0.00122
54	0.12406	0.02069	0.01715	0.01272	0.02172	0.00999	0.04739	0.13366	0.03271	0.09129	0.08249	0.07328	0.28707	0.00592	0.00645	0.00038	0.02129	0.00950	0.00097	0.00130
55	0.02175	0.01066	0.01731	0.80314	0.07040	0.01057	0.02444	0.00943	0.00227	0.00298	0.00197	0.00289	0.00150	0.00111	0.00114	0.00037	0.01530	0.00098	0.00051	0.00129
56	0.00198	0.00126	0.00153	0.01591	0.00177	0.00122	0.01605	0.01167	0.02715	0.08394	0.10018	0.07887	0.16596	0.30216	0.03422	0.00063	0.00666	0.01148	0.13636	0.00101
57	0.00162	0.00124	0.00170	0.00892	0.00196	0.00121	0.04362	0.00510	0.03927	0.01515	0.17349	0.51156	0.07367	0.04323	0.00161	0.00045	0.02625	0.03906	0.00989	0.00101
58	0.01878	0.00202	0.01038	0.14268	0.05285	0.01465	0.18945	0.02661	0.05863	0.05127	0.07750	0.07105	0.04838	0.00940	0.15955	0.00062	0.03188	0.03225	0.00077	0.00129
59	0.00151	0.00122	0.01239	0.00174	0.00193	0.00113	0.05129	0.00189	0.03734	0.00303	0.03995	0.75765	0.05332	0.00312	0.00141	0.00043	0.01416	0.00283	0.01266	0.00099
60	0.17987	0.00225	0.00249	0.00207	0.01327	0.00684	0.01668	0.31247	0.05819	0.19181	0.07837	0.02787	0.04108	0.00153	0.00107	0.00035	0.00097	0.03050	0.03077	0.00156
61	0.01534	0.01653	0.02927	0.40156	0.30715	0.02434	0.08429	0.04537	0.03151	0.01327	0.00223	0.02022	0.00178	0.00112	0.00112	0.00035	0.00142	0.00104	0.00059	0.00148
62	0.00239	0.00237	0.00424	0.50508	0.19498	0.01149	0.21639	0.00322	0.03110	0.00323	0.00215	0.00297	0.00166	0.00106	0.00115	0.00036	0.00151	0.00107	0.01217	0.00141
63	0.00144	0.00103	0.00140	0.00159	0.00170	0.00096	0.01610	0.00166	0.00218	0.01681	0.03204	0.85653	0.02161	0.02313	0.00150	0.00046	0.00068	0.01722	0.00103	0.00093
64	0.00243	0.03373	0.32080	0.17119	0.08144	0.02324	0.22689	0.01520	0.00244	0.01934	0.00233	0.06249	0.00192	0.00122	0.00122	0.00036	0.03059	0.00113	0.00056	0.00148
65	0.18738	0.07277	0.03631	0.00215	0.01790	0.02347	0.05553	0.12127	0.09479	0.13338	0.10499	0.05012	0.02983	0.01808	0.02058	0.00367	0.00640	0.01902	0.00093	0.00144
66	0.01566	0.00274	0.05361	0.00696	0.01335	0.00254	0.55489	0.09619	0.00275	0.03135	0.01916	0.12122	0.00262	0.01878	0.00611	0.00040	0.04461	0.00490	0.00071	0.00144
67	0.00179	0.00146	0.02440	0.00183	0.00210	0.02382	0.00806	0.02253	0.00751	0.01075	0.07848	0.29727	0.08141	0.02549	0.01227	0.01253	0.03266	0.32725	0.01264	0.01575
68	0.05910	0.05008	0.06152	0.01345	0.04569	0.02354	0.17946	0.14343	0.03443	0.21917	0.02575	0.06724	0.01330	0.00857	0.00115	0.00035	0.00121	0.00506	0.00090	0.04659

[dist]
# distance from previous block
# <min> <max>
0	48

[block]
# block no. 3 follows, 294 sequences, length 17
# corresponding to MSA columns:
# 1592-1608
name=unknown_D
#
# <colnr> <probs for GDERKNQSTAVLIFYWHMCP>
#	G	D	E	R	K	N	Q	S	T	A	V	L	I	F	Y	W	H	M	C	P
0	0.06427	0.05124	0.09385	0.04906	0.08095	0.02452	0.05782	0.10491	0.03109	0.06362	0.01650	0.01390	0.03623	0.01133	0.00780	0.00990	0.22505	0.02066	0.00408	0.03322
1	0.04151	0.01558	0.01159	0.41136	0.10649	0.02345	0.02997	0.05658	0.02446	0.03874	0.01429	0.10379	0.04280	0.01213	0.00122	0.00571	0.01097	0.00814	0.00069	0.04051
2	0.06137	0.25861	0.27579	0.00232	0.00337	0.01615	0.01365	0.00400	0.03592	0.26405	0.02182	0.01795	0.00212	0.00121	0.00102	0.00032	0.01707	0.00091	0.00078	0.00159
3	0.00148	0.00111	0.00141	0.00155	0.00175	0.00105	0.00114	0.00182	0.01959	0.00301	0.04095	0.46768	0.19786	0.03371	0.06129	0.00054	0.00085	0.14475	0.00099	0.01746
4	0.00305	0.00190	0.01796	0.00191	0.01583	0.01728	0.00150	0.06728	0.15102	0.28909	0.26657	0.02668	0.06366	0.01547	0.00124	0.00035	0.00084	0.00147	0.00116	0.05575
5	0.01316	0.00252	0.03403	0.29465	0.49092	0.00877	0.02113	0.03904	0.01420	0.03424	0.00221	0.01363	0.00177	0.00110	0.00114	0.00035	0.01447	0.00101	0.00059	0.01107
6	0.01441	0.00190	0.00249	0.01590	0.00280	0.00176	0.01097	0.05448	0.06621	0.69499	0.03624	0.02287	0.00306	0.00144	0.00111	0.00034	0.00092	0.00118	0.06516	0.00176
7	0.02238	0.00202	0.00261	0.00202	0.00286	0.00185	0.00166	0.09776	0.03005	0.80482	0.00416	0.00365	0.00266	0.00137	0.00110	0.00034	0.00096	0.00110	0.01476	0.00186
8	0.00251	0.01327	0.05778	0.05790	0.03656	0.09533	0.26945	0.07032	0.01823	0.01384	0.04130	0.19201	0.01383	0.00190	0.03286	0.00042	0.06506	0.00153	0.00073	0.01517
9	0.00973	0.00207	0.00228	0.00201	0.00255	0.01248	0.00157	0.21066	0.30058	0.09085	0.03661	0.16632	0.05832	0.00828	0.00124	0.00038	0.01618	0.01580	0.06059	0.00150
10	0.00150	0.00119	0.00150	0.00156	0.00173	0.00121	0.00114	0.00176	0.00228	0.00300	0.10113	0.40588	0.27643	0.02529	0.04558	0.01044	0.09554	0.02090	0.00096	0.00096
11	0.04529	0.00621	0.01635	0.09126	0.00829	0.12094	0.01719	0.13491	0.04100	0.14692	0.05696	0.19985	0.00905	0.01242	0.02766	0.00041	0.02548	0.00149	0.03693	0.00136
12	0.01194	0.09764	0.59135	0.00290	0.02720	0.01410	0.01155	0.08058	0.04240	0.07714	0.00245	0.01708	0.00755	0.00118	0.00105	0.00034	0.00144	0.00984	0.00064	0.00164
13	0.00152	0.00109	0.00131	0.00142	0.00163	0.00098	0.00100	0.01170	0.00237	0.03520	0.05138	0.52580	0.31705	0.03008	0.00149	0.00044	0.00064	0.01290	0.00104	0.00096
14	0.03430	0.19939	0.20092	0.25862	0.01980	0.03079	0.01312	0.05480	0.02032	0.02439	0.03110	0.05996	0.00910	0.00664	0.00625	0.00035	0.01109	0.00746	0.01020	0.00139
15	0.08201	0.01045	0.14855	0.05078	0.02270	0.01160	0.11255	0.07414	0.09802	0.10276	0.02378	0.04784	0.04096	0.01248	0.10309	0.00052	0.02615	0.00622	0.01623	0.00918
16	0.00157	0.00117	0.01320	0.00153	0.00172	0.01315	0.00110	0.00183	0.00230	0.03565	0.06598	0.61395	0.14634	0.03380	0.01166	0.00046	0.00072	0.03865	0.01425	0.00096

[dist]
# distance from previous block
# <min> <max>
3	70

[block]
# block no. 4 follows, 294 sequences, length 9
# corresponding to MSA columns:
# 1679-1687
name=unknown_E
#
# <colnr> <probs for GDERKNQSTAVLIFYWHMCP>
#	G	D	E	R	K	N	Q	S	T	A	V	L	I	F	Y	W	H	M	C	P
0	0.24843	0.33128	0.04142	0.01832	0.01319	0.05712	0.03313	0.03905	0.01961	0.02050	0.01725	0.01886	0.00176	0.01400	0.00099	0.00031	0.03098	0.00078	0.00063	0.09241
1	0.00150	0.00103	0.00134	0.00152	0.00163	0.00096	0.00103	0.00171	0.00220	0.02984	0.05759	0.74241	0.05228	0.07398	0.00171	0.00049	0.00068	0.02615	0.00103	0.00093
2	0.05666	0.13103	0.11353	0.13174	0.01487	0.04103	0.02708	0.28362	0.05746	0.06661	0.01928	0.01159	0.00215	0.00132	0.00111	0.00035	0.01544	0.02269	0.00083	0.00161
3	0.43324	0.03378	0.03156	0.16947	0.05458	0.03684	0.05012	0.09755	0.05960	0.02082	0.00205	0.00240	0.00155	0.00111	0.00091	0.00034	0.00116	0.00082	0.00070	0.00139
4	0.00142	0.00111	0.00130	0.00131	0.00160	0.00098	0.00097	0.00179	0.00269	0.00350	0.34350	0.15683	0.44653	0.00273	0.00133	0.00038	0.00058	0.02938	0.00110	0.00097
5	0.01234	0.22367	0.20747	0.05684	0.04454	0.17754	0.04475	0.05231	0.05596	0.04110	0.02438	0.01255	0.00191	0.00118	0.00110	0.00032	0.03904	0.00089	0.00063	0.00149
6	0.00239	0.00151	0.01204	0.00159	0.00202	0.02368	0.00124	0.01522	0.03479	0.19149	0.44181	0.04769	0.10118	0.04383	0.00142	0.00038	0.00073	0.02100	0.02850	0.02749
7	0.00160	0.00116	0.00139	0.00134	0.00166	0.00103	0.00101	0.00201	0.00285	0.03996	0.49088	0.05612	0.36285	0.00252	0.00132	0.00037	0.00057	0.02917	0.00114	0.00103
8	0.01342	0.17108	0.20688	0.13267	0.09386	0.06983	0.04429	0.02898	0.07499	0.07820	0.03776	0.00311	0.01113	0.00121	0.00107	0.00033	0.01137	0.01763	0.00068	0.00152

[dist]
# distance from previous block
# <min> <max>
4	5

[block]
# block no. 5 follows, 294 sequences, length 8
# corresponding to MSA columns:
# 1694-1701
name=unknown_F
#
# <colnr> <probs for GDERKNQSTAVLIFYWHMCP>
#	G	D	E	R	K	N	Q	S	T	A	V	L	I	F	Y	W	H	M	C	P
0	0.01641	0.01400	0.01452	0.03050	0.01798	0.02697	0.01404	0.02744	0.01948	0.06179	0.09747	0.16217	0.06621	0.23867	0.01464	0.14872	0.01074	0.01643	0.00083	0.00097
1	0.00158	0.00115	0.00137	0.00137	0.00166	0.00104	0.00101	0.00197	0.01940	0.03369	0.27746	0.18688	0.36832	0.03033	0.02402	0.00044	0.00067	0.03118	0.01544	0.00101
2	0.02553	0.06554	0.11831	0.09223	0.10801	0.04822	0.02802	0.10175	0.05601	0.12091	0.03365	0.03755	0.03581	0.02642	0.00136	0.01970	0.03076	0.02513	0.02363	0.00147
3	0.01517	0.03446	0.13631	0.13544	0.10936	0.04875	0.08192	0.05966	0.04265	0.08712	0.02524	0.01292	0.01127	0.00118	0.00109	0.00032	0.01064	0.01457	0.00071	0.17123
4	0.03112	0.00186	0.00234	0.02397	0.00266	0.00183	0.00157	0.10904	0.05596	0.45628	0.08402	0.02019	0.07146	0.01289	0.02218	0.02666	0.03158	0.01374	0.02908	0.00156
5	0.12306	0.01320	0.20460	0.37793	0.08566	0.02167	0.01327	0.05201	0.01662	0.02256	0.01313	0.01398	0.00171	0.00119	0.00115	0.01295	0.02237	0.00094	0.00059	0.00141
6	0.02894	0.08149	0.08047	0.15917	0.11413	0.05034	0.06905	0.06691	0.06399	0.07226	0.03274	0.11083	0.02425	0.00158	0.01245	0.00037	0.02755	0.00128	0.00075	0.00144
7	0.04054	0.10667	0.17551	0.11527	0.13366	0.05215	0.07267	0.08559	0.07902	0.02457	0.01296	0.01759	0.00207	0.01415	0.02598	0.00039	0.02010	0.01892	0.00067	0.00151

[dist]
# distance from previous block
# <min> <max>
0	12

[block]
# block no. 6 follows, 294 sequences, length 14
# corresponding to MSA columns:
# 1714-1727
name=unknown_G
#
# <colnr> <probs for GDERKNQSTAVLIFYWHMCP>
#	G	D	E	R	K	N	Q	S	T	A	V	L	I	F	Y	W	H	M	C	P
0	0.00149	0.00114	0.00138	0.00138	0.00165	0.00104	0.00101	0.00195	0.02898	0.00369	0.45091	0.18814	0.28655	0.00277	0.02248	0.00041	0.00062	0.00229	0.00111	0.00101
1	0.00914	0.02975	0.22496	0.21643	0.06336	0.00221	0.03466	0.02014	0.09598	0.00945	0.06159	0.07649	0.10298	0.00953	0.00121	0.00037	0.01074	0.00842	0.00072	0.02188
2	0.03038	0.04543	0.12370	0.07703	0.06825	0.15558	0.03163	0.20552	0.08127	0.07143	0.04361	0.01382	0.00786	0.00137	0.00921	0.00035	0.00136	0.02100	0.00081	0.01040
3	0.01460	0.03507	0.23727	0.12741	0.10289	0.01349	0.25241	0.01026	0.04112	0.02784	0.02589	0.03321	0.01015	0.00826	0.01895	0.00039	0.01749	0.02120	0.00062	0.00148
4	0.07538	0.00189	0.00236	0.00195	0.00265	0.00181	0.00161	0.10828	0.02848	0.53434	0.04613	0.03568	0.01937	0.00169	0.00115	0.00037	0.00094	0.11950	0.01481	0.00163
5	0.00246	0.07549	0.24292	0.05531	0.10001	0.02674	0.23099	0.01863	0.07199	0.00351	0.02520	0.02317	0.01422	0.01618	0.00126	0.00038	0.01392	0.07551	0.00065	0.00148
6	0.02597	0.05681	0.01260	0.19838	0.12633	0.04154	0.15469	0.06706	0.06813	0.12176	0.03989	0.03055	0.01016	0.00851	0.01219	0.00037	0.02165	0.00115	0.00076	0.00150
7	0.00203	0.00148	0.00183	0.00180	0.00214	0.01633	0.01657	0.04609	0.07987	0.05922	0.14720	0.21143	0.14610	0.01113	0.00142	0.00042	0.01223	0.24047	0.00107	0.00115
8	0.00142	0.00104	0.00132	0.00145	0.00161	0.00095	0.00101	0.00170	0.00243	0.00325	0.23900	0.54899	0.14448	0.02625	0.00148	0.00043	0.00062	0.02054	0.00107	0.00094
9	0.00240	0.04175	0.24479	0.27368	0.03919	0.04068	0.08993	0.05765	0.01948	0.01056	0.05421	0.04492	0.03157	0.00136	0.00121	0.00036	0.03021	0.01401	0.00064	0.00141
10	0.01845	0.07852	0.19939	0.12166	0.05094	0.05705	0.20937	0.06279	0.03670	0.08055	0.00251	0.02127	0.00905	0.00764	0.00120	0.00035	0.02452	0.00746	0.00907	0.00152
11	0.65008	0.00195	0.00169	0.00150	0.00206	0.00218	0.00117	0.05297	0.00208	0.05996	0.00217	0.00310	0.00192	0.19519	0.00180	0.01650	0.00093	0.00086	0.00074	0.00116
12	0.00221	0.00160	0.00190	0.00187	0.00222	0.01466	0.00147	0.18542	0.01263	0.03417	0.06678	0.30563	0.08014	0.02073	0.00144	0.00044	0.00089	0.26357	0.00106	0.00118
13	0.00864	0.03629	0.34196	0.03867	0.02546	0.03228	0.05259	0.06273	0.03871	0.09467	0.03591	0.05567	0.03589	0.00947	0.00125	0.00038	0.01933	0.10787	0.00077	0.00147

[dist]
# distance from previous block
# <min> <max>
1	41

[block]
# block no. 7 follows, 294 sequences, length 19
# corresponding to MSA columns:
# 1770-1786,1789,1790
name=unknown_H
#
# <colnr> <probs for GDERKNQSTAVLIFYWHMCP>
#	G	D	E	R	K	N	Q	S	T	A	V	L	I	F	Y	W	H	M	C	P
0	0.00373	0.12895	0.00336	0.00248	0.00318	0.39096	0.02228	0.12881	0.15358	0.10663	0.03479	0.00291	0.01098	0.00128	0.00103	0.00031	0.00144	0.00094	0.00083	0.00152
1	0.00797	0.00290	0.09574	0.09080	0.19386	0.03594	0.30688	0.03335	0.01111	0.01143	0.00246	0.05804	0.01213	0.00119	0.00123	0.00034	0.03008	0.00117	0.00061	0.10276
2	0.02885	0.02651	0.05835	0.00223	0.00306	0.02375	0.00191	0.30413	0.15199	0.26945	0.01122	0.02935	0.02437	0.00145	0.00110	0.00034	0.00107	0.01911	0.00109	0.04069
3	0.00238	0.09629	0.13172	0.26832	0.05717	0.01575	0.16551	0.02472	0.02610	0.02621	0.01284	0.09699	0.03518	0.00143	0.00118	0.00036	0.01302	0.02280	0.00065	0.00138
4	0.00204	0.00144	0.00180	0.00184	0.05052	0.00140	0.00130	0.00285	0.14281	0.08892	0.32851	0.13853	0.18824	0.01452	0.00133	0.00039	0.00070	0.03052	0.00111	0.00122
5	0.23844	0.00199	0.00221	0.00191	0.01995	0.00206	0.00150	0.05929	0.16665	0.32444	0.06630	0.01304	0.04471	0.00837	0.01349	0.01334	0.00091	0.00114	0.01873	0.00154
6	0.00730	0.02785	0.04742	0.05109	0.00332	0.02517	0.01004	0.40651	0.17893	0.09593	0.02542	0.01216	0.03954	0.01526	0.01404	0.00038	0.00114	0.01674	0.02011	0.00166
7	0.13589	0.00215	0.00253	0.00200	0.00281	0.00212	0.00164	0.18361	0.05179	0.55718	0.01557	0.00359	0.03133	0.00138	0.00107	0.00034	0.00097	0.00108	0.00121	0.00175
8	0.00140	0.00100	0.00130	0.00150	0.00161	0.00093	0.00103	0.00164	0.00225	0.00301	0.08037	0.74885	0.08145	0.01665	0.00145	0.00044	0.00064	0.02713	0.02641	0.00092
9	0.00262	0.02504	0.01665	0.01725	0.00452	0.01131	0.55580	0.07423	0.05547	0.02708	0.02427	0.09311	0.01596	0.00145	0.01213	0.00039	0.03084	0.01187	0.01854	0.00144
10	0.00251	0.00166	0.00195	0.00173	0.00222	0.00167	0.00135	0.05968	0.22424	0.15289	0.33872	0.01386	0.15744	0.00200	0.00123	0.00036	0.00073	0.02330	0.01108	0.00138
11	0.00191	0.00120	0.00154	0.00157	0.00173	0.00119	0.00109	0.02421	0.00213	0.09304	0.00473	0.38424	0.01518	0.31625	0.07590	0.00075	0.01924	0.05224	0.00090	0.00096
12	0.00198	0.00170	0.02397	0.02033	0.00234	0.03019	0.02256	0.01801	0.00197	0.02998	0.02065	0.06069	0.00304	0.15446	0.44476	0.00116	0.15921	0.00132	0.00065	0.00106
13	0.00294	0.00328	0.01996	0.00235	0.00278	0.43027	0.01259	0.04519	0.07294	0.00952	0.00357	0.30405	0.01353	0.00217	0.02631	0.00040	0.03023	0.01590	0.00079	0.00122
14	0.00141	0.00102	0.00134	0.00158	0.00167	0.00096	0.00109	0.00167	0.01736	0.00289	0.00613	0.84527	0.02455	0.01843	0.00149	0.00046	0.00068	0.07004	0.00103	0.00092
15	0.37175	0.02036	0.01476	0.04950	0.05854	0.02559	0.05433	0.28020	0.01526	0.02174	0.00210	0.00241	0.00160	0.00137	0.02604	0.00039	0.05095	0.00086	0.00078	0.00148
16	0.01868	0.03925	0.13203	0.00993	0.01405	0.02966	0.07668	0.06622	0.09077	0.02335	0.04409	0.11511	0.04306	0.00157	0.00959	0.00033	0.01546	0.01084	0.02354	0.23579
17	0.00188	0.00137	0.00167	0.01619	0.00205	0.01212	0.00128	0.05293	0.09298	0.03719	0.04329	0.57544	0.04868	0.00292	0.01189	0.00044	0.00078	0.06994	0.00778	0.01919
18	0.06040	0.01293	0.05964	0.08710	0.07958	0.02306	0.04637	0.18593	0.05735	0.08795	0.02494	0.00812	0.01343	0.00125	0.00768	0.00619	0.01687	0.00097	0.00081	0.21944

[dist]
# distance from previous block
# <min> <max>
1	18

[block]
# block no. 8 follows, 294 sequences, length 6
# corresponding to MSA columns:
# 1809-1814
name=unknown_I
#
# <colnr> <probs for GDERKNQSTAVLIFYWHMCP>
#	G	D	E	R	K	N	Q	S	T	A	V	L	I	F	Y	W	H	M	C	P
0	0.06461	0.16733	0.13773	0.03116	0.07113	0.11017	0.04699	0.09285	0.09550	0.06106	0.02997	0.02260	0.01580	0.01281	0.00114	0.00034	0.02230	0.01426	0.00074	0.00150
1	0.17296	0.16754	0.03778	0.05322	0.09970	0.04234	0.04835	0.06289	0.02579	0.02366	0.00285	0.13759	0.01258	0.01278	0.03277	0.01405	0.01186	0.02686	0.01311	0.00133
2	0.00195	0.00142	0.00179	0.01555	0.00208	0.02730	0.01432	0.03510	0.02859	0.04694	0.05003	0.30171	0.04236	0.02029	0.25211	0.00077	0.02628	0.04083	0.08949	0.00108
3	0.00227	0.00204	0.03976	0.12318	0.14271	0.02348	0.03966	0.05314	0.07932	0.03178	0.06222	0.17417	0.09909	0.00197	0.01586	0.00039	0.02541	0.01531	0.06692	0.00131
4	0.06654	0.11567	0.14250	0.03455	0.04688	0.10002	0.07936	0.12129	0.13741	0.06203	0.02659	0.00307	0.02179	0.01374	0.00116	0.00035	0.02375	0.00100	0.00077	0.00154
5	0.02971	0.07659	0.02315	0.04597	0.06070	0.11698	0.06035	0.09325	0.13283	0.19142	0.05839	0.02569	0.01775	0.01240	0.00121	0.00035	0.02126	0.02955	0.00091	0.00154

[dist]
# distance from previous block
# <min> <max>
0	1

[block]
# block no. 9 follows, 294 sequences, length 11
# corresponding to MSA columns:
# 1816-1826
name=unknown_J
#
# <colnr> <probs for GDERKNQSTAVLIFYWHMCP>
#	G	D	E	R	K	N	Q	S	T	A	V	L	I	F	Y	W	H	M	C	P
0	0.06536	0.00126	0.00149	0.00152	0.00177	0.01520	0.00980	0.00213	0.01487	0.05532	0.19959	0.41802	0.12301	0.04604	0.00154	0.01581	0.00070	0.01107	0.01448	0.00102
1	0.01533	0.04061	0.21759	0.04087	0.09411	0.01611	0.19834	0.05429	0.06079	0.03562	0.06964	0.04612	0.02318	0.00149	0.01644	0.00039	0.05812	0.00877	0.00070	0.00149
2	0.04297	0.13346	0.13639	0.08741	0.15734	0.04948	0.02498	0.11319	0.09879	0.05081	0.01574	0.03264	0.03031	0.00130	0.00108	0.00034	0.01270	0.00877	0.00074	0.00155
3	0.01309	0.03036	0.06715	0.09143	0.06305	0.15011	0.07659	0.14130	0.01526	0.06900	0.01520	0.00317	0.00212	0.01534	0.19034	0.00063	0.02419	0.00102	0.02924	0.00141
4	0.00159	0.00118	0.00136	0.00138	0.00167	0.00107	0.00101	0.01720	0.02815	0.02593	0.20324	0.22499	0.40335	0.02611	0.00142	0.00040	0.00063	0.02813	0.03017	0.00101
5	0.01774	0.01997	0.02272	0.21598	0.13081	0.05071	0.18583	0.16438	0.08759	0.02854	0.01732	0.00310	0.01381	0.00120	0.00119	0.00035	0.02287	0.00108	0.01327	0.00153
6	0.05117	0.07476	0.10462	0.03595	0.02430	0.09266	0.02786	0.15228	0.16080	0.15372	0.04421	0.01301	0.01124	0.01191	0.01067	0.00036	0.01644	0.01154	0.00090	0.00158
7	0.04840	0.00203	0.00259	0.00219	0.03837	0.01458	0.02201	0.07744	0.08319	0.56790	0.02775	0.03718	0.00295	0.00157	0.02043	0.00037	0.00100	0.00118	0.04715	0.00171
8	0.00148	0.00108	0.00141	0.00155	0.00167	0.00102	0.01497	0.01727	0.00223	0.00298	0.07833	0.66625	0.05227	0.12273	0.00193	0.00052	0.00072	0.02969	0.00100	0.00092
9	0.02388	0.61633	0.01650	0.00229	0.02572	0.05732	0.05235	0.03163	0.08815	0.04649	0.00216	0.00234	0.01307	0.00108	0.00090	0.00028	0.01664	0.00077	0.00062	0.00148
10	0.01512	0.02257	0.03090	0.00190	0.00246	0.00186	0.01860	0.18023	0.05755	0.03982	0.18040	0.04595	0.17265	0.00205	0.00125	0.00036	0.01232	0.13208	0.00102	0.08091

[dist]
# distance from previous block
# <min> <max>
0	2

[block]
# block no. 10 follows, 294 sequences, length 6
# corresponding to MSA columns:
# 1829-1834
name=unknown_K
#
# <colnr> <probs for GDERKNQSTAVLIFYWHMCP>
#	G	D	E	R	K	N	Q	S	T	A	V	L	I	F	Y	W	H	M	C	P
0	0.03426	0.00250	0.01703	0.05059	0.04499	0.05930	0.03656	0.27922	0.11588	0.13528	0.06093	0.07006	0.02967	0.00169	0.01262	0.00038	0.01299	0.03347	0.00100	0.00157
1	0.01625	0.00127	0.00158	0.00160	0.00186	0.00123	0.01518	0.04745	0.02107	0.02409	0.06499	0.49713	0.20313	0.03202	0.00152	0.00043	0.02186	0.02568	0.00101	0.02064
2	0.03516	0.01488	0.01761	0.00226	0.00296	0.03684	0.03916	0.22689	0.20764	0.20370	0.05873	0.03088	0.04001	0.00158	0.00120	0.00036	0.02538	0.03669	0.00107	0.01699
3	0.03584	0.01474	0.02445	0.07294	0.11758	0.01674	0.23742	0.13699	0.03447	0.14155	0.02083	0.03040	0.01288	0.00149	0.02265	0.01182	0.02778	0.01987	0.00081	0.01876
4	0.03236	0.06168	0.13598	0.00246	0.02056	0.03911	0.08531	0.12644	0.03707	0.10745	0.02704	0.12378	0.02386	0.00172	0.02543	0.00038	0.01941	0.02060	0.00083	0.10854
5	0.09947	0.01364	0.02570	0.03398	0.01748	0.03472	0.06357	0.19173	0.07976	0.16913	0.08639	0.05115	0.04743	0.01550	0.00122	0.00036	0.01460	0.02895	0.00098	0.02424

[dist]
# distance from previous block
# <min> <max>
4	62

[block]
# block no. 11 follows, 294 sequences, length 9
# corresponding to MSA columns:
# 1931-1939
name=unknown_L
#
# <colnr> <probs for GDERKNQSTAVLIFYWHMCP>
#	G	D	E	R	K	N	Q	S	T	A	V	L	I	F	Y	W	H	M	C	P
0	0.00198	0.00154	0.00203	0.00194	0.00224	0.02775	0.07413	0.05092	0.08546	0.04228	0.04506	0.54389	0.03164	0.05103	0.00156	0.00045	0.00087	0.03312	0.00100	0.00112
1	0.00189	0.00105	0.00149	0.00151	0.00157	0.00105	0.00103	0.03725	0.00180	0.00241	0.04441	0.19586	0.00339	0.00362	0.00350	0.69454	0.00089	0.00145	0.00065	0.00064
2	0.02908	0.05497	0.03901	0.02372	0.05992	0.05449	0.13017	0.12726	0.18649	0.02721	0.00273	0.01959	0.00217	0.00118	0.00104	0.00031	0.00119	0.01330	0.00079	0.22540
3	0.01920	0.00267	0.00308	0.38651	0.04269	0.17170	0.01605	0.06050	0.12646	0.09852	0.00278	0.01892	0.00219	0.00132	0.00111	0.00036	0.00138	0.04237	0.00075	0.00143
4	0.00151	0.00110	0.00143	0.00163	0.00178	0.00105	0.00120	0.00186	0.02236	0.00310	0.08038	0.54860	0.06521	0.04165	0.00159	0.00048	0.00074	0.22234	0.00103	0.00095
5	0.08096	0.15415	0.48519	0.02230	0.04259	0.02077	0.04562	0.04032	0.05393	0.02108	0.00210	0.00240	0.00158	0.00107	0.00099	0.00033	0.00142	0.00083	0.00058	0.02179
6	0.04053	0.03878	0.03570	0.25044	0.25722	0.05176	0.03056	0.05866	0.05788	0.08049	0.02560	0.01289	0.02981	0.00125	0.00109	0.00035	0.00128	0.01463	0.00071	0.01037
