[name]
unknown

[dist]
# distance from previous block
# <min> <max>
10	275

[block]
# block no. 0 follows, 240 sequences, length 40
# corresponding to MSA columns:
# 2395-2420,2424-2435,2442,2443
name=unknown_A
#
# <colnr> <probs for GDERKNQSTAVLIFYWHMCP>
#	G	D	E	R	K	N	Q	S	T	A	V	L	I	F	Y	W	H	M	C	P
0	0.08005	0.11212	0.21173	0.00546	0.01767	0.05283	0.04771	0.06328	0.05737	0.07471	0.06748	0.03998	0.01040	0.01248	0.00130	0.00039	0.00616	0.00705	0.00091	0.13091
1	0.05921	0.15594	0.38647	0.00616	0.00442	0.03085	0.00980	0.09580	0.06279	0.07908	0.02985	0.01673	0.00246	0.00146	0.00129	0.00040	0.02682	0.00110	0.00084	0.02853
2	0.08090	0.04108	0.11854	0.00249	0.00340	0.02597	0.03378	0.08203	0.08272	0.12313	0.18679	0.03597	0.05796	0.00817	0.00138	0.00041	0.00811	0.01072	0.00113	0.09533
3	0.04763	0.08779	0.51210	0.00323	0.00473	0.02123	0.03057	0.03207	0.03686	0.12429	0.00989	0.04731	0.00243	0.00148	0.00125	0.00041	0.00166	0.00118	0.00082	0.03305
4	0.02862	0.10438	0.11119	0.00258	0.02142	0.03587	0.02577	0.05577	0.07586	0.09813	0.17268	0.04354	0.01459	0.00171	0.00126	0.00036	0.00122	0.00141	0.00104	0.20259
5	0.00180	0.00135	0.01062	0.00188	0.00208	0.00125	0.00136	0.01099	0.01384	0.00376	0.11456	0.58267	0.08999	0.05564	0.00756	0.00058	0.00087	0.09682	0.00124	0.00115
6	0.01116	0.64478	0.03630	0.00254	0.00361	0.08868	0.00239	0.04264	0.14923	0.00382	0.00252	0.00269	0.00211	0.00130	0.00100	0.00033	0.00148	0.00088	0.00074	0.00180
7	0.00285	0.06653	0.35920	0.00271	0.00386	0.00243	0.00855	0.03954	0.00309	0.09709	0.05170	0.15785	0.10082	0.00665	0.00139	0.00043	0.00136	0.01524	0.00096	0.07776
8	0.02965	0.00291	0.01256	0.11970	0.05536	0.01321	0.04519	0.22673	0.18666	0.16189	0.02443	0.02388	0.02524	0.00165	0.00136	0.00042	0.00625	0.00138	0.00117	0.06037
9	0.15871	0.01688	0.01160	0.00294	0.03842	0.02742	0.03960	0.32112	0.19179	0.11219	0.02585	0.00969	0.00290	0.00171	0.00464	0.02420	0.00132	0.00584	0.00120	0.00198
10	0.00193	0.00137	0.00171	0.00177	0.00205	0.00126	0.00128	0.00243	0.02673	0.03573	0.35002	0.35675	0.16133	0.02327	0.00173	0.00050	0.00075	0.02682	0.00134	0.00123
11	0.00303	0.00290	0.00493	0.35081	0.60413	0.00311	0.00398	0.00387	0.00292	0.00404	0.00247	0.00341	0.00200	0.00125	0.00133	0.00042	0.00167	0.00119	0.00064	0.00189
12	0.00304	0.00290	0.00492	0.33372	0.59612	0.00314	0.00395	0.00386	0.00290	0.00402	0.00246	0.00340	0.00200	0.00128	0.00141	0.00042	0.02674	0.00119	0.00064	0.00189
13	0.00211	0.00165	0.00245	0.00245	0.00279	0.00163	0.08343	0.00274	0.04564	0.01466	0.02548	0.38588	0.05855	0.01342	0.00947	0.00057	0.01820	0.32642	0.00119	0.00127
14	0.00200	0.00142	0.00168	0.00170	0.00204	0.00130	0.00123	0.02136	0.02529	0.04562	0.18459	0.32073	0.33911	0.02456	0.00171	0.00049	0.00076	0.00290	0.02028	0.00124
15	0.01136	0.00150	0.00193	0.00205	0.00225	0.02278	0.03503	0.02786	0.01427	0.00370	0.03714	0.76929	0.04563	0.01622	0.00173	0.00053	0.00089	0.00343	0.00121	0.00118
16	0.02326	0.00309	0.00406	0.14733	0.07048	0.06525	0.12181	0.17117	0.18811	0.09783	0.02283	0.06433	0.00322	0.00941	0.00143	0.00044	0.00151	0.00149	0.00107	0.00189
17	0.00189	0.00128	0.00149	0.00155	0.00157	0.00126	0.00091	0.00195	0.00212	0.00284	0.02969	0.19728	0.00588	0.73817	0.00567	0.00113	0.00118	0.00234	0.00092	0.00088
18	0.00278	0.09496	0.84129	0.00372	0.00561	0.00333	0.02190	0.00423	0.00283	0.00415	0.00236	0.00278	0.00171	0.00126	0.00124	0.00041	0.00194	0.00098	0.00057	0.00196
19	0.00302	0.00288	0.00490	0.36824	0.58682	0.00311	0.00397	0.00385	0.00291	0.00402	0.00247	0.00342	0.00200	0.00125	0.00133	0.00042	0.00167	0.00119	0.00064	0.00188
20	0.00359	0.00250	0.00398	0.45419	0.18735	0.00272	0.00847	0.01650	0.01958	0.24097	0.03719	0.00412	0.00273	0.00147	0.00136	0.00043	0.00153	0.00856	0.00094	0.00183
21	0.00898	0.00188	0.00227	0.00204	0.00258	0.00182	0.01042	0.14649	0.01768	0.14139	0.20069	0.19198	0.22147	0.00292	0.01450	0.00048	0.00095	0.02149	0.00846	0.00152
22	0.00322	0.06369	0.00346	0.09815	0.11607	0.18022	0.00942	0.02627	0.03229	0.06876	0.01103	0.15246	0.00986	0.01057	0.19367	0.00078	0.01605	0.00161	0.00088	0.00156
23	0.00337	0.09360	0.09177	0.11219	0.57992	0.00329	0.00379	0.01709	0.01223	0.05893	0.00267	0.01055	0.00215	0.00128	0.00129	0.00040	0.00160	0.00116	0.00072	0.00201
24	0.00501	0.00640	0.00380	0.00346	0.00415	0.94745	0.00259	0.00536	0.00380	0.00328	0.00207	0.00242	0.00173	0.00138	0.00121	0.00035	0.00242	0.00086	0.00069	0.00156
25	0.00302	0.00311	0.01389	0.07848	0.00601	0.01409	0.61059	0.00405	0.03525	0.04560	0.01231	0.08990	0.04732	0.00165	0.00159	0.00046	0.01250	0.01763	0.00083	0.00170
26	0.00302	0.14058	0.70322	0.02496	0.00545	0.02144	0.02946	0.01477	0.00292	0.03878	0.00245	0.00284	0.00178	0.00127	0.00123	0.00040	0.00188	0.00099	0.00062	0.00194
27	0.00296	0.00199	0.00322	0.00285	0.00341	0.00190	0.16410	0.01322	0.00309	0.18300	0.00591	0.30441	0.00605	0.00297	0.00173	0.00052	0.02686	0.26911	0.00121	0.00151
28	0.00252	0.00237	0.00398	0.93412	0.00912	0.00295	0.00369	0.00340	0.00268	0.00343	0.00247	0.01908	0.00190	0.00139	0.00135	0.00045	0.00177	0.00124	0.00061	0.00148
29	0.03141	0.00202	0.00217	0.00201	0.00257	0.01741	0.00158	0.12420	0.12102	0.04796	0.07894	0.08536	0.38887	0.00284	0.00152	0.00046	0.00095	0.08593	0.00129	0.00149
30	0.00327	0.00313	0.00533	0.05692	0.88423	0.00316	0.00407	0.00407	0.00304	0.00433	0.00257	0.00348	0.00218	0.00123	0.00134	0.00040	0.00160	0.01291	0.00067	0.00208
31	0.00202	0.00149	0.00199	0.00195	0.00205	0.00169	0.00138	0.00225	0.00205	0.00288	0.00371	0.00664	0.00389	0.43253	0.43358	0.01928	0.07719	0.00164	0.00075	0.00104
32	0.01572	0.00258	0.01611	0.00220	0.00334	0.00212	0.00904	0.10963	0.01015	0.08490	0.02449	0.00327	0.00243	0.00120	0.00109	0.00026	0.00108	0.00868	0.00095	0.70075
33	0.00371	0.75488	0.04975	0.00258	0.00372	0.08837	0.02267	0.03804	0.01945	0.00348	0.00204	0.00233	0.00179	0.00120	0.00095	0.00031	0.00156	0.00079	0.00063	0.00175
34	0.00371	0.32610	0.04381	0.00362	0.02654	0.20639	0.24334	0.02779	0.00320	0.02304	0.00739	0.03220	0.00638	0.00141	0.00127	0.00038	0.01343	0.02286	0.00543	0.00171
35	0.00285	0.00238	0.00279	0.00200	0.00319	0.00179	0.00160	0.00344	0.00280	0.02359	0.00244	0.00282	0.00201	0.00101	0.00100	0.00020	0.00100	0.00081	0.00081	0.94147
36	0.00310	0.08379	0.45750	0.01832	0.04338	0.00904	0.01715	0.04306	0.15642	0.04373	0.00838	0.03104	0.01002	0.00159	0.00136	0.00043	0.02072	0.03260	0.00084	0.01753
37	0.00320	0.00308	0.00528	0.14980	0.78490	0.00316	0.02289	0.00402	0.00300	0.00424	0.00251	0.00337	0.00207	0.00122	0.00134	0.00041	0.00164	0.00120	0.00065	0.00202
38	0.00196	0.00132	0.00152	0.01623	0.00161	0.00134	0.00088	0.00199	0.00197	0.00263	0.00418	0.00860	0.00479	0.91129	0.03344	0.00131	0.00137	0.00193	0.00081	0.00083
39	0.00249	0.00157	0.00205	0.00212	0.00255	0.00147	0.00177	0.00302	0.00322	0.12709	0.09398	0.05352	0.21049	0.00331	0.00170	0.00053	0.00103	0.48542	0.00132	0.00135

[dist]
# distance from previous block
# <min> <max>
0	6

[block]
# block no. 1 follows, 240 sequences, length 20
# corresponding to MSA columns:
# 2466-2477,2514,2515,2517,2518,2520,2521,2523,2524
name=unknown_B
#
# <colnr> <probs for GDERKNQSTAVLIFYWHMCP>
#	G	D	E	R	K	N	Q	S	T	A	V	L	I	F	Y	W	H	M	C	P
0	0.01356	0.46493	0.37582	0.04949	0.00472	0.02474	0.01842	0.00418	0.00282	0.02711	0.00221	0.00258	0.00176	0.00123	0.00108	0.00036	0.00169	0.00088	0.00061	0.00182
1	0.00506	0.00377	0.00397	0.00307	0.00412	0.03168	0.00252	0.86014	0.03660	0.03047	0.00331	0.00329	0.00235	0.00161	0.00134	0.00040	0.00148	0.00121	0.00133	0.00226
2	0.00272	0.00676	0.89970	0.00404	0.05190	0.00312	0.00492	0.00424	0.00284	0.00426	0.00241	0.00286	0.00172	0.00127	0.00128	0.00042	0.00196	0.00100	0.00057	0.00199
3	0.00274	0.00156	0.00198	0.00189	0.00228	0.00145	0.00139	0.01895	0.01764	0.19600	0.22043	0.25971	0.10184	0.11346	0.00218	0.00057	0.00090	0.04036	0.01328	0.00139
4	0.00345	0.47998	0.32433	0.00289	0.00426	0.02775	0.00318	0.00447	0.05973	0.06362	0.00249	0.00273	0.00196	0.00128	0.00111	0.00036	0.01294	0.00091	0.00069	0.00186
5	0.00164	0.00117	0.00156	0.00186	0.00195	0.00109	0.00125	0.00189	0.00260	0.00348	0.03201	0.92720	0.00898	0.00417	0.00171	0.00054	0.00077	0.00378	0.00125	0.00109
6	0.00349	0.25115	0.01604	0.00289	0.00350	0.27338	0.02738	0.00392	0.01435	0.00334	0.01644	0.03086	0.04877	0.04776	0.02979	0.00050	0.19567	0.02853	0.00072	0.00151
7	0.02490	0.32040	0.32879	0.01052	0.00443	0.02888	0.03014	0.08149	0.01003	0.12518	0.01016	0.01465	0.00216	0.00136	0.00116	0.00038	0.00162	0.00102	0.00081	0.00191
8	0.01159	0.03540	0.22269	0.00258	0.00361	0.00243	0.01111	0.07185	0.06627	0.24455	0.04507	0.03376	0.19727	0.00207	0.00145	0.00043	0.02195	0.01413	0.00997	0.00182
9	0.00167	0.00133	0.00151	0.00159	0.00191	0.00118	0.00114	0.00208	0.02189	0.00380	0.11707	0.31987	0.51308	0.00356	0.00162	0.00048	0.00071	0.00308	0.00127	0.00115
10	0.00325	0.02764	0.06436	0.08013	0.24553	0.08323	0.34701	0.00933	0.00950	0.00407	0.01123	0.00999	0.00740	0.00137	0.00168	0.00044	0.08446	0.00690	0.00068	0.00181
11	0.05714	0.02422	0.32940	0.04624	0.16910	0.04174	0.02493	0.08871	0.01012	0.16110	0.00297	0.00871	0.00216	0.00140	0.00136	0.00042	0.02630	0.00113	0.00087	0.00199
12	0.00178	0.00128	0.00170	0.00198	0.00213	0.00121	0.00145	0.00210	0.00269	0.00354	0.00743	0.64010	0.04524	0.04586	0.00197	0.00059	0.00091	0.23570	0.00122	0.00112
13	0.00285	0.00247	0.00362	0.04581	0.11164	0.00992	0.05108	0.03270	0.01855	0.05171	0.02222	0.21527	0.01091	0.01862	0.00270	0.00053	0.35595	0.04102	0.00089	0.00153
14	0.00248	0.00178	0.00241	0.01664	0.00272	0.00160	0.05724	0.01858	0.02537	0.09047	0.40218	0.09823	0.15301	0.00253	0.00150	0.00042	0.00089	0.00923	0.00129	0.11145
15	0.00172	0.00129	0.00157	0.00171	0.00194	0.00118	0.00120	0.00209	0.01634	0.00379	0.15363	0.47394	0.25834	0.04936	0.00190	0.00054	0.00077	0.02629	0.00126	0.00113
16	0.02550	0.00260	0.00323	0.00252	0.00353	0.00251	0.00207	0.16106	0.11006	0.65252	0.00486	0.00432	0.00318	0.00165	0.00133	0.00041	0.00118	0.00132	0.00155	0.01457
17	0.11550	0.00338	0.07410	0.00313	0.00413	0.02334	0.13083	0.11455	0.42258	0.08815	0.00409	0.00402	0.00300	0.00157	0.00132	0.00044	0.00138	0.00133	0.00116	0.00201
18	0.04039	0.04211	0.01507	0.00291	0.03824	0.08550	0.09005	0.06738	0.01474	0.20074	0.13848	0.00667	0.02987	0.04885	0.01197	0.00050	0.02509	0.13861	0.00115	0.00167
19	0.00292	0.00241	0.00282	0.00202	0.00321	0.00184	0.00162	0.02332	0.00289	0.03133	0.00249	0.00284	0.00203	0.00103	0.00101	0.00021	0.00101	0.00082	0.00083	0.91335

[dist]
# distance from previous block
# <min> <max>
2	3

[block]
# block no. 2 follows, 240 sequences, length 6
# corresponding to MSA columns:
# 2529-2534
name=unknown_C
#
# <colnr> <probs for GDERKNQSTAVLIFYWHMCP>
#	G	D	E	R	K	N	Q	S	T	A	V	L	I	F	Y	W	H	M	C	P
0	0.00190	0.00141	0.00207	0.00209	0.00230	0.00162	0.00159	0.00233	0.00217	0.00310	0.00386	0.06099	0.00379	0.07746	0.82452	0.00200	0.00326	0.00161	0.00076	0.00116
1	0.02740	0.03143	0.05079	0.01837	0.02343	0.02019	0.02728	0.05066	0.04035	0.02672	0.00251	0.00301	0.00206	0.00148	0.01488	0.00036	0.16725	0.00098	0.00080	0.49006
2	0.00257	0.20537	0.15765	0.00245	0.00323	0.02150	0.02377	0.00331	0.04451	0.01955	0.09000	0.20693	0.14048	0.00254	0.01717	0.00046	0.05406	0.00199	0.00096	0.00151
3	0.00199	0.00129	0.00168	0.00185	0.00203	0.00120	0.00128	0.00227	0.00272	0.06583	0.07200	0.65153	0.05311	0.09385	0.00216	0.00060	0.00086	0.04131	0.00125	0.00116
4	0.00227	0.00153	0.00194	0.00188	0.02410	0.00140	0.00138	0.02336	0.00356	0.08044	0.54031	0.04089	0.21652	0.00286	0.00166	0.02524	0.00076	0.02716	0.00138	0.00134
5	0.02356	0.09729	0.29173	0.09447	0.09403	0.13777	0.06677	0.03266	0.00313	0.05825	0.00250	0.00297	0.00191	0.00130	0.00129	0.00039	0.01748	0.00104	0.00071	0.07077

[dist]
# distance from previous block
# <min> <max>
1	6

[block]
# block no. 3 follows, 240 sequences, length 17
# corresponding to MSA columns:
# 2566,2567,2582-2586,2591-2600
name=unknown_D
#
# <colnr> <probs for GDERKNQSTAVLIFYWHMCP>
#	G	D	E	R	K	N	Q	S	T	A	V	L	I	F	Y	W	H	M	C	P
0	0.21436	0.03074	0.02145	0.05957	0.05477	0.46387	0.03637	0.03725	0.01271	0.01336	0.00238	0.03540	0.00201	0.00144	0.00120	0.00039	0.00934	0.00102	0.00077	0.00160
1	0.02648	0.00245	0.00286	0.00242	0.00321	0.02024	0.01067	0.07172	0.26837	0.34763	0.07069	0.06022	0.03034	0.00889	0.00142	0.00044	0.00109	0.02666	0.02836	0.01583
2	0.00218	0.00151	0.00187	0.00174	0.00216	0.00135	0.00131	0.01993	0.00351	0.06371	0.52498	0.10548	0.19649	0.00285	0.00155	0.00043	0.00073	0.01363	0.00138	0.05323
3	0.03814	0.01230	0.05700	0.02988	0.04121	0.06023	0.22400	0.14511	0.05924	0.09369	0.03557	0.00369	0.01016	0.00147	0.00154	0.00041	0.06668	0.00128	0.00095	0.11744
4	0.00426	0.00330	0.00362	0.02122	0.03936	0.03609	0.01180	0.56512	0.11293	0.03161	0.02124	0.05141	0.05923	0.00191	0.00143	0.00042	0.01265	0.01913	0.00127	0.00204
5	0.00168	0.00121	0.00154	0.00179	0.00193	0.00112	0.00122	0.00194	0.00265	0.00350	0.02860	0.72743	0.12907	0.04477	0.00190	0.00056	0.00080	0.02971	0.01747	0.00109
6	0.01338	0.00142	0.00175	0.00184	0.00212	0.00134	0.00132	0.01833	0.03128	0.06385	0.13422	0.51417	0.12331	0.00342	0.00159	0.00049	0.00079	0.02402	0.06009	0.00126
7	0.46177	0.09381	0.06283	0.00273	0.00375	0.03895	0.12457	0.12815	0.00315	0.04077	0.01856	0.00278	0.00196	0.00133	0.00111	0.00041	0.00983	0.00098	0.00087	0.00170
8	0.00167	0.00118	0.00156	0.00187	0.00196	0.00110	0.00126	0.00192	0.00259	0.00348	0.00731	0.90619	0.00871	0.00413	0.00170	0.00054	0.00079	0.02508	0.02588	0.00110
9	0.00179	0.00129	0.00167	0.00190	0.00205	0.00123	0.00131	0.03434	0.00278	0.00369	0.04109	0.78188	0.05628	0.01983	0.00178	0.00055	0.00082	0.04334	0.00125	0.00114
10	0.15607	0.00344	0.00327	0.00271	0.00357	0.11797	0.00217	0.39876	0.11597	0.09920	0.01476	0.03683	0.00276	0.00177	0.00140	0.03359	0.00139	0.00125	0.00119	0.00193
11	0.00294	0.00294	0.00411	0.00352	0.00352	0.00411	0.00294	0.00323	0.00206	0.00323	0.00176	0.00294	0.00176	0.00235	0.00440	0.00059	0.95038	0.00117	0.00059	0.00147
12	0.00308	0.28018	0.61178	0.00329	0.00497	0.00370	0.00399	0.01788	0.00288	0.02983	0.00234	0.00269	0.00177	0.00125	0.00115	0.00038	0.00177	0.00092	0.00062	0.02554
13	0.00501	0.00640	0.00380	0.00346	0.00415	0.94745	0.00259	0.00536	0.00380	0.00328	0.00207	0.00242	0.00173	0.00138	0.00121	0.00035	0.00242	0.00086	0.00069	0.00156
14	0.01330	0.00282	0.01914	0.00267	0.00349	0.00302	0.01281	0.10666	0.57582	0.12727	0.05537	0.00533	0.01777	0.00187	0.00138	0.00044	0.00112	0.02976	0.00136	0.01859
15	0.00359	0.95365	0.00703	0.00230	0.00344	0.00531	0.00230	0.00402	0.00273	0.00316	0.00187	0.00215	0.00172	0.00115	0.00086	0.00029	0.00144	0.00072	0.00057	0.00172
16	0.00172	0.00141	0.00151	0.00148	0.00191	0.00123	0.00111	0.01450	0.01696	0.00406	0.19567	0.03533	0.71193	0.00324	0.00158	0.00045	0.00069	0.00274	0.00129	0.00119

[dist]
# distance from previous block
# <min> <max>
2	17

[block]
# block no. 4 follows, 240 sequences, length 12
# corresponding to MSA columns:
# 2637,2639-2649
name=unknown_E
#
# <colnr> <probs for GDERKNQSTAVLIFYWHMCP>
#	G	D	E	R	K	N	Q	S	T	A	V	L	I	F	Y	W	H	M	C	P
0	0.00181	0.00127	0.00163	0.00184	0.00199	0.00119	0.00125	0.00218	0.02634	0.02154	0.10053	0.72659	0.04821	0.03836	0.00185	0.00055	0.00079	0.00342	0.01751	0.00115
1	0.00168	0.00123	0.00154	0.00175	0.00191	0.00113	0.00119	0.00194	0.00268	0.00350	0.05350	0.64440	0.17579	0.07779	0.00209	0.00058	0.00080	0.02418	0.00122	0.00109
2	0.04412	0.03303	0.07214	0.07035	0.04506	0.11207	0.30948	0.01192	0.01058	0.01630	0.00853	0.03797	0.00238	0.01844	0.03628	0.00053	0.15971	0.00877	0.00071	0.00165
3	0.00294	0.12370	0.68899	0.00362	0.00535	0.00334	0.06140	0.03326	0.00296	0.02386	0.00263	0.03735	0.00204	0.00138	0.00126	0.00041	0.00186	0.00111	0.00065	0.00192
4	0.00171	0.00121	0.00160	0.00186	0.00197	0.00113	0.00128	0.00194	0.00259	0.00344	0.02745	0.77254	0.04145	0.03547	0.00203	0.03959	0.00083	0.05964	0.00121	0.00107
5	0.02773	0.00257	0.00276	0.00253	0.00317	0.00290	0.00194	0.07597	0.63785	0.00542	0.04023	0.18149	0.00510	0.00227	0.00142	0.00047	0.00102	0.00194	0.00133	0.00189
6	0.08829	0.69150	0.12155	0.00258	0.02994	0.00463	0.00256	0.00399	0.00275	0.00366	0.03675	0.00256	0.00211	0.00123	0.00095	0.00032	0.00144	0.00083	0.00063	0.00172
7	0.01927	0.04181	0.29631	0.06050	0.00422	0.00253	0.03097	0.06076	0.03472	0.02426	0.14503	0.02231	0.09992	0.00176	0.00132	0.00039	0.00135	0.00147	0.00093	0.15017
8	0.06200	0.63955	0.16646	0.00259	0.00383	0.03092	0.00270	0.02134	0.05309	0.00375	0.00218	0.00245	0.00184	0.00123	0.00098	0.00033	0.00151	0.00082	0.00065	0.00178
9	0.09697	0.08256	0.07637	0.00223	0.00298	0.01283	0.00192	0.06042	0.18252	0.08488	0.19981	0.03206	0.07517	0.06004	0.00165	0.00047	0.00109	0.00166	0.02271	0.00165
10	0.11700	0.05667	0.05248	0.00198	0.00250	0.00185	0.00160	0.02672	0.00281	0.01910	0.06844	0.42692	0.09584	0.01329	0.01912	0.00050	0.00100	0.01859	0.00110	0.07248
11	0.09379	0.13334	0.17255	0.02980	0.05447	0.09371	0.02765	0.05140	0.02766	0.06698	0.00277	0.00320	0.02819	0.00157	0.00178	0.00042	0.17964	0.00108	0.00078	0.02923

[dist]
# distance from previous block
# <min> <max>
3	22

[block]
# block no. 5 follows, 240 sequences, length 9
# corresponding to MSA columns:
# 2682-2688,2692,2693
name=unknown_F
#
# <colnr> <probs for GDERKNQSTAVLIFYWHMCP>
#	G	D	E	R	K	N	Q	S	T	A	V	L	I	F	Y	W	H	M	C	P
0	0.27939	0.04041	0.03883	0.01992	0.02542	0.01439	0.03015	0.06586	0.03196	0.24730	0.01500	0.00408	0.07391	0.00170	0.01431	0.00043	0.02570	0.00121	0.00109	0.06895
1	0.02944	0.00188	0.00242	0.00211	0.00277	0.00173	0.00168	0.00458	0.04487	0.44728	0.10713	0.11169	0.05947	0.01666	0.00161	0.02372	0.00100	0.08283	0.05540	0.00173
2	0.08598	0.04619	0.17440	0.06531	0.23489	0.08714	0.03203	0.03430	0.09148	0.06643	0.02255	0.02295	0.00269	0.00150	0.00129	0.00042	0.00159	0.02614	0.00085	0.00188
3	0.03933	0.01548	0.04889	0.02182	0.03630	0.00202	0.02468	0.04512	0.04623	0.21205	0.25240	0.04940	0.10261	0.02001	0.00153	0.00044	0.00105	0.03220	0.00127	0.04717
4	0.00168	0.00120	0.00155	0.00180	0.00189	0.00112	0.00119	0.00191	0.00258	0.00344	0.05247	0.77637	0.03941	0.10389	0.00224	0.00062	0.00082	0.00352	0.00121	0.00107
5	0.00192	0.00143	0.00171	0.00167	0.00205	0.00131	0.00126	0.00249	0.02822	0.03057	0.39764	0.08137	0.35896	0.00348	0.05482	0.00055	0.00087	0.02711	0.00133	0.00125
6	0.01976	0.58517	0.13521	0.00318	0.04933	0.06348	0.08696	0.00420	0.00287	0.02120	0.00212	0.00251	0.00179	0.00121	0.00109	0.00034	0.01630	0.00088	0.00062	0.00178
7	0.05886	0.01379	0.04934	0.02013	0.06617	0.01727	0.00223	0.09298	0.02924	0.51086	0.06359	0.03055	0.00368	0.02069	0.00144	0.00043	0.00123	0.00141	0.01407	0.00203
8	0.00171	0.00122	0.00162	0.00187	0.00198	0.00117	0.00129	0.00197	0.00257	0.00343	0.02536	0.73384	0.03562	0.07101	0.05529	0.00069	0.00099	0.05610	0.00119	0.00109

[dist]
# distance from previous block
# <min> <max>
0	20

[block]
# block no. 6 follows, 240 sequences, length 13
# corresponding to MSA columns:
# 2714,2719,2721-2723,2727-2734
name=unknown_G
#
# <colnr> <probs for GDERKNQSTAVLIFYWHMCP>
#	G	D	E	R	K	N	Q	S	T	A	V	L	I	F	Y	W	H	M	C	P
0	0.00207	0.00149	0.00193	0.00195	0.00226	0.00142	0.02073	0.01418	0.03726	0.03902	0.17726	0.33647	0.17342	0.06437	0.00200	0.00055	0.00896	0.11215	0.00126	0.00124
1	0.01368	0.25478	0.40938	0.00350	0.04298	0.10652	0.04079	0.05355	0.02837	0.03115	0.00245	0.00278	0.00188	0.00129	0.00118	0.00038	0.00180	0.00097	0.00069	0.00189
2	0.29889	0.01331	0.04714	0.00998	0.02468	0.20744	0.06235	0.04112	0.00313	0.14471	0.02452	0.01833	0.00242	0.02887	0.00876	0.00045	0.04737	0.00111	0.01373	0.00166
3	0.06848	0.03410	0.02154	0.02034	0.04842	0.09099	0.49492	0.15297	0.00358	0.00489	0.00259	0.00324	0.00198	0.00130	0.00154	0.00043	0.04476	0.00132	0.00078	0.00183
4	0.03064	0.00154	0.00189	0.00177	0.00222	0.00139	0.00133	0.00305	0.00333	0.18228	0.32204	0.17936	0.24391	0.01709	0.00162	0.00046	0.00079	0.00252	0.00138	0.00139
5	0.01640	0.00145	0.00176	0.00178	0.00209	0.00136	0.00129	0.01295	0.04137	0.02586	0.29353	0.35629	0.14093	0.02452	0.00168	0.00048	0.00077	0.01029	0.03668	0.02853
6	0.03652	0.09250	0.26721	0.03629	0.00461	0.01345	0.08092	0.09942	0.02172	0.25885	0.02138	0.00352	0.00249	0.00143	0.00131	0.00040	0.01408	0.00116	0.00100	0.04169
7	0.00205	0.00151	0.00204	0.00212	0.00235	0.00150	0.03287	0.04240	0.03341	0.02201	0.05875	0.69971	0.02351	0.00366	0.00173	0.00052	0.02894	0.02022	0.01944	0.00125
8	0.00192	0.00125	0.00164	0.00185	0.00200	0.00116	0.00126	0.00219	0.00268	0.05305	0.03617	0.77439	0.03482	0.03715	0.00184	0.00055	0.00081	0.01449	0.02961	0.00116
9	0.00210	0.00151	0.00191	0.00181	0.00217	0.00144	0.00137	0.03553	0.03841	0.01927	0.71519	0.08729	0.05100	0.00283	0.00158	0.00044	0.00072	0.03264	0.00143	0.00133
10	0.03786	0.08468	0.09802	0.02235	0.00574	0.01335	0.51452	0.08626	0.02415	0.04636	0.00288	0.00352	0.01066	0.01384	0.00157	0.00044	0.02979	0.00137	0.00078	0.00184
11	0.05217	0.01454	0.00366	0.02187	0.00405	0.76530	0.01928	0.00507	0.03152	0.00360	0.04046	0.01255	0.01735	0.00150	0.00123	0.00036	0.00217	0.00102	0.00076	0.00155
12	0.00175	0.00126	0.00167	0.00195	0.00210	0.00119	0.00141	0.00208	0.00272	0.00359	0.03779	0.67241	0.04646	0.02947	0.00187	0.00057	0.00087	0.18847	0.00124	0.00112

[dist]
# distance from previous block
# <min> <max>
0	1

[block]
# block no. 7 follows, 240 sequences, length 6
# corresponding to MSA columns:
# 2736,2737,2739-2742
name=unknown_H
#
# <colnr> <probs for GDERKNQSTAVLIFYWHMCP>
#	G	D	E	R	K	N	Q	S	T	A	V	L	I	F	Y	W	H	M	C	P
0	0.12414	0.11658	0.21864	0.03197	0.03861	0.01826	0.07314	0.15076	0.04291	0.07644	0.00284	0.02192	0.00218	0.00146	0.00139	0.00041	0.05396	0.00113	0.00087	0.02237
1	0.00275	0.00253	0.00413	0.81922	0.08022	0.00307	0.00368	0.06149	0.00294	0.00381	0.00245	0.00354	0.00185	0.00135	0.00134	0.00044	0.00175	0.00119	0.00065	0.00159
2	0.00176	0.00124	0.00160	0.00184	0.00192	0.00118	0.00124	0.00198	0.00248	0.00330	0.00666	0.64563	0.00786	0.21700	0.00288	0.00072	0.00094	0.09758	0.00115	0.00104
3	0.00406	0.34968	0.03999	0.00307	0.05355	0.25446	0.00253	0.17858	0.03077	0.00438	0.00311	0.00330	0.06422	0.00147	0.00115	0.00035	0.00167	0.00105	0.00082	0.00179
4	0.00300	0.13917	0.68175	0.00348	0.00518	0.06582	0.00420	0.00437	0.03901	0.00409	0.00243	0.00279	0.00181	0.00128	0.00121	0.00039	0.00186	0.00096	0.00061	0.03660
5	0.02354	0.03236	0.10681	0.01901	0.03392	0.05934	0.03980	0.28531	0.12365	0.08042	0.01618	0.10712	0.02106	0.01351	0.00154	0.01820	0.01369	0.00154	0.00111	0.00189

[dist]
# distance from previous block
# <min> <max>
1	17

[block]
# block no. 8 follows, 240 sequences, length 11
# corresponding to MSA columns:
# 2767-2777
name=unknown_I
#
# <colnr> <probs for GDERKNQSTAVLIFYWHMCP>
#	G	D	E	R	K	N	Q	S	T	A	V	L	I	F	Y	W	H	M	C	P
0	0.02381	0.09227	0.25280	0.02950	0.24668	0.05271	0.02395	0.06593	0.02479	0.03430	0.00258	0.00302	0.00200	0.00125	0.00121	0.00037	0.00161	0.00103	0.00074	0.13942
1	0.02480	0.18814	0.46193	0.00313	0.00461	0.02083	0.00353	0.09994	0.03694	0.10701	0.03502	0.00323	0.00240	0.00140	0.00121	0.00039	0.00164	0.00106	0.00083	0.00196
2	0.03639	0.31086	0.61147	0.00326	0.00494	0.00382	0.00398	0.00416	0.00278	0.00396	0.00222	0.00259	0.00170	0.00123	0.00113	0.00038	0.00177	0.00089	0.00058	0.00188
3	0.06080	0.00252	0.02565	0.26885	0.05394	0.01523	0.00262	0.07068	0.01309	0.31854	0.01814	0.04187	0.00333	0.02332	0.00149	0.00046	0.00139	0.07514	0.00112	0.00181
4	0.04596	0.21740	0.13091	0.00348	0.03124	0.06559	0.19870	0.03157	0.06977	0.16615	0.01178	0.01634	0.00244	0.00139	0.00125	0.00039	0.00164	0.00120	0.00090	0.00189
5	0.65371	0.00252	0.00234	0.00198	0.00287	0.00274	0.00163	0.00481	0.04466	0.26711	0.00298	0.00297	0.00209	0.00139	0.00100	0.00042	0.00107	0.00094	0.00109	0.00171
6	0.00215	0.00146	0.00182	0.00170	0.00210	0.00132	0.00129	0.00277	0.02164	0.07125	0.65324	0.04551	0.18302	0.00282	0.00157	0.00043	0.00069	0.00246	0.00144	0.00132
7	0.00233	0.00197	0.00246	0.00229	0.00240	0.03581	0.00170	0.00264	0.02253	0.00301	0.00337	0.00594	0.00350	0.37232	0.29312	0.00133	0.23985	0.00155	0.00074	0.00115
8	0.02098	0.02909	0.00415	0.01745	0.05180	0.41017	0.03431	0.07192	0.01510	0.04586	0.00229	0.00285	0.00191	0.00168	0.00218	0.00043	0.28436	0.00105	0.00076	0.00166
9	0.03749	0.00269	0.00286	0.00251	0.00326	0.00300	0.00197	0.12512	0.58740	0.04299	0.06414	0.00587	0.11088	0.00200	0.00138	0.00044	0.00105	0.00165	0.00135	0.00196
10	0.00167	0.00120	0.00157	0.00185	0.00195	0.00112	0.00125	0.00191	0.00258	0.00341	0.00748	0.82824	0.04826	0.05329	0.00198	0.00058	0.00082	0.03854	0.00122	0.00108

[dist]
# distance from previous block
# <min> <max>
1	19

[block]
# block no. 9 follows, 240 sequences, length 10
# corresponding to MSA columns:
# 2797,2800-2808
name=unknown_J
#
# <colnr> <probs for GDERKNQSTAVLIFYWHMCP>
#	G	D	E	R	K	N	Q	S	T	A	V	L	I	F	Y	W	H	M	C	P
0	0.00219	0.00156	0.00177	0.00169	0.00214	0.00142	0.00128	0.01578	0.06473	0.07806	0.19203	0.07997	0.48757	0.03716	0.00175	0.00049	0.00079	0.02699	0.00132	0.00132
1	0.00186	0.00140	0.00160	0.00162	0.00188	0.00133	0.00112	0.00233	0.05447	0.00374	0.17335	0.15145	0.31449	0.26128	0.00302	0.00070	0.00089	0.02117	0.00118	0.00112
2	0.00275	0.06885	0.88449	0.00372	0.00565	0.00326	0.00478	0.00423	0.00283	0.00418	0.00237	0.00279	0.00170	0.00127	0.00125	0.00042	0.00195	0.00097	0.00057	0.00197
3	0.00496	0.00595	0.00381	0.00340	0.00410	0.81584	0.00259	0.06977	0.00390	0.03084	0.00223	0.00256	0.00181	0.00145	0.00136	0.00036	0.04176	0.00091	0.00076	0.00162
4	0.00194	0.00136	0.00174	0.00193	0.00217	0.00128	0.00144	0.00237	0.01953	0.02936	0.06520	0.45145	0.15073	0.03069	0.00184	0.00055	0.00089	0.21836	0.01598	0.00119
5	0.00264	0.00171	0.00200	0.00189	0.00237	0.00163	0.00143	0.04188	0.10595	0.13422	0.11046	0.22258	0.28475	0.01664	0.00160	0.00047	0.00085	0.01899	0.04648	0.00146
6	0.18127	0.06401	0.48543	0.00312	0.00460	0.00335	0.00352	0.14195	0.04910	0.04783	0.00267	0.00291	0.00193	0.00136	0.00118	0.00041	0.00162	0.00100	0.00082	0.00193
7	0.02580	0.00147	0.00177	0.03581	0.00218	0.00146	0.00125	0.02522	0.01339	0.02839	0.13285	0.22316	0.10641	0.34233	0.02517	0.00081	0.00108	0.01831	0.01201	0.00112
8	0.00330	0.05632	0.01607	0.33970	0.13751	0.16207	0.03293	0.04549	0.04868	0.01515	0.02218	0.02199	0.00256	0.01809	0.00145	0.00043	0.01346	0.02567	0.00076	0.03619
9	0.08247	0.03229	0.03683	0.00214	0.00327	0.02225	0.00179	0.03365	0.03193	0.02657	0.01314	0.01664	0.00224	0.00116	0.00104	0.00026	0.00109	0.00091	0.00085	0.68948

[dist]
# distance from previous block
# <min> <max>
5	10

[block]
# block no. 10 follows, 240 sequences, length 14
# corresponding to MSA columns:
# 2859-2872
name=unknown_K
#
# <colnr> <probs for GDERKNQSTAVLIFYWHMCP>
#	G	D	E	R	K	N	Q	S	T	A	V	L	I	F	Y	W	H	M	C	P
0	0.01648	0.06485	0.04680	0.12776	0.21838	0.09423	0.21043	0.05448	0.04675	0.01402	0.02017	0.00345	0.00229	0.00136	0.00147	0.00041	0.04323	0.00124	0.02192	0.01029
1	0.02765	0.00357	0.11221	0.02144	0.00505	0.01299	0.33452	0.03878	0.34175	0.04538	0.00385	0.00415	0.00288	0.00148	0.00141	0.00044	0.00163	0.00995	0.02892	0.00194
2	0.39575	0.04060	0.00355	0.04696	0.15350	0.06818	0.04254	0.11643	0.01938	0.03279	0.00241	0.00279	0.00187	0.00129	0.00109	0.00039	0.00138	0.00096	0.00086	0.06729
3	0.00173	0.00127	0.00159	0.00178	0.00193	0.00120	0.00121	0.00205	0.02090	0.00347	0.04505	0.60331	0.12973	0.12734	0.02988	0.00067	0.00093	0.02367	0.00119	0.00109
4	0.02973	0.00133	0.00170	0.00193	0.00212	0.00128	0.00141	0.00220	0.01246	0.00376	0.07542	0.58576	0.07388	0.02211	0.01305	0.00057	0.00090	0.16800	0.00124	0.00115
5	0.03057	0.01192	0.02006	0.10438	0.10447	0.05952	0.24621	0.13690	0.04424	0.06467	0.02160	0.02428	0.01412	0.00143	0.00137	0.00040	0.00686	0.00134	0.00090	0.10475
6	0.00231	0.00129	0.00195	0.04048	0.00216	0.00132	0.01911	0.00194	0.00187	0.00252	0.00258	0.00447	0.00256	0.07337	0.05371	0.76939	0.00134	0.00125	0.01570	0.00070
7	0.00176	0.00131	0.00166	0.00190	0.00206	0.00125	0.00131	0.00225	0.06275	0.00363	0.02255	0.76897	0.08829	0.00395	0.00168	0.00053	0.00080	0.03094	0.00126	0.00117
8	0.00173	0.00127	0.00170	0.00191	0.00205	0.00120	0.01545	0.00207	0.02108	0.00359	0.06671	0.78018	0.03383	0.04384	0.00191	0.00056	0.00082	0.01775	0.00124	0.00112
9	0.06606	0.03010	0.08604	0.12361	0.37937	0.10846	0.05886	0.01230	0.04862	0.06191	0.00271	0.00327	0.00211	0.00130	0.00128	0.00040	0.00168	0.00114	0.00076	0.00999
10	0.00266	0.00249	0.00419	0.76486	0.10043	0.00297	0.03445	0.02594	0.00282	0.00367	0.00263	0.04223	0.00213	0.00144	0.00136	0.00045	0.00174	0.00131	0.00065	0.00157
11	0.00177	0.00130	0.00156	0.00167	0.00196	0.00116	0.00120	0.00211	0.00296	0.02705	0.13089	0.42299	0.37067	0.00363	0.00164	0.00049	0.00074	0.02375	0.00129	0.00116
12	0.03056	0.00336	0.03163	0.11234	0.44770	0.05604	0.12773	0.07412	0.01430	0.06219	0.02534	0.00354	0.00238	0.00132	0.00135	0.00041	0.00168	0.00125	0.00080	0.00196
13	0.01788	0.00244	0.01316	0.05685	0.09187	0.02646	0.03053	0.07883	0.02355	0.34273	0.14042	0.05667	0.04985	0.00200	0.00142	0.00043	0.00120	0.03539	0.00129	0.02703

[dist]
# distance from previous block
# <min> <max>
3	13

[block]
# block no. 11 follows, 240 sequences, length 17
# corresponding to MSA columns:
# 2917-2933
name=unknown_L
#
# <colnr> <probs for GDERKNQSTAVLIFYWHMCP>
#	G	D	E	R	K	N	Q	S	T	A	V	L	I	F	Y	W	H	M	C	P
0	0.01865	0.75022	0.02254	0.00246	0.01404	0.05817	0.00231	0.04929	0.02626	0.00354	0.00214	0.00258	0.00194	0.03965	0.00117	0.00035	0.00148	0.00083	0.00065	0.00172
1	0.11393	0.03326	0.09975	0.01100	0.01936	0.01828	0.22649	0.11116	0.00894	0.24914	0.01423	0.00388	0.00258	0.00145	0.00132	0.00041	0.00155	0.02890	0.00105	0.05331
2	0.00478	0.00599	0.00364	0.00331	0.00399	0.86427	0.00249	0.02024	0.00381	0.00344	0.03047	0.00310	0.04180	0.00151	0.00124	0.00035	0.00228	0.00100	0.00075	0.00154
3	0.00317	0.00298	0.00514	0.24826	0.64825	0.00312	0.04177	0.00400	0.00298	0.02380	0.00255	0.00342	0.00206	0.00124	0.00134	0.00041	0.00166	0.00121	0.00067	0.00195
4	0.13880	0.00192	0.00285	0.00254	0.00301	0.00192	0.16078	0.02814	0.00276	0.02082	0.05536	0.45015	0.00599	0.04151	0.07656	0.00066	0.00133	0.00255	0.00105	0.00132
5	0.00204	0.00153	0.00223	0.00219	0.00247	0.00177	0.00171	0.03897	0.00232	0.00332	0.00358	0.00519	0.00331	0.00973	0.91061	0.00209	0.00351	0.00143	0.00074	0.00124
6	0.00463	0.00208	0.00262	0.00212	0.00291	0.00194	0.00171	0.08388	0.02150	0.53033	0.10822	0.00516	0.00430	0.00176	0.00128	0.00039	0.00099	0.00144	0.22080	0.00193
7	0.08198	0.00310	0.00345	0.00269	0.00369	0.00327	0.00221	0.52614	0.02304	0.28552	0.02288	0.00376	0.00280	0.00162	0.00130	0.00041	0.00129	0.00124	0.02744	0.00216
8	0.00269	0.00694	0.94588	0.00382	0.00581	0.00312	0.00496	0.00425	0.00283	0.00425	0.00241	0.00283	0.00170	0.00127	0.00127	0.00042	0.00198	0.00099	0.00057	0.00198
9	0.00173	0.00136	0.00158	0.00167	0.00200	0.00122	0.00125	0.00217	0.01763	0.00389	0.14141	0.23969	0.47467	0.00351	0.00164	0.00049	0.00076	0.10090	0.00128	0.00117
10	0.00173	0.00123	0.00160	0.00186	0.00199	0.00116	0.00128	0.00208	0.02091	0.00362	0.03722	0.80894	0.03247	0.00397	0.00167	0.00053	0.00079	0.03583	0.04000	0.00113
11	0.01849	0.00273	0.00334	0.00258	0.00361	0.00266	0.00213	0.28119	0.03379	0.61541	0.00463	0.00416	0.00302	0.00164	0.00134	0.00041	0.00123	0.00130	0.01409	0.00225
12	0.00164	0.00136	0.00145	0.00146	0.00187	0.00116	0.00110	0.00202	0.00313	0.00384	0.12519	0.05763	0.75770	0.00337	0.00160	0.00046	0.00070	0.03192	0.00127	0.00115
13	0.00169	0.00121	0.00159	0.00186	0.00197	0.00114	0.00126	0.00200	0.01583	0.00357	0.04647	0.83596	0.03490	0.01395	0.00174	0.00054	0.00078	0.01799	0.01443	0.00111
14	0.00180	0.00123	0.00163	0.00188	0.00201	0.00115	0.00129	0.00208	0.00268	0.02834	0.05162	0.81577	0.00872	0.01467	0.00175	0.00054	0.00080	0.04191	0.01899	0.00114
15	0.02303	0.00362	0.00744	0.00536	0.00666	0.02188	0.84359	0.04911	0.00330	0.00450	0.00278	0.01712	0.00213	0.00121	0.00155	0.00045	0.00218	0.00157	0.00072	0.00181
16	0.09641	0.14317	0.01998	0.01124	0.00371	0.39519	0.01399	0.09795	0.04492	0.03289	0.00302	0.08428	0.01023	0.00169	0.00128	0.00039	0.02269	0.01447	0.00087	0.00165

[dist]
# distance from previous block
# <min> <max>
7	17

[block]
# block no. 12 follows, 240 sequences, length 14
# corresponding to MSA columns:
# 2988-3001
name=unknown_M
#
# <colnr> <probs for GDERKNQSTAVLIFYWHMCP>
#	G	D	E	R	K	N	Q	S	T	A	V	L	I	F	Y	W	H	M	C	P
0	0.67530	0.00267	0.02282	0.00220	0.04037	0.02011	0.00172	0.01539	0.02856	0.08633	0.00280	0.01757	0.02980	0.00151	0.00111	0.02218	0.01228	0.00097	0.01476	0.00156
1	0.04717	0.13872	0.39527	0.00414	0.13325	0.03535	0.09506	0.04265	0.04161	0.02997	0.00268	0.00326	0.00208	0.00133	0.00125	0.00041	0.00175	0.02140	0.00072	0.00192
2	0.01412	0.00260	0.09022	0.04187	0.11143	0.04315	0.03777	0.03832	0.01341	0.03650	0.03494	0.28791	0.05899	0.01158	0.00167	0.00050	0.02342	0.14906	0.00104	0.00149
3	0.18144	0.41636	0.07077	0.00277	0.01536	0.24060	0.02367	0.02854	0.00303	0.00397	0.00202	0.00235	0.00170	0.00125	0.00101	0.00034	0.00167	0.00081	0.00067	0.00167
4	0.81406	0.00254	0.00215	0.00188	0.00269	0.00290	0.00155	0.00412	0.00242	0.09814	0.00221	0.00248	0.00167	0.00140	0.00110	0.02359	0.03187	0.00081	0.00090	0.00151
5	0.00178	0.00139	0.00162	0.00159	0.00197	0.00125	0.00121	0.00232	0.01858	0.00447	0.43605	0.03826	0.43826	0.00311	0.00160	0.00045	0.00069	0.04282	0.00135	0.00121
6	0.00341	0.76329	0.19581	0.00260	0.00392	0.00487	0.00283	0.00406	0.00275	0.00338	0.00197	0.00229	0.00172	0.00117	0.00094	0.00031	0.00155	0.00077	0.00057	0.00177
7	0.03601	0.00215	0.02040	0.00218	0.01993	0.00939	0.00169	0.06004	0.20505	0.09900	0.32328	0.01658	0.15597	0.00232	0.00144	0.00043	0.00091	0.00196	0.02861	0.01268
8	0.00188	0.00133	0.00170	0.00189	0.00208	0.00125	0.00133	0.01840	0.01725	0.02583	0.08727	0.65917	0.09116	0.01930	0.00176	0.00054	0.00082	0.06458	0.00127	0.00118
9	0.00164	0.00117	0.00156	0.00187	0.00195	0.00109	0.00125	0.00187	0.00257	0.00343	0.00740	0.95196	0.00888	0.00420	0.00171	0.00055	0.00078	0.00382	0.00125	0.00109
10	0.03747	0.00341	0.02993	0.05337	0.19240	0.01294	0.53391	0.01243	0.03639	0.00439	0.01341	0.01180	0.00234	0.00130	0.00152	0.00044	0.01885	0.01582	0.00073	0.01716
11	0.01706	0.00242	0.01267	0.00313	0.00397	0.00223	0.30020	0.04544	0.00356	0.18052	0.27463	0.03537	0.07505	0.00199	0.00150	0.00043	0.00131	0.00190	0.03494	0.00167
12	0.00181	0.00125	0.00164	0.00183	0.00200	0.00115	0.00126	0.00213	0.00285	0.03275	0.16919	0.71202	0.05745	0.00383	0.00167	0.00052	0.00076	0.00345	0.00130	0.00116
13	0.00540	0.00323	0.00359	0.00278	0.00380	0.05012	0.00228	0.49207	0.00508	0.38967	0.00403	0.00386	0.00274	0.02317	0.00146	0.00043	0.00138	0.00127	0.00143	0.00221

[dist]
# distance from previous block
# <min> <max>
0	2

[block]
# block no. 13 follows, 240 sequences, length 9
# corresponding to MSA columns:
# 3004-3006,3009,3011-3013,3021,3022
name=unknown_N
#
# <colnr> <probs for GDERKNQSTAVLIFYWHMCP>
#	G	D	E	R	K	N	Q	S	T	A	V	L	I	F	Y	W	H	M	C	P
0	0.02502	0.00214	0.00312	0.01914	0.00331	0.01389	0.12926	0.02899	0.04175	0.06619	0.22844	0.06143	0.02980	0.03753	0.09496	0.01107	0.05491	0.07738	0.00109	0.07059
1	0.00193	0.00139	0.00191	0.00191	0.00207	0.00154	0.00137	0.00224	0.00208	0.00293	0.00382	0.00651	0.00389	0.34249	0.61583	0.00185	0.00279	0.00162	0.00075	0.00106
2	0.00308	0.00293	0.00495	0.22357	0.66521	0.00311	0.00392	0.00388	0.00294	0.00412	0.00265	0.00382	0.00225	0.00136	0.00145	0.00042	0.03060	0.03714	0.00067	0.00193
3	0.02535	0.00289	0.00419	0.50729	0.21309	0.04622	0.00343	0.11355	0.00326	0.03223	0.00261	0.00350	0.00201	0.01793	0.00141	0.00044	0.00168	0.00118	0.00075	0.01700
4	0.00301	0.00287	0.00437	0.28984	0.20912	0.02684	0.02270	0.00362	0.00258	0.02858	0.00228	0.00332	0.00194	0.00193	0.02723	0.00053	0.36577	0.00120	0.00064	0.00164
5	0.00372	0.63109	0.08802	0.00265	0.00373	0.20033	0.00254	0.00422	0.00295	0.00329	0.00221	0.04565	0.00205	0.00135	0.00101	0.00032	0.00166	0.00091	0.00063	0.00168
6	0.00273	0.00233	0.00273	0.00197	0.00311	0.00176	0.00157	0.00333	0.00284	0.00443	0.05640	0.00320	0.00260	0.00109	0.00103	0.00021	0.00097	0.00089	0.00083	0.90597
7	0.04271	0.03005	0.03524	0.05956	0.16822	0.05975	0.02364	0.29552	0.08325	0.08544	0.05376	0.00407	0.03338	0.00161	0.00138	0.00041	0.01765	0.00131	0.00108	0.00198
8	0.04819	0.16163	0.01693	0.00295	0.03341	0.08013	0.00238	0.27354	0.29628	0.02670	0.00371	0.00378	0.01457	0.00161	0.00129	0.00040	0.01630	0.01312	0.00111	0.00199

[dist]
# distance from previous block
# <min> <max>
0	1

[block]
# block no. 14 follows, 240 sequences, length 20
# corresponding to MSA columns:
# 3035-3048,3051-3056
name=unknown_O
#
# <colnr> <probs for GDERKNQSTAVLIFYWHMCP>
#	G	D	E	R	K	N	Q	S	T	A	V	L	I	F	Y	W	H	M	C	P
0	0.12988	0.05266	0.00939	0.04035	0.05178	0.03359	0.02004	0.11480	0.04957	0.37115	0.01373	0.03079	0.02766	0.00162	0.00126	0.00040	0.00126	0.00129	0.00123	0.04753
1	0.00317	0.38868	0.51938	0.00318	0.00477	0.02711	0.00376	0.02883	0.00291	0.00390	0.00220	0.00256	0.00172	0.00124	0.00111	0.00037	0.00176	0.00088	0.00059	0.00188
2	0.00269	0.00694	0.94588	0.00382	0.00581	0.00312	0.00496	0.00425	0.00283	0.00425	0.00241	0.00283	0.00170	0.00127	0.00127	0.00042	0.00198	0.00099	0.00057	0.00198
3	0.01364	0.00335	0.15888	0.01083	0.00438	0.02059	0.23724	0.00447	0.18615	0.08723	0.02858	0.04176	0.12236	0.04255	0.01160	0.00050	0.01325	0.00987	0.00101	0.00175
4	0.00269	0.00694	0.94588	0.00382	0.00581	0.00312	0.00496	0.00425	0.00283	0.00425	0.00241	0.00283	0.00170	0.00127	0.00127	0.00042	0.00198	0.00099	0.00057	0.00198
5	0.00208	0.00145	0.00198	0.00215	0.00238	0.00149	0.00172	0.00252	0.00265	0.01457	0.00585	0.08531	0.00633	0.19150	0.18063	0.00103	0.00165	0.48029	0.01329	0.00115
6	0.00209	0.00149	0.00207	0.00233	0.00262	0.00147	0.00198	0.00267	0.00312	0.00411	0.10729	0.09982	0.00836	0.00365	0.00181	0.00059	0.00113	0.75091	0.00126	0.00123
7	0.00264	0.00655	0.87649	0.00371	0.00556	0.00303	0.00472	0.00411	0.00280	0.00418	0.00260	0.03677	0.00199	0.00158	0.02129	0.00047	0.01787	0.00110	0.00059	0.00193
8	0.00501	0.00640	0.00380	0.00346	0.00415	0.94745	0.00259	0.00536	0.00380	0.00328	0.00207	0.00242	0.00173	0.00138	0.00121	0.00035	0.00242	0.00086	0.00069	0.00156
9	0.00173	0.00125	0.00161	0.00183	0.00198	0.00118	0.00127	0.00209	0.01742	0.00371	0.10282	0.68120	0.08834	0.01950	0.01231	0.00055	0.00081	0.03788	0.02139	0.00113
10	0.00195	0.00131	0.00150	0.00150	0.00152	0.00132	0.00086	0.00199	0.00201	0.00270	0.03007	0.00867	0.00503	0.88665	0.04662	0.00131	0.00138	0.00194	0.00083	0.00084
11	0.01969	0.64776	0.05024	0.00264	0.00371	0.21438	0.00248	0.02493	0.01731	0.00344	0.00202	0.00231	0.00177	0.00123	0.00098	0.00031	0.00167	0.00079	0.00063	0.00171
12	0.02149	0.00208	0.00235	0.00197	0.00264	0.00210	0.00157	0.18691	0.04185	0.22877	0.04026	0.01360	0.02614	0.00171	0.00118	0.00037	0.00094	0.00137	0.42097	0.00173
13	0.00168	0.00121	0.00160	0.00189	0.00199	0.00114	0.00128	0.00198	0.01681	0.00350	0.01932	0.88872	0.01988	0.00413	0.00171	0.00054	0.00079	0.02947	0.00125	0.00111
14	0.00258	0.00138	0.00139	0.00136	0.00171	0.00141	0.00103	0.02273	0.04704	0.00508	0.00456	0.00510	0.01885	0.00161	0.00098	0.00032	0.00066	0.00129	0.87960	0.00131
15	0.00449	0.00306	0.00335	0.00267	0.00354	0.00331	0.00216	0.63413	0.01941	0.08552	0.00377	0.03944	0.00290	0.02820	0.03518	0.00049	0.00138	0.00136	0.12362	0.00202
16	0.00378	0.00213	0.00250	0.00213	0.00278	0.00213	0.00168	0.22320	0.02389	0.23611	0.10080	0.14592	0.02951	0.00216	0.00134	0.00041	0.00099	0.00181	0.21501	0.00174
17	0.00166	0.00119	0.00158	0.00185	0.00195	0.00111	0.00125	0.00194	0.00270	0.00363	0.10592	0.85285	0.00927	0.00405	0.00170	0.00053	0.00076	0.00367	0.00127	0.00111
18	0.01587	0.02694	0.03704	0.00252	0.00305	0.00200	0.03707	0.06654	0.02495	0.07069	0.01220	0.10596	0.05625	0.03328	0.00186	0.00056	0.01411	0.48649	0.00119	0.00144
19	0.01172	0.00879	0.22004	0.00691	0.01097	0.00633	0.00734	0.01689	0.04525	0.03273	0.05328	0.25334	0.01027	0.05366	0.05871	0.00617	0.04312	0.01203	0.01835	0.12409

[dist]
# distance from previous block
# <min> <max>
1	20

[block]
# block no. 15 follows, 240 sequences, length 22
# corresponding to MSA columns:
# 3081-3100,3111,3112
name=unknown_P
#
# <colnr> <probs for GDERKNQSTAVLIFYWHMCP>
#	G	D	E	R	K	N	Q	S	T	A	V	L	I	F	Y	W	H	M	C	P
0	0.04547	0.01621	0.25998	0.03967	0.01156	0.03231	0.00951	0.16220	0.01562	0.10798	0.01027	0.11348	0.00991	0.00171	0.00128	0.00039	0.00143	0.00139	0.00561	0.15401
