[name]
unknown

[dist]
# distance from previous block
# <min> <max>
0	842

[block]
# block no. 0 follows, 256 sequences, length 6
# corresponding to MSA columns:
# 1045-1050
name=unknown_A
#
# <colnr> <probs for GDERKNQSTAVLIFYWHMCP>
#	G	D	E	R	K	N	Q	S	T	A	V	L	I	F	Y	W	H	M	C	P
0	0.08207	0.12988	0.08243	0.20222	0.04118	0.05128	0.01554	0.06577	0.03053	0.04633	0.02598	0.05018	0.01680	0.02931	0.03786	0.00981	0.03723	0.02293	0.00926	0.01340
1	0.03944	0.37937	0.10592	0.04506	0.05986	0.18692	0.03177	0.04019	0.03563	0.04480	0.00224	0.00256	0.00181	0.00123	0.00110	0.00034	0.01853	0.00088	0.00068	0.00168
2	0.05482	0.23243	0.37577	0.05468	0.08017	0.02847	0.02657	0.07225	0.00293	0.02855	0.00257	0.00292	0.03016	0.00126	0.00111	0.00037	0.00158	0.00097	0.00066	0.00176
3	0.01826	0.15107	0.38434	0.04778	0.05687	0.04710	0.03412	0.06520	0.01710	0.03510	0.02113	0.02337	0.01491	0.01518	0.03142	0.00044	0.01668	0.00109	0.00070	0.01812
4	0.04642	0.05047	0.07725	0.00198	0.00263	0.01792	0.03830	0.03824	0.00298	0.08894	0.05308	0.09449	0.42012	0.00275	0.02866	0.00047	0.00104	0.03183	0.00108	0.00135
5	0.05763	0.16391	0.17134	0.03872	0.03462	0.03849	0.03929	0.21496	0.01618	0.04503	0.05191	0.03738	0.00280	0.00169	0.02140	0.00041	0.01906	0.02445	0.00087	0.01983

[dist]
# distance from previous block
# <min> <max>
4	44

[block]
# block no. 1 follows, 256 sequences, length 17
# corresponding to MSA columns:
# 1119-1129,1135-1140
name=unknown_B
#
# <colnr> <probs for GDERKNQSTAVLIFYWHMCP>
#	G	D	E	R	K	N	Q	S	T	A	V	L	I	F	Y	W	H	M	C	P
0	0.05106	0.12362	0.30542	0.01198	0.02773	0.06143	0.03005	0.11232	0.02688	0.05136	0.02070	0.01933	0.00880	0.00910	0.10792	0.00057	0.02815	0.00110	0.00076	0.00170
1	0.03098	0.23764	0.24680	0.01534	0.00386	0.01977	0.00789	0.22200	0.02559	0.02095	0.02796	0.09273	0.00284	0.00168	0.00987	0.00039	0.00706	0.01800	0.00085	0.00780
2	0.02632	0.15465	0.44202	0.04497	0.06977	0.01820	0.01448	0.08832	0.01016	0.02423	0.02034	0.02920	0.02252	0.00142	0.00709	0.00039	0.00747	0.00108	0.00070	0.01668
3	0.03577	0.23390	0.31033	0.00746	0.01543	0.03366	0.01142	0.11473	0.01462	0.02157	0.01491	0.04766	0.02145	0.02452	0.07031	0.00051	0.01822	0.00114	0.00073	0.00166
4	0.02634	0.19438	0.30900	0.01059	0.02864	0.01212	0.01271	0.06923	0.01317	0.08580	0.02992	0.05291	0.04519	0.01722	0.05494	0.00048	0.00152	0.00684	0.00080	0.02818
5	0.04293	0.19151	0.32501	0.04610	0.04111	0.08221	0.07223	0.01686	0.02724	0.05230	0.03720	0.01555	0.01080	0.00135	0.00121	0.00037	0.01902	0.00712	0.00070	0.00918
6	0.02988	0.02823	0.80585	0.00343	0.00512	0.04510	0.00426	0.00410	0.03762	0.00402	0.00242	0.02013	0.00180	0.00127	0.00119	0.00040	0.00180	0.00098	0.00059	0.00182
7	0.00349	0.05472	0.00323	0.00265	0.00341	0.08843	0.00210	0.11308	0.70280	0.00527	0.00444	0.00416	0.00334	0.00162	0.00124	0.00041	0.00118	0.00130	0.00119	0.00195
8	0.04735	0.00206	0.01606	0.00203	0.00287	0.00176	0.00165	0.01328	0.02126	0.47070	0.10350	0.07744	0.04801	0.00179	0.00124	0.00036	0.00096	0.00149	0.00128	0.18489
9	0.03162	0.12172	0.03591	0.06589	0.00455	0.00294	0.25334	0.00469	0.03810	0.33273	0.00327	0.00347	0.00231	0.00138	0.00149	0.00040	0.07909	0.00120	0.00096	0.01492
10	0.00284	0.05334	0.75097	0.02605	0.00533	0.00302	0.05354	0.03068	0.00282	0.05640	0.00243	0.00279	0.00172	0.00122	0.00120	0.00039	0.00179	0.00098	0.00062	0.00186
11	0.00309	0.00271	0.00457	0.21031	0.55273	0.00280	0.05427	0.00392	0.02656	0.07708	0.03571	0.00366	0.01436	0.00128	0.00128	0.00039	0.00149	0.00122	0.00074	0.00183
12	0.00278	0.00242	0.00405	0.67047	0.22636	0.00279	0.00349	0.00357	0.00268	0.06582	0.00246	0.00338	0.00185	0.00125	0.00126	0.00041	0.00160	0.00113	0.00064	0.00159
13	0.00184	0.00145	0.00195	0.03028	0.04802	0.01133	0.01427	0.00229	0.03908	0.01009	0.08013	0.62903	0.06867	0.01706	0.00167	0.00049	0.02111	0.01895	0.00112	0.00117
14	0.00258	0.00250	0.00398	0.77871	0.14633	0.03795	0.00353	0.00339	0.00262	0.00336	0.00226	0.00329	0.00173	0.00125	0.00126	0.00041	0.00168	0.00111	0.00057	0.00149
15	0.00171	0.00124	0.00166	0.04406	0.00218	0.00121	0.00131	0.00198	0.00250	0.01590	0.07412	0.70189	0.03300	0.06644	0.00196	0.00055	0.02108	0.02504	0.00113	0.00107
16	0.00523	0.00217	0.00285	0.00223	0.00315	0.00195	0.00183	0.03805	0.05593	0.80157	0.00545	0.00480	0.06544	0.00168	0.00129	0.00040	0.00105	0.00137	0.00151	0.00207

[dist]
# distance from previous block
# <min> <max>
0	8

[block]
# block no. 2 follows, 256 sequences, length 9
# corresponding to MSA columns:
# 1149-1157
name=unknown_C
#
# <colnr> <probs for GDERKNQSTAVLIFYWHMCP>
#	G	D	E	R	K	N	Q	S	T	A	V	L	I	F	Y	W	H	M	C	P
0	0.00297	0.05463	0.15894	0.08502	0.46876	0.01340	0.05611	0.00387	0.03317	0.02557	0.00265	0.01586	0.00221	0.00138	0.00139	0.02274	0.01840	0.03047	0.00067	0.00181
1	0.01729	0.05195	0.19726	0.11250	0.05804	0.04476	0.11882	0.02207	0.04112	0.09593	0.01665	0.17462	0.01793	0.00183	0.00135	0.00042	0.01097	0.01402	0.00086	0.00162
2	0.00201	0.00155	0.00225	0.00213	0.00242	0.00174	0.03101	0.05284	0.00238	0.00335	0.04402	0.04060	0.04898	0.04065	0.69058	0.00162	0.02833	0.00154	0.00078	0.00119
3	0.00160	0.00143	0.05235	0.00179	0.00202	0.00115	0.00134	0.00193	0.00257	0.00341	0.06895	0.72540	0.12412	0.00363	0.00157	0.00049	0.00077	0.00325	0.00115	0.00109
4	0.03453	0.15413	0.45773	0.01640	0.06184	0.01516	0.02711	0.03194	0.00286	0.11097	0.00268	0.00329	0.00206	0.00136	0.00127	0.00039	0.03290	0.04085	0.00072	0.00180
5	0.02334	0.03810	0.08002	0.02945	0.28048	0.18556	0.17496	0.08811	0.04197	0.01530	0.00246	0.00299	0.00194	0.00125	0.00133	0.00038	0.02874	0.00111	0.00072	0.00179
6	0.00177	0.00136	0.00168	0.00181	0.01921	0.00129	0.00128	0.02375	0.03523	0.00375	0.15547	0.37200	0.24522	0.03155	0.05492	0.00057	0.00091	0.04593	0.00116	0.00114
7	0.03598	0.04383	0.16094	0.38938	0.18076	0.00300	0.11360	0.02442	0.00276	0.03009	0.00237	0.00313	0.00179	0.00121	0.00124	0.00040	0.00167	0.00111	0.00063	0.00167
8	0.03269	0.04439	0.17209	0.07126	0.11591	0.08860	0.08836	0.02846	0.04030	0.15730	0.01074	0.03758	0.01189	0.00151	0.00150	0.00041	0.08560	0.00883	0.00083	0.00174

[dist]
# distance from previous block
# <min> <max>
5	49

[block]
# block no. 3 follows, 256 sequences, length 8
# corresponding to MSA columns:
# 1222-1227,1234,1235
name=unknown_D
#
# <colnr> <probs for GDERKNQSTAVLIFYWHMCP>
#	G	D	E	R	K	N	Q	S	T	A	V	L	I	F	Y	W	H	M	C	P
0	0.12894	0.21026	0.15599	0.03037	0.04531	0.01936	0.05451	0.06686	0.05010	0.15343	0.01655	0.03252	0.00237	0.00137	0.00111	0.00037	0.00136	0.00108	0.00087	0.02728
1	0.01597	0.06373	0.09608	0.06710	0.04861	0.00203	0.02873	0.01916	0.01682	0.04292	0.08115	0.05523	0.15556	0.20030	0.00242	0.00058	0.01272	0.04486	0.00979	0.03624
2	0.06749	0.27029	0.16806	0.11548	0.03112	0.01388	0.05578	0.01549	0.02432	0.03110	0.01935	0.09131	0.03328	0.00154	0.00117	0.00037	0.01349	0.00125	0.00073	0.04450
3	0.04336	0.20806	0.10843	0.23649	0.07500	0.02566	0.03468	0.04088	0.10361	0.04042	0.02199	0.00341	0.00236	0.00153	0.01165	0.00043	0.03836	0.00111	0.00079	0.00176
4	0.02411	0.51116	0.11008	0.02654	0.00384	0.03522	0.03567	0.16079	0.00321	0.04257	0.00231	0.02197	0.00191	0.00128	0.00106	0.00033	0.01457	0.00092	0.00073	0.00173
5	0.03881	0.00178	0.00227	0.05230	0.00278	0.04229	0.04264	0.01977	0.00277	0.13201	0.06440	0.42483	0.05946	0.00313	0.03461	0.03946	0.01081	0.01266	0.00110	0.01213
6	0.00176	0.00130	0.00154	0.00152	0.00186	0.00116	0.00114	0.00220	0.00314	0.02934	0.40378	0.08471	0.39672	0.02428	0.00162	0.00044	0.00068	0.04041	0.00127	0.00114
7	0.13268	0.01561	0.01802	0.02416	0.03078	0.04013	0.02221	0.14574	0.02603	0.46448	0.06439	0.00394	0.00313	0.00152	0.00121	0.00039	0.00119	0.00121	0.00126	0.00191

[dist]
# distance from previous block
# <min> <max>
1	8

[block]
# block no. 4 follows, 256 sequences, length 25
# corresponding to MSA columns:
# 1244,1247-1252,1255-1272
name=unknown_E
#
# <colnr> <probs for GDERKNQSTAVLIFYWHMCP>
#	G	D	E	R	K	N	Q	S	T	A	V	L	I	F	Y	W	H	M	C	P
0	0.00234	0.00217	0.00359	0.78436	0.03291	0.00264	0.01130	0.00314	0.00934	0.00330	0.00305	0.03189	0.04263	0.01009	0.00139	0.00044	0.01531	0.03809	0.00064	0.00139
1	0.00155	0.00111	0.00148	0.00177	0.00185	0.00104	0.00119	0.00178	0.00243	0.00324	0.00696	0.93363	0.00834	0.00395	0.00162	0.00051	0.00074	0.02460	0.00117	0.00103
2	0.00290	0.00312	0.05051	0.11580	0.35913	0.02317	0.31177	0.00375	0.00286	0.01325	0.01044	0.03433	0.01638	0.00136	0.00140	0.00041	0.01566	0.03135	0.00068	0.00173
3	0.00291	0.08150	0.41907	0.03912	0.07730	0.00916	0.16444	0.02759	0.03095	0.03861	0.00262	0.01166	0.01124	0.00810	0.01185	0.00043	0.05991	0.00112	0.00066	0.00177
4	0.00329	0.67392	0.19304	0.01016	0.02062	0.02465	0.01133	0.01670	0.00270	0.02523	0.00743	0.00231	0.00173	0.00114	0.00093	0.00031	0.00148	0.00078	0.00058	0.00169
5	0.00257	0.00757	0.00277	0.01828	0.00292	0.01684	0.12894	0.02271	0.02522	0.12111	0.47380	0.05023	0.07851	0.01969	0.00675	0.00043	0.00890	0.01014	0.00122	0.00141
6	0.00263	0.02293	0.01187	0.02393	0.01714	0.00155	0.00890	0.05001	0.00288	0.18601	0.00615	0.57506	0.03304	0.00836	0.00152	0.00048	0.00092	0.04406	0.00120	0.00136
7	0.01045	0.01931	0.79395	0.01046	0.02850	0.00292	0.02866	0.03036	0.00280	0.03137	0.01097	0.01115	0.01095	0.00127	0.00121	0.00040	0.00178	0.00102	0.00061	0.00185
8	0.01637	0.04126	0.12905	0.01869	0.08417	0.04248	0.28994	0.06484	0.08466	0.09132	0.01720	0.03564	0.00755	0.00145	0.00152	0.00041	0.06953	0.00132	0.00083	0.00177
9	0.01325	0.00307	0.03873	0.07554	0.30532	0.00310	0.02740	0.27829	0.08338	0.11649	0.00975	0.00352	0.00721	0.01314	0.00137	0.00040	0.01591	0.00119	0.00098	0.00196
10	0.88419	0.00256	0.00209	0.02215	0.00272	0.02254	0.01968	0.02449	0.00229	0.00559	0.00182	0.00213	0.00141	0.00118	0.00082	0.00039	0.00105	0.00072	0.00078	0.00140
11	0.00280	0.00268	0.00453	0.36312	0.49470	0.00982	0.03496	0.00359	0.00892	0.00373	0.00244	0.01731	0.00202	0.00139	0.01636	0.00043	0.02263	0.00623	0.00062	0.00172
12	0.00197	0.00141	0.00186	0.00188	0.00213	0.01168	0.02580	0.00922	0.00857	0.05311	0.18780	0.50875	0.10001	0.00988	0.00171	0.01538	0.02774	0.02875	0.00119	0.00116
13	0.00249	0.00234	0.00396	0.14227	0.03454	0.00768	0.22121	0.02497	0.01650	0.00343	0.00279	0.01593	0.00250	0.07906	0.24939	0.00922	0.16033	0.00135	0.00682	0.01322
14	0.00244	0.01086	0.00967	0.53211	0.18676	0.00263	0.00954	0.00321	0.02340	0.00348	0.02599	0.07511	0.03459	0.02155	0.01987	0.00047	0.03475	0.00141	0.00068	0.00147
15	0.00644	0.02916	0.07010	0.08723	0.16445	0.03438	0.09498	0.04861	0.01004	0.04112	0.01386	0.12395	0.01252	0.11864	0.03014	0.01400	0.05408	0.01212	0.00861	0.02557
16	0.00671	0.00130	0.00156	0.01995	0.01102	0.00117	0.00117	0.00207	0.00302	0.00397	0.33586	0.16513	0.41450	0.00909	0.00953	0.00045	0.00070	0.01046	0.00122	0.00112
17	0.03188	0.00219	0.00289	0.00224	0.00319	0.00196	0.00184	0.03769	0.01902	0.85024	0.01577	0.00427	0.00316	0.00157	0.00125	0.00039	0.00107	0.00126	0.01602	0.00210
18	0.03419	0.32148	0.09413	0.01926	0.12800	0.02904	0.01579	0.21176	0.02238	0.06785	0.01041	0.01140	0.00211	0.01071	0.00119	0.00036	0.01630	0.00100	0.00082	0.00182
19	0.02097	0.12984	0.16885	0.16413	0.11415	0.06197	0.10408	0.07636	0.06864	0.02350	0.00268	0.00754	0.01221	0.00133	0.00130	0.00039	0.03041	0.00921	0.00072	0.00172
20	0.00169	0.00122	0.00158	0.00168	0.00186	0.00119	0.00119	0.00202	0.00254	0.00347	0.15788	0.37381	0.11284	0.10331	0.18019	0.00084	0.00125	0.01740	0.03297	0.00106
21	0.00952	0.11166	0.08542	0.03844	0.04063	0.03259	0.16508	0.09512	0.02079	0.11202	0.05478	0.12711	0.05568	0.00479	0.00133	0.00040	0.00548	0.00964	0.00790	0.02160
22	0.03970	0.04415	0.03986	0.02226	0.09125	0.03775	0.03634	0.01892	0.02948	0.08145	0.01330	0.07814	0.04250	0.21136	0.03296	0.01977	0.01301	0.01054	0.01806	0.11920
23	0.02000	0.06660	0.07664	0.00228	0.00708	0.00612	0.02069	0.10591	0.03990	0.04176	0.03510	0.03929	0.02235	0.00767	0.02826	0.00541	0.02584	0.00110	0.01270	0.43529
24	0.06981	0.16887	0.17616	0.02434	0.06452	0.04896	0.06977	0.08512	0.06235	0.06158	0.04421	0.06078	0.02585	0.00808	0.00124	0.00038	0.00984	0.00126	0.00084	0.01601

[dist]
# distance from previous block
# <min> <max>
6	22

[block]
# block no. 5 follows, 256 sequences, length 10
# corresponding to MSA columns:
# 1333,1334,1338-1343,1346,1347
name=unknown_F
#
# <colnr> <probs for GDERKNQSTAVLIFYWHMCP>
#	G	D	E	R	K	N	Q	S	T	A	V	L	I	F	Y	W	H	M	C	P
0	0.28198	0.02709	0.01546	0.09320	0.06150	0.04621	0.01395	0.05485	0.02261	0.12132	0.03380	0.01549	0.00239	0.00181	0.01316	0.09422	0.04778	0.00106	0.02230	0.02983
1	0.06852	0.14407	0.03396	0.00310	0.01893	0.14781	0.04178	0.00358	0.00242	0.01824	0.00206	0.03482	0.00193	0.01400	0.00262	0.00046	0.45856	0.00108	0.00063	0.00146
2	0.02939	0.01473	0.02896	0.15744	0.19501	0.06717	0.16000	0.09512	0.14329	0.02177	0.00289	0.00350	0.00227	0.03077	0.00149	0.00912	0.01217	0.00121	0.00080	0.02290
3	0.05468	0.03695	0.05259	0.04729	0.08381	0.01521	0.14347	0.05636	0.01836	0.00388	0.00453	0.35796	0.03561	0.02021	0.00164	0.00046	0.04868	0.01600	0.00090	0.00142
4	0.04449	0.00291	0.00303	0.00241	0.00331	0.06415	0.00194	0.33197	0.11724	0.14287	0.03342	0.00354	0.00274	0.00144	0.00116	0.00034	0.00118	0.00112	0.05121	0.18953
5	0.00200	0.00148	0.00176	0.00168	0.00206	0.00142	0.00125	0.00286	0.11984	0.02787	0.46235	0.11447	0.19028	0.01767	0.00152	0.00043	0.00070	0.00231	0.02745	0.02061
6	0.00322	0.00283	0.00284	0.00255	0.00324	0.06134	0.00198	0.02698	0.78663	0.02193	0.03458	0.02434	0.01835	0.00178	0.00129	0.00042	0.00107	0.00147	0.00125	0.00191
7	0.18296	0.00243	0.00249	0.00206	0.00279	0.02085	0.00166	0.28358	0.03237	0.17298	0.00350	0.00360	0.00254	0.00145	0.00106	0.00036	0.00103	0.00109	0.27949	0.00171
8	0.00210	0.00134	0.00169	0.00165	0.00200	0.00121	0.00123	0.00254	0.00316	0.10686	0.41228	0.21994	0.21339	0.00293	0.00150	0.00043	0.00070	0.02250	0.00131	0.00123
9	0.01518	0.01265	0.01344	0.00210	0.00287	0.00195	0.00171	0.09246	0.04573	0.49555	0.19829	0.01680	0.03775	0.00184	0.00129	0.00039	0.00097	0.00153	0.05567	0.00182

[dist]
# distance from previous block
# <min> <max>
3	51

[block]
# block no. 6 follows, 256 sequences, length 13
# corresponding to MSA columns:
# 1409-1413,1418-1422,1424,1429,1430
name=unknown_G
#
# <colnr> <probs for GDERKNQSTAVLIFYWHMCP>
#	G	D	E	R	K	N	Q	S	T	A	V	L	I	F	Y	W	H	M	C	P
0	0.02472	0.06231	0.04936	0.06248	0.18137	0.02994	0.05974	0.06675	0.07195	0.03617	0.01121	0.05091	0.00996	0.00139	0.00124	0.00729	0.01553	0.00117	0.00660	0.24992
1	0.00240	0.00181	0.00253	0.10196	0.03747	0.01658	0.02275	0.01734	0.02229	0.05998	0.01592	0.01761	0.01151	0.21274	0.31105	0.03917	0.07942	0.00758	0.01867	0.00122
2	0.10747	0.00158	0.00184	0.00170	0.00219	0.00147	0.00130	0.00310	0.00293	0.21650	0.15172	0.16426	0.25267	0.04987	0.01582	0.00049	0.00086	0.02164	0.00122	0.00134
3	0.00183	0.00129	0.00175	0.00175	0.00188	0.00141	0.00123	0.00207	0.00199	0.00277	0.02168	0.00641	0.02100	0.37002	0.52354	0.03371	0.00238	0.00157	0.00073	0.00097
4	0.00398	0.00300	0.00324	0.00267	0.00351	0.00334	0.00215	0.46202	0.38388	0.05131	0.02587	0.00433	0.02421	0.00170	0.00129	0.00041	0.00118	0.01861	0.00129	0.00203
5	0.17660	0.00212	0.00248	0.00204	0.00280	0.00210	0.00165	0.05670	0.08498	0.42058	0.21196	0.00501	0.00476	0.00173	0.00123	0.00039	0.00095	0.00139	0.01875	0.00177
6	0.12158	0.03703	0.00337	0.01856	0.00357	0.00340	0.00214	0.52480	0.12592	0.10983	0.00333	0.00330	0.00239	0.00165	0.02110	0.00042	0.00129	0.00112	0.01322	0.00197
7	0.00311	0.02178	0.00503	0.02888	0.86009	0.00304	0.00375	0.02011	0.00289	0.00412	0.00244	0.01860	0.00209	0.00120	0.00130	0.00038	0.01745	0.00116	0.00064	0.00196
8	0.02035	0.77878	0.07482	0.00238	0.02009	0.01878	0.00235	0.04315	0.00273	0.00337	0.00191	0.00220	0.00168	0.00112	0.00087	0.00029	0.00138	0.00074	0.02136	0.00165
9	0.42359	0.00208	0.00200	0.01558	0.01997	0.02359	0.00150	0.03997	0.00261	0.04525	0.02824	0.09955	0.01138	0.01142	0.01991	0.00044	0.02217	0.06510	0.16429	0.00135
10	0.06752	0.01968	0.02481	0.04396	0.00891	0.01849	0.01149	0.32681	0.21824	0.02437	0.03887	0.02334	0.01207	0.01638	0.04287	0.00049	0.04347	0.02056	0.03587	0.00178
11	0.00156	0.00123	0.00140	0.00149	0.00179	0.00108	0.00108	0.00188	0.00280	0.00352	0.10240	0.28384	0.53724	0.01955	0.00162	0.00047	0.00069	0.03411	0.00119	0.00107
12	0.00219	0.00179	0.00219	0.00863	0.01027	0.01403	0.05496	0.06892	0.08326	0.02013	0.21207	0.04096	0.41195	0.02407	0.01099	0.00045	0.01308	0.00219	0.01655	0.00132

[dist]
# distance from previous block
# <min> <max>
0	2

[block]
# block no. 7 follows, 256 sequences, length 11
# corresponding to MSA columns:
# 1433,1434,1443-1451
name=unknown_H
#
# <colnr> <probs for GDERKNQSTAVLIFYWHMCP>
#	G	D	E	R	K	N	Q	S	T	A	V	L	I	F	Y	W	H	M	C	P
0	0.00294	0.00277	0.00467	0.04898	0.70874	0.00284	0.03899	0.00366	0.00283	0.00405	0.02378	0.00390	0.01831	0.00135	0.00142	0.00039	0.04963	0.03544	0.04349	0.00183
1	0.00224	0.00117	0.00168	0.00166	0.00170	0.00118	0.00113	0.02421	0.00180	0.00245	0.00237	0.00400	0.00232	0.02862	0.03052	0.85342	0.00115	0.00113	0.03659	0.00063
2	0.01437	0.37748	0.14688	0.08939	0.08499	0.05095	0.03264	0.10315	0.00305	0.03647	0.00229	0.00268	0.00182	0.00123	0.00111	0.00034	0.01743	0.00092	0.03111	0.00172
3	0.00179	0.00128	0.00161	0.01642	0.00198	0.00120	0.00120	0.00222	0.02203	0.02960	0.28725	0.36503	0.17929	0.06709	0.00186	0.00051	0.00074	0.01656	0.00121	0.00112
4	0.01098	0.04166	0.19361	0.02151	0.06885	0.02564	0.12468	0.04423	0.04924	0.09120	0.04397	0.03949	0.01679	0.00158	0.01242	0.01250	0.00721	0.01645	0.00610	0.17191
5	0.02877	0.15406	0.05205	0.00276	0.03381	0.03907	0.01351	0.23502	0.30758	0.02543	0.02002	0.00348	0.00273	0.00144	0.00116	0.00036	0.00126	0.00113	0.00948	0.06689
6	0.42192	0.00231	0.01244	0.04131	0.05142	0.01635	0.00727	0.03960	0.01155	0.02803	0.01901	0.09925	0.02874	0.03673	0.00766	0.00042	0.01696	0.01517	0.01368	0.13016
7	0.03541	0.02706	0.01092	0.08656	0.37200	0.01670	0.06377	0.07103	0.03807	0.04059	0.02271	0.02894	0.00249	0.01225	0.00132	0.00037	0.01569	0.01002	0.00078	0.14331
8	0.01793	0.01909	0.01693	0.15673	0.34914	0.01678	0.07395	0.09482	0.04685	0.02917	0.02477	0.03393	0.03512	0.00147	0.00134	0.00039	0.02195	0.01277	0.00938	0.03750
9	0.00243	0.02481	0.10619	0.00246	0.03204	0.02986	0.02278	0.04851	0.06656	0.03127	0.11015	0.29414	0.06191	0.00255	0.00972	0.00044	0.04670	0.03426	0.00103	0.07220
10	0.06467	0.01537	0.03378	0.02480	0.15636	0.03214	0.10799	0.07785	0.05464	0.05954	0.01233	0.02822	0.00956	0.02538	0.01082	0.00601	0.20024	0.00122	0.01418	0.06489

[dist]
# distance from previous block
# <min> <max>
5	73

[block]
# block no. 8 follows, 256 sequences, length 23
# corresponding to MSA columns:
# 1622-1626,1628,1630-1637,1658,1660-1664,1672-1674
name=unknown_I
#
# <colnr> <probs for GDERKNQSTAVLIFYWHMCP>
#	G	D	E	R	K	N	Q	S	T	A	V	L	I	F	Y	W	H	M	C	P
0	0.03143	0.01723	0.05755	0.02550	0.04434	0.02736	0.04963	0.06216	0.02801	0.04995	0.05123	0.01516	0.03532	0.09910	0.15370	0.00933	0.16202	0.00133	0.00081	0.07884
1	0.00842	0.02549	0.06254	0.04752	0.13916	0.03991	0.15875	0.04651	0.06873	0.03285	0.14952	0.03395	0.05357	0.00169	0.00139	0.00039	0.02686	0.01622	0.01865	0.06787
2	0.62531	0.01750	0.00991	0.04611	0.07654	0.01001	0.03915	0.01210	0.02137	0.03102	0.00229	0.01836	0.00914	0.01401	0.00114	0.00041	0.04132	0.00092	0.02193	0.00146
3	0.02299	0.00281	0.02996	0.01546	0.00340	0.00368	0.01034	0.02122	0.00208	0.00324	0.01269	0.01922	0.00191	0.00219	0.00382	0.01499	0.82685	0.00115	0.00059	0.00139
4	0.00868	0.00281	0.01196	0.00661	0.08527	0.04335	0.01287	0.15913	0.46290	0.02997	0.05795	0.01126	0.03485	0.01030	0.01882	0.00044	0.00118	0.00556	0.03424	0.00185
5	0.19515	0.22226	0.01337	0.02329	0.11502	0.04539	0.01371	0.11699	0.04130	0.13765	0.00282	0.02936	0.00225	0.00139	0.00111	0.00037	0.01215	0.01273	0.00089	0.01280
6	0.02436	0.01288	0.13104	0.02834	0.03910	0.02265	0.06121	0.01233	0.04195	0.12545	0.01051	0.01518	0.02327	0.00172	0.00232	0.00044	0.35896	0.00118	0.02001	0.06711
7	0.00163	0.00132	0.00146	0.00141	0.00181	0.00114	0.00106	0.00208	0.01461	0.00398	0.31511	0.02308	0.60523	0.00296	0.00148	0.00041	0.00064	0.00251	0.00124	0.01684
8	0.00184	0.00144	0.00185	0.03661	0.00234	0.02178	0.01617	0.00937	0.07037	0.00340	0.01439	0.71172	0.01219	0.02376	0.03072	0.01990	0.00600	0.01393	0.00110	0.00113
9	0.01297	0.05869	0.00260	0.00202	0.01713	0.00224	0.00161	0.16711	0.06792	0.24969	0.01230	0.00415	0.00301	0.00150	0.00108	0.00035	0.00095	0.00119	0.39183	0.00170
10	0.00186	0.00134	0.00171	0.00181	0.00206	0.00127	0.00135	0.04324	0.00299	0.01484	0.23264	0.42111	0.11698	0.00334	0.00157	0.00048	0.00079	0.14824	0.00123	0.00115
11	0.00527	0.02674	0.00316	0.01802	0.03413	0.01116	0.00200	0.06664	0.04407	0.75888	0.01358	0.00416	0.00307	0.00154	0.00126	0.00039	0.00113	0.00125	0.00145	0.00210
12	0.00266	0.00150	0.00186	0.00168	0.00217	0.00134	0.00129	0.00316	0.01873	0.23627	0.29149	0.09483	0.30068	0.01114	0.00148	0.00042	0.00076	0.00901	0.01814	0.00138
13	0.00472	0.00353	0.00372	0.00289	0.00387	0.02652	0.00237	0.85233	0.05918	0.02322	0.00316	0.00313	0.00225	0.00152	0.00126	0.00038	0.00139	0.00115	0.00126	0.00213
14	0.05450	0.02459	0.02154	0.00282	0.00372	0.01811	0.08063	0.44491	0.08301	0.01758	0.00306	0.01917	0.00243	0.03576	0.02020	0.00044	0.04537	0.01149	0.00103	0.10963
15	0.00345	0.84435	0.00622	0.00222	0.00326	0.02487	0.00215	0.05656	0.01966	0.00332	0.00198	0.01351	0.00179	0.00116	0.00086	0.00028	0.00135	0.00076	0.01058	0.00164
16	0.76494	0.02767	0.00226	0.00190	0.00269	0.09924	0.00155	0.05596	0.00254	0.01319	0.00192	0.00219	0.00149	0.00121	0.00085	0.00038	0.00114	0.00074	0.01671	0.00143
17	0.00302	0.00307	0.04107	0.18137	0.56537	0.03906	0.05347	0.00936	0.05230	0.01283	0.01089	0.01187	0.00220	0.00125	0.00127	0.00039	0.00157	0.00714	0.00067	0.00183
18	0.00186	0.00134	0.00186	0.03589	0.00217	0.00150	0.00136	0.00216	0.00200	0.00283	0.00359	0.02259	0.00365	0.32125	0.53910	0.01671	0.01145	0.00153	0.02614	0.00101
19	0.00162	0.00117	0.00154	0.00173	0.00187	0.00109	0.00121	0.00195	0.00275	0.00373	0.25184	0.66096	0.02394	0.00357	0.00158	0.00048	0.00071	0.03595	0.00123	0.00108
20	0.00468	0.00193	0.00261	0.00208	0.00288	0.00169	0.00169	0.00519	0.00361	0.70653	0.24664	0.00562	0.00539	0.00183	0.00133	0.00039	0.00095	0.00153	0.00152	0.00191
21	0.00385	0.00300	0.00321	0.00268	0.00351	0.00338	0.00214	0.39374	0.50872	0.02872	0.03038	0.00414	0.00336	0.00165	0.00128	0.00041	0.00115	0.00133	0.00129	0.00204
22	0.85221	0.00243	0.00197	0.00172	0.00251	0.00277	0.00142	0.03462	0.00237	0.06022	0.00205	0.00229	0.00155	0.00122	0.00083	0.00039	0.00099	0.00075	0.02627	0.00143

[dist]
# distance from previous block
# <min> <max>
1	3

[block]
# block no. 9 follows, 256 sequences, length 9
# corresponding to MSA columns:
# 1678-1680,1682-1687
name=unknown_J
#
# <colnr> <probs for GDERKNQSTAVLIFYWHMCP>
#	G	D	E	R	K	N	Q	S	T	A	V	L	I	F	Y	W	H	M	C	P
0	0.03416	0.58790	0.02557	0.00258	0.03327	0.13452	0.00227	0.06955	0.01940	0.02520	0.00214	0.01636	0.00186	0.00125	0.00103	0.00031	0.02620	0.00084	0.01394	0.00164
1	0.05028	0.02786	0.00432	0.25934	0.39976	0.09966	0.01576	0.04853	0.01716	0.03158	0.00238	0.00307	0.00189	0.00126	0.00131	0.00039	0.03194	0.00107	0.00068	0.00173
2	0.00264	0.01613	0.01957	0.24137	0.17235	0.06447	0.02222	0.01764	0.03264	0.03084	0.05628	0.18381	0.02769	0.01087	0.01016	0.00045	0.05717	0.03139	0.00084	0.00148
3	0.00158	0.00125	0.00143	0.00148	0.00180	0.00110	0.00109	0.00195	0.00293	0.00373	0.20616	0.20295	0.52915	0.00324	0.00153	0.00044	0.00067	0.03520	0.00122	0.00109
4	0.02701	0.00218	0.00267	0.05331	0.01956	0.07353	0.04172	0.00278	0.00269	0.00364	0.13643	0.06226	0.18985	0.02657	0.03371	0.00053	0.22273	0.05964	0.03792	0.00126
5	0.00172	0.00135	0.00152	0.00151	0.00187	0.00121	0.00112	0.03552	0.00310	0.00398	0.25762	0.12722	0.50642	0.02387	0.00161	0.00045	0.00069	0.02686	0.00123	0.00113
6	0.00220	0.00124	0.00186	0.04936	0.00209	0.00133	0.00130	0.00182	0.00172	0.00232	0.00228	0.00395	0.00226	0.03301	0.04185	0.80570	0.04335	0.00113	0.00056	0.00066
7	0.01655	0.45999	0.09934	0.01367	0.01546	0.17764	0.00246	0.09974	0.02098	0.03491	0.03589	0.01368	0.00221	0.00130	0.00102	0.00032	0.00153	0.00091	0.00072	0.00167
8	0.04954	0.00233	0.04512	0.00213	0.00302	0.00201	0.00179	0.04467	0.10226	0.36677	0.11088	0.02073	0.02593	0.00161	0.00121	0.00036	0.00100	0.00132	0.03162	0.18572

[dist]
# distance from previous block
# <min> <max>
3	14

[block]
# block no. 10 follows, 256 sequences, length 6
# corresponding to MSA columns:
# 1737-1742
name=unknown_K
#
# <colnr> <probs for GDERKNQSTAVLIFYWHMCP>
#	G	D	E	R	K	N	Q	S	T	A	V	L	I	F	Y	W	H	M	C	P
0	0.01827	0.02031	0.14731	0.06736	0.30401	0.06002	0.06949	0.03310	0.15020	0.02554	0.02757	0.00384	0.02916	0.00141	0.00130	0.00040	0.01401	0.01245	0.01244	0.00180
1	0.00269	0.00224	0.01710	0.06665	0.01390	0.02316	0.01563	0.02393	0.00253	0.06587	0.05174	0.08493	0.02917	0.03126	0.04320	0.06731	0.25007	0.00139	0.01699	0.19024
2	0.00191	0.00146	0.00194	0.06420	0.03274	0.00142	0.01643	0.02880	0.01850	0.01962	0.14242	0.39404	0.22851	0.00307	0.00150	0.00045	0.00084	0.02188	0.01908	0.00120
3	0.04699	0.00261	0.01833	0.15871	0.20008	0.01961	0.05695	0.02421	0.01556	0.02598	0.01533	0.00350	0.00222	0.01520	0.12891	0.00066	0.24371	0.00118	0.01872	0.00154
4	0.02757	0.00226	0.02096	0.02020	0.09617	0.00227	0.03555	0.04242	0.25718	0.12450	0.10055	0.01802	0.08771	0.00200	0.01378	0.00043	0.00107	0.05425	0.09144	0.00167
5	0.00184	0.00122	0.00143	0.00147	0.00149	0.00121	0.00088	0.00186	0.00193	0.00257	0.00427	0.09057	0.00492	0.77297	0.00570	0.05545	0.00117	0.04743	0.00081	0.00080

[dist]
# distance from previous block
# <min> <max>
2	6

[block]
# block no. 11 follows, 256 sequences, length 12
# corresponding to MSA columns:
# 1751,1757-1767
name=unknown_L
#
# <colnr> <probs for GDERKNQSTAVLIFYWHMCP>
#	G	D	E	R	K	N	Q	S	T	A	V	L	I	F	Y	W	H	M	C	P
0	0.00278	0.00278	0.00393	0.00353	0.04898	0.00383	0.00282	0.00308	0.00198	0.00309	0.00169	0.00278	0.00168	0.00216	0.00401	0.00054	0.90724	0.00111	0.00056	0.00141
1	0.00268	0.00252	0.00423	0.64546	0.23016	0.00293	0.03361	0.03895	0.00274	0.00364	0.00231	0.00329	0.00178	0.00125	0.00132	0.00041	0.01938	0.00114	0.00061	0.00158
2	0.24096	0.56275	0.01891	0.02078	0.02292	0.04020	0.00207	0.01694	0.02199	0.01310	0.00203	0.00232	0.01194	0.00119	0.00093	0.00032	0.01767	0.00076	0.00065	0.00157
3	0.02752	0.03681	0.05412	0.00233	0.00328	0.00237	0.01447	0.12328	0.10740	0.33545	0.01363	0.02351	0.02049	0.00163	0.00748	0.02002	0.00114	0.01394	0.01725	0.17387
4	0.00171	0.00128	0.00158	0.00152	0.00184	0.00116	0.00113	0.00222	0.00336	0.00459	0.68000	0.04122	0.24817	0.00279	0.00150	0.00041	0.00061	0.00243	0.00133	0.00116
5	0.00379	0.00299	0.00316	0.01778	0.00352	0.03675	0.00216	0.42775	0.33159	0.01864	0.00432	0.05150	0.01648	0.00185	0.00132	0.00041	0.00122	0.06163	0.01122	0.00192
6	0.62016	0.01770	0.00224	0.00187	0.00264	0.01588	0.00153	0.15349	0.01804	0.03846	0.00241	0.00265	0.00182	0.00129	0.00090	0.00038	0.00103	0.00085	0.11516	0.00151
7	0.00157	0.00113	0.00149	0.00175	0.00185	0.00105	0.00119	0.00183	0.00253	0.00338	0.07796	0.84075	0.02984	0.00383	0.00160	0.00050	0.00073	0.02478	0.00119	0.00104
8	0.00431	0.00239	0.00292	0.02010	0.02052	0.00240	0.00193	0.22432	0.11563	0.39769	0.15163	0.00498	0.02272	0.00175	0.00130	0.00039	0.00107	0.00144	0.02059	0.00193
9	0.00185	0.00123	0.00141	0.00141	0.00141	0.00123	0.00080	0.00185	0.00184	0.00246	0.00391	0.00804	0.00448	0.89926	0.03435	0.02986	0.00129	0.00180	0.00076	0.00077
10	0.01922	0.00232	0.00390	0.82466	0.00814	0.00279	0.05499	0.00342	0.01758	0.03047	0.00238	0.00338	0.00177	0.00126	0.00126	0.00042	0.00166	0.00114	0.00061	0.01862
11	0.01124	0.00265	0.00450	0.27893	0.36990	0.01024	0.12301	0.00358	0.01817	0.01526	0.01564	0.04690	0.01143	0.00143	0.00141	0.00041	0.03420	0.02381	0.00069	0.02661

[dist]
# distance from previous block
# <min> <max>
2	20

[block]
# block no. 12 follows, 256 sequences, length 18
# corresponding to MSA columns:
# 1821-1837,1843
name=unknown_M
#
# <colnr> <probs for GDERKNQSTAVLIFYWHMCP>
#	G	D	E	R	K	N	Q	S	T	A	V	L	I	F	Y	W	H	M	C	P
0	0.00358	0.08514	0.01810	0.00892	0.00367	0.23310	0.04022	0.13367	0.02136	0.01990	0.00226	0.01910	0.00197	0.00200	0.03717	0.00049	0.35662	0.00107	0.00073	0.01095
1	0.00302	0.07584	0.13251	0.00433	0.00553	0.00324	0.56270	0.03215	0.08259	0.02031	0.00286	0.02286	0.00225	0.00129	0.00145	0.00042	0.02843	0.01575	0.00072	0.00174
2	0.00157	0.00113	0.00150	0.00178	0.00187	0.00105	0.00122	0.00182	0.00248	0.00330	0.02714	0.87129	0.02302	0.00390	0.00162	0.00051	0.00075	0.05185	0.00118	0.00104
3	0.00192	0.00133	0.00181	0.00179	0.00197	0.00145	0.00130	0.00221	0.00205	0.02849	0.00403	0.00650	0.03703	0.33292	0.55080	0.00163	0.00245	0.01855	0.00076	0.00103
4	0.00475	0.00338	0.00366	0.00284	0.00382	0.00372	0.00233	0.80777	0.07399	0.07570	0.00333	0.00325	0.00234	0.00154	0.00127	0.00038	0.00134	0.00117	0.00129	0.00214
5	0.23312	0.00222	0.00249	0.00203	0.00284	0.00223	0.00165	0.07457	0.06943	0.44874	0.02018	0.00384	0.00285	0.00148	0.00111	0.00038	0.00100	0.00114	0.12686	0.00181
6	0.02176	0.00332	0.00355	0.00275	0.00370	0.00366	0.00226	0.84080	0.00559	0.02575	0.00313	0.00316	0.00223	0.00151	0.00123	0.00037	0.00132	0.00114	0.07069	0.00207
7	0.00304	0.01999	0.00327	0.04355	0.11666	0.01786	0.01884	0.13344	0.01272	0.07938	0.00318	0.04674	0.00299	0.19670	0.06349	0.00071	0.21924	0.01587	0.00084	0.00148
8	0.00338	0.95633	0.00662	0.00216	0.00324	0.00500	0.00216	0.00379	0.00257	0.00297	0.00176	0.00203	0.00162	0.00108	0.00081	0.00027	0.00135	0.00068	0.00054	0.00162
9	0.00236	0.00219	0.00368	0.84694	0.04491	0.00269	0.00336	0.00315	0.00253	0.00326	0.00259	0.07207	0.00218	0.00145	0.00129	0.00043	0.00161	0.00130	0.00061	0.00140
10	0.00371	0.00289	0.00324	0.00298	0.07160	0.00321	0.00222	0.32503	0.45104	0.03701	0.01675	0.00440	0.00332	0.00166	0.00128	0.00041	0.00116	0.03255	0.03356	0.00199
11	0.00170	0.00128	0.00152	0.00149	0.00183	0.00113	0.00110	0.00214	0.00317	0.01874	0.45108	0.10366	0.40065	0.00296	0.00150	0.00042	0.00064	0.00256	0.00128	0.00114
12	0.00305	0.00294	0.00483	0.12712	0.77521	0.02867	0.00374	0.00379	0.00285	0.00398	0.00248	0.00347	0.00211	0.00122	0.00126	0.00039	0.00154	0.02884	0.00063	0.00189
13	0.00200	0.00158	0.00196	0.00189	0.00223	0.00160	0.01556	0.02760	0.12047	0.00430	0.33764	0.24116	0.14704	0.01006	0.01482	0.00047	0.03849	0.02862	0.00122	0.00127
14	0.00214	0.00117	0.00172	0.00171	0.00173	0.00122	0.00117	0.00176	0.00171	0.00232	0.00245	0.00427	0.00247	0.07485	0.11303	0.76157	0.02229	0.00118	0.00058	0.00065
15	0.02603	0.18810	0.00421	0.00288	0.00375	0.40577	0.00235	0.34317	0.00421	0.00489	0.00230	0.00250	0.00181	0.00133	0.00111	0.00034	0.00175	0.00090	0.00085	0.00174
16	0.00227	0.00136	0.00178	0.00177	0.00208	0.00125	0.00130	0.01510	0.00306	0.13721	0.32373	0.42569	0.04307	0.00306	0.00151	0.00045	0.00075	0.01947	0.01383	0.00126
17	0.08958	0.44502	0.13035	0.00249	0.00359	0.07087	0.00243	0.10502	0.03456	0.10183	0.00242	0.00257	0.00188	0.00124	0.00100	0.00033	0.00142	0.00086	0.00078	0.00175

[dist]
# distance from previous block
# <min> <max>
5	8

[block]
# block no. 13 follows, 256 sequences, length 21
# corresponding to MSA columns:
# 1901-1909,1911-1913,1918-1921,1927,1937-1940
name=unknown_N
#
# <colnr> <probs for GDERKNQSTAVLIFYWHMCP>
#	G	D	E	R	K	N	Q	S	T	A	V	L	I	F	Y	W	H	M	C	P
0	0.03085	0.08730	0.72706	0.00343	0.00507	0.02413	0.03434	0.02564	0.01839	0.00403	0.00226	0.00266	0.00166	0.00123	0.00124	0.00039	0.02700	0.00094	0.00058	0.00181
1	0.00320	0.00275	0.00286	0.00255	0.00327	0.01743	0.00199	0.03984	0.86031	0.00532	0.00496	0.00459	0.00372	0.00169	0.00127	0.00042	0.00102	0.00139	0.02674	0.01470
2	0.00166	0.00119	0.00155	0.00179	0.00191	0.00113	0.00123	0.02932	0.00256	0.00341	0.02721	0.84643	0.01918	0.02340	0.00170	0.00052	0.00077	0.03279	0.00117	0.00106
3	0.00187	0.00131	0.00157	0.00155	0.00158	0.00138	0.00096	0.00194	0.00188	0.00255	0.00389	0.03368	0.00440	0.77850	0.11461	0.00127	0.04366	0.00180	0.00076	0.00084
4	0.96450	0.00244	0.00186	0.00166	0.00244	0.00284	0.00137	0.00372	0.00215	0.00567	0.00176	0.00205	0.00137	0.00117	0.00078	0.00039	0.00098	0.00068	0.00078	0.00137
5	0.00277	0.00277	0.00387	0.00332	0.00332	0.00387	0.00277	0.00304	0.00194	0.00304	0.00166	0.00277	0.00166	0.00221	0.00415	0.00055	0.95326	0.00111	0.00055	0.00138
6	0.01217	0.00368	0.09167	0.00501	0.00631	0.01503	0.80270	0.01754	0.00300	0.01527	0.00260	0.00345	0.00196	0.00112	0.00145	0.00042	0.00206	0.01218	0.00066	0.00172
7	0.06630	0.62515	0.05846	0.00235	0.00342	0.02177	0.00228	0.16974	0.01096	0.01186	0.00211	0.00233	0.00175	0.00119	0.00093	0.00031	0.00136	0.00079	0.01524	0.00171
8	0.04337	0.01845	0.35517	0.01658	0.02355	0.01332	0.03865	0.07495	0.04446	0.13286	0.05791	0.01382	0.02025	0.00152	0.00145	0.00040	0.07630	0.00598	0.02159	0.03940
9	0.00169	0.00129	0.00150	0.00144	0.00181	0.00114	0.00108	0.00215	0.00321	0.01537	0.45667	0.02382	0.46821	0.00288	0.00149	0.00041	0.00063	0.00247	0.01160	0.00114
10	0.00261	0.00202	0.00243	0.00225	0.00273	0.02009	0.03483	0.03442	0.30296	0.06328	0.14252	0.26177	0.02995	0.01131	0.01157	0.00047	0.00962	0.05279	0.00122	0.01116
11	0.16963	0.20660	0.00371	0.00233	0.00323	0.02540	0.02256	0.16144	0.12923	0.20708	0.00324	0.00321	0.00237	0.00139	0.00110	0.00036	0.00933	0.00103	0.04493	0.00181
12	0.00167	0.00129	0.00148	0.00151	0.00184	0.00116	0.00111	0.00212	0.02791	0.01298	0.21326	0.21348	0.48513	0.00316	0.00151	0.00044	0.00067	0.01547	0.01271	0.00112
13	0.01226	0.73991	0.00591	0.00237	0.02400	0.00445	0.01214	0.04594	0.01033	0.11484	0.00935	0.00246	0.00193	0.00118	0.00094	0.00030	0.00846	0.00081	0.00071	0.00171
14	0.03794	0.00230	0.00267	0.00215	0.00294	0.00231	0.00174	0.25282	0.04331	0.38112	0.00427	0.02361	0.01104	0.00159	0.00117	0.00037	0.00103	0.00126	0.22451	0.00186
15	0.01822	0.00118	0.00157	0.00181	0.00193	0.00112	0.00958	0.00190	0.00857	0.00330	0.00663	0.84066	0.00786	0.02186	0.00780	0.00938	0.00080	0.03790	0.00814	0.00980
16	0.02413	0.00268	0.00339	0.24641	0.01913	0.02717	0.01823	0.26384	0.07784	0.16624	0.00937	0.00957	0.02525	0.01951	0.01258	0.00586	0.03666	0.02933	0.00104	0.00176
17	0.07948	0.01010	0.02254	0.33926	0.23878	0.00853	0.13731	0.01678	0.00980	0.04971	0.00276	0.04106	0.01079	0.00696	0.00534	0.00042	0.00684	0.00651	0.00071	0.00634
18	0.00272	0.13266	0.76026	0.00347	0.01499	0.02400	0.02433	0.00403	0.01534	0.00387	0.00224	0.00262	0.00165	0.00119	0.00116	0.00038	0.00180	0.00092	0.00055	0.00183
19	0.00257	0.00236	0.00374	0.65540	0.03849	0.01721	0.05852	0.01977	0.07179	0.00833	0.02214	0.00827	0.00891	0.01006	0.00135	0.00042	0.01400	0.00122	0.05396	0.00148
20	0.00310	0.00151	0.00179	0.00161	0.00209	0.00142	0.00124	0.01071	0.03051	0.24237	0.07176	0.10688	0.01199	0.00185	0.00112	0.00035	0.00075	0.00155	0.48434	0.02304

[dist]
# distance from previous block
# <min> <max>
2	3

[block]
# block no. 14 follows, 256 sequences, length 23
# corresponding to MSA columns:
# 1948-1970
name=unknown_O
#
# <colnr> <probs for GDERKNQSTAVLIFYWHMCP>
#	G	D	E	R	K	N	Q	S	T	A	V	L	I	F	Y	W	H	M	C	P
0	0.78351	0.00224	0.00185	0.00166	0.00236	0.00254	0.00135	0.00353	0.00242	0.02062	0.16449	0.00336	0.00321	0.00142	0.00091	0.00039	0.00091	0.00097	0.00090	0.00135
1	0.66030	0.00248	0.00223	0.00189	0.00271	0.00275	0.00156	0.08698	0.04332	0.15869	0.00260	0.00268	0.00187	0.00130	0.00093	0.00039	0.00102	0.00086	0.02385	0.00159
2	0.02240	0.01948	0.00378	0.84152	0.00806	0.00290	0.00336	0.02725	0.00258	0.00339	0.00224	0.00331	0.00171	0.00143	0.01592	0.00045	0.03712	0.00111	0.00059	0.00142
3	0.00338	0.95633	0.00662	0.00216	0.00324	0.00500	0.00216	0.00379	0.00257	0.00297	0.00176	0.00203	0.00162	0.00108	0.00081	0.00027	0.00135	0.00068	0.00054	0.00162
4	0.12629	0.00278	0.00359	0.52582	0.12498	0.11153	0.00825	0.01121	0.01497	0.01008	0.00230	0.00312	0.00178	0.00126	0.00119	0.00040	0.00874	0.00104	0.03917	0.00149
5	0.00364	0.00288	0.00306	0.00261	0.00340	0.00326	0.00207	0.25946	0.63827	0.03116	0.00454	0.00425	0.00336	0.00165	0.00127	0.00041	0.00110	0.00134	0.03025	0.00202
6	0.00254	0.00149	0.00190	0.00182	0.00224	0.00137	0.00143	0.01013	0.01916	0.17708	0.30727	0.11909	0.14075	0.00272	0.00147	0.00044	0.00081	0.15809	0.04883	0.00135
7	0.00244	0.00232	0.00394	0.77033	0.00784	0.00285	0.06176	0.00324	0.00253	0.00329	0.00243	0.00385	0.00197	0.00144	0.00154	0.00044	0.07927	0.04652	0.00059	0.00141
8	0.00170	0.00121	0.00155	0.00167	0.00186	0.00112	0.00117	0.00203	0.00272	0.02125	0.21167	0.48697	0.14495	0.04615	0.03953	0.00958	0.00084	0.02176	0.00118	0.00108
9	0.00221	0.00116	0.00166	0.00165	0.00167	0.00116	0.00109	0.01957	0.00175	0.00233	0.00237	0.00423	0.00241	0.09106	0.00501	0.85720	0.00112	0.00117	0.00058	0.00060
10	0.00312	0.00302	0.00522	0.00767	0.91264	0.00301	0.03885	0.00389	0.00288	0.00413	0.00238	0.00314	0.00200	0.00112	0.00126	0.00038	0.00153	0.00114	0.00063	0.00199
11	0.00164	0.00128	0.00149	0.00144	0.00180	0.00113	0.00108	0.00210	0.00322	0.00423	0.47354	0.02944	0.46727	0.00291	0.00149	0.00041	0.00062	0.00250	0.00128	0.00113
12	0.00258	0.02264	0.00831	0.01531	0.00256	0.00162	0.00148	0.00318	0.02418	0.12311	0.37756	0.05917	0.05962	0.00204	0.00136	0.00035	0.02347	0.00810	0.00116	0.26222
13	0.00271	0.14980	0.72595	0.00361	0.03376	0.00326	0.05612	0.00397	0.00268	0.00385	0.00221	0.00263	0.00163	0.00117	0.00116	0.00038	0.00179	0.00093	0.00054	0.00183
14	0.00260	0.04990	0.85537	0.00363	0.00543	0.00304	0.05485	0.00400	0.00268	0.00396	0.00226	0.00268	0.00162	0.00119	0.00120	0.00040	0.00186	0.00095	0.00054	0.00185
15	0.00430	0.00331	0.01260	0.00290	0.01695	0.01041	0.01139	0.63702	0.24390	0.02630	0.00363	0.00363	0.00265	0.00158	0.00128	0.00039	0.00130	0.01312	0.00125	0.00209
16	0.00286	0.00316	0.00656	0.10911	0.00640	0.00316	0.72531	0.00381	0.00281	0.00383	0.00247	0.00340	0.00191	0.00147	0.03386	0.00049	0.08572	0.00141	0.00062	0.00162
17	0.00162	0.00116	0.00152	0.00178	0.00189	0.00110	0.00121	0.01977	0.00251	0.00333	0.00698	0.87387	0.03049	0.01631	0.00167	0.00052	0.00076	0.03129	0.00117	0.00105
18	0.00178	0.00135	0.00171	0.00171	0.02525	0.00124	0.00124	0.00235	0.01655	0.00465	0.68753	0.04743	0.18646	0.00272	0.00149	0.00041	0.00064	0.01296	0.00132	0.00119
19	0.00182	0.00124	0.00143	0.00144	0.00147	0.00125	0.00085	0.00187	0.00188	0.00252	0.00415	0.02431	0.02209	0.83968	0.08791	0.00127	0.00139	0.00184	0.00077	0.00081
20	0.00284	0.00299	0.02706	0.50454	0.05500	0.14712	0.01321	0.01113	0.03416	0.00337	0.00239	0.00826	0.00194	0.00187	0.05296	0.00051	0.11086	0.00954	0.00879	0.00146
21	0.62676	0.00243	0.00224	0.01674	0.00279	0.00267	0.00157	0.06979	0.03745	0.15356	0.02015	0.00280	0.00205	0.00130	0.00094	0.00038	0.00102	0.00088	0.01847	0.03600
22	0.27907	0.04727	0.01820	0.00723	0.00771	0.03447	0.00907	0.06827	0.02535	0.01111	0.02034	0.00280	0.00764	0.00158	0.00202	0.00041	0.31924	0.00096	0.01726	0.12001

[dist]
# distance from previous block
# <min> <max>
1	60

[block]
# block no. 15 follows, 256 sequences, length 44
# corresponding to MSA columns:
# 2057-2062,2068,2070-2079,2088,2102,2105-2108,2113-2117,2119,2120,2125-2133,2135-2139
name=unknown_P
#
# <colnr> <probs for GDERKNQSTAVLIFYWHMCP>
#	G	D	E	R	K	N	Q	S	T	A	V	L	I	F	Y	W	H	M	C	P
0	0.67702	0.01518	0.01835	0.00200	0.00282	0.02497	0.01331	0.10008	0.03314	0.07372	0.00960	0.00252	0.00178	0.00128	0.00095	0.00039	0.01095	0.00084	0.00958	0.00154
1	0.01339	0.00349	0.00369	0.00285	0.00383	0.01867	0.00235	0.87304	0.02887	0.00771	0.00311	0.01021	0.00224	0.00153	0.00125	0.00038	0.00137	0.00116	0.01876	0.00210
2	0.00161	0.00128	0.00145	0.00152	0.00185	0.00114	0.00113	0.00202	0.02471	0.00358	0.09315	0.24050	0.55266	0.00332	0.00153	0.00046	0.00070	0.06509	0.00119	0.00110
3	0.00322	0.78060	0.18099	0.00243	0.00366	0.00462	0.00263	0.00383	0.00259	0.00316	0.00185	0.00215	0.00162	0.00110	0.00088	0.00029	0.00145	0.00072	0.00054	0.00167
4	0.00257	0.00154	0.00575	0.15146	0.01031	0.00160	0.00853	0.03334	0.00828	0.05099	0.06663	0.01297	0.00355	0.00154	0.00103	0.00033	0.00084	0.00127	0.63615	0.00131
5	0.02096	0.00131	0.00157	0.00152	0.00184	0.00121	0.00113	0.00790	0.00323	0.01617	0.54698	0.09550	0.18838	0.00266	0.00142	0.00040	0.00063	0.00231	0.10370	0.00117
6	0.00400	0.00246	0.02041	0.07432	0.09788	0.00234	0.14631	0.05557	0.04069	0.37330	0.00383	0.00395	0.00267	0.00141	0.00127	0.00038	0.01148	0.00126	0.15462	0.00184
7	0.00184	0.00129	0.00174	0.00191	0.00208	0.00124	0.01556	0.00720	0.00254	0.01890	0.02555	0.47133	0.01875	0.15390	0.00703	0.00064	0.00097	0.25649	0.00998	0.00106
