[name]
unknown

[dist]
# distance from previous block
# <min> <max>
9	112

[block]
# block no. 0 follows, 281 sequences, length 29
# corresponding to MSA columns:
# 473-501
name=unknown_A
#
# <colnr> <probs for GDERKNQSTAVLIFYWHMCP>
#	G	D	E	R	K	N	Q	S	T	A	V	L	I	F	Y	W	H	M	C	P
0	0.03181	0.00787	0.03925	0.00996	0.03312	0.00252	0.20189	0.01269	0.43670	0.03136	0.03895	0.09290	0.01568	0.01128	0.00129	0.00040	0.00116	0.02856	0.00098	0.00160
1	0.00404	0.13595	0.00384	0.00302	0.02899	0.73443	0.03828	0.00438	0.00309	0.01372	0.00183	0.00215	0.00153	0.00117	0.00107	0.00030	0.01946	0.00077	0.00059	0.00139
2	0.00249	0.00220	0.00244	0.00178	0.00278	0.03789	0.00141	0.00304	0.01807	0.00376	0.00209	0.00242	0.00174	0.00088	0.00087	0.00018	0.00091	0.00070	0.00069	0.91366
3	0.00317	0.00271	0.03339	0.01543	0.01630	0.00242	0.55925	0.00396	0.00283	0.22298	0.02541	0.03371	0.00930	0.00133	0.01217	0.00039	0.00159	0.01443	0.00082	0.03839
4	0.00274	0.00264	0.00895	0.03416	0.03183	0.21641	0.00592	0.04175	0.09832	0.03436	0.00318	0.10390	0.00301	0.09789	0.21486	0.00079	0.09591	0.00135	0.00076	0.00127
5	0.00142	0.00103	0.00134	0.00158	0.00168	0.00095	0.00107	0.00164	0.00228	0.00301	0.02481	0.85577	0.08178	0.00355	0.00147	0.00046	0.00067	0.01346	0.00108	0.00095
6	0.00155	0.00131	0.02976	0.00150	0.00181	0.00110	0.00117	0.00195	0.00271	0.00353	0.26579	0.14921	0.37458	0.04768	0.00162	0.00045	0.00070	0.11146	0.00109	0.00102
7	0.00252	0.11386	0.77719	0.00309	0.00466	0.01348	0.00385	0.04156	0.00257	0.00370	0.00205	0.00239	0.00150	0.00110	0.00106	0.00035	0.00163	0.00083	0.00052	0.02209
8	0.00293	0.00290	0.05279	0.04698	0.64249	0.03218	0.03248	0.02901	0.04325	0.04025	0.00240	0.00298	0.00194	0.00135	0.03149	0.00040	0.01361	0.00104	0.00065	0.01889
9	0.02940	0.00146	0.00165	0.00146	0.00199	0.00126	0.00113	0.01993	0.00281	0.17216	0.08641	0.04369	0.54316	0.00239	0.00127	0.00037	0.00070	0.00199	0.00111	0.08565
10	0.00168	0.00133	0.00154	0.00154	0.00186	0.00128	0.00115	0.00246	0.13339	0.00381	0.29811	0.19660	0.31771	0.00272	0.00137	0.00040	0.00065	0.03011	0.00115	0.00113
11	0.00214	0.00200	0.00334	0.83720	0.02682	0.00245	0.01028	0.00287	0.00233	0.00301	0.01438	0.06686	0.01150	0.00136	0.00121	0.00039	0.00882	0.00121	0.00057	0.00127
12	0.01010	0.21487	0.14374	0.01676	0.04654	0.10044	0.06352	0.13707	0.12764	0.03623	0.00292	0.02346	0.02528	0.00461	0.00110	0.00034	0.00472	0.02087	0.00481	0.01499
13	0.00241	0.00232	0.00377	0.69698	0.24051	0.02813	0.00328	0.00315	0.00242	0.00316	0.00208	0.00301	0.00162	0.00113	0.00115	0.00037	0.00152	0.00102	0.00053	0.00142
14	0.00152	0.00120	0.00127	0.00124	0.00163	0.00102	0.00094	0.00186	0.00275	0.03165	0.14487	0.01059	0.78981	0.00281	0.00136	0.00039	0.00059	0.00236	0.00112	0.00102
15	0.00190	0.00151	0.00210	0.02753	0.00241	0.00168	0.03249	0.00274	0.14829	0.00324	0.08270	0.03826	0.04250	0.06606	0.48504	0.01411	0.01589	0.02957	0.00081	0.00116
16	0.04217	0.27011	0.38324	0.03014	0.00411	0.08001	0.04032	0.05198	0.02494	0.05974	0.00216	0.00243	0.00164	0.00112	0.00100	0.00033	0.00150	0.00084	0.00062	0.00162
17	0.00403	0.01995	0.00326	0.00253	0.00334	0.04652	0.00829	0.67150	0.09149	0.03168	0.00298	0.00302	0.00217	0.00141	0.00120	0.00035	0.02985	0.00105	0.07356	0.00183
18	0.00670	0.00881	0.01557	0.11133	0.09453	0.01741	0.02573	0.01401	0.09748	0.05718	0.07930	0.09345	0.03804	0.03967	0.22163	0.00075	0.00155	0.03637	0.00084	0.03965
19	0.00166	0.00121	0.00170	0.00170	0.00185	0.00136	0.00124	0.00196	0.00181	0.00257	0.00326	0.00539	0.00326	0.27144	0.69242	0.00166	0.00256	0.00136	0.00064	0.00094
20	0.00196	0.00104	0.00154	0.00154	0.00157	0.00107	0.00105	0.00159	0.00156	0.00211	0.00221	0.00381	0.00221	0.04305	0.12141	0.80884	0.00127	0.00106	0.00053	0.00058
21	0.00278	0.00266	0.00456	0.01682	0.84600	0.00265	0.03746	0.00346	0.00265	0.00378	0.02958	0.02295	0.00229	0.00116	0.00118	0.00035	0.00136	0.01594	0.00061	0.00177
22	0.00935	0.04180	0.77082	0.00333	0.01159	0.01672	0.06887	0.04802	0.00262	0.01333	0.00213	0.00250	0.00153	0.00111	0.00111	0.00036	0.00168	0.00089	0.00054	0.00170
23	0.00262	0.05427	0.19975	0.02381	0.06316	0.02148	0.36147	0.02914	0.00254	0.00352	0.02456	0.00315	0.00200	0.04382	0.02118	0.00045	0.13983	0.00115	0.00059	0.00151
24	0.00218	0.00109	0.00111	0.00111	0.00138	0.00108	0.00083	0.00271	0.00244	0.01761	0.00388	0.03453	0.00312	0.00142	0.00084	0.00028	0.00055	0.00115	0.92160	0.00109
25	0.00171	0.00118	0.00136	0.00135	0.00139	0.00121	0.00081	0.00181	0.01767	0.00242	0.03101	0.00739	0.02733	0.82051	0.06235	0.00111	0.01623	0.00167	0.00073	0.00077
26	0.54647	0.03651	0.00227	0.00178	0.00257	0.00240	0.00148	0.02107	0.04579	0.32546	0.00278	0.00271	0.00193	0.00122	0.00090	0.00036	0.00095	0.00085	0.00098	0.00155
27	0.00167	0.00109	0.00143	0.00161	0.00175	0.00100	0.00111	0.00192	0.00239	0.06101	0.08242	0.77838	0.04079	0.00334	0.00144	0.00045	0.00068	0.00301	0.01348	0.00102
28	0.00366	0.05774	0.00326	0.00282	0.03948	0.41738	0.00212	0.08794	0.36548	0.00403	0.00300	0.00302	0.00233	0.00134	0.00109	0.00034	0.00150	0.00099	0.00086	0.00161

[dist]
# distance from previous block
# <min> <max>
1	28

[block]
# block no. 1 follows, 281 sequences, length 7
# corresponding to MSA columns:
# 530-536
name=unknown_B
#
# <colnr> <probs for GDERKNQSTAVLIFYWHMCP>
#	G	D	E	R	K	N	Q	S	T	A	V	L	I	F	Y	W	H	M	C	P
0	0.00342	0.00370	0.39570	0.02244	0.02303	0.00230	0.00283	0.04682	0.08870	0.33020	0.04817	0.02190	0.00274	0.00138	0.00116	0.00037	0.00129	0.00113	0.00096	0.00177
1	0.08338	0.23164	0.00332	0.02732	0.00293	0.00300	0.00178	0.17596	0.25074	0.02456	0.00360	0.18039	0.00327	0.00173	0.00109	0.00036	0.00103	0.00140	0.00094	0.00155
2	0.00150	0.00112	0.00140	0.00149	0.00170	0.00102	0.00107	0.00184	0.00268	0.00357	0.31851	0.40189	0.21467	0.00305	0.00142	0.00042	0.00063	0.03989	0.00114	0.00100
3	0.00181	0.00121	0.00149	0.00146	0.00177	0.00110	0.00110	0.00227	0.00294	0.05782	0.46836	0.09970	0.21816	0.00253	0.00134	0.00038	0.00062	0.05879	0.07604	0.00110
4	0.04542	0.70921	0.09345	0.00224	0.00326	0.03777	0.03000	0.02480	0.03900	0.00314	0.00183	0.00208	0.00157	0.00104	0.00083	0.00028	0.00131	0.00070	0.00055	0.00152
5	0.00254	0.00252	0.02687	0.28836	0.50944	0.02098	0.02498	0.00324	0.00258	0.00353	0.05744	0.02888	0.02110	0.00126	0.00118	0.00036	0.00138	0.00118	0.00062	0.00157
6	0.03175	0.00190	0.00250	0.00196	0.00276	0.00169	0.00160	0.03115	0.00329	0.76301	0.08780	0.00447	0.02873	0.00154	0.00117	0.00036	0.00093	0.00126	0.03031	0.00182

[dist]
# distance from previous block
# <min> <max>
2	6

[block]
# block no. 2 follows, 281 sequences, length 9
# corresponding to MSA columns:
# 548-554,556,557
name=unknown_C
#
# <colnr> <probs for GDERKNQSTAVLIFYWHMCP>
#	G	D	E	R	K	N	Q	S	T	A	V	L	I	F	Y	W	H	M	C	P
0	0.00156	0.00111	0.00143	0.00160	0.00176	0.00104	0.00112	0.00191	0.02761	0.02158	0.11063	0.68162	0.10034	0.00331	0.00145	0.00045	0.00068	0.03868	0.00111	0.00101
1	0.01256	0.07107	0.04521	0.16111	0.22040	0.03281	0.09304	0.07510	0.18535	0.01828	0.00266	0.00309	0.00207	0.00132	0.01065	0.00038	0.05046	0.00107	0.00073	0.01265
2	0.03073	0.01201	0.01469	0.00187	0.00218	0.01651	0.00145	0.06303	0.02490	0.07360	0.00319	0.00465	0.00291	0.19772	0.38153	0.00111	0.07544	0.00124	0.09007	0.00116
3	0.00173	0.00124	0.00142	0.00137	0.00172	0.00112	0.00102	0.01343	0.01398	0.04525	0.28769	0.04462	0.46498	0.04047	0.01564	0.00043	0.00067	0.01408	0.04806	0.00107
4	0.85969	0.00224	0.00179	0.00157	0.00229	0.00256	0.00129	0.04611	0.00219	0.03285	0.00183	0.00208	0.00140	0.00111	0.00075	0.00035	0.00090	0.00068	0.03701	0.00130
5	0.85089	0.00227	0.00185	0.00162	0.00235	0.00259	0.00133	0.03360	0.03096	0.06110	0.00192	0.00211	0.00144	0.00112	0.00077	0.00036	0.00091	0.00069	0.00079	0.00134
6	0.02898	0.00204	0.01468	0.00217	0.00271	0.00215	0.06268	0.04716	0.39256	0.01780	0.23564	0.09023	0.04667	0.00198	0.00129	0.00039	0.01146	0.02462	0.01331	0.00148
7	0.00196	0.00142	0.00202	0.00190	0.00213	0.00159	0.02921	0.01650	0.02051	0.04212	0.00338	0.01731	0.01715	0.19021	0.56867	0.00141	0.05505	0.00135	0.02502	0.00107
8	0.78133	0.01743	0.01757	0.00172	0.00246	0.01665	0.00144	0.04515	0.03954	0.04755	0.00193	0.00213	0.00146	0.00114	0.00084	0.00036	0.01846	0.00071	0.00077	0.00135

[dist]
# distance from previous block
# <min> <max>
1	3

[block]
# block no. 3 follows, 281 sequences, length 28
# corresponding to MSA columns:
# 562-585,587-590
name=unknown_D
#
# <colnr> <probs for GDERKNQSTAVLIFYWHMCP>
#	G	D	E	R	K	N	Q	S	T	A	V	L	I	F	Y	W	H	M	C	P
0	0.06322	0.00786	0.00392	0.14723	0.01847	0.05705	0.32468	0.02011	0.08957	0.01169	0.03747	0.02040	0.15460	0.01223	0.00501	0.00040	0.00689	0.01703	0.00078	0.00139
1	0.00270	0.00261	0.01060	0.17035	0.57401	0.00267	0.12281	0.00353	0.04049	0.01368	0.01083	0.01395	0.01970	0.00119	0.00565	0.00037	0.00144	0.00115	0.00062	0.00167
2	0.00256	0.00204	0.00240	0.00174	0.00274	0.00156	0.00139	0.00309	0.01038	0.06017	0.01161	0.00265	0.01052	0.00093	0.00089	0.00019	0.00086	0.00075	0.00074	0.88279
3	0.00317	0.00258	0.00275	0.00239	0.00307	0.00294	0.00189	0.18588	0.70116	0.02170	0.00950	0.01202	0.00327	0.00157	0.00122	0.00038	0.01758	0.00642	0.01866	0.00182
4	0.00258	0.03333	0.10327	0.01856	0.04214	0.04429	0.03170	0.00319	0.00247	0.01947	0.00208	0.00246	0.00169	0.00095	0.00097	0.00023	0.01615	0.00076	0.00065	0.67306
5	0.00169	0.00112	0.00126	0.00126	0.00126	0.00112	0.00070	0.00169	0.00169	0.00225	0.00365	0.00759	0.00421	0.95926	0.00590	0.00112	0.00112	0.00169	0.00070	0.00070
6	0.00145	0.00108	0.00136	0.00155	0.00172	0.00099	0.00110	0.00171	0.00239	0.00309	0.03132	0.62367	0.23465	0.00339	0.00146	0.00045	0.00068	0.08589	0.00108	0.00097
7	0.02080	0.00114	0.00114	0.00113	0.00142	0.00115	0.00085	0.01824	0.00247	0.00438	0.00375	0.00436	0.00297	0.00137	0.00082	0.00028	0.00057	0.01253	0.91954	0.00110
8	0.00143	0.00102	0.00134	0.00158	0.00165	0.00096	0.00105	0.00162	0.00219	0.00291	0.00626	0.87355	0.02081	0.07548	0.00181	0.00052	0.00071	0.00316	0.00105	0.00092
9	0.00260	0.00156	0.00192	0.00180	0.00223	0.00152	0.00136	0.02621	0.15825	0.21281	0.13761	0.33971	0.08453	0.00250	0.00132	0.00041	0.00077	0.01212	0.00939	0.00137
10	0.00158	0.00109	0.00142	0.00157	0.00165	0.00104	0.01004	0.00176	0.00214	0.01392	0.03606	0.60040	0.00663	0.26785	0.00269	0.00065	0.00082	0.04055	0.00723	0.00090
11	0.00280	0.00268	0.00458	0.10765	0.85206	0.00274	0.00352	0.00349	0.00261	0.00370	0.00217	0.00289	0.00181	0.00105	0.00115	0.00035	0.00139	0.00103	0.00057	0.00178
12	0.00162	0.00116	0.00158	0.00185	0.00201	0.00112	0.00143	0.00197	0.00242	0.00319	0.00628	0.53101	0.00722	0.00344	0.00153	0.00050	0.00085	0.42876	0.00107	0.00100
13	0.00149	0.00103	0.00137	0.00162	0.00171	0.00096	0.00109	0.00170	0.00224	0.02335	0.00635	0.93801	0.00756	0.00358	0.00147	0.00047	0.00068	0.00325	0.00108	0.00096
14	0.00272	0.00312	0.02090	0.00469	0.00577	0.00297	0.84925	0.00368	0.01584	0.00366	0.00231	0.00309	0.00176	0.00107	0.00154	0.00040	0.07376	0.00133	0.00059	0.00155
15	0.00142	0.00111	0.00132	0.00144	0.00167	0.00100	0.00103	0.00169	0.00240	0.00305	0.02489	0.44338	0.42027	0.00368	0.07311	0.00054	0.00082	0.01516	0.00105	0.00097
16	0.07009	0.01542	0.03170	0.00360	0.00880	0.01293	0.51830	0.04230	0.03827	0.07380	0.04264	0.01771	0.00696	0.00123	0.00125	0.00037	0.00524	0.02635	0.00894	0.07410
17	0.00240	0.00211	0.00271	0.00195	0.00296	0.00163	0.07254	0.00295	0.00246	0.00380	0.03301	0.00266	0.00202	0.00092	0.00091	0.00019	0.00093	0.00078	0.00070	0.86235
18	0.02801	0.14154	0.51825	0.01110	0.00409	0.01336	0.01071	0.08380	0.01409	0.05802	0.00255	0.07438	0.00209	0.00132	0.00108	0.00035	0.00539	0.00104	0.00067	0.02816
19	0.01212	0.08061	0.05467	0.14568	0.43890	0.01360	0.00800	0.07430	0.01266	0.00373	0.00275	0.05345	0.02366	0.01800	0.00129	0.00672	0.01392	0.02978	0.00066	0.00552
20	0.01420	0.34094	0.44808	0.01633	0.00393	0.00982	0.00977	0.01310	0.00248	0.05554	0.00238	0.07422	0.00202	0.00127	0.00101	0.00033	0.00142	0.00098	0.00060	0.00158
21	0.07423	0.00133	0.00137	0.00131	0.00173	0.00121	0.00100	0.02241	0.01330	0.02655	0.14740	0.00966	0.68918	0.00263	0.00131	0.00038	0.00063	0.00218	0.00109	0.00107
22	0.00197	0.00129	0.00155	0.00146	0.00184	0.00116	0.00110	0.01647	0.01357	0.11208	0.33350	0.12939	0.37501	0.00262	0.00135	0.00039	0.00064	0.00225	0.00119	0.00115
23	0.00730	0.07292	0.02576	0.06837	0.01144	0.00165	0.04021	0.00249	0.02323	0.04399	0.29007	0.21915	0.12431	0.02793	0.00810	0.00042	0.01122	0.01925	0.00101	0.00117
24	0.00249	0.01594	0.69502	0.00302	0.01563	0.00246	0.01928	0.02395	0.01087	0.06464	0.08484	0.02162	0.00265	0.00781	0.01019	0.00039	0.00152	0.01537	0.00066	0.00164
25	0.00166	0.00119	0.00162	0.00165	0.00177	0.00130	0.00118	0.00192	0.00185	0.00258	0.00363	0.06842	0.00382	0.34333	0.52080	0.00146	0.00217	0.03805	0.00070	0.00091
26	0.00147	0.00111	0.00127	0.00139	0.00163	0.00099	0.00099	0.00177	0.00248	0.00323	0.05009	0.39329	0.42896	0.00308	0.00138	0.00042	0.00063	0.03122	0.07362	0.00098
27	0.02845	0.02664	0.06077	0.10373	0.25147	0.09347	0.10995	0.01613	0.04391	0.05624	0.00293	0.10153	0.01299	0.00154	0.00711	0.00039	0.06438	0.01614	0.00071	0.00152

[dist]
# distance from previous block
# <min> <max>
0	44

[block]
# block no. 4 follows, 281 sequences, length 19
# corresponding to MSA columns:
# 644-662
name=unknown_E
#
# <colnr> <probs for GDERKNQSTAVLIFYWHMCP>
#	G	D	E	R	K	N	Q	S	T	A	V	L	I	F	Y	W	H	M	C	P
0	0.04760	0.12384	0.59968	0.00311	0.04535	0.02256	0.01094	0.03000	0.04562	0.01546	0.00216	0.00248	0.00161	0.00113	0.00110	0.00035	0.02104	0.00085	0.00057	0.02455
1	0.00889	0.47081	0.30276	0.02121	0.05569	0.03233	0.00948	0.02759	0.01559	0.00327	0.00190	0.00224	0.00156	0.00114	0.00823	0.00032	0.02419	0.00077	0.00053	0.01149
2	0.00178	0.00127	0.00150	0.00147	0.00153	0.01241	0.00093	0.01668	0.00180	0.00243	0.00349	0.02615	0.00389	0.71489	0.15846	0.01665	0.03158	0.00159	0.00069	0.00080
3	0.00281	0.00281	0.03259	0.02778	0.88769	0.00272	0.00353	0.00352	0.00263	0.00375	0.00233	0.00300	0.01747	0.00107	0.00115	0.00035	0.00138	0.00105	0.00058	0.00181
4	0.00166	0.00124	0.00186	0.00186	0.00207	0.00145	0.00145	0.00207	0.00186	0.00269	0.00310	0.00455	0.00290	0.00869	0.95467	0.00186	0.00310	0.00124	0.00062	0.00103
5	0.00175	0.00114	0.00150	0.00158	0.00179	0.00105	0.00113	0.00210	0.00268	0.06379	0.33042	0.51870	0.03194	0.00301	0.00141	0.00042	0.00065	0.02145	0.01243	0.00106
6	0.00232	0.00216	0.00347	0.80927	0.02066	0.00264	0.01987	0.02166	0.10009	0.00327	0.00236	0.00321	0.00177	0.00120	0.00116	0.00039	0.00148	0.00107	0.00060	0.00137
7	0.00425	0.00176	0.00236	0.00193	0.00265	0.00156	0.00157	0.01458	0.00314	0.68655	0.03867	0.07910	0.02715	0.00179	0.00121	0.00038	0.00092	0.06749	0.06121	0.00172
8	0.00142	0.00102	0.00135	0.00160	0.00168	0.00095	0.00107	0.00163	0.00225	0.00300	0.02762	0.91944	0.02550	0.00359	0.00147	0.00047	0.00067	0.00325	0.00108	0.00095
9	0.51861	0.00215	0.00216	0.00179	0.00257	0.00226	0.00147	0.03838	0.01703	0.38118	0.00291	0.00288	0.00201	0.01879	0.00101	0.00037	0.00095	0.00089	0.00102	0.00156
10	0.00472	0.00186	0.00251	0.00198	0.00278	0.00162	0.00162	0.00518	0.00324	0.82030	0.05553	0.02965	0.00350	0.00157	0.00118	0.00036	0.00094	0.01799	0.04164	0.00184
11	0.00181	0.00123	0.00146	0.00150	0.00163	0.00816	0.00101	0.00204	0.02372	0.03524	0.03063	0.15045	0.06148	0.53344	0.03197	0.00087	0.00106	0.11053	0.00087	0.00089
12	0.00169	0.00126	0.00186	0.00185	0.00205	0.00147	0.00144	0.00210	0.00188	0.00273	0.00311	0.00456	0.00290	0.02220	0.89651	0.00178	0.01927	0.00124	0.02908	0.00104
13	0.00165	0.00117	0.00149	0.00162	0.00184	0.00110	0.00122	0.00200	0.01160	0.02092	0.14619	0.34279	0.19039	0.03645	0.00170	0.02875	0.00076	0.20629	0.00108	0.00100
14	0.00219	0.00206	0.00348	0.95648	0.00798	0.00258	0.00322	0.00296	0.00232	0.00296	0.00206	0.00309	0.00155	0.00116	0.00116	0.00039	0.00155	0.00103	0.00052	0.00129
15	0.00148	0.00105	0.00140	0.00166	0.00176	0.00099	0.00117	0.00173	0.00229	0.00305	0.00642	0.80428	0.02739	0.00352	0.00148	0.00047	0.00072	0.12000	0.01817	0.00096
16	0.00254	0.00202	0.00222	0.00201	0.00255	0.00221	0.00156	0.00475	0.58761	0.04025	0.25966	0.00587	0.06025	0.00186	0.00123	0.00038	0.00079	0.00158	0.01908	0.00158
17	0.52612	0.00863	0.01145	0.05778	0.00246	0.00215	0.00135	0.01620	0.01412	0.07694	0.00245	0.02082	0.00216	0.15999	0.01914	0.05126	0.00103	0.00098	0.02380	0.00119
18	0.03715	0.09897	0.10109	0.09371	0.12297	0.05466	0.04603	0.12995	0.22048	0.01564	0.01048	0.00304	0.00218	0.00123	0.00109	0.00034	0.00130	0.00101	0.00080	0.05787

[dist]
# distance from previous block
# <min> <max>
1	7

[block]
# block no. 5 follows, 281 sequences, length 21
# corresponding to MSA columns:
# 671-689,700,708
name=unknown_F
#
# <colnr> <probs for GDERKNQSTAVLIFYWHMCP>
#	G	D	E	R	K	N	Q	S	T	A	V	L	I	F	Y	W	H	M	C	P
0	0.00236	0.02474	0.06018	0.01710	0.12571	0.00181	0.01517	0.04128	0.06499	0.08347	0.29064	0.12985	0.08203	0.00217	0.01375	0.00040	0.00670	0.02361	0.00103	0.01301
1	0.00278	0.51700	0.30185	0.03005	0.00384	0.02060	0.03520	0.00356	0.02897	0.00314	0.00217	0.00247	0.02833	0.00112	0.00097	0.00031	0.01477	0.00081	0.00054	0.00154
2	0.00175	0.00120	0.00136	0.00130	0.00164	0.00109	0.00098	0.01215	0.00289	0.02388	0.37525	0.00858	0.36657	0.00235	0.00125	0.00036	0.00058	0.00200	0.19377	0.00107
3	0.00169	0.00128	0.00187	0.00185	0.00203	0.00150	0.00142	0.00206	0.00184	0.00265	0.00310	0.00477	0.00297	0.10025	0.82790	0.00174	0.03817	0.00128	0.00062	0.00101
4	0.01717	0.01862	0.15561	0.08476	0.37978	0.06188	0.06786	0.02410	0.08356	0.04249	0.01047	0.01414	0.00985	0.00119	0.00116	0.00035	0.00597	0.00107	0.00068	0.01931
5	0.00213	0.00178	0.01638	0.03118	0.02916	0.01816	0.00931	0.00927	0.20338	0.02275	0.04351	0.07900	0.04628	0.02575	0.40245	0.01249	0.03708	0.00784	0.00083	0.00127
6	0.00141	0.00102	0.00134	0.00159	0.00168	0.00094	0.00107	0.00162	0.00224	0.00297	0.00663	0.91544	0.05058	0.00360	0.00147	0.00047	0.00067	0.00326	0.00108	0.00094
7	0.02307	0.03033	0.90858	0.00323	0.00491	0.00274	0.00416	0.00366	0.00243	0.00368	0.00206	0.00242	0.00146	0.00110	0.00108	0.00036	0.00168	0.00085	0.00049	0.00170
8	0.01840	0.00218	0.03203	0.01284	0.00287	0.00163	0.00150	0.00308	0.01808	0.03363	0.01179	0.00255	0.00186	0.00092	0.00089	0.00019	0.00090	0.00073	0.00072	0.85321
9	0.00149	0.00106	0.00142	0.00863	0.00175	0.00103	0.00112	0.00170	0.00219	0.00295	0.02934	0.74661	0.02611	0.04000	0.08160	0.02233	0.00710	0.01295	0.00967	0.00094
10	0.00155	0.00112	0.00157	0.00171	0.00184	0.00118	0.00123	0.00184	0.00206	0.00284	0.00483	0.47595	0.00540	0.04956	0.40678	0.00109	0.00173	0.02369	0.01306	0.00097
11	0.03056	0.04301	0.10209	0.00288	0.06073	0.34657	0.01544	0.08413	0.04317	0.13579	0.02590	0.02399	0.02270	0.00161	0.03140	0.00039	0.01893	0.00833	0.00081	0.00154
12	0.00310	0.95996	0.00607	0.00198	0.00298	0.00459	0.00198	0.00347	0.00236	0.00273	0.00161	0.00186	0.00149	0.00099	0.00074	0.00025	0.00124	0.00062	0.00050	0.00149
13	0.04197	0.00160	0.00208	0.06350	0.01305	0.02510	0.00155	0.04807	0.00217	0.03454	0.00299	0.00443	0.00275	0.11394	0.54287	0.01659	0.02007	0.00590	0.03099	0.02581
14	0.00236	0.00220	0.00347	0.88328	0.00765	0.02101	0.00314	0.05729	0.00252	0.00321	0.00210	0.00305	0.00157	0.00117	0.00116	0.00038	0.00154	0.00103	0.00055	0.00133
15	0.00282	0.00268	0.00452	0.06807	0.83492	0.00272	0.01087	0.02098	0.01071	0.00380	0.00228	0.01665	0.00193	0.00109	0.00115	0.00035	0.00137	0.00107	0.01023	0.00178
16	0.00144	0.00108	0.00135	0.00152	0.00169	0.00098	0.00106	0.00171	0.00244	0.00319	0.10185	0.61000	0.22388	0.00333	0.00145	0.00044	0.00066	0.03986	0.00110	0.00097
17	0.00245	0.00222	0.00373	0.59505	0.29851	0.00253	0.00318	0.00317	0.00244	0.02537	0.00231	0.02820	0.00186	0.00120	0.00116	0.00037	0.00143	0.00109	0.02228	0.00146
18	0.00229	0.00194	0.00288	0.35232	0.07990	0.01107	0.02568	0.07894	0.02618	0.01686	0.07370	0.06954	0.03629	0.04845	0.12327	0.00636	0.01096	0.03132	0.00076	0.00130
19	0.00236	0.00226	0.00407	0.49277	0.14120	0.00247	0.19414	0.00310	0.00249	0.01562	0.01559	0.05128	0.02613	0.00138	0.00124	0.00039	0.00150	0.04001	0.00062	0.00139
20	0.10332	0.06000	0.01798	0.03673	0.02148	0.29629	0.03898	0.04787	0.17903	0.05464	0.02065	0.08221	0.00273	0.00153	0.00115	0.00806	0.01017	0.01487	0.00083	0.00147

[dist]
# distance from previous block
# <min> <max>
3	22

[block]
# block no. 6 follows, 281 sequences, length 16
# corresponding to MSA columns:
# 732-734,743-755
name=unknown_G
#
# <colnr> <probs for GDERKNQSTAVLIFYWHMCP>
#	G	D	E	R	K	N	Q	S	T	A	V	L	I	F	Y	W	H	M	C	P
0	0.00774	0.00130	0.00161	0.00159	0.00172	0.00720	0.00110	0.00803	0.04484	0.00267	0.01238	0.02583	0.02729	0.44257	0.28464	0.06384	0.02550	0.01801	0.02125	0.00090
1	0.01766	0.05624	0.27490	0.05291	0.05041	0.01019	0.07497	0.12439	0.08703	0.04836	0.10779	0.01104	0.01929	0.00751	0.00673	0.00037	0.01305	0.00560	0.02997	0.00159
2	0.00162	0.00120	0.00153	0.01870	0.02924	0.00110	0.00118	0.01232	0.00247	0.02908	0.06212	0.56475	0.23883	0.00315	0.00141	0.00043	0.00070	0.01816	0.00107	0.01091
3	0.02151	0.00974	0.01434	0.01308	0.03171	0.02567	0.00170	0.09125	0.36027	0.01170	0.10978	0.07457	0.11851	0.01795	0.00134	0.00041	0.00093	0.09298	0.00109	0.00147
4	0.00233	0.00215	0.00290	0.02179	0.01177	0.01093	0.00209	0.00290	0.09411	0.00295	0.00237	0.00357	0.00224	0.08463	0.18362	0.01171	0.54159	0.00114	0.01399	0.00123
5	0.00171	0.00125	0.00164	0.00175	0.00202	0.00119	0.00143	0.00220	0.00284	0.00378	0.32604	0.02947	0.13057	0.02881	0.00161	0.00047	0.00082	0.46021	0.00113	0.00105
6	0.00310	0.95996	0.00607	0.00198	0.00298	0.00459	0.00198	0.00347	0.00236	0.00273	0.00161	0.00186	0.00149	0.00099	0.00074	0.00025	0.00124	0.00062	0.00050	0.00149
7	0.00255	0.05107	0.65684	0.02687	0.00493	0.00276	0.14204	0.02408	0.01130	0.03651	0.02891	0.00279	0.00186	0.00114	0.00114	0.00036	0.00165	0.00098	0.00058	0.00167
8	0.00168	0.00115	0.00133	0.00134	0.00139	0.00115	0.00081	0.00182	0.02002	0.00254	0.05744	0.08561	0.01963	0.74988	0.03804	0.00102	0.00110	0.00182	0.01144	0.00079
9	0.00173	0.00122	0.00144	0.00137	0.00173	0.00108	0.00104	0.00215	0.00296	0.05918	0.43277	0.03315	0.42725	0.00259	0.00135	0.00038	0.00060	0.01294	0.01396	0.00109
10	0.00304	0.73397	0.09162	0.00232	0.00333	0.02185	0.05196	0.01215	0.00242	0.01904	0.00177	0.00209	0.00155	0.00115	0.01314	0.00030	0.03555	0.00072	0.00053	0.00151
11	0.01067	0.20295	0.39372	0.02550	0.03595	0.05061	0.10684	0.07887	0.01561	0.01894	0.00232	0.01098	0.01169	0.01225	0.00115	0.00035	0.00849	0.01088	0.00061	0.00161
12	0.00147	0.00104	0.00137	0.00162	0.00172	0.00097	0.00112	0.00171	0.00227	0.00305	0.00638	0.84151	0.02487	0.00351	0.00146	0.00047	0.00069	0.06747	0.03637	0.00096
13	0.00149	0.00104	0.00137	0.00161	0.00171	0.00096	0.00109	0.00170	0.00227	0.01996	0.00661	0.87895	0.05383	0.00355	0.00147	0.00047	0.00068	0.01919	0.00108	0.00096
14	0.00271	0.04246	0.02347	0.18445	0.03089	0.07827	0.03097	0.04177	0.24629	0.00371	0.04957	0.01625	0.01722	0.00165	0.00175	0.03957	0.16588	0.00117	0.02050	0.00144
15	0.05308	0.06374	0.35800	0.02275	0.22038	0.01541	0.04994	0.08294	0.01894	0.04104	0.01856	0.03844	0.00212	0.00125	0.00111	0.00036	0.00144	0.00814	0.00067	0.00167

[dist]
# distance from previous block
# <min> <max>
0	16

[block]
# block no. 7 follows, 281 sequences, length 23
# corresponding to MSA columns:
# 772-779,785-798,801
name=unknown_H
#
# <colnr> <probs for GDERKNQSTAVLIFYWHMCP>
#	G	D	E	R	K	N	Q	S	T	A	V	L	I	F	Y	W	H	M	C	P
0	0.01462	0.33324	0.39372	0.01861	0.02785	0.08212	0.04331	0.05197	0.01830	0.00349	0.00198	0.00231	0.00156	0.00109	0.00099	0.00032	0.00154	0.00081	0.00056	0.00160
1	0.02964	0.02828	0.02766	0.52639	0.00554	0.03099	0.01639	0.02206	0.01644	0.00317	0.04143	0.02851	0.00884	0.03386	0.13544	0.00848	0.01765	0.01735	0.00063	0.00125
2	0.01361	0.01795	0.00870	0.00165	0.00201	0.00143	0.00128	0.06348	0.01658	0.05871	0.42549	0.10822	0.08076	0.05034	0.04170	0.00049	0.00651	0.06706	0.03286	0.00118
3	0.00206	0.02593	0.00132	0.00122	0.00146	0.00121	0.00089	0.00247	0.00231	0.01143	0.02372	0.05706	0.03992	0.14582	0.00175	0.01409	0.01642	0.00135	0.64855	0.00102
4	0.14103	0.56695	0.03409	0.00205	0.00298	0.04271	0.00193	0.04878	0.00260	0.11766	0.00205	0.00220	0.00165	0.00110	0.00087	0.00029	0.01148	0.00072	0.00068	0.01816
5	0.00189	0.00156	0.00169	0.00162	0.00204	0.00157	0.00123	0.00311	0.28260	0.00394	0.19003	0.07255	0.40328	0.00246	0.00132	0.00039	0.00069	0.01589	0.01090	0.00125
6	0.02595	0.04882	0.00258	0.00210	0.03513	0.01391	0.02061	0.15527	0.07218	0.23937	0.05168	0.02312	0.27636	0.00999	0.00125	0.00037	0.00094	0.00156	0.00112	0.01768
7	0.00145	0.00103	0.00136	0.00161	0.00168	0.00097	0.00108	0.00165	0.00219	0.00292	0.00616	0.84306	0.00735	0.08045	0.00184	0.00053	0.00073	0.04197	0.00105	0.00093
8	0.00229	0.00186	0.00227	0.03282	0.00269	0.00149	0.00137	0.00267	0.00228	0.00349	0.02980	0.00288	0.00208	0.01119	0.03097	0.12955	0.00096	0.00081	0.00067	0.73785
9	0.00238	0.00240	0.04330	0.50643	0.19224	0.01274	0.00987	0.00309	0.01323	0.00322	0.02010	0.00331	0.00195	0.02795	0.00154	0.00040	0.09421	0.01439	0.00057	0.04667
10	0.00145	0.00109	0.00135	0.00154	0.00172	0.00099	0.00110	0.00171	0.00239	0.00308	0.02282	0.60184	0.26072	0.00339	0.00146	0.00045	0.00068	0.09018	0.00108	0.00097
11	0.00268	0.01168	0.01514	0.00967	0.01453	0.01071	0.24639	0.02985	0.08156	0.05652	0.06944	0.01280	0.01805	0.00120	0.00111	0.00029	0.00118	0.01147	0.00080	0.40491
12	0.01077	0.03550	0.01204	0.07226	0.49648	0.05537	0.03865	0.08516	0.04476	0.05693	0.00757	0.01353	0.00206	0.00124	0.00831	0.00036	0.01429	0.00671	0.00071	0.03730
13	0.00219	0.00206	0.00348	0.95648	0.00798	0.00258	0.00322	0.00296	0.00232	0.00296	0.00206	0.00309	0.00155	0.00116	0.00116	0.00039	0.00155	0.00103	0.00052	0.00129
14	0.00972	0.03939	0.11370	0.03673	0.02613	0.05255	0.11787	0.06046	0.07154	0.01527	0.04953	0.02835	0.04082	0.02011	0.08405	0.05041	0.15600	0.00988	0.00556	0.01192
15	0.00217	0.02614	0.00237	0.00214	0.04084	0.02618	0.06245	0.02314	0.10439	0.03917	0.36273	0.09598	0.12635	0.02687	0.00150	0.00040	0.02740	0.02743	0.00107	0.00127
16	0.00145	0.00105	0.00140	0.00165	0.00172	0.00100	0.00112	0.00167	0.00221	0.00295	0.00620	0.87645	0.00739	0.02516	0.01755	0.00051	0.01355	0.03496	0.00105	0.00095
17	0.00229	0.00538	0.82190	0.00313	0.00467	0.00252	0.02278	0.00353	0.00253	0.01356	0.07869	0.00324	0.01534	0.00126	0.00114	0.00037	0.00159	0.01385	0.00058	0.00164
18	0.01337	0.27571	0.37919	0.02701	0.05572	0.02214	0.07987	0.06933	0.01439	0.02057	0.01245	0.00267	0.02046	0.00114	0.00103	0.00033	0.00149	0.00091	0.00060	0.00162
19	0.01244	0.02162	0.02458	0.02043	0.00293	0.13463	0.06114	0.07510	0.11469	0.12599	0.04655	0.26643	0.03088	0.02060	0.00135	0.00041	0.00113	0.02855	0.00917	0.00140
20	0.38959	0.14121	0.18991	0.03559	0.01960	0.15078	0.02194	0.01002	0.00239	0.00400	0.00185	0.01628	0.00150	0.00114	0.00093	0.00034	0.01013	0.00077	0.00062	0.00141
21	0.03447	0.04836	0.15507	0.04551	0.06658	0.00228	0.18821	0.03046	0.03473	0.03530	0.05431	0.17726	0.03393	0.00199	0.02323	0.00043	0.01567	0.04999	0.00080	0.00142
22	0.00142	0.00103	0.00134	0.00157	0.00167	0.00095	0.00105	0.00164	0.00228	0.00302	0.04310	0.83205	0.07901	0.02199	0.00155	0.00047	0.00067	0.00315	0.00108	0.00095

[dist]
# distance from previous block
# <min> <max>
1	6

[block]
# block no. 8 follows, 281 sequences, length 7
# corresponding to MSA columns:
# 808-814
name=unknown_I
#
# <colnr> <probs for GDERKNQSTAVLIFYWHMCP>
#	G	D	E	R	K	N	Q	S	T	A	V	L	I	F	Y	W	H	M	C	P
0	0.04457	0.00242	0.06652	0.07841	0.13672	0.00201	0.02712	0.03001	0.01799	0.03286	0.02364	0.03069	0.00223	0.01467	0.00108	0.00029	0.00108	0.01231	0.00072	0.47466
1	0.00209	0.00206	0.04160	0.69233	0.03320	0.00229	0.00283	0.00278	0.00236	0.00307	0.05107	0.00406	0.07644	0.00183	0.05307	0.02437	0.00149	0.00120	0.00060	0.00125
2	0.01125	0.01333	0.12464	0.02323	0.05156	0.09963	0.03746	0.05090	0.04084	0.01439	0.22902	0.07135	0.15366	0.01178	0.03997	0.00044	0.01350	0.00164	0.00091	0.01050
3	0.00384	0.03549	0.00321	0.00263	0.04661	0.05343	0.00204	0.59916	0.03867	0.05405	0.00357	0.07806	0.04918	0.00161	0.00117	0.00035	0.00120	0.00127	0.02272	0.00176
4	0.03458	0.07678	0.00261	0.02447	0.02596	0.00195	0.01103	0.06231	0.02722	0.20259	0.10691	0.19059	0.02895	0.01141	0.00129	0.00036	0.02821	0.02026	0.00102	0.14151
5	0.00184	0.00133	0.02124	0.00169	0.00193	0.00122	0.00125	0.04530	0.00254	0.05364	0.12187	0.53529	0.05436	0.05059	0.07622	0.00058	0.00094	0.02604	0.00106	0.00108
6	0.08124	0.21243	0.22172	0.02702	0.01490	0.06499	0.08583	0.01975	0.00256	0.05695	0.04595	0.04611	0.00259	0.00194	0.07568	0.00047	0.00152	0.03621	0.00069	0.00146

[dist]
# distance from previous block
# <min> <max>
0	1

[block]
# block no. 9 follows, 281 sequences, length 12
# corresponding to MSA columns:
# 816-827
name=unknown_J
#
# <colnr> <probs for GDERKNQSTAVLIFYWHMCP>
#	G	D	E	R	K	N	Q	S	T	A	V	L	I	F	Y	W	H	M	C	P
0	0.02828	0.39377	0.24548	0.01924	0.07413	0.02824	0.01746	0.02645	0.01102	0.02382	0.01488	0.04991	0.00201	0.00126	0.00111	0.00033	0.04918	0.00093	0.00059	0.01191
1	0.04497	0.26953	0.29408	0.00243	0.01359	0.01689	0.01839	0.01511	0.01606	0.11305	0.02533	0.09615	0.04649	0.00151	0.00108	0.00035	0.00845	0.01426	0.00074	0.00152
2	0.01480	0.04425	0.08890	0.00183	0.00221	0.01276	0.00153	0.01456	0.00241	0.02427	0.04300	0.40818	0.10941	0.05891	0.02275	0.01376	0.01441	0.10873	0.00095	0.01239
3	0.05304	0.31847	0.30981	0.01181	0.01447	0.03687	0.02901	0.01427	0.02094	0.04033	0.03836	0.03669	0.02948	0.00133	0.00110	0.00034	0.03192	0.00959	0.00064	0.00152
4	0.10010	0.19932	0.28270	0.02578	0.02269	0.02849	0.03273	0.05189	0.02585	0.04488	0.04486	0.08222	0.01032	0.02797	0.00118	0.00037	0.00129	0.00114	0.01473	0.00149
5	0.07292	0.13682	0.15795	0.03218	0.06600	0.01920	0.02182	0.02100	0.01616	0.03504	0.07974	0.16542	0.09948	0.01062	0.00121	0.00038	0.00110	0.04300	0.00082	0.01913
6	0.05164	0.21444	0.21727	0.03058	0.01717	0.03114	0.02596	0.08868	0.01369	0.08326	0.04044	0.04215	0.05675	0.02365	0.00122	0.00037	0.01266	0.03743	0.00077	0.01072
7	0.03353	0.13463	0.20789	0.04260	0.03973	0.07476	0.04591	0.11720	0.01789	0.09027	0.01332	0.07980	0.02248	0.00162	0.02572	0.00039	0.00139	0.01065	0.00078	0.03944
8	0.05296	0.17369	0.18871	0.03007	0.01616	0.03129	0.06807	0.14039	0.01625	0.07112	0.03526	0.05638	0.02764	0.01155	0.00125	0.00037	0.03557	0.03221	0.00079	0.01027
9	0.07827	0.19671	0.22126	0.01930	0.05868	0.03153	0.06527	0.09732	0.03243	0.05120	0.02846	0.04132	0.01023	0.00141	0.01558	0.00036	0.00135	0.01228	0.00072	0.03630
10	0.04948	0.15579	0.29244	0.07383	0.01570	0.02403	0.04660	0.08763	0.03816	0.07411	0.03736	0.02063	0.00966	0.00136	0.00115	0.01507	0.00742	0.02530	0.00073	0.02355
11	0.07378	0.15939	0.25912	0.05258	0.04195	0.04154	0.05777	0.05557	0.05231	0.09444	0.02209	0.02455	0.02038	0.00129	0.00107	0.00035	0.00135	0.01387	0.00074	0.02588

[dist]
# distance from previous block
# <min> <max>
0	1

[block]
# block no. 10 follows, 281 sequences, length 6
# corresponding to MSA columns:
# 829-834
name=unknown_K
#
# <colnr> <probs for GDERKNQSTAVLIFYWHMCP>
#	G	D	E	R	K	N	Q	S	T	A	V	L	I	F	Y	W	H	M	C	P
0	0.06751	0.12863	0.18474	0.06875	0.06201	0.03459	0.04730	0.07977	0.02363	0.05884	0.03788	0.02469	0.04850	0.01456	0.01394	0.00038	0.01467	0.04629	0.00076	0.04258
1	0.04640	0.12900	0.18574	0.06710	0.06045	0.03129	0.03554	0.08487	0.03328	0.07933	0.06466	0.03312	0.01656	0.02096	0.00133	0.01384	0.03306	0.02195	0.00077	0.04075
2	0.07317	0.11588	0.14372	0.05496	0.09099	0.07951	0.03091	0.11230	0.01923	0.08741	0.04513	0.03602	0.03446	0.00142	0.00110	0.00035	0.00129	0.03067	0.00080	0.04073
3	0.09734	0.11880	0.13768	0.06815	0.04655	0.05629	0.04604	0.08166	0.01767	0.08341	0.03531	0.04446	0.03730	0.00165	0.02664	0.01162	0.01919	0.02191	0.00077	0.04757
4	0.09827	0.11754	0.14520	0.04874	0.09022	0.04354	0.04142	0.09849	0.04121	0.06827	0.03315	0.02850	0.03769	0.00154	0.01951	0.00038	0.01285	0.03189	0.00078	0.04082
5	0.03458	0.08574	0.11462	0.10061	0.10655	0.05453	0.04048	0.09989	0.03696	0.07180	0.05582	0.04128	0.04510	0.00161	0.01568	0.01627	0.02543	0.01251	0.00079	0.03976

[dist]
# distance from previous block
# <min> <max>
0	723

# created by:
# /home/berkeley/.conda/envs/busco_data_prod/bin/msa2prfl.pl pipeline/OGs_align_augustus/2759/190958.fs
