[name]
unknown

[dist]
# distance from previous block
# <min> <max>
0	847

[block]
# block no. 0 follows, 235 sequences, length 16
# corresponding to MSA columns:
# 942-944,946-958
name=unknown_A
#
# <colnr> <probs for GDERKNQSTAVLIFYWHMCP>
#	G	D	E	R	K	N	Q	S	T	A	V	L	I	F	Y	W	H	M	C	P
0	0.01016	0.01037	0.00234	0.01889	0.07398	0.01544	0.01886	0.00858	0.05625	0.00408	0.13055	0.46360	0.06829	0.01645	0.00175	0.00052	0.00943	0.08793	0.00121	0.00134
1	0.01558	0.01514	0.07196	0.28111	0.10850	0.01952	0.05049	0.16067	0.05826	0.02040	0.01932	0.03308	0.03053	0.04624	0.01560	0.00051	0.03119	0.00554	0.01462	0.00176
2	0.00213	0.02331	0.08153	0.00207	0.00240	0.00167	0.00166	0.00249	0.00240	0.02274	0.05116	0.16880	0.00512	0.26711	0.30812	0.04017	0.00201	0.01305	0.00089	0.00118
3	0.01191	0.14915	0.21833	0.10020	0.17256	0.04862	0.11179	0.04668	0.03750	0.04343	0.01321	0.00331	0.00220	0.00148	0.01599	0.00044	0.01275	0.00116	0.00075	0.00855
4	0.82175	0.02722	0.00225	0.00189	0.00274	0.00311	0.00156	0.05519	0.02127	0.00608	0.00260	0.00284	0.04438	0.00140	0.00092	0.00042	0.00108	0.00088	0.00090	0.00153
5	0.02085	0.00252	0.00292	0.00242	0.00303	0.01059	0.00195	0.22591	0.02803	0.12536	0.00364	0.00418	0.00283	0.04493	0.00204	0.00045	0.17417	0.00126	0.27722	0.06572
6	0.04884	0.00410	0.03976	0.07214	0.08040	0.30174	0.13932	0.05077	0.02813	0.06987	0.08814	0.02751	0.01452	0.00163	0.00142	0.00042	0.01947	0.00136	0.00873	0.00173
7	0.02151	0.02682	0.00308	0.00258	0.00300	0.13745	0.05672	0.05621	0.00885	0.01678	0.00325	0.01196	0.00312	0.25139	0.12112	0.00806	0.13971	0.00141	0.08203	0.04495
8	0.00187	0.00129	0.00155	0.00168	0.00173	0.00125	0.00104	0.00198	0.00228	0.00303	0.00579	0.35691	0.02897	0.54423	0.01739	0.00102	0.00114	0.02488	0.00101	0.00096
9	0.04623	0.00248	0.00401	0.84732	0.03398	0.00306	0.00365	0.00367	0.03549	0.00372	0.00252	0.00363	0.00190	0.00138	0.00134	0.00045	0.00176	0.00121	0.00065	0.00156
10	0.00293	0.00300	0.00588	0.00445	0.00540	0.00297	0.56199	0.01385	0.01374	0.01548	0.02325	0.09486	0.02176	0.00211	0.02448	0.00053	0.09655	0.07919	0.00774	0.01986
11	0.00272	0.00247	0.00412	0.82352	0.07734	0.00298	0.00370	0.00358	0.00277	0.02341	0.00250	0.00364	0.00190	0.00142	0.00143	0.01832	0.00177	0.00121	0.00064	0.02055
12	0.00167	0.00124	0.00157	0.00181	0.00197	0.00113	0.00124	0.00195	0.00276	0.00360	0.03715	0.73021	0.18497	0.00408	0.00172	0.00054	0.00078	0.01919	0.00128	0.00113
13	0.00219	0.00150	0.00186	0.00180	0.00218	0.00139	0.00135	0.02408	0.01767	0.06304	0.46474	0.17057	0.20418	0.00311	0.00162	0.00046	0.00076	0.03472	0.00142	0.00133
14	0.00198	0.00133	0.00172	0.00191	0.00209	0.00127	0.00848	0.01090	0.02390	0.02812	0.02964	0.73840	0.00809	0.01679	0.01033	0.00055	0.00085	0.01338	0.09909	0.00120
15	0.00548	0.00324	0.00371	0.00285	0.00391	0.00338	0.00235	0.58348	0.00545	0.34350	0.00407	0.00382	0.00273	0.00166	0.00136	0.00041	0.00136	0.00128	0.02366	0.00230

[dist]
# distance from previous block
# <min> <max>
0	45

[block]
# block no. 1 follows, 235 sequences, length 7
# corresponding to MSA columns:
# 1004,1005,1008-1012
name=unknown_B
#
# <colnr> <probs for GDERKNQSTAVLIFYWHMCP>
#	G	D	E	R	K	N	Q	S	T	A	V	L	I	F	Y	W	H	M	C	P
0	0.00322	0.00262	0.00276	0.00250	0.00317	0.02214	0.00193	0.07152	0.57422	0.03324	0.06259	0.08862	0.09051	0.00223	0.00144	0.00046	0.00104	0.00188	0.03201	0.00190
1	0.00168	0.00122	0.00158	0.00185	0.00198	0.00113	0.00125	0.00195	0.00273	0.00362	0.06102	0.81935	0.08733	0.00413	0.00173	0.00054	0.00078	0.00373	0.00128	0.00113
2	0.00495	0.00352	0.00393	0.02696	0.02819	0.00381	0.00254	0.70415	0.05678	0.09470	0.00352	0.00350	0.00249	0.00161	0.00135	0.00040	0.00144	0.00124	0.00133	0.05358
3	0.53331	0.00294	0.00277	0.03897	0.00338	0.06877	0.03468	0.09711	0.03089	0.06785	0.01461	0.01366	0.00227	0.01258	0.01215	0.00046	0.02124	0.01381	0.02690	0.00164
4	0.00314	0.00291	0.00426	0.33281	0.27305	0.02034	0.02342	0.02116	0.22179	0.00448	0.00381	0.02501	0.03682	0.00165	0.00148	0.00046	0.01921	0.00144	0.00089	0.00189
5	0.01875	0.00266	0.00325	0.04838	0.03344	0.00244	0.01614	0.10279	0.09072	0.06721	0.00299	0.00330	0.00233	0.00133	0.00130	0.01479	0.02622	0.00102	0.00096	0.55998
6	0.00187	0.00146	0.00180	0.05237	0.00241	0.00137	0.00138	0.00243	0.02427	0.00440	0.38180	0.14119	0.32018	0.02628	0.00175	0.00049	0.00079	0.03120	0.00132	0.00124

[dist]
# distance from previous block
# <min> <max>
9	20

[block]
# block no. 2 follows, 235 sequences, length 42
# corresponding to MSA columns:
# 1054,1055,1069,1070,1089,1090,1102,1111-1116,1139-1152,1154-1168
name=unknown_C
#
# <colnr> <probs for GDERKNQSTAVLIFYWHMCP>
#	G	D	E	R	K	N	Q	S	T	A	V	L	I	F	Y	W	H	M	C	P
0	0.04847	0.00236	0.00272	0.00200	0.00313	0.00184	0.00160	0.00340	0.00287	0.00457	0.04652	0.00352	0.01936	0.00119	0.00106	0.00023	0.00100	0.01484	0.00086	0.83846
1	0.96158	0.00265	0.00201	0.00180	0.00265	0.00307	0.00148	0.00402	0.00233	0.00614	0.00191	0.00222	0.00148	0.00127	0.00085	0.00042	0.00106	0.00074	0.00085	0.00148
2	0.00175	0.00125	0.00161	0.00183	0.00199	0.00115	0.00125	0.00205	0.00285	0.01336	0.13549	0.70579	0.10881	0.01175	0.00175	0.00053	0.00077	0.00355	0.00130	0.00115
3	0.00301	0.01437	0.00423	0.54654	0.13731	0.01924	0.03569	0.06076	0.05347	0.02627	0.01898	0.03668	0.00742	0.00157	0.00144	0.00045	0.01480	0.01528	0.00079	0.00170
4	0.01767	0.50046	0.18451	0.00267	0.00835	0.03039	0.00888	0.02190	0.00730	0.00846	0.00223	0.00954	0.00189	0.00121	0.00102	0.00031	0.00150	0.00085	0.00067	0.19019
5	0.00240	0.00179	0.00904	0.00214	0.00228	0.00203	0.00156	0.01113	0.00221	0.04542	0.00369	0.00658	0.00384	0.46516	0.24215	0.00134	0.17794	0.00165	0.00844	0.00920
6	0.00274	0.00708	0.94482	0.00390	0.00592	0.00318	0.00506	0.00433	0.00289	0.00433	0.00246	0.00289	0.00173	0.00130	0.00130	0.00043	0.00202	0.00101	0.00058	0.00202
7	0.00928	0.00192	0.00252	0.02838	0.00297	0.00176	0.00173	0.00454	0.03560	0.42637	0.30158	0.02146	0.11316	0.00235	0.00153	0.00044	0.00966	0.03147	0.00151	0.00178
8	0.04981	0.06526	0.00402	0.00299	0.00398	0.14053	0.00245	0.63609	0.00542	0.02897	0.00306	0.00316	0.00225	0.00156	0.00127	0.00039	0.00157	0.00113	0.04399	0.00210
9	0.00188	0.00129	0.00156	0.00166	0.00170	0.00127	0.00102	0.00199	0.00225	0.00301	0.02665	0.31817	0.00644	0.58503	0.03924	0.00108	0.00122	0.00261	0.00099	0.00095
10	0.00169	0.00129	0.00157	0.00176	0.00199	0.00117	0.00124	0.00203	0.01385	0.00363	0.02087	0.57920	0.32065	0.00395	0.00170	0.00052	0.00078	0.03968	0.00127	0.00115
11	0.00271	0.00261	0.01536	0.71201	0.10819	0.00306	0.03857	0.01414	0.00279	0.00368	0.00258	0.02989	0.00208	0.00152	0.00157	0.01515	0.04054	0.00130	0.00064	0.00159
12	0.00195	0.00140	0.00180	0.00210	0.00220	0.00128	0.00140	0.00212	0.00281	0.00377	0.00780	0.94767	0.00928	0.00446	0.00187	0.00061	0.00089	0.00397	0.00136	0.00126
13	0.00172	0.00128	0.00158	0.00177	0.00197	0.00117	0.00124	0.00203	0.00285	0.00370	0.08878	0.54313	0.24641	0.04832	0.00195	0.00056	0.00080	0.04833	0.00127	0.00113
14	0.01484	0.51640	0.38371	0.00300	0.00448	0.03760	0.00342	0.00422	0.00287	0.00373	0.01357	0.00258	0.00188	0.00125	0.00107	0.00035	0.00171	0.00087	0.00060	0.00185
15	0.00335	0.00325	0.03471	0.08637	0.71609	0.00318	0.03278	0.02343	0.03107	0.02417	0.00291	0.01888	0.01095	0.00134	0.00137	0.00042	0.00163	0.00130	0.00074	0.00208
16	0.00176	0.00133	0.00160	0.00169	0.00198	0.00120	0.00123	0.00217	0.00315	0.00415	0.25619	0.32923	0.32503	0.00354	0.00166	0.00049	0.00074	0.04011	0.02159	0.00118
17	0.00373	0.00299	0.00317	0.00276	0.00356	0.00340	0.00218	0.20054	0.66439	0.01384	0.00505	0.00488	0.00380	0.00182	0.00137	0.00045	0.00115	0.01574	0.06306	0.00213
18	0.00469	0.15134	0.00458	0.00369	0.06674	0.66250	0.01989	0.03956	0.01479	0.00364	0.00220	0.00258	0.00184	0.00138	0.00125	0.00036	0.01564	0.00092	0.00072	0.00169
19	0.84265	0.10170	0.00267	0.00193	0.00283	0.00332	0.02022	0.00404	0.00239	0.00580	0.00192	0.00225	0.00152	0.00126	0.00087	0.00041	0.00113	0.00076	0.00082	0.00152
20	0.00437	0.00298	0.00328	0.00268	0.00353	0.00326	0.00217	0.43819	0.20802	0.11522	0.01446	0.00442	0.00324	0.00966	0.00143	0.00043	0.02010	0.01597	0.14451	0.00208
21	0.00309	0.00269	0.01369	0.22089	0.21293	0.01938	0.05058	0.04470	0.10870	0.05800	0.11528	0.05104	0.05260	0.00190	0.00520	0.00045	0.03447	0.00164	0.00099	0.00177
22	0.00176	0.00139	0.00157	0.00155	0.00193	0.00122	0.00115	0.00222	0.00967	0.00430	0.33703	0.05259	0.53578	0.03233	0.00179	0.00048	0.00071	0.01000	0.00134	0.00120
23	0.00286	0.05937	0.63902	0.01247	0.05991	0.02941	0.03564	0.00989	0.00303	0.01289	0.05874	0.01551	0.01605	0.00154	0.00134	0.00043	0.00183	0.03746	0.00071	0.00190
24	0.00169	0.00138	0.00147	0.00146	0.00187	0.00118	0.00108	0.00207	0.00319	0.00395	0.16942	0.04344	0.71924	0.04025	0.00183	0.00049	0.00071	0.00282	0.00129	0.00116
25	0.03445	0.03573	0.00396	0.00334	0.00415	0.67428	0.00258	0.20871	0.00434	0.00458	0.00237	0.00265	0.00189	0.00152	0.00932	0.00038	0.00219	0.00095	0.00085	0.00175
26	0.00300	0.09233	0.48385	0.01873	0.00523	0.01665	0.13863	0.02627	0.00700	0.03378	0.01448	0.00342	0.00222	0.00243	0.11783	0.00064	0.02122	0.00117	0.00069	0.01044
27	0.00354	0.06626	0.00341	0.00277	0.00358	0.00355	0.00219	0.04752	0.82325	0.02025	0.00522	0.00483	0.00392	0.00180	0.00136	0.00045	0.00113	0.00148	0.00134	0.00215
28	0.92433	0.00266	0.00205	0.00184	0.00268	0.00308	0.00151	0.00415	0.03882	0.00612	0.00205	0.00233	0.00159	0.00129	0.00087	0.00042	0.00106	0.00077	0.00087	0.00151
29	0.00335	0.00300	0.02918	0.00276	0.00355	0.00332	0.00220	0.00705	0.88181	0.00566	0.00544	0.00504	0.00409	0.00183	0.00137	0.00046	0.00109	0.00152	0.03513	0.00213
30	0.01367	0.00322	0.02906	0.04904	0.15193	0.03328	0.04799	0.27668	0.18316	0.04608	0.11041	0.00831	0.00395	0.00173	0.00140	0.00043	0.00140	0.01332	0.02294	0.00201
31	0.00175	0.00127	0.00164	0.00180	0.00198	0.00118	0.00125	0.00210	0.00298	0.00401	0.24680	0.57071	0.10263	0.03477	0.00187	0.00054	0.00077	0.01947	0.00132	0.00115
32	0.02174	0.00229	0.00805	0.13565	0.14795	0.02036	0.00234	0.04650	0.12781	0.00413	0.03293	0.11663	0.02447	0.12668	0.16444	0.00087	0.00889	0.00579	0.00094	0.00154
33	0.00195	0.00142	0.00199	0.00200	0.00220	0.00158	0.00148	0.00233	0.00223	0.00315	0.01821	0.04601	0.02067	0.21244	0.65582	0.00185	0.00289	0.00832	0.01233	0.00113
34	0.00318	0.01667	0.01757	0.10559	0.32056	0.00728	0.24840	0.05232	0.01691	0.00939	0.04663	0.01252	0.02588	0.01320	0.00179	0.00046	0.08712	0.00427	0.00842	0.00185
35	0.00284	0.00243	0.00284	0.00203	0.00324	0.00182	0.00162	0.00345	0.00284	0.00446	0.00243	0.00284	0.00203	0.00101	0.00101	0.00020	0.00101	0.00081	0.00081	0.96028
36	0.96158	0.00265	0.00201	0.00180	0.00265	0.00307	0.00148	0.00402	0.00233	0.00614	0.00191	0.00222	0.00148	0.00127	0.00085	0.00042	0.00106	0.00074	0.00085	0.00148
37	0.00208	0.00159	0.00197	0.00197	0.00230	0.00156	0.01474	0.03021	0.09120	0.01354	0.18302	0.38386	0.18584	0.03057	0.02709	0.00057	0.01124	0.01406	0.00129	0.00131
38	0.00171	0.00127	0.00159	0.00178	0.00198	0.00116	0.00123	0.00201	0.00285	0.00373	0.09669	0.61780	0.21739	0.01524	0.00176	0.00053	0.00077	0.01850	0.00128	0.01072
39	0.00267	0.03897	0.00264	0.01343	0.00282	0.01714	0.01813	0.06735	0.11001	0.04896	0.17552	0.07074	0.16471	0.02425	0.12669	0.00459	0.03906	0.05945	0.00392	0.00893
40	0.92054	0.00269	0.00914	0.00184	0.00269	0.00307	0.00153	0.02529	0.00243	0.00617	0.00197	0.00229	0.00153	0.00128	0.00086	0.00042	0.00107	0.00076	0.01291	0.00150
41	0.90707	0.00266	0.00209	0.00188	0.00868	0.00307	0.00153	0.02999	0.00247	0.01422	0.00201	0.00232	0.00155	0.00129	0.00087	0.00042	0.00107	0.00077	0.01452	0.00151

[dist]
# distance from previous block
# <min> <max>
1	6

[block]
# block no. 3 follows, 235 sequences, length 33
# corresponding to MSA columns:
# 1193-1196,1199-1201,1218-1240,1242,1244,1245
name=unknown_D
#
# <colnr> <probs for GDERKNQSTAVLIFYWHMCP>
#	G	D	E	R	K	N	Q	S	T	A	V	L	I	F	Y	W	H	M	C	P
0	0.00190	0.00148	0.00969	0.00182	0.00211	0.00136	0.01534	0.00231	0.00308	0.01701	0.27680	0.27046	0.25615	0.08075	0.01088	0.00057	0.02935	0.01060	0.00715	0.00120
1	0.00294	0.06770	0.40700	0.00790	0.02268	0.02606	0.01900	0.04787	0.15230	0.00485	0.18928	0.00474	0.00442	0.01107	0.00147	0.00044	0.01984	0.00140	0.00094	0.00810
2	0.00291	0.00286	0.00399	0.00344	0.00344	0.00397	0.00284	0.00319	0.00210	0.00326	0.00205	0.02069	0.00212	0.05803	0.00458	0.00064	0.87653	0.00129	0.00062	0.00145
3	0.00345	0.60540	0.19335	0.00283	0.00412	0.01008	0.04264	0.01336	0.06982	0.01612	0.01977	0.00287	0.00844	0.00130	0.00106	0.00035	0.00157	0.00094	0.00069	0.00184
4	0.00261	0.00133	0.00135	0.00133	0.00166	0.00134	0.00100	0.00332	0.02557	0.01681	0.00450	0.00514	0.00354	0.01157	0.00104	0.00033	0.00066	0.00129	0.91433	0.00131
5	0.30029	0.00343	0.00844	0.01097	0.00343	0.15752	0.00201	0.18577	0.00354	0.02521	0.00251	0.00283	0.00196	0.00139	0.00123	0.00037	0.04422	0.00094	0.04692	0.19701
6	0.01199	0.01823	0.00985	0.01868	0.04352	0.04578	0.00847	0.04095	0.22429	0.03360	0.12467	0.17681	0.03048	0.00225	0.00140	0.00042	0.00109	0.02071	0.01120	0.17563
7	0.05110	0.02930	0.09047	0.00369	0.02323	0.01071	0.20116	0.42266	0.04215	0.04348	0.00339	0.03854	0.01287	0.00161	0.00145	0.00043	0.01922	0.00139	0.00108	0.00205
8	0.00268	0.00251	0.00420	0.87735	0.03380	0.00309	0.01656	0.02616	0.00283	0.00366	0.00245	0.00363	0.00185	0.00138	0.00141	0.00046	0.01258	0.00122	0.00063	0.00156
9	0.20676	0.00330	0.01631	0.00270	0.00374	0.00350	0.00225	0.53334	0.00494	0.15553	0.00329	0.00327	0.00231	0.00154	0.00124	0.00041	0.00133	0.00113	0.01170	0.04141
10	0.00169	0.00139	0.00149	0.00150	0.00192	0.00120	0.00112	0.00211	0.01600	0.00393	0.12887	0.09583	0.72417	0.00344	0.00163	0.00047	0.00071	0.01004	0.00130	0.00118
11	0.82876	0.00275	0.00225	0.00196	0.00283	0.00316	0.00161	0.08862	0.02773	0.02687	0.00220	0.00245	0.00167	0.00133	0.00092	0.00042	0.00110	0.00082	0.00093	0.00159
12	0.00200	0.00143	0.00213	0.00213	0.00235	0.00164	0.00163	0.00236	0.00215	0.00307	0.00354	0.00533	0.00335	0.03390	0.81840	0.10794	0.00333	0.00145	0.00072	0.00114
13	0.00198	0.00139	0.00184	0.00184	0.00196	0.00151	0.00126	0.00220	0.00208	0.00290	0.00394	0.00709	0.00415	0.47070	0.45829	0.03091	0.00245	0.00171	0.00078	0.00101
14	0.00175	0.00123	0.00162	0.00189	0.00201	0.00114	0.00128	0.00202	0.00272	0.01878	0.04568	0.84597	0.05249	0.00414	0.00173	0.00054	0.00079	0.01178	0.00129	0.00114
15	0.00277	0.01971	0.88308	0.00387	0.00582	0.00320	0.02212	0.00438	0.02558	0.00434	0.00254	0.00297	0.00182	0.00139	0.01028	0.00045	0.00201	0.00104	0.00060	0.00201
16	0.11184	0.00231	0.00270	0.00213	0.00305	0.00206	0.00169	0.06152	0.01189	0.22215	0.06164	0.03847	0.00339	0.01576	0.00153	0.05852	0.00107	0.01219	0.00558	0.38051
17	0.00170	0.00126	0.00160	0.00181	0.00199	0.00115	0.00126	0.00201	0.00285	0.00375	0.10102	0.66157	0.17496	0.00398	0.00172	0.00053	0.00078	0.03363	0.00129	0.00114
18	0.00196	0.00137	0.00168	0.00179	0.00207	0.00125	0.00128	0.00234	0.01448	0.04871	0.11505	0.43559	0.27929	0.03642	0.00186	0.00054	0.00081	0.05100	0.00130	0.00121
19	0.01763	0.00178	0.00221	0.00208	0.00258	0.00165	0.00949	0.00750	0.01541	0.12809	0.15257	0.13157	0.03368	0.02026	0.02657	0.00053	0.00105	0.16427	0.19954	0.08153
20	0.00168	0.00121	0.00159	0.00188	0.00199	0.00113	0.00127	0.00194	0.00269	0.00357	0.03381	0.86217	0.05783	0.00420	0.00174	0.00055	0.00079	0.01756	0.00128	0.00112
21	0.18691	0.00234	0.00284	0.00227	0.00323	0.00220	0.00187	0.01877	0.01198	0.67425	0.00474	0.02350	0.00321	0.00169	0.00127	0.00043	0.00112	0.01561	0.03967	0.00208
22	0.00271	0.00217	0.00258	0.00201	0.00297	0.00170	0.00156	0.01508	0.00288	0.03444	0.01283	0.19173	0.01400	0.01087	0.00124	0.00030	0.00098	0.00150	0.00095	0.69750
23	0.00199	0.00133	0.00150	0.00150	0.00151	0.00133	0.00084	0.00200	0.00199	0.00266	0.00430	0.00889	0.00495	0.93574	0.02311	0.00134	0.00137	0.00198	0.00083	0.00084
24	0.22671	0.00213	0.00233	0.00211	0.00278	0.00221	0.00173	0.05058	0.06950	0.21234	0.02599	0.00639	0.00407	0.00824	0.00131	0.00045	0.00105	0.18241	0.19601	0.00166
25	0.00335	0.00321	0.00549	0.04988	0.90217	0.00324	0.00418	0.00417	0.00310	0.00443	0.00257	0.00340	0.00215	0.00123	0.00136	0.00041	0.00163	0.00122	0.00067	0.00214
26	0.00647	0.02699	0.05990	0.08677	0.34726	0.07887	0.04081	0.03112	0.11220	0.01674	0.02442	0.01543	0.01129	0.02925	0.00886	0.00048	0.08449	0.01596	0.00082	0.00188
27	0.00326	0.04438	0.05925	0.00233	0.01310	0.01392	0.00198	0.04734	0.04296	0.07568	0.02185	0.00325	0.00244	0.00120	0.00110	0.00027	0.00114	0.00096	0.01418	0.64940
28	0.00186	0.00136	0.00171	0.00190	0.00208	0.00130	0.00132	0.03192	0.01801	0.00381	0.06289	0.65631	0.10231	0.06014	0.00202	0.00058	0.00086	0.04718	0.00126	0.00117
29	0.00365	0.04756	0.05932	0.12129	0.20166	0.12587	0.02700	0.14419	0.06839	0.01754	0.02341	0.01209	0.01451	0.00800	0.00172	0.00044	0.10224	0.01477	0.00450	0.00186
30	0.00269	0.00153	0.00190	0.00183	0.00228	0.00135	0.00137	0.00308	0.00321	0.20978	0.10253	0.30173	0.31627	0.00323	0.00159	0.00048	0.00083	0.02023	0.02266	0.00142
31	0.00302	0.01003	0.01754	0.11553	0.05763	0.03436	0.00231	0.03647	0.41791	0.01411	0.19897	0.02595	0.04820	0.00205	0.00147	0.00045	0.00924	0.00174	0.00123	0.00182
32	0.00170	0.00121	0.00159	0.00189	0.00197	0.00114	0.00126	0.00193	0.00260	0.00346	0.00742	0.85956	0.02087	0.06264	0.00207	0.00060	0.00084	0.02491	0.00124	0.00110

[dist]
# distance from previous block
# <min> <max>
0	25

[block]
# block no. 4 follows, 235 sequences, length 6
# corresponding to MSA columns:
# 1274-1276,1278-1280
name=unknown_E
#
# <colnr> <probs for GDERKNQSTAVLIFYWHMCP>
#	G	D	E	R	K	N	Q	S	T	A	V	L	I	F	Y	W	H	M	C	P
0	0.00324	0.01774	0.05943	0.28731	0.23589	0.04643	0.02642	0.03473	0.14641	0.03531	0.00321	0.03237	0.00258	0.00173	0.02057	0.00048	0.04213	0.00133	0.00083	0.00185
1	0.96158	0.00265	0.00201	0.00180	0.00265	0.00307	0.00148	0.00402	0.00233	0.00614	0.00191	0.00222	0.00148	0.00127	0.00085	0.00042	0.00106	0.00074	0.00085	0.00148
2	0.00216	0.00159	0.00187	0.00175	0.00221	0.00145	0.00133	0.03050	0.03722	0.04156	0.41943	0.04596	0.34718	0.00296	0.00158	0.00045	0.00076	0.02814	0.00138	0.03054
3	0.00342	0.00290	0.00307	0.00274	0.00350	0.00332	0.00214	0.06002	0.83039	0.00587	0.06276	0.00531	0.00461	0.00190	0.00140	0.00046	0.00108	0.00159	0.00140	0.00212
4	0.04021	0.05612	0.00390	0.00322	0.00394	0.52706	0.00252	0.13128	0.09611	0.00443	0.00262	0.00293	0.00211	0.00157	0.00154	0.00039	0.09236	0.00102	0.02492	0.00173
5	0.09201	0.45907	0.05165	0.00274	0.03201	0.12408	0.00242	0.06815	0.00323	0.05584	0.03424	0.00306	0.01949	0.00142	0.00116	0.00035	0.02821	0.00097	0.01814	0.00176

[dist]
# distance from previous block
# <min> <max>
1	30

[block]
# block no. 5 follows, 235 sequences, length 20
# corresponding to MSA columns:
# 1311-1330
name=unknown_F
#
# <colnr> <probs for GDERKNQSTAVLIFYWHMCP>
#	G	D	E	R	K	N	Q	S	T	A	V	L	I	F	Y	W	H	M	C	P
0	0.02869	0.06090	0.02117	0.04805	0.07531	0.04774	0.03193	0.05523	0.10184	0.02584	0.21275	0.07901	0.11228	0.02596	0.01974	0.00050	0.03143	0.01452	0.00552	0.00159
1	0.00368	0.86317	0.06519	0.00244	0.00366	0.00516	0.00250	0.00420	0.00282	0.03390	0.00205	0.00232	0.00181	0.00120	0.00092	0.00031	0.00149	0.00077	0.00062	0.00179
2	0.00265	0.00221	0.01420	0.00202	0.00294	0.01347	0.00161	0.01273	0.00970	0.02925	0.10206	0.10381	0.06737	0.00194	0.01321	0.00033	0.00101	0.02765	0.00100	0.59084
3	0.08982	0.00352	0.00372	0.00292	0.00394	0.00389	0.00240	0.71834	0.07801	0.03847	0.00349	0.00357	0.00253	0.00165	0.00132	0.00042	0.00140	0.01265	0.02574	0.00220
4	0.00228	0.00150	0.00191	0.00176	0.00218	0.00135	0.00133	0.00286	0.00371	0.08641	0.69011	0.04032	0.12600	0.00278	0.00158	0.00043	0.00071	0.00243	0.00147	0.02887
5	0.00370	0.92804	0.00709	0.00236	0.00353	0.00538	0.00235	0.02843	0.00288	0.00336	0.00194	0.00222	0.00177	0.00118	0.00089	0.00030	0.00146	0.00074	0.00061	0.00177
6	0.00691	0.00225	0.00263	0.02104	0.00305	0.02239	0.01810	0.09235	0.23877	0.04682	0.10833	0.14603	0.09461	0.01627	0.07881	0.00063	0.02244	0.05727	0.01967	0.00163
7	0.00175	0.00130	0.00156	0.00169	0.00191	0.00119	0.00118	0.00200	0.00273	0.00350	0.04559	0.38602	0.32587	0.11581	0.03101	0.04321	0.00093	0.03047	0.00118	0.00108
8	0.00310	0.00293	0.01635	0.39134	0.36926	0.02574	0.05145	0.02717	0.00308	0.02978	0.00312	0.01515	0.03071	0.00147	0.00140	0.00044	0.00170	0.02327	0.00073	0.00181
9	0.01410	0.00276	0.00335	0.02561	0.01568	0.02868	0.04813	0.14642	0.27431	0.20265	0.04741	0.05281	0.00408	0.02347	0.05411	0.00057	0.02528	0.01951	0.00912	0.00195
10	0.03807	0.00259	0.00287	0.00245	0.00317	0.00281	0.00194	0.24623	0.29335	0.05845	0.28956	0.02026	0.00627	0.00209	0.00143	0.00043	0.00105	0.00174	0.02336	0.00189
11	0.05369	0.00260	0.00289	0.00252	0.00326	0.01275	0.00199	0.11804	0.37668	0.18422	0.01341	0.06628	0.04028	0.00925	0.01233	0.02783	0.01197	0.03838	0.01966	0.00193
12	0.00181	0.00127	0.00162	0.00183	0.00200	0.00117	0.00126	0.00210	0.00280	0.02629	0.07376	0.68134	0.14029	0.03604	0.00189	0.00056	0.00080	0.02074	0.00128	0.00115
13	0.00297	0.00256	0.00321	0.00240	0.01908	0.00209	0.04208	0.02600	0.00293	0.01791	0.00248	0.00293	0.00205	0.00111	0.00122	0.00024	0.04538	0.00089	0.00082	0.82166
14	0.00200	0.00162	0.00212	0.00212	0.00238	0.01631	0.03743	0.00249	0.03785	0.00392	0.15073	0.44459	0.15065	0.02074	0.00201	0.01929	0.05678	0.04450	0.00122	0.00123
15	0.00181	0.00131	0.00178	0.00203	0.00218	0.00125	0.01250	0.00213	0.00272	0.00360	0.02561	0.64693	0.03886	0.05588	0.02898	0.00065	0.00100	0.16840	0.00123	0.00114
16	0.02326	0.01896	0.02642	0.17260	0.52388	0.01735	0.04837	0.05491	0.01213	0.04893	0.01648	0.00369	0.01609	0.00136	0.00138	0.00042	0.00972	0.00126	0.00078	0.00199
17	0.00300	0.00284	0.01104	0.33365	0.28292	0.00847	0.09589	0.03445	0.01278	0.01475	0.00298	0.05610	0.00260	0.00175	0.01072	0.00741	0.08742	0.02872	0.00074	0.00175
18	0.00214	0.00141	0.00171	0.00167	0.00175	0.00141	0.01226	0.00223	0.00223	0.03516	0.05811	0.08278	0.00554	0.73456	0.02089	0.01605	0.01611	0.00211	0.00092	0.00095
19	0.46361	0.00208	0.00197	0.00191	0.00248	0.00226	0.00148	0.01192	0.04133	0.04970	0.01150	0.24945	0.06220	0.02163	0.01025	0.00051	0.00101	0.04878	0.01451	0.00141

[dist]
# distance from previous block
# <min> <max>
2	40

[block]
# block no. 6 follows, 235 sequences, length 14
# corresponding to MSA columns:
# 1375-1379,1392-1400
name=unknown_G
#
# <colnr> <probs for GDERKNQSTAVLIFYWHMCP>
#	G	D	E	R	K	N	Q	S	T	A	V	L	I	F	Y	W	H	M	C	P
0	0.47619	0.06049	0.08772	0.01471	0.01150	0.02475	0.06272	0.11706	0.01941	0.02578	0.00239	0.00274	0.00183	0.00775	0.00113	0.00041	0.00893	0.00094	0.00088	0.07269
1	0.00197	0.00142	0.00185	0.01837	0.00227	0.00130	0.01078	0.00230	0.00279	0.02559	0.10937	0.58450	0.04752	0.08220	0.00207	0.00056	0.00088	0.01119	0.00920	0.08387
2	0.01116	0.14393	0.42541	0.03169	0.04844	0.02701	0.04466	0.14380	0.01709	0.01123	0.01468	0.00909	0.01119	0.00154	0.01194	0.00044	0.04287	0.00112	0.00076	0.00195
3	0.00176	0.00127	0.00158	0.00176	0.00193	0.00117	0.00121	0.00206	0.00280	0.00373	0.10517	0.56182	0.16294	0.07330	0.00211	0.01241	0.00081	0.02470	0.03636	0.00112
4	0.00334	0.03961	0.04367	0.05373	0.60351	0.02371	0.05963	0.02727	0.06088	0.00448	0.01932	0.00366	0.01350	0.00138	0.00147	0.00042	0.03637	0.00127	0.00075	0.00203
5	0.00179	0.00142	0.00161	0.00158	0.00197	0.00126	0.00119	0.00231	0.01787	0.00439	0.36688	0.03176	0.50272	0.02651	0.00175	0.00048	0.00072	0.03122	0.00135	0.00122
6	0.00268	0.00272	0.08109	0.05021	0.10195	0.07318	0.00224	0.05118	0.07191	0.01282	0.25014	0.10530	0.12900	0.02385	0.01211	0.00048	0.00122	0.01379	0.01258	0.00156
7	0.02032	0.00314	0.00487	0.22216	0.50690	0.03059	0.03740	0.08676	0.01608	0.03305	0.00275	0.00350	0.00217	0.00133	0.00135	0.00042	0.00166	0.00123	0.02235	0.00198
8	0.00258	0.00243	0.00410	0.94862	0.00942	0.00304	0.00380	0.00350	0.00274	0.00350	0.00243	0.00365	0.00182	0.00137	0.00137	0.00046	0.00182	0.00122	0.00061	0.00152
9	0.81132	0.00268	0.00224	0.00194	0.00282	0.00302	0.00160	0.05506	0.00271	0.10282	0.00234	0.00253	0.00172	0.00133	0.00093	0.00042	0.00109	0.00083	0.00096	0.00161
10	0.00357	0.00190	0.00249	0.00225	0.00283	0.00181	0.00182	0.03197	0.01654	0.31455	0.15742	0.10635	0.01772	0.01765	0.00173	0.00049	0.03536	0.19889	0.05136	0.03331
11	0.03925	0.00246	0.01927	0.05151	0.02789	0.00211	0.02300	0.03934	0.00326	0.28187	0.00374	0.03196	0.00970	0.02173	0.00133	0.00036	0.00116	0.00799	0.04614	0.38592
12	0.00312	0.00245	0.00288	0.00210	0.00326	0.00193	0.00168	0.05082	0.00308	0.06263	0.00285	0.03771	0.00238	0.00121	0.00108	0.00024	0.00104	0.00098	0.00091	0.81765
13	0.23908	0.05001	0.10570	0.01155	0.11575	0.06196	0.01099	0.02998	0.00291	0.03424	0.03832	0.20430	0.00391	0.01057	0.00146	0.00045	0.03884	0.01280	0.02557	0.00160

[dist]
# distance from previous block
# <min> <max>
1	24

[block]
# block no. 7 follows, 235 sequences, length 11
# corresponding to MSA columns:
# 1425-1435
name=unknown_H
#
# <colnr> <probs for GDERKNQSTAVLIFYWHMCP>
#	G	D	E	R	K	N	Q	S	T	A	V	L	I	F	Y	W	H	M	C	P
0	0.84352	0.01794	0.02402	0.00194	0.00279	0.00313	0.00165	0.01946	0.02241	0.00596	0.00222	0.00253	0.01800	0.00136	0.00100	0.00043	0.02842	0.00082	0.00086	0.00152
1	0.96158	0.00265	0.00201	0.00180	0.00265	0.00307	0.00148	0.00402	0.00233	0.00614	0.00191	0.00222	0.00148	0.00127	0.00085	0.00042	0.00106	0.00074	0.00085	0.00148
2	0.00279	0.00546	0.62158	0.02577	0.06112	0.00293	0.03724	0.01765	0.01225	0.02311	0.06912	0.05884	0.00312	0.00165	0.00148	0.00045	0.03468	0.00965	0.00923	0.00189
3	0.00195	0.00141	0.00175	0.00168	0.00204	0.00128	0.00127	0.00252	0.00363	0.02072	0.65026	0.04271	0.20999	0.00297	0.00161	0.00044	0.00069	0.02834	0.02349	0.00127
4	0.00247	0.00250	0.08671	0.04502	0.03924	0.03001	0.05112	0.02256	0.08605	0.01290	0.15134	0.12212	0.16308	0.07016	0.02239	0.02100	0.03031	0.01643	0.02314	0.00146
5	0.00191	0.00131	0.00153	0.00160	0.00164	0.00129	0.00096	0.00199	0.00220	0.00293	0.02332	0.20140	0.03729	0.68394	0.03004	0.00115	0.00124	0.00240	0.00094	0.00092
6	0.02758	0.00285	0.01084	0.18194	0.08481	0.01003	0.03619	0.18655	0.22887	0.04753	0.03097	0.03326	0.00338	0.04527	0.02357	0.00053	0.01842	0.00940	0.01614	0.00187
7	0.00271	0.00151	0.00162	0.00154	0.00192	0.00151	0.00118	0.07246	0.00325	0.02705	0.09137	0.04965	0.02328	0.00192	0.00113	0.00036	0.00074	0.02089	0.69456	0.00137
8	0.03544	0.02020	0.00312	0.00239	0.04339	0.00206	0.02048	0.00361	0.02242	0.00452	0.00248	0.00289	0.00205	0.00105	0.00104	0.00023	0.00108	0.00086	0.00081	0.82989
9	0.00251	0.00209	0.00223	0.01465	0.00263	0.06225	0.01041	0.06147	0.07216	0.01366	0.30682	0.05310	0.24121	0.00264	0.00151	0.00043	0.00095	0.04514	0.04184	0.06231
10	0.00256	0.00190	0.00264	0.21915	0.05165	0.01065	0.00209	0.01170	0.03029	0.07279	0.28663	0.12275	0.09570	0.00241	0.00151	0.00044	0.00928	0.00210	0.06299	0.01077

[dist]
# distance from previous block
# <min> <max>
3	23

[block]
# block no. 8 follows, 235 sequences, length 6
# corresponding to MSA columns:
# 1459-1464
name=unknown_I
#
# <colnr> <probs for GDERKNQSTAVLIFYWHMCP>
#	G	D	E	R	K	N	Q	S	T	A	V	L	I	F	Y	W	H	M	C	P
0	0.00328	0.03534	0.03875	0.20963	0.17507	0.02497	0.04775	0.10777	0.09947	0.02275	0.01623	0.02038	0.02793	0.00152	0.00132	0.00040	0.00149	0.01224	0.01473	0.13897
1	0.06336	0.00259	0.00290	0.00224	0.00328	0.02760	0.00179	0.07734	0.06345	0.18733	0.00382	0.04022	0.03468	0.00148	0.00118	0.00032	0.00111	0.00119	0.00110	0.48302
2	0.00203	0.00144	0.00176	0.00173	0.00207	0.00134	0.00128	0.00260	0.03004	0.03517	0.39944	0.12543	0.23878	0.06501	0.02695	0.00056	0.00085	0.03641	0.02583	0.00126
3	0.00362	0.05099	0.01786	0.05457	0.07699	0.16355	0.32705	0.07665	0.07195	0.01736	0.03051	0.01818	0.00276	0.00169	0.01484	0.01616	0.03005	0.02260	0.00084	0.00179
4	0.00214	0.00141	0.00196	0.00209	0.02651	0.00137	0.02176	0.00225	0.00245	0.02152	0.03732	0.27467	0.04247	0.19628	0.04014	0.21873	0.00119	0.08636	0.01835	0.00103
5	0.00289	0.03038	0.04347	0.01457	0.03474	0.01802	0.02112	0.04073	0.37232	0.02123	0.18621	0.08517	0.09057	0.01495	0.00155	0.00047	0.00109	0.01750	0.00127	0.00175

[dist]
# distance from previous block
# <min> <max>
1	4

[block]
# block no. 9 follows, 235 sequences, length 19
# corresponding to MSA columns:
# 1563,1564,1566-1573,1602-1605,1607-1611
name=unknown_J
#
# <colnr> <probs for GDERKNQSTAVLIFYWHMCP>
#	G	D	E	R	K	N	Q	S	T	A	V	L	I	F	Y	W	H	M	C	P
0	0.00889	0.05364	0.21665	0.00271	0.00393	0.00248	0.05072	0.04911	0.01292	0.06600	0.08451	0.00421	0.00329	0.00904	0.01383	0.00037	0.00137	0.03000	0.03587	0.35047
1	0.89056	0.00255	0.00197	0.00179	0.00257	0.00294	0.00144	0.00387	0.00232	0.00590	0.00215	0.02267	0.00183	0.05156	0.00119	0.00047	0.00107	0.00087	0.00085	0.00144
2	0.00284	0.00255	0.00419	0.13782	0.42952	0.00260	0.04137	0.00360	0.01121	0.01061	0.01568	0.06497	0.01238	0.02347	0.01851	0.00052	0.00154	0.18595	0.00086	0.02980
3	0.00183	0.00138	0.00160	0.00155	0.00193	0.00123	0.00116	0.00233	0.00346	0.00464	0.47320	0.02338	0.40643	0.01725	0.00166	0.00045	0.00068	0.00260	0.05201	0.00122
4	0.00337	0.00325	0.00542	0.06559	0.80200	0.02147	0.03354	0.02133	0.00315	0.00444	0.00260	0.00343	0.00216	0.00142	0.02065	0.00045	0.00171	0.00123	0.00069	0.00209
5	0.00279	0.00275	0.03179	0.77026	0.11021	0.01273	0.00381	0.03061	0.01479	0.00380	0.00251	0.00359	0.00190	0.00136	0.00136	0.00045	0.00180	0.00121	0.00065	0.00164
6	0.00168	0.00138	0.00148	0.00146	0.00189	0.00118	0.00109	0.00208	0.00325	0.00403	0.19097	0.03479	0.74326	0.00336	0.00162	0.00046	0.00069	0.00283	0.00132	0.00118
7	0.00258	0.00243	0.00410	0.94862	0.00942	0.00304	0.00380	0.00350	0.00274	0.00350	0.00243	0.00365	0.00182	0.00137	0.00137	0.00046	0.00182	0.00122	0.00061	0.00152
8	0.96158	0.00265	0.00201	0.00180	0.00265	0.00307	0.00148	0.00402	0.00233	0.00614	0.00191	0.00222	0.00148	0.00127	0.00085	0.00042	0.00106	0.00074	0.00085	0.00148
9	0.00230	0.00190	0.00973	0.00199	0.00244	0.03649	0.00155	0.01093	0.15010	0.01059	0.42641	0.03533	0.20166	0.00290	0.00746	0.01395	0.00089	0.08059	0.00136	0.00141
10	0.00547	0.00239	0.00309	0.00243	0.00340	0.00220	0.00199	0.06925	0.07748	0.71795	0.07498	0.00502	0.00409	0.00178	0.00139	0.00042	0.00113	0.00146	0.02186	0.00222
11	0.00226	0.00159	0.00212	0.00204	0.00224	0.00178	0.00150	0.03218	0.01975	0.01333	0.03334	0.01325	0.01042	0.25443	0.41366	0.09798	0.05942	0.00160	0.03596	0.00114
12	0.01457	0.00310	0.00347	0.00276	0.00373	0.00331	0.00225	0.46772	0.16433	0.23834	0.02494	0.00418	0.00319	0.00171	0.00135	0.00042	0.00128	0.00135	0.05580	0.00221
13	0.00304	0.00216	0.00246	0.02222	0.00293	0.01607	0.00180	0.07764	0.25439	0.07204	0.22925	0.03592	0.03957	0.00234	0.00146	0.00045	0.00099	0.10512	0.12848	0.00167
14	0.05349	0.00275	0.00421	0.71097	0.15286	0.04563	0.00369	0.00372	0.00282	0.00378	0.00241	0.00348	0.00186	0.00134	0.00133	0.00044	0.00178	0.00118	0.00064	0.00162
15	0.00212	0.00149	0.00190	0.00180	0.00216	0.00139	0.00136	0.00286	0.03925	0.03843	0.76540	0.03272	0.06883	0.00283	0.00161	0.00044	0.00071	0.03186	0.00148	0.00135
16	0.00503	0.00361	0.00386	0.00301	0.00404	0.03707	0.00247	0.68239	0.06213	0.11480	0.01785	0.00361	0.00268	0.00167	0.00142	0.00041	0.01976	0.00126	0.00135	0.03158
17	0.00303	0.00245	0.00286	0.00208	0.00324	0.00193	0.00166	0.05164	0.00309	0.03786	0.03572	0.00326	0.00251	0.01280	0.00114	0.00024	0.00103	0.00093	0.00090	0.83162
18	0.06633	0.03791	0.02392	0.00417	0.00533	0.03300	0.46483	0.07404	0.06004	0.15665	0.03682	0.00392	0.00275	0.00142	0.00151	0.00044	0.02259	0.00144	0.00098	0.00192

[dist]
# distance from previous block
# <min> <max>
0	1

[block]
# block no. 10 follows, 235 sequences, length 16
# corresponding to MSA columns:
# 1613-1628
name=unknown_K
#
# <colnr> <probs for GDERKNQSTAVLIFYWHMCP>
#	G	D	E	R	K	N	Q	S	T	A	V	L	I	F	Y	W	H	M	C	P
0	0.00245	0.02263	0.00225	0.00216	0.00253	0.04586	0.00169	0.03255	0.07597	0.01820	0.07118	0.07005	0.15737	0.15866	0.02412	0.00069	0.02257	0.27360	0.01415	0.00132
1	0.12921	0.01131	0.11770	0.00253	0.00358	0.00862	0.00229	0.11732	0.06086	0.39156	0.05384	0.01912	0.02456	0.00171	0.00130	0.00042	0.00124	0.00135	0.02708	0.02440
2	0.01881	0.00554	0.00394	0.00360	0.03736	0.68265	0.02741	0.05022	0.05359	0.06140	0.00262	0.00297	0.00209	0.00150	0.00138	0.00038	0.03269	0.00929	0.00084	0.00172
3	0.00279	0.00259	0.01494	0.80311	0.00866	0.00308	0.03184	0.04103	0.04647	0.01729	0.00280	0.00382	0.01298	0.00142	0.00138	0.00045	0.00177	0.00126	0.00070	0.00161
4	0.00196	0.00145	0.00185	0.00201	0.00233	0.00138	0.00161	0.00251	0.01843	0.00415	0.14831	0.17859	0.22648	0.00358	0.00174	0.00054	0.00094	0.38418	0.01673	0.00123
5	0.01617	0.00158	0.00195	0.01876	0.00235	0.00151	0.00143	0.01463	0.04848	0.04788	0.53560	0.05806	0.17260	0.00299	0.01797	0.00048	0.00082	0.04504	0.01032	0.00136
6	0.01158	0.37539	0.22940	0.01463	0.02037	0.03738	0.00302	0.03561	0.03744	0.01392	0.00248	0.00303	0.00208	0.00843	0.08606	0.00056	0.10161	0.00100	0.01425	0.00177
7	0.13658	0.00287	0.02012	0.01750	0.02424	0.00290	0.00221	0.26819	0.07464	0.34388	0.04687	0.00452	0.00339	0.00173	0.00132	0.00043	0.00125	0.03296	0.01232	0.00208
8	0.02006	0.00243	0.00312	0.00244	0.00342	0.00225	0.00200	0.09570	0.05295	0.71355	0.05806	0.00484	0.00384	0.00175	0.00137	0.00042	0.00115	0.00142	0.02702	0.00222
9	0.00285	0.00270	0.00458	0.64035	0.31564	0.00311	0.00393	0.00373	0.00286	0.00382	0.00248	0.00356	0.00194	0.00132	0.00136	0.00044	0.00176	0.00122	0.00063	0.00173
10	0.50929	0.03100	0.04130	0.02771	0.04401	0.03393	0.01761	0.22004	0.01459	0.03283	0.00249	0.00276	0.00187	0.00138	0.00107	0.00041	0.00132	0.00095	0.01368	0.00178
11	0.00194	0.00155	0.01538	0.00193	0.02498	0.00136	0.01315	0.00246	0.00335	0.02016	0.40436	0.12177	0.30817	0.01209	0.03375	0.00053	0.00088	0.02959	0.00132	0.00127
12	0.00191	0.00128	0.00163	0.00182	0.00193	0.00121	0.00121	0.00212	0.00256	0.03527	0.01744	0.63018	0.03704	0.23140	0.00298	0.00073	0.00094	0.02607	0.00118	0.00109
13	0.02401	0.00521	0.00368	0.00345	0.03607	0.62727	0.00255	0.05139	0.06683	0.00389	0.01166	0.07757	0.00264	0.00176	0.00155	0.00040	0.07637	0.00123	0.00083	0.00163
14	0.04052	0.03626	0.04441	0.31755	0.24603	0.05148	0.06851	0.04219	0.01217	0.01671	0.00261	0.01694	0.00210	0.00138	0.00141	0.00042	0.02949	0.00120	0.00699	0.06165
15	0.00191	0.00131	0.00164	0.00173	0.00182	0.00133	0.00112	0.00211	0.00228	0.00314	0.02084	0.26948	0.01870	0.45357	0.17256	0.00120	0.00155	0.00241	0.04028	0.00101

[dist]
# distance from previous block
# <min> <max>
0	1

[block]
# block no. 11 follows, 235 sequences, length 11
# corresponding to MSA columns:
# 1630,1631,1633-1641
name=unknown_L
#
# <colnr> <probs for GDERKNQSTAVLIFYWHMCP>
#	G	D	E	R	K	N	Q	S	T	A	V	L	I	F	Y	W	H	M	C	P
0	0.00190	0.00142	0.00168	0.00182	0.00209	0.00135	0.00130	0.02004	0.06099	0.00396	0.04821	0.52039	0.25276	0.00366	0.00164	0.00051	0.00080	0.02424	0.05001	0.00123
1	0.07071	0.00277	0.00324	0.01552	0.00363	0.03370	0.05429	0.06546	0.06119	0.04770	0.00279	0.00309	0.00219	0.00118	0.00111	0.00028	0.00119	0.00096	0.00091	0.62807
2	0.00366	0.95274	0.00717	0.00234	0.00351	0.00541	0.00234	0.00410	0.00278	0.00322	0.00190	0.00219	0.00176	0.00117	0.00088	0.00029	0.00146	0.00073	0.00059	0.00176
3	0.00185	0.00138	0.00165	0.00160	0.00196	0.00124	0.00119	0.00238	0.00351	0.00478	0.54463	0.06859	0.30552	0.00304	0.00159	0.00044	0.00067	0.00263	0.05013	0.00124
4	0.00217	0.00168	0.00247	0.06276	0.00289	0.00202	0.00188	0.00252	0.00216	0.00309	0.00329	0.00517	0.00316	0.09254	0.59735	0.08965	0.12187	0.00144	0.00070	0.00118
5	0.00169	0.00136	0.00146	0.00148	0.00186	0.00118	0.00107	0.00203	0.00307	0.00380	0.11671	0.10515	0.67561	0.07494	0.00203	0.00053	0.00075	0.00287	0.00126	0.00114
6	0.00268	0.00221	0.00262	0.03384	0.00289	0.05937	0.00187	0.06256	0.04810	0.02571	0.02975	0.01592	0.01647	0.21316	0.34177	0.00128	0.12699	0.00156	0.00991	0.00135
7	0.01809	0.00277	0.00303	0.00263	0.00341	0.00306	0.00207	0.14542	0.54772	0.12022	0.04235	0.04834	0.01880	0.00196	0.00139	0.00045	0.00110	0.00162	0.03348	0.00207
8	0.00365	0.88253	0.00687	0.00238	0.00350	0.04160	0.00233	0.00409	0.00280	0.00322	0.00197	0.00232	0.00182	0.00150	0.03438	0.00036	0.00158	0.00076	0.00060	0.00173
9	0.03510	0.00295	0.00365	0.00311	0.00342	0.07443	0.02493	0.03919	0.01474	0.05994	0.15626	0.00442	0.01531	0.00235	0.01633	0.00054	0.52926	0.00141	0.00088	0.01177
10	0.02399	0.01180	0.00297	0.11771	0.05454	0.05653	0.01863	0.04682	0.03991	0.06073	0.02370	0.02961	0.01177	0.06300	0.17963	0.00084	0.04249	0.12913	0.08470	0.00150

[dist]
# distance from previous block
# <min> <max>
2	18

[block]
# block no. 12 follows, 235 sequences, length 16
# corresponding to MSA columns:
# 1694-1699,1713-1722
name=unknown_M
#
# <colnr> <probs for GDERKNQSTAVLIFYWHMCP>
#	G	D	E	R	K	N	Q	S	T	A	V	L	I	F	Y	W	H	M	C	P
0	0.01319	0.00319	0.02610	0.05100	0.41370	0.08598	0.03350	0.04390	0.01985	0.02078	0.04554	0.05931	0.00312	0.00154	0.00134	0.00039	0.00669	0.00658	0.04426	0.12003
1	0.04848	0.00378	0.00389	0.00303	0.00407	0.04779	0.00249	0.79692	0.00595	0.03848	0.00327	0.00329	0.00233	0.00162	0.00133	0.00041	0.00149	0.00120	0.02795	0.00223
2	0.00294	0.00246	0.00286	0.01267	0.00331	0.00195	0.00168	0.04603	0.02161	0.01469	0.02534	0.00333	0.02243	0.00116	0.00107	0.00023	0.00103	0.00094	0.00088	0.83337
3	0.96158	0.00265	0.00201	0.00180	0.00265	0.00307	0.00148	0.00402	0.00233	0.00614	0.00191	0.00222	0.00148	0.00127	0.00085	0.00042	0.00106	0.00074	0.00085	0.00148
4	0.00197	0.00136	0.00173	0.00174	0.00183	0.00142	0.00114	0.00214	0.00217	0.00298	0.04783	0.06056	0.00504	0.55214	0.28203	0.02820	0.00195	0.00194	0.00085	0.00097
5	0.66506	0.00263	0.00243	0.00220	0.02838	0.00290	0.00174	0.07131	0.00293	0.14646	0.00283	0.00335	0.00217	0.00148	0.00103	0.00043	0.00112	0.04424	0.01563	0.00167
6	0.00177	0.00131	0.00161	0.00179	0.00203	0.00120	0.00130	0.00214	0.00293	0.00386	0.09173	0.47867	0.25423	0.00377	0.00168	0.00052	0.00080	0.10527	0.04224	0.00116
7	0.00364	0.00281	0.00315	0.00265	0.00337	0.02234	0.02449	0.31196	0.24031	0.01804	0.11358	0.00526	0.02974	0.00231	0.04226	0.00667	0.04107	0.01240	0.11205	0.00188
8	0.00171	0.00121	0.00159	0.00186	0.00197	0.00113	0.00126	0.00199	0.00273	0.00369	0.07249	0.83021	0.03540	0.00408	0.00171	0.00054	0.00078	0.00368	0.03086	0.00113
9	0.00262	0.00208	0.01679	0.00221	0.00270	0.03248	0.02773	0.06107	0.12831	0.03583	0.48399	0.07067	0.03088	0.01054	0.01731	0.04446	0.00101	0.02649	0.00134	0.00149
10	0.01731	0.00248	0.00318	0.00247	0.00348	0.00231	0.00203	0.12452	0.03437	0.73110	0.01859	0.00457	0.00340	0.00170	0.00135	0.00042	0.00117	0.00137	0.04193	0.00225
11	0.00282	0.00607	0.72667	0.04741	0.02473	0.00312	0.03762	0.03482	0.04342	0.00450	0.02371	0.00357	0.03262	0.00143	0.00134	0.00044	0.00188	0.00117	0.00069	0.00197
12	0.00402	0.00323	0.00347	0.02175	0.00391	0.00367	0.00236	0.34743	0.56527	0.00671	0.00470	0.00458	0.00352	0.00180	0.00139	0.00045	0.00126	0.01691	0.00137	0.00220
13	0.00334	0.10288	0.00363	0.00303	0.05825	0.06155	0.02041	0.01451	0.59084	0.00502	0.01976	0.05038	0.05667	0.00193	0.00136	0.00044	0.00123	0.00160	0.00120	0.00196
14	0.02492	0.04719	0.08734	0.00320	0.03463	0.16914	0.01335	0.09981	0.44127	0.01573	0.01757	0.00438	0.00332	0.00170	0.00134	0.00043	0.00150	0.03008	0.00112	0.00199
15	0.81704	0.03460	0.01139	0.00201	0.00287	0.00316	0.02267	0.02568	0.01521	0.01539	0.02277	0.00254	0.00184	0.00134	0.00097	0.00042	0.01687	0.00084	0.00087	0.00154

[dist]
# distance from previous block
# <min> <max>
0	1

[block]
# block no. 13 follows, 235 sequences, length 12
# corresponding to MSA columns:
# 1724-1735
name=unknown_N
#
# <colnr> <probs for GDERKNQSTAVLIFYWHMCP>
#	G	D	E	R	K	N	Q	S	T	A	V	L	I	F	Y	W	H	M	C	P
0	0.01227	0.00221	0.00272	0.02722	0.00305	0.01689	0.04376	0.08230	0.12940	0.11503	0.17090	0.00600	0.03521	0.01967	0.01614	0.00046	0.05856	0.01562	0.24097	0.00165
1	0.04506	0.00154	0.00187	0.04457	0.01767	0.00155	0.00139	0.01683	0.03512	0.00377	0.04891	0.31203	0.13574	0.22568	0.03360	0.00075	0.00110	0.03561	0.03603	0.00118
2	0.00213	0.00187	0.04439	0.00224	0.01328	0.00175	0.01021	0.05914	0.01651	0.00391	0.02000	0.42115	0.16167	0.01718	0.12190	0.00988	0.05441	0.02535	0.01173	0.00130
3	0.07259	0.00311	0.00341	0.00276	0.00361	0.00345	0.00225	0.50389	0.09837	0.08376	0.02380	0.01415	0.00299	0.00202	0.02981	0.00048	0.05884	0.01147	0.07721	0.00204
4	0.03116	0.00241	0.00307	0.00262	0.04544	0.00229	0.00201	0.10634	0.05816	0.56224	0.07101	0.00503	0.02539	0.00178	0.00135	0.00042	0.00113	0.00145	0.07461	0.00211
