[name]
unknown

[dist]
# distance from previous block
# <min> <max>
0	583

[block]
# block no. 0 follows, 320 sequences, length 11
# corresponding to MSA columns:
# 618-623,625-629
name=unknown_A
#
# <colnr> <probs for GDERKNQSTAVLIFYWHMCP>
#	G	D	E	R	K	N	Q	S	T	A	V	L	I	F	Y	W	H	M	C	P
0	0.03459	0.00691	0.01699	0.04017	0.01526	0.01736	0.02709	0.04560	0.04355	0.02728	0.00853	0.02012	0.01031	0.07445	0.21310	0.01710	0.03633	0.02142	0.01448	0.30938
1	0.30020	0.01623	0.03420	0.07020	0.17125	0.05394	0.03282	0.09521	0.06837	0.04862	0.00215	0.00250	0.00915	0.01837	0.00818	0.01240	0.01277	0.00082	0.00924	0.03339
2	0.00261	0.09992	0.10353	0.15926	0.10751	0.05416	0.01538	0.10700	0.06063	0.05735	0.01288	0.02680	0.00959	0.00112	0.00101	0.00775	0.01702	0.00090	0.00065	0.15491
3	0.01020	0.01123	0.04179	0.06669	0.05342	0.03907	0.01416	0.04782	0.16337	0.02757	0.11882	0.10401	0.09227	0.03461	0.03821	0.00604	0.06825	0.00140	0.04662	0.01446
4	0.00218	0.00142	0.00160	0.00142	0.00189	0.00134	0.00111	0.07781	0.09117	0.16291	0.09721	0.02580	0.47035	0.00206	0.00114	0.00033	0.00066	0.01870	0.02473	0.01615
5	0.02013	0.02760	0.18988	0.08236	0.11094	0.01886	0.14941	0.10283	0.11930	0.07211	0.00258	0.01108	0.01367	0.00119	0.00802	0.00034	0.02814	0.00986	0.03023	0.00146
6	0.01230	0.16975	0.23877	0.00212	0.01271	0.02587	0.00802	0.05742	0.02145	0.16961	0.03637	0.01993	0.00954	0.01584	0.05358	0.00037	0.02345	0.00089	0.01235	0.10964
7	0.64966	0.09041	0.02617	0.00179	0.01965	0.12009	0.02254	0.03026	0.01367	0.00408	0.00154	0.00180	0.00123	0.00098	0.00075	0.00030	0.01266	0.00062	0.00061	0.00119
8	0.01972	0.62274	0.00448	0.03175	0.00288	0.02774	0.01334	0.16853	0.04455	0.03725	0.00187	0.00209	0.00155	0.01659	0.00085	0.00026	0.00111	0.00070	0.00061	0.00140
9	0.00164	0.00129	0.00162	0.01448	0.02099	0.00133	0.01377	0.00246	0.20485	0.00315	0.09342	0.50126	0.04354	0.02126	0.00136	0.01484	0.01133	0.02526	0.02111	0.00104
10	0.03898	0.00142	0.00180	0.00153	0.00201	0.00131	0.00120	0.03828	0.01657	0.34900	0.46010	0.02243	0.04430	0.00174	0.00111	0.00032	0.00067	0.00148	0.01447	0.00129

[dist]
# distance from previous block
# <min> <max>
0	9

[block]
# block no. 1 follows, 320 sequences, length 6
# corresponding to MSA columns:
# 639-641,643,662,663
name=unknown_B
#
# <colnr> <probs for GDERKNQSTAVLIFYWHMCP>
#	G	D	E	R	K	N	Q	S	T	A	V	L	I	F	Y	W	H	M	C	P
0	0.00147	0.00127	0.03919	0.00127	0.00163	0.00105	0.00102	0.01991	0.02469	0.02058	0.14842	0.09750	0.56399	0.01950	0.00126	0.00036	0.00060	0.02666	0.02866	0.00095
1	0.00173	0.00113	0.00139	0.00139	0.00165	0.00105	0.00102	0.00218	0.05097	0.09549	0.27082	0.29467	0.16689	0.04950	0.00141	0.00039	0.00062	0.03304	0.02367	0.00100
2	0.01649	0.01480	0.00198	0.01516	0.00206	0.00161	0.03431	0.03706	0.03863	0.02816	0.02002	0.05263	0.00282	0.14659	0.40864	0.05331	0.09996	0.00121	0.02358	0.00097
3	0.03041	0.00160	0.09103	0.02439	0.00215	0.00133	0.01934	0.02484	0.03594	0.03797	0.06051	0.35674	0.10090	0.04149	0.03833	0.00045	0.01281	0.07227	0.04647	0.00103
4	0.31696	0.02015	0.00255	0.08734	0.07369	0.06128	0.01797	0.21717	0.08149	0.02720	0.00213	0.00236	0.00161	0.00108	0.00091	0.00031	0.01751	0.00080	0.03810	0.02939
5	0.03009	0.00186	0.00266	0.33031	0.10046	0.01618	0.00210	0.00259	0.02118	0.01615	0.02731	0.00337	0.03454	0.06187	0.05419	0.00044	0.14827	0.01533	0.00057	0.13053

[dist]
# distance from previous block
# <min> <max>
1	3

[block]
# block no. 2 follows, 320 sequences, length 6
# corresponding to MSA columns:
# 672-677
name=unknown_C
#
# <colnr> <probs for GDERKNQSTAVLIFYWHMCP>
#	G	D	E	R	K	N	Q	S	T	A	V	L	I	F	Y	W	H	M	C	P
0	0.00170	0.01291	0.01360	0.00174	0.00204	0.01493	0.03688	0.01836	0.02936	0.02149	0.05587	0.20570	0.13998	0.02721	0.06410	0.00050	0.01444	0.32095	0.00089	0.01736
1	0.04211	0.01653	0.01272	0.01776	0.06593	0.02277	0.05675	0.04676	0.06854	0.07146	0.07423	0.13765	0.06769	0.06019	0.08606	0.00051	0.04291	0.08600	0.02226	0.00115
2	0.01695	0.00182	0.00225	0.01271	0.01563	0.01351	0.02986	0.08403	0.03346	0.12864	0.08114	0.02876	0.02796	0.04521	0.04228	0.00035	0.03188	0.01224	0.00080	0.39053
3	0.00158	0.02906	0.02283	0.00138	0.00167	0.00115	0.00106	0.00204	0.04426	0.03335	0.28255	0.20372	0.21365	0.04315	0.05753	0.00045	0.00075	0.02197	0.03688	0.00098
4	0.00205	0.01277	0.04914	0.10839	0.16997	0.02418	0.02725	0.01566	0.12927	0.01340	0.09776	0.04185	0.11334	0.01237	0.08348	0.01147	0.01487	0.01406	0.05751	0.00123
5	0.00169	0.00118	0.00146	0.00143	0.00171	0.00113	0.00107	0.05777	0.02731	0.04443	0.40321	0.24796	0.14555	0.00239	0.00123	0.00036	0.00061	0.05747	0.00105	0.00101

[dist]
# distance from previous block
# <min> <max>
1	22

[block]
# block no. 3 follows, 320 sequences, length 14
# corresponding to MSA columns:
# 703-716
name=unknown_D
#
# <colnr> <probs for GDERKNQSTAVLIFYWHMCP>
#	G	D	E	R	K	N	Q	S	T	A	V	L	I	F	Y	W	H	M	C	P
0	0.51702	0.15004	0.08135	0.00205	0.06813	0.03561	0.01254	0.05904	0.01600	0.01451	0.00172	0.00197	0.00984	0.00099	0.00078	0.00030	0.01315	0.00066	0.00061	0.01368
1	0.15448	0.02065	0.11875	0.03347	0.12309	0.10034	0.08613	0.06046	0.05438	0.13718	0.01911	0.01386	0.01076	0.00118	0.00892	0.00033	0.03090	0.00091	0.00678	0.01833
2	0.00201	0.03396	0.06756	0.03152	0.05447	0.02621	0.08124	0.04177	0.11553	0.01396	0.34809	0.02222	0.09950	0.01551	0.00728	0.00035	0.01446	0.00834	0.01482	0.00120
3	0.00184	0.01044	0.00800	0.00166	0.00713	0.00158	0.01003	0.03363	0.17326	0.01337	0.02603	0.13260	0.03429	0.30956	0.11420	0.00808	0.06828	0.03707	0.00795	0.00100
4	0.00279	0.01686	0.04550	0.01685	0.00423	0.23707	0.47116	0.04942	0.02235	0.01231	0.03005	0.00269	0.00953	0.00107	0.00124	0.00033	0.06477	0.00103	0.00944	0.00133
5	0.01803	0.02602	0.00251	0.00216	0.00271	0.27788	0.00168	0.09627	0.41619	0.02229	0.02229	0.01182	0.01195	0.01585	0.00108	0.00032	0.01508	0.00790	0.04656	0.00141
6	0.00227	0.00204	0.00331	0.39997	0.38029	0.00222	0.01032	0.02646	0.03267	0.02926	0.02394	0.02238	0.03625	0.00113	0.00103	0.00032	0.00119	0.00103	0.00811	0.01579
7	0.02114	0.00121	0.00163	0.01173	0.00173	0.00967	0.03226	0.00186	0.00167	0.02385	0.00296	0.03357	0.00308	0.41629	0.32922	0.03828	0.03989	0.01563	0.01351	0.00082
8	0.97118	0.00198	0.00151	0.00135	0.00198	0.00230	0.00111	0.00302	0.00175	0.00460	0.00143	0.00167	0.00111	0.00095	0.00064	0.00032	0.00079	0.00056	0.00064	0.00111
9	0.01377	0.00977	0.01271	0.02867	0.03099	0.06420	0.00756	0.18986	0.06903	0.30660	0.15281	0.01245	0.02966	0.00152	0.01531	0.00034	0.01712	0.00814	0.01081	0.01869
10	0.00141	0.00100	0.00122	0.00126	0.00136	0.00099	0.00083	0.00155	0.00177	0.00234	0.02975	0.19310	0.12774	0.47239	0.14213	0.00087	0.00110	0.01770	0.00074	0.00075
11	0.01617	0.02764	0.01468	0.22148	0.22484	0.03516	0.02065	0.01622	0.01696	0.02665	0.01852	0.03407	0.00197	0.02809	0.03224	0.00699	0.04320	0.00094	0.02241	0.19111
12	0.00213	0.00200	0.00282	0.00243	0.00253	0.00263	0.02482	0.00241	0.00181	0.01962	0.10345	0.03068	0.01094	0.01693	0.01273	0.00044	0.70644	0.02215	0.00058	0.03244
13	0.02124	0.16386	0.04203	0.03799	0.06539	0.08539	0.04768	0.36789	0.01975	0.07249	0.00912	0.01957	0.00188	0.01067	0.01257	0.00032	0.00121	0.01144	0.00078	0.00873

[dist]
# distance from previous block
# <min> <max>
0	1

[block]
# block no. 4 follows, 320 sequences, length 12
# corresponding to MSA columns:
# 718-722,725-729,732,733
name=unknown_E
#
# <colnr> <probs for GDERKNQSTAVLIFYWHMCP>
#	G	D	E	R	K	N	Q	S	T	A	V	L	I	F	Y	W	H	M	C	P
0	0.01403	0.50945	0.05431	0.01599	0.01539	0.04789	0.01825	0.05611	0.16353	0.04204	0.00224	0.00961	0.01131	0.00112	0.00093	0.02171	0.01330	0.00078	0.00063	0.00139
1	0.00139	0.00097	0.00126	0.00141	0.00154	0.00091	0.00102	0.00159	0.00204	0.00271	0.05360	0.49876	0.11948	0.04688	0.00172	0.08843	0.00068	0.14969	0.02511	0.00082
2	0.00144	0.00111	0.00123	0.00121	0.00153	0.00099	0.00091	0.03832	0.00251	0.02128	0.18294	0.12410	0.59577	0.00251	0.00122	0.00035	0.00056	0.02009	0.00099	0.00093
3	0.79066	0.03177	0.00190	0.00170	0.03893	0.08101	0.00132	0.01933	0.00192	0.00431	0.00148	0.00174	0.00117	0.00098	0.00073	0.00031	0.01838	0.00059	0.00062	0.00115
4	0.00227	0.00208	0.00340	0.09404	0.43352	0.00214	0.09638	0.03517	0.06677	0.01103	0.08009	0.06887	0.04048	0.00134	0.00114	0.00033	0.02479	0.01668	0.01807	0.00139
5	0.00237	0.02048	0.06740	0.13822	0.14620	0.03616	0.03077	0.03230	0.02500	0.03525	0.00205	0.01498	0.00165	0.00094	0.00092	0.00025	0.00973	0.00080	0.01196	0.42256
6	0.00158	0.00103	0.00140	0.00139	0.00151	0.00109	0.00098	0.00168	0.00163	0.02142	0.02338	0.02205	0.04740	0.29226	0.38907	0.18785	0.00164	0.00127	0.00060	0.00075
7	0.97118	0.00198	0.00151	0.00135	0.00198	0.00230	0.00111	0.00302	0.00175	0.00460	0.00143	0.00167	0.00111	0.00095	0.00064	0.00032	0.00079	0.00056	0.00064	0.00111
8	0.00335	0.02710	0.01075	0.06933	0.01157	0.01325	0.01158	0.57033	0.12766	0.04210	0.01089	0.01153	0.00206	0.00129	0.00113	0.00032	0.04832	0.00864	0.02720	0.00159
9	0.00234	0.00229	0.00412	0.15123	0.52721	0.00233	0.19713	0.00302	0.01541	0.00323	0.02719	0.01274	0.01338	0.01387	0.00113	0.00033	0.00129	0.01017	0.01016	0.00144
10	0.00146	0.00104	0.00130	0.00128	0.00152	0.00095	0.00095	0.00179	0.00250	0.02019	0.46867	0.08360	0.25832	0.03524	0.02413	0.04980	0.00062	0.04473	0.00100	0.00090
11	0.01993	0.01285	0.02743	0.14087	0.03498	0.01796	0.11125	0.07956	0.12166	0.05183	0.01588	0.05483	0.04611	0.05008	0.10169	0.00999	0.02939	0.01791	0.00702	0.04878

[dist]
# distance from previous block
# <min> <max>
3	87

[block]
# block no. 5 follows, 320 sequences, length 42
# corresponding to MSA columns:
# 842-850,855,857-880,882-889
name=unknown_F
#
# <colnr> <probs for GDERKNQSTAVLIFYWHMCP>
#	G	D	E	R	K	N	Q	S	T	A	V	L	I	F	Y	W	H	M	C	P
0	0.86958	0.00199	0.00166	0.03621	0.02114	0.00229	0.00123	0.02232	0.00185	0.01201	0.00152	0.00178	0.00117	0.00096	0.00067	0.00032	0.00083	0.00059	0.00872	0.01316
1	0.00164	0.00108	0.00142	0.01430	0.00151	0.00116	0.00094	0.02091	0.00683	0.00215	0.00268	0.00494	0.00284	0.44930	0.20831	0.24543	0.02577	0.00121	0.00057	0.00701
2	0.02073	0.00113	0.00143	0.00137	0.00167	0.00104	0.00104	0.00218	0.00918	0.09817	0.50402	0.11770	0.14518	0.00714	0.00122	0.00035	0.00059	0.07087	0.01396	0.00102
3	0.00191	0.00163	0.00217	0.00198	0.00214	0.02473	0.00667	0.00231	0.04456	0.02853	0.02017	0.01610	0.04439	0.08012	0.39279	0.00543	0.32163	0.00114	0.00060	0.00102
4	0.00152	0.00105	0.00131	0.00134	0.00157	0.00094	0.00096	0.00182	0.00235	0.05651	0.26797	0.41100	0.19458	0.01332	0.00127	0.00037	0.00058	0.00722	0.00100	0.03331
5	0.00126	0.00090	0.00120	0.00142	0.00149	0.00084	0.00095	0.00145	0.00200	0.00266	0.03374	0.90370	0.02010	0.01201	0.00134	0.00042	0.00060	0.01211	0.00095	0.00084
6	0.00255	0.00972	0.00299	0.13347	0.03162	0.00527	0.09245	0.04541	0.00495	0.13091	0.00753	0.00275	0.00175	0.02352	0.02695	0.03609	0.26285	0.00092	0.00985	0.16845
7	0.02169	0.00171	0.00200	0.00152	0.00231	0.00133	0.00120	0.00766	0.00213	0.00782	0.00871	0.09161	0.00832	0.00538	0.00086	0.00020	0.00075	0.03089	0.00066	0.80323
8	0.00267	0.03203	0.00764	0.00210	0.00271	0.02363	0.00166	0.07652	0.81634	0.00433	0.00397	0.00369	0.01537	0.00137	0.00103	0.00034	0.00087	0.00112	0.00101	0.00160
9	0.00229	0.00183	0.00214	0.00155	0.00244	0.00141	0.00124	0.02277	0.00223	0.05459	0.00198	0.00223	0.00160	0.00080	0.00078	0.00017	0.00077	0.00064	0.01454	0.88399
10	0.00213	0.02607	0.86770	0.00284	0.00427	0.00239	0.01098	0.00985	0.00972	0.02184	0.01086	0.00233	0.01051	0.00102	0.00101	0.00032	0.01338	0.00079	0.00047	0.00150
11	0.00148	0.00110	0.00135	0.00150	0.00164	0.01647	0.00104	0.04019	0.03154	0.01142	0.01712	0.77290	0.05787	0.01000	0.00131	0.00041	0.00065	0.03014	0.00095	0.00091
12	0.00177	0.00091	0.00135	0.00135	0.00136	0.00092	0.00091	0.00136	0.00137	0.00182	0.00201	0.00329	0.02777	0.00351	0.00393	0.92978	0.01473	0.00093	0.00046	0.00047
13	0.00278	0.00224	0.00238	0.00208	0.00269	0.00255	0.00163	0.13156	0.76581	0.03613	0.00392	0.00364	0.00291	0.00136	0.00103	0.00034	0.00085	0.00112	0.03337	0.00162
14	0.00189	0.03369	0.03425	0.09370	0.03594	0.00716	0.04838	0.03181	0.02619	0.05857	0.07888	0.35255	0.08688	0.00226	0.01082	0.00038	0.02606	0.06393	0.00557	0.00109
15	0.01066	0.00242	0.00246	0.00202	0.00265	0.11949	0.00161	0.33853	0.09276	0.21260	0.14803	0.02634	0.00336	0.00142	0.00104	0.00031	0.00100	0.00555	0.02624	0.00150
16	0.00128	0.00092	0.00121	0.00140	0.00149	0.00085	0.00095	0.00150	0.00211	0.00283	0.13912	0.80487	0.03158	0.00304	0.00129	0.00040	0.00058	0.00275	0.00098	0.00085
17	0.00231	0.01807	0.00242	0.05803	0.03336	0.02765	0.01500	0.08267	0.01250	0.00351	0.00205	0.04070	0.00175	0.00094	0.00084	0.00020	0.00088	0.00077	0.00064	0.69570
18	0.00227	0.00230	0.00321	0.03473	0.00292	0.02294	0.02668	0.00253	0.00164	0.00250	0.00139	0.00227	0.00135	0.00173	0.00318	0.00044	0.88544	0.00090	0.00045	0.00113
19	0.00195	0.00184	0.00308	0.93538	0.00695	0.00230	0.00283	0.00262	0.00204	0.00262	0.00181	0.00272	0.00137	0.00105	0.00109	0.00034	0.02751	0.00091	0.00046	0.00114
20	0.00255	0.00220	0.00232	0.00209	0.00267	0.00255	0.00162	0.00545	0.95568	0.00429	0.00418	0.00383	0.00313	0.00139	0.00104	0.00035	0.00081	0.00116	0.00104	0.00162
21	0.00251	0.00273	0.00590	0.00422	0.00525	0.00255	0.91465	0.00336	0.00244	0.04255	0.00216	0.00280	0.00160	0.00088	0.00120	0.00034	0.00169	0.00120	0.00055	0.00140
22	0.00126	0.00104	0.00110	0.00110	0.00141	0.00088	0.00082	0.00155	0.00242	0.00300	0.17303	0.03957	0.76422	0.00253	0.00122	0.00034	0.00052	0.00214	0.00098	0.00088
23	0.00132	0.00097	0.00124	0.00135	0.00151	0.00089	0.00096	0.00161	0.00231	0.00310	0.29095	0.51092	0.14186	0.00278	0.00127	0.00038	0.00056	0.03412	0.00101	0.00088
24	0.00155	0.00118	0.00176	0.00170	0.00189	0.00137	0.02102	0.01675	0.00170	0.00244	0.00273	0.00415	0.00259	0.08404	0.82319	0.00152	0.02782	0.00113	0.00056	0.00092
25	0.02353	0.02209	0.02116	0.00204	0.00260	0.01824	0.02375	0.16513	0.33079	0.03530	0.01991	0.08841	0.04326	0.01439	0.00125	0.00035	0.05887	0.05538	0.00090	0.07266
26	0.00711	0.00181	0.00214	0.01698	0.00247	0.00169	0.00138	0.05282	0.19188	0.19338	0.00956	0.09785	0.01787	0.02130	0.00108	0.00029	0.01235	0.00725	0.00990	0.35088
27	0.00277	0.94510	0.00533	0.00177	0.00264	0.02344	0.00176	0.00309	0.00210	0.00242	0.00143	0.00165	0.00132	0.00088	0.00066	0.00022	0.00111	0.00055	0.00044	0.00131
28	0.00177	0.00133	0.00150	0.00138	0.00177	0.03310	0.02077	0.02923	0.00239	0.09287	0.02779	0.00773	0.61320	0.00311	0.14696	0.00054	0.00098	0.01165	0.00090	0.00101
29	0.01290	0.00260	0.00290	0.00223	0.00304	0.00278	0.00184	0.72053	0.00435	0.23197	0.00283	0.00270	0.00193	0.00124	0.00102	0.00031	0.00107	0.00095	0.00108	0.00174
30	0.00164	0.00117	0.00148	0.00761	0.00175	0.01345	0.00423	0.00202	0.03863	0.04138	0.07560	0.22667	0.07476	0.17429	0.16819	0.00072	0.00113	0.16352	0.00084	0.00092
31	0.00131	0.00106	0.00115	0.00113	0.00145	0.00091	0.00085	0.00166	0.01312	0.00914	0.25460	0.03134	0.67375	0.00246	0.00121	0.00034	0.00052	0.00208	0.00100	0.00091
32	0.00180	0.00141	0.00162	0.00156	0.00190	0.00143	0.00992	0.04816	0.23878	0.01719	0.13269	0.26084	0.22727	0.00973	0.00121	0.00037	0.00066	0.02234	0.01999	0.00112
33	0.06153	0.00181	0.00972	0.00204	0.00245	0.01048	0.07653	0.14376	0.06844	0.05678	0.00630	0.06082	0.01016	0.14098	0.03417	0.00405	0.07596	0.22038	0.01247	0.00116
34	0.05712	0.00220	0.05922	0.19458	0.05543	0.06070	0.14583	0.01878	0.00687	0.01465	0.00718	0.06561	0.00253	0.04344	0.07065	0.02200	0.05962	0.11181	0.00061	0.00115
35	0.00136	0.00095	0.00124	0.00144	0.00155	0.00089	0.00099	0.00159	0.01209	0.02612	0.00580	0.83112	0.05364	0.01501	0.00135	0.00042	0.00062	0.04199	0.00096	0.00087
36	0.09670	0.26697	0.26140	0.16726	0.00391	0.06974	0.01626	0.02052	0.00218	0.03033	0.00173	0.00211	0.00135	0.00102	0.00099	0.00030	0.05083	0.00073	0.00436	0.00132
37	0.00166	0.00103	0.00133	0.00141	0.00162	0.00094	0.00100	0.00191	0.00224	0.11319	0.11532	0.59339	0.14616	0.00277	0.00125	0.00038	0.00061	0.01181	0.00101	0.00096
38	0.03760	0.00209	0.00328	0.29410	0.41890	0.01646	0.01611	0.02318	0.01616	0.01135	0.08788	0.00337	0.03663	0.00505	0.00109	0.00033	0.01863	0.00586	0.00060	0.00135
39	0.00228	0.00187	0.00213	0.00643	0.00244	0.01879	0.00126	0.03775	0.01112	0.03424	0.01118	0.00243	0.01664	0.00087	0.00082	0.00018	0.00824	0.00069	0.03575	0.80490
40	0.93508	0.00206	0.00156	0.00139	0.00203	0.02110	0.00114	0.01988	0.00182	0.00460	0.00145	0.00168	0.00113	0.00096	0.00065	0.00032	0.00082	0.00056	0.00064	0.00112
41	0.04583	0.06179	0.00291	0.00241	0.08413	0.00270	0.00742	0.54367	0.04243	0.04459	0.02784	0.00302	0.00219	0.00124	0.00097	0.00030	0.00101	0.02853	0.09546	0.00155

[dist]
# distance from previous block
# <min> <max>
5	34

[block]
# block no. 6 follows, 320 sequences, length 16
# corresponding to MSA columns:
# 925,944-954,959-962
name=unknown_G
#
# <colnr> <probs for GDERKNQSTAVLIFYWHMCP>
#	G	D	E	R	K	N	Q	S	T	A	V	L	I	F	Y	W	H	M	C	P
0	0.97118	0.00198	0.00151	0.00135	0.00198	0.00230	0.00111	0.00302	0.00175	0.00460	0.00143	0.00167	0.00111	0.00095	0.00064	0.00032	0.00079	0.00056	0.00064	0.00111
1	0.00282	0.00214	0.00232	0.00204	0.00264	0.00241	0.00160	0.02728	0.79941	0.11948	0.00410	0.00376	0.00302	0.00137	0.00104	0.00034	0.00082	0.00114	0.02065	0.00163
2	0.97118	0.00198	0.00151	0.00135	0.00198	0.00230	0.00111	0.00302	0.00175	0.00460	0.00143	0.00167	0.00111	0.00095	0.00064	0.00032	0.00079	0.00056	0.00064	0.00111
3	0.00386	0.00285	0.00306	0.00235	0.00317	0.00316	0.00194	0.92322	0.03579	0.00640	0.00252	0.00251	0.00179	0.00124	0.00103	0.00031	0.00112	0.00093	0.00103	0.00174
4	0.87787	0.00194	0.00156	0.00137	0.00201	0.00221	0.00113	0.00314	0.00184	0.07237	0.00166	0.00185	0.00125	0.00098	0.00067	0.00032	0.00079	0.00060	0.02529	0.00115
5	0.00385	0.00278	0.00296	0.00229	0.00308	0.02147	0.00188	0.84659	0.00459	0.05654	0.01863	0.00263	0.00193	0.00124	0.00102	0.00031	0.00110	0.00094	0.02448	0.00170
6	0.00139	0.00097	0.00125	0.00140	0.00149	0.00094	0.00097	0.00157	0.00194	0.00259	0.04679	0.50448	0.01900	0.26359	0.00238	0.00058	0.00075	0.14626	0.00087	0.00080
7	0.00331	0.00258	0.00275	0.00224	0.00296	0.00291	0.00181	0.53733	0.42258	0.00551	0.00322	0.00306	0.00235	0.00130	0.00103	0.00033	0.00099	0.00103	0.00103	0.00169
8	0.01449	0.00222	0.00289	0.00250	0.00259	0.02608	0.00205	0.01143	0.09205	0.01216	0.00179	0.00266	0.00168	0.05606	0.00309	0.00046	0.75359	0.00095	0.01010	0.00115
9	0.00406	0.00211	0.00254	0.00197	0.00272	0.00210	0.00161	0.34812	0.02519	0.51656	0.00341	0.00330	0.00233	0.04863	0.01326	0.00036	0.00099	0.00102	0.01806	0.00166
10	0.00180	0.00118	0.00142	0.00142	0.00169	0.00110	0.00103	0.06389	0.01547	0.10137	0.03273	0.46095	0.24943	0.05112	0.00143	0.00041	0.00066	0.01092	0.00098	0.00100
11	0.02041	0.00150	0.00190	0.00161	0.00216	0.00137	0.00128	0.03970	0.01889	0.48515	0.04809	0.10630	0.22352	0.00187	0.00114	0.00034	0.01056	0.03172	0.00111	0.00137
12	0.00207	0.00193	0.00317	0.83808	0.03712	0.01803	0.03269	0.01572	0.00215	0.01938	0.00194	0.00288	0.00149	0.00106	0.00104	0.00034	0.00136	0.01788	0.00049	0.00118
13	0.01464	0.00202	0.00230	0.01069	0.00262	0.01005	0.00155	0.06615	0.47342	0.32421	0.02234	0.00379	0.02459	0.00136	0.00103	0.00033	0.00084	0.00112	0.03534	0.00161
14	0.00139	0.00107	0.00128	0.00124	0.00151	0.00097	0.00092	0.00185	0.03107	0.00358	0.55097	0.05935	0.33643	0.00231	0.00121	0.00034	0.00051	0.00200	0.00106	0.00095
15	0.15574	0.00166	0.00206	0.03753	0.01960	0.00811	0.00954	0.04117	0.00768	0.40529	0.00835	0.02662	0.00255	0.12148	0.09440	0.02593	0.00633	0.02371	0.00091	0.00131

[dist]
# distance from previous block
# <min> <max>
1	97

[block]
# block no. 7 follows, 320 sequences, length 27
# corresponding to MSA columns:
# 1065-1089,1104,1105
name=unknown_H
#
# <colnr> <probs for GDERKNQSTAVLIFYWHMCP>
#	G	D	E	R	K	N	Q	S	T	A	V	L	I	F	Y	W	H	M	C	P
0	0.02113	0.02183	0.03616	0.03362	0.05652	0.07601	0.01516	0.14665	0.33335	0.00933	0.00687	0.05163	0.01160	0.02174	0.03194	0.00039	0.09033	0.00830	0.01366	0.01379
1	0.97118	0.00198	0.00151	0.00135	0.00198	0.00230	0.00111	0.00302	0.00175	0.00460	0.00143	0.00167	0.00111	0.00095	0.00064	0.00032	0.00079	0.00056	0.00064	0.00111
2	0.00737	0.00225	0.01212	0.10647	0.22669	0.00741	0.04381	0.01312	0.02159	0.00943	0.00178	0.00257	0.00571	0.01611	0.00824	0.00040	0.49131	0.00094	0.02141	0.00127
3	0.00135	0.00098	0.00128	0.00135	0.00151	0.00090	0.00096	0.00168	0.00245	0.00337	0.48184	0.45648	0.03676	0.00264	0.00126	0.00037	0.00054	0.00236	0.00104	0.00090
4	0.00170	0.00135	0.00189	0.01219	0.00192	0.00165	0.00137	0.00800	0.00166	0.00239	0.02483	0.03680	0.01144	0.16790	0.39564	0.07576	0.23652	0.00119	0.01493	0.00089
5	0.01753	0.00245	0.00259	0.00218	0.00285	0.00278	0.00174	0.35900	0.58702	0.00511	0.00350	0.00329	0.00259	0.00133	0.00103	0.00033	0.00093	0.00106	0.00103	0.00166
6	0.00148	0.00102	0.00124	0.00123	0.00130	0.00104	0.00079	0.00162	0.00174	0.00239	0.14008	0.00639	0.01272	0.64402	0.16738	0.00100	0.00121	0.00148	0.01113	0.00073
7	0.00225	0.27224	0.69336	0.00260	0.00394	0.00285	0.00323	0.00320	0.00214	0.00302	0.00173	0.00202	0.00130	0.00095	0.00089	0.00030	0.00140	0.00070	0.00043	0.00146
8	0.00150	0.00101	0.00120	0.00120	0.00125	0.00104	0.00075	0.00160	0.00158	0.00219	0.01932	0.00618	0.01543	0.72898	0.16615	0.00105	0.00125	0.00142	0.04619	0.00070
9	0.00240	0.02480	0.00320	0.00276	0.02711	0.07391	0.00223	0.01130	0.00173	0.00253	0.00139	0.00221	0.00136	0.00169	0.00304	0.00043	0.83543	0.00087	0.00046	0.00115
10	0.01409	0.04095	0.47029	0.02057	0.07619	0.01161	0.19312	0.01589	0.00989	0.09914	0.00219	0.02034	0.00163	0.00103	0.00104	0.00032	0.00790	0.00092	0.00057	0.01232
11	0.01299	0.04587	0.22151	0.00765	0.03826	0.01162	0.35059	0.05512	0.03474	0.04286	0.01608	0.03873	0.00770	0.00659	0.00111	0.00370	0.01224	0.00551	0.00061	0.08652
12	0.00194	0.00182	0.00308	0.96147	0.00707	0.00228	0.00285	0.00262	0.00205	0.00262	0.00182	0.00274	0.00137	0.00103	0.00103	0.00034	0.00137	0.00091	0.00046	0.00114
13	0.00311	0.00149	0.00196	0.00166	0.00705	0.00140	0.00130	0.04119	0.01179	0.45891	0.20938	0.01098	0.00418	0.07857	0.09375	0.00746	0.01581	0.00705	0.04163	0.00134
14	0.02920	0.07698	0.32683	0.04067	0.11899	0.04882	0.11937	0.04694	0.02814	0.07192	0.01929	0.03546	0.00774	0.00113	0.00105	0.00032	0.01902	0.00608	0.00060	0.00144
15	0.00263	0.00640	0.03033	0.05936	0.41509	0.00215	0.03285	0.08754	0.06632	0.10909	0.04082	0.04520	0.05943	0.00508	0.00108	0.00032	0.00626	0.00918	0.01937	0.00148
16	0.00359	0.00151	0.00205	0.00171	0.00230	0.00133	0.00137	0.00396	0.00274	0.65944	0.08053	0.15363	0.02454	0.00175	0.00111	0.00034	0.00080	0.05463	0.00118	0.00148
17	0.01844	0.00229	0.05713	0.34953	0.17486	0.01338	0.13605	0.04518	0.03623	0.06642	0.02957	0.02172	0.00766	0.00114	0.00107	0.00033	0.00570	0.01859	0.01335	0.00135
18	0.00253	0.05746	0.39189	0.02520	0.10675	0.04722	0.09721	0.04588	0.07286	0.07577	0.02775	0.01966	0.01266	0.00113	0.00102	0.00032	0.00132	0.01126	0.00063	0.00148
19	0.00220	0.11634	0.81537	0.00278	0.00420	0.00256	0.01572	0.00327	0.00218	0.02369	0.00184	0.00214	0.00133	0.00097	0.00094	0.00031	0.00146	0.00075	0.00045	0.00150
20	0.00144	0.00101	0.00114	0.00116	0.00124	0.00098	0.00072	0.00155	0.01026	0.00226	0.02593	0.07731	0.16525	0.67667	0.00404	0.00081	0.00087	0.02594	0.00073	0.00070
21	0.02088	0.05567	0.21336	0.12241	0.16206	0.02067	0.06410	0.03881	0.04098	0.11104	0.04086	0.02250	0.02726	0.00124	0.00774	0.00033	0.03482	0.00513	0.00874	0.00142
22	0.02563	0.17211	0.29117	0.09319	0.09732	0.02869	0.05363	0.08143	0.01352	0.06898	0.00217	0.03582	0.00174	0.00111	0.00099	0.00031	0.01407	0.01004	0.00666	0.00143
23	0.00230	0.00231	0.00288	0.00252	0.00261	0.07684	0.00206	0.00264	0.04220	0.01081	0.00198	0.07001	0.01596	0.00196	0.02345	0.00045	0.73630	0.00106	0.00053	0.00113
24	0.67758	0.01981	0.01544	0.07119	0.08937	0.01992	0.00891	0.01524	0.00192	0.02553	0.00164	0.00662	0.00130	0.00116	0.02526	0.00035	0.01628	0.00067	0.00062	0.00119
25	0.00134	0.00097	0.00125	0.00138	0.00151	0.00091	0.00097	0.00908	0.00217	0.00289	0.16253	0.59480	0.09935	0.05542	0.01531	0.00045	0.00064	0.04721	0.00096	0.00086
26	0.16786	0.22939	0.10355	0.00214	0.02182	0.04416	0.02738	0.23263	0.01897	0.07622	0.00220	0.02829	0.00566	0.00115	0.00621	0.00030	0.00666	0.00082	0.01809	0.00651

[dist]
# distance from previous block
# <min> <max>
1	10

[block]
# block no. 8 follows, 320 sequences, length 15
# corresponding to MSA columns:
# 1120-1122,1124-1130,1135,1148-1151
name=unknown_I
#
# <colnr> <probs for GDERKNQSTAVLIFYWHMCP>
#	G	D	E	R	K	N	Q	S	T	A	V	L	I	F	Y	W	H	M	C	P
0	0.00149	0.00108	0.00133	0.00126	0.00153	0.00098	0.00094	0.00196	0.01974	0.02278	0.68199	0.01807	0.21255	0.01398	0.00125	0.00034	0.00051	0.00189	0.01538	0.00097
1	0.00257	0.05008	0.05280	0.02568	0.09979	0.01500	0.04723	0.06450	0.52121	0.01725	0.01842	0.01210	0.02122	0.00132	0.00110	0.00033	0.03064	0.00697	0.01025	0.00153
2	0.01439	0.00117	0.00145	0.00136	0.00167	0.00110	0.00102	0.03186	0.01827	0.06983	0.53263	0.12847	0.13347	0.01338	0.00123	0.00034	0.00057	0.01181	0.02214	0.01384
3	0.04527	0.02894	0.07692	0.09633	0.07582	0.03312	0.06262	0.06658	0.29573	0.02355	0.03868	0.00945	0.01161	0.01807	0.04347	0.00041	0.06062	0.00613	0.00528	0.00140
4	0.00228	0.00226	0.01335	0.00856	0.00858	0.09496	0.05784	0.00786	0.01465	0.00280	0.07832	0.00922	0.00229	0.02585	0.00874	0.03585	0.53684	0.00101	0.08766	0.00109
5	0.01207	0.00194	0.00337	0.73783	0.02760	0.00228	0.11538	0.01351	0.00215	0.03343	0.00200	0.01745	0.00153	0.00106	0.00108	0.00034	0.01492	0.00098	0.00988	0.00120
6	0.00292	0.81254	0.00499	0.00190	0.00272	0.15546	0.00179	0.00324	0.00222	0.00243	0.00145	0.00168	0.00132	0.00091	0.00070	0.00023	0.00122	0.00057	0.00045	0.00130
7	0.00163	0.00113	0.00142	0.00132	0.00161	0.00104	0.00100	0.01773	0.01725	0.04868	0.77825	0.00757	0.11327	0.00209	0.00120	0.00033	0.00052	0.00183	0.00111	0.00102
8	0.01511	0.00135	0.04756	0.00142	0.00178	0.00122	0.06814	0.01331	0.00216	0.00358	0.03177	0.03394	0.02630	0.00203	0.11061	0.00042	0.00089	0.00109	0.63631	0.00101
9	0.13536	0.01621	0.09775	0.06498	0.25673	0.05000	0.07284	0.06264	0.06010	0.11670	0.01142	0.03325	0.00193	0.00112	0.00100	0.00032	0.00880	0.00096	0.00645	0.00145
10	0.01554	0.33467	0.25077	0.01169	0.06659	0.10977	0.06161	0.03907	0.01001	0.03940	0.00190	0.02509	0.00157	0.00829	0.00097	0.00029	0.02007	0.00079	0.00053	0.00139
11	0.87798	0.00195	0.00159	0.03452	0.00217	0.00224	0.00118	0.00296	0.00177	0.00443	0.00149	0.00178	0.00117	0.00112	0.02470	0.00035	0.00086	0.00058	0.00063	0.03653
12	0.03511	0.00111	0.00123	0.00119	0.00126	0.00112	0.00071	0.03641	0.00165	0.01719	0.00317	0.02077	0.00357	0.85328	0.00477	0.01368	0.00098	0.00145	0.00065	0.00070
13	0.29005	0.08991	0.02427	0.00738	0.01548	0.02243	0.03878	0.02913	0.05738	0.05503	0.00861	0.06629	0.01208	0.01625	0.00604	0.00030	0.00710	0.01923	0.01655	0.21769
14	0.06331	0.10909	0.11840	0.00183	0.01791	0.02941	0.01621	0.02917	0.02885	0.04586	0.18299	0.20799	0.07568	0.00897	0.00113	0.00034	0.01394	0.01757	0.00082	0.03054

[dist]
# distance from previous block
# <min> <max>
1	37

[block]
# block no. 9 follows, 320 sequences, length 21
# corresponding to MSA columns:
# 1227-1244,1257-1259
name=unknown_J
#
# <colnr> <probs for GDERKNQSTAVLIFYWHMCP>
#	G	D	E	R	K	N	Q	S	T	A	V	L	I	F	Y	W	H	M	C	P
0	0.20539	0.10865	0.04862	0.01458	0.00843	0.10825	0.01846	0.06936	0.00587	0.01698	0.03567	0.06041	0.03013	0.00811	0.00801	0.00031	0.06831	0.01092	0.02538	0.14816
1	0.07757	0.02811	0.08154	0.07488	0.12087	0.05819	0.04653	0.10554	0.04285	0.04746	0.14343	0.05308	0.08354	0.00147	0.00107	0.00032	0.01187	0.00863	0.00627	0.00679
2	0.00350	0.00151	0.00200	0.00162	0.00222	0.00133	0.00130	0.00394	0.01481	0.61855	0.23224	0.00489	0.05630	0.01196	0.00112	0.00033	0.00075	0.00129	0.03889	0.00147
3	0.00279	0.72740	0.03214	0.00197	0.00277	0.08057	0.01000	0.02417	0.04198	0.00262	0.00159	0.00184	0.00141	0.00098	0.00090	0.00025	0.06418	0.00063	0.00049	0.00132
4	0.02658	0.00180	0.00235	0.00183	0.00258	0.00164	0.00151	0.08019	0.00973	0.78761	0.01041	0.01423	0.00259	0.00144	0.01991	0.00035	0.00092	0.01450	0.01817	0.00167
5	0.02056	0.00108	0.00133	0.00126	0.00154	0.00099	0.00096	0.00192	0.00275	0.02057	0.70715	0.02011	0.19545	0.00219	0.00120	0.00033	0.00051	0.01806	0.00108	0.00096
6	0.00149	0.00101	0.00116	0.00118	0.00121	0.00100	0.00071	0.00154	0.00159	0.00211	0.00369	0.02387	0.03878	0.84340	0.00474	0.00092	0.00097	0.06932	0.00066	0.00066
7	0.00125	0.00090	0.00118	0.00141	0.00148	0.00084	0.00094	0.00143	0.00198	0.00263	0.00589	0.91648	0.05342	0.00318	0.00131	0.00041	0.00059	0.00288	0.00095	0.00084
8	0.00274	0.96455	0.00538	0.00176	0.00263	0.00406	0.00176	0.00307	0.00209	0.00241	0.00143	0.00165	0.00132	0.00088	0.00066	0.00022	0.00110	0.00055	0.00044	0.00132
9	0.00125	0.00092	0.00117	0.00136	0.00147	0.00084	0.00093	0.00144	0.00204	0.00267	0.02280	0.79389	0.15926	0.00310	0.00129	0.00040	0.00058	0.00278	0.00096	0.00084
10	0.00213	0.00182	0.00213	0.00152	0.00243	0.00137	0.00122	0.00258	0.00213	0.00334	0.00182	0.00213	0.00152	0.00076	0.00076	0.00015	0.00076	0.00061	0.00061	0.97021
11	0.03749	0.01893	0.08092	0.02789	0.03694	0.02485	0.07248	0.20817	0.01892	0.34694	0.00807	0.01236	0.01272	0.00123	0.00110	0.00032	0.03941	0.00702	0.04267	0.00155
12	0.00211	0.00180	0.00210	0.00151	0.00240	0.00136	0.00121	0.00256	0.00215	0.00337	0.03189	0.00230	0.00178	0.00080	0.00077	0.00016	0.00075	0.00065	0.00062	0.93970
13	0.00183	0.01230	0.01278	0.00139	0.00143	0.01738	0.00096	0.00144	0.00139	0.00183	0.00179	0.00309	0.00178	0.00354	0.02182	0.91248	0.00095	0.00089	0.00045	0.00049
14	0.00204	0.13754	0.30367	0.04398	0.05769	0.03276	0.01554	0.03273	0.01833	0.00308	0.05749	0.25833	0.01141	0.00168	0.00106	0.00034	0.00635	0.01409	0.00066	0.00125
15	0.01457	0.00158	0.00211	0.00168	0.00234	0.00139	0.00137	0.00428	0.00286	0.72181	0.15752	0.00429	0.00373	0.00142	0.00104	0.00032	0.00079	0.01627	0.05904	0.00155
16	0.00146	0.00105	0.00124	0.00125	0.00152	0.00094	0.00092	0.00178	0.01165	0.04681	0.22697	0.22416	0.44006	0.01387	0.00128	0.00037	0.00056	0.02216	0.00100	0.00093
17	0.13083	0.03656	0.07160	0.06476	0.12403	0.00199	0.01985	0.04489	0.02132	0.07700	0.01213	0.00732	0.00571	0.00096	0.00087	0.00025	0.00561	0.00077	0.00691	0.36663
18	0.00257	0.00772	0.04940	0.02726	0.00290	0.02153	0.01461	0.16979	0.03288	0.03740	0.00199	0.02252	0.00176	0.03563	0.04054	0.00047	0.52817	0.00098	0.00062	0.00126
19	0.00967	0.00146	0.00192	0.00166	0.00217	0.00132	0.00129	0.03106	0.01933	0.50775	0.09468	0.25967	0.03584	0.00956	0.00117	0.00035	0.00076	0.01783	0.00114	0.00137
20	0.03289	0.00226	0.03556	0.03521	0.26258	0.04070	0.02844	0.07793	0.15176	0.11492	0.08200	0.01530	0.02232	0.01627	0.00119	0.02427	0.00531	0.02518	0.00080	0.02513

[dist]
# distance from previous block
# <min> <max>
11	87

[block]
# block no. 10 follows, 320 sequences, length 17
# corresponding to MSA columns:
# 1368-1373,1376-1386
name=unknown_K
#
# <colnr> <probs for GDERKNQSTAVLIFYWHMCP>
#	G	D	E	R	K	N	Q	S	T	A	V	L	I	F	Y	W	H	M	C	P
0	0.00149	0.00100	0.00116	0.00116	0.00118	0.00102	0.00067	0.00152	0.00150	0.00202	0.00320	0.00650	0.00364	0.88836	0.08067	0.00105	0.00113	0.00146	0.00062	0.00065
1	0.00373	0.00276	0.00296	0.00229	0.00308	0.00304	0.00189	0.88396	0.02252	0.00624	0.01593	0.01945	0.02467	0.00131	0.00104	0.00031	0.00109	0.00101	0.00103	0.00170
2	0.00213	0.00182	0.00213	0.00152	0.00243	0.00137	0.00122	0.00258	0.00213	0.00334	0.00182	0.00213	0.00152	0.00076	0.00076	0.00015	0.00076	0.00061	0.00061	0.97021
3	0.00197	0.00108	0.00102	0.00101	0.00126	0.03148	0.00076	0.00245	0.00218	0.00378	0.00329	0.00376	0.00259	0.00119	0.00072	0.00024	0.00052	0.00095	0.93879	0.00096
4	0.00127	0.00105	0.00113	0.00115	0.00146	0.00090	0.00088	0.00157	0.00238	0.00292	0.10048	0.03819	0.75923	0.00259	0.00123	0.00036	0.00055	0.08081	0.00097	0.00088
5	0.00206	0.00531	0.95862	0.00292	0.00444	0.00238	0.00379	0.00325	0.00217	0.00325	0.00184	0.00217	0.00130	0.00097	0.00097	0.00032	0.00152	0.00076	0.00043	0.00152
6	0.00242	0.00277	0.00606	0.00433	0.00536	0.00260	0.95381	0.00329	0.00242	0.00329	0.00208	0.00277	0.00156	0.00087	0.00121	0.00035	0.00173	0.00121	0.00052	0.00138
7	0.00155	0.00109	0.00140	0.00132	0.00158	0.00101	0.00099	0.00207	0.02548	0.02989	0.83323	0.03833	0.05392	0.00212	0.00120	0.00033	0.00051	0.00187	0.00112	0.00100
8	0.00238	0.00250	0.00496	0.00369	0.01243	0.00243	0.68637	0.03459	0.08979	0.01121	0.00272	0.07705	0.01517	0.00120	0.00127	0.00036	0.03242	0.01748	0.00063	0.00136
9	0.00219	0.00208	0.02076	0.61649	0.20948	0.01145	0.02787	0.03344	0.01310	0.01826	0.01400	0.02265	0.00169	0.00107	0.00104	0.00033	0.00130	0.00097	0.00053	0.00128
10	0.00280	0.00217	0.00234	0.00205	0.00265	0.00243	0.00161	0.12289	0.69440	0.07741	0.03308	0.01873	0.00320	0.00143	0.00105	0.00034	0.00084	0.01376	0.01520	0.00160
11	0.00192	0.00116	0.00130	0.01609	0.00159	0.01593	0.00095	0.02445	0.00912	0.05484	0.25105	0.07474	0.06809	0.00176	0.01105	0.00031	0.00059	0.01333	0.45070	0.00102
12	0.02169	0.09781	0.21265	0.01165	0.01664	0.03812	0.10142	0.14356	0.09297	0.10756	0.02311	0.10422	0.01035	0.00136	0.00103	0.00032	0.00116	0.01217	0.00077	0.00143
13	0.00338	0.00782	0.15981	0.01636	0.04311	0.00908	0.02106	0.02421	0.12848	0.46779	0.04423	0.01670	0.01688	0.00714	0.00108	0.00033	0.00621	0.01367	0.01108	0.00158
14	0.00142	0.00097	0.00129	0.00149	0.00161	0.00091	0.00106	0.00166	0.00207	0.03347	0.02170	0.74018	0.02619	0.02159	0.00139	0.00043	0.00066	0.14006	0.00096	0.00088
15	0.01629	0.05279	0.07441	0.37993	0.05287	0.10212	0.07449	0.03781	0.03213	0.09049	0.01349	0.02893	0.00788	0.00115	0.00108	0.00033	0.03093	0.00097	0.00061	0.00131
16	0.02941	0.10175	0.26225	0.05384	0.05700	0.01541	0.12938	0.14181	0.02601	0.09325	0.01025	0.04195	0.00695	0.00116	0.00105	0.00032	0.01939	0.00668	0.00067	0.00146

[dist]
# distance from previous block
# <min> <max>
4	7

[block]
# block no. 11 follows, 320 sequences, length 16
# corresponding to MSA columns:
# 1411-1420,1431-1436
name=unknown_L
#
# <colnr> <probs for GDERKNQSTAVLIFYWHMCP>
#	G	D	E	R	K	N	Q	S	T	A	V	L	I	F	Y	W	H	M	C	P
0	0.00129	0.00104	0.00113	0.00113	0.00143	0.00089	0.00083	0.00159	0.00239	0.00302	0.18944	0.09056	0.64475	0.02637	0.00131	0.00036	0.00053	0.00211	0.01519	0.01463
1	0.02482	0.04636	0.16843	0.15409	0.11104	0.04684	0.08667	0.16272	0.08368	0.00977	0.01973	0.01314	0.00738	0.01049	0.00111	0.00033	0.02592	0.01287	0.01318	0.00142
2	0.00222	0.00177	0.00202	0.00194	0.00239	0.00196	0.00157	0.01548	0.53546	0.02264	0.04267	0.02063	0.02662	0.00192	0.00117	0.00038	0.00083	0.29866	0.01057	0.00909
3	0.00160	0.00118	0.00728	0.00151	0.00675	0.00114	0.02707	0.02171	0.00689	0.02484	0.27016	0.15195	0.10402	0.15031	0.11660	0.01933	0.00831	0.06872	0.00971	0.00092
4	0.00216	0.00504	0.87872	0.00285	0.00429	0.00237	0.00361	0.00342	0.05549	0.02971	0.00203	0.00230	0.00144	0.00101	0.00098	0.00033	0.00146	0.00079	0.00049	0.00153
5	0.00183	0.00131	0.00142	0.00135	0.00167	0.02402	0.00102	0.04115	0.10055	0.01655	0.29620	0.08461	0.15866	0.01270	0.00111	0.00032	0.00061	0.01664	0.23723	0.00105
6	0.02217	0.00132	0.00175	0.05790	0.00221	0.01201	0.03543	0.05996	0.02499	0.08772	0.02463	0.59654	0.05079	0.00253	0.00121	0.00038	0.00076	0.00920	0.00746	0.00104
7	0.02300	0.00182	0.01797	0.03019	0.00266	0.04750	0.13541	0.02274	0.05425	0.07522	0.04312	0.31147	0.04042	0.01870	0.01536	0.00039	0.08067	0.01858	0.02323	0.03729
8	0.00213	0.00200	0.00328	0.63425	0.15138	0.01088	0.05257	0.02268	0.03759	0.00294	0.01303	0.00290	0.00967	0.01107	0.00113	0.00034	0.02333	0.00096	0.01661	0.00124
9	0.00230	0.02475	0.11373	0.14711	0.04061	0.08378	0.04459	0.02704	0.12295	0.01723	0.09316	0.01735	0.02113	0.00983	0.00717	0.00030	0.00576	0.01355	0.00069	0.20696
10	0.00168	0.00137	0.00188	0.00176	0.00194	0.01131	0.03248	0.01592	0.01292	0.00256	0.01751	0.10593	0.12068	0.08851	0.31767	0.07221	0.15987	0.02377	0.00911	0.00092
11	0.02945	0.26655	0.33513	0.01339	0.01311	0.12728	0.03048	0.04554	0.03255	0.00308	0.00897	0.03420	0.01054	0.00121	0.01601	0.00032	0.02274	0.00755	0.00054	0.00136
12	0.00183	0.00134	0.00161	0.00147	0.00181	0.00730	0.00112	0.05003	0.09903	0.04247	0.59430	0.03096	0.07495	0.02059	0.01598	0.00036	0.00647	0.01866	0.00106	0.02866
13	0.00226	0.00862	0.04238	0.46479	0.13147	0.02821	0.03729	0.04395	0.04630	0.03928	0.03210	0.01043	0.01301	0.02071	0.02271	0.00556	0.01860	0.01577	0.01529	0.00127
14	0.00987	0.00733	0.06708	0.22746	0.07766	0.03387	0.04803	0.06430	0.21892	0.05086	0.05493	0.01141	0.00249	0.00792	0.03719	0.00038	0.02236	0.01231	0.00073	0.04488
15	0.01762	0.03281	0.21063	0.07375	0.02743	0.02088	0.03982	0.04590	0.05568	0.04024	0.19245	0.02057	0.14145	0.00689	0.01512	0.00563	0.01346	0.01786	0.00907	0.01274

[dist]
# distance from previous block
# <min> <max>
21	234

[block]
# block no. 12 follows, 320 sequences, length 19
# corresponding to MSA columns:
# 1846-1848,1852-1854,1857-1859,1868-1870,1874-1880
name=unknown_M
#
# <colnr> <probs for GDERKNQSTAVLIFYWHMCP>
#	G	D	E	R	K	N	Q	S	T	A	V	L	I	F	Y	W	H	M	C	P
0	0.01343	0.02351	0.17002	0.02645	0.01911	0.01774	0.09735	0.06271	0.03666	0.02764	0.05002	0.06641	0.02305	0.03366	0.04316	0.00794	0.01036	0.02423	0.08712	0.15942
1	0.08303	0.02375	0.02417	0.14538	0.07289	0.03846	0.06006	0.13372	0.04645	0.05579	0.02122	0.09803	0.01557	0.00133	0.00103	0.00770	0.00690	0.01534	0.00073	0.14846
2	0.05682	0.06197	0.47037	0.01109	0.02353	0.04993	0.04253	0.06394	0.05018	0.01494	0.01391	0.01420	0.00932	0.00754	0.00589	0.00032	0.00861	0.01335	0.03384	0.04774
3	0.00915	0.01249	0.00831	0.01460	0.00232	0.00155	0.04199	0.07631	0.09020	0.12114	0.09686	0.10063	0.10648	0.00232	0.03413	0.00472	0.00568	0.25867	0.01127	0.00118
4	0.00233	0.00199	0.00313	0.33577	0.24285	0.00208	0.04397	0.00940	0.05315	0.06586	0.05187	0.00306	0.00213	0.00116	0.01496	0.00032	0.00790	0.00994	0.00062	0.14751
5	0.70980	0.00228	0.05220	0.00161	0.00229	0.02197	0.00139	0.05941	0.09216	0.01493	0.00185	0.00208	0.00142	0.00104	0.00076	0.00032	0.00854	0.00980	0.00069	0.01547
6	0.00219	0.00220	0.00316	0.00268	0.00275	0.00298	0.04859	0.00245	0.00166	0.00253	0.00192	0.00272	0.05788	0.00180	0.00314	0.00044	0.85834	0.00099	0.00048	0.00112
7	0.00250	0.00210	0.00222	0.00199	0.00255	0.00240	0.00155	0.03479	0.82305	0.00433	0.06043	0.00401	0.00345	0.00142	0.00104	0.00034	0.00079	0.00118	0.04831	0.00156
8	0.56729	0.00221	0.00211	0.04852	0.00263	0.00249	0.00147	0.27620	0.00274	0.08289	0.00196	0.00210	0.00142	0.00106	0.00080	0.00032	0.00092	0.00072	0.00079	0.00135
9	0.00147	0.00107	0.00150	0.00150	0.00163	0.00120	0.00109	0.00173	0.00160	0.00227	0.00289	0.00480	0.00290	0.28303	0.68500	0.00146	0.00224	0.00121	0.00057	0.00083
10	0.05862	0.00097	0.00122	0.00142	0.00152	0.00093	0.00097	0.00155	0.00199	0.00279	0.03255	0.84835	0.02602	0.00303	0.00127	0.00041	0.00061	0.01401	0.00094	0.00086
11	0.00587	0.00443	0.00462	0.00431	0.00508	0.00421	0.00303	0.02659	0.64129	0.03461	0.10591	0.05221	0.01823	0.06072	0.00283	0.00101	0.00202	0.00249	0.01729	0.00326
12	0.00506	0.00359	0.00378	0.00363	0.00398	0.00314	0.00232	0.00433	0.02255	0.00577	0.09511	0.01116	0.02688	0.74856	0.01614	0.03477	0.00218	0.00265	0.00185	0.00254
13	0.08639	0.00427	0.00478	0.00418	0.00519	0.00367	0.00303	0.02635	0.00518	0.75205	0.03985	0.00813	0.00585	0.00352	0.00251	0.00094	0.00208	0.00218	0.03639	0.00345
14	0.00576	0.00440	0.00482	0.10866	0.01564	0.01028	0.03585	0.08596	0.36721	0.01807	0.08619	0.02631	0.13317	0.01498	0.02500	0.00101	0.00871	0.02072	0.02410	0.00316
15	0.00539	0.00427	0.06121	0.05466	0.18347	0.03160	0.00331	0.02179	0.00448	0.02583	0.01783	0.36527	0.02470	0.07546	0.05116	0.02755	0.01107	0.01582	0.01221	0.00292
16	0.01807	0.00409	0.00451	0.02903	0.02986	0.00885	0.01662	0.07636	0.02722	0.02782	0.02927	0.17405	0.03091	0.07694	0.09081	0.00111	0.01286	0.08996	0.01574	0.23590
17	0.01330	0.01545	0.01701	0.11665	0.07955	0.05329	0.02803	0.05281	0.01895	0.02310	0.04344	0.07202	0.02400	0.03025	0.01022	0.00092	0.01831	0.00219	0.04689	0.33359
18	0.04862	0.02642	0.13531	0.03175	0.04892	0.03309	0.03594	0.07273	0.06491	0.07294	0.06472	0.09791	0.09126	0.06443	0.01438	0.00102	0.05150	0.01489	0.01367	0.01559

[dist]
# distance from previous block
# <min> <max>
0	410

# created by:
# /home/berkeley/.conda/envs/busco_data_prod/bin/msa2prfl.pl pipeline/OGs_align_augustus/2759/1925287.fs
