[name]
unknown

[dist]
# distance from previous block
# <min> <max>
0	258

[block]
# block no. 0 follows, 312 sequences, length 8
# corresponding to MSA columns:
# 842-849
name=unknown_A
#
# <colnr> <probs for GDERKNQSTAVLIFYWHMCP>
#	G	D	E	R	K	N	Q	S	T	A	V	L	I	F	Y	W	H	M	C	P
0	0.00181	0.01858	0.02399	0.01108	0.01421	0.03011	0.03437	0.01168	0.02708	0.06006	0.22258	0.22427	0.22409	0.01906	0.03166	0.00041	0.00081	0.02780	0.01530	0.00105
1	0.01967	0.00246	0.13736	0.08925	0.10710	0.04304	0.01486	0.06921	0.09462	0.10431	0.05815	0.11058	0.05868	0.02954	0.01929	0.00039	0.01820	0.01323	0.00080	0.00922
2	0.01058	0.06881	0.11585	0.08994	0.18123	0.02572	0.07572	0.03950	0.04655	0.10761	0.04477	0.05434	0.04484	0.04098	0.00131	0.00036	0.02770	0.01379	0.00072	0.00968
3	0.07718	0.01013	0.04292	0.03772	0.04807	0.03996	0.02661	0.07273	0.02275	0.31446	0.02341	0.09596	0.04990	0.01771	0.04466	0.00888	0.02985	0.01207	0.02364	0.00139
4	0.04643	0.01156	0.01409	0.06361	0.03899	0.01381	0.01195	0.40677	0.02377	0.13038	0.05700	0.09843	0.01945	0.01195	0.00890	0.01075	0.01020	0.00123	0.01924	0.00149
5	0.06768	0.05647	0.12688	0.05363	0.07413	0.01184	0.02363	0.15723	0.06202	0.23903	0.02036	0.02980	0.01410	0.00128	0.00104	0.00032	0.01179	0.01880	0.00087	0.02912
6	0.03526	0.01847	0.05128	0.07946	0.21281	0.03248	0.11191	0.06801	0.01110	0.06844	0.01172	0.16764	0.01075	0.02101	0.00133	0.00904	0.04130	0.03712	0.00072	0.01016
7	0.01924	0.00174	0.00237	0.01717	0.01609	0.00223	0.00170	0.01474	0.01332	0.00263	0.02982	0.02927	0.03120	0.15368	0.20495	0.00079	0.45626	0.00118	0.00058	0.00103

[dist]
# distance from previous block
# <min> <max>
4	17

[block]
# block no. 1 follows, 312 sequences, length 12
# corresponding to MSA columns:
# 877-888
name=unknown_B
#
# <colnr> <probs for GDERKNQSTAVLIFYWHMCP>
#	G	D	E	R	K	N	Q	S	T	A	V	L	I	F	Y	W	H	M	C	P
0	0.02086	0.00960	0.03213	0.12548	0.10935	0.01644	0.03682	0.04212	0.02441	0.02148	0.14650	0.19122	0.09067	0.05160	0.01380	0.00041	0.03263	0.02369	0.00080	0.00999
1	0.00251	0.03842	0.00868	0.02980	0.18580	0.06534	0.04381	0.08151	0.12709	0.05028	0.15272	0.04322	0.06917	0.01879	0.01397	0.00650	0.02592	0.00129	0.01062	0.02456
2	0.00146	0.00106	0.00132	0.01875	0.00158	0.00103	0.00094	0.00164	0.00189	0.00253	0.03123	0.32532	0.09502	0.34443	0.09593	0.00074	0.00099	0.03089	0.00080	0.04246
3	0.03034	0.01477	0.05861	0.01025	0.04143	0.01149	0.33847	0.25060	0.06753	0.05937	0.03087	0.01805	0.00217	0.00895	0.00121	0.00034	0.02879	0.01122	0.00077	0.01476
4	0.00150	0.00113	0.00169	0.00169	0.00188	0.00131	0.00131	0.00188	0.00169	0.00244	0.00281	0.00413	0.00263	0.00788	0.95890	0.00169	0.00281	0.00113	0.00056	0.00094
5	0.97049	0.00203	0.00154	0.00138	0.00203	0.00236	0.00114	0.00309	0.00179	0.00472	0.00146	0.00171	0.00114	0.00098	0.00065	0.00033	0.00081	0.00057	0.00065	0.00114
6	0.00257	0.00221	0.00233	0.00210	0.00268	0.00254	0.00163	0.00543	0.91330	0.00439	0.04559	0.00409	0.00350	0.00146	0.00108	0.00036	0.00082	0.00122	0.00107	0.00163
7	0.02892	0.00187	0.00245	0.00188	0.00270	0.00167	0.00155	0.06518	0.00307	0.83665	0.00389	0.00341	0.00247	0.00127	0.00104	0.00032	0.00090	0.00102	0.00124	0.03850
8	0.97049	0.00203	0.00154	0.00138	0.00203	0.00236	0.00114	0.00309	0.00179	0.00472	0.00146	0.00171	0.00114	0.00098	0.00065	0.00033	0.00081	0.00057	0.00065	0.00114
9	0.00160	0.00117	0.00125	0.00124	0.00129	0.03604	0.00075	0.00167	0.00171	0.00225	0.06672	0.02506	0.02599	0.78739	0.04093	0.00094	0.00107	0.00155	0.00068	0.00070
10	0.00204	0.00189	0.00307	0.87488	0.00681	0.00231	0.00279	0.03740	0.00221	0.00285	0.00212	0.00296	0.02608	0.00109	0.00105	0.00034	0.00135	0.00096	0.00051	0.02728
11	0.05818	0.04740	0.03375	0.01337	0.01127	0.00230	0.00971	0.12002	0.29902	0.15570	0.00393	0.04891	0.00330	0.01001	0.02050	0.00041	0.00103	0.13190	0.02777	0.00154

[dist]
# distance from previous block
# <min> <max>
1	48

[block]
# block no. 2 follows, 312 sequences, length 18
# corresponding to MSA columns:
# 940,941,943-945,955,960-968,980-982
name=unknown_C
#
# <colnr> <probs for GDERKNQSTAVLIFYWHMCP>
#	G	D	E	R	K	N	Q	S	T	A	V	L	I	F	Y	W	H	M	C	P
0	0.00131	0.00093	0.00123	0.00147	0.00153	0.00088	0.00099	0.00149	0.00200	0.00267	0.00566	0.87875	0.00676	0.04992	0.00154	0.00046	0.00064	0.03995	0.00096	0.00085
1	0.03271	0.48079	0.11723	0.00896	0.02286	0.03331	0.06807	0.03737	0.01101	0.04442	0.00743	0.00812	0.00173	0.00108	0.00090	0.00029	0.00124	0.00078	0.00062	0.12107
2	0.13765	0.00233	0.00265	0.00216	0.00268	0.00271	0.00176	0.37090	0.01738	0.02339	0.00213	0.00262	0.00173	0.03960	0.01425	0.02329	0.25173	0.00089	0.02745	0.07269
3	0.00178	0.00131	0.00157	0.00146	0.00180	0.00130	0.00111	0.00270	0.18074	0.03452	0.61960	0.01747	0.11563	0.00205	0.00120	0.00034	0.00058	0.00178	0.01193	0.00113
4	0.00189	0.00121	0.00155	0.00156	0.00185	0.00116	0.00123	0.01521	0.03019	0.09133	0.27734	0.14389	0.06141	0.04181	0.00143	0.00041	0.00072	0.26651	0.05825	0.00105
5	0.00173	0.00114	0.00144	0.00139	0.00152	0.00698	0.01158	0.00189	0.00176	0.05282	0.03687	0.02060	0.01173	0.56291	0.24163	0.00107	0.00897	0.00808	0.02508	0.00082
6	0.01092	0.00188	0.00310	0.89305	0.01616	0.00232	0.00283	0.01179	0.01746	0.01847	0.00196	0.00283	0.00147	0.00106	0.00104	0.00035	0.00137	0.00094	0.00979	0.00119
7	0.00178	0.00119	0.00153	0.00156	0.00185	0.00115	0.00126	0.01549	0.02304	0.04613	0.31513	0.03489	0.10029	0.01034	0.00130	0.00039	0.00072	0.35803	0.08290	0.00103
8	0.88708	0.00204	0.00164	0.00144	0.00210	0.00233	0.00118	0.02594	0.00194	0.06422	0.00166	0.00184	0.00125	0.00100	0.00069	0.00032	0.00083	0.00061	0.00070	0.00119
9	0.00162	0.00109	0.00138	0.00144	0.00167	0.00099	0.00752	0.00194	0.01762	0.07922	0.10581	0.46868	0.24024	0.01019	0.01270	0.00041	0.00066	0.04484	0.00101	0.00097
10	0.00135	0.00098	0.00124	0.00141	0.00152	0.00091	0.00096	0.01109	0.00213	0.00283	0.09315	0.69073	0.08771	0.08135	0.00165	0.00046	0.00064	0.01807	0.00097	0.00086
11	0.02571	0.00185	0.00242	0.00189	0.00267	0.00168	0.00156	0.06329	0.02721	0.81135	0.01808	0.00379	0.00274	0.00135	0.00106	0.00033	0.00090	0.02911	0.00125	0.00173
12	0.06554	0.00167	0.00207	0.00169	0.00231	0.00157	0.00136	0.06241	0.04329	0.49899	0.23184	0.00453	0.01611	0.00150	0.00106	0.00032	0.00078	0.00124	0.06023	0.00149
13	0.00139	0.00097	0.00128	0.00147	0.00157	0.00092	0.00100	0.00160	0.00208	0.02162	0.03156	0.80992	0.05382	0.01654	0.00141	0.00043	0.01471	0.02224	0.01461	0.00088
14	0.00202	0.00183	0.00307	0.89340	0.00688	0.00227	0.00281	0.00270	0.00210	0.02312	0.00196	0.00288	0.00149	0.00139	0.04760	0.00041	0.00146	0.00095	0.00049	0.00117
15	0.00397	0.00275	0.00301	0.00232	0.00313	0.00300	0.00191	0.81422	0.01749	0.09992	0.02047	0.00277	0.00205	0.00128	0.00105	0.00032	0.00110	0.00098	0.01651	0.00176
16	0.00219	0.00190	0.00305	0.23648	0.36212	0.00198	0.02413	0.02731	0.00235	0.03465	0.02007	0.12598	0.08015	0.01062	0.00122	0.01611	0.00111	0.04660	0.00067	0.00130
17	0.00280	0.00835	0.01907	0.06431	0.33805	0.01552	0.14811	0.04886	0.01280	0.16606	0.06190	0.03338	0.00256	0.01254	0.03879	0.00039	0.00877	0.00114	0.01511	0.00149

[dist]
# distance from previous block
# <min> <max>
2	4

[block]
# block no. 3 follows, 312 sequences, length 46
# corresponding to MSA columns:
# 1053-1066,1080-1085,1099-1108,1111-1126
name=unknown_D
#
# <colnr> <probs for GDERKNQSTAVLIFYWHMCP>
#	G	D	E	R	K	N	Q	S	T	A	V	L	I	F	Y	W	H	M	C	P
0	0.06175	0.00245	0.02120	0.02777	0.21791	0.00617	0.15849	0.21297	0.00304	0.22911	0.00266	0.00922	0.00193	0.00125	0.01863	0.00035	0.01084	0.00472	0.00793	0.00160
1	0.01104	0.00186	0.00214	0.00186	0.00240	0.00198	0.00146	0.04415	0.42078	0.15862	0.16635	0.01162	0.02366	0.01864	0.01153	0.01222	0.02597	0.02161	0.02428	0.03784
2	0.00144	0.00117	0.00126	0.00122	0.00157	0.00107	0.00092	0.00200	0.08943	0.00329	0.20389	0.00897	0.64652	0.00242	0.00122	0.00035	0.00056	0.01021	0.02151	0.00098
3	0.95421	0.00203	0.00156	0.00139	0.00204	0.00234	0.00115	0.00312	0.00181	0.02077	0.00151	0.00174	0.00116	0.00098	0.00066	0.00033	0.00081	0.00058	0.00066	0.00115
4	0.00148	0.00105	0.00135	0.00136	0.00158	0.00097	0.00099	0.00189	0.01011	0.02208	0.54792	0.26861	0.10843	0.00249	0.00126	0.00036	0.00055	0.01510	0.01147	0.00096
5	0.00166	0.00119	0.00165	0.00184	0.00208	0.00117	0.00158	0.00214	0.00249	0.00329	0.14234	0.02358	0.00662	0.00280	0.00142	0.00046	0.00090	0.80083	0.00100	0.00097
6	0.00140	0.00109	0.00124	0.00120	0.00151	0.00095	0.00090	0.00179	0.00860	0.01580	0.41710	0.00903	0.52370	0.00242	0.00124	0.00034	0.00053	0.00913	0.00106	0.00095
7	0.00265	0.00228	0.00240	0.00215	0.00275	0.00263	0.00167	0.03218	0.92795	0.00446	0.00423	0.00388	0.00317	0.00142	0.00107	0.00036	0.00084	0.00118	0.00107	0.00167
8	0.00472	0.00179	0.00244	0.00187	0.00268	0.00154	0.00154	0.00512	0.00301	0.95724	0.00415	0.00358	0.00260	0.00130	0.00106	0.00033	0.00089	0.00106	0.00130	0.00179
9	0.00400	0.00294	0.00315	0.00242	0.00326	0.00326	0.00200	0.95301	0.00494	0.00662	0.00252	0.00252	0.00179	0.00126	0.00105	0.00032	0.00116	0.00095	0.00105	0.00179
10	0.00230	0.00230	0.00322	0.00276	0.00276	0.00322	0.00230	0.00253	0.00161	0.00253	0.00138	0.00230	0.00138	0.00184	0.00345	0.00046	0.96114	0.00092	0.00046	0.00115
11	0.00393	0.00501	0.00298	0.00271	0.00325	0.95885	0.00203	0.00420	0.00298	0.00257	0.00162	0.00190	0.00135	0.00108	0.00095	0.00027	0.00190	0.00068	0.00054	0.00122
12	0.00227	0.02692	0.00920	0.01098	0.04365	0.00161	0.02836	0.00274	0.00221	0.02710	0.00835	0.01817	0.00172	0.00088	0.00089	0.00019	0.02330	0.00072	0.00063	0.79012
13	0.00232	0.00366	0.51757	0.00236	0.00346	0.00197	0.00269	0.01689	0.00245	0.11485	0.15176	0.00356	0.03886	0.00128	0.00110	0.00032	0.02812	0.00103	0.00070	0.10505
14	0.02145	0.03096	0.40994	0.01316	0.02988	0.00233	0.09326	0.08892	0.02185	0.02880	0.01576	0.00606	0.00669	0.01055	0.00687	0.00032	0.03669	0.00461	0.04712	0.12479
15	0.00277	0.92469	0.01414	0.00182	0.00270	0.00407	0.00181	0.00312	0.00212	0.00248	0.00149	0.00175	0.00138	0.00106	0.02092	0.00026	0.01106	0.00058	0.00045	0.00134
16	0.00393	0.00501	0.00298	0.00271	0.00325	0.95885	0.00203	0.00420	0.00298	0.00257	0.00162	0.00190	0.00135	0.00108	0.00095	0.00027	0.00190	0.00068	0.00054	0.00122
17	0.97049	0.00203	0.00154	0.00138	0.00203	0.00236	0.00114	0.00309	0.00179	0.00472	0.00146	0.00171	0.00114	0.00098	0.00065	0.00033	0.00081	0.00057	0.00065	0.00114
18	0.00149	0.00108	0.00136	0.00131	0.00157	0.00098	0.00099	0.00194	0.00283	0.01455	0.73304	0.05073	0.14269	0.00227	0.00124	0.00034	0.00052	0.02858	0.01150	0.00098
19	0.00260	0.00250	0.00427	0.00645	0.95651	0.00250	0.00323	0.00323	0.00239	0.00343	0.00198	0.00260	0.00166	0.00094	0.00104	0.00031	0.00125	0.00094	0.00052	0.00166
20	0.00137	0.00099	0.00123	0.00139	0.00155	0.00090	0.00097	0.00160	0.00217	0.02352	0.04920	0.64085	0.22278	0.01299	0.00135	0.00041	0.00061	0.03423	0.00099	0.00089
21	0.00193	0.00120	0.00150	0.00136	0.00172	0.00108	0.00105	0.01536	0.00288	0.13688	0.60809	0.00763	0.19749	0.00212	0.00121	0.00033	0.00057	0.00825	0.00824	0.00109
22	0.00275	0.87845	0.09021	0.00190	0.00286	0.00401	0.00198	0.00316	0.00214	0.00255	0.00150	0.00173	0.00135	0.00091	0.00070	0.00023	0.00116	0.00058	0.00045	0.00137
23	0.00844	0.00186	0.00216	0.00159	0.00246	0.00148	0.00127	0.03446	0.02462	0.01372	0.02880	0.00250	0.00190	0.00796	0.02112	0.00021	0.00083	0.00071	0.01158	0.83234
24	0.03285	0.10691	0.00562	0.08020	0.01992	0.06407	0.02102	0.10499	0.01143	0.01895	0.00810	0.15307	0.00370	0.01812	0.01629	0.00041	0.07021	0.26218	0.00078	0.00117
25	0.95692	0.00203	0.00156	0.00139	0.00204	0.00235	0.00114	0.00312	0.00181	0.01810	0.00150	0.00173	0.00116	0.00098	0.00066	0.00033	0.00081	0.00058	0.00066	0.00115
26	0.21009	0.06746	0.59781	0.00249	0.00372	0.01135	0.00841	0.01921	0.00221	0.04720	0.00756	0.00220	0.00143	0.00110	0.01335	0.00034	0.00134	0.00075	0.00054	0.00145
27	0.00169	0.00121	0.00169	0.00192	0.00216	0.00121	0.00168	0.00217	0.00243	0.00317	0.02568	0.01177	0.00613	0.00289	0.00145	0.00048	0.00096	0.92938	0.00097	0.00097
28	0.00133	0.00095	0.00127	0.00150	0.00158	0.00090	0.00104	0.00156	0.00211	0.00282	0.06804	0.80357	0.00703	0.01142	0.00138	0.00043	0.00064	0.09057	0.00098	0.00087
29	0.00667	0.06117	0.31710	0.00241	0.00332	0.02849	0.02448	0.07194	0.14523	0.11810	0.05753	0.02058	0.01232	0.00130	0.00123	0.00033	0.08451	0.00101	0.00551	0.03677
30	0.01882	0.00229	0.03360	0.01164	0.01364	0.01611	0.26242	0.07463	0.04681	0.14467	0.02476	0.02795	0.03844	0.00579	0.00108	0.00030	0.00114	0.03368	0.00079	0.24144
31	0.02709	0.13690	0.13419	0.00830	0.01254	0.03932	0.03267	0.35860	0.07155	0.13120	0.00712	0.01773	0.00973	0.00121	0.00101	0.00031	0.00713	0.00094	0.00086	0.00160
32	0.02225	0.00094	0.00138	0.00138	0.00140	0.00095	0.00093	0.00142	0.00140	0.00192	0.00192	0.01582	0.00194	0.00362	0.01228	0.91581	0.00092	0.01276	0.00047	0.00049
33	0.00211	0.00544	0.95762	0.00300	0.00455	0.00244	0.00388	0.00333	0.00222	0.00333	0.00189	0.00222	0.00133	0.00100	0.00100	0.00033	0.00155	0.00078	0.00044	0.00155
34	0.08340	0.01204	0.19376	0.02852	0.07957	0.00798	0.01555	0.11615	0.02844	0.14904	0.06082	0.01111	0.00990	0.00114	0.00098	0.00029	0.00447	0.00092	0.00078	0.19515
35	0.00172	0.00138	0.00189	0.00180	0.00192	0.00165	0.00137	0.01805	0.00182	0.00875	0.02696	0.12577	0.04805	0.14585	0.35109	0.02617	0.22371	0.01046	0.00065	0.00094
36	0.00935	0.00175	0.00233	0.00181	0.00257	0.00156	0.00149	0.04042	0.00302	0.81922	0.04494	0.00375	0.00289	0.00804	0.00108	0.00033	0.00087	0.00109	0.05182	0.00170
37	0.00264	0.08540	0.07583	0.00217	0.00285	0.04684	0.00687	0.03586	0.64878	0.01047	0.06410	0.00373	0.00320	0.00137	0.00104	0.00034	0.00096	0.00505	0.00095	0.00157
38	0.00280	0.07748	0.10018	0.08552	0.10315	0.04246	0.16219	0.05385	0.06429	0.14663	0.02643	0.03041	0.00769	0.00507	0.01982	0.00636	0.01341	0.01537	0.03547	0.00144
39	0.00138	0.00097	0.00126	0.00143	0.00155	0.00090	0.00098	0.00160	0.00212	0.02047	0.06465	0.72155	0.09290	0.04378	0.00150	0.00044	0.00063	0.04003	0.00098	0.00088
40	0.03130	0.00172	0.00227	0.00179	0.00251	0.00153	0.00147	0.02357	0.01565	0.75427	0.11766	0.00421	0.01350	0.00143	0.00107	0.00033	0.00084	0.01486	0.00836	0.00165
41	0.01033	0.01352	0.00299	0.01830	0.00327	0.86006	0.01140	0.00414	0.01551	0.02270	0.00174	0.00201	0.00142	0.00110	0.00099	0.00028	0.01568	0.00071	0.01263	0.00123
42	0.00877	0.00180	0.01756	0.00186	0.01138	0.00158	0.00152	0.04890	0.02337	0.71367	0.07046	0.02591	0.00790	0.00706	0.00108	0.00033	0.00086	0.00115	0.05320	0.00165
43	0.02224	0.06875	0.25583	0.06768	0.05678	0.03497	0.03272	0.13969	0.08382	0.04830	0.01101	0.01476	0.00832	0.00110	0.00098	0.00030	0.00498	0.00089	0.00068	0.14621
44	0.02600	0.27347	0.11404	0.00240	0.00325	0.12621	0.07728	0.10460	0.24126	0.00937	0.00246	0.01107	0.00193	0.00113	0.00094	0.00030	0.00124	0.00088	0.00070	0.00148
45	0.02054	0.22120	0.13102	0.01675	0.01167	0.04397	0.09036	0.09275	0.06849	0.07973	0.04321	0.05581	0.00600	0.00417	0.00652	0.00736	0.01597	0.00100	0.00071	0.08276

[dist]
# distance from previous block
# <min> <max>
14	31

[block]
# block no. 4 follows, 312 sequences, length 29
# corresponding to MSA columns:
# 1214-1242
name=unknown_E
#
# <colnr> <probs for GDERKNQSTAVLIFYWHMCP>
#	G	D	E	R	K	N	Q	S	T	A	V	L	I	F	Y	W	H	M	C	P
0	0.02566	0.03637	0.07936	0.03208	0.14440	0.02738	0.16078	0.04680	0.07479	0.12546	0.09197	0.03695	0.03357	0.00571	0.01058	0.00434	0.02500	0.00531	0.00936	0.02412
1	0.03016	0.10250	0.12533	0.02958	0.11434	0.02229	0.03089	0.09259	0.06534	0.03063	0.02133	0.00734	0.01258	0.00107	0.00452	0.00027	0.00771	0.00468	0.00067	0.29618
2	0.10986	0.00195	0.00237	0.00185	0.00263	0.00184	0.00152	0.12998	0.01569	0.57439	0.02521	0.00333	0.00246	0.00132	0.00991	0.00032	0.00092	0.01610	0.00111	0.09724
3	0.00271	0.01216	0.07755	0.15873	0.11586	0.16674	0.04970	0.14483	0.03670	0.01371	0.05213	0.02676	0.02185	0.04463	0.00663	0.00037	0.02664	0.02214	0.00982	0.01036
4	0.00144	0.00107	0.00134	0.00128	0.00154	0.00097	0.00096	0.00189	0.00286	0.00395	0.77393	0.02083	0.17954	0.00226	0.00124	0.00034	0.00050	0.00197	0.00112	0.00097
5	0.01103	0.00112	0.00139	0.01153	0.00158	0.00109	0.00814	0.00179	0.00219	0.02075	0.25481	0.12455	0.18344	0.28047	0.04189	0.01122	0.02833	0.01291	0.00088	0.00087
6	0.00151	0.00107	0.00133	0.00135	0.00157	0.00102	0.00099	0.00182	0.00224	0.03033	0.19728	0.17895	0.24393	0.09750	0.17650	0.00067	0.00102	0.02349	0.03652	0.00092
7	0.59128	0.00194	0.00190	0.00157	0.00229	0.00204	0.00130	0.00389	0.00227	0.37872	0.00252	0.00244	0.00171	0.00110	0.00081	0.00033	0.00084	0.00076	0.00091	0.00139
8	0.01150	0.00182	0.00296	0.62574	0.06023	0.00222	0.01675	0.00760	0.00207	0.00278	0.00222	0.00346	0.01043	0.00848	0.05705	0.02708	0.08138	0.05566	0.01943	0.00115
9	0.00281	0.96370	0.00551	0.00180	0.00270	0.00416	0.00180	0.00315	0.00214	0.00247	0.00146	0.00169	0.00135	0.00090	0.00067	0.00022	0.00112	0.00056	0.00045	0.00135
10	0.00269	0.00234	0.00242	0.00216	0.00276	0.02455	0.00168	0.03634	0.90194	0.00443	0.00416	0.00383	0.00312	0.00141	0.00107	0.00035	0.00087	0.00117	0.00106	0.00166
11	0.00198	0.00187	0.00315	0.96054	0.00724	0.00233	0.00292	0.00269	0.00210	0.00269	0.00187	0.00280	0.00140	0.00105	0.00105	0.00035	0.00140	0.00093	0.00047	0.00117
12	0.00988	0.01462	0.04311	0.01556	0.01642	0.00173	0.03096	0.08748	0.00941	0.08446	0.01791	0.01531	0.01110	0.00703	0.02454	0.00026	0.00800	0.00443	0.00554	0.59225
13	0.00380	0.00285	0.00309	0.00240	0.00318	0.00319	0.00198	0.83658	0.06189	0.00626	0.01514	0.00267	0.00196	0.00131	0.00117	0.00033	0.04849	0.00097	0.00102	0.00174
14	0.37321	0.00249	0.00245	0.01639	0.00277	0.00279	0.00163	0.52362	0.00356	0.02301	0.00217	0.00229	0.00158	0.00115	0.00089	0.00032	0.00100	0.00081	0.03640	0.00150
15	0.02274	0.04336	0.21956	0.01397	0.03976	0.01846	0.02275	0.04243	0.03678	0.06542	0.03970	0.06619	0.03676	0.00621	0.00112	0.00990	0.03723	0.00510	0.00400	0.26857
16	0.03151	0.00910	0.03297	0.12697	0.16169	0.01949	0.01327	0.18482	0.07859	0.16759	0.02726	0.01936	0.00811	0.01500	0.00874	0.00035	0.04700	0.01382	0.00490	0.02944
17	0.00129	0.00092	0.00123	0.00147	0.00153	0.00086	0.00099	0.00148	0.00201	0.00268	0.00574	0.92343	0.00687	0.02012	0.00141	0.00044	0.00063	0.02506	0.00097	0.00085
18	0.01555	0.00178	0.00208	0.00625	0.00230	0.00809	0.00140	0.26443	0.03907	0.16374	0.23849	0.13262	0.06770	0.01096	0.01374	0.00037	0.00490	0.01312	0.01208	0.00134
19	0.03450	0.05937	0.11001	0.06735	0.11494	0.05841	0.27696	0.06340	0.02736	0.12878	0.00243	0.00709	0.01001	0.00115	0.01246	0.00034	0.01104	0.00100	0.01191	0.00148
20	0.01710	0.00196	0.01755	0.00191	0.00265	0.00182	0.00158	0.17671	0.02373	0.60776	0.04169	0.05409	0.01642	0.00144	0.00107	0.00033	0.00090	0.00118	0.02847	0.00166
21	0.00214	0.00121	0.00157	0.00149	0.00181	0.00111	0.00110	0.01194	0.01968	0.20582	0.32483	0.33105	0.05366	0.02702	0.00133	0.00038	0.00065	0.00207	0.01002	0.00112
22	0.00559	0.00522	0.07194	0.06407	0.18632	0.01138	0.03792	0.02560	0.02155	0.07335	0.17213	0.09198	0.17579	0.00969	0.00120	0.00035	0.00844	0.02591	0.01030	0.00125
23	0.00291	0.50665	0.07968	0.04156	0.03983	0.03675	0.07533	0.02453	0.01128	0.11066	0.00207	0.01003	0.00171	0.00589	0.00095	0.00028	0.02325	0.01910	0.00614	0.00141
24	0.79094	0.00202	0.00173	0.00149	0.00217	0.00226	0.00123	0.03349	0.00208	0.15166	0.00191	0.00202	0.00138	0.00103	0.00073	0.00032	0.00084	0.00066	0.00076	0.00126
25	0.00166	0.00110	0.00135	0.00134	0.00161	0.00099	0.00098	0.00919	0.00254	0.08019	0.33684	0.27414	0.24475	0.02293	0.00133	0.00038	0.00058	0.00219	0.01493	0.00099
26	0.02229	0.06225	0.14020	0.05422	0.10084	0.04424	0.09180	0.16789	0.10874	0.09294	0.01887	0.02182	0.00907	0.01951	0.00116	0.00034	0.01880	0.01002	0.01351	0.00150
27	0.00363	0.00173	0.00218	0.00177	0.00240	0.00162	0.00142	0.13475	0.01818	0.52679	0.14623	0.06683	0.02448	0.00158	0.00109	0.00033	0.00082	0.00132	0.06132	0.00154
28	0.00175	0.00818	0.00150	0.00153	0.00177	0.00118	0.00113	0.01200	0.09300	0.05885	0.09390	0.39761	0.11148	0.07116	0.00158	0.00610	0.00071	0.11712	0.01844	0.00101

[dist]
# distance from previous block
# <min> <max>
2	17

[block]
# block no. 5 follows, 312 sequences, length 21
# corresponding to MSA columns:
# 1288-1308
name=unknown_F
#
# <colnr> <probs for GDERKNQSTAVLIFYWHMCP>
#	G	D	E	R	K	N	Q	S	T	A	V	L	I	F	Y	W	H	M	C	P
0	0.00215	0.02131	0.06397	0.06154	0.08720	0.02782	0.03615	0.03595	0.14399	0.00342	0.13207	0.07254	0.09907	0.00179	0.00688	0.00037	0.16267	0.03072	0.00912	0.00126
1	0.04209	0.69452	0.02187	0.00191	0.00274	0.06455	0.01058	0.03870	0.02932	0.02357	0.01713	0.02463	0.00171	0.00103	0.00078	0.00025	0.00799	0.00070	0.00055	0.01538
2	0.01311	0.01710	0.01457	0.01617	0.00629	0.00603	0.00660	0.03149	0.00998	0.05774	0.02292	0.07381	0.04415	0.20878	0.30872	0.01277	0.05215	0.05342	0.04323	0.00098
3	0.78428	0.01979	0.02447	0.00994	0.08323	0.00882	0.00143	0.00315	0.01748	0.01359	0.01884	0.00197	0.00140	0.00101	0.00074	0.00032	0.00703	0.00065	0.00065	0.00121
4	0.00143	0.00115	0.02113	0.00594	0.00824	0.00101	0.00730	0.00173	0.00225	0.00893	0.18888	0.46011	0.15697	0.06599	0.01341	0.00044	0.00813	0.01522	0.00095	0.03080
5	0.00161	0.00121	0.00169	0.02142	0.01963	0.00118	0.04401	0.00211	0.05409	0.01825	0.28590	0.38324	0.02226	0.06330	0.00152	0.00042	0.00072	0.05483	0.02162	0.00100
6	0.00278	0.00233	0.00257	0.00242	0.05862	0.00266	0.00179	0.10203	0.78840	0.01823	0.00396	0.00370	0.00296	0.00138	0.00107	0.00035	0.00089	0.00115	0.00104	0.00168
7	0.00261	0.00228	0.00252	0.00247	0.07580	0.00261	0.00178	0.00540	0.88166	0.00432	0.00410	0.00382	0.00309	0.00139	0.00107	0.00035	0.00086	0.00117	0.00103	0.00166
8	0.00220	0.00189	0.00219	0.00159	0.00250	0.00147	0.00127	0.00282	0.05794	0.00348	0.00201	0.00228	0.00165	0.00082	0.00080	0.00017	0.00078	0.00066	0.00065	0.91283
9	0.00236	0.00247	0.00507	0.00369	0.00462	0.00229	0.71755	0.00313	0.00248	0.02875	0.02659	0.00394	0.07614	0.00116	0.00121	0.00035	0.00151	0.04502	0.01367	0.05802
10	0.00129	0.00093	0.00123	0.00145	0.00152	0.00086	0.00097	0.00149	0.00208	0.00278	0.06123	0.88410	0.02976	0.00321	0.00133	0.00042	0.00060	0.00291	0.00099	0.00086
11	0.00228	0.00227	0.00318	0.00273	0.00274	0.00317	0.00227	0.00251	0.00161	0.00253	0.00142	0.00235	0.00141	0.00199	0.02759	0.00049	0.93693	0.00092	0.00046	0.00114
12	0.00160	0.00114	0.00163	0.00160	0.00172	0.00130	0.00119	0.00177	0.00161	0.00228	0.00268	0.00437	0.00265	0.17248	0.59822	0.14887	0.05238	0.00115	0.00055	0.00082
13	0.00178	0.00126	0.00174	0.03702	0.00217	0.01048	0.03612	0.01320	0.00235	0.05889	0.08272	0.26943	0.08973	0.04481	0.02318	0.00047	0.00088	0.30146	0.02132	0.00100
14	0.00157	0.00117	0.00147	0.00139	0.00166	0.00112	0.00104	0.00225	0.07964	0.00417	0.84299	0.02689	0.02637	0.00212	0.00123	0.00034	0.00053	0.00187	0.00114	0.00104
15	0.00204	0.00165	0.00261	0.42295	0.06340	0.00191	0.02823	0.00258	0.01382	0.03752	0.02103	0.05292	0.00241	0.00662	0.10959	0.04272	0.05136	0.03599	0.09953	0.00113
16	0.00268	0.00147	0.00182	0.06747	0.01311	0.01234	0.01838	0.05661	0.01284	0.20680	0.00348	0.00404	0.01235	0.00997	0.02073	0.00033	0.02013	0.04244	0.49175	0.00123
17	0.01257	0.00191	0.01606	0.23518	0.05610	0.00584	0.10044	0.05651	0.06590	0.06192	0.02911	0.07989	0.08296	0.01574	0.04902	0.03839	0.06413	0.01583	0.01127	0.00123
18	0.00383	0.00479	0.00295	0.00267	0.00320	0.88966	0.00201	0.02980	0.00297	0.00268	0.00168	0.00199	0.00141	0.00131	0.03055	0.00032	0.01572	0.00070	0.00055	0.00122
19	0.03260	0.06895	0.01480	0.04387	0.07400	0.00866	0.02105	0.03841	0.51264	0.01511	0.02401	0.03321	0.00286	0.01098	0.00116	0.00035	0.03965	0.00590	0.03777	0.01401
20	0.26170	0.04534	0.05809	0.04525	0.14539	0.08894	0.13002	0.05639	0.00786	0.03977	0.01423	0.03850	0.00983	0.00115	0.00100	0.00032	0.01905	0.01330	0.00065	0.02319

[dist]
# distance from previous block
# <min> <max>
4	27

[block]
# block no. 6 follows, 312 sequences, length 19
# corresponding to MSA columns:
# 1519-1528,1530,1537-1544
name=unknown_G
#
# <colnr> <probs for GDERKNQSTAVLIFYWHMCP>
#	G	D	E	R	K	N	Q	S	T	A	V	L	I	F	Y	W	H	M	C	P
0	0.00202	0.03677	0.59598	0.01002	0.02664	0.01334	0.01190	0.00294	0.00840	0.01333	0.09392	0.09485	0.04900	0.00143	0.00108	0.00034	0.01034	0.00870	0.00061	0.01840
1	0.00728	0.11252	0.36302	0.04056	0.05690	0.02269	0.08334	0.05137	0.01125	0.07864	0.03289	0.03128	0.00734	0.05150	0.00702	0.00036	0.01355	0.00099	0.00781	0.01970
2	0.65985	0.15217	0.01568	0.00164	0.00233	0.01380	0.04323	0.01196	0.00198	0.02015	0.03123	0.01306	0.00161	0.01797	0.00083	0.00032	0.00964	0.00070	0.00064	0.00119
3	0.00151	0.00112	0.00167	0.00167	0.00184	0.00130	0.00129	0.00185	0.00168	0.00241	0.00280	0.00417	0.00264	0.03140	0.90955	0.02778	0.00272	0.00113	0.00056	0.00092
4	0.00160	0.00121	0.00161	0.00158	0.00176	0.01964	0.01345	0.00192	0.01301	0.00879	0.05400	0.03120	0.03298	0.21631	0.56656	0.00129	0.00204	0.01618	0.01399	0.00090
5	0.00260	0.07629	0.26597	0.08324	0.17261	0.03924	0.11464	0.07819	0.04440	0.04558	0.00933	0.02027	0.00994	0.00670	0.01028	0.00034	0.01146	0.00680	0.00061	0.00149
6	0.00252	0.01094	0.02079	0.01745	0.62771	0.00938	0.09854	0.03018	0.02509	0.01818	0.02121	0.01966	0.00210	0.00148	0.05664	0.00041	0.01350	0.02208	0.00059	0.00154
7	0.00140	0.00100	0.00127	0.00142	0.00154	0.00094	0.00098	0.00162	0.00980	0.01751	0.02758	0.65756	0.11765	0.09890	0.01387	0.00049	0.00994	0.03472	0.00094	0.00087
8	0.04177	0.00223	0.00251	0.01989	0.00279	0.00916	0.00165	0.40761	0.08308	0.25110	0.06990	0.02319	0.03924	0.00142	0.00105	0.00032	0.00095	0.00114	0.03942	0.00160
9	0.07371	0.09094	0.08981	0.03990	0.12847	0.08483	0.07430	0.16606	0.09310	0.09526	0.01037	0.01646	0.00636	0.00117	0.00102	0.00032	0.01120	0.00582	0.00939	0.00151
10	0.11289	0.00203	0.00253	0.00196	0.00275	0.01324	0.03104	0.13616	0.00311	0.65875	0.00351	0.00318	0.00228	0.00124	0.00101	0.00032	0.00095	0.00099	0.02037	0.00168
11	0.00153	0.00103	0.00123	0.00123	0.00127	0.00105	0.00075	0.00159	0.00158	0.00215	0.00329	0.03368	0.00369	0.76530	0.14359	0.01490	0.00126	0.00149	0.01870	0.00069
12	0.02139	0.00921	0.02104	0.18742	0.21255	0.03509	0.02226	0.05450	0.09324	0.03574	0.09286	0.06095	0.07826	0.01359	0.00560	0.00036	0.00669	0.04290	0.00504	0.00132
13	0.03024	0.03511	0.09317	0.16086	0.22151	0.03967	0.08311	0.03988	0.02670	0.11208	0.00932	0.01794	0.01569	0.00563	0.00924	0.00034	0.02442	0.00100	0.07267	0.00142
14	0.03191	0.00114	0.00146	0.00151	0.00175	0.00107	0.00109	0.00996	0.01039	0.14431	0.08239	0.58664	0.05183	0.02678	0.00136	0.00041	0.00067	0.03496	0.00935	0.00103
15	0.00195	0.00592	0.00191	0.07881	0.00248	0.02246	0.01806	0.01473	0.11385	0.05070	0.11040	0.16923	0.09947	0.02146	0.01966	0.01490	0.02482	0.21060	0.01750	0.00110
16	0.06271	0.11640	0.05593	0.07072	0.22136	0.08306	0.07417	0.10986	0.04478	0.08221	0.01330	0.01597	0.00665	0.00115	0.00564	0.00032	0.00949	0.00875	0.00068	0.01686
17	0.25786	0.03952	0.03887	0.02916	0.03711	0.06941	0.10113	0.06747	0.05215	0.05501	0.01168	0.14624	0.00900	0.00161	0.01681	0.00037	0.02658	0.03801	0.00075	0.00127
18	0.03977	0.01088	0.00274	0.13136	0.14278	0.02826	0.05744	0.05648	0.08596	0.14495	0.08845	0.05983	0.08631	0.00155	0.00114	0.00739	0.00845	0.02658	0.01413	0.00557

[dist]
# distance from previous block
# <min> <max>
1	18

[block]
# block no. 7 follows, 312 sequences, length 24
# corresponding to MSA columns:
# 1586-1609
name=unknown_H
#
# <colnr> <probs for GDERKNQSTAVLIFYWHMCP>
#	G	D	E	R	K	N	Q	S	T	A	V	L	I	F	Y	W	H	M	C	P
0	0.15003	0.05829	0.04382	0.15682	0.08826	0.06423	0.01633	0.07655	0.04271	0.04966	0.01728	0.01198	0.02704	0.00111	0.00095	0.00029	0.01013	0.00495	0.00067	0.17892
1	0.01647	0.03488	0.03634	0.04934	0.12066	0.02429	0.03689	0.13004	0.06451	0.05559	0.03776	0.01329	0.02005	0.01283	0.00747	0.00032	0.13064	0.00097	0.01879	0.18885
2	0.00137	0.00100	0.00128	0.00141	0.00156	0.00093	0.00099	0.01383	0.00232	0.00311	0.22550	0.61173	0.10855	0.00293	0.00131	0.00040	0.00059	0.01930	0.00102	0.00090
3	0.00208	0.01098	0.00218	0.01059	0.16178	0.02736	0.00157	0.05108	0.14299	0.02088	0.14185	0.12888	0.14031	0.04372	0.04547	0.02021	0.01092	0.01967	0.01626	0.00121
4	0.00151	0.00108	0.00135	0.00130	0.00156	0.00098	0.00096	0.00191	0.00271	0.02540	0.63523	0.08480	0.16993	0.04638	0.01197	0.00039	0.00057	0.00993	0.00108	0.00096
5	0.00281	0.96370	0.00551	0.00180	0.00270	0.00416	0.00180	0.00315	0.00214	0.00247	0.00146	0.00169	0.00135	0.00090	0.00067	0.00022	0.00112	0.00056	0.00045	0.00135
6	0.36998	0.00148	0.00137	0.00125	0.00171	0.00159	0.00100	0.01283	0.00216	0.09957	0.00278	0.00315	0.00213	0.00116	0.00075	0.00029	0.00067	0.01476	0.48024	0.00113
7	0.02376	0.00184	0.00245	0.00188	0.00270	0.00164	0.00156	0.04737	0.00307	0.89601	0.00402	0.00349	0.00254	0.00129	0.00105	0.00032	0.00090	0.00104	0.00128	0.00178
8	0.01843	0.02207	0.00294	0.00261	0.00313	0.84644	0.00198	0.01793	0.00290	0.00271	0.00169	0.00198	0.00140	0.00111	0.00102	0.00028	0.03513	0.00070	0.03433	0.00122
9	0.97049	0.00203	0.00154	0.00138	0.00203	0.00236	0.00114	0.00309	0.00179	0.00472	0.00146	0.00171	0.00114	0.00098	0.00065	0.00033	0.00081	0.00057	0.00065	0.00114
10	0.00142	0.00107	0.00131	0.00125	0.00153	0.00096	0.00094	0.00185	0.00281	0.00383	0.68950	0.00849	0.27662	0.00229	0.00124	0.00034	0.00051	0.00199	0.00111	0.00096
11	0.97049	0.00203	0.00154	0.00138	0.00203	0.00236	0.00114	0.00309	0.00179	0.00472	0.00146	0.00171	0.00114	0.00098	0.00065	0.00033	0.00081	0.00057	0.00065	0.00114
12	0.27726	0.00184	0.00214	0.00172	0.00244	0.00179	0.00140	0.02642	0.00263	0.60348	0.01332	0.00317	0.00228	0.02581	0.02944	0.00038	0.00093	0.00094	0.00107	0.00154
13	0.03501	0.02281	0.10744	0.01399	0.05439	0.00153	0.02166	0.02083	0.00927	0.03231	0.02840	0.31195	0.06496	0.02660	0.00526	0.00035	0.00742	0.02081	0.00078	0.21422
14	0.01148	0.00234	0.01484	0.02621	0.66987	0.00230	0.02164	0.01075	0.01208	0.14631	0.01745	0.00311	0.00782	0.00114	0.00708	0.00033	0.01905	0.02392	0.00067	0.00162
15	0.01944	0.00107	0.00138	0.00151	0.00169	0.00101	0.00110	0.00190	0.01160	0.05396	0.13048	0.54399	0.07258	0.01817	0.00137	0.00042	0.00067	0.13571	0.00101	0.00095
16	0.00721	0.00844	0.13958	0.19701	0.20545	0.01814	0.07541	0.07479	0.03784	0.05275	0.02593	0.06036	0.01823	0.00132	0.00629	0.00417	0.02268	0.01134	0.00704	0.02603
17	0.01504	0.02821	0.40499	0.04569	0.10901	0.03836	0.03838	0.04269	0.02605	0.07271	0.05177	0.04210	0.02494	0.02435	0.01719	0.00037	0.01503	0.00105	0.00064	0.00144
18	0.00145	0.00103	0.00134	0.00152	0.00164	0.00099	0.00110	0.00172	0.00988	0.00971	0.03495	0.52424	0.03847	0.14035	0.00193	0.00052	0.00075	0.22661	0.00093	0.00087
19	0.01632	0.00266	0.16794	0.02586	0.12193	0.06418	0.08510	0.06569	0.02027	0.11873	0.05120	0.14019	0.06615	0.00160	0.00113	0.00034	0.00603	0.02454	0.01875	0.00137
20	0.01995	0.03039	0.15133	0.04893	0.28562	0.03150	0.05676	0.10527	0.02829	0.05287	0.00214	0.00253	0.00166	0.00105	0.00113	0.00031	0.05336	0.00088	0.01430	0.11172
21	0.01640	0.00187	0.01500	0.07017	0.02803	0.02651	0.01718	0.00270	0.04724	0.04631	0.01753	0.05807	0.02363	0.04808	0.32179	0.00090	0.17787	0.05967	0.01376	0.00729
22	0.00138	0.00099	0.00125	0.00140	0.00153	0.00092	0.00096	0.00160	0.00211	0.01521	0.06172	0.61662	0.14647	0.08557	0.00167	0.00046	0.00749	0.03976	0.01200	0.00087
23	0.17270	0.06032	0.06105	0.01867	0.11865	0.05660	0.07430	0.10137	0.02635	0.05558	0.00211	0.01496	0.00167	0.00110	0.01059	0.00030	0.01054	0.00082	0.00711	0.20521

[dist]
# distance from previous block
# <min> <max>
11	40

[block]
# block no. 8 follows, 312 sequences, length 18
# corresponding to MSA columns:
# 1679-1696
name=unknown_I
#
# <colnr> <probs for GDERKNQSTAVLIFYWHMCP>
#	G	D	E	R	K	N	Q	S	T	A	V	L	I	F	Y	W	H	M	C	P
0	0.19998	0.06938	0.09951	0.03390	0.04333	0.05873	0.13765	0.06752	0.00679	0.02544	0.00279	0.17597	0.00268	0.01122	0.00659	0.00036	0.00567	0.04217	0.00906	0.00126
1	0.00202	0.00107	0.00113	0.00109	0.00136	0.00106	0.00082	0.03019	0.00241	0.02628	0.13045	0.00439	0.00363	0.00135	0.00082	0.00026	0.00052	0.00110	0.78901	0.00102
2	0.97049	0.00203	0.00154	0.00138	0.00203	0.00236	0.00114	0.00309	0.00179	0.00472	0.00146	0.00171	0.00114	0.00098	0.00065	0.00033	0.00081	0.00057	0.00065	0.00114
3	0.00467	0.00186	0.00248	0.00190	0.00272	0.00165	0.00157	0.06426	0.00313	0.89793	0.00404	0.00351	0.00255	0.00130	0.00106	0.00032	0.00091	0.00105	0.00129	0.00179
4	0.00274	0.86280	0.10576	0.00192	0.00289	0.00398	0.00202	0.00317	0.00214	0.00256	0.00151	0.00174	0.00135	0.00091	0.00071	0.00024	0.00117	0.00058	0.00045	0.00137
5	0.00161	0.00122	0.00155	0.00151	0.00159	0.01570	0.00105	0.00178	0.00162	0.00225	0.00294	0.00535	0.00312	0.48802	0.39576	0.00124	0.07099	0.00131	0.00059	0.00081
6	0.00148	0.00107	0.00139	0.00132	0.00157	0.00099	0.00099	0.00196	0.00294	0.00415	0.91335	0.02886	0.03161	0.00219	0.00124	0.00033	0.00050	0.00193	0.00115	0.00099
7	0.00256	0.00260	0.00485	0.00584	0.67099	0.00255	0.28828	0.00327	0.00242	0.00341	0.00202	0.00267	0.00164	0.00092	0.00110	0.00032	0.00141	0.00103	0.00052	0.00159
8	0.00232	0.00194	0.00263	0.00314	0.28869	0.00202	0.00190	0.08214	0.22805	0.01487	0.27951	0.01845	0.05265	0.00157	0.00112	0.00033	0.00087	0.00842	0.00794	0.00142
9	0.06671	0.01942	0.20450	0.03563	0.06544	0.05929	0.24812	0.03649	0.03506	0.01785	0.00220	0.03011	0.00183	0.00688	0.01274	0.00038	0.13016	0.02524	0.00058	0.00138
10	0.00236	0.00256	0.00524	0.09099	0.12373	0.00247	0.65846	0.00315	0.00243	0.00330	0.02723	0.01421	0.03548	0.00104	0.00121	0.00035	0.00963	0.00124	0.00056	0.01437
11	0.02184	0.00209	0.00951	0.17516	0.34913	0.01600	0.07904	0.02292	0.04414	0.02890	0.11181	0.02890	0.03159	0.00134	0.00111	0.00034	0.00642	0.03893	0.02945	0.00137
12	0.00816	0.00165	0.00736	0.00642	0.00233	0.00787	0.01329	0.02155	0.02124	0.22471	0.04960	0.16104	0.03673	0.01761	0.01391	0.00668	0.01338	0.04098	0.00678	0.33871
13	0.00226	0.00191	0.00228	0.00164	0.00257	0.00147	0.02006	0.02356	0.00226	0.01834	0.00192	0.00222	0.00158	0.00080	0.00080	0.00017	0.00081	0.00065	0.00064	0.91407
14	0.01170	0.04394	0.07453	0.08794	0.06243	0.01234	0.08694	0.04519	0.07637	0.09395	0.05406	0.04605	0.02571	0.00132	0.00593	0.00031	0.05501	0.00932	0.01441	0.19255
15	0.58939	0.00767	0.00872	0.00947	0.01508	0.04015	0.00560	0.11571	0.03918	0.01287	0.02906	0.02274	0.01073	0.00130	0.00101	0.05030	0.01595	0.00945	0.00943	0.00619
16	0.00931	0.00133	0.00163	0.00160	0.01053	0.00836	0.01374	0.07394	0.02230	0.00314	0.08995	0.18241	0.10013	0.22027	0.08134	0.00063	0.00100	0.12613	0.00879	0.04347
17	0.09631	0.16147	0.14179	0.02328	0.12378	0.02048	0.04179	0.07117	0.07548	0.06978	0.01689	0.00695	0.01423	0.01086	0.00107	0.00031	0.03731	0.00621	0.00067	0.08017

[dist]
# distance from previous block
# <min> <max>
1	20

[block]
# block no. 9 follows, 312 sequences, length 21
# corresponding to MSA columns:
# 1717-1737
name=unknown_J
#
# <colnr> <probs for GDERKNQSTAVLIFYWHMCP>
#	G	D	E	R	K	N	Q	S	T	A	V	L	I	F	Y	W	H	M	C	P
0	0.01577	0.02453	0.01806	0.01695	0.03964	0.02280	0.01291	0.06386	0.02030	0.14366	0.10505	0.04316	0.01106	0.00130	0.01048	0.00027	0.01340	0.01002	0.00492	0.42185
1	0.47695	0.03779	0.03011	0.01363	0.02327	0.16395	0.00571	0.01908	0.01826	0.02270	0.00217	0.05813	0.00194	0.01101	0.01338	0.00449	0.01701	0.04480	0.02356	0.01207
2	0.05951	0.11253	0.24838	0.01983	0.06371	0.01092	0.11287	0.04234	0.06101	0.07536	0.03365	0.03873	0.05531	0.00137	0.01281	0.00034	0.02232	0.01394	0.00068	0.01440
3	0.00201	0.00184	0.00306	0.76789	0.07683	0.00224	0.00274	0.00969	0.00212	0.00278	0.00208	0.02971	0.00170	0.00138	0.02770	0.01546	0.01861	0.01268	0.01831	0.00118
4	0.03510	0.00120	0.00131	0.00125	0.00154	0.00691	0.00095	0.04739	0.00841	0.04500	0.03403	0.02483	0.01870	0.01517	0.08189	0.04257	0.00840	0.01685	0.60746	0.00103
5	0.00298	0.00134	0.00165	0.00142	0.00189	0.00124	0.00112	0.02296	0.00265	0.37613	0.10512	0.04834	0.02265	0.00148	0.00096	0.00030	0.00067	0.00122	0.40457	0.00131
6	0.00394	0.00285	0.00307	0.00238	0.00320	0.00314	0.00196	0.85179	0.06543	0.04739	0.00270	0.00266	0.00191	0.00127	0.00105	0.00032	0.00112	0.00097	0.00106	0.00178
7	0.00141	0.00099	0.00121	0.00130	0.00137	0.00096	0.00083	0.00155	0.00188	0.00251	0.07800	0.36460	0.06370	0.42977	0.04459	0.00073	0.00087	0.00213	0.00082	0.00077
8	0.00281	0.96370	0.00551	0.00180	0.00270	0.00416	0.00180	0.00315	0.00214	0.00247	0.00146	0.00169	0.00135	0.00090	0.00067	0.00022	0.00112	0.00056	0.00045	0.00135
9	0.97049	0.00203	0.00154	0.00138	0.00203	0.00236	0.00114	0.00309	0.00179	0.00472	0.00146	0.00171	0.00114	0.00098	0.00065	0.00033	0.00081	0.00057	0.00065	0.00114
10	0.00281	0.96370	0.00551	0.00180	0.00270	0.00416	0.00180	0.00315	0.00214	0.00247	0.00146	0.00169	0.00135	0.00090	0.00067	0.00022	0.00112	0.00056	0.00045	0.00135
11	0.02770	0.00180	0.00240	0.00185	0.00265	0.00158	0.00153	0.01869	0.00299	0.90473	0.00405	0.00352	0.00256	0.00129	0.00104	0.00032	0.00089	0.00104	0.01760	0.00176
12	0.00281	0.96370	0.00551	0.00180	0.00270	0.00416	0.00180	0.00315	0.00214	0.00247	0.00146	0.00169	0.00135	0.00090	0.00067	0.00022	0.00112	0.00056	0.00045	0.00135
13	0.00198	0.00187	0.00315	0.96054	0.00724	0.00233	0.00292	0.00269	0.00210	0.00269	0.00187	0.00280	0.00140	0.00105	0.00105	0.00035	0.00140	0.00093	0.00047	0.00117
14	0.00131	0.00102	0.00116	0.00122	0.00147	0.00090	0.00088	0.00159	0.00236	0.00303	0.16233	0.28791	0.48776	0.01921	0.00133	0.00038	0.00056	0.00235	0.02233	0.00089
15	0.00145	0.00107	0.00136	0.00132	0.00158	0.00098	0.00100	0.00189	0.00280	0.00385	0.70097	0.05889	0.16299	0.00233	0.00126	0.00035	0.00053	0.05332	0.00111	0.00097
16	0.00151	0.00111	0.00159	0.00159	0.00174	0.00126	0.00119	0.00181	0.00166	0.00237	0.00291	0.00464	0.00285	0.18408	0.78300	0.00157	0.00248	0.00120	0.00058	0.00088
17	0.00160	0.00116	0.00155	0.00151	0.00163	0.00130	0.00108	0.02293	0.00169	0.00236	0.00294	0.00514	0.00304	0.40123	0.49333	0.01914	0.03566	0.00128	0.00060	0.00083
18	0.00172	0.00125	0.00169	0.02732	0.00194	0.00140	0.00124	0.04338	0.02732	0.01334	0.02404	0.02549	0.01532	0.18407	0.54842	0.03937	0.01868	0.00125	0.02182	0.00094
19	0.01017	0.00185	0.02202	0.03004	0.06753	0.06294	0.03440	0.03036	0.09431	0.05731	0.18892	0.13180	0.08747	0.03597	0.01536	0.00889	0.03199	0.00718	0.05007	0.03147
20	0.04517	0.55701	0.02391	0.03079	0.02753	0.05536	0.01650	0.05682	0.03726	0.03519	0.01188	0.02953	0.01147	0.00108	0.00083	0.00026	0.00703	0.00551	0.00059	0.04629

[dist]
# distance from previous block
# <min> <max>
0	37

[block]
# block no. 10 follows, 312 sequences, length 16
# corresponding to MSA columns:
# 1797-1812
name=unknown_K
#
# <colnr> <probs for GDERKNQSTAVLIFYWHMCP>
#	G	D	E	R	K	N	Q	S	T	A	V	L	I	F	Y	W	H	M	C	P
0	0.37725	0.04735	0.02440	0.02674	0.05157	0.10678	0.01321	0.14446	0.07103	0.03465	0.00718	0.02354	0.00876	0.00586	0.00091	0.00032	0.00854	0.00749	0.02387	0.01609
1	0.09962	0.01743	0.03528	0.06088	0.20115	0.05565	0.11058	0.08472	0.07003	0.03760	0.05793	0.00996	0.01487	0.00137	0.00905	0.00037	0.08309	0.00661	0.04235	0.00146
2	0.00154	0.00105	0.00122	0.00124	0.01037	0.00102	0.00075	0.00161	0.00173	0.01268	0.03443	0.04859	0.11102	0.70592	0.01390	0.02740	0.00094	0.02316	0.00071	0.00071
3	0.01089	0.09692	0.05431	0.14270	0.02290	0.02154	0.02920	0.02287	0.01167	0.01666	0.05261	0.00298	0.00208	0.05222	0.01368	0.00042	0.40233	0.00098	0.04181	0.00120
4	0.00134	0.00096	0.00129	0.00154	0.00163	0.00091	0.00109	0.00157	0.00208	0.00275	0.00576	0.81485	0.00681	0.00323	0.00136	0.00044	0.00067	0.14989	0.00097	0.00087
5	0.00136	0.00101	0.00132	0.00145	0.00158	0.00094	0.01508	0.00162	0.01344	0.00287	0.10805	0.64580	0.11193	0.06155	0.00156	0.00044	0.00064	0.02751	0.00097	0.00088
6	0.00281	0.96370	0.00551	0.00180	0.00270	0.00416	0.00180	0.00315	0.00214	0.00247	0.00146	0.00169	0.00135	0.00090	0.00067	0.00022	0.00112	0.00056	0.00045	0.00135
7	0.97049	0.00203	0.00154	0.00138	0.00203	0.00236	0.00114	0.00309	0.00179	0.00472	0.00146	0.00171	0.00114	0.00098	0.00065	0.00033	0.00081	0.00057	0.00065	0.00114
8	0.00281	0.96370	0.00551	0.00180	0.00270	0.00416	0.00180	0.00315	0.00214	0.00247	0.00146	0.00169	0.00135	0.00090	0.00067	0.00022	0.00112	0.00056	0.00045	0.00135
9	0.00244	0.00231	0.00391	0.23317	0.70471	0.00242	0.00308	0.00308	0.00232	0.00327	0.00199	0.00268	0.00163	0.00097	0.00103	0.00032	0.00126	0.00094	0.02694	0.00153
10	0.00127	0.00107	0.00109	0.00110	0.00144	0.00090	0.00083	0.00154	0.00238	0.00286	0.03108	0.02574	0.87387	0.02262	0.00133	0.00037	0.00055	0.02809	0.00097	0.00089
