[name]
unknown

[dist]
# distance from previous block
# <min> <max>
0	347

[block]
# block no. 0 follows, 245 sequences, length 31
# corresponding to MSA columns:
# 551-581
name=unknown_A
#
# <colnr> <probs for GDERKNQSTAVLIFYWHMCP>
#	G	D	E	R	K	N	Q	S	T	A	V	L	I	F	Y	W	H	M	C	P
0	0.00214	0.00146	0.00187	0.00175	0.00211	0.00137	0.00132	0.01733	0.02947	0.05483	0.74437	0.07810	0.03581	0.00285	0.01893	0.00046	0.00074	0.00237	0.00142	0.00132
1	0.00273	0.00234	0.00273	0.00195	0.00312	0.00176	0.00156	0.00332	0.00273	0.00429	0.00234	0.00273	0.00195	0.00098	0.00098	0.00020	0.00098	0.00078	0.00078	0.96178
2	0.00211	0.00160	0.00211	0.00208	0.00227	0.02003	0.00155	0.02136	0.00233	0.01947	0.02641	0.14381	0.00450	0.18532	0.47472	0.00145	0.06788	0.01900	0.00084	0.00116
3	0.00284	0.08400	0.82045	0.00366	0.02268	0.00320	0.00454	0.00423	0.00281	0.03642	0.00242	0.00279	0.00173	0.00125	0.00122	0.00041	0.00187	0.00097	0.00060	0.00194
4	0.01362	0.00303	0.05048	0.01361	0.01819	0.06401	0.16202	0.14434	0.09411	0.04258	0.05514	0.12079	0.08075	0.00817	0.00177	0.00046	0.09796	0.02007	0.00724	0.00166
5	0.00181	0.00130	0.00172	0.00190	0.00202	0.00131	0.00131	0.01135	0.01312	0.01621	0.01240	0.69868	0.02981	0.07584	0.09137	0.00073	0.03369	0.00318	0.00113	0.00111
6	0.00361	0.00416	0.03664	0.25211	0.30903	0.34521	0.00339	0.00428	0.00316	0.00365	0.00237	0.00322	0.00195	0.00133	0.00127	0.00039	0.00191	0.01995	0.00065	0.00170
7	0.00314	0.00291	0.00482	0.25689	0.61566	0.00309	0.00380	0.05024	0.00306	0.01378	0.00257	0.00352	0.00210	0.00129	0.00135	0.00041	0.01207	0.01670	0.00069	0.00191
8	0.00355	0.00298	0.01681	0.15758	0.14308	0.05722	0.08374	0.14249	0.12812	0.10527	0.07654	0.02506	0.02140	0.00933	0.00147	0.00043	0.02065	0.00143	0.00102	0.00183
9	0.00239	0.00159	0.00188	0.00178	0.00201	0.02403	0.01417	0.00265	0.02227	0.09676	0.02169	0.08092	0.09189	0.52781	0.05290	0.00100	0.01597	0.03621	0.00098	0.00110
10	0.00260	0.00245	0.00415	0.81641	0.14237	0.00295	0.00371	0.00346	0.00268	0.00350	0.00236	0.00347	0.00180	0.00130	0.00131	0.00043	0.00173	0.00117	0.00059	0.00155
11	0.01236	0.05027	0.04899	0.00877	0.01132	0.06318	0.01014	0.11514	0.19312	0.30232	0.04859	0.05995	0.02907	0.00186	0.00140	0.00042	0.02287	0.01049	0.00783	0.00192
12	0.00855	0.00853	0.01811	0.09602	0.00443	0.09116	0.07051	0.29776	0.04333	0.28245	0.01680	0.00385	0.00270	0.00160	0.00601	0.00041	0.01275	0.01067	0.02236	0.00198
13	0.00311	0.00335	0.00660	0.03784	0.11748	0.01359	0.63156	0.01022	0.03261	0.01092	0.00272	0.02035	0.00216	0.00133	0.00179	0.00045	0.09997	0.00148	0.00069	0.00177
14	0.00311	0.00289	0.00470	0.24398	0.60026	0.01976	0.00370	0.03066	0.00303	0.01845	0.03485	0.00359	0.00240	0.00147	0.02132	0.00044	0.00163	0.00122	0.00070	0.00188
15	0.02064	0.00734	0.01541	0.00285	0.00344	0.14162	0.04840	0.08915	0.06205	0.10155	0.08648	0.09256	0.07363	0.01492	0.09584	0.00067	0.10525	0.03138	0.00511	0.00171
16	0.00183	0.00136	0.00158	0.00159	0.00195	0.00121	0.00118	0.00227	0.01694	0.03513	0.23568	0.18378	0.45503	0.02231	0.00168	0.00047	0.00072	0.03282	0.00128	0.00118
17	0.00311	0.51542	0.44243	0.00295	0.00445	0.00421	0.00346	0.00405	0.00272	0.00359	0.00208	0.00242	0.00168	0.00118	0.00103	0.00034	0.00166	0.00083	0.00056	0.00181
18	0.00285	0.06134	0.03918	0.46395	0.35455	0.00311	0.00366	0.01532	0.00281	0.00378	0.00248	0.02020	0.00203	0.00145	0.01763	0.00044	0.00168	0.00119	0.00063	0.00172
19	0.00287	0.15819	0.63063	0.00340	0.02162	0.00327	0.01564	0.00413	0.02972	0.03502	0.03103	0.03789	0.00239	0.00142	0.00127	0.00040	0.01748	0.00111	0.00067	0.00186
20	0.01375	0.00183	0.00228	0.00222	0.01724	0.00185	0.02592	0.06908	0.13466	0.03070	0.20112	0.16480	0.09051	0.07815	0.00195	0.00054	0.00099	0.15012	0.01089	0.00141
21	0.04555	0.00331	0.05151	0.01971	0.02008	0.06501	0.03280	0.32643	0.12648	0.17463	0.00395	0.02553	0.02316	0.00531	0.00140	0.00042	0.02805	0.00939	0.03530	0.00197
22	0.02386	0.01136	0.01961	0.03297	0.03280	0.08910	0.02298	0.06842	0.04242	0.19328	0.05752	0.03608	0.01619	0.06443	0.03015	0.01215	0.23340	0.01066	0.00099	0.00164
23	0.00203	0.01365	0.00179	0.00172	0.00203	0.00134	0.00127	0.02927	0.00331	0.02995	0.47161	0.27320	0.08322	0.01108	0.00157	0.00045	0.00072	0.00865	0.06191	0.00124
24	0.01576	0.00308	0.04352	0.01999	0.02807	0.08722	0.14303	0.08279	0.21175	0.08582	0.10541	0.05614	0.05273	0.00192	0.00152	0.00043	0.03689	0.02107	0.00110	0.00175
25	0.04363	0.03275	0.00390	0.00345	0.09267	0.11290	0.07451	0.26113	0.15057	0.07767	0.01279	0.00993	0.02166	0.00171	0.00137	0.00042	0.01373	0.07391	0.00109	0.01022
26	0.09847	0.00704	0.04860	0.00255	0.02045	0.02547	0.01883	0.12815	0.12108	0.27786	0.10294	0.10283	0.00437	0.00194	0.00138	0.00042	0.01804	0.00159	0.01613	0.00184
27	0.02992	0.00187	0.00239	0.00781	0.01733	0.00778	0.02846	0.05759	0.05006	0.16831	0.32759	0.10510	0.11341	0.01573	0.00591	0.00046	0.00730	0.05015	0.00133	0.00151
28	0.07572	0.03363	0.05357	0.05244	0.02684	0.14810	0.01439	0.19940	0.03697	0.25539	0.00961	0.04207	0.01434	0.00160	0.00127	0.00040	0.00621	0.00125	0.00465	0.02218
29	0.00324	0.25648	0.39958	0.00775	0.06163	0.02289	0.01890	0.04706	0.01332	0.07235	0.04255	0.04328	0.00262	0.00144	0.00119	0.00038	0.00159	0.00114	0.00076	0.00184
30	0.01420	0.00160	0.01016	0.00196	0.00235	0.00149	0.00147	0.02866	0.03272	0.17226	0.11010	0.43256	0.09238	0.01370	0.02075	0.00052	0.00709	0.03584	0.01881	0.00139

[dist]
# distance from previous block
# <min> <max>
3	194

[block]
# block no. 1 follows, 245 sequences, length 9
# corresponding to MSA columns:
# 790-798
name=unknown_B
#
# <colnr> <probs for GDERKNQSTAVLIFYWHMCP>
#	G	D	E	R	K	N	Q	S	T	A	V	L	I	F	Y	W	H	M	C	P
0	0.02686	0.01592	0.02088	0.07123	0.05973	0.02060	0.02578	0.06993	0.06929	0.17516	0.18862	0.03166	0.05671	0.01900	0.00150	0.00042	0.01890	0.02137	0.01246	0.09398
1	0.14099	0.17125	0.16540	0.01869	0.05435	0.06986	0.09008	0.10197	0.03236	0.06486	0.00271	0.02487	0.00217	0.01856	0.01088	0.00042	0.01476	0.00109	0.00082	0.01391
2	0.01536	0.30056	0.24032	0.03326	0.02621	0.04748	0.06355	0.08354	0.05295	0.07231	0.01458	0.02918	0.00232	0.00140	0.00120	0.00038	0.01166	0.00110	0.00079	0.00183
3	0.00328	0.00188	0.00249	0.02678	0.00291	0.00177	0.02977	0.02892	0.07104	0.28560	0.22256	0.12250	0.11092	0.01317	0.00153	0.00045	0.00097	0.04428	0.00136	0.02783
4	0.00304	0.01190	0.02551	0.01578	0.02530	0.10199	0.01540	0.10903	0.09744	0.06944	0.26724	0.14152	0.04026	0.00243	0.00999	0.00044	0.01461	0.02752	0.01962	0.00156
5	0.02293	0.04725	0.07839	0.06820	0.22379	0.05412	0.07731	0.12230	0.04828	0.06148	0.03922	0.02081	0.00277	0.01192	0.00148	0.00860	0.03382	0.01279	0.01282	0.05173
6	0.02358	0.01632	0.04216	0.03110	0.03282	0.03428	0.04615	0.09947	0.08712	0.11716	0.04486	0.20152	0.04713	0.01913	0.00188	0.03474	0.07552	0.02911	0.01437	0.00159
7	0.00169	0.00126	0.00156	0.00174	0.00192	0.00117	0.00120	0.00206	0.03618	0.00354	0.05954	0.63547	0.19479	0.02726	0.00184	0.02240	0.00077	0.00329	0.00121	0.00111
8	0.10586	0.49611	0.08220	0.01686	0.03189	0.06277	0.01492	0.04458	0.05081	0.00397	0.01708	0.00305	0.04370	0.00134	0.00102	0.00034	0.00142	0.00095	0.00072	0.02044

[dist]
# distance from previous block
# <min> <max>
0	3

[block]
# block no. 2 follows, 245 sequences, length 13
# corresponding to MSA columns:
# 802-814
name=unknown_C
#
# <colnr> <probs for GDERKNQSTAVLIFYWHMCP>
#	G	D	E	R	K	N	Q	S	T	A	V	L	I	F	Y	W	H	M	C	P
0	0.26875	0.00353	0.12833	0.01684	0.08199	0.10231	0.03063	0.09108	0.05441	0.09171	0.04386	0.03316	0.00277	0.02833	0.00136	0.00043	0.00871	0.00118	0.00890	0.00172
1	0.00203	0.00143	0.00190	0.00195	0.00226	0.00135	0.02241	0.02100	0.00311	0.02605	0.24351	0.30586	0.09654	0.00326	0.00160	0.00049	0.00086	0.20647	0.05668	0.00122
2	0.01516	0.00207	0.06019	0.00209	0.02587	0.05478	0.00163	0.01404	0.03518	0.02178	0.35217	0.17820	0.19144	0.00285	0.00159	0.02277	0.00092	0.01475	0.00121	0.00131
3	0.10236	0.04091	0.36419	0.02551	0.08485	0.03141	0.03560	0.06388	0.06543	0.10315	0.02725	0.01333	0.00247	0.00786	0.02586	0.00046	0.00163	0.00114	0.00085	0.00187
4	0.00288	0.00304	0.05772	0.36948	0.40787	0.02021	0.05661	0.00372	0.00284	0.00386	0.00279	0.00366	0.03572	0.00134	0.00139	0.00042	0.02282	0.00123	0.00064	0.00176
5	0.00190	0.00130	0.00167	0.00182	0.00203	0.00122	0.00129	0.00233	0.02726	0.03961	0.17110	0.59136	0.08061	0.00358	0.00162	0.00050	0.00077	0.04599	0.02288	0.00118
6	0.01396	0.03785	0.12299	0.07285	0.13428	0.03801	0.19631	0.12294	0.04643	0.03026	0.00935	0.03796	0.02493	0.01896	0.00733	0.00045	0.05104	0.02241	0.00988	0.00179
7	0.21827	0.00277	0.02759	0.02826	0.07523	0.04836	0.06218	0.09035	0.11060	0.08431	0.08930	0.02996	0.02431	0.06604	0.01034	0.00049	0.00968	0.01929	0.00103	0.00165
8	0.00181	0.00122	0.00160	0.00182	0.00194	0.00114	0.00124	0.00206	0.00257	0.03717	0.03288	0.74612	0.02591	0.09790	0.00216	0.00060	0.00084	0.03872	0.00120	0.00110
9	0.02366	0.00324	0.00548	0.04088	0.74467	0.03275	0.12182	0.00407	0.00301	0.00426	0.00247	0.00325	0.00204	0.00118	0.00132	0.00040	0.00167	0.00120	0.00066	0.00199
10	0.00276	0.00302	0.10654	0.63955	0.11774	0.02015	0.02196	0.02277	0.00284	0.02428	0.02449	0.00354	0.00208	0.00133	0.00132	0.00043	0.00173	0.00118	0.00065	0.00162
11	0.00317	0.00328	0.05821	0.07734	0.82359	0.00311	0.00406	0.00400	0.00296	0.00422	0.00246	0.00325	0.00204	0.00119	0.00130	0.00040	0.00160	0.00116	0.00064	0.00203
12	0.00324	0.00179	0.00226	0.00208	0.00258	0.00169	0.00158	0.11098	0.00341	0.25890	0.08253	0.38687	0.04885	0.00292	0.00159	0.02193	0.00095	0.03702	0.01765	0.01119

[dist]
# distance from previous block
# <min> <max>
8	50

[block]
# block no. 3 follows, 245 sequences, length 16
# corresponding to MSA columns:
# 870-879,892-897
name=unknown_D
#
# <colnr> <probs for GDERKNQSTAVLIFYWHMCP>
#	G	D	E	R	K	N	Q	S	T	A	V	L	I	F	Y	W	H	M	C	P
0	0.02438	0.01820	0.01896	0.02046	0.02426	0.01254	0.10810	0.13871	0.13422	0.15288	0.07281	0.02066	0.03927	0.03184	0.10661	0.00063	0.02317	0.00150	0.04906	0.00174
1	0.03254	0.00202	0.01608	0.00225	0.00288	0.00190	0.04643	0.03468	0.06138	0.29532	0.06464	0.18966	0.15966	0.01071	0.00160	0.00046	0.03347	0.02666	0.01603	0.00162
2	0.03991	0.07176	0.06442	0.08924	0.18821	0.04847	0.17926	0.08181	0.06058	0.07388	0.00290	0.01025	0.00228	0.00155	0.01713	0.00044	0.05203	0.01322	0.00082	0.00184
3	0.00274	0.00224	0.00312	0.26501	0.06476	0.03908	0.03565	0.04954	0.02075	0.06607	0.23624	0.07944	0.06661	0.00210	0.00149	0.00043	0.02208	0.02278	0.00674	0.01312
4	0.00261	0.00167	0.00187	0.00181	0.00222	0.00169	0.00138	0.10262	0.07161	0.04039	0.04106	0.18544	0.10021	0.01266	0.00137	0.00043	0.00084	0.07766	0.35107	0.00139
5	0.00306	0.02170	0.00495	0.30186	0.51518	0.01793	0.06464	0.00386	0.00289	0.02162	0.00254	0.01803	0.00208	0.00128	0.00135	0.00041	0.01289	0.00122	0.00066	0.00183
6	0.00347	0.00285	0.07404	0.21039	0.09618	0.01730	0.08462	0.03977	0.05980	0.21158	0.06003	0.03513	0.03788	0.01094	0.00155	0.00044	0.04206	0.00918	0.00100	0.00178
7	0.00259	0.00240	0.00395	0.91005	0.00886	0.00297	0.00361	0.04346	0.00278	0.00358	0.00238	0.00350	0.00178	0.00133	0.00132	0.00044	0.00174	0.00117	0.00062	0.00150
8	0.00194	0.00139	0.00172	0.00181	0.00206	0.00133	0.00129	0.03159	0.04080	0.02650	0.15164	0.50550	0.15229	0.04395	0.01263	0.00054	0.00083	0.01974	0.00125	0.00120
9	0.01885	0.32989	0.22920	0.02222	0.04821	0.06147	0.10403	0.04272	0.02163	0.03531	0.01208	0.00326	0.01658	0.00136	0.00124	0.00038	0.02565	0.02345	0.00070	0.00178
10	0.00284	0.00290	0.02649	0.01391	0.00353	0.01755	0.01447	0.01869	0.00216	0.00328	0.00196	0.00311	0.00189	0.00295	0.09441	0.00071	0.78592	0.00117	0.00060	0.00145
11	0.00163	0.00117	0.00154	0.00181	0.00191	0.00109	0.00122	0.00188	0.00260	0.00346	0.05116	0.83631	0.05099	0.01826	0.00175	0.00054	0.00077	0.01962	0.00123	0.00108
12	0.04646	0.07107	0.06273	0.03449	0.33918	0.08580	0.07925	0.10311	0.01791	0.08514	0.01511	0.00832	0.00232	0.00140	0.00137	0.00669	0.02546	0.01147	0.00083	0.00190
13	0.05587	0.07167	0.42265	0.01668	0.02911	0.01450	0.06041	0.06729	0.03803	0.04686	0.03833	0.02832	0.06227	0.00161	0.00134	0.00042	0.02076	0.01548	0.00660	0.00179
14	0.09508	0.00198	0.00243	0.02334	0.01056	0.03240	0.02323	0.00869	0.01417	0.08774	0.07780	0.28770	0.09656	0.02249	0.06878	0.00061	0.13520	0.00883	0.00105	0.00135
15	0.03891	0.10775	0.17597	0.02194	0.01115	0.01328	0.03665	0.16440	0.06920	0.10531	0.02804	0.05663	0.00302	0.01521	0.00677	0.00043	0.06035	0.01281	0.06016	0.01202

[dist]
# distance from previous block
# <min> <max>
3	91

[block]
# block no. 4 follows, 245 sequences, length 14
# corresponding to MSA columns:
# 1048-1061
name=unknown_E
#
# <colnr> <probs for GDERKNQSTAVLIFYWHMCP>
#	G	D	E	R	K	N	Q	S	T	A	V	L	I	F	Y	W	H	M	C	P
0	0.01185	0.03941	0.15542	0.12068	0.05752	0.02646	0.11328	0.01436	0.00938	0.18011	0.02954	0.10305	0.02506	0.00192	0.00651	0.00044	0.00835	0.06920	0.00953	0.01792
1	0.00250	0.00150	0.03964	0.00185	0.00204	0.00132	0.00136	0.00220	0.00195	0.06075	0.00263	0.00423	0.00249	0.05442	0.04878	0.73180	0.00129	0.00119	0.00066	0.03738
2	0.04040	0.00345	0.04048	0.14825	0.18676	0.13107	0.04795	0.12717	0.08856	0.12050	0.00315	0.00364	0.00239	0.01212	0.00140	0.00042	0.01647	0.01390	0.01006	0.00186
3	0.00323	0.17654	0.02379	0.21447	0.30558	0.05301	0.07407	0.04362	0.03023	0.00398	0.01205	0.00328	0.00211	0.00132	0.00136	0.00039	0.03800	0.01050	0.00068	0.00178
4	0.03937	0.00293	0.00361	0.05633	0.22391	0.08129	0.03902	0.04611	0.28175	0.02482	0.06473	0.05383	0.04357	0.00181	0.00139	0.00043	0.01245	0.01980	0.00103	0.00180
5	0.00258	0.00236	0.00379	0.79742	0.02868	0.00287	0.00341	0.04093	0.03859	0.00366	0.00279	0.06213	0.00230	0.00152	0.00134	0.00044	0.00165	0.00134	0.00068	0.00151
6	0.00181	0.00134	0.00177	0.00194	0.00210	0.00135	0.00142	0.00216	0.00271	0.00369	0.11683	0.54564	0.06331	0.01966	0.01879	0.00056	0.05951	0.12282	0.03143	0.00114
7	0.00355	0.64471	0.03992	0.01407	0.07801	0.11679	0.02293	0.00406	0.00288	0.01220	0.03753	0.00265	0.00217	0.00133	0.01209	0.00034	0.00157	0.00087	0.00063	0.00169
8	0.00252	0.00237	0.00401	0.91242	0.04696	0.00293	0.00367	0.00339	0.00265	0.00340	0.00235	0.00350	0.00177	0.00131	0.00132	0.00044	0.00175	0.00117	0.00059	0.00149
9	0.00196	0.00140	0.00183	0.00196	0.00224	0.00136	0.00156	0.00237	0.01722	0.00368	0.10063	0.08108	0.19806	0.01950	0.08299	0.11394	0.00120	0.36480	0.00112	0.00111
10	0.00173	0.00130	0.00162	0.00182	0.00204	0.00122	0.00131	0.00217	0.03816	0.00362	0.03945	0.57193	0.21251	0.00376	0.00165	0.00052	0.00080	0.11204	0.00123	0.00114
11	0.00215	0.00151	0.00189	0.00175	0.00213	0.00143	0.00133	0.05035	0.01970	0.03525	0.73210	0.03002	0.08824	0.00267	0.00153	0.00042	0.00070	0.01365	0.01185	0.00132
12	0.00339	0.66017	0.24061	0.00270	0.00400	0.06288	0.00292	0.00408	0.00277	0.00337	0.00198	0.00229	0.00168	0.00117	0.00097	0.00032	0.00160	0.00078	0.00057	0.00174
13	0.00226	0.00186	0.00258	0.00241	0.00254	0.01698	0.00188	0.00252	0.00205	0.00296	0.00290	0.00461	0.00282	0.07915	0.48544	0.11553	0.26837	0.00134	0.00066	0.00115

[dist]
# distance from previous block
# <min> <max>
1	1

[block]
# block no. 5 follows, 245 sequences, length 14
# corresponding to MSA columns:
# 1069-1072,1075,1076,1079-1083,1085-1087
name=unknown_F
#
# <colnr> <probs for GDERKNQSTAVLIFYWHMCP>
#	G	D	E	R	K	N	Q	S	T	A	V	L	I	F	Y	W	H	M	C	P
0	0.00166	0.00118	0.00156	0.00185	0.00193	0.00111	0.00125	0.00189	0.00252	0.00335	0.00705	0.83696	0.00840	0.06180	0.00199	0.00058	0.00082	0.06184	0.00120	0.00106
1	0.00252	0.00238	0.00400	0.89244	0.04175	0.00296	0.00365	0.00338	0.00263	0.00339	0.00233	0.00348	0.00177	0.00134	0.00140	0.00044	0.02690	0.00117	0.00059	0.00148
2	0.01149	0.00316	0.08158	0.03461	0.09301	0.08837	0.12434	0.04665	0.13545	0.09887	0.00946	0.03891	0.00320	0.01608	0.00145	0.00043	0.01913	0.05204	0.14002	0.00173
3	0.79224	0.00272	0.00230	0.02180	0.02180	0.02266	0.00167	0.08228	0.00265	0.02550	0.00204	0.00234	0.00156	0.00128	0.00094	0.00041	0.01263	0.00079	0.00086	0.00153
4	0.00218	0.00174	0.00237	0.06162	0.03979	0.02976	0.00182	0.00263	0.00231	0.00329	0.00367	0.06276	0.00356	0.09605	0.50322	0.00141	0.07169	0.02184	0.08709	0.00122
5	0.01043	0.01743	0.06133	0.02015	0.00292	0.01553	0.02782	0.03487	0.03008	0.03393	0.04998	0.04047	0.04175	0.05642	0.46575	0.00130	0.04143	0.02320	0.01398	0.01124
6	0.04721	0.19860	0.23300	0.03869	0.10843	0.13826	0.10244	0.03013	0.02346	0.03384	0.00258	0.00306	0.01481	0.00131	0.00123	0.00038	0.01192	0.00817	0.00070	0.00179
7	0.00378	0.00289	0.00311	0.00268	0.00349	0.00324	0.00212	0.17238	0.66617	0.09258	0.00516	0.00476	0.02807	0.00178	0.00134	0.00043	0.00111	0.00145	0.00136	0.00210
8	0.02435	0.00226	0.00302	0.00233	0.00333	0.00199	0.00192	0.02812	0.00379	0.88414	0.02718	0.00453	0.00342	0.00165	0.00132	0.00041	0.00111	0.00133	0.00160	0.00220
9	0.01452	0.01029	0.05873	0.06934	0.15933	0.03474	0.03848	0.06419	0.04838	0.07378	0.14957	0.06051	0.13829	0.02194	0.00154	0.00045	0.00124	0.05202	0.00106	0.00161
10	0.00335	0.03239	0.02962	0.06424	0.36306	0.00878	0.13205	0.02019	0.03064	0.12672	0.00356	0.07604	0.01676	0.00171	0.00987	0.00044	0.04110	0.02874	0.00885	0.00185
11	0.00166	0.00121	0.00156	0.00181	0.00194	0.00113	0.00124	0.00197	0.01499	0.00347	0.02907	0.77041	0.09103	0.01707	0.01157	0.00055	0.00081	0.03569	0.01172	0.00109
12	0.00549	0.00229	0.00301	0.00235	0.00332	0.00206	0.00194	0.06454	0.02999	0.79526	0.03347	0.00494	0.02553	0.00174	0.00134	0.00041	0.00111	0.01746	0.00158	0.00216
13	0.02323	0.02200	0.24778	0.11304	0.26644	0.02545	0.12029	0.01633	0.05171	0.04881	0.01482	0.00335	0.00218	0.00133	0.00142	0.00042	0.03763	0.00118	0.00072	0.00188

[dist]
# distance from previous block
# <min> <max>
5	53

[block]
# block no. 6 follows, 245 sequences, length 19
# corresponding to MSA columns:
# 1200-1204,1207,1217-1229
name=unknown_G
#
# <colnr> <probs for GDERKNQSTAVLIFYWHMCP>
#	G	D	E	R	K	N	Q	S	T	A	V	L	I	F	Y	W	H	M	C	P
0	0.01584	0.49678	0.08500	0.00284	0.01659	0.07943	0.03820	0.03942	0.03140	0.03040	0.00237	0.00287	0.00923	0.00141	0.00142	0.00036	0.11186	0.01875	0.00068	0.01515
1	0.00167	0.00119	0.00157	0.00182	0.00192	0.00113	0.00123	0.00190	0.00247	0.00330	0.00687	0.76639	0.02228	0.09564	0.04513	0.00068	0.00096	0.04164	0.00116	0.00105
2	0.00241	0.00170	0.00207	0.00190	0.00234	0.00170	0.00145	0.00366	0.19760	0.06544	0.63863	0.02019	0.03149	0.00245	0.00148	0.00042	0.00074	0.00213	0.02072	0.00147
3	0.00400	0.59844	0.02489	0.00269	0.00367	0.34020	0.00241	0.00441	0.00305	0.00316	0.00191	0.00222	0.00169	0.00121	0.00097	0.00030	0.00176	0.00076	0.00060	0.00164
4	0.00209	0.00166	0.00179	0.00171	0.00215	0.01952	0.00130	0.07783	0.03179	0.01731	0.16736	0.11858	0.50021	0.01614	0.00161	0.00046	0.00081	0.03515	0.00126	0.00127
5	0.00324	0.39125	0.38847	0.01520	0.02684	0.01315	0.01456	0.04564	0.00288	0.02716	0.00222	0.00260	0.00176	0.00129	0.00128	0.00037	0.05875	0.00091	0.00063	0.00182
6	0.00176	0.00130	0.00162	0.00175	0.00198	0.00120	0.00127	0.00212	0.00291	0.01328	0.19710	0.41961	0.22395	0.02738	0.00179	0.00051	0.01093	0.08716	0.00125	0.00114
7	0.00191	0.00128	0.00146	0.00146	0.00147	0.00129	0.00083	0.00193	0.00192	0.00257	0.00413	0.00850	0.00473	0.92065	0.03971	0.00131	0.00136	0.00190	0.00079	0.00081
8	0.00290	0.02081	0.02895	0.04032	0.00335	0.00710	0.07142	0.08656	0.12415	0.10680	0.04685	0.31341	0.02808	0.00273	0.00665	0.00791	0.01355	0.08571	0.00118	0.00156
9	0.04609	0.13488	0.18027	0.01907	0.01340	0.01230	0.11820	0.02555	0.15008	0.07691	0.13989	0.02185	0.01582	0.00168	0.00139	0.00041	0.03084	0.00864	0.00096	0.00176
10	0.03801	0.00247	0.01857	0.01202	0.00328	0.00236	0.01654	0.23128	0.01291	0.39782	0.04978	0.02346	0.14747	0.00197	0.00136	0.00041	0.00112	0.01420	0.02306	0.00191
11	0.00913	0.00292	0.03367	0.27356	0.37923	0.01839	0.05577	0.02600	0.01255	0.06229	0.02038	0.00375	0.00236	0.00148	0.00784	0.00915	0.05070	0.01831	0.01070	0.00179
12	0.01240	0.05441	0.28109	0.29219	0.20219	0.00842	0.02586	0.02254	0.02080	0.02130	0.00851	0.01397	0.00955	0.00135	0.00134	0.00042	0.02008	0.00115	0.00066	0.00179
13	0.00173	0.00134	0.00157	0.00152	0.00189	0.00119	0.00114	0.00223	0.00341	0.00453	0.54024	0.01107	0.41747	0.00297	0.00155	0.00043	0.00064	0.00255	0.00135	0.00119
14	0.00250	0.00563	0.74228	0.00327	0.00488	0.00266	0.00405	0.00378	0.00285	0.01690	0.04739	0.02341	0.10530	0.01190	0.00136	0.00043	0.00168	0.00131	0.01664	0.00178
15	0.00956	0.16872	0.41178	0.09779	0.05173	0.01553	0.08246	0.03176	0.02386	0.06022	0.00272	0.01148	0.01266	0.00132	0.00125	0.00040	0.00810	0.00109	0.00574	0.00184
16	0.07552	0.03944	0.00356	0.01404	0.00372	0.00326	0.00221	0.47471	0.03147	0.32386	0.00376	0.00356	0.00256	0.00156	0.00126	0.00040	0.00129	0.00119	0.01050	0.00214
17	0.00160	0.00115	0.00152	0.00182	0.00191	0.00107	0.00122	0.00183	0.00253	0.00337	0.00743	0.92577	0.03569	0.00410	0.00168	0.00053	0.00076	0.00372	0.00122	0.00107
18	0.01285	0.00315	0.18069	0.13309	0.06435	0.01338	0.11810	0.01993	0.00859	0.14855	0.03920	0.13383	0.04770	0.00733	0.00150	0.00045	0.01788	0.03885	0.00890	0.00167

[dist]
# distance from previous block
# <min> <max>
4	25

[block]
# block no. 7 follows, 245 sequences, length 17
# corresponding to MSA columns:
# 1272-1279,1282-1285,1296-1300
name=unknown_H
#
# <colnr> <probs for GDERKNQSTAVLIFYWHMCP>
#	G	D	E	R	K	N	Q	S	T	A	V	L	I	F	Y	W	H	M	C	P
0	0.15088	0.01418	0.01616	0.00270	0.03362	0.01523	0.01064	0.17050	0.27992	0.23028	0.01973	0.00434	0.00321	0.00166	0.00126	0.00042	0.00119	0.03373	0.00838	0.00198
1	0.00294	0.01039	0.34081	0.04638	0.11121	0.01109	0.04470	0.01652	0.14671	0.03292	0.00325	0.03894	0.01183	0.00143	0.00126	0.00039	0.00151	0.00734	0.00081	0.16957
2	0.02136	0.00168	0.00201	0.00173	0.00233	0.00157	0.00138	0.00444	0.01697	0.37242	0.00470	0.00500	0.00343	0.00164	0.00111	0.00036	0.00084	0.03049	0.52491	0.00164
3	0.00162	0.00116	0.00152	0.00180	0.00189	0.00108	0.00120	0.00186	0.00256	0.00340	0.03669	0.85617	0.04572	0.03428	0.00183	0.00055	0.00077	0.00360	0.00122	0.00107
4	0.03551	0.01265	0.02706	0.02080	0.05620	0.06565	0.11288	0.04024	0.03604	0.49875	0.03147	0.01456	0.00321	0.00161	0.00138	0.00042	0.01216	0.02615	0.00126	0.00199
5	0.00229	0.00114	0.00172	0.00172	0.00172	0.00114	0.00114	0.00172	0.00172	0.00229	0.00229	0.00400	0.00229	0.00457	0.00515	0.96169	0.00114	0.00114	0.00057	0.00057
6	0.00243	0.00123	0.00123	0.00123	0.00153	0.00123	0.00092	0.00303	0.00273	0.00482	0.00429	0.00505	0.00343	0.03685	0.00113	0.00034	0.00064	0.00125	0.92542	0.00121
7	0.04634	0.00320	0.01622	0.00921	0.04577	0.12535	0.00984	0.15119	0.03123	0.10703	0.03881	0.00997	0.02033	0.00258	0.08725	0.00060	0.29123	0.00125	0.00092	0.00168
8	0.00308	0.41048	0.46772	0.00308	0.00457	0.00397	0.02154	0.02055	0.00281	0.01296	0.01150	0.01219	0.00189	0.00127	0.00114	0.00036	0.01756	0.00092	0.00060	0.00182
9	0.00484	0.00614	0.00374	0.00339	0.00405	0.91199	0.00256	0.00518	0.00366	0.00322	0.00202	0.00239	0.00170	0.00139	0.00131	0.00035	0.03900	0.00086	0.00067	0.00152
10	0.00315	0.00296	0.00494	0.23588	0.67670	0.00312	0.00388	0.04593	0.00305	0.00425	0.00247	0.00332	0.00201	0.00123	0.00131	0.00040	0.00161	0.00117	0.00067	0.00194
11	0.02282	0.00334	0.00371	0.03318	0.02971	0.02146	0.01059	0.62928	0.09291	0.09379	0.02294	0.01090	0.00274	0.00848	0.00767	0.00042	0.00140	0.00126	0.00127	0.00212
12	0.03519	0.00289	0.00409	0.31381	0.31286	0.06397	0.00321	0.04480	0.03304	0.13893	0.02401	0.00367	0.00242	0.00993	0.00134	0.00042	0.00155	0.00120	0.00085	0.00182
13	0.00162	0.00116	0.00155	0.00185	0.00194	0.00108	0.00125	0.00186	0.00254	0.00338	0.00725	0.92237	0.00867	0.00411	0.00169	0.00054	0.00078	0.03408	0.00122	0.00107
14	0.00289	0.00267	0.01761	0.54303	0.31520	0.00295	0.00364	0.01944	0.02093	0.03387	0.02365	0.00361	0.00220	0.00132	0.00132	0.00042	0.00163	0.00121	0.00069	0.00172
15	0.00318	0.00304	0.00519	0.04679	0.88250	0.00307	0.00395	0.00396	0.00297	0.00424	0.00259	0.02782	0.00224	0.00126	0.00131	0.00040	0.00155	0.00124	0.00066	0.00203
16	0.02737	0.00204	0.00221	0.00221	0.01835	0.06960	0.01285	0.07715	0.01576	0.05004	0.01713	0.17647	0.27647	0.01765	0.00164	0.00050	0.00108	0.22895	0.00118	0.00134

[dist]
# distance from previous block
# <min> <max>
0	39

[block]
# block no. 8 follows, 245 sequences, length 19
# corresponding to MSA columns:
# 1340-1348,1357-1363,1368-1370
name=unknown_I
#
# <colnr> <probs for GDERKNQSTAVLIFYWHMCP>
#	G	D	E	R	K	N	Q	S	T	A	V	L	I	F	Y	W	H	M	C	P
0	0.00474	0.00355	0.00379	0.00302	0.02240	0.02346	0.00243	0.82283	0.01887	0.00783	0.02938	0.00344	0.00258	0.00167	0.00955	0.00041	0.00143	0.00122	0.03526	0.00215
1	0.00345	0.03275	0.00989	0.02269	0.08437	0.11071	0.02064	0.10343	0.39278	0.00507	0.00931	0.00417	0.00312	0.02176	0.00604	0.00042	0.00712	0.00128	0.12904	0.03194
2	0.00165	0.00118	0.00153	0.00180	0.00189	0.00110	0.00121	0.00187	0.00250	0.00331	0.00714	0.80809	0.03541	0.08910	0.00213	0.00060	0.00082	0.03641	0.00118	0.00105
3	0.00268	0.04880	0.90526	0.00369	0.00560	0.00315	0.00475	0.00416	0.00278	0.00412	0.00234	0.00275	0.00167	0.00125	0.00123	0.00041	0.00192	0.00096	0.00056	0.00193
4	0.00189	0.00128	0.00145	0.00146	0.00149	0.00127	0.00084	0.00192	0.00197	0.00262	0.00452	0.04067	0.03333	0.86734	0.03174	0.00125	0.00130	0.00199	0.00082	0.00083
5	0.00380	0.07319	0.09524	0.03984	0.17073	0.25383	0.07797	0.14249	0.01627	0.01083	0.00262	0.01991	0.00213	0.00867	0.00139	0.00039	0.03447	0.00112	0.04331	0.00178
6	0.00164	0.00119	0.00155	0.00177	0.00192	0.00110	0.00122	0.00193	0.00272	0.00363	0.12585	0.73418	0.09434	0.00387	0.00166	0.00051	0.00074	0.01782	0.00125	0.00110
7	0.00254	0.00240	0.00399	0.85454	0.03469	0.00301	0.00361	0.00337	0.00260	0.00338	0.00230	0.00346	0.00176	0.00139	0.00154	0.00045	0.07175	0.00117	0.00059	0.00148
8	0.00199	0.00173	0.01020	0.02227	0.03069	0.00164	0.11335	0.00260	0.05234	0.00379	0.08293	0.44064	0.16934	0.02721	0.00175	0.00051	0.01002	0.02461	0.00113	0.00127
9	0.00311	0.00355	0.00777	0.00555	0.00688	0.00333	0.94073	0.00422	0.00311	0.00422	0.00266	0.00355	0.00200	0.00111	0.00155	0.00044	0.00222	0.00155	0.00067	0.00178
10	0.00269	0.06663	0.84605	0.00365	0.00549	0.00316	0.02451	0.00412	0.00280	0.00413	0.02364	0.00291	0.00192	0.00127	0.00124	0.00041	0.00189	0.00100	0.00058	0.00191
11	0.00192	0.00132	0.00158	0.00157	0.00161	0.00137	0.00096	0.00201	0.00198	0.00269	0.02394	0.00804	0.00468	0.77886	0.14705	0.00137	0.01551	0.00184	0.00079	0.00087
12	0.00168	0.00138	0.00148	0.00146	0.00188	0.00121	0.00109	0.00219	0.03648	0.00397	0.19982	0.04219	0.69419	0.00318	0.00155	0.00044	0.00067	0.00268	0.00127	0.00117
13	0.00271	0.00669	0.89273	0.00380	0.00570	0.02698	0.03502	0.00420	0.00281	0.00415	0.00236	0.00279	0.00168	0.00125	0.00126	0.00042	0.00197	0.00099	0.00056	0.00193
14	0.00171	0.00124	0.00165	0.00190	0.00199	0.00121	0.00132	0.00197	0.00251	0.00339	0.00681	0.78856	0.00805	0.04049	0.01965	0.00059	0.03125	0.06366	0.02096	0.00109
15	0.00216	0.00148	0.00176	0.01183	0.00213	0.00135	0.00126	0.01893	0.02202	0.07450	0.44451	0.02252	0.35172	0.00277	0.00151	0.00042	0.00071	0.00237	0.03473	0.00130
16	0.00261	0.00247	0.00420	0.76507	0.15944	0.00293	0.02009	0.00346	0.00270	0.00353	0.00246	0.02091	0.00194	0.00134	0.00133	0.00043	0.00171	0.00122	0.00061	0.00156
17	0.01425	0.01054	0.02419	0.04667	0.13308	0.08531	0.21317	0.10763	0.02031	0.20325	0.03888	0.04196	0.00768	0.01048	0.00144	0.00042	0.00814	0.01366	0.01708	0.00186
18	0.16692	0.15415	0.11075	0.11601	0.03991	0.31726	0.02130	0.01090	0.00303	0.02600	0.00222	0.00271	0.00178	0.00130	0.00111	0.00037	0.00177	0.00790	0.01299	0.00162

[dist]
# distance from previous block
# <min> <max>
1	4

[block]
# block no. 9 follows, 245 sequences, length 13
# corresponding to MSA columns:
# 1411-1415,1418-1425
name=unknown_J
#
# <colnr> <probs for GDERKNQSTAVLIFYWHMCP>
#	G	D	E	R	K	N	Q	S	T	A	V	L	I	F	Y	W	H	M	C	P
0	0.00283	0.00255	0.00956	0.34866	0.12479	0.04946	0.00280	0.07059	0.09134	0.01195	0.01918	0.08515	0.03363	0.01123	0.04398	0.00052	0.01246	0.03897	0.02328	0.01705
1	0.02173	0.03655	0.04853	0.02645	0.02766	0.01072	0.05121	0.02710	0.07149	0.07320	0.07151	0.29269	0.03277	0.01193	0.00157	0.00049	0.00113	0.17329	0.00114	0.01886
2	0.03688	0.26900	0.43235	0.05800	0.02868	0.02032	0.04669	0.00408	0.00280	0.03633	0.00245	0.00284	0.01447	0.00124	0.00114	0.00037	0.00168	0.00096	0.00063	0.03908
3	0.03118	0.00230	0.00306	0.00235	0.00337	0.00204	0.00194	0.04187	0.00382	0.88591	0.00503	0.00437	0.00317	0.00162	0.00131	0.00041	0.00113	0.00130	0.00160	0.00222
4	0.00180	0.00141	0.00165	0.00166	0.01666	0.00128	0.00121	0.00227	0.01463	0.01431	0.31659	0.05958	0.49861	0.02401	0.00172	0.00046	0.01700	0.02268	0.00127	0.00119
5	0.01986	0.00931	0.02138	0.17841	0.14228	0.01444	0.07130	0.05439	0.07804	0.22967	0.08082	0.03137	0.00384	0.00194	0.00163	0.02758	0.01021	0.01280	0.00877	0.00197
6	0.00223	0.00192	0.00282	0.00260	0.00278	0.00243	0.01760	0.00265	0.00212	0.00312	0.00302	0.00468	0.00289	0.02303	0.59171	0.00154	0.30898	0.02195	0.00068	0.00127
7	0.00524	0.00229	0.00298	0.00236	0.00327	0.00212	0.00193	0.12028	0.01473	0.69538	0.02128	0.05341	0.00364	0.00196	0.01100	0.02160	0.00115	0.01900	0.01429	0.00208
8	0.00280	0.00263	0.00440	0.65433	0.19819	0.00304	0.04976	0.04317	0.02174	0.00385	0.00248	0.00347	0.00190	0.00130	0.00133	0.00043	0.00171	0.00120	0.00065	0.00165
9	0.00316	0.00302	0.00512	0.08586	0.76985	0.00308	0.03730	0.00409	0.04819	0.00426	0.00271	0.02257	0.00228	0.00127	0.00132	0.00040	0.00156	0.00125	0.00069	0.00200
10	0.00256	0.00238	0.00319	0.00286	0.00296	0.03355	0.00231	0.00288	0.00210	0.00311	0.00247	0.00392	0.00240	0.05040	0.30123	0.02736	0.53785	0.00126	0.01392	0.00130
11	0.00173	0.00121	0.00150	0.00168	0.00175	0.00115	0.00108	0.00189	0.00236	0.00313	0.02340	0.55251	0.04166	0.33893	0.00345	0.00079	0.00095	0.01878	0.00108	0.00098
12	0.03822	0.00275	0.00318	0.00260	0.00341	0.03289	0.03993	0.29007	0.13867	0.19215	0.13681	0.04818	0.02196	0.00198	0.00991	0.00043	0.00122	0.01609	0.00131	0.01825

[dist]
# distance from previous block
# <min> <max>
7	40

[block]
# block no. 10 follows, 245 sequences, length 13
# corresponding to MSA columns:
# 1517-1519,1521-1529,1532
name=unknown_K
#
# <colnr> <probs for GDERKNQSTAVLIFYWHMCP>
#	G	D	E	R	K	N	Q	S	T	A	V	L	I	F	Y	W	H	M	C	P
0	0.04259	0.14609	0.05370	0.04198	0.20668	0.03681	0.04514	0.07129	0.04635	0.10426	0.03664	0.01010	0.00261	0.00758	0.00700	0.00548	0.02255	0.00114	0.01186	0.10016
1	0.01392	0.10530	0.42145	0.05346	0.02701	0.01208	0.14597	0.02360	0.02180	0.04652	0.00344	0.03201	0.05847	0.00154	0.00133	0.00723	0.00171	0.02063	0.00073	0.00178
2	0.00182	0.00148	0.00201	0.00189	0.00226	0.00135	0.06861	0.00233	0.01997	0.00408	0.29109	0.21393	0.32486	0.04225	0.00179	0.00049	0.00083	0.01653	0.00124	0.00120
3	0.01253	0.00317	0.03565	0.11589	0.16108	0.00301	0.50114	0.01638	0.01222	0.01387	0.02060	0.03612	0.00270	0.01051	0.00802	0.00046	0.00188	0.04229	0.00074	0.00173
4	0.00296	0.00291	0.00501	0.23878	0.12201	0.01268	0.29605	0.04017	0.09976	0.00421	0.01021	0.01095	0.01945	0.00160	0.01354	0.00046	0.05282	0.03886	0.00078	0.02679
5	0.01630	0.00184	0.00238	0.00202	0.00267	0.00170	0.00161	0.03991	0.01214	0.40321	0.32207	0.02563	0.03126	0.00229	0.01466	0.00044	0.00095	0.04920	0.06804	0.00170
6	0.00240	0.00171	0.00220	0.00232	0.00270	0.00173	0.00196	0.07463	0.04546	0.02149	0.04281	0.05302	0.06734	0.02002	0.00179	0.00056	0.00113	0.63599	0.01941	0.00133
7	0.43427	0.00231	0.00241	0.00204	0.00286	0.00240	0.00166	0.01579	0.04395	0.37005	0.02805	0.05192	0.00307	0.00165	0.00113	0.00042	0.00104	0.02194	0.01128	0.00175
8	0.00208	0.00148	0.00190	0.00204	0.00229	0.00147	0.01295	0.02211	0.10238	0.03857	0.00697	0.66489	0.03791	0.00360	0.00162	0.00052	0.00087	0.08141	0.01367	0.00127
9	0.00183	0.00121	0.00161	0.00186	0.00200	0.00112	0.00127	0.00209	0.00261	0.05122	0.00733	0.85645	0.03685	0.00396	0.00166	0.00053	0.00079	0.02322	0.00124	0.00113
10	0.00512	0.00206	0.00276	0.00217	0.00306	0.00179	0.00177	0.00564	0.00369	0.76058	0.10948	0.00545	0.04582	0.00182	0.00134	0.00041	0.00102	0.00150	0.04247	0.00204
11	0.00197	0.00133	0.00158	0.00159	0.00169	0.00135	0.00102	0.02103	0.00224	0.00307	0.02566	0.10195	0.03430	0.60639	0.10743	0.00116	0.00140	0.02345	0.06044	0.00095
12	0.09953	0.01725	0.01388	0.07142	0.10934	0.01508	0.04383	0.11707	0.05750	0.01879	0.00279	0.03627	0.00230	0.00133	0.00120	0.00033	0.01713	0.00109	0.00086	0.37300

[dist]
# distance from previous block
# <min> <max>
9	73

[block]
# block no. 11 follows, 245 sequences, length 41
# corresponding to MSA columns:
# 1637-1649,1669-1673,1681-1684,1686-1692,1696-1701,1704-1707,1716,1717
name=unknown_L
#
# <colnr> <probs for GDERKNQSTAVLIFYWHMCP>
#	G	D	E	R	K	N	Q	S	T	A	V	L	I	F	Y	W	H	M	C	P
0	0.00835	0.00254	0.00443	0.76161	0.00842	0.00783	0.13648	0.01132	0.01784	0.01790	0.00249	0.00355	0.00186	0.00130	0.00134	0.00044	0.00179	0.00123	0.00776	0.00153
1	0.00229	0.00114	0.00172	0.00172	0.00172	0.00114	0.00114	0.00172	0.00172	0.00229	0.00229	0.00400	0.00229	0.00457	0.00515	0.96169	0.00114	0.00114	0.00057	0.00057
2	0.00337	0.22092	0.05623	0.07903	0.13176	0.09171	0.14319	0.05080	0.07782	0.01936	0.02942	0.03421	0.00257	0.00145	0.00138	0.00039	0.04563	0.00122	0.00077	0.00875
3	0.01390	0.14385	0.08176	0.03935	0.06014	0.03557	0.07233	0.06141	0.07444	0.05979	0.03236	0.04887	0.01442	0.02357	0.04884	0.00626	0.04022	0.12788	0.01339	0.00164
4	0.00164	0.00119	0.00156	0.01578	0.00201	0.00111	0.00125	0.00191	0.00260	0.00346	0.03428	0.82684	0.06921	0.00395	0.00165	0.00052	0.00077	0.01340	0.01579	0.00109
5	0.00223	0.00161	0.00198	0.04690	0.01376	0.00151	0.00829	0.05250	0.00812	0.06831	0.32265	0.05850	0.38662	0.00281	0.00152	0.00044	0.00081	0.01880	0.00129	0.00133
6	0.01668	0.19568	0.21568	0.06110	0.04574	0.01310	0.25312	0.04065	0.02972	0.06158	0.01167	0.02367	0.00226	0.00134	0.00130	0.00040	0.01121	0.00518	0.00813	0.00181
7	0.00311	0.02822	0.05502	0.00428	0.00537	0.01735	0.54985	0.06823	0.04398	0.03365	0.01582	0.10098	0.03043	0.01115	0.00160	0.00045	0.01892	0.00901	0.00085	0.00172
8	0.00191	0.00128	0.00144	0.00144	0.00144	0.00128	0.00080	0.00191	0.00191	0.00255	0.00415	0.00862	0.00479	0.95373	0.00670	0.00128	0.00128	0.00191	0.00080	0.00080
9	0.00264	0.00257	0.01862	0.67974	0.15428	0.00294	0.05055	0.00351	0.00796	0.00362	0.01518	0.01180	0.00206	0.00135	0.00139	0.00043	0.02335	0.00123	0.01520	0.00158
10	0.01141	0.01985	0.07167	0.08308	0.08853	0.03579	0.15640	0.04610	0.07101	0.09045	0.02707	0.09170	0.00815	0.01339	0.12747	0.01080	0.02681	0.00886	0.00981	0.00166
11	0.00338	0.33519	0.39240	0.00290	0.00428	0.02960	0.00324	0.01230	0.05623	0.09943	0.01753	0.00301	0.00220	0.00131	0.00112	0.00036	0.00157	0.00097	0.03115	0.00185
12	0.00405	0.00427	0.00306	0.00276	0.00333	0.52424	0.00682	0.04119	0.00345	0.08880	0.03638	0.05645	0.06345	0.10702	0.00683	0.00049	0.02683	0.00727	0.01184	0.00147
13	0.00207	0.00142	0.00190	0.00189	0.00208	0.00155	0.00138	0.00248	0.02085	0.02883	0.00417	0.10449	0.00420	0.23698	0.47215	0.00147	0.02361	0.00175	0.08559	0.00113
14	0.01283	0.01125	0.03273	0.28670	0.19968	0.06520	0.07723	0.08516	0.05586	0.10682	0.00312	0.01876	0.00244	0.00147	0.00136	0.00042	0.00904	0.02729	0.00086	0.00181
15	0.00162	0.00117	0.00154	0.00181	0.00193	0.00109	0.00123	0.00188	0.00259	0.00343	0.02605	0.83757	0.07711	0.00402	0.00167	0.00053	0.00077	0.03168	0.00123	0.00108
16	0.00308	0.00312	0.00334	0.00296	0.00323	0.19337	0.01740	0.04932	0.00261	0.00339	0.00252	0.00378	0.00237	0.06658	0.24480	0.00095	0.38562	0.00122	0.00894	0.00139
17	0.14448	0.01077	0.00490	0.00368	0.00470	0.03435	0.37477	0.18760	0.06416	0.07303	0.00304	0.00350	0.00227	0.01667	0.00147	0.00043	0.02379	0.00129	0.04328	0.00181
18	0.00168	0.00121	0.00161	0.00189	0.00202	0.00114	0.00134	0.00197	0.00261	0.00344	0.00745	0.75195	0.05275	0.01928	0.00178	0.00055	0.00084	0.14418	0.00121	0.00109
19	0.12701	0.01436	0.00306	0.00254	0.01441	0.09427	0.00199	0.14817	0.28139	0.04413	0.00347	0.02223	0.00270	0.00148	0.00119	0.00036	0.00730	0.00114	0.00106	0.22774
20	0.01520	0.03213	0.04663	0.01147	0.01716	0.16661	0.01241	0.26040	0.09605	0.04152	0.01749	0.08198	0.01453	0.00542	0.00136	0.00038	0.02312	0.01226	0.00849	0.13538
21	0.00312	0.03481	0.28847	0.04038	0.02063	0.09863	0.23349	0.04533	0.05280	0.01414	0.01537	0.01670	0.02357	0.00463	0.02345	0.00046	0.02817	0.01993	0.00561	0.03032
22	0.00409	0.00307	0.00340	0.00255	0.00364	0.00304	0.00208	0.52074	0.00467	0.03803	0.00291	0.00305	0.00217	0.00134	0.00117	0.00031	0.00124	0.00103	0.01250	0.38896
23	0.00215	0.00154	0.00209	0.00206	0.01308	0.00145	0.03426	0.01751	0.04150	0.05157	0.28476	0.39808	0.06399	0.00322	0.01599	0.00049	0.00088	0.02901	0.00127	0.03512
24	0.00171	0.00120	0.00149	0.00168	0.00175	0.00115	0.00108	0.00187	0.00235	0.00310	0.00650	0.57499	0.05378	0.32606	0.00338	0.00078	0.00094	0.01413	0.00108	0.00098
25	0.01319	0.05086	0.04084	0.01289	0.04621	0.13462	0.00242	0.13132	0.24304	0.06808	0.01435	0.02619	0.01266	0.01082	0.04803	0.00051	0.12360	0.00129	0.01727	0.00180
26	0.00208	0.00144	0.00173	0.00171	0.00209	0.00133	0.00128	0.00264	0.04455	0.07377	0.24923	0.18671	0.34526	0.01489	0.03094	0.00052	0.00084	0.03645	0.00129	0.00127
27	0.00366	0.00242	0.00281	0.00244	0.00309	0.01696	0.00192	0.09087	0.33211	0.21629	0.06478	0.05933	0.02231	0.00843	0.07365	0.00057	0.05190	0.00159	0.04300	0.00185
28	0.00164	0.00119	0.00156	0.00184	0.00195	0.00111	0.00125	0.00194	0.01339	0.00346	0.03403	0.86522	0.03258	0.00402	0.00167	0.00053	0.00077	0.02951	0.00123	0.00109
29	0.00309	0.00343	0.04753	0.01828	0.02525	0.00318	0.67561	0.08093	0.00322	0.00440	0.00278	0.00366	0.00215	0.00218	0.11149	0.00063	0.00825	0.00147	0.00072	0.00175
30	0.04911	0.00235	0.00297	0.00233	0.00328	0.00220	0.00191	0.09139	0.05367	0.70646	0.01928	0.00438	0.00327	0.00163	0.00128	0.00040	0.00111	0.00130	0.04955	0.00213
31	0.96303	0.00255	0.00194	0.00173	0.00255	0.00295	0.00143	0.00387	0.00224	0.00591	0.00183	0.00214	0.00143	0.00122	0.00081	0.00041	0.00102	0.00071	0.00081	0.00143
32	0.00161	0.00116	0.00153	0.00182	0.00192	0.00108	0.00122	0.00186	0.00257	0.00342	0.02665	0.88380	0.04703	0.00406	0.00167	0.00053	0.00076	0.01501	0.00123	0.00108
33	0.00497	0.00326	0.00362	0.00281	0.00381	0.00350	0.00231	0.67905	0.04133	0.18942	0.03000	0.00371	0.00281	0.00163	0.00132	0.00040	0.00133	0.00126	0.02129	0.00218
34	0.02079	0.00258	0.00322	0.00248	0.00349	0.00247	0.00205	0.23149	0.01700	0.66780	0.02954	0.00427	0.00324	0.00164	0.00132	0.00041	0.00118	0.00131	0.00153	0.00220
35	0.00163	0.00119	0.00154	0.00181	0.00194	0.00110	0.00124	0.00189	0.00260	0.00341	0.00794	0.79638	0.11634	0.00401	0.00167	0.00053	0.00078	0.05171	0.00122	0.00108
36	0.00325	0.00314	0.00528	0.03780	0.90623	0.01287	0.00401	0.00403	0.00299	0.00426	0.00247	0.00326	0.00207	0.00118	0.00130	0.00039	0.00158	0.00117	0.00065	0.00206
37	0.00310	0.00268	0.00280	0.00256	0.00320	0.03314	0.00197	0.03206	0.70715	0.00520	0.04628	0.11743	0.00477	0.00209	0.00143	0.00045	0.01754	0.00176	0.01249	0.00189
38	0.00286	0.00250	0.02413	0.02149	0.00336	0.00199	0.00866	0.03909	0.00785	0.02279	0.00251	0.02001	0.00210	0.00113	0.00115	0.00024	0.03503	0.00089	0.00081	0.80141
39	0.00339	0.01380	0.00432	0.01225	0.02922	0.00991	0.26127	0.08193	0.02476	0.15264	0.01156	0.02334	0.01053	0.09098	0.05723	0.00063	0.11892	0.06001	0.01262	0.02068
40	0.00267	0.00143	0.00146	0.00138	0.00176	0.00144	0.00105	0.06916	0.00301	0.01487	0.00419	0.00475	0.00327	0.00153	0.00095	0.00031	0.00068	0.00122	0.86839	0.01646

[dist]
# distance from previous block
# <min> <max>
4	124

[block]
# block no. 12 follows, 245 sequences, length 8
# corresponding to MSA columns:
# 1934-1941
name=unknown_M
#
# <colnr> <probs for GDERKNQSTAVLIFYWHMCP>
#	G	D	E	R	K	N	Q	S	T	A	V	L	I	F	Y	W	H	M	C	P
0	0.03729	0.00464	0.01975	0.00314	0.01857	0.47142	0.02273	0.14769	0.13752	0.01846	0.01699	0.00328	0.01252	0.01352	0.00136	0.00038	0.02150	0.00108	0.01509	0.03305
1	0.00300	0.01181	0.00344	0.04302	0.22070	0.01163	0.03651	0.03767	0.08494	0.07175	0.11078	0.02451	0.09054	0.01267	0.00141	0.00038	0.01238	0.01618	0.00099	0.20570
2	0.01797	0.32372	0.28144	0.03577	0.01751	0.20149	0.04183	0.02918	0.00305	0.01683	0.00227	0.01919	0.00186	0.00129	0.00112	0.00036	0.00180	0.00095	0.00064	0.00174
3	0.00276	0.27681	0.00287	0.00152	0.00207	0.00238	0.00131	0.00332	0.00274	0.00439	0.00358	0.00410	0.00289	0.00142	0.00090	0.00030	0.00084	0.00108	0.68338	0.00136
4	0.00273	0.00234	0.00273	0.00195	0.00312	0.00176	0.00156	0.00332	0.00273	0.00429	0.00234	0.00273	0.00195	0.00098	0.00098	0.00020	0.00098	0.00078	0.00078	0.96178
