[name]
unknown

[dist]
# distance from previous block
# <min> <max>
5	404

[block]
# block no. 0 follows, 266 sequences, length 13
# corresponding to MSA columns:
# 1084-1096
name=unknown_A
#
# <colnr> <probs for GDERKNQSTAVLIFYWHMCP>
#	G	D	E	R	K	N	Q	S	T	A	V	L	I	F	Y	W	H	M	C	P
0	0.07583	0.06754	0.07887	0.07942	0.11528	0.02986	0.02983	0.10122	0.04820	0.06294	0.12178	0.03515	0.01837	0.00738	0.02479	0.00567	0.00857	0.00608	0.00088	0.08235
1	0.06491	0.05732	0.12036	0.07181	0.17737	0.01228	0.10424	0.07902	0.06700	0.06778	0.03273	0.02936	0.01249	0.00149	0.01520	0.00861	0.01617	0.00118	0.01058	0.05010
2	0.01970	0.04726	0.04973	0.29141	0.22640	0.12479	0.02218	0.00872	0.00979	0.02647	0.03441	0.03363	0.01363	0.01094	0.00131	0.00038	0.02552	0.00943	0.00067	0.04364
3	0.02388	0.01661	0.14674	0.08644	0.34492	0.00983	0.06357	0.02686	0.02866	0.11715	0.02064	0.01376	0.00228	0.00124	0.00119	0.00036	0.00141	0.00795	0.00076	0.08575
4	0.00331	0.00219	0.01573	0.01202	0.00303	0.00175	0.01450	0.03561	0.00289	0.24918	0.01391	0.03180	0.00247	0.00999	0.00109	0.00027	0.00098	0.00100	0.01632	0.58195
5	0.00385	0.00178	0.00237	0.00203	0.01672	0.00159	0.00157	0.00441	0.03653	0.52796	0.20474	0.13398	0.02944	0.00205	0.00131	0.00039	0.00089	0.00176	0.00137	0.02526
6	0.10902	0.00120	0.00161	0.00159	0.00167	0.00125	0.00109	0.00181	0.00164	0.00249	0.00207	0.00352	0.00203	0.00389	0.00432	0.85755	0.00105	0.00102	0.00055	0.00062
7	0.00265	0.03244	0.20637	0.01393	0.01287	0.04335	0.05517	0.12486	0.02908	0.02341	0.25287	0.01286	0.07212	0.02677	0.02151	0.01374	0.03949	0.00729	0.00773	0.00149
8	0.00323	0.85192	0.00623	0.00269	0.10812	0.00461	0.00227	0.00366	0.00251	0.00299	0.00176	0.00207	0.00161	0.00105	0.00083	0.00027	0.00132	0.00070	0.00053	0.00161
9	0.01162	0.13081	0.31577	0.00337	0.12032	0.01912	0.01326	0.20622	0.02376	0.01317	0.01448	0.00284	0.01070	0.00122	0.00111	0.00034	0.00144	0.00096	0.00075	0.10873
10	0.01820	0.60773	0.13907	0.10793	0.00402	0.00407	0.00255	0.04141	0.01324	0.03755	0.00204	0.00237	0.00168	0.00122	0.01219	0.00033	0.00142	0.00079	0.00060	0.00161
11	0.00311	0.69341	0.09658	0.00283	0.10830	0.00426	0.00248	0.00380	0.04953	0.00324	0.02147	0.00241	0.00192	0.00112	0.00090	0.00029	0.00134	0.00079	0.00058	0.00164
12	0.01741	0.18105	0.40839	0.00328	0.03345	0.01645	0.13502	0.03852	0.01522	0.04734	0.02733	0.02488	0.00898	0.01740	0.00126	0.00038	0.00826	0.01301	0.00067	0.00168

[dist]
# distance from previous block
# <min> <max>
3	31

[block]
# block no. 1 follows, 266 sequences, length 18
# corresponding to MSA columns:
# 1174,1175,1179-1186,1191-1196,1201,1202
name=unknown_B
#
# <colnr> <probs for GDERKNQSTAVLIFYWHMCP>
#	G	D	E	R	K	N	Q	S	T	A	V	L	I	F	Y	W	H	M	C	P
0	0.14245	0.17658	0.10547	0.01276	0.04323	0.03845	0.01876	0.11715	0.03038	0.17229	0.03254	0.04566	0.01982	0.00144	0.00110	0.00036	0.00687	0.00111	0.00544	0.02813
1	0.03892	0.08141	0.59292	0.04474	0.03019	0.00278	0.01177	0.03006	0.00857	0.02181	0.02290	0.04407	0.02577	0.01851	0.00124	0.00039	0.00155	0.00110	0.00064	0.02065
2	0.02395	0.15264	0.08708	0.03968	0.20815	0.06813	0.01119	0.12072	0.11080	0.02014	0.03569	0.00361	0.04246	0.00137	0.00113	0.00035	0.00133	0.01019	0.01455	0.04684
3	0.03192	0.03243	0.04548	0.05022	0.09819	0.02788	0.01484	0.03393	0.11528	0.04296	0.21858	0.10492	0.10902	0.01633	0.00145	0.00042	0.02062	0.03310	0.00103	0.00143
4	0.00205	0.02056	0.01804	0.03668	0.00239	0.05393	0.00147	0.01520	0.03934	0.02946	0.24318	0.19932	0.22758	0.00276	0.00143	0.00043	0.00087	0.10299	0.00113	0.00120
5	0.05019	0.03257	0.01371	0.01988	0.02577	0.04038	0.00210	0.48753	0.14855	0.01424	0.00319	0.02907	0.00249	0.02547	0.00128	0.00038	0.00123	0.00115	0.03498	0.06584
6	0.43711	0.03571	0.00317	0.01004	0.18774	0.01078	0.06449	0.04241	0.04829	0.05495	0.02560	0.00777	0.00890	0.02753	0.00124	0.00040	0.03052	0.00099	0.00080	0.00155
7	0.02507	0.09194	0.10716	0.08191	0.11998	0.02841	0.13920	0.08357	0.10496	0.06293	0.03484	0.02299	0.00253	0.00138	0.00135	0.00038	0.05170	0.00617	0.00080	0.03273
8	0.00281	0.10837	0.34650	0.03089	0.19483	0.02655	0.07082	0.02649	0.05148	0.02827	0.02619	0.02744	0.03420	0.00137	0.00119	0.00038	0.00152	0.01829	0.00069	0.00171
9	0.00172	0.00127	0.00177	0.00183	0.00201	0.00139	0.00135	0.00214	0.02768	0.00296	0.02154	0.23389	0.01517	0.10102	0.57674	0.00144	0.00231	0.00191	0.00081	0.00105
10	0.02683	0.00313	0.14590	0.06858	0.08248	0.00266	0.21621	0.12877	0.07552	0.05527	0.08857	0.04379	0.04727	0.00155	0.00131	0.00040	0.00777	0.00143	0.00089	0.00166
11	0.02377	0.00343	0.09962	0.14234	0.16420	0.09654	0.16411	0.15259	0.02966	0.06150	0.01349	0.01952	0.00908	0.00132	0.00126	0.00038	0.00822	0.00648	0.00079	0.00171
12	0.00244	0.02623	0.02220	0.68255	0.05181	0.00261	0.00304	0.01888	0.00252	0.02764	0.01450	0.00371	0.01900	0.03111	0.02755	0.00046	0.02103	0.01107	0.00062	0.03104
13	0.00167	0.00120	0.00161	0.05318	0.00220	0.00116	0.00131	0.00995	0.00248	0.01735	0.05953	0.71297	0.03735	0.03284	0.00167	0.00050	0.00080	0.06008	0.00111	0.00105
14	0.00273	0.00271	0.06197	0.45437	0.27386	0.00272	0.09860	0.00355	0.00267	0.05517	0.02839	0.00336	0.00208	0.00121	0.00124	0.00039	0.00157	0.00115	0.00064	0.00161
15	0.01964	0.02195	0.31369	0.11300	0.08020	0.01570	0.08086	0.10349	0.07769	0.08463	0.02274	0.00340	0.00669	0.01043	0.03054	0.00044	0.00713	0.00525	0.00079	0.00174
16	0.00274	0.00337	0.11657	0.05210	0.15059	0.01126	0.51898	0.00366	0.00271	0.00375	0.00254	0.02621	0.00209	0.01453	0.02208	0.00045	0.04890	0.01521	0.00062	0.00163
17	0.00191	0.00145	0.00178	0.00172	0.00177	0.01156	0.00116	0.00204	0.00187	0.00257	0.01491	0.02462	0.00394	0.62309	0.17520	0.00121	0.12597	0.00163	0.00071	0.00090

[dist]
# distance from previous block
# <min> <max>
2	30

[block]
# block no. 2 follows, 266 sequences, length 11
# corresponding to MSA columns:
# 1262-1272
name=unknown_C
#
# <colnr> <probs for GDERKNQSTAVLIFYWHMCP>
#	G	D	E	R	K	N	Q	S	T	A	V	L	I	F	Y	W	H	M	C	P
0	0.13860	0.02069	0.02798	0.08792	0.02347	0.02735	0.01440	0.04689	0.21315	0.14684	0.14941	0.03891	0.01974	0.01061	0.00127	0.00040	0.01126	0.00138	0.00107	0.01866
1	0.02286	0.00215	0.00257	0.05360	0.01436	0.00187	0.00163	0.01424	0.10012	0.02738	0.08425	0.01497	0.00293	0.00121	0.00106	0.00026	0.01143	0.00099	0.00085	0.64125
2	0.04576	0.09507	0.19622	0.01707	0.11551	0.03573	0.02367	0.18032	0.02800	0.13293	0.01308	0.01326	0.01461	0.00762	0.00120	0.00036	0.01099	0.00951	0.00087	0.05822
3	0.00228	0.00112	0.00164	0.00161	0.00166	0.00110	0.00108	0.00183	0.00170	0.05176	0.00235	0.00396	0.00229	0.05577	0.00466	0.86181	0.00107	0.00111	0.00059	0.00062
4	0.00493	0.00231	0.01588	0.00221	0.00306	0.05339	0.00182	0.04727	0.01897	0.73024	0.04061	0.01649	0.00323	0.00170	0.00142	0.05083	0.00110	0.00125	0.00137	0.00190
5	0.00305	0.15907	0.15029	0.06465	0.10970	0.03769	0.12388	0.07789	0.04824	0.06295	0.02717	0.05859	0.02871	0.00156	0.01370	0.00039	0.02005	0.00126	0.00950	0.00165
6	0.02400	0.02168	0.06324	0.05388	0.05993	0.07178	0.03884	0.06240	0.06539	0.03743	0.01897	0.23888	0.09350	0.02467	0.00891	0.00979	0.01679	0.01847	0.00792	0.06353
7	0.06240	0.12378	0.06081	0.09008	0.08464	0.03650	0.02104	0.09291	0.02633	0.18090	0.02735	0.05813	0.01443	0.00144	0.00115	0.00035	0.00897	0.00117	0.00090	0.10671
8	0.01827	0.03093	0.08176	0.21698	0.09091	0.04150	0.02273	0.16877	0.05580	0.07752	0.03775	0.04458	0.01586	0.00992	0.01487	0.00653	0.01292	0.01389	0.00087	0.03765
9	0.09041	0.04188	0.09570	0.16264	0.20106	0.08124	0.09014	0.02975	0.04190	0.05350	0.03021	0.01063	0.00976	0.01700	0.00935	0.00040	0.00787	0.01396	0.00073	0.01188
10	0.04266	0.03174	0.07982	0.14066	0.34344	0.02513	0.02805	0.06574	0.02919	0.07554	0.02424	0.03752	0.02389	0.00144	0.00976	0.00039	0.01003	0.00120	0.00077	0.02879

[dist]
# distance from previous block
# <min> <max>
2	83

[block]
# block no. 3 follows, 266 sequences, length 10
# corresponding to MSA columns:
# 1405-1410,1412-1415
name=unknown_D
#
# <colnr> <probs for GDERKNQSTAVLIFYWHMCP>
#	G	D	E	R	K	N	Q	S	T	A	V	L	I	F	Y	W	H	M	C	P
0	0.03454	0.18690	0.25369	0.01036	0.01648	0.04349	0.01560	0.06453	0.01193	0.08757	0.02680	0.02000	0.01239	0.00138	0.01298	0.00035	0.01623	0.00836	0.00076	0.17567
1	0.06130	0.15939	0.14630	0.01657	0.01258	0.02698	0.01992	0.01592	0.04362	0.04373	0.07859	0.25219	0.06482	0.02008	0.00136	0.00041	0.00979	0.02415	0.00090	0.00138
2	0.04102	0.32125	0.12308	0.01463	0.00341	0.03661	0.02967	0.06901	0.06639	0.11119	0.03690	0.05172	0.01406	0.01899	0.00842	0.00038	0.01477	0.01911	0.00083	0.01857
3	0.03048	0.31503	0.10866	0.06584	0.10865	0.04988	0.01787	0.12068	0.01498	0.07315	0.01543	0.00298	0.01625	0.00128	0.00113	0.00034	0.02658	0.01168	0.00074	0.01836
4	0.00171	0.00129	0.02305	0.00164	0.00185	0.00112	0.00118	0.00199	0.00248	0.03432	0.08242	0.51728	0.15498	0.12115	0.01895	0.00058	0.00084	0.03104	0.00109	0.00104
5	0.00175	0.00131	0.00161	0.00183	0.01478	0.02193	0.00124	0.01747	0.02016	0.01542	0.03612	0.71475	0.04351	0.05884	0.00179	0.00052	0.00081	0.04400	0.00111	0.00106
6	0.00292	0.00267	0.00420	0.42174	0.09295	0.04380	0.17105	0.09176	0.03740	0.04062	0.00271	0.02947	0.00215	0.00135	0.00131	0.00040	0.01712	0.01474	0.02009	0.00156
7	0.02646	0.08296	0.04895	0.12976	0.06507	0.06139	0.02912	0.31663	0.12907	0.04644	0.00307	0.00328	0.02304	0.00141	0.00125	0.00037	0.02792	0.00110	0.00093	0.00178
8	0.01350	0.03189	0.00309	0.02362	0.03029	0.07243	0.00204	0.16325	0.44671	0.14169	0.02391	0.00403	0.01411	0.00155	0.00120	0.00038	0.00115	0.00124	0.01215	0.01174
9	0.38553	0.06801	0.09466	0.03259	0.03366	0.03529	0.06192	0.05843	0.06435	0.05444	0.00252	0.01358	0.01089	0.00170	0.05114	0.00046	0.02753	0.00096	0.00079	0.00153

[dist]
# distance from previous block
# <min> <max>
4	25

[block]
# block no. 4 follows, 266 sequences, length 18
# corresponding to MSA columns:
# 1444-1450,1460-1470
name=unknown_E
#
# <colnr> <probs for GDERKNQSTAVLIFYWHMCP>
#	G	D	E	R	K	N	Q	S	T	A	V	L	I	F	Y	W	H	M	C	P
0	0.06846	0.00923	0.00347	0.13202	0.08823	0.02230	0.04066	0.33856	0.05062	0.03090	0.03503	0.02915	0.00825	0.02974	0.00149	0.00040	0.05300	0.00120	0.00093	0.05637
1	0.09218	0.08151	0.14804	0.18204	0.08787	0.00784	0.02223	0.07914	0.10112	0.07476	0.02809	0.02129	0.01205	0.01014	0.00121	0.00038	0.00931	0.00111	0.00081	0.03888
2	0.01015	0.01216	0.00356	0.10600	0.27242	0.02244	0.01891	0.19912	0.05261	0.05339	0.08302	0.05955	0.01713	0.01516	0.01554	0.00042	0.01892	0.00712	0.00507	0.02729
3	0.00151	0.00109	0.00143	0.00168	0.00177	0.00101	0.00112	0.00173	0.00235	0.00313	0.01934	0.87917	0.03237	0.03056	0.00167	0.00051	0.00072	0.00334	0.00112	0.01438
4	0.01795	0.00235	0.02318	0.19906	0.04881	0.01207	0.02987	0.06029	0.01302	0.03834	0.00286	0.07182	0.01679	0.00135	0.00117	0.00031	0.02202	0.00957	0.00077	0.42840
5	0.01639	0.00256	0.00367	0.07964	0.17590	0.00915	0.10327	0.11546	0.03000	0.06704	0.01323	0.03157	0.00227	0.00121	0.00114	0.00031	0.00125	0.00109	0.00082	0.34401
6	0.49944	0.05293	0.19121	0.01808	0.05046	0.03324	0.01468	0.05172	0.06223	0.01294	0.00215	0.00242	0.00163	0.00119	0.00095	0.00037	0.00125	0.00082	0.00074	0.00155
7	0.00232	0.01569	0.05311	0.02850	0.02515	0.03086	0.02622	0.06383	0.12794	0.02376	0.24155	0.11663	0.18509	0.01812	0.00724	0.00043	0.01134	0.01974	0.00110	0.00137
8	0.00149	0.00113	0.00136	0.00152	0.00171	0.00102	0.00105	0.00174	0.00251	0.00322	0.04778	0.55891	0.32933	0.03918	0.00169	0.00049	0.00069	0.00305	0.00113	0.00100
9	0.01894	0.28775	0.22251	0.07137	0.08470	0.06548	0.08175	0.07315	0.00289	0.02003	0.02263	0.00858	0.00201	0.00867	0.00875	0.00036	0.00156	0.00808	0.00065	0.01014
10	0.00184	0.00134	0.00157	0.00156	0.00192	0.00125	0.00121	0.01668	0.01310	0.03845	0.12739	0.05261	0.45386	0.04663	0.05600	0.00055	0.00696	0.13609	0.03986	0.00112
11	0.01261	0.02226	0.05839	0.08928	0.21071	0.01725	0.18033	0.12282	0.08177	0.04096	0.03927	0.03526	0.01305	0.00166	0.03053	0.00044	0.02590	0.00738	0.00843	0.00170
12	0.01547	0.00249	0.00384	0.62901	0.13074	0.04528	0.04633	0.01855	0.02616	0.00347	0.01440	0.00344	0.01133	0.00127	0.00124	0.00039	0.00873	0.01122	0.00062	0.02603
13	0.00201	0.00792	0.00174	0.00681	0.00879	0.00145	0.00685	0.01936	0.08866	0.00405	0.14733	0.32784	0.02630	0.00268	0.00836	0.00043	0.02162	0.08049	0.23612	0.00119
14	0.01740	0.00235	0.00343	0.23046	0.25345	0.03018	0.02987	0.01660	0.09125	0.04544	0.03522	0.11549	0.03309	0.00170	0.00650	0.00040	0.01087	0.01125	0.00794	0.05710
15	0.01248	0.61700	0.01802	0.00239	0.00331	0.15996	0.01990	0.01699	0.00268	0.02765	0.00187	0.00218	0.00163	0.00118	0.00109	0.00672	0.05639	0.00074	0.00059	0.04724
16	0.03512	0.00176	0.00227	0.00190	0.00258	0.00155	0.00151	0.00436	0.00316	0.56698	0.07872	0.11362	0.14242	0.01995	0.00140	0.00041	0.00090	0.01837	0.00135	0.00166
17	0.04195	0.00496	0.00337	0.00304	0.02130	0.71244	0.02905	0.02128	0.03947	0.02216	0.01684	0.00259	0.00916	0.00128	0.00110	0.00032	0.00192	0.00088	0.00700	0.05990

[dist]
# distance from previous block
# <min> <max>
3	14

[block]
# block no. 5 follows, 266 sequences, length 11
# corresponding to MSA columns:
# 1512-1522
name=unknown_F
#
# <colnr> <probs for GDERKNQSTAVLIFYWHMCP>
#	G	D	E	R	K	N	Q	S	T	A	V	L	I	F	Y	W	H	M	C	P
0	0.22952	0.04700	0.00292	0.00992	0.02167	0.01901	0.00184	0.23536	0.02197	0.29148	0.01560	0.00324	0.00235	0.00946	0.00961	0.00038	0.01630	0.00103	0.03634	0.02499
1	0.05024	0.01244	0.04067	0.09379	0.09111	0.01221	0.01724	0.03025	0.02121	0.19736	0.19123	0.02163	0.09198	0.00175	0.00126	0.00717	0.00105	0.00781	0.00723	0.10237
2	0.00170	0.00128	0.00150	0.00150	0.00183	0.00115	0.00111	0.00219	0.03593	0.02804	0.28455	0.20242	0.40874	0.00298	0.00146	0.00042	0.00066	0.02021	0.00121	0.00112
3	0.01464	0.03356	0.05260	0.08102	0.11294	0.06857	0.13623	0.10806	0.25773	0.02716	0.03460	0.00370	0.01388	0.00147	0.00827	0.00040	0.03124	0.00123	0.01095	0.00173
4	0.06002	0.00286	0.01406	0.00250	0.01204	0.01371	0.00202	0.46234	0.18804	0.12240	0.01790	0.00373	0.00276	0.01324	0.00124	0.00038	0.00116	0.01351	0.06420	0.00189
5	0.00180	0.00126	0.00160	0.00162	0.00188	0.00118	0.00118	0.00234	0.03554	0.02936	0.50047	0.30559	0.06587	0.00288	0.00145	0.00042	0.00065	0.01954	0.02420	0.00114
6	0.04368	0.01398	0.25342	0.04894	0.02556	0.00293	0.29166	0.13034	0.01985	0.05745	0.01585	0.01256	0.00217	0.00881	0.00140	0.00040	0.03838	0.01554	0.01537	0.00170
7	0.00180	0.00122	0.00140	0.00138	0.00140	0.00124	0.00080	0.00180	0.00181	0.00240	0.00403	0.00786	0.03629	0.87367	0.00595	0.02850	0.02520	0.00176	0.00074	0.00076
8	0.00278	0.00285	0.00372	0.00320	0.00324	0.05890	0.00265	0.00305	0.00196	0.00294	0.00162	0.00264	0.00160	0.00208	0.00383	0.00052	0.89948	0.00105	0.00054	0.00134
9	0.00284	0.00248	0.01892	0.05379	0.04815	0.00199	0.00185	0.02770	0.02303	0.00427	0.00248	0.00296	0.00206	0.00111	0.00106	0.00026	0.00108	0.00086	0.00080	0.80232
10	0.01591	0.02089	0.01525	0.06860	0.08395	0.15144	0.03618	0.27616	0.14376	0.03368	0.06181	0.02394	0.01241	0.01058	0.00761	0.00039	0.01718	0.00123	0.01730	0.00171

[dist]
# distance from previous block
# <min> <max>
13	81

[block]
# block no. 6 follows, 266 sequences, length 6
# corresponding to MSA columns:
# 1635-1638,1647,1648
name=unknown_G
#
# <colnr> <probs for GDERKNQSTAVLIFYWHMCP>
#	G	D	E	R	K	N	Q	S	T	A	V	L	I	F	Y	W	H	M	C	P
0	0.00157	0.00117	0.00153	0.05501	0.00212	0.00112	0.00123	0.00183	0.00242	0.00317	0.03829	0.64329	0.14944	0.06216	0.00181	0.00052	0.00078	0.03044	0.00108	0.00101
1	0.00229	0.05548	0.00270	0.00222	0.00234	0.00251	0.00171	0.03102	0.00204	0.00291	0.03492	0.00515	0.00320	0.38326	0.08465	0.00089	0.37954	0.00139	0.00067	0.00111
2	0.03396	0.01835	0.05882	0.02597	0.02147	0.04101	0.38797	0.02269	0.03291	0.00367	0.00226	0.00316	0.00188	0.00150	0.00222	0.00044	0.32060	0.01898	0.00063	0.00154
3	0.00178	0.00126	0.00152	0.00150	0.00184	0.00112	0.00112	0.00219	0.00301	0.05079	0.37680	0.14881	0.36427	0.00290	0.00146	0.00042	0.00065	0.03618	0.00123	0.00113
4	0.01861	0.55241	0.01697	0.00236	0.01638	0.05363	0.01967	0.12788	0.00304	0.06402	0.03659	0.02016	0.00236	0.01626	0.01450	0.00035	0.01654	0.01591	0.00074	0.00161
5	0.55592	0.00229	0.00214	0.00175	0.00260	0.00235	0.00142	0.04801	0.00247	0.05552	0.00224	0.03672	0.00183	0.00120	0.00087	0.00032	0.00095	0.00083	0.00082	0.27974

[dist]
# distance from previous block
# <min> <max>
0	7

[block]
# block no. 7 follows, 266 sequences, length 23
# corresponding to MSA columns:
# 1660-1670,1674-1677,1679-1683,1685-1687
name=unknown_H
#
# <colnr> <probs for GDERKNQSTAVLIFYWHMCP>
#	G	D	E	R	K	N	Q	S	T	A	V	L	I	F	Y	W	H	M	C	P
0	0.00286	0.02134	0.04937	0.07843	0.31043	0.04718	0.01497	0.05520	0.16881	0.01034	0.03797	0.06878	0.04538	0.00161	0.00138	0.00039	0.05005	0.00137	0.00083	0.03332
1	0.00287	0.06937	0.03582	0.12327	0.04660	0.02443	0.01151	0.05119	0.19078	0.03835	0.03027	0.01569	0.01674	0.01090	0.01082	0.00036	0.04908	0.01201	0.00838	0.25158
2	0.00445	0.00559	0.00342	0.00310	0.00371	0.89294	0.00233	0.01805	0.00342	0.00307	0.00194	0.00229	0.00162	0.00140	0.01611	0.00035	0.02253	0.00081	0.01146	0.00141
3	0.00288	0.01486	0.01552	0.00229	0.03825	0.02109	0.02477	0.04118	0.07684	0.05285	0.00257	0.00778	0.00205	0.00108	0.00105	0.00024	0.01867	0.00087	0.00081	0.67436
4	0.00249	0.00222	0.00358	0.07036	0.43027	0.00230	0.03266	0.01338	0.02464	0.01579	0.03824	0.27250	0.00415	0.00206	0.00150	0.00042	0.05632	0.02478	0.00082	0.00154
5	0.00158	0.00120	0.00145	0.00159	0.01340	0.00107	0.00112	0.00190	0.00269	0.01324	0.13644	0.41366	0.36990	0.00329	0.00149	0.00045	0.00068	0.03263	0.00116	0.00105
6	0.00302	0.00319	0.04690	0.01936	0.02031	0.01557	0.52178	0.02221	0.26654	0.03255	0.00319	0.00359	0.00239	0.00127	0.00143	0.00041	0.03236	0.00135	0.00082	0.00174
7	0.04655	0.00325	0.00346	0.01749	0.02358	0.02546	0.00225	0.71339	0.09359	0.04576	0.00310	0.00309	0.00222	0.00145	0.00120	0.00037	0.00130	0.00110	0.00940	0.00199
8	0.00167	0.00123	0.00150	0.00153	0.00181	0.00112	0.00111	0.00210	0.02050	0.01901	0.33798	0.27680	0.27978	0.02713	0.00159	0.00045	0.00067	0.02174	0.00120	0.00109
9	0.00243	0.00214	0.00311	0.01019	0.02489	0.01522	0.09061	0.00752	0.01050	0.02987	0.00719	0.02968	0.00284	0.25616	0.10784	0.00585	0.38047	0.00139	0.01090	0.00121
10	0.00168	0.00120	0.00148	0.00155	0.00175	0.00112	0.00108	0.00202	0.01617	0.02102	0.21478	0.36785	0.17923	0.15355	0.01535	0.00058	0.00079	0.01664	0.00112	0.00103
11	0.01155	0.09234	0.27492	0.12669	0.17432	0.00940	0.06569	0.03894	0.01478	0.02329	0.00228	0.00279	0.00176	0.00114	0.00116	0.00035	0.01452	0.00096	0.00063	0.14250
12	0.05981	0.26692	0.04062	0.13778	0.08205	0.15473	0.03656	0.12514	0.00873	0.01176	0.00209	0.00255	0.00169	0.00125	0.00124	0.00035	0.06356	0.00090	0.00067	0.00160
13	0.00209	0.00154	0.00184	0.00182	0.00205	0.00162	0.00986	0.02420	0.15395	0.01683	0.03344	0.24769	0.01964	0.32111	0.01377	0.00071	0.03605	0.06370	0.04696	0.00114
14	0.01632	0.03310	0.00279	0.00193	0.00300	0.00185	0.02230	0.03184	0.00265	0.03149	0.00225	0.00258	0.00184	0.00095	0.00093	0.00020	0.00096	0.00076	0.00075	0.84151
15	0.00156	0.00125	0.00149	0.00151	0.00184	0.00110	0.01830	0.00191	0.00279	0.00355	0.16615	0.23612	0.50779	0.00311	0.00147	0.00043	0.00068	0.03600	0.00115	0.01180
16	0.00271	0.02002	0.00331	0.18073	0.03578	0.01167	0.03651	0.07062	0.19807	0.01388	0.00307	0.02795	0.00262	0.03476	0.11841	0.00677	0.20182	0.01144	0.00079	0.01908
17	0.00313	0.04548	0.01966	0.12739	0.17644	0.07513	0.05008	0.08500	0.26910	0.01782	0.00326	0.00362	0.00253	0.00138	0.00121	0.00037	0.01335	0.00951	0.09384	0.00171
18	0.00489	0.00221	0.00281	0.00222	0.00309	0.00208	0.00181	0.10147	0.10445	0.69153	0.03383	0.00437	0.02084	0.00158	0.00123	0.00038	0.00103	0.00128	0.01687	0.00200
19	0.00974	0.01047	0.07054	0.06790	0.09952	0.01312	0.05484	0.10444	0.03306	0.24389	0.04830	0.01598	0.00804	0.00570	0.00158	0.00040	0.11947	0.01839	0.07294	0.00170
20	0.00177	0.00119	0.00135	0.00136	0.00138	0.00118	0.00078	0.00179	0.00182	0.00242	0.00414	0.00805	0.03886	0.87359	0.02514	0.01907	0.00120	0.01340	0.00075	0.00076
21	0.00313	0.03066	0.00305	0.01684	0.00309	0.01723	0.00836	0.27027	0.13860	0.03556	0.03257	0.16459	0.02776	0.02290	0.00200	0.00045	0.21269	0.00161	0.00704	0.00158
22	0.06095	0.05413	0.00291	0.02691	0.02813	0.01428	0.02327	0.04031	0.05603	0.15844	0.04962	0.04896	0.00974	0.00156	0.01648	0.00034	0.02218	0.02478	0.00094	0.36002

[dist]
# distance from previous block
# <min> <max>
1	13

[block]
# block no. 8 follows, 266 sequences, length 7
# corresponding to MSA columns:
# 1711,1712,1715-1717,1719,1720
name=unknown_I
#
# <colnr> <probs for GDERKNQSTAVLIFYWHMCP>
#	G	D	E	R	K	N	Q	S	T	A	V	L	I	F	Y	W	H	M	C	P
0	0.01947	0.09848	0.23487	0.05027	0.03115	0.06622	0.05226	0.19391	0.06030	0.02766	0.00255	0.01929	0.00201	0.01298	0.00147	0.00039	0.08905	0.00105	0.00077	0.03585
1	0.00302	0.02847	0.19070	0.10187	0.07197	0.00300	0.26069	0.08789	0.05262	0.03104	0.08020	0.00393	0.00290	0.00148	0.00152	0.00043	0.06122	0.01451	0.00081	0.00174
2	0.00183	0.00128	0.00157	0.00151	0.00184	0.00117	0.00113	0.00226	0.00300	0.05338	0.45053	0.07717	0.28366	0.04590	0.06781	0.00055	0.00084	0.00227	0.00120	0.00113
3	0.00159	0.00119	0.00141	0.00145	0.00169	0.00109	0.00103	0.00187	0.00260	0.00338	0.18581	0.20961	0.36601	0.13256	0.05771	0.02559	0.00087	0.00247	0.00108	0.00100
4	0.00298	0.00164	0.00206	0.00190	0.00236	0.00156	0.00146	0.08117	0.02152	0.26195	0.08575	0.23645	0.07484	0.08413	0.00180	0.00049	0.00092	0.10446	0.03113	0.00141
5	0.11316	0.00282	0.00293	0.00242	0.00323	0.02421	0.00195	0.35671	0.30722	0.11189	0.03498	0.00371	0.00295	0.00152	0.00117	0.00038	0.00112	0.00118	0.02457	0.00188
6	0.50428	0.00258	0.00244	0.00205	0.00283	0.00287	0.00167	0.29016	0.03449	0.07517	0.00276	0.06892	0.00222	0.00147	0.00100	0.00038	0.00106	0.00105	0.00099	0.00160

[dist]
# distance from previous block
# <min> <max>
0	2

[block]
# block no. 9 follows, 266 sequences, length 18
# corresponding to MSA columns:
# 1727,1742-1758
name=unknown_J
#
# <colnr> <probs for GDERKNQSTAVLIFYWHMCP>
#	G	D	E	R	K	N	Q	S	T	A	V	L	I	F	Y	W	H	M	C	P
0	0.01345	0.03435	0.03389	0.49018	0.06303	0.03565	0.00703	0.03061	0.01811	0.03169	0.00250	0.04524	0.00211	0.00783	0.00889	0.00468	0.09468	0.01115	0.00066	0.06429
1	0.01512	0.00254	0.00346	0.54371	0.03696	0.07588	0.00289	0.06232	0.01881	0.00344	0.00235	0.01394	0.00196	0.04099	0.02052	0.00048	0.13436	0.00852	0.01035	0.00139
2	0.06705	0.00258	0.00384	0.21265	0.39948	0.01340	0.00947	0.03994	0.01516	0.02309	0.00897	0.00300	0.00192	0.00116	0.00120	0.00035	0.02416	0.00101	0.01166	0.15991
3	0.00219	0.00171	0.00215	0.00799	0.01269	0.03026	0.00155	0.04666	0.00890	0.01053	0.03214	0.03681	0.01937	0.24275	0.26545	0.05452	0.12824	0.07673	0.01383	0.00552
4	0.00182	0.00121	0.00145	0.00146	0.00154	0.00122	0.00092	0.00192	0.00193	0.01776	0.00432	0.05958	0.03683	0.69399	0.11024	0.01323	0.00135	0.03561	0.01278	0.00084
5	0.00203	0.00170	0.00254	0.01713	0.03826	0.00206	0.02434	0.00242	0.00203	0.00294	0.02285	0.01355	0.00304	0.09200	0.55221	0.00140	0.20586	0.01183	0.00066	0.00116
6	0.00274	0.01333	0.01277	0.01270	0.01894	0.03824	0.01909	0.16473	0.11905	0.05229	0.23949	0.05381	0.10421	0.01998	0.07178	0.02256	0.00115	0.01051	0.02117	0.00145
7	0.00182	0.00125	0.00179	0.00180	0.00193	0.00138	0.00132	0.00200	0.00192	0.00269	0.02081	0.05738	0.00352	0.14353	0.54451	0.18422	0.01621	0.01030	0.00068	0.00093
8	0.00345	0.73906	0.00573	0.00232	0.00324	0.14692	0.00216	0.02039	0.01600	0.00301	0.00179	0.00208	0.00161	0.00114	0.00100	0.00029	0.04701	0.00071	0.00056	0.00155
9	0.00169	0.00122	0.00164	0.00188	0.00207	0.00117	0.00145	0.00207	0.00262	0.00345	0.06581	0.46545	0.06380	0.00352	0.00159	0.00051	0.00086	0.37701	0.00114	0.00106
10	0.01117	0.03679	0.14049	0.02119	0.01029	0.01186	0.13306	0.06440	0.01840	0.05258	0.07888	0.06803	0.11059	0.00208	0.00136	0.00041	0.00125	0.17956	0.00094	0.05669
11	0.05521	0.01174	0.07954	0.02039	0.08153	0.04087	0.01801	0.22569	0.22384	0.21347	0.01507	0.00355	0.00265	0.00143	0.00119	0.00038	0.00125	0.00115	0.00111	0.00191
12	0.80749	0.02168	0.01820	0.00174	0.00254	0.00273	0.00147	0.03671	0.00235	0.09294	0.00204	0.00223	0.00151	0.00118	0.00082	0.00037	0.00099	0.00073	0.00083	0.00143
13	0.00325	0.01261	0.02829	0.13845	0.34946	0.02908	0.06272	0.11326	0.04889	0.09880	0.05123	0.02749	0.01381	0.00140	0.00129	0.00038	0.01573	0.00125	0.00084	0.00176
14	0.00200	0.00154	0.01092	0.00166	0.00206	0.00145	0.00129	0.04975	0.06979	0.02805	0.36843	0.06478	0.30812	0.01320	0.00151	0.00042	0.01642	0.04050	0.01689	0.00123
15	0.01127	0.08812	0.11603	0.02199	0.01489	0.01055	0.07469	0.07530	0.14888	0.02516	0.10552	0.04585	0.21184	0.00203	0.00746	0.00040	0.02144	0.01610	0.00098	0.00150
16	0.00279	0.00263	0.00399	0.21462	0.42712	0.03661	0.02843	0.01389	0.01826	0.00951	0.00263	0.00338	0.02765	0.01209	0.00125	0.00035	0.00999	0.00832	0.00661	0.16988
17	0.01229	0.00157	0.00181	0.01073	0.00213	0.00153	0.00129	0.09531	0.04950	0.01309	0.41177	0.04044	0.31357	0.00256	0.00143	0.00040	0.01281	0.01794	0.00859	0.00125

[dist]
# distance from previous block
# <min> <max>
6	45

[block]
# block no. 10 follows, 266 sequences, length 9
# corresponding to MSA columns:
# 1823-1829,1832,1833
name=unknown_K
#
# <colnr> <probs for GDERKNQSTAVLIFYWHMCP>
#	G	D	E	R	K	N	Q	S	T	A	V	L	I	F	Y	W	H	M	C	P
0	0.06443	0.03228	0.01403	0.06950	0.07833	0.05811	0.02072	0.39579	0.06051	0.03153	0.01997	0.02197	0.02666	0.03456	0.01459	0.00042	0.01356	0.00762	0.01168	0.02375
1	0.00187	0.00132	0.00171	0.01792	0.00210	0.00130	0.00137	0.02060	0.02576	0.01695	0.14354	0.30343	0.03946	0.12842	0.03198	0.02545	0.00097	0.22379	0.01097	0.00107
2	0.02745	0.05363	0.43725	0.09656	0.12538	0.04062	0.04086	0.07458	0.01496	0.02490	0.00242	0.01147	0.00186	0.00126	0.00122	0.00038	0.01923	0.01323	0.01102	0.00173
3	0.01802	0.04235	0.06178	0.23740	0.14253	0.07330	0.05373	0.09536	0.10361	0.01550	0.03130	0.02910	0.03867	0.00929	0.00869	0.00040	0.02495	0.00124	0.00078	0.01198
4	0.00226	0.00154	0.00172	0.00163	0.00180	0.02042	0.00109	0.08408	0.00239	0.03914	0.02982	0.06407	0.00452	0.61559	0.00451	0.00091	0.02102	0.04765	0.05485	0.00100
5	0.00309	0.02180	0.22900	0.10805	0.10035	0.00247	0.02298	0.08910	0.03830	0.16111	0.09449	0.03106	0.01310	0.00193	0.05298	0.00047	0.00971	0.00128	0.01706	0.00169
6	0.02491	0.00141	0.00177	0.00166	0.00198	0.00133	0.01961	0.01980	0.01892	0.03567	0.41839	0.12909	0.08692	0.16301	0.01507	0.00055	0.00083	0.02118	0.00113	0.03675
7	0.00439	0.02171	0.00365	0.00277	0.00370	0.02911	0.03800	0.75910	0.02888	0.03664	0.00303	0.00308	0.00217	0.00144	0.00120	0.00036	0.00133	0.00111	0.05638	0.00197
8	0.00279	0.02696	0.00290	0.01609	0.01403	0.02088	0.03994	0.03524	0.01977	0.04888	0.02499	0.01507	0.00221	0.00106	0.00099	0.00023	0.00102	0.00088	0.00079	0.72528

[dist]
# distance from previous block
# <min> <max>
1	13

[block]
# block no. 11 follows, 266 sequences, length 7
# corresponding to MSA columns:
# 1854-1860
name=unknown_L
#
# <colnr> <probs for GDERKNQSTAVLIFYWHMCP>
#	G	D	E	R	K	N	Q	S	T	A	V	L	I	F	Y	W	H	M	C	P
0	0.01185	0.00172	0.00221	0.01972	0.01959	0.01072	0.01468	0.05595	0.07712	0.02818	0.03099	0.12355	0.03815	0.17680	0.18236	0.07673	0.08716	0.02402	0.01732	0.00117
1	0.00179	0.00123	0.00153	0.00164	0.00191	0.00112	0.00122	0.00211	0.00265	0.05700	0.06270	0.40694	0.29172	0.02733	0.00163	0.00048	0.00076	0.13399	0.00115	0.00109
2	0.08076	0.00188	0.00238	0.00201	0.00269	0.00176	0.00160	0.04154	0.02915	0.52355	0.10445	0.17351	0.00475	0.00204	0.00128	0.00040	0.00094	0.02228	0.00134	0.00170
3	0.00181	0.00123	0.00146	0.00150	0.00164	0.00119	0.00099	0.01868	0.00233	0.01940	0.09535	0.22753	0.10222	0.42815	0.03091	0.00081	0.00099	0.02383	0.03904	0.00095
4	0.02289	0.00189	0.00223	0.01615	0.01921	0.04706	0.03504	0.05747	0.10139	0.06560	0.08657	0.33071	0.12477	0.01809	0.01147	0.00046	0.01355	0.01951	0.01528	0.01067
5	0.75222	0.00241	0.00199	0.00173	0.00249	0.02428	0.00141	0.05136	0.00244	0.06046	0.02416	0.00242	0.00177	0.00120	0.00084	0.00037	0.00098	0.00077	0.02722	0.03948
6	0.01296	0.02096	0.01338	0.21386	0.05381	0.09040	0.03722	0.15439	0.17993	0.09107	0.04048	0.01480	0.01810	0.00162	0.01621	0.00041	0.01756	0.01084	0.00094	0.01108

[dist]
# distance from previous block
# <min> <max>
0	9

[block]
# block no. 12 follows, 266 sequences, length 11
# corresponding to MSA columns:
# 1875-1885
name=unknown_M
#
# <colnr> <probs for GDERKNQSTAVLIFYWHMCP>
#	G	D	E	R	K	N	Q	S	T	A	V	L	I	F	Y	W	H	M	C	P
0	0.20809	0.12253	0.07630	0.09304	0.06195	0.07558	0.02270	0.10591	0.00286	0.06829	0.01321	0.00312	0.00208	0.04941	0.06036	0.00050	0.01110	0.00098	0.02045	0.00153
1	0.86748	0.00250	0.00199	0.00182	0.02257	0.03375	0.00144	0.02817	0.00226	0.02653	0.00182	0.00208	0.00140	0.00115	0.00080	0.00037	0.00101	0.00070	0.00078	0.00137
2	0.01645	0.00216	0.02194	0.01890	0.02086	0.08071	0.01652	0.08961	0.01588	0.05560	0.06593	0.05567	0.03782	0.03247	0.37167	0.00103	0.03346	0.05041	0.01157	0.00132
3	0.00166	0.00129	0.00154	0.00154	0.00186	0.00118	0.01310	0.01244	0.01736	0.00372	0.23641	0.16792	0.39552	0.06011	0.00175	0.00047	0.00072	0.06642	0.01392	0.00108
4	0.00290	0.01194	0.00311	0.00272	0.00303	0.20059	0.01776	0.03557	0.01861	0.01958	0.03817	0.07605	0.06273	0.00266	0.08170	0.00057	0.38401	0.01353	0.00074	0.02402
5	0.00155	0.00115	0.00142	0.00157	0.00174	0.00105	0.00109	0.00182	0.00253	0.00332	0.11988	0.52160	0.20647	0.08719	0.00193	0.00053	0.00073	0.04230	0.00112	0.00100
6	0.00168	0.00121	0.00157	0.00168	0.00187	0.00115	0.00121	0.00204	0.00272	0.01562	0.28662	0.43957	0.07729	0.04926	0.01526	0.00051	0.01605	0.08247	0.00116	0.00106
7	0.01429	0.24219	0.01909	0.01627	0.00356	0.03447	0.00223	0.49607	0.06763	0.04469	0.00279	0.01233	0.00212	0.00139	0.00116	0.00035	0.02160	0.00102	0.01489	0.00185
8	0.03431	0.00208	0.00258	0.03115	0.01351	0.02514	0.01709	0.10347	0.09994	0.28054	0.04142	0.08788	0.00411	0.01004	0.01681	0.08208	0.00113	0.13726	0.00793	0.00156
9	0.03935	0.02236	0.01701	0.18786	0.42571	0.02623	0.03044	0.07666	0.06357	0.02603	0.01614	0.00338	0.01265	0.00135	0.00920	0.00039	0.02430	0.00752	0.00813	0.00173
10	0.00351	0.00278	0.00301	0.01995	0.01968	0.01761	0.00205	0.24374	0.54477	0.04832	0.01673	0.00401	0.00318	0.00156	0.00124	0.00039	0.01118	0.00126	0.02167	0.03335

[dist]
# distance from previous block
# <min> <max>
1	7

[block]
# block no. 13 follows, 266 sequences, length 9
# corresponding to MSA columns:
# 1898-1901,1903-1907
name=unknown_N
#
# <colnr> <probs for GDERKNQSTAVLIFYWHMCP>
#	G	D	E	R	K	N	Q	S	T	A	V	L	I	F	Y	W	H	M	C	P
0	0.00283	0.01440	0.28192	0.04506	0.01661	0.01329	0.46548	0.03587	0.02226	0.02084	0.00255	0.00338	0.00196	0.00123	0.00142	0.00041	0.03828	0.02989	0.00064	0.00168
1	0.00203	0.00143	0.02844	0.03293	0.02700	0.00136	0.00141	0.01010	0.01152	0.01249	0.11856	0.18451	0.03546	0.02974	0.02642	0.41338	0.02680	0.01066	0.01513	0.01063
2	0.00190	0.00150	0.00180	0.00175	0.01854	0.01830	0.02198	0.00242	0.03681	0.03437	0.30046	0.08821	0.39583	0.01342	0.00156	0.00042	0.03077	0.01681	0.01197	0.00118
3	0.31728	0.03989	0.01203	0.05210	0.01361	0.01932	0.00865	0.07636	0.04205	0.21010	0.01954	0.00373	0.00252	0.03908	0.01993	0.00749	0.04391	0.03696	0.03391	0.00155
4	0.03624	0.03891	0.09758	0.00314	0.00413	0.04574	0.18228	0.25780	0.23967	0.05027	0.00327	0.01695	0.00245	0.00141	0.00127	0.00039	0.01447	0.00121	0.00098	0.00183
5	0.00241	0.00139	0.00181	0.00181	0.00214	0.00129	0.00137	0.00288	0.02845	0.17788	0.18111	0.35296	0.03763	0.03803	0.00163	0.00048	0.00082	0.13480	0.02985	0.00126
6	0.00275	0.00260	0.00437	0.35528	0.46741	0.00280	0.05028	0.02072	0.03849	0.00379	0.01932	0.00327	0.00206	0.00118	0.00122	0.00038	0.00150	0.00113	0.00063	0.02083
7	0.01704	0.00147	0.00197	0.00196	0.00233	0.00141	0.02554	0.00261	0.01582	0.06022	0.21105	0.10101	0.14773	0.00288	0.00156	0.00047	0.02030	0.36518	0.00116	0.01828
8	0.04084	0.13236	0.11904	0.00293	0.00380	0.55454	0.00253	0.09987	0.02674	0.00370	0.00207	0.00234	0.00166	0.00124	0.00107	0.00033	0.00187	0.00082	0.00068	0.00156

[dist]
# distance from previous block
# <min> <max>
1	3

[block]
# block no. 14 follows, 266 sequences, length 11
# corresponding to MSA columns:
# 1918,1919,1934-1936,1938-1943
name=unknown_O
#
# <colnr> <probs for GDERKNQSTAVLIFYWHMCP>
#	G	D	E	R	K	N	Q	S	T	A	V	L	I	F	Y	W	H	M	C	P
0	0.21099	0.04967	0.06641	0.10097	0.06438	0.10730	0.01862	0.10299	0.12677	0.04582	0.01003	0.01023	0.00214	0.00134	0.00115	0.00037	0.02482	0.01086	0.00083	0.04431
1	0.01623	0.00143	0.00176	0.00161	0.00201	0.00135	0.00123	0.04512	0.01532	0.08645	0.59879	0.05449	0.12080	0.00242	0.00138	0.00039	0.00067	0.00210	0.04520	0.00126
2	0.04113	0.01352	0.01632	0.19027	0.15506	0.03728	0.04421	0.08257	0.09579	0.19787	0.02009	0.01293	0.02346	0.01217	0.00833	0.00041	0.01198	0.01293	0.02196	0.00170
3	0.19647	0.18841	0.02475	0.00228	0.02091	0.01698	0.00193	0.20426	0.02122	0.25377	0.01918	0.00305	0.00228	0.00133	0.00103	0.00035	0.00115	0.00097	0.03791	0.00175
4	0.01389	0.00159	0.00193	0.00179	0.00218	0.00154	0.00132	0.09812	0.02149	0.16701	0.15959	0.25054	0.08437	0.14269	0.01093	0.00055	0.00091	0.01759	0.02066	0.00131
5	0.01755	0.03472	0.01692	0.01035	0.01318	0.01264	0.01319	0.05292	0.09491	0.52485	0.05762	0.00432	0.00335	0.00182	0.00963	0.07095	0.00107	0.01108	0.04715	0.00178
6	0.00190	0.00114	0.00144	0.00144	0.00145	0.00115	0.00088	0.00175	0.00177	0.00239	0.02203	0.00640	0.00373	0.56981	0.03105	0.32854	0.00117	0.00151	0.01976	0.00069
7	0.01680	0.03936	0.00318	0.01111	0.00326	0.07805	0.02331	0.37833	0.14209	0.08388	0.01079	0.01215	0.00255	0.00189	0.00172	0.13452	0.01143	0.01391	0.02998	0.00167
8	0.08141	0.05145	0.04812	0.09708	0.07608	0.04374	0.03349	0.12988	0.02900	0.09468	0.01877	0.01049	0.00213	0.00130	0.00129	0.00034	0.06854	0.00100	0.00083	0.21038
9	0.07206	0.64964	0.04811	0.00231	0.00331	0.05770	0.01808	0.07379	0.01824	0.02554	0.00196	0.00220	0.00166	0.00114	0.00094	0.00030	0.02002	0.00075	0.00063	0.00160
10	0.61352	0.03163	0.01459	0.03499	0.00300	0.02477	0.00171	0.20811	0.00299	0.03555	0.00210	0.00232	0.00157	0.00122	0.00090	0.00037	0.00111	0.00079	0.00086	0.01790

[dist]
# distance from previous block
# <min> <max>
3	23

[block]
# block no. 15 follows, 266 sequences, length 14
# corresponding to MSA columns:
# 1984,1985,1988,1990-1992,2009-2011,2014-2018
name=unknown_P
#
# <colnr> <probs for GDERKNQSTAVLIFYWHMCP>
#	G	D	E	R	K	N	Q	S	T	A	V	L	I	F	Y	W	H	M	C	P
0	0.02514	0.00238	0.00264	0.00219	0.00291	0.00250	0.00175	0.32245	0.17619	0.15370	0.10316	0.02833	0.15632	0.00192	0.00128	0.00039	0.00100	0.00157	0.01246	0.00173
1	0.03483	0.00209	0.00233	0.00212	0.01122	0.05135	0.00162	0.12200	0.07701	0.13037	0.09988	0.17681	0.11130	0.04628	0.04071	0.00052	0.06674	0.01279	0.00861	0.00143
2	0.66226	0.00265	0.00233	0.00197	0.00277	0.00302	0.00161	0.24638	0.05791	0.00602	0.00221	0.00238	0.00165	0.00125	0.00090	0.00038	0.00105	0.00082	0.00090	0.00155
3	0.15829	0.17349	0.10081	0.05111	0.22734	0.02376	0.03364	0.08047	0.03696	0.02506	0.03258	0.02182	0.01274	0.00130	0.00112	0.00036	0.01571	0.00104	0.00073	0.00166
4	0.09864	0.42833	0.19293	0.00259	0.01812	0.10863	0.01014	0.05588	0.01350	0.03289	0.00208	0.00947	0.00171	0.00814	0.00103	0.00033	0.01250	0.00082	0.00064	0.00161
5	0.79656	0.01907	0.00206	0.00174	0.00251	0.01809	0.00143	0.04833	0.01339	0.06240	0.00202	0.00222	0.00152	0.00118	0.00082	0.00037	0.00099	0.00073	0.01110	0.01346
6	0.00273	0.10399	0.53342	0.03783	0.01279	0.01153	0.10049	0.02542	0.02340	0.01796	0.02250	0.01435	0.02512	0.01140	0.00139	0.00041	0.04364	0.00927	0.00065	0.00172
7	0.00188	0.00130	0.00164	0.00154	0.00188	0.00119	0.00117	0.01366	0.00334	0.04349	0.71560	0.02011	0.15020	0.00255	0.00143	0.00039	0.00062	0.02082	0.01600	0.00118
8	0.05120	0.00165	0.00210	0.00197	0.00230	0.00185	0.00152	0.08088	0.05160	0.03069	0.05003	0.04590	0.01926	0.10043	0.50822	0.00131	0.03566	0.00145	0.01074	0.00123
9	0.00218	0.00315	0.27956	0.02649	0.01502	0.00869	0.10952	0.00948	0.01549	0.00396	0.22706	0.05892	0.13370	0.00198	0.00151	0.00041	0.06516	0.01314	0.02317	0.00142
10	0.00206	0.00109	0.00161	0.00161	0.00163	0.00112	0.00109	0.00166	0.00164	0.00221	0.00235	0.00409	0.00236	0.06548	0.10339	0.80302	0.00130	0.00113	0.00056	0.00060
11	0.01439	0.69627	0.04432	0.00226	0.00327	0.02764	0.00218	0.15375	0.00302	0.00374	0.00207	0.02473	0.00182	0.00119	0.00089	0.00029	0.00132	0.00081	0.01440	0.00163
12	0.03170	0.00135	0.00169	0.00174	0.00203	0.00130	0.00133	0.01328	0.03911	0.02306	0.34182	0.27832	0.09100	0.00297	0.00148	0.00045	0.00076	0.16426	0.00121	0.00115
13	0.10269	0.03224	0.05510	0.37982	0.08357	0.08036	0.03358	0.04899	0.02534	0.09005	0.02359	0.02612	0.00219	0.00134	0.00119	0.00039	0.01006	0.00111	0.00075	0.00155

[dist]
# distance from previous block
# <min> <max>
1	6

[block]
# block no. 16 follows, 266 sequences, length 13
# corresponding to MSA columns:
# 2031-2034,2036-2044
name=unknown_Q
#
# <colnr> <probs for GDERKNQSTAVLIFYWHMCP>
#	G	D	E	R	K	N	Q	S	T	A	V	L	I	F	Y	W	H	M	C	P
0	0.01969	0.05608	0.02615	0.40768	0.19896	0.02450	0.04624	0.07131	0.04012	0.05254	0.01255	0.01199	0.00972	0.00129	0.00120	0.00038	0.00148	0.01000	0.00071	0.00739
1	0.00228	0.00124	0.00133	0.00131	0.00161	0.00124	0.00098	0.01050	0.02691	0.02723	0.05451	0.01767	0.02630	0.05016	0.03493	0.00865	0.00074	0.02339	0.70786	0.00116
2	0.00190	0.00162	0.04741	0.03418	0.00236	0.00140	0.01388	0.01125	0.05149	0.02859	0.31944	0.23596	0.15367	0.04562	0.00165	0.00046	0.00082	0.04595	0.00114	0.00119
3	0.09347	0.02809	0.01630	0.04393	0.05454	0.11560	0.01864	0.06639	0.03373	0.15559	0.02108	0.02117	0.00241	0.03173	0.03660	0.00892	0.22837	0.00113	0.02076	0.00153
4	0.00259	0.00233	0.00372	0.48134	0.25514	0.01216	0.01194	0.02132	0.03407	0.02778	0.07243	0.01338	0.03271	0.00142	0.00128	0.00040	0.01261	0.01115	0.00071	0.00153
5	0.03463	0.00132	0.00172	0.00171	0.02006	0.00135	0.00877	0.00209	0.01045	0.04387	0.02735	0.02737	0.01080	0.39174	0.01376	0.37301	0.02703	0.00145	0.00071	0.00082
6	0.01891	0.01284	0.05515	0.14063	0.11510	0.02630	0.05640	0.01576	0.12927	0.03390	0.13867	0.02298	0.09170	0.01036	0.04129	0.00047	0.05140	0.01342	0.00089	0.02455
7	0.00329	0.89365	0.03317	0.00217	0.00322	0.04171	0.00217	0.00371	0.00252	0.00290	0.00172	0.00198	0.00157	0.00106	0.00081	0.00027	0.00135	0.00066	0.00053	0.00157
8	0.00280	0.28375	0.44414	0.00276	0.00406	0.01106	0.01913	0.02406	0.00270	0.04126	0.05456	0.00324	0.02146	0.00977	0.01099	0.00037	0.01339	0.01372	0.00065	0.03613
9	0.87445	0.02478	0.00201	0.00169	0.00246	0.00284	0.00140	0.04565	0.02770	0.00550	0.00184	0.00209	0.00143	0.00116	0.00079	0.00038	0.00097	0.00070	0.00078	0.00138
10	0.14906	0.00218	0.00225	0.00192	0.00254	0.02789	0.00153	0.20062	0.05780	0.14627	0.00364	0.05622	0.00285	0.00169	0.01800	0.00038	0.01780	0.00121	0.30459	0.00155
11	0.00203	0.00147	0.00180	0.00173	0.00203	0.00147	0.01316	0.02211	0.09516	0.04335	0.20759	0.15527	0.15987	0.18968	0.06729	0.00068	0.01271	0.02036	0.00108	0.00116
12	0.36001	0.03249	0.03778	0.08912	0.14481	0.06490	0.01715	0.03163	0.02106	0.01275	0.03382	0.02473	0.01417	0.00151	0.01702	0.01094	0.03164	0.00851	0.01041	0.03556

[dist]
# distance from previous block
# <min> <max>
9	28

[block]
# block no. 17 follows, 266 sequences, length 16
# corresponding to MSA columns:
# 2077-2082,2112-2121
name=unknown_R
#
# <colnr> <probs for GDERKNQSTAVLIFYWHMCP>
#	G	D	E	R	K	N	Q	S	T	A	V	L	I	F	Y	W	H	M	C	P
0	0.00192	0.00135	0.00191	0.02422	0.00218	0.00150	0.00143	0.02020	0.01903	0.00287	0.01308	0.07733	0.02945	0.06525	0.48845	0.20366	0.02787	0.01660	0.00071	0.00099
1	0.00190	0.00133	0.00163	0.00164	0.00187	0.01016	0.00117	0.01889	0.03348	0.02894	0.29469	0.25923	0.09183	0.13703	0.02988	0.03120	0.00087	0.03415	0.01903	0.00109
2	0.02562	0.00208	0.00274	0.00213	0.00303	0.00186	0.00175	0.03559	0.02488	0.81619	0.03930	0.00448	0.03139	0.00159	0.00123	0.00038	0.00101	0.00129	0.00146	0.00199
3	0.00241	0.00155	0.00174	0.00161	0.00204	0.00153	0.00123	0.03023	0.14644	0.08236	0.22725	0.04247	0.17822	0.00211	0.00122	0.00037	0.00071	0.00178	0.27340	0.00134
4	0.92207	0.00235	0.00184	0.00163	0.00239	0.00269	0.00134	0.00369	0.00214	0.04844	0.00184	0.00208	0.00140	0.00115	0.00078	0.00038	0.00095	0.00069	0.00079	0.00136
5	0.01898	0.05038	0.00374	0.00273	0.00370	0.00368	0.01486	0.80598	0.01803	0.05132	0.00297	0.00297	0.00211	0.00144	0.00119	0.00036	0.00132	0.00108	0.01112	0.00202
6	0.01353	0.14042	0.06514	0.02214	0.07446	0.14633	0.10033	0.19677	0.11083	0.05409	0.01604	0.00310	0.00224	0.00155	0.03052	0.00041	0.01260	0.00107	0.00670	0.00173
