[name]
unknown

[dist]
# distance from previous block
# <min> <max>
2	344

[block]
# block no. 0 follows, 304 sequences, length 15
# corresponding to MSA columns:
# 1173-1187
name=unknown_A
#
# <colnr> <probs for GDERKNQSTAVLIFYWHMCP>
#	G	D	E	R	K	N	Q	S	T	A	V	L	I	F	Y	W	H	M	C	P
0	0.02763	0.02350	0.00350	0.43866	0.17845	0.08395	0.07233	0.05459	0.00247	0.01704	0.01598	0.03506	0.00189	0.00142	0.03873	0.00040	0.00145	0.00104	0.00058	0.00134
1	0.00218	0.05147	0.09286	0.04000	0.12769	0.00181	0.00187	0.01025	0.01020	0.01077	0.05996	0.08741	0.01350	0.00143	0.02405	0.00030	0.00100	0.02242	0.00068	0.44015
2	0.02521	0.12246	0.25317	0.01668	0.10874	0.00852	0.01626	0.11479	0.08533	0.05807	0.04730	0.02690	0.00255	0.00130	0.00102	0.00033	0.00116	0.03827	0.07043	0.00150
3	0.61195	0.00232	0.03969	0.04386	0.05133	0.02835	0.00166	0.00319	0.00197	0.05091	0.00170	0.00208	0.00134	0.00118	0.00118	0.01689	0.12321	0.00071	0.00064	0.01586
4	0.00157	0.00119	0.00152	0.02266	0.00195	0.00116	0.00128	0.00209	0.05677	0.00325	0.15233	0.25809	0.16514	0.02036	0.01573	0.00045	0.00078	0.29169	0.00101	0.00099
5	0.00327	0.03745	0.05926	0.00268	0.09003	0.07440	0.01593	0.21680	0.06656	0.16401	0.02267	0.00317	0.00224	0.07052	0.00165	0.00038	0.11296	0.00101	0.00084	0.05417
6	0.00222	0.00205	0.00340	0.74482	0.09190	0.00244	0.04024	0.05942	0.00238	0.00311	0.00211	0.00317	0.00166	0.00114	0.00110	0.00036	0.00141	0.03525	0.00054	0.00128
7	0.00224	0.05301	0.75471	0.04246	0.05143	0.00260	0.07206	0.00337	0.00229	0.00335	0.00193	0.00234	0.00140	0.00101	0.00103	0.00034	0.00156	0.00083	0.00047	0.00156
8	0.00154	0.00111	0.00144	0.00148	0.00171	0.00101	0.00108	0.00190	0.00251	0.01761	0.37751	0.41747	0.03199	0.00266	0.00129	0.00038	0.00062	0.06495	0.00105	0.07068
9	0.00205	0.00149	0.01025	0.01970	0.01726	0.00151	0.09505	0.06683	0.00212	0.04295	0.00984	0.04993	0.03741	0.22000	0.19610	0.15298	0.01203	0.02122	0.04030	0.00098
10	0.08436	0.03345	0.02171	0.00210	0.00280	0.06374	0.04367	0.11698	0.04193	0.37226	0.07197	0.05085	0.00316	0.00154	0.00779	0.00035	0.01897	0.04579	0.00103	0.01555
11	0.00133	0.00096	0.00126	0.00147	0.00156	0.00089	0.00099	0.00154	0.00215	0.00287	0.07452	0.85120	0.04877	0.00326	0.00136	0.00043	0.00061	0.00295	0.00101	0.00089
12	0.05448	0.00154	0.00190	0.08587	0.01636	0.02163	0.01015	0.01141	0.08825	0.04999	0.03493	0.26789	0.16436	0.01282	0.02716	0.00044	0.04565	0.10315	0.00091	0.00111
13	0.53741	0.03024	0.01704	0.00182	0.04388	0.01561	0.00141	0.03677	0.04390	0.01697	0.00211	0.00266	0.00764	0.02774	0.08546	0.02016	0.00627	0.01834	0.01366	0.07091
14	0.22363	0.20990	0.12048	0.01196	0.00987	0.03888	0.01283	0.08141	0.12865	0.06317	0.00242	0.04170	0.00197	0.00882	0.00099	0.00032	0.02246	0.00089	0.00073	0.01891

[dist]
# distance from previous block
# <min> <max>
19	59

[block]
# block no. 1 follows, 304 sequences, length 12
# corresponding to MSA columns:
# 1332-1339,1348-1351
name=unknown_B
#
# <colnr> <probs for GDERKNQSTAVLIFYWHMCP>
#	G	D	E	R	K	N	Q	S	T	A	V	L	I	F	Y	W	H	M	C	P
0	0.00197	0.00100	0.00150	0.03430	0.00165	0.00101	0.00102	0.00159	0.00149	0.03597	0.00200	0.00338	0.00194	0.03122	0.00403	0.87295	0.00095	0.00096	0.00050	0.00055
1	0.02623	0.02940	0.31182	0.04991	0.22612	0.00875	0.08377	0.01995	0.02060	0.04396	0.05101	0.03763	0.06190	0.00130	0.00111	0.00034	0.00974	0.00754	0.00745	0.00148
2	0.00190	0.00139	0.03068	0.04671	0.00953	0.02578	0.03392	0.00986	0.00899	0.00241	0.03680	0.11202	0.02232	0.01575	0.00307	0.56391	0.01645	0.05715	0.00061	0.00074
3	0.00231	0.00200	0.03609	0.17541	0.06526	0.01970	0.04815	0.02045	0.19625	0.06284	0.08054	0.07570	0.04050	0.00181	0.00120	0.00038	0.00106	0.16814	0.00088	0.00133
4	0.03268	0.01668	0.03775	0.02966	0.05585	0.00194	0.03569	0.12239	0.01662	0.06591	0.00223	0.01349	0.00176	0.00097	0.00090	0.00023	0.00097	0.00080	0.00073	0.56275
5	0.00156	0.00105	0.00120	0.00120	0.00121	0.00106	0.00069	0.00158	0.00157	0.00211	0.00337	0.00691	0.00385	0.91524	0.05231	0.00108	0.00113	0.00155	0.00065	0.00067
6	0.02708	0.00228	0.01910	0.05982	0.11054	0.01533	0.01608	0.07334	0.48321	0.01726	0.03975	0.01862	0.07778	0.00154	0.00888	0.00036	0.01194	0.00125	0.00094	0.01492
7	0.00387	0.00476	0.00302	0.00270	0.00326	0.82837	0.00205	0.05520	0.00309	0.00291	0.02053	0.00212	0.00159	0.00116	0.00107	0.00029	0.03755	0.00074	0.00059	0.02513
8	0.05180	0.03451	0.04648	0.00196	0.00290	0.01788	0.02445	0.19408	0.01526	0.08419	0.00225	0.00242	0.00171	0.00098	0.00090	0.00024	0.00098	0.00077	0.00077	0.51547
9	0.06931	0.00198	0.01899	0.00201	0.01928	0.00176	0.00164	0.06103	0.00309	0.78438	0.02269	0.00352	0.00262	0.00131	0.00106	0.00033	0.00094	0.00105	0.00124	0.00177
10	0.00203	0.00191	0.00323	0.95957	0.00742	0.00239	0.00299	0.00275	0.00215	0.00275	0.00191	0.00287	0.00144	0.00108	0.00108	0.00036	0.00144	0.00096	0.00048	0.00120
11	0.04472	0.08163	0.05135	0.04947	0.24110	0.10418	0.04717	0.11265	0.18796	0.02423	0.00265	0.00288	0.01830	0.00117	0.00105	0.00032	0.01126	0.00096	0.00796	0.00899

[dist]
# distance from previous block
# <min> <max>
2	46

[block]
# block no. 2 follows, 304 sequences, length 10
# corresponding to MSA columns:
# 1404-1410,1415-1417
name=unknown_C
#
# <colnr> <probs for GDERKNQSTAVLIFYWHMCP>
#	G	D	E	R	K	N	Q	S	T	A	V	L	I	F	Y	W	H	M	C	P
0	0.00234	0.00127	0.00166	0.00162	0.00194	0.00117	0.00118	0.00273	0.04567	0.25504	0.02987	0.55483	0.02902	0.03908	0.00142	0.00042	0.00073	0.00229	0.00107	0.02665
1	0.00192	0.00181	0.04726	0.02946	0.08511	0.00161	0.13787	0.01084	0.03315	0.02458	0.25896	0.03034	0.19632	0.02726	0.00139	0.00039	0.01196	0.09768	0.00090	0.00118
2	0.00139	0.00097	0.00123	0.00140	0.00144	0.00093	0.00089	0.00152	0.00191	0.00255	0.00516	0.66960	0.00614	0.29656	0.00263	0.00062	0.00075	0.00260	0.00089	0.00081
3	0.03731	0.00201	0.02722	0.15965	0.07074	0.04240	0.02530	0.05059	0.01450	0.00313	0.00242	0.01508	0.00213	0.04491	0.26603	0.00077	0.14741	0.00105	0.08620	0.00118
4	0.00234	0.00233	0.00329	0.05781	0.00309	0.00325	0.00239	0.00260	0.00168	0.00260	0.00144	0.00239	0.00141	0.00184	0.00339	0.00046	0.90508	0.00094	0.00047	0.00118
5	0.00185	0.00095	0.00142	0.00142	0.00143	0.00096	0.00096	0.00143	0.00142	0.00191	0.00193	0.00333	0.00192	0.00399	0.05804	0.91408	0.00105	0.00095	0.00047	0.00050
6	0.02402	0.00199	0.03695	0.46412	0.04877	0.00208	0.10568	0.00288	0.01988	0.04249	0.18170	0.00418	0.01431	0.00135	0.00113	0.00035	0.00121	0.02394	0.02173	0.00125
7	0.00226	0.00215	0.00355	0.54416	0.19213	0.01815	0.07852	0.02350	0.00230	0.00306	0.00216	0.03326	0.00180	0.01748	0.00122	0.00036	0.02317	0.01294	0.00054	0.03729
8	0.01287	0.01962	0.03005	0.10396	0.13962	0.00178	0.01591	0.02550	0.04569	0.22099	0.23652	0.06696	0.02350	0.00163	0.00114	0.00034	0.00093	0.02233	0.01851	0.01214
9	0.05544	0.04953	0.04666	0.02764	0.05012	0.03925	0.02217	0.08058	0.12071	0.27943	0.11001	0.02051	0.02935	0.00153	0.01844	0.00035	0.01034	0.00116	0.00986	0.02690

[dist]
# distance from previous block
# <min> <max>
1	117

[block]
# block no. 3 follows, 304 sequences, length 16
# corresponding to MSA columns:
# 1545-1555,1561-1563,1565,1569
name=unknown_D
#
# <colnr> <probs for GDERKNQSTAVLIFYWHMCP>
#	G	D	E	R	K	N	Q	S	T	A	V	L	I	F	Y	W	H	M	C	P
0	0.13861	0.07362	0.22460	0.00263	0.08017	0.07786	0.03869	0.05413	0.04867	0.05288	0.01899	0.03045	0.03085	0.00123	0.00100	0.00032	0.01096	0.02016	0.00586	0.08832
1	0.06609	0.03815	0.14883	0.02283	0.21342	0.05941	0.03049	0.07224	0.10694	0.08482	0.02438	0.06680	0.00239	0.00127	0.00104	0.00033	0.00118	0.00107	0.00075	0.05758
2	0.05174	0.38546	0.25257	0.01958	0.03500	0.09490	0.00984	0.00967	0.01773	0.02830	0.03164	0.00227	0.00173	0.00104	0.00090	0.00028	0.01055	0.00075	0.00055	0.04549
3	0.01759	0.00137	0.00188	0.00179	0.00206	0.00154	0.01127	0.09167	0.01719	0.01837	0.00318	0.05239	0.01797	0.05547	0.69951	0.00139	0.00237	0.00126	0.00068	0.00106
4	0.00260	0.03602	0.02582	0.05713	0.04728	0.01716	0.08268	0.06280	0.02452	0.10342	0.02397	0.02148	0.05008	0.01135	0.04884	0.00036	0.05778	0.00623	0.00074	0.31973
5	0.00166	0.00113	0.00133	0.00130	0.00137	0.00116	0.00082	0.02966	0.00174	0.00232	0.00365	0.00672	0.05150	0.73280	0.07063	0.05199	0.01689	0.02195	0.00067	0.00073
6	0.00971	0.06698	0.03118	0.00209	0.01870	0.03021	0.00175	0.09121	0.02082	0.64885	0.03009	0.00357	0.00266	0.00134	0.00109	0.00033	0.01301	0.01644	0.00827	0.00172
7	0.00257	0.02628	0.02532	0.18443	0.54893	0.00256	0.05463	0.05551	0.00931	0.00352	0.01770	0.00283	0.00182	0.00105	0.00111	0.00033	0.01898	0.00784	0.00057	0.03472
8	0.00178	0.00136	0.00154	0.00151	0.00162	0.04935	0.00103	0.03086	0.00182	0.00244	0.00315	0.03291	0.00336	0.51296	0.28231	0.02970	0.01861	0.00971	0.01316	0.00083
9	0.00386	0.04258	0.03235	0.01921	0.00346	0.83541	0.02077	0.02472	0.00301	0.00276	0.00170	0.00199	0.00140	0.00110	0.00097	0.00028	0.00187	0.00071	0.00056	0.00128
10	0.00235	0.01906	0.00283	0.04569	0.29971	0.05000	0.01923	0.00321	0.12640	0.04824	0.28337	0.00510	0.08714	0.00157	0.00114	0.00033	0.00096	0.00139	0.00087	0.00138
11	0.02178	0.03192	0.05318	0.03552	0.21807	0.02077	0.15346	0.11591	0.08929	0.06971	0.03499	0.02245	0.01698	0.00125	0.00117	0.00033	0.03213	0.02052	0.00075	0.05979
12	0.01057	0.00154	0.00181	0.00158	0.00202	0.00150	0.00123	0.16865	0.02030	0.01759	0.45354	0.05017	0.15354	0.00205	0.00125	0.01155	0.00842	0.01310	0.00107	0.07852
13	0.09433	0.13321	0.16272	0.03182	0.01153	0.13858	0.11905	0.06758	0.10034	0.02723	0.01318	0.00969	0.00187	0.00112	0.00099	0.00031	0.00703	0.01270	0.00066	0.06604
14	0.06078	0.01008	0.00158	0.01703	0.00187	0.00126	0.00111	0.02403	0.02687	0.04470	0.47963	0.06886	0.20346	0.00216	0.00120	0.00034	0.00062	0.01391	0.00106	0.03945
15	0.01956	0.03016	0.05008	0.00170	0.00238	0.00151	0.01328	0.00251	0.01601	0.01863	0.04329	0.06783	0.05090	0.03174	0.18168	0.00055	0.00123	0.01009	0.00070	0.45617

[dist]
# distance from previous block
# <min> <max>
0	1

[block]
# block no. 4 follows, 304 sequences, length 10
# corresponding to MSA columns:
# 1571-1574,1581-1586
name=unknown_E
#
# <colnr> <probs for GDERKNQSTAVLIFYWHMCP>
#	G	D	E	R	K	N	Q	S	T	A	V	L	I	F	Y	W	H	M	C	P
0	0.00267	0.02511	0.13577	0.02703	0.07259	0.06376	0.12179	0.14129	0.19000	0.01557	0.14435	0.01882	0.01172	0.00140	0.00115	0.00034	0.01325	0.01106	0.00083	0.00149
1	0.00155	0.00114	0.00168	0.00168	0.00186	0.00131	0.00129	0.00188	0.00171	0.00245	0.00288	0.00437	0.00274	0.06828	0.86331	0.03649	0.00270	0.00117	0.00058	0.00092
2	0.00328	0.13395	0.00319	0.00228	0.00302	0.06825	0.00187	0.32926	0.43396	0.00489	0.00319	0.00307	0.00240	0.00131	0.00103	0.00033	0.00108	0.00101	0.00097	0.00167
3	0.00267	0.44247	0.29720	0.00252	0.01742	0.04551	0.06223	0.02776	0.02054	0.01559	0.00192	0.02208	0.00160	0.00113	0.01294	0.00031	0.01091	0.00079	0.00052	0.01386
4	0.01146	0.19735	0.32782	0.00291	0.03154	0.05196	0.16612	0.04006	0.01970	0.05542	0.02753	0.03452	0.01158	0.00118	0.00103	0.00032	0.00140	0.01600	0.00062	0.00148
5	0.00220	0.02630	0.71844	0.00315	0.00455	0.00249	0.14358	0.00338	0.02693	0.00342	0.02242	0.03421	0.00183	0.00112	0.00107	0.00035	0.00154	0.00097	0.00052	0.00153
6	0.00156	0.00114	0.00171	0.00171	0.00189	0.00132	0.00132	0.00189	0.00171	0.00246	0.00282	0.00417	0.00264	0.00780	0.89669	0.06378	0.00276	0.00114	0.00057	0.00093
7	0.01105	0.06124	0.20745	0.02210	0.04251	0.11680	0.19621	0.02305	0.16832	0.03935	0.01268	0.02807	0.01206	0.00126	0.00119	0.00750	0.03091	0.01608	0.00068	0.00147
8	0.01215	0.01424	0.07029	0.11248	0.08823	0.09496	0.15206	0.08041	0.06623	0.11006	0.01121	0.06478	0.01075	0.00151	0.01020	0.00037	0.01893	0.07893	0.00077	0.00143
9	0.00210	0.01244	0.00250	0.02249	0.02128	0.05413	0.02209	0.02372	0.00205	0.01370	0.07181	0.11386	0.01574	0.02155	0.23675	0.02035	0.32982	0.00133	0.01120	0.00109

[dist]
# distance from previous block
# <min> <max>
3	14

[block]
# block no. 5 follows, 304 sequences, length 30
# corresponding to MSA columns:
# 1678-1683,1701-1722,1724,1725
name=unknown_F
#
# <colnr> <probs for GDERKNQSTAVLIFYWHMCP>
#	G	D	E	R	K	N	Q	S	T	A	V	L	I	F	Y	W	H	M	C	P
0	0.12463	0.31874	0.11742	0.01001	0.07155	0.08864	0.01803	0.04261	0.04108	0.08405	0.00570	0.00863	0.00598	0.00115	0.00099	0.00461	0.03132	0.02278	0.00065	0.00143
1	0.00187	0.00094	0.00140	0.00140	0.00140	0.00094	0.00094	0.00140	0.00140	0.00187	0.00187	0.00327	0.00187	0.00374	0.00421	0.96867	0.00094	0.00094	0.00047	0.00047
2	0.03104	0.01874	0.00271	0.00226	0.00295	0.04413	0.00180	0.27388	0.58839	0.00504	0.00359	0.00340	0.00268	0.00137	0.00106	0.00034	0.00100	0.00109	0.00104	0.01348
3	0.00243	0.00253	0.06149	0.25457	0.58125	0.00247	0.02394	0.00312	0.00234	0.00328	0.00205	0.00286	0.00169	0.01127	0.00114	0.00034	0.01029	0.01350	0.00052	0.01891
4	0.02238	0.10319	0.50087	0.00269	0.00391	0.00844	0.06216	0.03619	0.02547	0.17867	0.00725	0.02549	0.00186	0.00115	0.00104	0.00033	0.01095	0.00093	0.00068	0.00635
5	0.00225	0.02173	0.87787	0.01613	0.01825	0.00251	0.01451	0.00345	0.00230	0.02846	0.00199	0.00232	0.00141	0.00103	0.00102	0.00034	0.00156	0.00081	0.00048	0.00159
6	0.00273	0.00234	0.00247	0.00220	0.00282	0.00270	0.00172	0.04271	0.91641	0.00459	0.00431	0.00396	0.00323	0.00145	0.00110	0.00036	0.00087	0.00121	0.00110	0.00171
7	0.00840	0.84254	0.02778	0.00198	0.01545	0.01558	0.01895	0.00327	0.00224	0.03193	0.00182	0.00203	0.02236	0.00098	0.00074	0.00024	0.00116	0.00065	0.00050	0.00139
8	0.00198	0.00182	0.01121	0.00240	0.00264	0.01087	0.09747	0.00240	0.01273	0.01024	0.01033	0.02752	0.00234	0.01034	0.46034	0.00106	0.32504	0.00760	0.00057	0.00110
9	0.00133	0.00095	0.00127	0.00152	0.00158	0.00089	0.00102	0.00152	0.00208	0.00277	0.00593	0.92909	0.00709	0.00336	0.00138	0.00044	0.00064	0.03528	0.00100	0.00088
10	0.00155	0.00108	0.00131	0.00819	0.00150	0.00106	0.00093	0.00173	0.00825	0.00258	0.05834	0.14399	0.06580	0.52575	0.00364	0.01108	0.00091	0.15312	0.00840	0.00079
11	0.02619	0.45486	0.20962	0.02267	0.04293	0.06494	0.04687	0.06848	0.01628	0.01906	0.00184	0.00213	0.00149	0.00108	0.01005	0.00030	0.00846	0.00074	0.00054	0.00146
12	0.00145	0.00106	0.00145	0.00165	0.01159	0.00100	0.01794	0.00678	0.01341	0.01112	0.02155	0.76923	0.04491	0.00317	0.00137	0.00043	0.00069	0.08926	0.00099	0.00093
13	0.00263	0.00130	0.00153	0.00136	0.00177	0.00124	0.00106	0.03811	0.01075	0.22196	0.15089	0.00476	0.03322	0.00162	0.02070	0.00032	0.00068	0.00759	0.49729	0.00123
14	0.01601	0.03633	0.08483	0.29648	0.29699	0.01972	0.08588	0.00894	0.01819	0.02326	0.02895	0.03525	0.01198	0.00120	0.00536	0.00035	0.02005	0.00107	0.00776	0.00142
15	0.00677	0.12845	0.17359	0.43514	0.03020	0.01359	0.12479	0.01679	0.02202	0.02692	0.00204	0.00269	0.00155	0.00105	0.00104	0.00034	0.00144	0.00567	0.00456	0.00137
16	0.00158	0.00111	0.00142	0.00141	0.00148	0.00120	0.00094	0.00173	0.00164	0.00228	0.00319	0.01411	0.00344	0.57976	0.34534	0.00126	0.02183	0.00141	0.01410	0.00078
17	0.02921	0.77947	0.02420	0.00191	0.00278	0.01435	0.00717	0.02609	0.00227	0.04057	0.00171	0.00197	0.00150	0.00129	0.04273	0.00031	0.01994	0.00065	0.00052	0.00139
18	0.02414	0.00121	0.00167	0.00747	0.00194	0.00656	0.05404	0.02410	0.01289	0.01540	0.01903	0.72812	0.02356	0.01803	0.01222	0.00044	0.01127	0.02143	0.01551	0.00097
19	0.00208	0.00195	0.00330	0.86932	0.06281	0.00239	0.01328	0.00279	0.00217	0.00282	0.00194	0.00287	0.00147	0.00108	0.00110	0.00036	0.01081	0.00096	0.01527	0.00123
20	0.00170	0.00100	0.00127	0.00127	0.00127	0.00100	0.00077	0.00150	0.00150	0.00199	0.00274	0.00543	0.00304	0.55030	0.00493	0.41686	0.00100	0.00129	0.00057	0.00057
21	0.00184	0.00138	0.00803	0.00142	0.00188	0.00121	0.00110	0.02408	0.02172	0.06050	0.21342	0.03632	0.34253	0.04380	0.06378	0.00044	0.00625	0.00170	0.00095	0.16763
22	0.00153	0.00114	0.00141	0.00135	0.00163	0.00106	0.00101	0.00195	0.00279	0.01852	0.60884	0.07265	0.24343	0.00238	0.00133	0.00035	0.02738	0.00205	0.00111	0.00809
23	0.00136	0.00111	0.00121	0.00123	0.00156	0.00096	0.00095	0.00169	0.00254	0.00315	0.14918	0.01022	0.71216	0.00268	0.00130	0.00037	0.00059	0.10578	0.00103	0.00093
24	0.01190	0.00200	0.00880	0.03787	0.02363	0.00907	0.04264	0.03263	0.02060	0.28051	0.00685	0.00328	0.01890	0.02012	0.05209	0.09064	0.32074	0.00105	0.01536	0.00133
25	0.00288	0.96280	0.00564	0.00184	0.00276	0.00426	0.00184	0.00322	0.00219	0.00253	0.00150	0.00173	0.00138	0.00092	0.00069	0.00023	0.00115	0.00058	0.00046	0.00138
26	0.00204	0.00193	0.00329	0.91055	0.02086	0.00238	0.02378	0.00276	0.00216	0.00278	0.00198	0.01729	0.00153	0.00111	0.00109	0.00036	0.00143	0.00100	0.00049	0.00120
27	0.00163	0.00108	0.00157	0.00157	0.00169	0.00120	0.00115	0.00174	0.00163	0.00229	0.00272	0.00446	0.00269	0.13854	0.56715	0.25347	0.00210	0.01197	0.00056	0.00079
28	0.01445	0.56883	0.17934	0.00215	0.00314	0.05835	0.01622	0.01210	0.00997	0.01181	0.00173	0.00200	0.00146	0.00098	0.00085	0.00026	0.01847	0.00067	0.02174	0.07549
29	0.00217	0.00664	0.01138	0.10265	0.01095	0.02588	0.00163	0.08874	0.04095	0.01755	0.00275	0.02191	0.01510	0.18020	0.22261	0.06547	0.14352	0.00117	0.01956	0.01918

[dist]
# distance from previous block
# <min> <max>
0	83

[block]
# block no. 6 follows, 304 sequences, length 23
# corresponding to MSA columns:
# 1858-1864,1869-1882,1886,1887
name=unknown_G
#
# <colnr> <probs for GDERKNQSTAVLIFYWHMCP>
#	G	D	E	R	K	N	Q	S	T	A	V	L	I	F	Y	W	H	M	C	P
0	0.03485	0.04867	0.12549	0.04181	0.14880	0.05620	0.02817	0.14429	0.06744	0.05958	0.05925	0.01048	0.00233	0.00531	0.01407	0.00033	0.02925	0.00097	0.00074	0.12198
1	0.00208	0.00195	0.00326	0.86487	0.05686	0.00238	0.00294	0.00278	0.00216	0.00281	0.00191	0.00283	0.00145	0.00107	0.00110	0.00035	0.01463	0.00095	0.00049	0.03312
2	0.01250	0.02900	0.01061	0.00238	0.01314	0.01105	0.00706	0.53941	0.31032	0.01822	0.00313	0.00828	0.00231	0.00132	0.00106	0.00033	0.00107	0.00104	0.00104	0.02672
3	0.00161	0.00115	0.00147	0.00152	0.00179	0.00108	0.00120	0.00208	0.02176	0.02377	0.35985	0.13833	0.16884	0.00262	0.00133	0.00040	0.00068	0.25828	0.01123	0.00100
4	0.00224	0.07952	0.85516	0.00295	0.00445	0.01866	0.00374	0.00339	0.00229	0.00334	0.01374	0.00230	0.00148	0.00103	0.00100	0.00033	0.00155	0.00079	0.00047	0.00156
5	0.01007	0.67650	0.17916	0.00215	0.00317	0.01342	0.02350	0.03021	0.00231	0.01526	0.00727	0.01428	0.00157	0.00102	0.00082	0.00027	0.00912	0.00795	0.00051	0.00142
6	0.00135	0.00098	0.00129	0.00152	0.00162	0.00092	0.00106	0.00158	0.00214	0.00281	0.00635	0.77437	0.09113	0.00327	0.00138	0.00044	0.00066	0.10523	0.00100	0.00089
7	0.00263	0.00253	0.00434	0.02795	0.89962	0.00253	0.02403	0.00327	0.00245	0.00349	0.00215	0.00279	0.01534	0.00099	0.00107	0.00032	0.00128	0.00099	0.00054	0.00168
8	0.01171	0.16634	0.42786	0.00265	0.02737	0.01222	0.03240	0.05298	0.00261	0.23305	0.00791	0.00876	0.00181	0.00112	0.00101	0.00032	0.00669	0.00087	0.00072	0.00161
9	0.00205	0.00193	0.00326	0.93153	0.03531	0.00240	0.00300	0.00277	0.00216	0.00277	0.00192	0.00287	0.00144	0.00107	0.00108	0.00036	0.00143	0.00096	0.00048	0.00121
10	0.00154	0.00114	0.00168	0.00168	0.00186	0.00132	0.00129	0.00189	0.00172	0.00246	0.00293	0.00447	0.00280	0.09035	0.87576	0.00167	0.00273	0.00119	0.00058	0.00093
11	0.00155	0.00117	0.00175	0.00173	0.00193	0.00134	0.01093	0.00194	0.00176	0.00254	0.01596	0.00435	0.00282	0.03505	0.89792	0.00166	0.00276	0.00118	0.01072	0.00096
12	0.07850	0.07744	0.10609	0.00790	0.02142	0.10628	0.03637	0.27982	0.11599	0.06172	0.00251	0.00930	0.00192	0.00135	0.01401	0.00035	0.06391	0.00919	0.00437	0.00155
13	0.00157	0.00118	0.00136	0.00129	0.00162	0.00106	0.00098	0.02985	0.01166	0.02395	0.42182	0.03541	0.44385	0.00242	0.00126	0.00035	0.00056	0.00869	0.01010	0.00101
14	0.00701	0.00170	0.00212	0.02217	0.00237	0.01824	0.06465	0.11508	0.06667	0.16066	0.10571	0.03457	0.01676	0.00155	0.00960	0.01726	0.00084	0.00122	0.35051	0.00131
15	0.05095	0.02067	0.01486	0.24321	0.03367	0.14555	0.03191	0.03663	0.06079	0.32664	0.00284	0.00299	0.00199	0.00129	0.01504	0.00035	0.00730	0.00096	0.00085	0.00150
16	0.00901	0.00238	0.03687	0.12031	0.41394	0.03165	0.01517	0.02189	0.07737	0.12980	0.02539	0.00837	0.08422	0.00128	0.00112	0.00034	0.01307	0.00113	0.00517	0.00154
17	0.00154	0.00110	0.00138	0.00153	0.00171	0.00104	0.00110	0.01746	0.03360	0.02343	0.04311	0.60619	0.13697	0.00301	0.00133	0.00042	0.00067	0.10163	0.02182	0.00096
18	0.01015	0.01718	0.03098	0.02294	0.03085	0.01870	0.02035	0.02842	0.05401	0.13833	0.07088	0.25056	0.09084	0.01570	0.01765	0.00043	0.00947	0.17039	0.00098	0.00120
19	0.00751	0.00663	0.06063	0.15376	0.27251	0.06238	0.02687	0.02906	0.03253	0.17998	0.04117	0.02973	0.06087	0.00138	0.00795	0.00035	0.01756	0.00115	0.00651	0.00149
20	0.00769	0.00530	0.00935	0.01413	0.01863	0.04013	0.03194	0.09140	0.02135	0.22289	0.16330	0.19158	0.14277	0.00207	0.00125	0.00036	0.01922	0.01431	0.00105	0.00130
21	0.00799	0.01594	0.02222	0.67074	0.05907	0.02181	0.06359	0.02369	0.00228	0.02540	0.00924	0.01473	0.00163	0.00115	0.00122	0.00036	0.05614	0.00100	0.00053	0.00127
22	0.07769	0.02825	0.01266	0.02489	0.04307	0.07182	0.01781	0.03381	0.14716	0.29183	0.01706	0.00345	0.05257	0.00135	0.00678	0.00033	0.04762	0.00103	0.00093	0.11989

[dist]
# distance from previous block
# <min> <max>
2	24

[block]
# block no. 7 follows, 304 sequences, length 50
# corresponding to MSA columns:
# 2039-2044,2063-2069,2072,2074-2083,2085-2087,2089-2111
name=unknown_H
#
# <colnr> <probs for GDERKNQSTAVLIFYWHMCP>
#	G	D	E	R	K	N	Q	S	T	A	V	L	I	F	Y	W	H	M	C	P
0	0.01617	0.00651	0.01217	0.01543	0.16973	0.00172	0.02352	0.08998	0.04581	0.04410	0.04599	0.18772	0.11579	0.00213	0.00122	0.00038	0.00092	0.17795	0.01965	0.02310
1	0.00226	0.08311	0.07674	0.04390	0.02675	0.03316	0.03864	0.04320	0.10629	0.03836	0.02789	0.07816	0.01920	0.08991	0.16377	0.00739	0.01723	0.05718	0.00074	0.04611
2	0.01123	0.00962	0.01800	0.02520	0.15087	0.09260	0.04478	0.10229	0.04094	0.09697	0.11121	0.01126	0.07513	0.00144	0.00393	0.00032	0.05655	0.01179	0.00665	0.12922
3	0.00156	0.00108	0.00137	0.00137	0.00144	0.00114	0.00090	0.00170	0.00165	0.00225	0.00331	0.00634	0.00361	0.63465	0.30116	0.00124	0.00161	0.03220	0.00064	0.00076
4	0.00319	0.61032	0.01003	0.00218	0.00986	0.28107	0.00194	0.02431	0.00251	0.00269	0.00171	0.00216	0.00155	0.00106	0.00084	0.00026	0.01103	0.03142	0.00052	0.00134
5	0.01522	0.00186	0.00257	0.03734	0.17523	0.00170	0.00178	0.02925	0.00975	0.31553	0.09278	0.04850	0.05666	0.00144	0.00107	0.00031	0.00091	0.02379	0.00095	0.18335
6	0.08385	0.13319	0.18082	0.01254	0.06224	0.04548	0.07543	0.09888	0.03776	0.12743	0.05174	0.00326	0.04785	0.01374	0.00819	0.00034	0.01400	0.00101	0.00076	0.00148
7	0.00235	0.00234	0.01094	0.17773	0.06738	0.00274	0.20461	0.01775	0.07093	0.00674	0.00226	0.02297	0.01078	0.00163	0.02511	0.00043	0.34835	0.01886	0.00478	0.00131
8	0.00222	0.02297	0.89873	0.00315	0.03551	0.00253	0.00389	0.00342	0.00229	0.01286	0.00195	0.00229	0.00139	0.00102	0.00102	0.00034	0.00157	0.00080	0.00047	0.00159
9	0.00229	0.00196	0.02951	0.34527	0.06384	0.00208	0.01150	0.03446	0.18365	0.06394	0.12798	0.02914	0.08848	0.00153	0.00113	0.00036	0.00106	0.00963	0.00083	0.00134
10	0.00249	0.03513	0.28854	0.21654	0.08618	0.02061	0.08526	0.03672	0.09697	0.05667	0.00261	0.03788	0.01088	0.00121	0.00108	0.00035	0.00136	0.00795	0.01012	0.00148
11	0.00204	0.00203	0.03421	0.92848	0.00733	0.00240	0.00302	0.00277	0.00216	0.00277	0.00191	0.00285	0.00143	0.00107	0.00107	0.00036	0.00144	0.00095	0.00048	0.00121
12	0.00264	0.00253	0.00432	0.04997	0.91230	0.00255	0.00329	0.00328	0.00244	0.00348	0.00202	0.00267	0.00169	0.00096	0.00107	0.00032	0.00129	0.00096	0.00053	0.00168
13	0.00925	0.06813	0.18661	0.22990	0.17882	0.08417	0.05642	0.03060	0.02395	0.03457	0.00818	0.02871	0.02011	0.00119	0.00112	0.00034	0.02857	0.00735	0.00059	0.00143
14	0.00268	0.00203	0.00335	0.00266	0.00327	0.03433	0.29858	0.03398	0.00252	0.19574	0.01677	0.11398	0.02673	0.06996	0.11093	0.00058	0.02252	0.05726	0.00083	0.00130
15	0.00230	0.00123	0.00164	0.00164	0.01007	0.00112	0.00118	0.00263	0.01971	0.25740	0.06207	0.59061	0.03868	0.00268	0.00128	0.00040	0.00070	0.00239	0.00110	0.00116
16	0.01190	0.07633	0.31322	0.04188	0.03804	0.05537	0.02765	0.12547	0.04694	0.10264	0.02278	0.06620	0.02773	0.00138	0.00110	0.01063	0.00614	0.00704	0.01607	0.00149
17	0.02372	0.01345	0.00298	0.13197	0.16551	0.08327	0.04054	0.10439	0.04880	0.14564	0.02054	0.07582	0.02695	0.00160	0.00644	0.00036	0.00537	0.10037	0.00084	0.00143
18	0.00158	0.00116	0.00163	0.00168	0.00187	0.00113	0.04285	0.01018	0.02156	0.03011	0.09509	0.65671	0.04056	0.01177	0.03251	0.00047	0.02193	0.02524	0.00098	0.00098
19	0.00156	0.00126	0.03231	0.00160	0.00177	0.00526	0.01551	0.01010	0.00195	0.00617	0.00456	0.36291	0.04043	0.23741	0.17559	0.02234	0.00822	0.06363	0.00656	0.00088
20	0.02524	0.06566	0.05123	0.03522	0.02717	0.19881	0.01475	0.34802	0.06873	0.07547	0.00737	0.01358	0.00497	0.00146	0.02980	0.00036	0.02316	0.00661	0.00084	0.00155
21	0.00214	0.00210	0.00363	0.79825	0.02975	0.01699	0.11546	0.00287	0.00221	0.00285	0.00194	0.00285	0.00146	0.00106	0.00113	0.00036	0.01224	0.00099	0.00049	0.00124
22	0.00300	0.00257	0.00263	0.00228	0.00938	0.04725	0.00179	0.18941	0.68731	0.00482	0.00381	0.00358	0.00285	0.00139	0.00108	0.00035	0.00097	0.00112	0.00105	0.03338
23	0.00261	0.00226	0.02799	0.08793	0.23740	0.01653	0.07061	0.01913	0.02544	0.09405	0.00250	0.04511	0.00820	0.00111	0.00105	0.00028	0.01639	0.00688	0.00069	0.33384
24	0.00254	0.12680	0.48203	0.01592	0.06999	0.00265	0.12094	0.01950	0.01622	0.07332	0.00230	0.03626	0.00181	0.00114	0.00107	0.00033	0.01484	0.01023	0.00058	0.00154
25	0.00239	0.03934	0.34923	0.00382	0.00951	0.00265	0.53547	0.00339	0.00242	0.00340	0.00213	0.00755	0.00163	0.00099	0.00116	0.00035	0.00167	0.01616	0.00052	0.01622
26	0.00193	0.01727	0.17354	0.00608	0.02055	0.00139	0.00162	0.00249	0.00266	0.09733	0.33500	0.05852	0.25891	0.00208	0.00451	0.00035	0.00080	0.00958	0.00419	0.00118
27	0.00285	0.03481	0.22047	0.21760	0.17038	0.01744	0.06319	0.00707	0.00835	0.20662	0.01168	0.00310	0.02365	0.00115	0.00107	0.00034	0.00132	0.00668	0.00070	0.00153
28	0.00227	0.03043	0.77291	0.03964	0.09590	0.00254	0.01216	0.00339	0.00229	0.01721	0.00196	0.00235	0.00142	0.00103	0.00105	0.00034	0.01024	0.00082	0.00048	0.00158
29	0.00228	0.13493	0.80651	0.00290	0.00437	0.01406	0.00365	0.00339	0.00226	0.00327	0.00186	0.00220	0.00137	0.00102	0.00100	0.00033	0.01182	0.00077	0.00046	0.00155
30	0.00708	0.08248	0.51535	0.02072	0.02440	0.01858	0.10007	0.03442	0.02421	0.11340	0.02272	0.00854	0.00851	0.00113	0.00106	0.00033	0.00617	0.00864	0.00063	0.00156
31	0.00911	0.00257	0.17022	0.02107	0.02061	0.03259	0.06906	0.10148	0.03166	0.13798	0.02494	0.02703	0.05844	0.05880	0.15055	0.00993	0.02896	0.04287	0.00079	0.00135
32	0.00134	0.00097	0.00128	0.00147	0.00157	0.00090	0.00100	0.00158	0.00220	0.00296	0.13243	0.79608	0.03563	0.00325	0.01150	0.00044	0.00063	0.00287	0.00102	0.00090
33	0.00154	0.00118	0.00162	0.02300	0.00531	0.00564	0.04236	0.00183	0.00508	0.02161	0.03529	0.46683	0.16899	0.07947	0.08760	0.00058	0.01338	0.03686	0.00090	0.00094
34	0.05106	0.00231	0.08895	0.00242	0.03538	0.03253	0.12858	0.05165	0.03712	0.26771	0.08996	0.08179	0.06148	0.02132	0.00124	0.00037	0.00107	0.04267	0.00095	0.00143
35	0.00225	0.01013	0.87143	0.00306	0.02446	0.00246	0.00380	0.00342	0.00230	0.03497	0.00212	0.01173	0.01018	0.00108	0.00106	0.00034	0.01229	0.00084	0.00050	0.00158
36	0.00221	0.00125	0.00163	0.00162	0.00191	0.00117	0.00118	0.04701	0.00819	0.19981	0.06109	0.58226	0.03994	0.00280	0.01759	0.00042	0.00075	0.01755	0.01048	0.00114
37	0.00244	0.01114	0.02461	0.30911	0.45556	0.00247	0.09375	0.01316	0.00237	0.01966	0.00218	0.02919	0.00181	0.00116	0.01006	0.00036	0.01102	0.00792	0.00055	0.00148
38	0.01767	0.01492	0.00358	0.62238	0.28556	0.00245	0.01530	0.00294	0.00225	0.00966	0.00205	0.00286	0.01170	0.00106	0.00107	0.00035	0.00137	0.00097	0.00051	0.00135
39	0.00132	0.00111	0.00120	0.02009	0.00161	0.00097	0.00092	0.00160	0.00239	0.00291	0.03430	0.13141	0.75412	0.01669	0.00137	0.00039	0.01302	0.01267	0.00098	0.00091
40	0.00230	0.02319	0.48852	0.00260	0.01412	0.01669	0.03279	0.00896	0.08911	0.06308	0.10289	0.04696	0.01153	0.00823	0.00116	0.00036	0.00996	0.06888	0.00721	0.00145
41	0.00982	0.05708	0.14985	0.00269	0.02316	0.04164	0.17886	0.04493	0.08312	0.23621	0.01285	0.05563	0.04244	0.00467	0.01140	0.00037	0.00125	0.04166	0.00086	0.00151
42	0.01128	0.00292	0.01470	0.34930	0.02033	0.23541	0.04162	0.12842	0.05056	0.06183	0.01018	0.03216	0.00195	0.00129	0.00732	0.00035	0.01850	0.00981	0.00069	0.00137
43	0.00252	0.01041	0.20364	0.20137	0.25165	0.02173	0.09961	0.04129	0.02320	0.04476	0.00234	0.00296	0.01691	0.00981	0.02737	0.00039	0.03062	0.00734	0.00059	0.00149
44	0.00253	0.04486	0.16600	0.15477	0.33197	0.02254	0.03874	0.01899	0.02433	0.05482	0.00753	0.01598	0.02724	0.00125	0.00113	0.00034	0.02005	0.05852	0.00062	0.00776
45	0.00264	0.01690	0.29567	0.21352	0.19311	0.02928	0.03372	0.05099	0.01031	0.09939	0.01832	0.01733	0.01178	0.00114	0.00107	0.00034	0.00137	0.00098	0.00063	0.00152
46	0.01676	0.00163	0.02861	0.29356	0.00352	0.01687	0.00170	0.02831	0.01248	0.06560	0.00888	0.16922	0.04375	0.26203	0.00618	0.01339	0.00649	0.01923	0.00073	0.00104
47	0.00753	0.03477	0.31775	0.03984	0.16048	0.05261	0.02538	0.04767	0.03335	0.12650	0.02140	0.06237	0.02870	0.01037	0.01502	0.00037	0.00131	0.01235	0.00071	0.00151
48	0.03720	0.03228	0.09943	0.11405	0.34060	0.02917	0.04748	0.01884	0.04932	0.13075	0.03101	0.04490	0.01010	0.00123	0.00109	0.00034	0.00889	0.00109	0.00071	0.00153
49	0.00942	0.06777	0.38310	0.04370	0.22972	0.01148	0.01285	0.02681	0.02439	0.11836	0.01416	0.01665	0.02408	0.00117	0.00104	0.00033	0.00132	0.01144	0.00065	0.00158

[dist]
# distance from previous block
# <min> <max>
36	203

[block]
# block no. 8 follows, 304 sequences, length 13
# corresponding to MSA columns:
# 2474-2486
name=unknown_I
#
# <colnr> <probs for GDERKNQSTAVLIFYWHMCP>
#	G	D	E	R	K	N	Q	S	T	A	V	L	I	F	Y	W	H	M	C	P
0	0.06825	0.00231	0.00271	0.02131	0.03643	0.04790	0.03456	0.14332	0.18512	0.06553	0.01153	0.00399	0.01174	0.00154	0.00144	0.02055	0.11916	0.10621	0.00085	0.11555
1	0.03133	0.01110	0.00265	0.00209	0.00278	0.01381	0.05246	0.25863	0.06533	0.10804	0.04803	0.11841	0.01302	0.00152	0.00116	0.00031	0.03840	0.01123	0.00978	0.20991
2	0.66100	0.00205	0.00197	0.13529	0.01214	0.00234	0.00150	0.03979	0.01345	0.02856	0.00193	0.01597	0.01478	0.00112	0.00084	0.00948	0.01002	0.00074	0.00068	0.04635
3	0.00215	0.00134	0.00171	0.00151	0.00193	0.00123	0.00117	0.02280	0.02866	0.14808	0.62415	0.02004	0.04549	0.00198	0.00121	0.00033	0.00063	0.02289	0.00115	0.07156
4	0.02256	0.00191	0.00247	0.00214	0.00254	0.01130	0.05829	0.13407	0.16206	0.03098	0.02953	0.01467	0.00282	0.10594	0.27509	0.01603	0.11607	0.00951	0.00077	0.00125
5	0.00148	0.00102	0.00129	0.00142	0.00152	0.00096	0.00094	0.00167	0.00206	0.01857	0.09377	0.54462	0.02259	0.25668	0.00244	0.00058	0.00074	0.03436	0.00093	0.01236
6	0.02347	0.00195	0.00328	0.87598	0.02450	0.00239	0.02731	0.00284	0.00218	0.02321	0.00196	0.00286	0.00147	0.00107	0.00107	0.00036	0.00142	0.00096	0.00050	0.00123
7	0.08019	0.00274	0.00297	0.00239	0.00309	0.02484	0.01911	0.57467	0.14777	0.00560	0.00269	0.01335	0.00204	0.00159	0.03371	0.00039	0.07925	0.00100	0.00096	0.00165
8	0.01191	0.14131	0.09994	0.00264	0.00341	0.00988	0.19954	0.09973	0.09368	0.08586	0.01678	0.02027	0.00228	0.04658	0.08615	0.01153	0.05867	0.00770	0.00072	0.00142
9	0.01374	0.00214	0.02129	0.41995	0.31646	0.00230	0.00278	0.00314	0.02019	0.08499	0.01430	0.02051	0.01549	0.00142	0.03640	0.00040	0.02145	0.00104	0.00061	0.00141
10	0.00168	0.00122	0.00153	0.00162	0.00188	0.00118	0.00124	0.00220	0.07012	0.03831	0.06346	0.35175	0.19030	0.00280	0.00137	0.00042	0.01574	0.23202	0.00101	0.02015
11	0.04227	0.05702	0.07611	0.04740	0.19247	0.06599	0.02223	0.06545	0.04766	0.11261	0.01336	0.06720	0.02526	0.00132	0.00112	0.00032	0.03800	0.00867	0.00074	0.11480
12	0.03886	0.00204	0.02311	0.02677	0.22339	0.01123	0.14866	0.02664	0.03623	0.04672	0.02598	0.22249	0.02550	0.01033	0.03936	0.01433	0.00117	0.02232	0.00076	0.05412

[dist]
# distance from previous block
# <min> <max>
4	14

[block]
# block no. 9 follows, 304 sequences, length 13
# corresponding to MSA columns:
# 2503,2504,2521-2529,2531,2537
name=unknown_J
#
# <colnr> <probs for GDERKNQSTAVLIFYWHMCP>
#	G	D	E	R	K	N	Q	S	T	A	V	L	I	F	Y	W	H	M	C	P
0	0.00235	0.00224	0.00372	0.01831	0.35439	0.03680	0.20839	0.00303	0.04126	0.02046	0.05980	0.11967	0.02165	0.02640	0.02989	0.00042	0.00129	0.04783	0.00070	0.00139
1	0.01029	0.00187	0.00253	0.00211	0.00269	0.01140	0.12382	0.05689	0.18579	0.18467	0.03940	0.08767	0.21353	0.01057	0.01652	0.00039	0.01213	0.03536	0.00101	0.00137
2	0.00280	0.01522	0.02051	0.04556	0.38137	0.06158	0.14831	0.05365	0.04773	0.06714	0.01098	0.03582	0.01406	0.00116	0.00109	0.00032	0.00128	0.01353	0.00068	0.07719
3	0.01371	0.00213	0.00324	0.22244	0.34537	0.02191	0.00248	0.01793	0.00258	0.24361	0.02983	0.00362	0.02375	0.02106	0.00118	0.00035	0.00117	0.02836	0.00078	0.01451
4	0.00156	0.00120	0.00138	0.00135	0.00168	0.00111	0.00102	0.02638	0.04516	0.01885	0.26635	0.10451	0.46611	0.00264	0.01799	0.00039	0.00064	0.03964	0.00105	0.00101
5	0.03680	0.08458	0.34396	0.00259	0.01372	0.07095	0.05356	0.03265	0.12596	0.08616	0.00282	0.04376	0.01610	0.00135	0.00858	0.00035	0.02156	0.02749	0.00071	0.02636
6	0.02764	0.02774	0.07183	0.01157	0.04054	0.07975	0.43218	0.02636	0.04168	0.15750	0.02239	0.01513	0.01034	0.00115	0.00118	0.00035	0.01674	0.00811	0.00635	0.00149
7	0.01289	0.00149	0.01428	0.00164	0.00207	0.00140	0.00130	0.02278	0.10607	0.20223	0.21208	0.09334	0.13577	0.05213	0.03880	0.00046	0.00084	0.08398	0.01522	0.00124
8	0.00143	0.00100	0.00131	0.00153	0.00163	0.00095	0.00105	0.00168	0.01973	0.01792	0.00593	0.81516	0.03428	0.03192	0.00149	0.00045	0.00067	0.05996	0.00100	0.00091
9	0.04916	0.04655	0.10294	0.03165	0.02581	0.05156	0.14091	0.06506	0.16580	0.19346	0.02132	0.04238	0.01746	0.00137	0.00112	0.00035	0.01209	0.02862	0.00087	0.00152
10	0.00230	0.07832	0.65738	0.03156	0.02402	0.00258	0.04945	0.02647	0.01485	0.01784	0.01221	0.02014	0.00171	0.01388	0.02089	0.00038	0.02310	0.00090	0.00052	0.00152
11	0.00150	0.00109	0.00152	0.00925	0.00179	0.00106	0.03720	0.01278	0.00212	0.00290	0.02196	0.66880	0.01355	0.07824	0.02208	0.00050	0.00804	0.05471	0.06002	0.00091
12	0.41713	0.07645	0.06004	0.03698	0.08058	0.12178	0.09943	0.02263	0.00229	0.02542	0.02524	0.00227	0.00160	0.00106	0.00094	0.00032	0.02310	0.00078	0.00063	0.00132

[dist]
# distance from previous block
# <min> <max>
2	6

[block]
# block no. 10 follows, 304 sequences, length 48
# corresponding to MSA columns:
# 2564-2570,2585-2591,2594-2601,2603-2628
name=unknown_K
#
# <colnr> <probs for GDERKNQSTAVLIFYWHMCP>
#	G	D	E	R	K	N	Q	S	T	A	V	L	I	F	Y	W	H	M	C	P
0	0.01949	0.00187	0.01427	0.32333	0.13510	0.00202	0.01180	0.05294	0.03063	0.01695	0.02819	0.15916	0.06855	0.02920	0.01398	0.00040	0.04016	0.01470	0.00071	0.03655
1	0.00229	0.00215	0.00212	0.00192	0.01106	0.17364	0.02886	0.03967	0.01093	0.02009	0.03459	0.31447	0.07427	0.00202	0.00841	0.00033	0.01359	0.01259	0.01664	0.23036
2	0.00216	0.00191	0.01789	0.03926	0.08872	0.02810	0.02987	0.03170	0.04692	0.01723	0.22766	0.03393	0.07321	0.01590	0.00614	0.00030	0.00518	0.00127	0.00082	0.33180
3	0.00172	0.00128	0.00166	0.00178	0.00205	0.00909	0.00147	0.00888	0.03250	0.00332	0.12917	0.07172	0.06940	0.03903	0.02493	0.00050	0.00092	0.56859	0.00098	0.03101
4	0.01078	0.00188	0.00222	0.00162	0.00254	0.00145	0.00130	0.00299	0.00631	0.10919	0.00226	0.01554	0.00181	0.00090	0.00084	0.00019	0.00080	0.00073	0.01608	0.82056
5	0.00268	0.01541	0.00245	0.00215	0.00275	0.00265	0.00168	0.03304	0.87068	0.00451	0.02638	0.00406	0.00338	0.00945	0.00113	0.00037	0.00086	0.00122	0.01350	0.00167
6	0.02865	0.04411	0.29764	0.13437	0.13726	0.00236	0.04745	0.04073	0.01529	0.17668	0.00937	0.01322	0.00647	0.01931	0.00559	0.00035	0.00131	0.00097	0.00069	0.01818
7	0.02397	0.09056	0.28450	0.07592	0.09745	0.04646	0.02802	0.05540	0.06623	0.15529	0.00258	0.01363	0.01127	0.00115	0.00104	0.00032	0.01170	0.00093	0.00071	0.03286
8	0.00194	0.00180	0.00167	0.00157	0.00192	0.14700	0.00118	0.00252	0.06974	0.00988	0.46436	0.02996	0.25408	0.00215	0.00122	0.00034	0.00077	0.00580	0.00103	0.00107
9	0.02068	0.00125	0.00140	0.00133	0.00165	0.00125	0.00102	0.04253	0.05629	0.03615	0.24485	0.03806	0.04815	0.00172	0.00100	0.00031	0.00060	0.04526	0.45539	0.00110
10	0.04741	0.07621	0.16769	0.03096	0.02866	0.03547	0.17738	0.05815	0.07173	0.20565	0.01593	0.03086	0.01428	0.00125	0.00114	0.00034	0.02841	0.00617	0.00079	0.00153
11	0.01190	0.01152	0.26414	0.05846	0.12789	0.02655	0.10521	0.03123	0.01805	0.09836	0.03194	0.06455	0.00267	0.00146	0.00128	0.00037	0.06002	0.08226	0.00070	0.00145
12	0.00166	0.00122	0.00163	0.00157	0.00165	0.00133	0.02245	0.00177	0.00169	0.00232	0.00334	0.09058	0.01443	0.48151	0.17167	0.08091	0.09110	0.02775	0.00065	0.00079
13	0.00281	0.07958	0.39258	0.00264	0.00360	0.33082	0.01071	0.00354	0.01633	0.02084	0.01950	0.09630	0.01356	0.00133	0.00103	0.00032	0.00153	0.00102	0.00059	0.00137
14	0.06758	0.07704	0.35445	0.11772	0.08715	0.02634	0.04668	0.06771	0.01387	0.06266	0.02564	0.01469	0.00198	0.00117	0.00103	0.00034	0.00134	0.03050	0.00063	0.00149
15	0.00133	0.00095	0.00126	0.00148	0.00156	0.00088	0.00099	0.00153	0.00211	0.00282	0.05266	0.88871	0.01964	0.01674	0.00143	0.00044	0.00062	0.00298	0.00100	0.00088
16	0.00187	0.00168	0.01280	0.45389	0.03071	0.00183	0.06073	0.00244	0.01160	0.01082	0.09427	0.10322	0.12336	0.01415	0.00132	0.02622	0.00112	0.04615	0.00071	0.00112
17	0.11094	0.05639	0.03664	0.03091	0.13439	0.06605	0.11300	0.24589	0.00823	0.08670	0.01815	0.01306	0.00202	0.00126	0.00741	0.00034	0.02445	0.02276	0.01989	0.00152
18	0.03942	0.27999	0.17950	0.02984	0.04372	0.05634	0.03319	0.08518	0.02267	0.17498	0.00244	0.01121	0.00187	0.00115	0.00097	0.00031	0.00895	0.02255	0.00420	0.00153
19	0.01759	0.00118	0.00138	0.00138	0.00169	0.00108	0.00104	0.00206	0.03481	0.05457	0.20545	0.17664	0.41114	0.00265	0.01017	0.00039	0.00064	0.07407	0.00105	0.00101
20	0.03968	0.00185	0.00219	0.00201	0.02270	0.07301	0.05395	0.03994	0.08979	0.07358	0.27899	0.16414	0.06871	0.00208	0.00683	0.00037	0.04825	0.02974	0.00098	0.00121
21	0.02899	0.00986	0.00230	0.01800	0.03212	0.04486	0.06192	0.05539	0.16582	0.11173	0.04427	0.35711	0.03709	0.00537	0.00767	0.00039	0.00092	0.01392	0.00098	0.00128
22	0.03146	0.00106	0.00134	0.00152	0.00165	0.00438	0.00105	0.01148	0.00216	0.02575	0.03696	0.78307	0.03464	0.01720	0.00142	0.00514	0.00517	0.03263	0.00099	0.00092
23	0.00154	0.00120	0.00168	0.00169	0.00189	0.01368	0.04546	0.00187	0.00619	0.00948	0.12484	0.42137	0.06214	0.03544	0.24627	0.00077	0.01016	0.01252	0.00087	0.00096
24	0.00258	0.34637	0.50150	0.00261	0.00384	0.07354	0.01740	0.01105	0.01173	0.00307	0.00182	0.00217	0.00144	0.00102	0.00093	0.00030	0.00738	0.00929	0.00048	0.00148
25	0.00188	0.00122	0.00163	0.00166	0.00191	0.00117	0.02030	0.02186	0.05181	0.10095	0.09465	0.57286	0.04990	0.00281	0.00134	0.01061	0.00071	0.06062	0.00104	0.00107
26	0.00244	0.00238	0.00421	0.29018	0.55055	0.00251	0.10988	0.00313	0.00236	0.00327	0.00202	0.00278	0.00163	0.00111	0.01674	0.00036	0.00141	0.00100	0.00052	0.00151
27	0.00717	0.00249	0.00399	0.11464	0.52590	0.04062	0.10985	0.04610	0.02676	0.02151	0.00890	0.05430	0.00727	0.00120	0.00111	0.00034	0.00131	0.01931	0.00571	0.00154
28	0.00778	0.00191	0.00295	0.03515	0.01172	0.01254	0.17608	0.02480	0.04209	0.33363	0.19408	0.04117	0.04467	0.00656	0.00129	0.00036	0.03465	0.02611	0.00103	0.00143
29	0.01204	0.00150	0.01553	0.03520	0.00630	0.00612	0.00139	0.07352	0.01663	0.11566	0.20802	0.32493	0.01205	0.02475	0.02946	0.00044	0.06312	0.02559	0.02660	0.00116
30	0.01599	0.27868	0.21173	0.00248	0.00348	0.01362	0.12277	0.04829	0.03579	0.17352	0.01152	0.04004	0.01777	0.00119	0.00099	0.00031	0.00124	0.00098	0.00072	0.01889
31	0.00285	0.00283	0.00348	0.14934	0.35007	0.18672	0.02819	0.04632	0.09494	0.02230	0.00728	0.00283	0.00187	0.00154	0.05303	0.01615	0.02720	0.00096	0.00063	0.00146
32	0.00207	0.00179	0.08442	0.01783	0.10946	0.00151	0.02986	0.02900	0.01710	0.04840	0.18091	0.14233	0.04958	0.00712	0.03039	0.00038	0.00635	0.01162	0.22870	0.00120
33	0.00900	0.15891	0.66694	0.00292	0.02962	0.00921	0.03102	0.03354	0.01305	0.01893	0.01168	0.00236	0.00615	0.00104	0.00098	0.00032	0.00147	0.00081	0.00051	0.00156
34	0.11703	0.00199	0.00243	0.00207	0.00259	0.05942	0.07984	0.09275	0.03574	0.17339	0.00791	0.04324	0.01285	0.09041	0.21683	0.00073	0.02175	0.03691	0.00083	0.00128
