[name]
unknown

[dist]
# distance from previous block
# <min> <max>
0	96

[block]
# block no. 0 follows, 246 sequences, length 12
# corresponding to MSA columns:
# 1527-1533,1559,1560,1562-1564
name=unknown_A
#
# <colnr> <probs for GDERKNQSTAVLIFYWHMCP>
#	G	D	E	R	K	N	Q	S	T	A	V	L	I	F	Y	W	H	M	C	P
0	0.00227	0.00149	0.00203	0.00226	0.00258	0.00149	0.00195	0.00287	0.00301	0.03227	0.00655	0.01321	0.00688	0.00329	0.00168	0.00056	0.00113	0.78861	0.12462	0.00124
1	0.00525	0.00325	0.00368	0.00282	0.00386	0.00344	0.00233	0.66866	0.00546	0.28195	0.00374	0.00353	0.00253	0.00159	0.00131	0.00040	0.00135	0.00122	0.00140	0.00223
2	0.00207	0.00149	0.00206	0.12367	0.00290	0.00147	0.00156	0.00271	0.00353	0.03511	0.75941	0.02588	0.01049	0.00248	0.00150	0.00042	0.00078	0.00219	0.01898	0.00129
3	0.00174	0.00132	0.00180	0.00191	0.00213	0.00124	0.03134	0.00216	0.02318	0.00376	0.15192	0.62160	0.10190	0.00364	0.00164	0.00050	0.00080	0.04503	0.00124	0.00115
4	0.00162	0.00119	0.00149	0.00170	0.00186	0.00109	0.00116	0.00188	0.00263	0.00345	0.06052	0.67683	0.18135	0.05435	0.00191	0.00055	0.00076	0.00338	0.00121	0.00107
5	0.00270	0.02255	0.69304	0.00384	0.02377	0.00299	0.12477	0.02388	0.00296	0.00432	0.08050	0.00346	0.00261	0.00135	0.00131	0.00042	0.00184	0.00116	0.00066	0.00186
6	0.00352	0.00266	0.00290	0.00258	0.00333	0.00298	0.00201	0.00664	0.77541	0.12636	0.00541	0.05236	0.00414	0.00188	0.00135	0.00044	0.00103	0.00157	0.00137	0.00205
7	0.00426	0.00348	0.00382	0.00358	0.12492	0.05106	0.00257	0.50439	0.27599	0.00670	0.00364	0.00363	0.00270	0.00157	0.00131	0.00041	0.00139	0.00125	0.00120	0.00213
8	0.00215	0.00166	0.02508	0.00205	0.01364	0.00156	0.00150	0.01404	0.12379	0.04630	0.17617	0.50719	0.05294	0.01409	0.00165	0.00049	0.01025	0.00287	0.00126	0.00133
9	0.96317	0.00254	0.00193	0.00172	0.00254	0.00294	0.00142	0.00386	0.00223	0.00589	0.00183	0.00213	0.00142	0.00122	0.00081	0.00041	0.00101	0.00071	0.00081	0.00142
10	0.00384	0.71502	0.07457	0.00240	0.00355	0.02938	0.00239	0.00436	0.00287	0.14758	0.00238	0.00252	0.00192	0.00121	0.00095	0.00031	0.00142	0.00082	0.00073	0.00178
11	0.00162	0.00131	0.00143	0.00149	0.00184	0.00114	0.00110	0.00196	0.00291	0.00358	0.05969	0.15669	0.65355	0.04781	0.00182	0.00050	0.00074	0.05851	0.00121	0.00110

[dist]
# distance from previous block
# <min> <max>
1	17

[block]
# block no. 1 follows, 246 sequences, length 13
# corresponding to MSA columns:
# 1582-1587,1589-1592,1609,1610,1613
name=unknown_B
#
# <colnr> <probs for GDERKNQSTAVLIFYWHMCP>
#	G	D	E	R	K	N	Q	S	T	A	V	L	I	F	Y	W	H	M	C	P
0	0.00205	0.00150	0.00184	0.10634	0.00271	0.00140	0.00140	0.00249	0.00309	0.07187	0.20376	0.03207	0.51595	0.04564	0.00174	0.00047	0.00084	0.00239	0.00120	0.00124
1	0.00399	0.74823	0.00607	0.00230	0.00339	0.03698	0.00220	0.00442	0.00290	0.17537	0.00244	0.00254	0.00197	0.00122	0.00094	0.00031	0.00138	0.00082	0.00076	0.00178
2	0.10780	0.00132	0.00157	0.00179	0.00198	0.00129	0.00124	0.00207	0.00253	0.00366	0.00706	0.75870	0.07542	0.00372	0.00157	0.00051	0.00079	0.02468	0.00117	0.00111
3	0.00210	0.02294	0.09051	0.07788	0.01892	0.01178	0.00204	0.00258	0.00239	0.00326	0.00483	0.15169	0.10785	0.10688	0.29071	0.00870	0.08226	0.01064	0.00081	0.00125
4	0.00306	0.00228	0.00258	0.00229	0.00293	0.00245	0.00179	0.04061	0.48151	0.09127	0.25631	0.01917	0.04307	0.00217	0.01058	0.00044	0.00095	0.01282	0.00136	0.02234
5	0.00305	0.38382	0.33380	0.01442	0.10660	0.01965	0.01744	0.01449	0.01897	0.00373	0.00257	0.07117	0.00227	0.00141	0.00113	0.00037	0.00159	0.00110	0.00064	0.00178
6	0.10892	0.09964	0.31126	0.13703	0.05434	0.00920	0.03933	0.01618	0.00893	0.04606	0.01262	0.02887	0.00226	0.01315	0.08557	0.00057	0.02254	0.00114	0.00070	0.00168
7	0.00318	0.00196	0.00271	0.30001	0.00451	0.00202	0.00211	0.02522	0.00306	0.19070	0.07936	0.00448	0.00338	0.00151	0.00119	0.00037	0.00113	0.00127	0.26423	0.10762
8	0.00267	0.00220	0.00261	0.00192	0.00295	0.00168	0.00151	0.00313	0.00261	0.00405	0.00233	0.00286	0.00198	0.00137	0.00143	0.10640	0.00099	0.00082	0.00075	0.85575
9	0.07247	0.00268	0.01650	0.25821	0.29450	0.03475	0.02881	0.00400	0.03191	0.12049	0.00353	0.08686	0.02670	0.00163	0.00132	0.00042	0.00145	0.01118	0.00085	0.00173
10	0.00414	0.00246	0.01596	0.00240	0.00320	0.00249	0.00194	0.08324	0.35325	0.34455	0.00510	0.06263	0.00384	0.00185	0.00132	0.00042	0.00106	0.01768	0.09049	0.00199
11	0.00293	0.00171	0.00178	0.00161	0.00207	0.00180	0.00125	0.13132	0.08296	0.02455	0.00423	0.00464	0.00326	0.00156	0.00101	0.00033	0.00077	0.00124	0.72951	0.00145
12	0.00224	0.01048	0.20492	0.02095	0.13350	0.00201	0.02972	0.01219	0.02510	0.01174	0.01375	0.48946	0.00561	0.02100	0.00159	0.00049	0.00122	0.01160	0.00096	0.00147

[dist]
# distance from previous block
# <min> <max>
0	12

[block]
# block no. 2 follows, 246 sequences, length 33
# corresponding to MSA columns:
# 1626-1629,1634-1649,1662-1669,1671,1683-1686
name=unknown_C
#
# <colnr> <probs for GDERKNQSTAVLIFYWHMCP>
#	G	D	E	R	K	N	Q	S	T	A	V	L	I	F	Y	W	H	M	C	P
0	0.00490	0.00621	0.00372	0.00337	0.00406	0.93199	0.00253	0.02174	0.00376	0.00330	0.00205	0.00238	0.00170	0.00136	0.00119	0.00034	0.00235	0.00085	0.00069	0.00153
1	0.00191	0.00127	0.00143	0.00143	0.00143	0.00127	0.00079	0.00191	0.00191	0.00254	0.00413	0.00858	0.00477	0.95390	0.00668	0.00127	0.00127	0.00191	0.00079	0.00079
2	0.00160	0.00115	0.00152	0.00181	0.00190	0.00107	0.00121	0.00185	0.00256	0.00341	0.03324	0.90468	0.03103	0.00405	0.00167	0.00053	0.00075	0.00367	0.00122	0.00107
3	0.00325	0.00312	0.00532	0.00805	0.94572	0.00312	0.00403	0.00403	0.00299	0.00429	0.00247	0.00325	0.00208	0.00117	0.00130	0.00039	0.00156	0.00117	0.00065	0.00208
4	0.00160	0.00114	0.00152	0.00183	0.00190	0.00107	0.00122	0.00183	0.00251	0.00335	0.00723	0.95305	0.00868	0.00411	0.00167	0.00053	0.00076	0.00373	0.00122	0.00107
5	0.00256	0.00128	0.00130	0.00127	0.00160	0.00128	0.00096	0.01510	0.00282	0.02695	0.00429	0.00486	0.00334	0.00153	0.00093	0.00031	0.00063	0.00122	0.92651	0.00126
6	0.00325	0.00310	0.00525	0.01698	0.89352	0.00311	0.01322	0.02221	0.00305	0.00435	0.00255	0.00344	0.00217	0.00122	0.00131	0.00039	0.00156	0.01659	0.00067	0.00206
7	0.00207	0.00153	0.00176	0.00168	0.00212	0.00142	0.00129	0.03832	0.05027	0.04365	0.29015	0.06672	0.43943	0.00298	0.00154	0.00044	0.00075	0.05127	0.00131	0.00129
8	0.00304	0.00286	0.00484	0.00716	0.80356	0.00289	0.00367	0.00377	0.00285	0.00410	0.00262	0.00353	0.00226	0.00248	0.14407	0.00065	0.00185	0.00120	0.00066	0.00194
9	0.00199	0.00149	0.00222	0.00231	0.03809	0.00170	0.00170	0.00244	0.00215	0.01558	0.00351	0.00525	0.00330	0.06614	0.83260	0.00195	0.01422	0.00142	0.00072	0.00120
10	0.00188	0.00140	0.00208	0.00208	0.00230	0.00162	0.00160	0.00232	0.00210	0.00302	0.00354	0.00531	0.00335	0.05354	0.90510	0.00207	0.00341	0.00143	0.00071	0.00115
11	0.02246	0.00613	0.00368	0.00334	0.00402	0.91879	0.00251	0.00523	0.00369	0.01575	0.00207	0.00239	0.00171	0.00135	0.00118	0.00034	0.00232	0.00085	0.00069	0.00153
12	0.08443	0.00158	0.00185	0.00186	0.00207	0.03198	0.00133	0.00236	0.00217	0.00318	0.00402	0.12273	0.00427	0.31644	0.40161	0.00142	0.00216	0.01267	0.00081	0.00107
13	0.01184	0.00258	0.00239	0.00207	0.00266	0.12910	0.00162	0.20867	0.02015	0.09225	0.00383	0.01789	0.00294	0.00157	0.00113	0.00035	0.01076	0.00121	0.48542	0.00159
14	0.00272	0.00178	0.00224	0.02109	0.00270	0.00156	0.00152	0.02141	0.02904	0.14932	0.02344	0.43557	0.01601	0.00260	0.00139	0.00040	0.00091	0.00229	0.00641	0.27761
15	0.00179	0.00129	0.00144	0.00144	0.00161	0.00121	0.00092	0.00197	0.00248	0.00322	0.12880	0.03571	0.28659	0.52104	0.00435	0.00089	0.00099	0.00227	0.00102	0.00095
16	0.00247	0.00222	0.00306	0.00272	0.00279	0.00292	0.00216	0.01212	0.00205	0.00305	0.00263	0.00458	0.00271	0.20690	0.20632	0.00105	0.53696	0.00137	0.00066	0.00125
17	0.03021	0.01696	0.00788	0.02275	0.06064	0.43249	0.00929	0.26268	0.08442	0.00497	0.00276	0.00704	0.00219	0.01676	0.00136	0.00039	0.01367	0.00502	0.01674	0.00178
18	0.00182	0.00134	0.00170	0.00161	0.00194	0.00122	0.00121	0.00239	0.00361	0.00503	0.81896	0.02160	0.12715	0.00278	0.00155	0.00042	0.00063	0.00244	0.00141	0.00122
19	0.00327	0.00368	0.06454	0.00505	0.01855	0.00332	0.73893	0.10175	0.01020	0.01449	0.00294	0.00364	0.02035	0.00122	0.00150	0.00043	0.00206	0.00149	0.00075	0.00183
20	0.01028	0.00292	0.02484	0.34931	0.46976	0.01218	0.04631	0.00902	0.00286	0.00396	0.00241	0.00329	0.00193	0.00122	0.00131	0.00040	0.00707	0.00115	0.00063	0.04915
21	0.04259	0.56474	0.01182	0.00265	0.00361	0.29346	0.00864	0.03703	0.00308	0.00343	0.00194	0.00225	0.00170	0.00123	0.00103	0.00031	0.01744	0.00078	0.00063	0.00164
22	0.00193	0.00130	0.00149	0.00150	0.00152	0.00131	0.00087	0.01747	0.00203	0.00271	0.00436	0.08620	0.00503	0.84944	0.01665	0.00121	0.00126	0.00204	0.00084	0.00085
23	0.00848	0.00205	0.00226	0.00204	0.00260	0.00208	0.00159	0.24820	0.06481	0.02662	0.07784	0.15938	0.34170	0.00281	0.00150	0.00045	0.00095	0.05186	0.00127	0.00150
24	0.00383	0.00177	0.00226	0.00191	0.00251	0.00159	0.00146	0.00922	0.00318	0.46705	0.09303	0.02399	0.12365	0.22677	0.00264	0.00062	0.00104	0.01803	0.01384	0.00161
25	0.00308	0.00366	0.04574	0.00542	0.00677	0.00331	0.89169	0.00423	0.01444	0.00422	0.00267	0.00352	0.00200	0.00112	0.00153	0.00044	0.00219	0.00152	0.00067	0.00178
26	0.00352	0.00281	0.00302	0.00265	0.00342	0.00319	0.00208	0.08046	0.78608	0.06343	0.02373	0.00490	0.00401	0.00179	0.00134	0.00044	0.00107	0.00863	0.00135	0.00207
27	0.96317	0.00254	0.00193	0.00172	0.00254	0.00294	0.00142	0.00386	0.00223	0.00589	0.00183	0.00213	0.00142	0.00122	0.00081	0.00041	0.00101	0.00071	0.00081	0.00142
28	0.00349	0.93814	0.02329	0.00227	0.00341	0.00515	0.00229	0.00393	0.00267	0.00310	0.00183	0.00212	0.00168	0.00112	0.00085	0.00028	0.00141	0.00071	0.00056	0.00169
29	0.00271	0.00233	0.00275	0.02469	0.00325	0.00178	0.00160	0.00330	0.00272	0.00425	0.00233	0.00274	0.00194	0.00098	0.00098	0.00020	0.00099	0.00079	0.00077	0.93890
30	0.00306	0.01359	0.00282	0.00252	0.00757	0.00274	0.01645	0.12335	0.46966	0.00526	0.02437	0.10459	0.16083	0.00250	0.01141	0.00049	0.00109	0.04458	0.00131	0.00182
31	0.71720	0.00278	0.02642	0.00197	0.00284	0.04469	0.00166	0.02622	0.00264	0.15151	0.00242	0.00257	0.00176	0.00130	0.00093	0.00040	0.00112	0.00083	0.00915	0.00158
32	0.00963	0.00275	0.00299	0.01425	0.01808	0.01581	0.00200	0.06322	0.56856	0.01156	0.00429	0.02147	0.00332	0.00157	0.00124	0.00037	0.00108	0.00130	0.00115	0.25535

[dist]
# distance from previous block
# <min> <max>
2	9

[block]
# block no. 3 follows, 246 sequences, length 8
# corresponding to MSA columns:
# 1700-1702,1723-1727
name=unknown_D
#
# <colnr> <probs for GDERKNQSTAVLIFYWHMCP>
#	G	D	E	R	K	N	Q	S	T	A	V	L	I	F	Y	W	H	M	C	P
0	0.87806	0.00257	0.00207	0.00181	0.00264	0.00295	0.00149	0.04487	0.00247	0.04854	0.00204	0.00228	0.00154	0.00125	0.00086	0.00041	0.00104	0.00076	0.00087	0.00149
1	0.89765	0.00245	0.00188	0.00169	0.00247	0.00283	0.00139	0.00380	0.00227	0.00582	0.00199	0.00232	0.00155	0.00124	0.00082	0.00040	0.00099	0.00075	0.06630	0.00141
2	0.02799	0.14375	0.43385	0.01856	0.00471	0.00347	0.04599	0.17502	0.06720	0.02885	0.00276	0.00303	0.00204	0.00134	0.00120	0.00039	0.00163	0.00104	0.03526	0.00192
3	0.00475	0.00344	0.00368	0.00285	0.00383	0.00380	0.00234	0.85236	0.00584	0.00795	0.00326	0.00331	0.00234	0.00157	0.00127	0.00039	0.00136	0.00118	0.09235	0.00214
4	0.00185	0.00136	0.00159	0.00157	0.00194	0.00120	0.00118	0.00228	0.00319	0.03793	0.31939	0.07818	0.46236	0.02951	0.00171	0.00047	0.00072	0.05111	0.00129	0.00118
5	0.00241	0.02233	0.01428	0.01476	0.00228	0.02893	0.02049	0.02648	0.00220	0.03777	0.00329	0.02704	0.00332	0.27722	0.19976	0.29365	0.02058	0.00147	0.00074	0.00100
6	0.23583	0.00318	0.02593	0.03220	0.15698	0.07742	0.01511	0.23694	0.01559	0.08797	0.01902	0.00323	0.00229	0.00142	0.00120	0.00039	0.01457	0.00108	0.06783	0.00182
7	0.00247	0.00210	0.01228	0.10936	0.15895	0.01132	0.07117	0.02842	0.02135	0.02517	0.05146	0.15389	0.04965	0.17967	0.08874	0.01205	0.01779	0.00190	0.00088	0.00139

[dist]
# distance from previous block
# <min> <max>
3	17

[block]
# block no. 4 follows, 246 sequences, length 6
# corresponding to MSA columns:
# 1809-1814
name=unknown_E
#
# <colnr> <probs for GDERKNQSTAVLIFYWHMCP>
#	G	D	E	R	K	N	Q	S	T	A	V	L	I	F	Y	W	H	M	C	P
0	0.00424	0.02959	0.03407	0.04165	0.14100	0.04220	0.05021	0.10649	0.01896	0.34645	0.02026	0.00408	0.00285	0.05471	0.03011	0.00049	0.01672	0.00126	0.00111	0.05355
1	0.00299	0.00281	0.00433	0.46854	0.29501	0.03331	0.02222	0.04175	0.02759	0.00405	0.01903	0.00359	0.00221	0.00137	0.00139	0.00042	0.02164	0.00120	0.01741	0.02915
2	0.00229	0.00179	0.00212	0.01928	0.00244	0.02176	0.00152	0.02759	0.17747	0.00359	0.02135	0.05545	0.02227	0.29495	0.30751	0.00124	0.00193	0.03327	0.00093	0.00126
3	0.00189	0.00128	0.00148	0.00147	0.00152	0.00128	0.00087	0.00196	0.00207	0.00276	0.05687	0.00867	0.04664	0.81442	0.05065	0.00123	0.00131	0.00195	0.00085	0.00085
4	0.02528	0.14854	0.28351	0.03928	0.04774	0.02050	0.03210	0.02508	0.07897	0.05999	0.03934	0.00326	0.00246	0.00130	0.00116	0.00035	0.00146	0.00104	0.00079	0.18783
5	0.01802	0.06936	0.01992	0.01526	0.00333	0.00230	0.00194	0.08338	0.01988	0.43243	0.03392	0.01730	0.01827	0.00165	0.00129	0.01353	0.00113	0.03866	0.00124	0.20719

[dist]
# distance from previous block
# <min> <max>
0	1

[block]
# block no. 5 follows, 246 sequences, length 21
# corresponding to MSA columns:
# 1816,1817,1819,1820,1827-1843
name=unknown_F
#
# <colnr> <probs for GDERKNQSTAVLIFYWHMCP>
#	G	D	E	R	K	N	Q	S	T	A	V	L	I	F	Y	W	H	M	C	P
0	0.01791	0.03847	0.77289	0.00368	0.04042	0.00307	0.00437	0.02381	0.02586	0.00423	0.01065	0.02188	0.00203	0.01760	0.00135	0.00043	0.00776	0.00106	0.00062	0.00189
1	0.00232	0.00186	0.00251	0.05482	0.16325	0.01209	0.01424	0.00756	0.03176	0.03335	0.08688	0.05053	0.20505	0.26698	0.01189	0.00068	0.00117	0.03558	0.00098	0.01651
2	0.01246	0.02796	0.00332	0.05323	0.05527	0.08578	0.00233	0.06726	0.06788	0.03806	0.16799	0.03445	0.03859	0.01999	0.00235	0.00048	0.28646	0.02419	0.00095	0.01099
3	0.00276	0.00237	0.00279	0.03081	0.02729	0.01793	0.00171	0.01624	0.01943	0.01430	0.00918	0.05786	0.00854	0.00124	0.00108	0.00024	0.00716	0.00102	0.00082	0.77723
4	0.01899	0.07827	0.02028	0.30689	0.33488	0.02177	0.02755	0.02977	0.01845	0.02854	0.00312	0.03733	0.04339	0.00147	0.00136	0.00041	0.02378	0.00129	0.00072	0.00173
5	0.00177	0.00143	0.00179	0.04265	0.04146	0.01672	0.00143	0.00209	0.00270	0.00346	0.01615	0.53984	0.26331	0.02179	0.00170	0.00051	0.00086	0.03804	0.00115	0.00114
6	0.00325	0.00314	0.00523	0.04125	0.86521	0.01889	0.01622	0.00408	0.02224	0.00426	0.00252	0.00328	0.00210	0.00119	0.00130	0.00039	0.00158	0.00117	0.00066	0.00204
7	0.00285	0.00283	0.00397	0.00341	0.00342	0.00396	0.00284	0.00314	0.00201	0.00315	0.00177	0.00293	0.00176	0.00248	0.02762	0.00061	0.92810	0.00115	0.00058	0.00143
8	0.00362	0.02699	0.01580	0.10185	0.20671	0.05110	0.02316	0.10863	0.17694	0.13834	0.04261	0.04952	0.02891	0.00174	0.00656	0.00042	0.00787	0.00631	0.00106	0.00188
9	0.01433	0.02871	0.22942	0.04662	0.46887	0.02061	0.03208	0.01749	0.03769	0.02286	0.02401	0.02582	0.00243	0.00143	0.01032	0.00042	0.01304	0.00121	0.00071	0.00193
10	0.00277	0.00249	0.00394	0.34169	0.32806	0.00822	0.00993	0.00374	0.07757	0.02261	0.01885	0.05155	0.04017	0.00797	0.00814	0.00045	0.00662	0.05728	0.00080	0.00713
11	0.93355	0.00250	0.00193	0.00174	0.00253	0.00290	0.00143	0.00381	0.00223	0.00580	0.00188	0.00222	0.00148	0.00148	0.03001	0.00046	0.00109	0.00073	0.00081	0.00141
12	0.00309	0.00258	0.00279	0.02190	0.00332	0.00294	0.00199	0.01840	0.76249	0.01764	0.01474	0.07976	0.02586	0.00201	0.00137	0.00045	0.00102	0.01467	0.02107	0.00193
13	0.00180	0.00132	0.00169	0.00165	0.00195	0.00121	0.00123	0.00235	0.00350	0.00486	0.73528	0.10792	0.10621	0.00291	0.00157	0.00043	0.00065	0.02086	0.00139	0.00121
14	0.04791	0.00340	0.00371	0.00285	0.00389	0.00369	0.00236	0.75548	0.00562	0.15269	0.00340	0.00331	0.00235	0.00157	0.00129	0.00040	0.00137	0.00118	0.00134	0.00219
15	0.00209	0.00148	0.00205	0.00233	0.00261	0.00148	0.00200	0.00264	0.00293	0.00382	0.00676	0.03847	0.00739	0.06753	0.00214	0.00065	0.00120	0.85007	0.00118	0.00118
16	0.00438	0.00194	0.00258	0.00209	0.00285	0.00172	0.00168	0.02422	0.00378	0.58227	0.33208	0.00645	0.02408	0.00202	0.00140	0.00041	0.00094	0.00171	0.00155	0.00187
17	0.01370	0.03133	0.00316	0.00270	0.00339	0.32541	0.00209	0.13191	0.26701	0.00485	0.09728	0.03050	0.03657	0.00178	0.00128	0.00039	0.00148	0.00138	0.04208	0.00171
18	0.02281	0.01666	0.00327	0.01647	0.01700	0.30614	0.00218	0.06978	0.09452	0.33775	0.07691	0.00427	0.00346	0.00165	0.00129	0.00039	0.00151	0.02091	0.00119	0.00185
19	0.50369	0.01541	0.00859	0.00219	0.02247	0.01036	0.04008	0.01342	0.02230	0.05343	0.00794	0.00263	0.00184	0.00120	0.00099	0.00035	0.01217	0.00084	0.00084	0.27926
20	0.06498	0.08395	0.16417	0.00299	0.01911	0.11039	0.01147	0.31428	0.03205	0.05124	0.03217	0.02976	0.01833	0.00158	0.00136	0.00039	0.04039	0.00118	0.00098	0.01923

[dist]
# distance from previous block
# <min> <max>
1	45

[block]
# block no. 6 follows, 246 sequences, length 6
# corresponding to MSA columns:
# 1890,1892-1895,1900
name=unknown_G
#
# <colnr> <probs for GDERKNQSTAVLIFYWHMCP>
#	G	D	E	R	K	N	Q	S	T	A	V	L	I	F	Y	W	H	M	C	P
0	0.08955	0.00209	0.02129	0.02542	0.00343	0.00196	0.20241	0.00328	0.00287	0.09707	0.08835	0.21549	0.03094	0.03691	0.01896	0.01501	0.00126	0.06931	0.07299	0.00141
1	0.00369	0.00269	0.00300	0.00258	0.00303	0.11238	0.00207	0.05048	0.02278	0.21380	0.02568	0.00405	0.00286	0.02589	0.07787	0.00059	0.28220	0.00124	0.16151	0.00160
2	0.68129	0.00254	0.00229	0.00195	0.00281	0.00281	0.00160	0.04571	0.05524	0.18895	0.00273	0.00278	0.00196	0.00134	0.00096	0.00041	0.00105	0.00089	0.00102	0.00165
3	0.00499	0.00367	0.00394	0.00302	0.00407	0.00407	0.00249	0.94135	0.00617	0.00827	0.00315	0.00315	0.00223	0.00157	0.00131	0.00039	0.00144	0.00118	0.00131	0.00223
4	0.00310	0.00354	0.00774	0.00553	0.00686	0.00332	0.94096	0.00420	0.00310	0.00420	0.00265	0.00354	0.00199	0.00111	0.00155	0.00044	0.00221	0.00155	0.00066	0.00177
5	0.00194	0.00126	0.00146	0.00146	0.00146	0.00126	0.00083	0.00189	0.00189	0.00252	0.00395	0.00813	0.00452	0.86029	0.00652	0.09599	0.00126	0.00183	0.00077	0.00077

[dist]
# distance from previous block
# <min> <max>
0	7

[block]
# block no. 7 follows, 246 sequences, length 13
# corresponding to MSA columns:
# 1908-1913,1924,1925,1929,1931-1933,1935
name=unknown_H
#
# <colnr> <probs for GDERKNQSTAVLIFYWHMCP>
#	G	D	E	R	K	N	Q	S	T	A	V	L	I	F	Y	W	H	M	C	P
0	0.00171	0.00125	0.00155	0.00167	0.00182	0.00122	0.00113	0.00194	0.00238	0.00312	0.00698	0.37913	0.18332	0.25904	0.14675	0.00095	0.00130	0.00271	0.00103	0.00102
1	0.00164	0.00132	0.00142	0.00143	0.00179	0.00115	0.00104	0.00198	0.00296	0.00368	0.13974	0.05054	0.66649	0.09638	0.00206	0.00053	0.00073	0.02280	0.00121	0.00110
2	0.00344	0.00282	0.00300	0.00266	0.00343	0.00323	0.00208	0.03706	0.86873	0.05007	0.00526	0.00482	0.00391	0.00177	0.00133	0.00044	0.00105	0.00147	0.00135	0.00209
3	0.00223	0.00165	0.00199	0.00208	0.00238	0.00171	0.00150	0.01479	0.24383	0.03327	0.03485	0.60269	0.00724	0.00331	0.00156	0.00050	0.00086	0.02835	0.01382	0.00139
4	0.52909	0.02752	0.00959	0.12439	0.01559	0.02104	0.00196	0.06292	0.05438	0.08695	0.00941	0.02124	0.00209	0.00140	0.00106	0.00041	0.01131	0.00099	0.01707	0.00159
5	0.00317	0.48590	0.36455	0.00299	0.02484	0.02520	0.01456	0.00404	0.00279	0.01770	0.02836	0.00266	0.00201	0.00122	0.00105	0.00034	0.00161	0.00088	0.00061	0.01553
6	0.06469	0.25559	0.02839	0.05406	0.01928	0.45800	0.00253	0.06731	0.01529	0.00376	0.00210	0.00246	0.00175	0.00131	0.00115	0.00034	0.01880	0.00086	0.00069	0.00163
7	0.00202	0.00139	0.00175	0.01242	0.00219	0.00130	0.00133	0.00251	0.05464	0.06543	0.04004	0.63110	0.13338	0.00354	0.00159	0.00049	0.00080	0.01488	0.00124	0.02796
8	0.00350	0.74670	0.11055	0.00261	0.02420	0.03797	0.00259	0.03758	0.01777	0.00346	0.00201	0.00229	0.00175	0.00117	0.00093	0.00031	0.00149	0.00078	0.00061	0.00174
9	0.00207	0.02199	0.00244	0.02693	0.00266	0.00190	0.01939	0.03006	0.00226	0.00321	0.00340	0.00505	0.00318	0.05338	0.78620	0.00186	0.03069	0.00140	0.00071	0.00122
10	0.00160	0.00114	0.00152	0.00183	0.00190	0.00107	0.00122	0.00183	0.00251	0.00335	0.00723	0.95305	0.00868	0.00411	0.00167	0.00053	0.00076	0.00373	0.00122	0.00107
11	0.00363	0.86976	0.00659	0.00235	0.00343	0.08967	0.00227	0.00405	0.00276	0.00310	0.00184	0.00213	0.00168	0.00114	0.00087	0.00029	0.00149	0.00071	0.00057	0.00167
12	0.75925	0.03303	0.04736	0.01140	0.01299	0.04260	0.01211	0.01597	0.04689	0.00555	0.00206	0.00235	0.00160	0.00125	0.00090	0.00040	0.00116	0.00079	0.00081	0.00151

[dist]
# distance from previous block
# <min> <max>
1	2

[block]
# block no. 8 follows, 246 sequences, length 8
# corresponding to MSA columns:
# 1938,1939,2012-2017
name=unknown_I
#
# <colnr> <probs for GDERKNQSTAVLIFYWHMCP>
#	G	D	E	R	K	N	Q	S	T	A	V	L	I	F	Y	W	H	M	C	P
0	0.03131	0.00279	0.00373	0.00313	0.00345	0.03103	0.02795	0.03389	0.00258	0.18283	0.00258	0.00329	0.00212	0.00227	0.03222	0.00056	0.60627	0.00118	0.02523	0.00161
1	0.00417	0.00250	0.00291	0.00245	0.00326	0.00261	0.00195	0.05231	0.46259	0.34604	0.07492	0.00502	0.00425	0.00177	0.00133	0.00042	0.00104	0.00147	0.02692	0.00206
2	0.00202	0.00147	0.00181	0.00164	0.00208	0.00129	0.00125	0.00258	0.00349	0.03623	0.65269	0.00944	0.17981	0.00259	0.00148	0.00040	0.00068	0.00225	0.00134	0.09545
3	0.00191	0.00127	0.00143	0.00143	0.00143	0.00127	0.00079	0.00191	0.00191	0.00254	0.00413	0.00858	0.00477	0.95390	0.00668	0.00127	0.00127	0.00191	0.00079	0.00079
4	0.88662	0.00251	0.00202	0.00177	0.00260	0.00286	0.00146	0.00406	0.00235	0.08111	0.00209	0.00232	0.00157	0.00125	0.00085	0.00041	0.00102	0.00076	0.00088	0.00149
5	0.00276	0.02666	0.43196	0.05901	0.15306	0.01792	0.08704	0.00391	0.02899	0.00408	0.02143	0.01475	0.03249	0.00153	0.00146	0.00043	0.04592	0.04554	0.01929	0.00179
6	0.00195	0.00136	0.00174	0.00165	0.00198	0.00124	0.00124	0.00251	0.00358	0.03575	0.77464	0.06728	0.09455	0.00279	0.00155	0.00042	0.00065	0.00246	0.00142	0.00125
7	0.03649	0.00226	0.04394	0.00217	0.00287	0.00209	0.00179	0.06799	0.17358	0.23073	0.37097	0.00674	0.04861	0.00211	0.00140	0.00042	0.00094	0.00178	0.00139	0.00173

[dist]
# distance from previous block
# <min> <max>
4	7

[block]
# block no. 9 follows, 246 sequences, length 11
# corresponding to MSA columns:
# 2038-2043,2045,2060-2063
name=unknown_J
#
# <colnr> <probs for GDERKNQSTAVLIFYWHMCP>
#	G	D	E	R	K	N	Q	S	T	A	V	L	I	F	Y	W	H	M	C	P
0	0.00258	0.00181	0.00214	0.00195	0.00244	0.00182	0.00149	0.01999	0.23320	0.08706	0.46781	0.04385	0.10137	0.00244	0.00146	0.00042	0.00079	0.00211	0.02374	0.00153
1	0.00161	0.00117	0.00152	0.00177	0.00190	0.00108	0.00120	0.00188	0.00263	0.00349	0.07133	0.81137	0.08632	0.00395	0.00166	0.00052	0.00074	0.00356	0.00123	0.00108
2	0.05877	0.22248	0.26312	0.00356	0.11259	0.02122	0.06153	0.02797	0.05058	0.10568	0.01216	0.01451	0.00243	0.00141	0.00120	0.00039	0.00154	0.03620	0.00081	0.00185
3	0.00325	0.00304	0.01952	0.12069	0.65459	0.02055	0.03292	0.01677	0.03608	0.04384	0.00283	0.03499	0.00236	0.00133	0.00132	0.00040	0.00156	0.00127	0.00073	0.00196
4	0.00160	0.00130	0.00141	0.00148	0.00183	0.00112	0.00109	0.00193	0.00291	0.00357	0.05206	0.19801	0.66789	0.02321	0.00169	0.00048	0.00071	0.03540	0.00122	0.00110
5	0.04116	0.00588	0.00364	0.00327	0.00398	0.84117	0.00247	0.05092	0.00378	0.02905	0.00216	0.00245	0.00175	0.00136	0.00118	0.00035	0.00224	0.00087	0.00074	0.00157
6	0.02445	0.15163	0.56236	0.00342	0.01759	0.05168	0.03670	0.04514	0.03564	0.03505	0.00262	0.00294	0.01363	0.00131	0.00122	0.00039	0.01069	0.00100	0.00068	0.00187
7	0.00443	0.00228	0.00282	0.00231	0.00312	0.00225	0.00185	0.06895	0.22378	0.47647	0.15219	0.00531	0.00477	0.00187	0.00142	0.01819	0.00103	0.00151	0.02345	0.00199
8	0.00190	0.00138	0.00172	0.00167	0.00182	0.00140	0.01335	0.00209	0.00215	0.00290	0.02127	0.03855	0.10694	0.55727	0.20009	0.00127	0.01639	0.00192	0.00084	0.02506
9	0.00228	0.00149	0.00175	0.00165	0.00202	0.00147	0.00125	0.01714	0.09249	0.02522	0.48178	0.03192	0.04784	0.00228	0.00134	0.00039	0.00068	0.00196	0.28372	0.00134
10	0.00365	0.87681	0.00659	0.00230	0.00340	0.05201	0.00225	0.00407	0.00275	0.03350	0.00194	0.00219	0.00173	0.00115	0.00087	0.00029	0.00144	0.00073	0.00060	0.00169

[dist]
# distance from previous block
# <min> <max>
6	7

[block]
# block no. 10 follows, 246 sequences, length 16
# corresponding to MSA columns:
# 2083-2085,2118-2130
name=unknown_K
#
# <colnr> <probs for GDERKNQSTAVLIFYWHMCP>
#	G	D	E	R	K	N	Q	S	T	A	V	L	I	F	Y	W	H	M	C	P
0	0.00295	0.00297	0.00554	0.11428	0.43578	0.00295	0.30398	0.00382	0.00304	0.00422	0.08314	0.00414	0.02435	0.00134	0.00141	0.00042	0.00169	0.00143	0.00073	0.00181
1	0.00366	0.85200	0.00653	0.00237	0.00344	0.10734	0.00228	0.00407	0.00278	0.00310	0.00185	0.00213	0.00168	0.00115	0.00088	0.00029	0.00151	0.00072	0.00057	0.00167
2	0.00158	0.00133	0.00138	0.00138	0.00180	0.00112	0.00103	0.00195	0.00306	0.00373	0.11464	0.03624	0.81974	0.00327	0.00155	0.00044	0.00066	0.00275	0.00124	0.00112
3	0.00245	0.00224	0.00375	0.87639	0.00848	0.00278	0.00346	0.00326	0.00260	0.00335	0.00253	0.02334	0.00202	0.00150	0.00143	0.02704	0.00169	0.01469	0.01559	0.00142
4	0.00156	0.00132	0.00135	0.00136	0.00178	0.00111	0.00101	0.00191	0.00301	0.00361	0.05177	0.03971	0.87939	0.00332	0.00155	0.00044	0.00067	0.00278	0.00123	0.00111
5	0.00305	0.00305	0.00382	0.27649	0.21837	0.15554	0.02245	0.02218	0.07785	0.00382	0.00312	0.08107	0.00277	0.00226	0.07469	0.00055	0.02218	0.00980	0.01532	0.00162
6	0.00287	0.00287	0.00402	0.00344	0.00344	0.00402	0.00287	0.00316	0.00201	0.00316	0.00172	0.00287	0.00172	0.00230	0.00430	0.00057	0.95150	0.00115	0.00057	0.00143
7	0.00320	0.00265	0.00284	0.00255	0.00325	0.00301	0.00198	0.01809	0.79995	0.03403	0.07886	0.02004	0.01992	0.00190	0.00136	0.00044	0.00100	0.00160	0.00135	0.00199
8	0.00210	0.00179	0.02806	0.00195	0.00237	0.01028	0.01406	0.00951	0.08053	0.01479	0.50282	0.02216	0.16562	0.00323	0.08362	0.00057	0.04534	0.00215	0.00124	0.00781
9	0.00172	0.00133	0.00150	0.00149	0.00187	0.00115	0.00110	0.00213	0.00316	0.02081	0.27745	0.10145	0.57382	0.00318	0.00156	0.00044	0.00067	0.00272	0.00129	0.00116
10	0.00159	0.00116	0.00151	0.00179	0.00189	0.00107	0.00120	0.00183	0.00255	0.00336	0.00768	0.88391	0.07753	0.00405	0.00167	0.00053	0.00075	0.00366	0.00122	0.00107
11	0.00327	0.73436	0.14918	0.00248	0.00364	0.00464	0.00261	0.00385	0.00263	0.00323	0.00200	0.00247	0.00180	0.02773	0.02139	0.00038	0.03127	0.00080	0.00057	0.00168
12	0.00344	0.88085	0.08011	0.00236	0.00355	0.00502	0.00245	0.00395	0.00267	0.00317	0.00186	0.00216	0.00168	0.00113	0.00087	0.00029	0.00144	0.00072	0.00056	0.00170
13	0.00296	0.00242	0.02412	0.00201	0.00319	0.00179	0.00166	0.00356	0.00280	0.07768	0.00255	0.00286	0.00204	0.00103	0.00100	0.00022	0.00100	0.00082	0.00084	0.86544
14	0.00201	0.07557	0.00202	0.00167	0.00182	0.00166	0.00113	0.00217	0.00205	0.00274	0.00404	0.02531	0.02281	0.60987	0.23847	0.00137	0.00181	0.00174	0.00077	0.00097
15	0.00308	0.47284	0.10994	0.00233	0.00347	0.02228	0.01566	0.01118	0.01065	0.01057	0.01101	0.00338	0.07541	0.01613	0.00110	0.00031	0.00132	0.00097	0.00070	0.22764

[dist]
# distance from previous block
# <min> <max>
6	9

[block]
# block no. 11 follows, 246 sequences, length 10
# corresponding to MSA columns:
# 2214,2215,2218-2225
name=unknown_L
#
# <colnr> <probs for GDERKNQSTAVLIFYWHMCP>
#	G	D	E	R	K	N	Q	S	T	A	V	L	I	F	Y	W	H	M	C	P
0	0.03530	0.00238	0.02686	0.00195	0.00307	0.00178	0.00160	0.00326	0.00275	0.00434	0.03737	0.00330	0.03483	0.00113	0.00101	0.00022	0.00097	0.00091	0.00081	0.83614
1	0.00342	0.34961	0.13491	0.03482	0.00395	0.03242	0.01871	0.13133	0.01846	0.02731	0.03751	0.00293	0.00229	0.00126	0.00107	0.00032	0.00141	0.00094	0.00078	0.19652
2	0.03680	0.02142	0.14389	0.24117	0.07339	0.06521	0.02158	0.15080	0.01361	0.13421	0.01014	0.00346	0.00222	0.00143	0.00132	0.00770	0.00988	0.01038	0.00986	0.04152
3	0.00454	0.00385	0.09752	0.00300	0.00412	0.00378	0.00265	0.76308	0.03104	0.00755	0.02851	0.00332	0.00249	0.00156	0.00130	0.00039	0.00144	0.00119	0.00122	0.03745
4	0.00272	0.00233	0.00272	0.00194	0.00311	0.00175	0.00155	0.00330	0.00272	0.00427	0.00233	0.00272	0.00194	0.00097	0.00097	0.00019	0.00097	0.00078	0.00078	0.96192
5	0.01183	0.02918	0.31583	0.02685	0.00408	0.05080	0.04558	0.07049	0.08043	0.00453	0.13822	0.11427	0.03424	0.00189	0.00134	0.00041	0.00141	0.00161	0.00093	0.06609
6	0.07713	0.00241	0.00313	0.16597	0.05224	0.00227	0.03705	0.03797	0.04137	0.00439	0.02579	0.02225	0.02967	0.01660	0.00122	0.00033	0.00119	0.00110	0.00082	0.47710
7	0.00332	0.04374	0.00339	0.00314	0.11704	0.05416	0.00222	0.13640	0.31910	0.00512	0.03671	0.00473	0.05135	0.00166	0.00127	0.00038	0.00121	0.03616	0.00107	0.17782
8	0.00296	0.00275	0.06211	0.05511	0.22488	0.00223	0.03654	0.00366	0.00288	0.06511	0.01648	0.03381	0.02966	0.00129	0.00117	0.00031	0.00125	0.00114	0.00081	0.45584
9	0.00337	0.27735	0.26452	0.02105	0.10970	0.00334	0.02498	0.00421	0.01372	0.13880	0.01241	0.04459	0.00244	0.00161	0.02421	0.00041	0.01379	0.00113	0.00078	0.03759

[dist]
# distance from previous block
# <min> <max>
2	7

[block]
# block no. 12 follows, 246 sequences, length 6
# corresponding to MSA columns:
# 2236-2241
name=unknown_M
#
# <colnr> <probs for GDERKNQSTAVLIFYWHMCP>
#	G	D	E	R	K	N	Q	S	T	A	V	L	I	F	Y	W	H	M	C	P
0	0.14647	0.11642	0.02912	0.04840	0.00298	0.05748	0.01491	0.01449	0.02385	0.03794	0.25790	0.07341	0.11195	0.01341	0.00135	0.00041	0.00107	0.01658	0.00105	0.03081
1	0.07834	0.00241	0.00364	0.74183	0.00769	0.02607	0.00326	0.00347	0.00263	0.03047	0.00250	0.00371	0.00196	0.00167	0.03152	0.00049	0.03107	0.02514	0.00065	0.00146
2	0.00158	0.00128	0.00141	0.00148	0.00182	0.00110	0.00107	0.00190	0.00291	0.00360	0.06951	0.26040	0.64038	0.00349	0.00158	0.00046	0.00069	0.00300	0.00123	0.00110
3	0.36385	0.05011	0.12137	0.07911	0.00382	0.00286	0.00228	0.03813	0.06918	0.23230	0.00305	0.00313	0.00215	0.00137	0.00109	0.00040	0.00125	0.00100	0.00100	0.02255
4	0.00362	0.30386	0.21046	0.00285	0.04978	0.00328	0.00273	0.01933	0.00305	0.21678	0.05057	0.00395	0.03997	0.00167	0.01889	0.00041	0.03210	0.01598	0.00090	0.01982
5	0.03475	0.57654	0.14283	0.00255	0.00368	0.04063	0.00258	0.06600	0.04664	0.00384	0.00226	0.00257	0.00190	0.00143	0.02075	0.00037	0.02079	0.00085	0.02730	0.00173

[dist]
# distance from previous block
# <min> <max>
4	30

[block]
# block no. 13 follows, 246 sequences, length 48
# corresponding to MSA columns:
# 2285-2313,2316-2329,2331-2335
name=unknown_N
#
# <colnr> <probs for GDERKNQSTAVLIFYWHMCP>
#	G	D	E	R	K	N	Q	S	T	A	V	L	I	F	Y	W	H	M	C	P
0	0.00352	0.00371	0.29668	0.00301	0.01774	0.00237	0.08054	0.00932	0.04607	0.25908	0.06720	0.03599	0.00334	0.00155	0.00130	0.00039	0.00140	0.01788	0.00102	0.14787
1	0.03477	0.09764	0.64435	0.00332	0.00863	0.00309	0.01749	0.02275	0.01108	0.11225	0.01919	0.00316	0.01394	0.00134	0.00122	0.00040	0.00171	0.00104	0.00073	0.00191
2	0.00291	0.00577	0.72709	0.00866	0.01226	0.00949	0.03172	0.01730	0.02240	0.07858	0.04662	0.00356	0.01722	0.00141	0.00129	0.00042	0.00177	0.00890	0.00073	0.00191
3	0.00221	0.00701	0.02684	0.01576	0.01817	0.00138	0.00147	0.01180	0.00310	0.10025	0.23232	0.32805	0.21568	0.00312	0.00155	0.00046	0.00082	0.02743	0.00127	0.00130
4	0.00299	0.07428	0.69233	0.03093	0.02870	0.00312	0.04833	0.00427	0.00285	0.08011	0.00258	0.00299	0.00185	0.00129	0.00128	0.00041	0.01303	0.00608	0.00065	0.00192
5	0.00280	0.00538	0.60985	0.07960	0.19775	0.00715	0.02242	0.00838	0.01166	0.01649	0.01702	0.00734	0.00202	0.00129	0.00128	0.00041	0.00180	0.00481	0.00062	0.00191
6	0.00632	0.01270	0.08006	0.11705	0.04093	0.00201	0.06830	0.02805	0.03298	0.05414	0.13853	0.16457	0.14371	0.01039	0.00154	0.00047	0.00118	0.09456	0.00107	0.00145
7	0.00231	0.02757	0.06477	0.24334	0.05046	0.00219	0.08536	0.00302	0.01925	0.02158	0.02310	0.19663	0.15802	0.01465	0.00156	0.00047	0.00636	0.07703	0.00092	0.00141
8	0.02674	0.00302	0.11107	0.46253	0.16288	0.01073	0.02002	0.01391	0.00294	0.16937	0.00286	0.00350	0.00206	0.00133	0.00129	0.00042	0.00162	0.00116	0.00079	0.00176
9	0.00313	0.03776	0.51544	0.05568	0.10633	0.01043	0.05543	0.04032	0.03826	0.08803	0.00899	0.02931	0.00224	0.00138	0.00128	0.00041	0.00172	0.00117	0.00075	0.00192
10	0.00315	0.00295	0.00477	0.26143	0.53693	0.03397	0.04309	0.00922	0.01983	0.03748	0.01576	0.01302	0.00226	0.00130	0.00134	0.00041	0.00931	0.00123	0.00070	0.00186
11	0.01267	0.09030	0.70711	0.00353	0.01438	0.00317	0.02909	0.00439	0.03266	0.08043	0.00263	0.00293	0.00188	0.00129	0.00124	0.00041	0.00827	0.00101	0.00067	0.00193
12	0.00564	0.00243	0.03518	0.00241	0.00344	0.00204	0.00791	0.03200	0.01404	0.85694	0.01440	0.00445	0.00327	0.00785	0.00136	0.00041	0.00116	0.00132	0.00156	0.00220
13	0.00321	0.01353	0.05210	0.23022	0.37001	0.00314	0.07603	0.03130	0.02239	0.06949	0.00263	0.00340	0.00207	0.00676	0.00168	0.00043	0.10785	0.00120	0.00072	0.00183
14	0.01631	0.00268	0.00323	0.00258	0.00351	0.01838	0.01121	0.14552	0.22719	0.52397	0.00471	0.00426	0.00318	0.00166	0.00139	0.00042	0.02489	0.00132	0.00145	0.00215
15	0.02559	0.00381	0.00525	0.18757	0.01244	0.19249	0.34917	0.16100	0.00361	0.02013	0.00255	0.00320	0.00193	0.00131	0.00143	0.00041	0.02438	0.00124	0.00078	0.00173
16	0.00582	0.00225	0.00304	0.00234	0.00335	0.00196	0.00193	0.00641	0.02765	0.92270	0.00518	0.00448	0.00327	0.00163	0.00132	0.00041	0.00111	0.00132	0.00162	0.00223
17	0.00214	0.00193	0.01870	0.00260	0.00312	0.00178	0.19955	0.00278	0.03684	0.02354	0.13135	0.34954	0.19032	0.00290	0.00165	0.00047	0.02569	0.00266	0.00112	0.00133
18	0.00225	0.00181	0.00204	0.00199	0.00241	0.00189	0.00147	0.00379	0.33553	0.01092	0.14532	0.25548	0.19696	0.02995	0.00165	0.00049	0.00084	0.00247	0.00128	0.00146
19	0.00160	0.00114	0.00152	0.00183	0.00190	0.00107	0.00122	0.00183	0.00251	0.00335	0.00723	0.95305	0.00868	0.00411	0.00167	0.00053	0.00076	0.00373	0.00122	0.00107
20	0.00265	0.00668	0.92152	0.00371	0.00562	0.00305	0.00477	0.00423	0.02826	0.00419	0.00243	0.00283	0.00173	0.00126	0.00125	0.00042	0.00191	0.00098	0.00058	0.00194
21	0.00237	0.00169	0.00222	0.00237	0.00275	0.00170	0.00203	0.07306	0.02223	0.02012	0.02766	0.04164	0.05555	0.00338	0.00173	0.00057	0.00117	0.73521	0.00123	0.00131
22	0.00176	0.00134	0.00162	0.00158	0.00193	0.00120	0.00120	0.00226	0.00339	0.00452	0.53512	0.03079	0.34926	0.00300	0.00157	0.00044	0.00067	0.05583	0.00134	0.00119
23	0.96317	0.00254	0.00193	0.00172	0.00254	0.00294	0.00142	0.00386	0.00223	0.00589	0.00183	0.00213	0.00142	0.00122	0.00081	0.00041	0.00101	0.00071	0.00081	0.00142
24	0.00351	0.95469	0.00687	0.00224	0.00337	0.00519	0.00224	0.00393	0.00267	0.00309	0.00182	0.00210	0.00168	0.00112	0.00084	0.00028	0.00140	0.00070	0.00056	0.00168
25	0.00159	0.00118	0.00148	0.00171	0.00187	0.00108	0.00117	0.00184	0.00262	0.00339	0.00862	0.73667	0.22415	0.00393	0.00165	0.00051	0.00074	0.00351	0.00122	0.00108
26	0.00273	0.01387	0.00279	0.00197	0.00312	0.00183	0.00159	0.00331	0.00271	0.00424	0.00231	0.00272	0.00194	0.00100	0.00103	0.00020	0.01818	0.00078	0.00077	0.93291
27	0.00292	0.47666	0.07951	0.00213	0.00291	0.00354	0.00196	0.03732	0.03352	0.00326	0.00283	0.00451	0.00284	0.32069	0.02002	0.00067	0.00143	0.00118	0.00069	0.00143
28	0.00555	0.00236	0.02870	0.00253	0.02692	0.00198	0.01378	0.00611	0.00370	0.85230	0.03844	0.00457	0.00348	0.00163	0.00133	0.00041	0.00115	0.00135	0.00155	0.00218
29	0.00324	0.43364	0.40841	0.00301	0.00441	0.07730	0.00339	0.00416	0.01158	0.01167	0.00213	0.00248	0.00171	0.00123	0.00114	0.00035	0.02693	0.00085	0.00058	0.00178
30	0.00190	0.00146	0.01877	0.00164	0.00203	0.00126	0.00128	0.00244	0.00341	0.02820	0.55911	0.01050	0.28529	0.01866	0.00163	0.00044	0.00071	0.04478	0.01527	0.00123
31	0.00342	0.00289	0.01273	0.17871	0.58164	0.01108	0.01886	0.00427	0.03138	0.12193	0.00305	0.00364	0.01790	0.00131	0.00131	0.00040	0.00153	0.00122	0.00079	0.00196
32	0.00283	0.00233	0.00273	0.00196	0.00312	0.00175	0.00157	0.00341	0.00276	0.03669	0.00243	0.00278	0.00199	0.00099	0.00098	0.00020	0.00098	0.00080	0.00081	0.92891
33	0.00272	0.00242	0.02220	0.00198	0.00316	0.00178	0.00162	0.00332	0.00272	0.00427	0.00233	0.00272	0.00194	0.00098	0.00098	0.00020	0.00099	0.00078	0.00077	0.94212
34	0.00285	0.21763	0.72779	0.00340	0.00515	0.01372	0.00424	0.00412	0.00276	0.00391	0.00223	0.00262	0.00167	0.00122	0.00116	0.00038	0.00182	0.00091	0.00056	0.00188
35	0.00481	0.01641	0.00383	0.00340	0.00409	0.88680	0.02188	0.01497	0.01903	0.00332	0.00210	0.00244	0.00174	0.00136	0.00121	0.00034	0.00917	0.00087	0.00069	0.00154
36	0.00182	0.00134	0.00171	0.00162	0.00195	0.00123	0.00122	0.00241	0.00361	0.00503	0.81778	0.01022	0.12599	0.00277	0.00155	0.00042	0.00063	0.01606	0.00141	0.00122
37	0.00160	0.00114	0.00152	0.00183	0.00190	0.00107	0.00122	0.00183	0.00251	0.00335	0.00723	0.95305	0.00868	0.00411	0.00167	0.00053	0.00076	0.00373	0.00122	0.00107
38	0.00191	0.00127	0.00143	0.00143	0.00143	0.00127	0.00079	0.00191	0.00191	0.00254	0.00413	0.00858	0.00477	0.95390	0.00668	0.00127	0.00127	0.00191	0.00079	0.00079
39	0.00185	0.00134	0.00174	0.00164	0.00195	0.00123	0.00123	0.00246	0.00369	0.00520	0.91490	0.00989	0.04254	0.00270	0.00155	0.00041	0.00062	0.00238	0.00144	0.00123
40	0.00254	0.00126	0.00130	0.01205	0.00166	0.00126	0.00097	0.00315	0.00278	0.02988	0.00428	0.00486	0.00334	0.00153	0.00093	0.00031	0.00064	0.00122	0.92477	0.00125
41	0.00329	0.00321	0.00533	0.00788	0.90265	0.02823	0.02201	0.00406	0.00301	0.00426	0.00246	0.00323	0.00207	0.00117	0.00130	0.00039	0.00159	0.00117	0.00065	0.00206
42	0.00160	0.00114	0.00152	0.00183	0.00190	0.00107	0.00122	0.00183	0.00251	0.00335	0.00723	0.95305	0.00868	0.00411	0.00167	0.00053	0.00076	0.00373	0.00122	0.00107
43	0.00490	0.00625	0.00372	0.00338	0.00406	0.94864	0.00253	0.00524	0.00372	0.00321	0.00203	0.00237	0.00169	0.00135	0.00118	0.00034	0.00237	0.00084	0.00068	0.00152
44	0.00301	0.00239	0.00283	0.00204	0.00320	0.00187	0.00975	0.04192	0.00293	0.06341	0.00255	0.00285	0.00204	0.00104	0.00101	0.00022	0.00101	0.00083	0.00085	0.85425
45	0.00199	0.00137	0.00178	0.00166	0.00200	0.00126	0.00125	0.00259	0.00367	0.03996	0.85998	0.01894	0.05319	0.00268	0.00154	0.00041	0.00064	0.00236	0.00144	0.00127
46	0.00326	0.00282	0.00297	0.00267	0.00341	0.00326	0.00208	0.00697	0.94335	0.00549	0.00534	0.00489	0.00400	0.00178	0.00133	0.00044	0.00104	0.00148	0.00133	0.00208
47	0.01068	0.00323	0.08675	0.15776	0.00946	0.02111	0.17592	0.01693	0.44151	0.01484	0.03572	0.00984	0.00326	0.00155	0.00136	0.00044	0.00147	0.00141	0.00100	0.00575

[dist]
# distance from previous block
# <min> <max>
0	18

[block]
# block no. 14 follows, 246 sequences, length 13
# corresponding to MSA columns:
# 2354-2358,2378-2385
name=unknown_O
#
# <colnr> <probs for GDERKNQSTAVLIFYWHMCP>
#	G	D	E	R	K	N	Q	S	T	A	V	L	I	F	Y	W	H	M	C	P
0	0.02036	0.80321	0.05662	0.00237	0.00352	0.00489	0.00238	0.06520	0.00292	0.02557	0.00202	0.00226	0.00175	0.00117	0.00090	0.00030	0.00142	0.00076	0.00064	0.00174
1	0.00293	0.13647	0.70758	0.00355	0.03213	0.00333	0.00422	0.04839	0.00296	0.02386	0.02153	0.00289	0.00195	0.00128	0.00120	0.00039	0.00179	0.00098	0.00063	0.00191
2	0.00356	0.91560	0.00674	0.00229	0.00340	0.04408	0.00226	0.00398	0.00271	0.00309	0.00183	0.00211	0.00168	0.00113	0.00086	0.00028	0.00144	0.00071	0.00057	0.00168
3	0.00160	0.00114	0.00152	0.00183	0.00190	0.00107	0.00122	0.00183	0.00251	0.00335	0.00723	0.95305	0.00868	0.00411	0.00167	0.00053	0.00076	0.00373	0.00122	0.00107
4	0.00284	0.04557	0.71879	0.03305	0.00542	0.02848	0.03212	0.02847	0.00284	0.01573	0.00237	0.00285	0.00174	0.00146	0.01757	0.00045	0.05678	0.00101	0.00060	0.00187
5	0.00190	0.00151	0.00174	0.00182	0.00216	0.00147	0.00135	0.00277	0.15402	0.00389	0.05284	0.35651	0.33623	0.00336	0.00158	0.00049	0.00080	0.07305	0.00125	0.00126
6	0.00157	0.00132	0.00136	0.00139	0.00181	0.00112	0.00104	0.00191	0.00296	0.00354	0.01274	0.06642	0.86236	0.00338	0.00157	0.00045	0.00069	0.03204	0.00122	0.00111
7	0.00191	0.00127	0.00143	0.00143	0.00143	0.00127	0.00079	0.00191	0.00191	0.00254	0.00413	0.00858	0.00477	0.95390	0.00668	0.00127	0.00127	0.00191	0.00079	0.00079
8	0.07847	0.00345	0.00366	0.00284	0.00383	0.00381	0.00233	0.79492	0.02202	0.03691	0.00318	0.00331	0.00231	0.03113	0.00144	0.00042	0.00139	0.00118	0.00127	0.00212
