[name]
unknown

[dist]
# distance from previous block
# <min> <max>
0	1219

[block]
# block no. 0 follows, 247 sequences, length 17
# corresponding to MSA columns:
# 1950-1966
name=unknown_A
#
# <colnr> <probs for GDERKNQSTAVLIFYWHMCP>
#	G	D	E	R	K	N	Q	S	T	A	V	L	I	F	Y	W	H	M	C	P
0	0.04898	0.09744	0.08961	0.01265	0.12513	0.10179	0.03356	0.12361	0.04168	0.08767	0.02854	0.03182	0.02371	0.01057	0.00139	0.00040	0.02891	0.05582	0.00093	0.05581
1	0.08074	0.18661	0.08506	0.03754	0.09125	0.03651	0.04238	0.13668	0.04454	0.06972	0.08070	0.02876	0.01125	0.00155	0.00123	0.00038	0.00983	0.01590	0.00092	0.03846
2	0.04702	0.10216	0.10839	0.04403	0.11072	0.09195	0.06015	0.05459	0.05468	0.14289	0.03648	0.02986	0.02455	0.01849	0.00150	0.00041	0.05151	0.00126	0.00091	0.01844
3	0.02404	0.08576	0.05839	0.02278	0.00990	0.06065	0.05461	0.10986	0.02564	0.20884	0.06540	0.06215	0.03663	0.00169	0.00135	0.00038	0.03004	0.00138	0.00106	0.13945
4	0.08003	0.24448	0.13012	0.05952	0.02680	0.04182	0.01378	0.03828	0.13883	0.11470	0.02629	0.00897	0.00257	0.00146	0.00748	0.00038	0.00912	0.00678	0.00089	0.04769
5	0.05875	0.08295	0.11177	0.00891	0.00335	0.01620	0.03080	0.07085	0.06528	0.21469	0.17415	0.03939	0.04891	0.01332	0.00141	0.00042	0.01037	0.03302	0.00116	0.01429
6	0.08350	0.25256	0.13466	0.08213	0.06246	0.01292	0.03276	0.03483	0.05772	0.04415	0.00864	0.04494	0.03859	0.00165	0.00120	0.00039	0.00139	0.07516	0.00082	0.02953
7	0.06256	0.66739	0.02603	0.03459	0.03088	0.02307	0.01152	0.00424	0.00991	0.11598	0.00230	0.00251	0.00188	0.00120	0.00095	0.00032	0.00139	0.00082	0.00071	0.00174
8	0.00190	0.03892	0.00194	0.00191	0.00212	0.04664	0.00138	0.00221	0.00274	0.00356	0.11082	0.62098	0.09523	0.00354	0.00168	0.00049	0.03304	0.02857	0.00116	0.00115
9	0.00212	0.03372	0.00192	0.00167	0.00180	0.00158	0.02822	0.04693	0.00220	0.00292	0.00412	0.06065	0.00466	0.79564	0.00577	0.00113	0.00128	0.00192	0.00083	0.00093
10	0.82422	0.04012	0.02964	0.00190	0.00277	0.00311	0.00163	0.07586	0.00256	0.00589	0.00194	0.00222	0.00149	0.00124	0.00086	0.00040	0.00109	0.00075	0.00083	0.00150
11	0.10759	0.43756	0.18552	0.00258	0.00375	0.00404	0.00263	0.16086	0.00322	0.02315	0.00245	0.03984	0.00207	0.00151	0.01789	0.00038	0.00147	0.00097	0.00076	0.00177
12	0.07261	0.25771	0.04626	0.00246	0.00343	0.01464	0.02659	0.15375	0.03083	0.24995	0.08253	0.01320	0.01041	0.00775	0.00122	0.00038	0.00127	0.02207	0.00110	0.00185
13	0.03897	0.49246	0.06728	0.00243	0.00345	0.01495	0.00230	0.16072	0.01657	0.05582	0.04362	0.05130	0.00981	0.00152	0.00113	0.00035	0.01824	0.00762	0.00085	0.01063
14	0.02730	0.48645	0.23366	0.00262	0.00388	0.00406	0.00278	0.11172	0.00312	0.01395	0.02751	0.00291	0.02662	0.00130	0.00104	0.00033	0.00146	0.00093	0.00071	0.04766
15	0.02028	0.30690	0.18592	0.02706	0.00968	0.01653	0.00896	0.03951	0.00296	0.02898	0.01841	0.03094	0.26728	0.00193	0.00122	0.00038	0.00127	0.01276	0.00085	0.01820
16	0.05933	0.12249	0.21667	0.02766	0.01213	0.01830	0.04764	0.32298	0.00958	0.01769	0.03615	0.02599	0.04079	0.00153	0.00123	0.00039	0.00148	0.00121	0.00093	0.03582

[dist]
# distance from previous block
# <min> <max>
17	108

[block]
# block no. 1 follows, 247 sequences, length 13
# corresponding to MSA columns:
# 2178-2185,2192-2196
name=unknown_B
#
# <colnr> <probs for GDERKNQSTAVLIFYWHMCP>
#	G	D	E	R	K	N	Q	S	T	A	V	L	I	F	Y	W	H	M	C	P
0	0.07507	0.01921	0.27237	0.00348	0.11028	0.01709	0.06480	0.02682	0.04979	0.06819	0.03926	0.04934	0.00282	0.00148	0.00128	0.00038	0.01742	0.01430	0.00083	0.16577
1	0.02562	0.06971	0.12517	0.11437	0.06779	0.02687	0.07619	0.02035	0.01356	0.04343	0.07701	0.04987	0.10038	0.00184	0.01577	0.00041	0.01138	0.01140	0.00086	0.14801
2	0.02351	0.11368	0.24175	0.00307	0.01742	0.03857	0.10649	0.06448	0.06578	0.04545	0.09163	0.01777	0.01588	0.00155	0.00815	0.00039	0.01256	0.00759	0.00086	0.12342
3	0.10569	0.04676	0.28852	0.09184	0.03851	0.02255	0.03943	0.02296	0.02017	0.06420	0.07509	0.06490	0.02819	0.02316	0.00146	0.00044	0.02414	0.01652	0.00084	0.02465
4	0.02602	0.02958	0.02589	0.07945	0.02885	0.10830	0.05285	0.06111	0.25045	0.03368	0.05740	0.04175	0.08040	0.00182	0.00138	0.02059	0.00130	0.00147	0.00102	0.09671
5	0.00250	0.00246	0.06805	0.18427	0.02138	0.04938	0.01418	0.01250	0.05282	0.02659	0.22613	0.04835	0.08697	0.03023	0.01590	0.00045	0.00122	0.01965	0.00099	0.13598
6	0.01987	0.00196	0.06856	0.00216	0.00264	0.00164	0.04157	0.00280	0.02644	0.07082	0.06861	0.25021	0.23950	0.03440	0.00182	0.00051	0.03652	0.12750	0.00114	0.00131
7	0.02483	0.20360	0.33346	0.03464	0.03607	0.03352	0.03022	0.07066	0.03248	0.04933	0.01098	0.00312	0.00211	0.00149	0.02112	0.00040	0.01176	0.01492	0.00074	0.08455
8	0.00274	0.00169	0.00217	0.02328	0.00253	0.00162	0.01422	0.06230	0.02478	0.16507	0.30853	0.20673	0.08543	0.05206	0.00178	0.00048	0.00982	0.00961	0.02374	0.00143
9	0.01928	0.10574	0.35647	0.02866	0.03551	0.04227	0.11109	0.06331	0.08765	0.01749	0.01119	0.00352	0.00231	0.02679	0.00138	0.00041	0.00166	0.02352	0.00075	0.06100
10	0.00178	0.00137	0.00164	0.03317	0.00216	0.00128	0.00127	0.02828	0.00288	0.00369	0.09413	0.29936	0.37315	0.08677	0.00203	0.00055	0.00083	0.06334	0.00118	0.00112
11	0.15995	0.01339	0.00292	0.00217	0.00320	0.01361	0.05474	0.01493	0.02055	0.11232	0.00290	0.00316	0.02438	0.00127	0.00115	0.02642	0.00109	0.00094	0.00089	0.54002
12	0.00270	0.01435	0.01495	0.38470	0.14732	0.02941	0.03404	0.01702	0.02503	0.03150	0.02570	0.11162	0.01291	0.03624	0.03680	0.00052	0.02375	0.00152	0.00077	0.04916

[dist]
# distance from previous block
# <min> <max>
4	8

[block]
# block no. 2 follows, 247 sequences, length 28
# corresponding to MSA columns:
# 2215,2217-2219,2223-2231,2238-2242,2257-2266
name=unknown_C
#
# <colnr> <probs for GDERKNQSTAVLIFYWHMCP>
#	G	D	E	R	K	N	Q	S	T	A	V	L	I	F	Y	W	H	M	C	P
0	0.02094	0.04483	0.03335	0.07823	0.01234	0.00278	0.04443	0.25580	0.06133	0.04707	0.02063	0.24317	0.01288	0.00235	0.01869	0.00047	0.05037	0.00854	0.00107	0.04075
1	0.29317	0.40582	0.02304	0.00222	0.00321	0.05780	0.00201	0.06740	0.00284	0.02570	0.00205	0.00232	0.00169	0.00121	0.00096	0.00033	0.01530	0.00077	0.00074	0.09140
2	0.34818	0.06816	0.06038	0.06719	0.09442	0.12740	0.07197	0.10049	0.02052	0.02652	0.00236	0.00276	0.00182	0.00131	0.00111	0.00040	0.00152	0.00097	0.00081	0.00171
3	0.03238	0.10357	0.43101	0.02982	0.18858	0.01775	0.07530	0.02825	0.01234	0.01904	0.00291	0.00723	0.04352	0.00133	0.00124	0.00040	0.00170	0.00112	0.00067	0.00186
4	0.00183	0.00140	0.00178	0.00189	0.00214	0.00137	0.00788	0.00231	0.03450	0.00371	0.10765	0.34197	0.20718	0.04677	0.03375	0.00060	0.02621	0.17472	0.00118	0.00115
5	0.00254	0.00251	0.04027	0.00250	0.00280	0.12309	0.00202	0.01026	0.00236	0.00768	0.00318	0.03233	0.01876	0.06353	0.42999	0.04599	0.19036	0.00136	0.01721	0.00125
6	0.00213	0.00168	0.00197	0.00202	0.00222	0.03931	0.00147	0.02850	0.03691	0.01247	0.04966	0.36716	0.05232	0.18179	0.05399	0.00074	0.05778	0.10564	0.00107	0.00116
7	0.00234	0.00150	0.00189	0.00186	0.00221	0.00141	0.00138	0.03962	0.02749	0.10581	0.29075	0.32472	0.10724	0.03197	0.00171	0.00049	0.00082	0.05416	0.00132	0.00131
8	0.00314	0.00303	0.01925	0.19212	0.61799	0.00308	0.08659	0.01838	0.01882	0.02130	0.00255	0.00335	0.00205	0.00121	0.00132	0.00040	0.00163	0.00120	0.00067	0.00192
9	0.00180	0.00136	0.00163	0.00175	0.00194	0.02046	0.00123	0.00213	0.00280	0.00372	0.22474	0.38982	0.11325	0.14281	0.01137	0.00062	0.00088	0.07541	0.00119	0.00109
10	0.00310	0.00248	0.00287	0.00208	0.00322	0.00203	0.00167	0.11557	0.00316	0.04204	0.00253	0.00283	0.00202	0.00107	0.00102	0.00023	0.00103	0.00084	0.00087	0.80935
11	0.02936	0.02159	0.05526	0.06592	0.08337	0.48535	0.02617	0.05839	0.01673	0.03009	0.01596	0.00288	0.00203	0.00152	0.02054	0.00039	0.01891	0.00098	0.00075	0.06380
12	0.00196	0.00158	0.03927	0.00161	0.00177	0.00143	0.01052	0.01514	0.00214	0.00283	0.00506	0.00853	0.11693	0.74871	0.02012	0.00111	0.01761	0.00193	0.00083	0.00092
13	0.00182	0.00142	0.00170	0.00195	0.00211	0.03893	0.00141	0.00213	0.00266	0.00344	0.01519	0.67160	0.05125	0.02619	0.00178	0.00055	0.00091	0.17267	0.00118	0.00110
14	0.33770	0.07018	0.02062	0.02178	0.00351	0.04259	0.01655	0.30166	0.01342	0.11495	0.00272	0.00286	0.00199	0.00142	0.00119	0.00040	0.03279	0.00099	0.01088	0.00181
15	0.00182	0.00138	0.00168	0.03942	0.00220	0.00127	0.00127	0.00226	0.00311	0.02324	0.31817	0.09584	0.39526	0.04220	0.01920	0.00051	0.00081	0.04795	0.00124	0.00117
16	0.00299	0.25829	0.55927	0.02059	0.00487	0.01820	0.03247	0.00408	0.00278	0.04325	0.00252	0.04057	0.00202	0.00134	0.00116	0.00038	0.00172	0.00104	0.00063	0.00182
17	0.00317	0.04054	0.00320	0.00886	0.00336	0.00257	0.01641	0.11179	0.16501	0.03336	0.00744	0.01468	0.00256	0.00138	0.00133	0.00031	0.06418	0.01616	0.00662	0.49706
18	0.00307	0.00311	0.07057	0.25891	0.40780	0.01475	0.04983	0.02917	0.06596	0.03053	0.02873	0.00360	0.00240	0.00133	0.00136	0.00041	0.01748	0.00122	0.00791	0.00184
19	0.02281	0.01223	0.02886	0.03010	0.00333	0.01822	0.01070	0.01642	0.02340	0.17029	0.00357	0.00392	0.04655	0.00134	0.00113	0.00029	0.00622	0.02511	0.03053	0.54498
20	0.00194	0.00131	0.00156	0.00154	0.00155	0.00136	0.00092	0.00196	0.00191	0.00257	0.00393	0.00796	0.00446	0.82150	0.07026	0.04392	0.02794	0.00181	0.00077	0.00083
21	0.00356	0.54664	0.04583	0.03323	0.01921	0.09091	0.01906	0.05616	0.07617	0.01285	0.01290	0.00268	0.00204	0.00134	0.00126	0.00034	0.07250	0.00091	0.00070	0.00172
22	0.00295	0.01472	0.02847	0.00753	0.00324	0.01368	0.01566	0.04277	0.05738	0.05457	0.02442	0.06225	0.00280	0.01515	0.00147	0.00032	0.08383	0.00115	0.00089	0.56677
23	0.00336	0.16916	0.18073	0.02096	0.18254	0.02484	0.12590	0.08083	0.03436	0.06074	0.01272	0.03817	0.00891	0.00143	0.00134	0.00039	0.02811	0.00654	0.00079	0.01819
24	0.01157	0.04962	0.02059	0.03561	0.02119	0.03273	0.03199	0.09349	0.47363	0.01309	0.03121	0.02006	0.00690	0.01531	0.08788	0.01270	0.01894	0.01340	0.00827	0.00182
25	0.00203	0.00137	0.00187	0.00185	0.00200	0.00149	0.00131	0.00225	0.00205	0.02915	0.00372	0.02152	0.00379	0.34325	0.49456	0.07192	0.01252	0.00159	0.00076	0.00102
26	0.00271	0.04487	0.34421	0.03451	0.07022	0.00281	0.22347	0.01254	0.02216	0.01789	0.15174	0.04120	0.01440	0.00159	0.00140	0.00042	0.00984	0.00148	0.00080	0.00173
27	0.00732	0.23035	0.16662	0.00245	0.01446	0.00286	0.00235	0.01820	0.03928	0.04666	0.01942	0.04705	0.02345	0.00148	0.00790	0.00033	0.00836	0.02012	0.00080	0.34055

[dist]
# distance from previous block
# <min> <max>
1	30

[block]
# block no. 3 follows, 247 sequences, length 15
# corresponding to MSA columns:
# 2413-2427
name=unknown_D
#
# <colnr> <probs for GDERKNQSTAVLIFYWHMCP>
#	G	D	E	R	K	N	Q	S	T	A	V	L	I	F	Y	W	H	M	C	P
0	0.00291	0.03077	0.02576	0.12016	0.03891	0.00200	0.03217	0.00349	0.02456	0.18291	0.02217	0.32012	0.03597	0.00242	0.00150	0.00044	0.02994	0.02203	0.00108	0.10070
1	0.00281	0.00246	0.02239	0.05198	0.34904	0.00249	0.01834	0.08889	0.00300	0.02324	0.01741	0.03424	0.07682	0.08223	0.15135	0.00076	0.03177	0.03832	0.00083	0.00163
2	0.00977	0.03588	0.01530	0.09648	0.02212	0.07243	0.06576	0.05477	0.02544	0.05088	0.04580	0.38700	0.03576	0.00272	0.00155	0.00047	0.02231	0.05311	0.00105	0.00141
3	0.00304	0.00258	0.00379	0.02703	0.38989	0.00264	0.02473	0.03929	0.19283	0.04470	0.09318	0.09692	0.01366	0.00181	0.00137	0.00042	0.00124	0.02024	0.00100	0.03963
4	0.00356	0.06516	0.19335	0.00240	0.00337	0.00226	0.00232	0.05916	0.01922	0.29885	0.26748	0.01559	0.04998	0.00193	0.00135	0.00040	0.00115	0.00946	0.00123	0.00178
5	0.00302	0.08227	0.51509	0.01567	0.01952	0.07860	0.01398	0.06360	0.03322	0.03021	0.00334	0.06289	0.03350	0.00162	0.00128	0.00041	0.00169	0.03752	0.00076	0.00179
6	0.00438	0.00530	0.08134	0.01933	0.00421	0.57187	0.01814	0.12558	0.13011	0.00425	0.00264	0.00288	0.00207	0.00144	0.00129	0.00037	0.02127	0.00100	0.00083	0.00172
7	0.01301	0.00269	0.00314	0.00270	0.00343	0.01616	0.07918	0.06357	0.60796	0.00532	0.10278	0.00575	0.08470	0.00192	0.00138	0.00043	0.00110	0.00165	0.00126	0.00187
8	0.00185	0.00179	0.07937	0.00178	0.00227	0.00134	0.00151	0.00234	0.00305	0.02440	0.18355	0.14123	0.45091	0.00312	0.00156	0.00046	0.00084	0.09620	0.00121	0.00122
9	0.00250	0.00232	0.00381	0.83194	0.00822	0.00292	0.00345	0.00331	0.00257	0.00339	0.00236	0.00349	0.00181	0.00140	0.00153	0.00044	0.07984	0.00116	0.04210	0.00144
10	0.00236	0.00177	0.07956	0.00193	0.00211	0.03175	0.00149	0.00204	0.00187	0.00249	0.00237	0.00402	0.00232	0.03686	0.03565	0.78762	0.00132	0.00115	0.00058	0.00074
11	0.00255	0.00277	0.08166	0.78237	0.04469	0.00294	0.02909	0.00356	0.03103	0.00353	0.00243	0.00346	0.00182	0.00130	0.00131	0.00043	0.00174	0.00117	0.00061	0.00154
12	0.00280	0.00979	0.02193	0.12494	0.10906	0.02642	0.04047	0.02560	0.06669	0.03669	0.02185	0.01127	0.03482	0.01592	0.11655	0.08853	0.19673	0.04097	0.00078	0.00818
13	0.02261	0.06947	0.08522	0.08284	0.04381	0.05672	0.03072	0.21528	0.06747	0.04115	0.16574	0.01932	0.05705	0.00722	0.00984	0.00042	0.00569	0.00565	0.00105	0.01273
14	0.00287	0.00955	0.09329	0.14357	0.19056	0.00728	0.03674	0.04445	0.02250	0.01523	0.01797	0.01791	0.01219	0.03545	0.01062	0.00039	0.02174	0.00114	0.00076	0.31581

[dist]
# distance from previous block
# <min> <max>
4	38

[block]
# block no. 4 follows, 247 sequences, length 21
# corresponding to MSA columns:
# 2475-2495
name=unknown_E
#
# <colnr> <probs for GDERKNQSTAVLIFYWHMCP>
#	G	D	E	R	K	N	Q	S	T	A	V	L	I	F	Y	W	H	M	C	P
0	0.00228	0.00193	0.00294	0.20708	0.20086	0.00203	0.00763	0.00285	0.01594	0.01412	0.06597	0.20605	0.10882	0.07453	0.05965	0.00061	0.00868	0.00203	0.00834	0.00764
1	0.00273	0.02609	0.58078	0.00403	0.01404	0.00304	0.24796	0.00411	0.03776	0.00413	0.00290	0.04967	0.01395	0.00139	0.00134	0.00042	0.00188	0.00129	0.00065	0.00184
2	0.00481	0.00355	0.00382	0.00294	0.00395	0.00391	0.00242	0.89560	0.00602	0.00809	0.04925	0.00346	0.00272	0.00162	0.00132	0.00039	0.00140	0.00123	0.00131	0.00217
3	0.00469	0.02670	0.00366	0.00324	0.00391	0.88183	0.00244	0.00503	0.00364	0.00321	0.00256	0.00285	0.04788	0.00144	0.00119	0.00034	0.00225	0.00093	0.00070	0.00150
4	0.02132	0.00492	0.00559	0.00481	0.00605	0.00432	0.00354	0.10025	0.07942	0.71568	0.00824	0.00895	0.00634	0.00386	0.00281	0.00103	0.00236	0.00246	0.01406	0.00398
5	0.00257	0.00244	0.00395	0.75527	0.08656	0.02335	0.01806	0.00339	0.00268	0.00348	0.03260	0.00374	0.00218	0.01962	0.00149	0.00045	0.02524	0.00121	0.01024	0.00149
6	0.00169	0.00130	0.00146	0.00149	0.00178	0.00117	0.00106	0.00199	0.00277	0.00351	0.11159	0.10681	0.48948	0.20088	0.01253	0.00064	0.00085	0.04898	0.00894	0.00105
7	0.00196	0.00159	0.00181	0.00175	0.00208	0.04202	0.00130	0.02038	0.00335	0.00449	0.51870	0.13045	0.20812	0.00315	0.03484	0.00049	0.01855	0.00248	0.00128	0.00122
8	0.00272	0.02631	0.03615	0.49612	0.29861	0.00296	0.02324	0.00356	0.01008	0.00375	0.03410	0.00380	0.02770	0.00138	0.00138	0.00042	0.02418	0.00124	0.00065	0.00166
9	0.00227	0.00113	0.00170	0.00170	0.00170	0.00113	0.00113	0.00170	0.00170	0.00227	0.00227	0.00397	0.00227	0.00454	0.00511	0.96198	0.00113	0.00113	0.00057	0.00057
10	0.00469	0.04816	0.05797	0.00316	0.03325	0.00401	0.00265	0.80134	0.01968	0.00760	0.00304	0.00310	0.00219	0.00152	0.00128	0.00039	0.00146	0.00115	0.00121	0.00217
11	0.00354	0.91991	0.00673	0.00228	0.00338	0.03994	0.00225	0.00396	0.00269	0.00308	0.00182	0.00211	0.00168	0.00113	0.00085	0.00028	0.00143	0.00070	0.00056	0.00167
12	0.88560	0.03022	0.00216	0.00181	0.00263	0.01717	0.00150	0.03868	0.00240	0.00583	0.00187	0.00216	0.00146	0.00123	0.00083	0.00040	0.00106	0.00073	0.00082	0.00145
13	0.00481	0.02598	0.00392	0.00296	0.00399	0.00402	0.00245	0.85422	0.07155	0.00792	0.00326	0.00323	0.00233	0.00157	0.00130	0.00039	0.00141	0.00119	0.00129	0.00220
14	0.00200	0.00152	0.00206	0.02580	0.02800	0.00154	0.00934	0.00271	0.08553	0.00379	0.03590	0.41843	0.03495	0.01217	0.03001	0.00059	0.00106	0.30218	0.00117	0.00125
15	0.00419	0.00336	0.00399	0.00315	0.00412	0.00370	0.10044	0.52739	0.32298	0.00688	0.00382	0.00377	0.00280	0.00159	0.00134	0.00041	0.00138	0.00132	0.00125	0.00212
16	0.00163	0.00118	0.00154	0.00181	0.00192	0.00110	0.00124	0.00189	0.00257	0.00340	0.02532	0.79094	0.07479	0.02749	0.00179	0.00054	0.00079	0.05779	0.00121	0.00107
17	0.00274	0.00257	0.00431	0.00355	0.01862	0.00291	0.25886	0.02355	0.00261	0.03388	0.01886	0.13747	0.02345	0.03794	0.04862	0.00061	0.34285	0.03436	0.00080	0.00147
18	0.00164	0.00123	0.00150	0.00167	0.00186	0.00113	0.00115	0.00197	0.01726	0.00352	0.08127	0.57392	0.24721	0.05594	0.00190	0.00054	0.00075	0.00323	0.00121	0.00109
19	0.73344	0.00264	0.00224	0.00192	0.00277	0.03790	0.00157	0.02966	0.00265	0.17134	0.00245	0.00257	0.00177	0.00130	0.00092	0.00040	0.00109	0.00083	0.00096	0.00158
20	0.02697	0.12643	0.04240	0.00889	0.01918	0.31564	0.03331	0.31544	0.05965	0.01994	0.00832	0.00288	0.00209	0.00142	0.00123	0.00037	0.01205	0.00102	0.00092	0.00184

[dist]
# distance from previous block
# <min> <max>
0	4

[block]
# block no. 5 follows, 247 sequences, length 9
# corresponding to MSA columns:
# 2500-2508
name=unknown_F
#
# <colnr> <probs for GDERKNQSTAVLIFYWHMCP>
#	G	D	E	R	K	N	Q	S	T	A	V	L	I	F	Y	W	H	M	C	P
0	0.00227	0.00212	0.00367	0.00298	0.01720	0.00204	0.29568	0.00295	0.01615	0.00415	0.25434	0.04161	0.19183	0.06927	0.01585	0.00052	0.04441	0.01622	0.01535	0.00137
1	0.00187	0.00128	0.00161	0.00165	0.00173	0.00134	0.00107	0.00205	0.00206	0.00286	0.00436	0.12984	0.00481	0.54514	0.25677	0.00136	0.00177	0.00198	0.03551	0.00094
2	0.00327	0.55454	0.18480	0.07169	0.00433	0.02688	0.03848	0.01857	0.02388	0.01632	0.01562	0.00262	0.00193	0.00121	0.00102	0.00033	0.00154	0.00088	0.00063	0.03143
3	0.00191	0.00138	0.00164	0.00166	0.00201	0.00126	0.00124	0.00245	0.03998	0.03915	0.25038	0.23221	0.34024	0.00317	0.00155	0.00046	0.00073	0.04887	0.02848	0.00121
4	0.04775	0.06595	0.01955	0.03270	0.05674	0.04660	0.06239	0.19302	0.05717	0.01588	0.04813	0.00399	0.01432	0.01590	0.11777	0.00062	0.10529	0.01475	0.00089	0.08058
5	0.08669	0.02065	0.02135	0.02185	0.16117	0.00247	0.03219	0.09254	0.09407	0.14277	0.14490	0.05820	0.03111	0.04732	0.00157	0.00045	0.00116	0.00157	0.00934	0.02864
6	0.00352	0.00308	0.00458	0.05714	0.28847	0.06174	0.15801	0.09624	0.07278	0.09060	0.01758	0.02317	0.00297	0.00162	0.00150	0.00043	0.03887	0.07492	0.00091	0.00185
7	0.03787	0.11836	0.03451	0.02411	0.04437	0.05050	0.01014	0.08910	0.02413	0.11866	0.00321	0.05872	0.00274	0.01011	0.01317	0.00037	0.01314	0.03785	0.00093	0.30801
8	0.01522	0.04421	0.00227	0.00206	0.00244	0.03685	0.02246	0.05281	0.00302	0.08374	0.05696	0.48701	0.11636	0.00321	0.00154	0.00048	0.00096	0.06591	0.00120	0.00131

[dist]
# distance from previous block
# <min> <max>
1	43

[block]
# block no. 6 follows, 247 sequences, length 7
# corresponding to MSA columns:
# 2593-2599
name=unknown_G
#
# <colnr> <probs for GDERKNQSTAVLIFYWHMCP>
#	G	D	E	R	K	N	Q	S	T	A	V	L	I	F	Y	W	H	M	C	P
0	0.02034	0.04760	0.00360	0.00292	0.00322	0.04096	0.09005	0.00304	0.00230	0.00331	0.00288	0.05376	0.00291	0.11512	0.12302	0.00079	0.40062	0.03723	0.02004	0.02629
1	0.03726	0.00377	0.03790	0.00300	0.00382	0.24385	0.08424	0.09218	0.28290	0.08790	0.02895	0.00383	0.00296	0.00156	0.00133	0.00040	0.02348	0.00123	0.05762	0.00181
2	0.00220	0.00188	0.00267	0.00248	0.00261	0.00239	0.00196	0.00256	0.00215	0.00316	0.04776	0.06065	0.00357	0.07343	0.45035	0.00133	0.33536	0.00153	0.00073	0.00123
3	0.00164	0.00118	0.00154	0.00179	0.00190	0.00110	0.00121	0.00190	0.00258	0.00344	0.07044	0.77827	0.03832	0.05602	0.00193	0.00056	0.00079	0.03312	0.00120	0.00106
4	0.03324	0.00181	0.00213	0.00195	0.00238	0.00186	0.00144	0.03490	0.15218	0.15766	0.06777	0.04830	0.04414	0.30236	0.08282	0.00084	0.00129	0.04383	0.01768	0.00141
5	0.00303	0.00192	0.00226	0.00201	0.00258	0.00191	0.00157	0.10988	0.12919	0.16545	0.20736	0.10060	0.17587	0.00247	0.00143	0.00043	0.00089	0.03453	0.05502	0.00158
6	0.01944	0.00269	0.03249	0.31853	0.00530	0.04950	0.04252	0.03495	0.04041	0.08370	0.04509	0.05955	0.00289	0.00158	0.00148	0.00039	0.06803	0.00130	0.00085	0.18933

[dist]
# distance from previous block
# <min> <max>
3	8

[block]
# block no. 7 follows, 247 sequences, length 14
# corresponding to MSA columns:
# 2644-2654,2657-2659
name=unknown_H
#
# <colnr> <probs for GDERKNQSTAVLIFYWHMCP>
#	G	D	E	R	K	N	Q	S	T	A	V	L	I	F	Y	W	H	M	C	P
0	0.21944	0.00169	0.00179	0.00175	0.00216	0.00173	0.00131	0.05021	0.00288	0.01733	0.15478	0.21984	0.16903	0.08425	0.02143	0.00056	0.00094	0.04653	0.00112	0.00124
1	0.00179	0.00134	0.00190	0.00197	0.00219	0.00126	0.04938	0.00212	0.00267	0.01595	0.08480	0.60514	0.09622	0.04980	0.03847	0.00061	0.00096	0.04115	0.00117	0.00113
2	0.01452	0.00315	0.09754	0.24779	0.03788	0.00287	0.38469	0.00364	0.00290	0.01102	0.06574	0.03255	0.04156	0.00153	0.00155	0.00044	0.03947	0.00883	0.00073	0.00161
3	0.21502	0.00240	0.00264	0.00227	0.00298	0.00257	0.04028	0.16123	0.18088	0.06538	0.05631	0.07709	0.13633	0.01467	0.00137	0.00044	0.00106	0.03427	0.00117	0.00164
4	0.00297	0.01796	0.00477	0.00361	0.00451	0.00288	0.38674	0.04464	0.21478	0.01841	0.09248	0.01272	0.06433	0.00166	0.00157	0.00043	0.05087	0.00161	0.03191	0.04116
5	0.21364	0.00302	0.00294	0.02498	0.00335	0.14325	0.02011	0.12757	0.04561	0.20691	0.02313	0.06796	0.02510	0.00174	0.00137	0.00041	0.05388	0.00131	0.03202	0.00171
6	0.05972	0.00250	0.00381	0.16873	0.14418	0.00281	0.09215	0.03406	0.03016	0.02242	0.14059	0.00471	0.05110	0.00206	0.03373	0.00050	0.18359	0.00144	0.00084	0.02091
7	0.00174	0.00128	0.00154	0.00162	0.00183	0.00120	0.00113	0.00204	0.00271	0.00354	0.16305	0.23109	0.25356	0.23239	0.02512	0.00071	0.00093	0.07232	0.00114	0.00105
8	0.03100	0.04742	0.02140	0.07578	0.12080	0.04869	0.01348	0.03529	0.42311	0.02365	0.00452	0.07572	0.03983	0.00183	0.00139	0.00043	0.02441	0.00837	0.00105	0.00182
9	0.08577	0.09375	0.01429	0.07145	0.06451	0.11233	0.05573	0.05063	0.27041	0.07183	0.01242	0.00357	0.00263	0.00152	0.00143	0.00041	0.06909	0.00117	0.01527	0.00180
10	0.08859	0.00335	0.05084	0.01955	0.33593	0.04902	0.11392	0.10591	0.08273	0.08031	0.00293	0.00341	0.00226	0.01736	0.00148	0.00042	0.03801	0.00119	0.00086	0.00192
11	0.00206	0.00137	0.00183	0.00198	0.00220	0.00133	0.00148	0.00241	0.00273	0.07264	0.03984	0.51899	0.07343	0.02346	0.03572	0.00060	0.02767	0.18788	0.00120	0.00119
12	0.03690	0.00310	0.00352	0.07611	0.06483	0.06245	0.03216	0.20925	0.34647	0.06209	0.01114	0.00424	0.04180	0.00167	0.00142	0.00042	0.03804	0.00134	0.00113	0.00193
13	0.00196	0.00134	0.00159	0.00154	0.00175	0.00126	0.00102	0.00221	0.00262	0.02985	0.24774	0.08433	0.12212	0.45833	0.00397	0.00083	0.00097	0.00222	0.00107	0.03328

[dist]
# distance from previous block
# <min> <max>
5	13

[block]
# block no. 8 follows, 247 sequences, length 9
# corresponding to MSA columns:
# 2679-2687
name=unknown_I
#
# <colnr> <probs for GDERKNQSTAVLIFYWHMCP>
#	G	D	E	R	K	N	Q	S	T	A	V	L	I	F	Y	W	H	M	C	P
0	0.00364	0.08381	0.02934	0.00283	0.02497	0.08265	0.01504	0.12223	0.47042	0.06126	0.03324	0.00449	0.04065	0.00171	0.00134	0.00041	0.01751	0.00136	0.00116	0.00193
1	0.00329	0.37004	0.03186	0.00304	0.00368	0.00440	0.04799	0.08367	0.00268	0.00363	0.00194	0.00262	0.00176	0.00169	0.00249	0.00043	0.43155	0.00099	0.00063	0.00162
2	0.00303	0.16105	0.12331	0.39626	0.17124	0.03669	0.02628	0.00386	0.00282	0.04426	0.01797	0.00323	0.00202	0.00127	0.00122	0.00039	0.00166	0.00109	0.00065	0.00170
3	0.03786	0.00250	0.00361	0.10704	0.28359	0.01811	0.00267	0.03470	0.00325	0.33699	0.00431	0.06882	0.04627	0.00174	0.00138	0.00042	0.01706	0.02670	0.00109	0.00188
4	0.00194	0.00144	0.00187	0.03095	0.00241	0.00143	0.00153	0.04535	0.02848	0.00391	0.09760	0.49453	0.07632	0.00374	0.03346	0.00057	0.00098	0.17108	0.00120	0.00120
5	0.00349	0.01894	0.12571	0.01634	0.02004	0.01376	0.02140	0.02731	0.30564	0.21529	0.06409	0.01678	0.06128	0.03187	0.00153	0.00046	0.00121	0.05180	0.00121	0.00185
6	0.03953	0.00271	0.06238	0.21725	0.12329	0.02822	0.02721	0.07108	0.04269	0.15939	0.04106	0.12277	0.00368	0.01979	0.00146	0.00045	0.00138	0.03296	0.00099	0.00170
7	0.02110	0.00231	0.00282	0.02609	0.01260	0.04223	0.05452	0.18930	0.00352	0.06810	0.02448	0.42100	0.05938	0.00286	0.00161	0.00048	0.02735	0.01739	0.00119	0.02170
8	0.00291	0.00265	0.04802	0.02320	0.03509	0.00243	0.26020	0.11339	0.03500	0.06668	0.09967	0.13495	0.12490	0.00216	0.00153	0.00045	0.01430	0.02980	0.00105	0.00161

[dist]
# distance from previous block
# <min> <max>
5	23

[block]
# block no. 9 follows, 247 sequences, length 9
# corresponding to MSA columns:
# 2774-2777,2783-2787
name=unknown_J
#
# <colnr> <probs for GDERKNQSTAVLIFYWHMCP>
#	G	D	E	R	K	N	Q	S	T	A	V	L	I	F	Y	W	H	M	C	P
0	0.08959	0.02665	0.06158	0.05252	0.35849	0.10226	0.02281	0.03376	0.03948	0.12426	0.02301	0.03164	0.00256	0.00141	0.00124	0.00039	0.00149	0.00120	0.00086	0.02481
1	0.09137	0.15017	0.04525	0.03439	0.09658	0.01930	0.04313	0.07648	0.20305	0.05856	0.12688	0.00446	0.01491	0.00163	0.00128	0.00040	0.01584	0.01352	0.00101	0.00178
2	0.21871	0.02786	0.02172	0.06456	0.00406	0.06656	0.16280	0.10500	0.04590	0.06955	0.05362	0.02324	0.00286	0.02634	0.07155	0.00055	0.01182	0.00126	0.00091	0.02113
3	0.30689	0.00270	0.00347	0.12185	0.29532	0.00292	0.00262	0.04930	0.08749	0.03783	0.03603	0.00331	0.00240	0.00133	0.00114	0.00040	0.00128	0.00108	0.00085	0.04179
4	0.00224	0.00178	0.02656	0.00211	0.04625	0.00155	0.00159	0.00297	0.06656	0.06146	0.24386	0.05325	0.31633	0.00272	0.00150	0.00044	0.00086	0.10924	0.00123	0.05750
5	0.05404	0.03043	0.08585	0.11386	0.28380	0.06683	0.04886	0.05854	0.02524	0.08904	0.00347	0.03755	0.04632	0.00152	0.00128	0.00040	0.00150	0.01862	0.00853	0.02430
6	0.00249	0.00194	0.00220	0.02239	0.04608	0.06528	0.00161	0.03039	0.00321	0.07560	0.21705	0.14325	0.20953	0.03690	0.00167	0.00047	0.00099	0.08764	0.00118	0.05015
7	0.00218	0.04599	0.03591	0.00190	0.02336	0.00156	0.00146	0.00264	0.02143	0.05933	0.09113	0.17681	0.29651	0.05732	0.03663	0.02596	0.00098	0.05191	0.06573	0.00125
8	0.01604	0.05963	0.03120	0.01184	0.04504	0.06672	0.01720	0.12527	0.08476	0.04406	0.09557	0.04947	0.09806	0.02426	0.02653	0.00045	0.02379	0.02916	0.00103	0.14992

[dist]
# distance from previous block
# <min> <max>
0	2

[block]
# block no. 10 follows, 247 sequences, length 7
# corresponding to MSA columns:
# 2790,2791,2796-2800
name=unknown_K
#
# <colnr> <probs for GDERKNQSTAVLIFYWHMCP>
#	G	D	E	R	K	N	Q	S	T	A	V	L	I	F	Y	W	H	M	C	P
0	0.00327	0.01925	0.00267	0.00225	0.00290	0.02141	0.00178	0.10554	0.26253	0.14521	0.23290	0.04724	0.06876	0.01474	0.00151	0.00043	0.01729	0.02080	0.00132	0.02821
1	0.46781	0.05357	0.06610	0.01988	0.02365	0.02379	0.02970	0.10663	0.07151	0.02777	0.00286	0.04977	0.01547	0.01142	0.00115	0.00042	0.01303	0.00109	0.01275	0.00162
2	0.00296	0.03804	0.22920	0.12227	0.17183	0.06802	0.03758	0.04036	0.02464	0.03095	0.03160	0.03581	0.07393	0.01882	0.00154	0.00044	0.03988	0.02964	0.00079	0.00170
3	0.00338	0.66267	0.08745	0.00250	0.00350	0.06458	0.00246	0.00389	0.00267	0.00329	0.00201	0.00241	0.00178	0.00128	0.00124	0.00033	0.09597	0.00081	0.05616	0.00164
4	0.00266	0.00264	0.08443	0.00213	0.00329	0.00184	0.00188	0.00332	0.00274	0.00422	0.00268	0.00365	0.00234	0.00120	0.00106	0.00024	0.00107	0.07344	0.00079	0.80440
5	0.00295	0.13667	0.60384	0.00357	0.04160	0.09211	0.00398	0.00406	0.00279	0.00382	0.00238	0.03689	0.00193	0.00139	0.00137	0.00040	0.05680	0.00103	0.00059	0.00180
6	0.00317	0.00272	0.08498	0.10100	0.14641	0.01535	0.03452	0.10559	0.02693	0.13643	0.03037	0.12893	0.11658	0.00215	0.01322	0.00045	0.01200	0.01623	0.02129	0.00169

[dist]
# distance from previous block
# <min> <max>
0	1

[block]
# block no. 11 follows, 247 sequences, length 7
# corresponding to MSA columns:
# 2802-2808
name=unknown_L
#
# <colnr> <probs for GDERKNQSTAVLIFYWHMCP>
#	G	D	E	R	K	N	Q	S	T	A	V	L	I	F	Y	W	H	M	C	P
0	0.01929	0.07594	0.11792	0.04361	0.04984	0.10498	0.14943	0.05030	0.00326	0.20205	0.02999	0.04916	0.03148	0.00163	0.00144	0.00041	0.04175	0.01437	0.01138	0.00177
1	0.03326	0.00276	0.00474	0.43542	0.35357	0.00307	0.09446	0.00367	0.00275	0.00383	0.00236	0.00332	0.00187	0.00128	0.00145	0.00042	0.04824	0.00118	0.00062	0.00171
2	0.01662	0.01297	0.13131	0.09783	0.16406	0.09017	0.05944	0.04410	0.05347	0.12801	0.00382	0.03272	0.06157	0.02547	0.01728	0.01929	0.02738	0.01185	0.00088	0.00174
3	0.01787	0.01998	0.40135	0.13823	0.13173	0.00285	0.07139	0.01611	0.01716	0.08225	0.01867	0.02464	0.01724	0.00158	0.01847	0.00045	0.00171	0.01577	0.00074	0.00182
4	0.00356	0.00224	0.02785	0.06245	0.08359	0.00210	0.04127	0.05960	0.00330	0.30488	0.02028	0.16598	0.02216	0.00236	0.00155	0.00047	0.02494	0.16853	0.00121	0.00170
5	0.00229	0.00380	0.41499	0.01913	0.00385	0.00210	0.03137	0.00319	0.00288	0.04132	0.05718	0.11088	0.25035	0.02037	0.00152	0.00046	0.00134	0.03054	0.00092	0.00154
6	0.00318	0.00255	0.00415	0.11932	0.45897	0.00258	0.03910	0.00400	0.04038	0.12220	0.06690	0.06586	0.03348	0.00169	0.00137	0.00042	0.00137	0.02974	0.00091	0.00182

[dist]
# distance from previous block
# <min> <max>
1	6

[block]
# block no. 12 follows, 247 sequences, length 11
# corresponding to MSA columns:
# 2815-2817,2829-2833,2839-2841
name=unknown_M
#
# <colnr> <probs for GDERKNQSTAVLIFYWHMCP>
#	G	D	E	R	K	N	Q	S	T	A	V	L	I	F	Y	W	H	M	C	P
0	0.00270	0.04751	0.70363	0.00362	0.03087	0.00297	0.04015	0.00396	0.00279	0.02892	0.03257	0.05888	0.00247	0.00148	0.00137	0.00042	0.03199	0.00120	0.00065	0.00184
1	0.05793	0.03139	0.33245	0.12703	0.17310	0.06701	0.05182	0.07526	0.00309	0.01594	0.00265	0.03737	0.00215	0.00140	0.00126	0.00041	0.00171	0.01550	0.00071	0.00180
2	0.00307	0.11265	0.46625	0.02402	0.04076	0.00318	0.19784	0.01750	0.00294	0.07391	0.01510	0.03200	0.00222	0.00134	0.00128	0.00041	0.00179	0.00120	0.00070	0.00185
3	0.00311	0.00291	0.02142	0.29738	0.33919	0.01721	0.05626	0.03454	0.16025	0.03008	0.00309	0.00385	0.00242	0.00139	0.00133	0.00042	0.00156	0.02095	0.00080	0.00184
4	0.02569	0.01129	0.02103	0.07103	0.00279	0.01225	0.02632	0.02024	0.02029	0.03838	0.03010	0.40167	0.25556	0.01785	0.00162	0.00049	0.00095	0.04008	0.00113	0.00125
5	0.00262	0.00246	0.00414	0.66568	0.23846	0.00286	0.00359	0.00345	0.00276	0.00368	0.05591	0.00378	0.00242	0.00135	0.00132	0.00042	0.00163	0.00123	0.00065	0.00159
6	0.00451	0.00272	0.04227	0.03081	0.11828	0.02409	0.07382	0.04495	0.03614	0.49094	0.01313	0.02324	0.01516	0.01494	0.00149	0.00043	0.02040	0.03944	0.00124	0.00199
7	0.02174	0.01789	0.05072	0.11861	0.07680	0.10783	0.13356	0.15536	0.04441	0.14633	0.01860	0.02294	0.03478	0.00830	0.00794	0.00043	0.02966	0.00132	0.00097	0.00181
8	0.00254	0.01764	0.11195	0.27143	0.14073	0.01123	0.00282	0.02002	0.02139	0.03309	0.10020	0.07235	0.11694	0.01525	0.00146	0.00044	0.00134	0.04621	0.00089	0.01206
9	0.00261	0.05277	0.00390	0.47412	0.14433	0.00271	0.04281	0.02073	0.01800	0.01890	0.00345	0.11432	0.02802	0.05580	0.00165	0.00048	0.00151	0.01162	0.00074	0.00151
10	0.05692	0.02270	0.09581	0.37209	0.04340	0.00237	0.00271	0.02003	0.01747	0.01260	0.02530	0.24128	0.03542	0.01105	0.00142	0.00046	0.00135	0.02453	0.00085	0.01225

[dist]
# distance from previous block
# <min> <max>
13	36

[block]
# block no. 13 follows, 247 sequences, length 6
# corresponding to MSA columns:
# 2915-2920
name=unknown_N
#
# <colnr> <probs for GDERKNQSTAVLIFYWHMCP>
#	G	D	E	R	K	N	Q	S	T	A	V	L	I	F	Y	W	H	M	C	P
0	0.03869	0.00274	0.07346	0.04011	0.01511	0.03317	0.00216	0.16967	0.03660	0.17815	0.08536	0.12361	0.04427	0.00235	0.03815	0.00048	0.04314	0.01329	0.00114	0.05836
1	0.27332	0.09200	0.06111	0.14103	0.01887	0.07846	0.01803	0.11455	0.03418	0.06311	0.01687	0.00294	0.00203	0.00138	0.00125	0.00039	0.04574	0.00099	0.00084	0.03290
2	0.13106	0.06444	0.01556	0.00208	0.00255	0.00219	0.00167	0.02375	0.02214	0.08316	0.01652	0.03991	0.00338	0.12461	0.38608	0.00120	0.03785	0.01855	0.00085	0.02245
3	0.04008	0.04982	0.03296	0.00229	0.03892	0.00171	0.02612	0.02395	0.00267	0.03623	0.03516	0.56587	0.02190	0.02404	0.07847	0.00063	0.00117	0.01566	0.00108	0.00127
4	0.05598	0.09371	0.53985	0.06960	0.00510	0.04797	0.00379	0.12991	0.00319	0.00455	0.00239	0.00282	0.00178	0.00156	0.03203	0.00045	0.00182	0.00098	0.00068	0.00184
5	0.18844	0.32168	0.12278	0.04559	0.00371	0.00351	0.01843	0.02621	0.00269	0.07017	0.00234	0.00284	0.00192	0.03238	0.02600	0.00043	0.04313	0.00091	0.00073	0.08612

[dist]
# distance from previous block
# <min> <max>
0	218

# created by:
# /home/berkeley/.conda/envs/busco_data_prod/bin/msa2prfl.pl pipeline/OGs_align_augustus/2759/20844.fs
