[name]
unknown

[dist]
# distance from previous block
# <min> <max>
2	128

[block]
# block no. 0 follows, 318 sequences, length 6
# corresponding to MSA columns:
# 495-500
name=unknown_A
#
# <colnr> <probs for GDERKNQSTAVLIFYWHMCP>
#	G	D	E	R	K	N	Q	S	T	A	V	L	I	F	Y	W	H	M	C	P
0	0.47146	0.01757	0.00239	0.26763	0.04212	0.03150	0.03061	0.04081	0.00207	0.01891	0.00175	0.00227	0.00137	0.02176	0.01700	0.00036	0.00109	0.00075	0.00060	0.02797
1	0.58903	0.00218	0.00214	0.14507	0.03520	0.06176	0.03070	0.05650	0.00207	0.00406	0.00172	0.00227	0.00140	0.06096	0.00106	0.00036	0.00103	0.00073	0.00062	0.00116
2	0.53066	0.00197	0.00204	0.17951	0.02668	0.02219	0.00157	0.02634	0.00193	0.02032	0.00177	0.00245	0.00149	0.07741	0.02054	0.00041	0.05579	0.00076	0.00061	0.02556
3	0.42984	0.04467	0.00211	0.14417	0.03694	0.06213	0.00149	0.02799	0.00198	0.02138	0.00200	0.01792	0.00180	0.15930	0.02043	0.00045	0.00106	0.00085	0.00061	0.02286
4	0.42308	0.01706	0.00226	0.13883	0.02636	0.11389	0.02246	0.05030	0.00213	0.01895	0.00185	0.00251	0.00156	0.08002	0.04310	0.00043	0.02350	0.00078	0.00061	0.03033
5	0.30960	0.01444	0.00246	0.24031	0.06280	0.03929	0.04760	0.02941	0.00203	0.01463	0.00203	0.02133	0.00178	0.11181	0.03276	0.01167	0.02805	0.00091	0.01203	0.01506

[dist]
# distance from previous block
# <min> <max>
0	1

[block]
# block no. 1 follows, 318 sequences, length 10
# corresponding to MSA columns:
# 502-511
name=unknown_B
#
# <colnr> <probs for GDERKNQSTAVLIFYWHMCP>
#	G	D	E	R	K	N	Q	S	T	A	V	L	I	F	Y	W	H	M	C	P
0	0.19788	0.13880	0.01477	0.06067	0.00906	0.06407	0.10924	0.10339	0.00954	0.01993	0.01737	0.00312	0.00200	0.14818	0.02394	0.01702	0.01085	0.01148	0.00671	0.03199
1	0.01805	0.04700	0.03128	0.16151	0.01205	0.10037	0.16331	0.08753	0.00240	0.03651	0.00956	0.00361	0.01068	0.08422	0.17426	0.00062	0.00818	0.03899	0.00062	0.00927
2	0.05775	0.34824	0.05233	0.08294	0.00316	0.11887	0.01179	0.14697	0.01242	0.01183	0.01032	0.00231	0.00162	0.03455	0.02615	0.00033	0.01277	0.00075	0.00060	0.06430
3	0.00244	0.03930	0.10961	0.04697	0.00345	0.15693	0.21474	0.02453	0.02038	0.04512	0.01974	0.03214	0.06208	0.05746	0.09946	0.00050	0.00821	0.02809	0.00064	0.02821
4	0.64917	0.05598	0.05096	0.00173	0.00245	0.00229	0.07603	0.00317	0.00202	0.08473	0.06160	0.00232	0.00184	0.00105	0.00077	0.00032	0.00091	0.00074	0.00069	0.00122
5	0.00213	0.00198	0.02537	0.06193	0.00299	0.00157	0.07737	0.00271	0.02726	0.00332	0.00220	0.00254	0.03329	0.00087	0.00085	0.00020	0.00089	0.00075	0.00061	0.75117
6	0.00231	0.00195	0.00223	0.00165	0.00252	0.00163	0.00132	0.06495	0.11082	0.00368	0.00215	0.00236	0.00173	0.00087	0.00081	0.00019	0.00079	0.00070	0.00069	0.79668
7	0.08307	0.30471	0.32069	0.00230	0.00337	0.02038	0.04645	0.06553	0.00241	0.12195	0.00201	0.00218	0.00150	0.00099	0.00087	0.00029	0.00123	0.00074	0.00061	0.01872
8	0.00250	0.00309	0.21966	0.12357	0.03924	0.07242	0.11480	0.10920	0.12234	0.01774	0.01992	0.00296	0.01374	0.01774	0.03870	0.00887	0.04670	0.00098	0.01437	0.01146
9	0.01601	0.00127	0.00147	0.00140	0.00166	0.05002	0.01674	0.00196	0.00264	0.00360	0.59998	0.13796	0.11224	0.04676	0.00140	0.00037	0.00063	0.00194	0.00102	0.00095

[dist]
# distance from previous block
# <min> <max>
2	25

[block]
# block no. 2 follows, 318 sequences, length 15
# corresponding to MSA columns:
# 546,553-566
name=unknown_C
#
# <colnr> <probs for GDERKNQSTAVLIFYWHMCP>
#	G	D	E	R	K	N	Q	S	T	A	V	L	I	F	Y	W	H	M	C	P
0	0.01760	0.00117	0.00146	0.00148	0.00175	0.00113	0.00113	0.02626	0.02305	0.06805	0.18536	0.24503	0.13921	0.05144	0.03404	0.00046	0.00076	0.17199	0.02764	0.00099
1	0.82318	0.00198	0.00163	0.00142	0.00207	0.00225	0.00117	0.04852	0.00200	0.06801	0.00174	0.00192	0.00130	0.00100	0.00069	0.00032	0.00081	0.00062	0.03819	0.00118
2	0.00266	0.01538	0.18578	0.01709	0.09226	0.02157	0.01532	0.16859	0.20910	0.05434	0.03185	0.02384	0.01301	0.01730	0.04050	0.00040	0.06979	0.00884	0.01091	0.00148
3	0.00151	0.00104	0.00128	0.00128	0.00137	0.00105	0.00084	0.00169	0.01217	0.01240	0.10632	0.08737	0.02542	0.57223	0.14688	0.00094	0.00116	0.02358	0.00072	0.00076
4	0.01211	0.02800	0.02524	0.00677	0.01997	0.00161	0.02342	0.10047	0.09180	0.01747	0.13063	0.20456	0.08366	0.02120	0.00133	0.00039	0.01610	0.21320	0.00094	0.00113
5	0.00228	0.00227	0.00315	0.00281	0.04145	0.02592	0.01930	0.00256	0.01407	0.00255	0.00153	0.00248	0.00149	0.00192	0.02510	0.02075	0.81493	0.01382	0.00047	0.00114
6	0.01463	0.02928	0.03366	0.00190	0.01170	0.00189	0.01064	0.12189	0.10425	0.32986	0.02352	0.00314	0.02219	0.00116	0.00095	0.00027	0.00089	0.00093	0.02004	0.26718
7	0.00225	0.00118	0.00130	0.00119	0.00152	0.00116	0.00092	0.05076	0.01931	0.10239	0.13509	0.00428	0.00358	0.00134	0.00084	0.00027	0.00056	0.00110	0.66986	0.00110
8	0.01759	0.03105	0.68634	0.00316	0.03599	0.02343	0.14368	0.00325	0.00223	0.01280	0.00196	0.02179	0.00148	0.00102	0.00103	0.00033	0.01005	0.00087	0.00048	0.00148
9	0.37692	0.34487	0.07238	0.00194	0.01905	0.06045	0.02791	0.04774	0.02609	0.00363	0.00162	0.00186	0.00132	0.00097	0.00077	0.00028	0.00971	0.00064	0.00057	0.00129
10	0.00243	0.41131	0.31006	0.00260	0.03415	0.03388	0.11081	0.00312	0.00221	0.00288	0.02576	0.00239	0.00169	0.00123	0.03559	0.00033	0.00138	0.01631	0.00048	0.00137
11	0.00169	0.00115	0.00153	0.00158	0.00185	0.00107	0.02350	0.01375	0.00233	0.07726	0.04384	0.34401	0.21948	0.00271	0.00129	0.00040	0.00073	0.25987	0.00098	0.00098
12	0.00145	0.00107	0.00135	0.00131	0.00155	0.00099	0.00097	0.01773	0.00274	0.00378	0.68287	0.11895	0.11941	0.02372	0.00132	0.00036	0.00053	0.01787	0.00108	0.00095
13	0.00188	0.00109	0.00123	0.00120	0.00146	0.00109	0.00090	0.00245	0.05934	0.03954	0.14256	0.09804	0.02711	0.03079	0.05236	0.00038	0.00067	0.00135	0.53558	0.00101
14	0.00257	0.02886	0.06110	0.07985	0.61809	0.01611	0.02132	0.05505	0.02045	0.02522	0.00806	0.02351	0.00182	0.00104	0.00104	0.00031	0.00981	0.00096	0.02329	0.00154

[dist]
# distance from previous block
# <min> <max>
3	6

[block]
# block no. 3 follows, 318 sequences, length 15
# corresponding to MSA columns:
# 573-587
name=unknown_D
#
# <colnr> <probs for GDERKNQSTAVLIFYWHMCP>
#	G	D	E	R	K	N	Q	S	T	A	V	L	I	F	Y	W	H	M	C	P
0	0.03173	0.16005	0.22131	0.00295	0.12931	0.13084	0.06580	0.04207	0.08104	0.04211	0.01158	0.00244	0.00915	0.00103	0.00093	0.00029	0.00129	0.00082	0.00060	0.06467
1	0.00952	0.11005	0.00413	0.03136	0.52844	0.01329	0.12399	0.02788	0.00234	0.00322	0.00233	0.02855	0.02099	0.00119	0.00115	0.02362	0.02048	0.04547	0.00056	0.00144
2	0.00139	0.00105	0.00129	0.00124	0.00151	0.00095	0.00093	0.00181	0.00270	0.00368	0.64491	0.02503	0.27074	0.00247	0.03537	0.00038	0.00058	0.00194	0.00106	0.00094
3	0.00214	0.00183	0.00214	0.00153	0.00245	0.00138	0.00122	0.00260	0.00214	0.00336	0.00183	0.00214	0.00153	0.00076	0.00076	0.00015	0.00076	0.00061	0.00061	0.97003
4	0.00175	0.00134	0.00203	0.03722	0.08893	0.00149	0.01626	0.00211	0.00184	0.03657	0.00317	0.00443	0.06102	0.04927	0.59083	0.02916	0.04315	0.02783	0.00060	0.00101
5	0.00157	0.00106	0.00119	0.00119	0.00122	0.00106	0.00069	0.03245	0.00164	0.00219	0.00338	0.06525	0.00388	0.87355	0.00488	0.00094	0.00098	0.00157	0.00066	0.00068
6	0.00374	0.00465	0.00294	0.06142	0.00343	0.86493	0.00205	0.03973	0.00295	0.00268	0.00164	0.00194	0.00135	0.00107	0.00094	0.00027	0.00180	0.00069	0.00055	0.00121
7	0.05992	0.00178	0.00241	0.08902	0.02632	0.00169	0.00164	0.02276	0.00278	0.69862	0.03453	0.00342	0.00254	0.00126	0.00105	0.00032	0.01875	0.00102	0.02858	0.00160
8	0.06038	0.00190	0.00236	0.04696	0.08824	0.00880	0.01899	0.05775	0.00229	0.01557	0.01003	0.00301	0.03586	0.04824	0.01179	0.00028	0.00640	0.02261	0.00065	0.55788
9	0.00140	0.00106	0.00123	0.00121	0.00150	0.00093	0.00091	0.00176	0.00259	0.02044	0.41363	0.05390	0.46742	0.00241	0.00123	0.00034	0.00053	0.02554	0.00104	0.00093
10	0.00147	0.00108	0.00154	0.00155	0.00169	0.00121	0.00115	0.00176	0.00165	0.00234	0.00300	0.05372	0.00301	0.18154	0.73676	0.00148	0.00233	0.00127	0.00059	0.00086
11	0.01771	0.00134	0.00146	0.00159	0.00175	0.06757	0.00111	0.01866	0.06388	0.00282	0.00507	0.69521	0.02908	0.01384	0.06536	0.00049	0.00086	0.01035	0.00090	0.00094
12	0.00237	0.10058	0.51163	0.00322	0.06967	0.00987	0.17760	0.02244	0.00229	0.03106	0.00195	0.00962	0.00147	0.00100	0.00106	0.00032	0.02898	0.00086	0.00050	0.02350
13	0.00364	0.02160	0.03989	0.00292	0.07821	0.75435	0.00214	0.06083	0.02181	0.00289	0.00173	0.00200	0.00141	0.00106	0.00094	0.00027	0.00172	0.00071	0.00057	0.00129
14	0.00288	0.02038	0.00424	0.00601	0.83401	0.04136	0.00313	0.00337	0.00257	0.00360	0.00249	0.00327	0.02494	0.00123	0.00122	0.00037	0.02498	0.01758	0.00064	0.00174

[dist]
# distance from previous block
# <min> <max>
0	5

[block]
# block no. 4 follows, 318 sequences, length 16
# corresponding to MSA columns:
# 593-608
name=unknown_E
#
# <colnr> <probs for GDERKNQSTAVLIFYWHMCP>
#	G	D	E	R	K	N	Q	S	T	A	V	L	I	F	Y	W	H	M	C	P
0	0.00269	0.00315	0.23143	0.01927	0.01980	0.03732	0.15450	0.09600	0.31783	0.06505	0.03195	0.00312	0.00235	0.00119	0.00108	0.00033	0.00955	0.00104	0.00079	0.00154
1	0.00975	0.00284	0.11810	0.02485	0.12899	0.00240	0.48892	0.06335	0.00255	0.05109	0.02212	0.02037	0.00878	0.00101	0.00111	0.00033	0.00145	0.00111	0.00061	0.05028
2	0.00129	0.00104	0.00115	0.00114	0.00144	0.00090	0.00085	0.00162	0.00250	0.00318	0.28573	0.05195	0.63860	0.00250	0.00122	0.00034	0.00052	0.00212	0.00101	0.00090
3	0.92902	0.00199	0.00156	0.00138	0.00202	0.00228	0.00114	0.00312	0.00181	0.04606	0.00155	0.00176	0.00118	0.00097	0.00066	0.00032	0.00080	0.00058	0.00067	0.00115
4	0.00258	0.00249	0.00402	0.03387	0.79913	0.02766	0.02929	0.02016	0.05308	0.00343	0.00216	0.00270	0.01278	0.00098	0.00103	0.00031	0.00123	0.00095	0.00055	0.00160
5	0.00142	0.00104	0.00130	0.00124	0.00150	0.00095	0.00093	0.00185	0.00275	0.00381	0.70947	0.04359	0.19510	0.00223	0.00121	0.00033	0.00050	0.00194	0.02789	0.00095
6	0.02137	0.78590	0.14763	0.00195	0.00292	0.02035	0.00206	0.00313	0.00212	0.00260	0.00150	0.00174	0.00132	0.00090	0.00071	0.00024	0.00117	0.00059	0.00045	0.00135
7	0.00218	0.07931	0.86393	0.00283	0.00429	0.00251	0.00361	0.00329	0.00219	0.02403	0.00187	0.00217	0.00134	0.00098	0.00096	0.00032	0.00148	0.00075	0.00045	0.00152
8	0.00126	0.00105	0.00110	0.00108	0.00142	0.00089	0.00081	0.00155	0.00244	0.00299	0.15422	0.00960	0.81297	0.00254	0.00122	0.00034	0.00052	0.00213	0.00099	0.00089
9	0.00143	0.00097	0.00116	0.00125	0.00128	0.00095	0.00076	0.00151	0.00170	0.00228	0.00414	0.33600	0.00484	0.59540	0.00374	0.00078	0.00085	0.02328	0.01699	0.00071
10	0.97101	0.00200	0.00152	0.00136	0.00200	0.00232	0.00112	0.00303	0.00176	0.00463	0.00144	0.00168	0.00112	0.00096	0.00064	0.00032	0.00080	0.00056	0.00064	0.00112
11	0.01513	0.00224	0.00296	0.01071	0.02484	0.04856	0.15930	0.07561	0.04939	0.02419	0.00212	0.01151	0.00170	0.00093	0.00094	0.00023	0.01437	0.00081	0.01192	0.54252
12	0.00144	0.00115	0.00130	0.00132	0.00161	0.00107	0.00097	0.00196	0.09506	0.00302	0.09233	0.23646	0.45724	0.01358	0.00132	0.01924	0.00060	0.04098	0.00096	0.02837
13	0.01783	0.04942	0.02077	0.20247	0.05797	0.42633	0.00773	0.06414	0.06920	0.02672	0.00202	0.00248	0.00162	0.00972	0.00107	0.00031	0.02596	0.01236	0.00060	0.00129
14	0.05714	0.36128	0.25738	0.01145	0.03321	0.10541	0.08913	0.04018	0.00234	0.01797	0.00172	0.00203	0.00138	0.00097	0.00090	0.00028	0.01460	0.00072	0.00051	0.00139
15	0.01307	0.00131	0.00166	0.01758	0.01126	0.01172	0.00696	0.04880	0.01945	0.03872	0.33136	0.01973	0.02170	0.19960	0.21099	0.00076	0.01361	0.01338	0.00084	0.01751

[dist]
# distance from previous block
# <min> <max>
4	42

[block]
# block no. 5 follows, 318 sequences, length 12
# corresponding to MSA columns:
# 655-657,696-701,704-706
name=unknown_F
#
# <colnr> <probs for GDERKNQSTAVLIFYWHMCP>
#	G	D	E	R	K	N	Q	S	T	A	V	L	I	F	Y	W	H	M	C	P
0	0.00247	0.00249	0.02620	0.00525	0.71576	0.05033	0.02615	0.01845	0.02200	0.00335	0.01711	0.00338	0.10022	0.00113	0.00105	0.00031	0.00118	0.00106	0.00059	0.00152
1	0.00164	0.00118	0.00146	0.00149	0.00179	0.00108	0.00113	0.00207	0.03491	0.00312	0.02413	0.40824	0.01846	0.00233	0.00114	0.00035	0.00068	0.18117	0.13815	0.17548
2	0.06978	0.06346	0.04357	0.00242	0.01519	0.03560	0.12748	0.35954	0.03004	0.05303	0.05118	0.02354	0.01237	0.00864	0.00109	0.00033	0.00114	0.09178	0.00839	0.00144
3	0.01490	0.18847	0.39443	0.00264	0.07406	0.01808	0.02562	0.02874	0.02783	0.03927	0.00221	0.07133	0.00187	0.00112	0.00093	0.00029	0.00122	0.00091	0.00057	0.10551
4	0.45132	0.06397	0.02628	0.00195	0.02139	0.24417	0.00157	0.02226	0.02135	0.13436	0.00193	0.00206	0.00145	0.00104	0.00080	0.00030	0.00113	0.00068	0.00069	0.00128
5	0.00157	0.00140	0.06349	0.00158	0.00192	0.00115	0.00136	0.00206	0.02157	0.01427	0.24118	0.04735	0.22121	0.04655	0.00146	0.00042	0.00076	0.32878	0.00096	0.00098
6	0.07002	0.00213	0.03268	0.01035	0.36547	0.04121	0.06453	0.02014	0.02553	0.01610	0.24153	0.03164	0.04519	0.01566	0.00114	0.00033	0.00101	0.01328	0.00075	0.00132
7	0.01986	0.00170	0.00221	0.00174	0.00244	0.00151	0.00140	0.05005	0.00279	0.66764	0.01721	0.06585	0.00287	0.07060	0.00133	0.00036	0.00086	0.00116	0.00113	0.08731
8	0.07282	0.07960	0.03885	0.01468	0.10065	0.05915	0.01576	0.29882	0.20505	0.05988	0.00720	0.00893	0.00625	0.00417	0.00302	0.00115	0.01520	0.00247	0.00239	0.00399
9	0.00385	0.00298	0.00314	0.00264	0.06508	0.07191	0.00203	0.80250	0.00451	0.02743	0.00242	0.00246	0.00174	0.00121	0.00102	0.00031	0.00119	0.00091	0.00097	0.00171
10	0.07123	0.00109	0.00123	0.00123	0.00131	0.00113	0.00077	0.00166	0.00159	0.00229	0.00337	0.03587	0.03511	0.69409	0.14302	0.00101	0.00121	0.00144	0.00064	0.00072
11	0.01216	0.01376	0.02561	0.02368	0.42602	0.05954	0.01846	0.07936	0.15368	0.05659	0.00854	0.00292	0.00203	0.00152	0.06321	0.00040	0.00818	0.00755	0.00069	0.03610

[dist]
# distance from previous block
# <min> <max>
0	2

[block]
# block no. 6 follows, 318 sequences, length 9
# corresponding to MSA columns:
# 709-717
name=unknown_G
#
# <colnr> <probs for GDERKNQSTAVLIFYWHMCP>
#	G	D	E	R	K	N	Q	S	T	A	V	L	I	F	Y	W	H	M	C	P
0	0.00281	0.03479	0.11115	0.01831	0.25280	0.01077	0.02639	0.06394	0.03501	0.19103	0.07294	0.03323	0.01322	0.01034	0.00105	0.00030	0.00105	0.00104	0.00078	0.11904
1	0.40579	0.11229	0.05797	0.00222	0.09489	0.09651	0.01198	0.04226	0.02091	0.01899	0.00207	0.05783	0.00184	0.01544	0.01611	0.00034	0.00107	0.02483	0.00064	0.01601
2	0.00267	0.50050	0.04146	0.00246	0.03953	0.00325	0.16411	0.03624	0.11008	0.03443	0.01595	0.02804	0.00194	0.01406	0.00094	0.00029	0.00117	0.00088	0.00060	0.00139
3	0.00238	0.00247	0.06297	0.02379	0.63125	0.01448	0.06885	0.01599	0.01549	0.00337	0.03365	0.05388	0.01177	0.00117	0.00106	0.00032	0.00120	0.02680	0.01084	0.01826
4	0.00152	0.00103	0.00124	0.00124	0.00138	0.00098	0.00083	0.00172	0.00209	0.02836	0.25973	0.12994	0.10685	0.43255	0.00304	0.00065	0.00076	0.02444	0.00087	0.00081
5	0.00167	0.00119	0.00160	0.00156	0.00174	0.00134	0.00116	0.02251	0.04322	0.01935	0.00296	0.00463	0.00286	0.24364	0.59456	0.00132	0.01864	0.00119	0.03395	0.00092
6	0.02355	0.00124	0.00121	0.00121	0.00155	0.04265	0.00092	0.00173	0.00239	0.00296	0.07835	0.04966	0.69750	0.00248	0.00120	0.00035	0.00062	0.06703	0.02249	0.00090
7	0.16600	0.48169	0.00381	0.00180	0.00258	0.03251	0.00163	0.09952	0.00248	0.16590	0.00204	0.00214	0.00158	0.00122	0.03092	0.00031	0.00109	0.00069	0.00068	0.00139
8	0.10244	0.01340	0.03882	0.00179	0.01265	0.00177	0.03538	0.04170	0.10081	0.01466	0.02124	0.00280	0.04341	0.00110	0.01432	0.00025	0.00087	0.00081	0.00070	0.55108

[dist]
# distance from previous block
# <min> <max>
5	24

[block]
# block no. 7 follows, 318 sequences, length 15
# corresponding to MSA columns:
# 743,744,755-767
name=unknown_H
#
# <colnr> <probs for GDERKNQSTAVLIFYWHMCP>
#	G	D	E	R	K	N	Q	S	T	A	V	L	I	F	Y	W	H	M	C	P
0	0.00142	0.00131	0.06332	0.00177	0.05159	0.00106	0.00127	0.00172	0.00209	0.00281	0.04834	0.65916	0.08459	0.01864	0.00133	0.00041	0.00070	0.04580	0.00090	0.01177
1	0.06957	0.13520	0.26694	0.01802	0.03370	0.00261	0.15045	0.13418	0.02569	0.09726	0.02420	0.00269	0.00185	0.01426	0.00106	0.00899	0.00126	0.00994	0.00067	0.00146
2	0.06472	0.00189	0.00308	0.69399	0.12739	0.00224	0.01856	0.00271	0.00211	0.00290	0.00208	0.00328	0.00172	0.00114	0.00104	0.00035	0.00130	0.06779	0.00051	0.00120
3	0.06423	0.00107	0.00119	0.00118	0.00124	0.00110	0.00071	0.00163	0.00158	0.00228	0.03430	0.02830	0.00379	0.79897	0.05363	0.00095	0.00105	0.00146	0.00065	0.00069
4	0.00159	0.00128	0.00180	0.00189	0.03714	0.00127	0.06278	0.01420	0.12227	0.00305	0.06052	0.67682	0.00594	0.00267	0.00126	0.00039	0.00072	0.00244	0.00094	0.00102
5	0.04192	0.04002	0.04022	0.00181	0.00264	0.12334	0.01978	0.03880	0.01060	0.00344	0.06361	0.00247	0.00202	0.00094	0.00084	0.00021	0.00096	0.00073	0.00064	0.60502
6	0.09051	0.01927	0.09918	0.11635	0.27025	0.02053	0.14396	0.03701	0.01781	0.02227	0.00200	0.01258	0.00159	0.00097	0.00097	0.00030	0.00123	0.00089	0.00057	0.14175
7	0.02902	0.02207	0.03711	0.00179	0.00895	0.06982	0.02408	0.03558	0.01009	0.05963	0.06960	0.00268	0.00219	0.00098	0.00089	0.00022	0.01404	0.00078	0.03523	0.57525
8	0.03247	0.05354	0.07738	0.02155	0.40309	0.01449	0.02556	0.04227	0.02712	0.07297	0.01063	0.00251	0.00173	0.00096	0.00094	0.00027	0.00111	0.00084	0.00062	0.20993
9	0.32897	0.01215	0.02343	0.03631	0.07238	0.00192	0.03754	0.02907	0.02101	0.06449	0.09986	0.01134	0.01510	0.01799	0.03513	0.00035	0.00095	0.00874	0.00072	0.18254
10	0.10924	0.00236	0.07639	0.09269	0.08657	0.03079	0.09886	0.08193	0.03156	0.16914	0.06678	0.03080	0.02419	0.00122	0.00103	0.00031	0.01012	0.00104	0.00078	0.08421
11	0.26986	0.02025	0.01191	0.10229	0.17707	0.00211	0.01470	0.06846	0.02315	0.06275	0.08307	0.03715	0.00998	0.00119	0.00092	0.00031	0.00095	0.00638	0.00072	0.10681
12	0.41992	0.00738	0.00916	0.11796	0.09052	0.00964	0.06400	0.02212	0.01339	0.10119	0.02706	0.00960	0.04688	0.00645	0.00090	0.00032	0.00098	0.00088	0.00070	0.05096
13	0.22542	0.01137	0.01028	0.12915	0.08207	0.01436	0.02238	0.04319	0.05837	0.12836	0.05995	0.02039	0.01104	0.01469	0.01771	0.00035	0.06605	0.00634	0.00075	0.07779
14	0.31709	0.00886	0.01935	0.10778	0.09278	0.02595	0.00898	0.08480	0.02235	0.08053	0.03882	0.00275	0.00717	0.02681	0.00100	0.00578	0.00098	0.01085	0.00071	0.13667

[dist]
# distance from previous block
# <min> <max>
2	217

# created by:
# /home/berkeley/.conda/envs/busco_data_prod/bin/msa2prfl.pl pipeline/OGs_align_augustus/2759/2187159.fs
