[name]
unknown

[dist]
# distance from previous block
# <min> <max>
7	692

[block]
# block no. 0 follows, 273 sequences, length 6
# corresponding to MSA columns:
# 761-764,766,769
name=unknown_A
#
# <colnr> <probs for GDERKNQSTAVLIFYWHMCP>
#	G	D	E	R	K	N	Q	S	T	A	V	L	I	F	Y	W	H	M	C	P
0	0.06578	0.04419	0.02466	0.10107	0.06272	0.04114	0.05518	0.09688	0.03343	0.03886	0.04856	0.02659	0.00250	0.00162	0.01318	0.00040	0.21047	0.01698	0.00076	0.11503
1	0.05186	0.08128	0.08372	0.03757	0.03715	0.10528	0.10990	0.06000	0.02466	0.04444	0.09577	0.10187	0.03733	0.02580	0.05135	0.00047	0.00140	0.02112	0.01379	0.01522
2	0.06004	0.03387	0.00282	0.02276	0.02105	0.01959	0.02010	0.08944	0.04203	0.11296	0.00308	0.00324	0.05308	0.00120	0.00105	0.00027	0.01623	0.00095	0.00086	0.49540
3	0.00190	0.00134	0.00181	0.00186	0.00207	0.00131	0.03744	0.05300	0.03349	0.04131	0.00583	0.71674	0.00668	0.08693	0.00187	0.00053	0.00084	0.00289	0.00108	0.00110
4	0.08214	0.03755	0.09326	0.00284	0.11017	0.00231	0.01508	0.04399	0.04075	0.31735	0.02378	0.06698	0.03237	0.00178	0.02225	0.00042	0.06143	0.01803	0.00101	0.02653
5	0.00295	0.23807	0.19938	0.09704	0.04083	0.00307	0.07548	0.07058	0.02748	0.06990	0.03319	0.02078	0.01520	0.00127	0.00114	0.00034	0.02236	0.00103	0.00072	0.07917

[dist]
# distance from previous block
# <min> <max>
22	108

[block]
# block no. 1 follows, 273 sequences, length 23
# corresponding to MSA columns:
# 924-932,943-956
name=unknown_B
#
# <colnr> <probs for GDERKNQSTAVLIFYWHMCP>
#	G	D	E	R	K	N	Q	S	T	A	V	L	I	F	Y	W	H	M	C	P
0	0.05215	0.06050	0.10647	0.00269	0.02730	0.01587	0.05849	0.30971	0.03966	0.15803	0.02691	0.00311	0.00231	0.00130	0.00113	0.00034	0.00529	0.00104	0.01470	0.11301
1	0.05521	0.03585	0.04496	0.19274	0.40027	0.02664	0.03612	0.04347	0.03696	0.04696	0.01000	0.01507	0.00214	0.01487	0.00128	0.00038	0.01725	0.01748	0.00069	0.00166
2	0.00266	0.02600	0.01899	0.00202	0.00248	0.00171	0.01534	0.06040	0.10999	0.17856	0.02949	0.36941	0.06181	0.00265	0.00138	0.00044	0.00091	0.11318	0.00116	0.00139
3	0.02432	0.01654	0.00338	0.01454	0.00356	0.00346	0.00216	0.72516	0.13405	0.03021	0.00318	0.00328	0.00233	0.01508	0.00125	0.00038	0.00124	0.01275	0.00117	0.00194
4	0.01743	0.01257	0.02422	0.35093	0.15826	0.03170	0.12414	0.12740	0.00305	0.09166	0.01216	0.01260	0.00213	0.00129	0.00122	0.00038	0.00150	0.02501	0.00076	0.00161
5	0.02067	0.00283	0.01908	0.21382	0.61061	0.03326	0.04267	0.02758	0.00273	0.01222	0.00223	0.00296	0.00180	0.00111	0.00118	0.00036	0.00149	0.00106	0.00060	0.00173
6	0.00143	0.00120	0.00124	0.00124	0.00162	0.00101	0.00092	0.00174	0.00275	0.00331	0.07205	0.03498	0.86646	0.00300	0.00141	0.00040	0.00060	0.00251	0.00112	0.00101
7	0.00150	0.00115	0.01511	0.01431	0.00189	0.00104	0.00121	0.00175	0.00232	0.00307	0.00661	0.82728	0.04692	0.01823	0.00158	0.00049	0.00074	0.05270	0.00108	0.00099
8	0.00306	0.03736	0.13775	0.11368	0.27347	0.04865	0.16697	0.08367	0.02079	0.05644	0.01340	0.01373	0.00210	0.00123	0.00123	0.00037	0.01011	0.01359	0.00070	0.00170
9	0.00256	0.00279	0.16053	0.00304	0.00394	0.00210	0.30528	0.01465	0.01940	0.11000	0.04322	0.13725	0.15108	0.00839	0.00139	0.00041	0.00133	0.03027	0.00089	0.00147
10	0.17723	0.00209	0.00254	0.00200	0.00286	0.00197	0.00165	0.04999	0.00325	0.67812	0.03834	0.00399	0.02772	0.00148	0.00113	0.00037	0.00098	0.00116	0.00131	0.00184
11	0.00238	0.00228	0.00406	0.57717	0.08897	0.00257	0.17104	0.01101	0.00251	0.01047	0.00970	0.07414	0.00929	0.01127	0.00134	0.00041	0.01220	0.00717	0.00062	0.00140
12	0.01244	0.11336	0.25216	0.05154	0.14358	0.03811	0.09084	0.00984	0.00271	0.10535	0.02052	0.06673	0.08474	0.00150	0.00118	0.00037	0.00140	0.00130	0.00075	0.00160
13	0.00253	0.00275	0.00580	0.00429	0.00524	0.00260	0.73415	0.00335	0.00268	0.00364	0.00325	0.20065	0.00306	0.00159	0.00147	0.00042	0.01854	0.00181	0.00070	0.00147
14	0.00797	0.02513	0.01822	0.06383	0.01361	0.00258	0.56129	0.01234	0.00985	0.13504	0.03715	0.05974	0.02945	0.00799	0.00138	0.00040	0.00162	0.01004	0.00080	0.00157
15	0.01434	0.13485	0.30857	0.09377	0.08807	0.03251	0.10624	0.01661	0.01004	0.09171	0.01340	0.02935	0.04074	0.00132	0.00115	0.00036	0.00149	0.00685	0.00699	0.00163
16	0.00255	0.05668	0.83933	0.00331	0.00499	0.00288	0.02391	0.02772	0.00261	0.02223	0.00219	0.00254	0.00156	0.00114	0.00112	0.00037	0.00171	0.00089	0.00054	0.00176
17	0.00978	0.11508	0.15393	0.00195	0.00252	0.01840	0.00179	0.00252	0.00258	0.02610	0.11875	0.30318	0.16116	0.02581	0.00146	0.00043	0.01191	0.04049	0.00094	0.00122
18	0.03784	0.10865	0.39269	0.04050	0.04823	0.02192	0.11389	0.01486	0.00837	0.09139	0.01227	0.08136	0.00237	0.00661	0.00121	0.00038	0.00934	0.00579	0.00070	0.00162
19	0.02410	0.11991	0.25210	0.07786	0.04322	0.03349	0.05640	0.02913	0.04263	0.16831	0.04765	0.01944	0.01383	0.01337	0.00124	0.00038	0.01231	0.02721	0.00691	0.01052
20	0.00786	0.09324	0.70292	0.00913	0.00473	0.02796	0.03149	0.03242	0.00838	0.03004	0.01295	0.01116	0.00176	0.00119	0.00114	0.00036	0.01045	0.00092	0.00058	0.01131
21	0.01686	0.10285	0.17892	0.06837	0.02660	0.10345	0.05679	0.04160	0.02158	0.05140	0.04433	0.06714	0.00784	0.04093	0.03845	0.00047	0.09799	0.01054	0.00364	0.02024
22	0.20432	0.09871	0.08403	0.10425	0.04289	0.05928	0.06001	0.02885	0.03961	0.07854	0.01425	0.04591	0.04089	0.02366	0.00121	0.00038	0.00817	0.01573	0.00700	0.04232

[dist]
# distance from previous block
# <min> <max>
29	104

[block]
# block no. 2 follows, 273 sequences, length 16
# corresponding to MSA columns:
# 1107-1111,1123-1127,1129-1134
name=unknown_C
#
# <colnr> <probs for GDERKNQSTAVLIFYWHMCP>
#	G	D	E	R	K	N	Q	S	T	A	V	L	I	F	Y	W	H	M	C	P
0	0.03053	0.05252	0.12673	0.00206	0.01539	0.01043	0.03642	0.02300	0.01165	0.04739	0.21456	0.14761	0.17487	0.04498	0.01436	0.00045	0.00651	0.02686	0.00099	0.01267
1	0.06039	0.12892	0.51493	0.00811	0.05087	0.02160	0.04257	0.01031	0.01636	0.02182	0.06196	0.00761	0.02057	0.00127	0.00113	0.00036	0.01114	0.00633	0.00063	0.01312
2	0.00168	0.00124	0.00147	0.00149	0.00180	0.00111	0.00112	0.00211	0.01602	0.03177	0.28467	0.15567	0.39972	0.01725	0.00150	0.00043	0.00067	0.07803	0.00117	0.00108
3	0.03047	0.55414	0.04051	0.00232	0.00325	0.13940	0.01214	0.06045	0.08129	0.03412	0.00224	0.01965	0.00189	0.00119	0.00092	0.00030	0.00137	0.00083	0.00067	0.01286
4	0.02232	0.06358	0.34226	0.00268	0.04367	0.00231	0.02069	0.01268	0.00259	0.05697	0.02367	0.02003	0.00205	0.00112	0.00103	0.00029	0.00127	0.00090	0.00068	0.37919
5	0.04917	0.15907	0.45796	0.00314	0.03675	0.08741	0.04344	0.05848	0.03767	0.03916	0.00225	0.00255	0.00169	0.00117	0.00111	0.00035	0.01541	0.00089	0.00063	0.00169
6	0.00312	0.77671	0.12312	0.00230	0.00341	0.00433	0.03003	0.00369	0.01764	0.02374	0.00185	0.00211	0.00160	0.00105	0.00085	0.00028	0.00134	0.00071	0.00054	0.00158
7	0.00247	0.01592	0.44386	0.03148	0.02565	0.01894	0.08540	0.00339	0.01352	0.07121	0.01713	0.18150	0.01169	0.03789	0.00148	0.00043	0.01679	0.01898	0.00074	0.00152
8	0.00308	0.12069	0.14600	0.18230	0.22721	0.05381	0.02959	0.01177	0.01037	0.12632	0.00262	0.02124	0.00209	0.00687	0.01321	0.00039	0.02127	0.01882	0.00070	0.00164
9	0.00311	0.02267	0.00225	0.00193	0.00248	0.00158	0.02212	0.02228	0.05535	0.34803	0.05014	0.24721	0.14759	0.00243	0.00135	0.00042	0.00088	0.06548	0.00123	0.00147
10	0.00160	0.00115	0.00143	0.00157	0.00171	0.00110	0.00110	0.00184	0.00229	0.00301	0.04869	0.37104	0.13440	0.26487	0.02697	0.00070	0.00092	0.13368	0.00100	0.00093
11	0.01787	0.09164	0.33201	0.03923	0.03247	0.20557	0.09289	0.05350	0.00296	0.10400	0.00235	0.00266	0.00174	0.00119	0.00116	0.00035	0.01514	0.00094	0.00068	0.00166
12	0.00294	0.00243	0.04574	0.14703	0.25434	0.01379	0.03462	0.06146	0.04181	0.12753	0.01289	0.08228	0.00338	0.01078	0.00136	0.00042	0.01106	0.14368	0.00088	0.00159
13	0.00178	0.02928	0.00151	0.00140	0.00145	0.00130	0.00085	0.00183	0.00182	0.00241	0.00392	0.03550	0.01970	0.82109	0.03325	0.00109	0.01557	0.02472	0.00074	0.00078
14	0.02108	0.01322	0.02103	0.01402	0.01040	0.04307	0.02471	0.01147	0.01745	0.01010	0.05046	0.13751	0.03726	0.04694	0.01899	0.00055	0.00659	0.51301	0.00101	0.00114
15	0.02453	0.02452	0.02921	0.00993	0.02694	0.23910	0.01620	0.17034	0.04127	0.07713	0.00257	0.00293	0.00202	0.00123	0.00108	0.00030	0.00825	0.02373	0.00084	0.29787

[dist]
# distance from previous block
# <min> <max>
2	44

[block]
# block no. 3 follows, 273 sequences, length 10
# corresponding to MSA columns:
# 1191,1192,1212-1217,1223,1224
name=unknown_D
#
# <colnr> <probs for GDERKNQSTAVLIFYWHMCP>
#	G	D	E	R	K	N	Q	S	T	A	V	L	I	F	Y	W	H	M	C	P
0	0.15918	0.00260	0.03711	0.34463	0.05746	0.01316	0.19514	0.02513	0.03552	0.03866	0.01778	0.01138	0.00202	0.00124	0.00120	0.00039	0.01311	0.01556	0.00069	0.02807
1	0.01058	0.01209	0.08645	0.31859	0.13115	0.00240	0.02610	0.03016	0.09505	0.01190	0.03935	0.09923	0.02562	0.02104	0.02657	0.00045	0.01674	0.02951	0.00076	0.01625
2	0.00353	0.00321	0.00304	0.00294	0.08245	0.21508	0.00211	0.12668	0.38833	0.06969	0.00384	0.07049	0.00312	0.00163	0.00120	0.00038	0.00129	0.01823	0.00103	0.00172
3	0.00148	0.00107	0.00142	0.00166	0.00177	0.00101	0.00114	0.00171	0.00231	0.00306	0.00673	0.81337	0.06809	0.00394	0.05114	0.00056	0.00083	0.03667	0.00108	0.00098
4	0.11323	0.00230	0.00289	0.00225	0.00313	0.00223	0.03813	0.15221	0.04171	0.58481	0.04197	0.00381	0.00293	0.00145	0.00116	0.00037	0.00107	0.00117	0.00130	0.00189
5	0.00317	0.75812	0.08555	0.00254	0.05274	0.02685	0.02837	0.00367	0.00250	0.02461	0.00182	0.00211	0.00159	0.00105	0.00085	0.00028	0.00136	0.00072	0.00054	0.00158
6	0.00176	0.00129	0.00165	0.00189	0.05844	0.00118	0.00128	0.00209	0.00258	0.04840	0.04810	0.37490	0.34432	0.01951	0.01896	0.00048	0.00080	0.07020	0.00109	0.00110
7	0.00144	0.00118	0.00125	0.00128	0.00162	0.00101	0.00093	0.00173	0.00265	0.00323	0.04889	0.13071	0.76124	0.03553	0.00158	0.00044	0.00063	0.00258	0.00110	0.00100
8	0.00210	0.00206	0.10400	0.08903	0.06596	0.00170	0.02880	0.01113	0.01656	0.03939	0.03037	0.24339	0.08393	0.00259	0.00142	0.00045	0.00109	0.26517	0.00958	0.00127
9	0.04015	0.12238	0.40821	0.05265	0.02693	0.03077	0.12253	0.04807	0.00277	0.10582	0.00238	0.00272	0.00173	0.00118	0.00119	0.00037	0.02683	0.00096	0.00067	0.00169

[dist]
# distance from previous block
# <min> <max>
0	10

[block]
# block no. 4 follows, 273 sequences, length 7
# corresponding to MSA columns:
# 1235-1241
name=unknown_E
#
# <colnr> <probs for GDERKNQSTAVLIFYWHMCP>
#	G	D	E	R	K	N	Q	S	T	A	V	L	I	F	Y	W	H	M	C	P
0	0.00301	0.00276	0.00469	0.10380	0.74758	0.00281	0.04559	0.03323	0.00280	0.03884	0.00234	0.00302	0.00190	0.00110	0.00119	0.00036	0.00144	0.00108	0.00064	0.00183
1	0.00162	0.00134	0.00157	0.00155	0.00192	0.00121	0.02798	0.02534	0.03725	0.00342	0.02940	0.21801	0.58956	0.00303	0.00143	0.00043	0.00072	0.05204	0.00110	0.00108
2	0.01732	0.03823	0.09652	0.07655	0.17149	0.04907	0.06139	0.04784	0.18782	0.19086	0.02128	0.00348	0.00253	0.00143	0.01269	0.00039	0.01731	0.00113	0.00091	0.00177
3	0.00327	0.02001	0.47935	0.01996	0.04474	0.01991	0.06705	0.05765	0.00293	0.22639	0.00302	0.01893	0.01532	0.01467	0.00124	0.00038	0.00151	0.00108	0.00080	0.00178
4	0.00310	0.00290	0.02117	0.03546	0.37549	0.07545	0.11944	0.01699	0.00267	0.09368	0.00270	0.00336	0.03102	0.02171	0.02224	0.00044	0.16869	0.00115	0.00069	0.00164
5	0.03104	0.11013	0.31535	0.06993	0.10453	0.05100	0.17152	0.01834	0.01778	0.04433	0.01547	0.00282	0.00185	0.00118	0.00125	0.00037	0.03982	0.00101	0.00062	0.00165
6	0.04381	0.02802	0.08121	0.01864	0.00337	0.03709	0.04936	0.06271	0.19051	0.34587	0.01804	0.05467	0.01729	0.01438	0.00130	0.00039	0.01621	0.00130	0.00111	0.01471

[dist]
# distance from previous block
# <min> <max>
2	44

[block]
# block no. 5 follows, 273 sequences, length 41
# corresponding to MSA columns:
# 1288-1294,1296-1308,1312-1317,1321-1335
name=unknown_F
#
# <colnr> <probs for GDERKNQSTAVLIFYWHMCP>
#	G	D	E	R	K	N	Q	S	T	A	V	L	I	F	Y	W	H	M	C	P
0	0.07140	0.08451	0.06239	0.02841	0.03030	0.00829	0.00900	0.00611	0.02422	0.13805	0.04813	0.15366	0.02399	0.01894	0.00686	0.00042	0.01851	0.18748	0.00096	0.07836
1	0.02277	0.02100	0.06609	0.02130	0.02962	0.01653	0.09789	0.04294	0.04648	0.06549	0.12262	0.01425	0.03873	0.02853	0.01561	0.00035	0.00418	0.00786	0.00086	0.33688
2	0.10883	0.09221	0.22069	0.02600	0.16768	0.03243	0.19142	0.02551	0.01311	0.03081	0.01308	0.00313	0.00199	0.00120	0.00116	0.00037	0.01131	0.03352	0.00065	0.02488
3	0.00153	0.00120	0.01293	0.01615	0.00188	0.00869	0.00118	0.00180	0.00239	0.00312	0.03546	0.66903	0.14707	0.04257	0.00704	0.00050	0.00076	0.04462	0.00107	0.00099
4	0.00313	0.56822	0.01201	0.00219	0.01010	0.07122	0.00198	0.04896	0.00262	0.00329	0.00189	0.01370	0.00168	0.00111	0.00101	0.00027	0.05081	0.00074	0.00060	0.20448
5	0.00773	0.07718	0.14902	0.01681	0.02690	0.03963	0.02639	0.03542	0.03015	0.08895	0.00247	0.00710	0.00529	0.00107	0.00100	0.00027	0.00118	0.00086	0.00075	0.48182
6	0.01725	0.01002	0.04800	0.26468	0.41067	0.01667	0.00711	0.11861	0.01036	0.05694	0.00710	0.00315	0.00196	0.00120	0.00118	0.00037	0.00143	0.01069	0.00071	0.01189
7	0.00182	0.00125	0.00156	0.00149	0.00181	0.00113	0.00111	0.00230	0.01162	0.05916	0.56099	0.11031	0.21836	0.01990	0.00149	0.00041	0.00063	0.00229	0.00124	0.00113
8	0.02104	0.00151	0.01184	0.02903	0.03355	0.00139	0.02904	0.01791	0.02015	0.04774	0.40972	0.07506	0.28162	0.00779	0.00139	0.00040	0.00075	0.00772	0.00115	0.00120
9	0.00286	0.16992	0.52046	0.01335	0.04080	0.02666	0.06677	0.03776	0.01157	0.05805	0.00248	0.00291	0.01491	0.00121	0.00113	0.00036	0.00834	0.01815	0.00062	0.00170
10	0.00183	0.00133	0.00172	0.00170	0.00197	0.00131	0.00130	0.01401	0.02784	0.02235	0.50387	0.16906	0.07170	0.00283	0.01892	0.00045	0.03534	0.10893	0.01240	0.00114
11	0.00171	0.00126	0.00182	0.00182	0.00202	0.00144	0.00138	0.00208	0.00192	0.00275	0.00344	0.00515	0.02189	0.11202	0.81899	0.00178	0.00288	0.00135	0.01328	0.00103
12	0.01996	0.00741	0.06608	0.14035	0.30397	0.00282	0.04772	0.09406	0.23410	0.02165	0.00337	0.01061	0.03988	0.00136	0.00120	0.00038	0.00131	0.00120	0.00083	0.00175
13	0.34496	0.01594	0.04115	0.02879	0.26786	0.00826	0.12895	0.06515	0.01955	0.04773	0.00231	0.01720	0.00182	0.00117	0.00105	0.00037	0.00129	0.00099	0.00384	0.00161
14	0.00167	0.00124	0.00153	0.00147	0.00178	0.00114	0.00111	0.00223	0.02154	0.00440	0.68209	0.03139	0.19089	0.00256	0.00140	0.00039	0.00059	0.02837	0.02311	0.00111
15	0.73687	0.00237	0.00222	0.12772	0.04669	0.01820	0.00172	0.02011	0.00222	0.02387	0.00183	0.00221	0.00141	0.00114	0.00086	0.00037	0.00738	0.00074	0.00072	0.00135
16	0.01205	0.06832	0.17926	0.03031	0.19805	0.05966	0.10214	0.02262	0.05454	0.00370	0.02493	0.16082	0.01123	0.00637	0.00128	0.00039	0.01217	0.02827	0.00074	0.02315
17	0.00164	0.00121	0.00147	0.00150	0.00177	0.00111	0.00109	0.01087	0.00718	0.02030	0.25785	0.28713	0.31657	0.04124	0.00749	0.00046	0.00849	0.03042	0.00114	0.00105
18	0.00149	0.00106	0.00141	0.00168	0.00176	0.00100	0.00115	0.00171	0.00230	0.00306	0.00648	0.87453	0.00773	0.02636	0.00164	0.00050	0.00073	0.06335	0.00110	0.00097
19	0.01010	0.00326	0.02628	0.01159	0.10702	0.04393	0.02779	0.62787	0.03171	0.04415	0.00293	0.00588	0.01094	0.00140	0.00123	0.00036	0.01876	0.00109	0.02180	0.00190
20	0.00268	0.00263	0.01403	0.48152	0.34625	0.04313	0.00847	0.02524	0.02557	0.00350	0.00222	0.00305	0.00175	0.00119	0.00127	0.00038	0.03391	0.00105	0.00059	0.00156
21	0.00172	0.00128	0.00190	0.00189	0.00209	0.00149	0.00146	0.00210	0.00189	0.00273	0.00316	0.00475	0.00299	0.04747	0.87550	0.02900	0.01560	0.00128	0.00064	0.00104
22	0.00264	0.00242	0.00365	0.48775	0.22706	0.01052	0.00303	0.01866	0.20979	0.00946	0.00281	0.00349	0.00217	0.00128	0.00120	0.00039	0.00140	0.00999	0.00071	0.00159
23	0.00447	0.00316	0.00339	0.00263	0.00355	0.02098	0.00216	0.77084	0.03998	0.10544	0.01646	0.00323	0.01512	0.00147	0.00120	0.00036	0.00126	0.00112	0.00121	0.00198
24	0.96656	0.00230	0.00175	0.00157	0.00230	0.00267	0.00129	0.00350	0.00203	0.00534	0.00166	0.00193	0.00129	0.00111	0.00074	0.00037	0.00092	0.00064	0.00074	0.00129
25	0.00287	0.00268	0.00439	0.07000	0.73542	0.00265	0.00329	0.01764	0.00270	0.01034	0.00224	0.00290	0.00186	0.00105	0.00114	0.00033	0.00135	0.00101	0.00062	0.13551
26	0.00149	0.00110	0.00140	0.00159	0.00175	0.00101	0.00111	0.00177	0.00248	0.00327	0.10956	0.65682	0.15330	0.01134	0.00153	0.00047	0.00069	0.04720	0.00112	0.00099
27	0.00252	0.00215	0.00250	0.00179	0.00284	0.00164	0.00143	0.02780	0.00255	0.00398	0.00214	0.00248	0.00177	0.00090	0.00089	0.00018	0.00089	0.00072	0.00072	0.94011
28	0.00290	0.00277	0.00473	0.02706	0.90842	0.00278	0.00359	0.00359	0.00269	0.00385	0.00234	0.02561	0.00202	0.00113	0.00119	0.00036	0.00140	0.00112	0.00060	0.00185
29	0.02591	0.00202	0.00260	0.00201	0.00290	0.00173	0.00164	0.01791	0.01704	0.62737	0.02816	0.02286	0.01402	0.00145	0.00114	0.00033	0.00096	0.01349	0.00126	0.21520
30	0.00172	0.00115	0.00131	0.00132	0.00134	0.00115	0.00076	0.00174	0.00179	0.00239	0.01454	0.04257	0.01424	0.89030	0.00574	0.00111	0.00112	0.01420	0.00075	0.00074
31	0.00299	0.00287	0.00477	0.03535	0.87390	0.02603	0.01747	0.00369	0.00273	0.01555	0.00226	0.00295	0.00188	0.00107	0.00118	0.00035	0.00144	0.00106	0.00060	0.00185
32	0.00186	0.00147	0.00178	0.04646	0.00223	0.00148	0.00133	0.02459	0.00278	0.03956	0.17481	0.04607	0.50464	0.01120	0.01909	0.00045	0.09671	0.02130	0.00106	0.00113
33	0.00156	0.00122	0.00136	0.00142	0.00173	0.00106	0.00102	0.00184	0.00271	0.01232	0.09980	0.28146	0.58182	0.00319	0.00147	0.00044	0.00065	0.00274	0.00115	0.00105
34	0.00268	0.00213	0.00253	0.00182	0.00287	0.00163	0.00855	0.01132	0.00256	0.06549	0.00229	0.00258	0.00184	0.00093	0.00091	0.00019	0.00090	0.00075	0.00076	0.88728
35	0.01122	0.00295	0.00326	0.03430	0.05994	0.09021	0.02699	0.29690	0.21248	0.19534	0.00698	0.00357	0.01650	0.00145	0.00122	0.00037	0.01459	0.00116	0.01872	0.00184
36	0.00161	0.00120	0.00161	0.00184	0.02437	0.00114	0.01421	0.00194	0.01964	0.00323	0.07696	0.63355	0.05156	0.07945	0.00186	0.00052	0.00079	0.08243	0.00107	0.00102
37	0.00319	0.01407	0.08576	0.09547	0.07257	0.01715	0.13082	0.18379	0.02617	0.08466	0.00273	0.00784	0.01368	0.00118	0.00113	0.00032	0.00133	0.00104	0.00082	0.25629
38	0.00950	0.02267	0.01099	0.04610	0.02249	0.50227	0.06302	0.01585	0.00294	0.01787	0.00725	0.06766	0.00227	0.00942	0.01795	0.00039	0.09702	0.02250	0.01435	0.04747
39	0.00214	0.00113	0.00173	0.00166	0.00172	0.00112	0.02590	0.00786	0.00164	0.01291	0.00212	0.00360	0.00207	0.00400	0.01055	0.90672	0.00107	0.00104	0.00054	0.01045
40	0.00239	0.02599	0.82874	0.00325	0.00488	0.00269	0.02446	0.00366	0.00253	0.00960	0.00804	0.00306	0.02665	0.00579	0.00117	0.00038	0.00168	0.02123	0.00055	0.02328

[dist]
# distance from previous block
# <min> <max>
0	2

[block]
# block no. 6 follows, 273 sequences, length 26
# corresponding to MSA columns:
# 1338-1358,1371-1375
name=unknown_G
#
# <colnr> <probs for GDERKNQSTAVLIFYWHMCP>
#	G	D	E	R	K	N	Q	S	T	A	V	L	I	F	Y	W	H	M	C	P
0	0.00281	0.15120	0.27022	0.02004	0.00471	0.00303	0.31608	0.02558	0.07500	0.04267	0.01073	0.02414	0.02782	0.00131	0.00611	0.00038	0.00899	0.00685	0.00069	0.00164
1	0.00159	0.00118	0.00139	0.00143	0.00172	0.00104	0.00103	0.00193	0.00277	0.02621	0.24894	0.27237	0.41924	0.01180	0.00148	0.00042	0.00063	0.00262	0.00116	0.00105
2	0.00148	0.00108	0.00139	0.00161	0.00174	0.00099	0.00110	0.00173	0.00242	0.00321	0.08017	0.75857	0.11027	0.00354	0.00150	0.00047	0.00068	0.02594	0.00112	0.00099
3	0.00234	0.02008	0.07288	0.00222	0.00270	0.00193	0.04862	0.10539	0.00251	0.03957	0.01939	0.02189	0.00299	0.05918	0.47158	0.05530	0.01468	0.02393	0.01776	0.01507
4	0.00147	0.00113	0.00134	0.00147	0.00169	0.00101	0.00104	0.00175	0.00253	0.00324	0.07193	0.47307	0.37860	0.01970	0.00154	0.00046	0.00067	0.02765	0.00872	0.00099
5	0.00300	0.00253	0.00269	0.00242	0.00309	0.00291	0.00189	0.02866	0.87850	0.01989	0.00485	0.00471	0.00370	0.00167	0.00123	0.00041	0.00096	0.03385	0.00121	0.00186
6	0.01641	0.12481	0.31329	0.20669	0.05515	0.04990	0.09437	0.02872	0.01182	0.02868	0.01007	0.00283	0.00176	0.00120	0.00125	0.00037	0.04451	0.00600	0.00059	0.00159
7	0.00245	0.00209	0.00245	0.00177	0.00280	0.00158	0.00141	0.00297	0.00245	0.00385	0.00215	0.00253	0.00180	0.00111	0.02769	0.00023	0.00095	0.00072	0.00070	0.93829
8	0.00954	0.28781	0.54704	0.00291	0.00428	0.00856	0.01179	0.02096	0.01046	0.01669	0.00205	0.00243	0.00159	0.00728	0.00612	0.00036	0.04906	0.00084	0.00054	0.00970
9	0.01455	0.01188	0.09891	0.02979	0.17508	0.12247	0.02688	0.23223	0.14389	0.07959	0.02325	0.00759	0.00770	0.00137	0.00120	0.00037	0.00795	0.00865	0.00485	0.00178
10	0.00207	0.00103	0.00155	0.00155	0.00155	0.00103	0.00103	0.00155	0.00155	0.00207	0.00207	0.00362	0.00207	0.00414	0.00465	0.96535	0.00103	0.00103	0.00052	0.00052
11	0.00363	0.00289	0.00307	0.00256	0.00335	0.00327	0.00205	0.40746	0.54635	0.00606	0.00400	0.00377	0.00295	0.00154	0.00120	0.00038	0.00110	0.00123	0.00120	0.00194
12	0.00377	0.00217	0.00262	0.00198	0.00293	0.02132	0.00160	0.02828	0.02918	0.40347	0.02997	0.00338	0.00258	0.00122	0.00105	0.00028	0.00097	0.00098	0.00107	0.46119
13	0.01309	0.00345	0.00343	0.00283	0.00350	0.32477	0.07564	0.00473	0.00305	0.37393	0.00297	0.00307	0.00212	0.00146	0.00164	0.00038	0.16769	0.00103	0.00958	0.00163
14	0.01398	0.00211	0.00278	0.00215	0.00306	0.00190	0.00177	0.05513	0.03785	0.84878	0.01475	0.00404	0.00300	0.00148	0.00120	0.00037	0.00102	0.00120	0.00144	0.00200
15	0.00201	0.00143	0.00178	0.00183	0.00215	0.00146	0.00148	0.00282	0.10613	0.01552	0.15711	0.05876	0.09311	0.01385	0.02552	0.00049	0.01842	0.35578	0.13915	0.00118
16	0.00178	0.01357	0.00197	0.03220	0.01552	0.00154	0.00147	0.01236	0.00199	0.00282	0.00338	0.05745	0.00332	0.12343	0.71102	0.00162	0.00266	0.00143	0.00943	0.00105
17	0.00333	0.00323	0.14546	0.00386	0.01746	0.00256	0.49426	0.01653	0.00295	0.23668	0.03835	0.01402	0.00248	0.00131	0.01159	0.00040	0.00165	0.00132	0.00084	0.00171
18	0.03257	0.00200	0.00266	0.00208	0.00295	0.00177	0.00172	0.02368	0.00337	0.83892	0.02098	0.01322	0.00317	0.00154	0.00119	0.00037	0.00100	0.02361	0.02126	0.00194
19	0.00292	0.00250	0.00265	0.00239	0.00305	0.00288	0.00186	0.01659	0.88933	0.00498	0.03866	0.00473	0.00394	0.00167	0.00123	0.00040	0.00094	0.01623	0.00121	0.00185
20	0.00239	0.00226	0.00379	0.76350	0.18027	0.00269	0.00334	0.00322	0.02093	0.00324	0.00219	0.00316	0.00168	0.00118	0.00119	0.00039	0.00154	0.00106	0.00055	0.00144
21	0.00145	0.00117	0.00130	0.00137	0.00168	0.00102	0.00101	0.00175	0.00263	0.00324	0.04079	0.24371	0.64427	0.00319	0.00145	0.00043	0.00065	0.04679	0.00111	0.00100
22	0.00180	0.00117	0.00133	0.00133	0.00135	0.00116	0.00076	0.00180	0.00177	0.02029	0.00380	0.03021	0.00434	0.89840	0.00583	0.02028	0.00114	0.00175	0.00074	0.00075
23	0.00347	0.00193	0.00235	0.00195	0.00259	0.00188	0.00156	0.14500	0.09020	0.32813	0.31149	0.00600	0.07029	0.00189	0.00127	0.00037	0.00087	0.00159	0.02554	0.00163
24	0.00445	0.00324	0.02144	0.00270	0.00364	0.00348	0.00227	0.82152	0.00524	0.07512	0.00303	0.00317	0.00218	0.00148	0.00126	0.00037	0.02050	0.02176	0.00118	0.00199
25	0.06803	0.00439	0.00324	0.00851	0.01975	0.55085	0.01462	0.17209	0.02100	0.08037	0.00682	0.00265	0.00845	0.00131	0.00111	0.00033	0.00955	0.00090	0.02448	0.00155

[dist]
# distance from previous block
# <min> <max>
2	3

[block]
# block no. 7 follows, 273 sequences, length 21
# corresponding to MSA columns:
# 1379-1386,1390-1402
name=unknown_H
#
# <colnr> <probs for GDERKNQSTAVLIFYWHMCP>
#	G	D	E	R	K	N	Q	S	T	A	V	L	I	F	Y	W	H	M	C	P
0	0.02685	0.01912	0.02282	0.15514	0.27877	0.03850	0.05656	0.01839	0.01546	0.13545	0.01732	0.01152	0.04537	0.01195	0.04803	0.00046	0.05728	0.00118	0.00387	0.03596
1	0.00224	0.01989	0.01762	0.01101	0.09186	0.01452	0.10122	0.00293	0.04431	0.03117	0.14396	0.07959	0.07869	0.00243	0.00150	0.00045	0.02863	0.31868	0.00099	0.00834
2	0.01286	0.00209	0.00254	0.00207	0.00280	0.01218	0.00166	0.11911	0.10920	0.48498	0.15163	0.00500	0.02481	0.02329	0.00133	0.00039	0.00096	0.00864	0.03270	0.00177
3	0.00281	0.00881	0.07715	0.03271	0.02711	0.00287	0.71669	0.02789	0.01033	0.02649	0.01538	0.00349	0.02957	0.00113	0.00135	0.00039	0.00183	0.00137	0.01100	0.00161
4	0.01307	0.03744	0.02229	0.61231	0.07760	0.01828	0.03479	0.01796	0.01137	0.04312	0.01253	0.02115	0.00197	0.01368	0.01271	0.00041	0.02018	0.00111	0.00062	0.02741
5	0.00174	0.00116	0.00135	0.00135	0.00137	0.00117	0.00079	0.00177	0.00176	0.00236	0.00377	0.00773	0.00430	0.87554	0.04916	0.01619	0.00124	0.02579	0.00072	0.00074
6	0.00165	0.00118	0.00159	0.00168	0.00182	0.00124	0.00120	0.00194	0.00207	0.00287	0.00479	0.28105	0.04419	0.18544	0.38995	0.00118	0.00180	0.03936	0.03404	0.00097
7	0.00345	0.01745	0.27166	0.04682	0.07133	0.34578	0.02666	0.06603	0.04398	0.03864	0.00235	0.01418	0.00185	0.01217	0.00128	0.00036	0.03277	0.00096	0.00067	0.00160
8	0.02142	0.10612	0.03373	0.00202	0.00829	0.02731	0.01933	0.03376	0.06271	0.05509	0.06089	0.38003	0.05789	0.01080	0.02976	0.00631	0.00999	0.07227	0.00100	0.00126
9	0.00161	0.00121	0.00149	0.00142	0.00173	0.00110	0.00106	0.00209	0.00313	0.00427	0.66226	0.00948	0.26080	0.02577	0.01698	0.00043	0.00063	0.00222	0.00123	0.00108
10	0.00147	0.00107	0.00139	0.00162	0.00174	0.00099	0.00111	0.00172	0.00239	0.00315	0.04850	0.78353	0.10747	0.00358	0.00151	0.00047	0.00069	0.03548	0.00111	0.00098
11	0.00153	0.00107	0.00144	0.01348	0.00183	0.00101	0.00114	0.00175	0.00229	0.01629	0.01497	0.89420	0.00762	0.01461	0.02015	0.00052	0.00076	0.00325	0.00109	0.00099
12	0.02371	0.19730	0.12871	0.00207	0.00318	0.00247	0.00196	0.01611	0.00249	0.00371	0.00202	0.00236	0.00167	0.00098	0.00095	0.00023	0.01903	0.00072	0.00064	0.58968
13	0.00254	0.00226	0.00362	0.65239	0.14921	0.01029	0.00312	0.03334	0.01273	0.03753	0.02606	0.00342	0.00204	0.00145	0.02397	0.00043	0.02432	0.00922	0.00063	0.00145
14	0.00168	0.00122	0.00148	0.00143	0.00173	0.00112	0.00106	0.00218	0.01443	0.01112	0.58115	0.04267	0.25271	0.02723	0.00150	0.00040	0.00060	0.00835	0.04685	0.00109
15	0.00224	0.00210	0.00353	0.86554	0.01760	0.00260	0.01431	0.00300	0.00238	0.00306	0.00237	0.02548	0.01160	0.00132	0.00128	0.00040	0.02544	0.01386	0.00056	0.00132
16	0.00297	0.47615	0.29286	0.02801	0.01115	0.01729	0.03387	0.04704	0.00262	0.02492	0.00206	0.00251	0.00170	0.01356	0.01263	0.00035	0.01795	0.01018	0.00058	0.00161
17	0.00312	0.71252	0.14411	0.00237	0.00345	0.03809	0.02492	0.00366	0.00248	0.02180	0.00182	0.00212	0.00157	0.00114	0.00840	0.00030	0.02530	0.00072	0.00053	0.00156
18	0.00147	0.00124	0.00135	0.00134	0.00172	0.00106	0.01728	0.00178	0.00267	0.00321	0.01112	0.05305	0.81773	0.03357	0.00157	0.00044	0.00067	0.04666	0.00108	0.00101
19	0.04131	0.02757	0.05780	0.14249	0.05850	0.01512	0.05284	0.08467	0.02432	0.17209	0.01809	0.02985	0.01649	0.01932	0.07037	0.00052	0.15725	0.00551	0.00433	0.00155
20	0.00265	0.05587	0.61957	0.02776	0.05670	0.05154	0.03921	0.01571	0.01512	0.03166	0.01875	0.00306	0.01516	0.02177	0.00677	0.00040	0.00700	0.00903	0.00060	0.00167

[dist]
# distance from previous block
# <min> <max>
1	17

[block]
# block no. 8 follows, 273 sequences, length 9
# corresponding to MSA columns:
# 1420-1428
name=unknown_I
#
# <colnr> <probs for GDERKNQSTAVLIFYWHMCP>
#	G	D	E	R	K	N	Q	S	T	A	V	L	I	F	Y	W	H	M	C	P
0	0.11862	0.00290	0.00427	0.05464	0.64686	0.06908	0.03439	0.00362	0.00263	0.00391	0.00221	0.02269	0.00189	0.00116	0.00120	0.00036	0.02619	0.00105	0.00062	0.00171
1	0.00273	0.00263	0.00425	0.32121	0.55939	0.02943	0.00340	0.00344	0.00259	0.00356	0.00221	0.00302	0.00179	0.00115	0.00126	0.00037	0.03146	0.00105	0.02342	0.00165
2	0.00155	0.00111	0.00142	0.00164	0.00176	0.00106	0.00112	0.00191	0.03829	0.00325	0.05099	0.80159	0.04708	0.00347	0.00147	0.00046	0.00069	0.00313	0.03699	0.00102
3	0.00397	0.00445	0.00345	0.00301	0.00353	0.53756	0.00235	0.15931	0.03356	0.00372	0.00204	0.00245	0.00169	0.00148	0.00178	0.00037	0.23218	0.00090	0.00071	0.00148
4	0.00189	0.01211	0.00187	0.01345	0.00196	0.00147	0.03079	0.02654	0.01117	0.00327	0.20935	0.01782	0.03998	0.39943	0.15764	0.00095	0.02881	0.00170	0.02726	0.01255
5	0.00296	0.00259	0.00397	0.00323	0.00360	0.01604	0.16667	0.01753	0.01520	0.11642	0.01528	0.00345	0.00217	0.00203	0.02892	0.00051	0.56107	0.03620	0.00070	0.00145
6	0.00173	0.00123	0.00155	0.00171	0.00188	0.00119	0.00119	0.01797	0.05993	0.02776	0.03073	0.68465	0.06816	0.04428	0.02626	0.00053	0.00081	0.02627	0.00110	0.00107
7	0.00176	0.00130	0.00185	0.00185	0.00205	0.00148	0.00141	0.00224	0.03164	0.00284	0.00339	0.00523	0.00324	0.11754	0.77088	0.00171	0.00278	0.02303	0.02274	0.00105
8	0.01306	0.01902	0.14951	0.04596	0.07654	0.05841	0.23684	0.05632	0.01181	0.04023	0.00350	0.01640	0.00321	0.01011	0.00138	0.00043	0.00153	0.24509	0.00913	0.00151

[dist]
# distance from previous block
# <min> <max>
0	9

[block]
# block no. 9 follows, 273 sequences, length 24
# corresponding to MSA columns:
# 1438-1450,1452-1454,1456-1458,1464,1475,1476,1485,1502
name=unknown_J
#
# <colnr> <probs for GDERKNQSTAVLIFYWHMCP>
#	G	D	E	R	K	N	Q	S	T	A	V	L	I	F	Y	W	H	M	C	P
0	0.00513	0.00220	0.00285	0.00219	0.00310	0.00203	0.00181	0.13510	0.02419	0.78553	0.00443	0.00390	0.00284	0.00147	0.00119	0.00037	0.00104	0.00118	0.01743	0.00201
1	0.00148	0.00107	0.00141	0.00164	0.00176	0.00100	0.00113	0.00174	0.00240	0.00318	0.06602	0.79414	0.06874	0.00358	0.00151	0.00047	0.00070	0.04592	0.00112	0.00099
2	0.00282	0.00274	0.02572	0.11689	0.71214	0.00273	0.03217	0.00353	0.00266	0.01695	0.00257	0.00332	0.02748	0.00118	0.00126	0.00037	0.02312	0.00999	0.01060	0.00176
3	0.00291	0.00280	0.00481	0.05416	0.88586	0.00282	0.02184	0.00363	0.00270	0.00385	0.00224	0.00296	0.00187	0.00107	0.00118	0.00036	0.00143	0.00107	0.00059	0.00185
4	0.04994	0.00233	0.00286	0.00222	0.00312	0.00224	0.00183	0.22355	0.01392	0.65547	0.00411	0.00369	0.00267	0.00145	0.00117	0.00036	0.00107	0.00114	0.02491	0.00197
5	0.00163	0.00119	0.00148	0.00165	0.00182	0.00114	0.00114	0.00210	0.06766	0.01273	0.07880	0.68138	0.08762	0.02641	0.00158	0.00047	0.00071	0.01125	0.01819	0.00105
6	0.00172	0.00122	0.00166	0.00166	0.00179	0.00134	0.00118	0.00195	0.00185	0.00258	0.00349	0.00589	0.01731	0.35934	0.55491	0.03675	0.00232	0.00145	0.00067	0.00092
7	0.00286	0.00274	0.00467	0.12838	0.83034	0.00281	0.00361	0.00358	0.00267	0.00378	0.00222	0.00298	0.00185	0.00108	0.00118	0.00036	0.00144	0.00106	0.00058	0.00181
8	0.00255	0.00214	0.00249	0.00179	0.00284	0.00163	0.00143	0.01466	0.01523	0.02140	0.00221	0.00253	0.00181	0.00091	0.00090	0.00019	0.00089	0.00073	0.00073	0.92293
9	0.22176	0.03579	0.01022	0.01114	0.02126	0.00226	0.02941	0.06496	0.00764	0.55441	0.01445	0.00339	0.00247	0.00135	0.00108	0.00036	0.00106	0.00105	0.00118	0.01477
10	0.03405	0.03115	0.01379	0.00210	0.00302	0.00188	0.00176	0.01345	0.00333	0.85778	0.00445	0.00390	0.00283	0.00144	0.00116	0.00036	0.00102	0.00116	0.01938	0.00197
11	0.00178	0.00113	0.00135	0.00136	0.00137	0.00113	0.00080	0.00171	0.00172	0.00229	0.00352	0.02925	0.00400	0.75677	0.02040	0.16723	0.00115	0.00164	0.00069	0.00070
12	0.00269	0.00208	0.00211	0.00207	0.00223	0.08026	0.00134	0.00264	0.00243	0.00322	0.00428	0.00787	0.00458	0.67908	0.15307	0.00129	0.00179	0.03001	0.01576	0.00123
13	0.00290	0.00286	0.02629	0.05773	0.85391	0.00281	0.01302	0.01112	0.00271	0.00387	0.00227	0.00304	0.00190	0.00109	0.00118	0.00036	0.00143	0.00904	0.00059	0.00184
14	0.92291	0.00231	0.00181	0.00160	0.00235	0.00266	0.00132	0.02070	0.00213	0.03115	0.00176	0.00201	0.00135	0.00112	0.00076	0.00037	0.00093	0.00067	0.00077	0.00132
15	0.00152	0.00118	0.00127	0.00129	0.00156	0.00105	0.00090	0.00175	0.00246	0.00305	0.05780	0.07223	0.57505	0.25691	0.00266	0.00061	0.00076	0.01600	0.00101	0.00093
16	0.00147	0.00107	0.00138	0.00160	0.00172	0.00099	0.00109	0.00171	0.00240	0.00317	0.06826	0.76888	0.11227	0.01300	0.00155	0.00048	0.00068	0.01617	0.00111	0.00098
17	0.00156	0.00112	0.00133	0.00145	0.00155	0.00106	0.00093	0.00171	0.00215	0.00280	0.01620	0.40123	0.16130	0.38366	0.00331	0.00074	0.00087	0.01520	0.00095	0.00088
18	0.00252	0.00222	0.02678	0.00181	0.00289	0.00162	0.00149	0.00307	0.00249	0.02268	0.00217	0.00250	0.00178	0.00090	0.00089	0.00019	0.00091	0.00072	0.00072	0.92165
19	0.00146	0.00105	0.00138	0.00165	0.00174	0.00098	0.00111	0.00167	0.00231	0.00306	0.00679	0.90089	0.04761	0.00369	0.00152	0.00048	0.00069	0.01985	0.00111	0.00097
20	0.00245	0.00126	0.00141	0.00133	0.00168	0.00122	0.00101	0.01211	0.01190	0.10764	0.14013	0.04036	0.04112	0.01092	0.00106	0.00032	0.00063	0.00142	0.62081	0.00122
21	0.05441	0.01868	0.52224	0.00339	0.04633	0.00895	0.11741	0.03462	0.04134	0.10156	0.00273	0.01591	0.00795	0.00126	0.00117	0.00038	0.00157	0.01768	0.00071	0.00173
22	0.03221	0.08375	0.02487	0.00261	0.00356	0.01701	0.01001	0.68685	0.03346	0.06481	0.00287	0.00746	0.00208	0.00138	0.00114	0.00035	0.00128	0.00104	0.00568	0.01758
23	0.73154	0.01346	0.04425	0.09603	0.01010	0.00733	0.01050	0.02565	0.00222	0.01189	0.00196	0.00230	0.01461	0.00115	0.00084	0.00037	0.00105	0.00075	0.01006	0.01395

[dist]
# distance from previous block
# <min> <max>
0	1

[block]
# block no. 10 follows, 273 sequences, length 32
# corresponding to MSA columns:
# 1504-1535
name=unknown_K
#
# <colnr> <probs for GDERKNQSTAVLIFYWHMCP>
#	G	D	E	R	K	N	Q	S	T	A	V	L	I	F	Y	W	H	M	C	P
0	0.04500	0.17202	0.02340	0.00839	0.00320	0.06564	0.01161	0.02386	0.60547	0.00445	0.00386	0.00381	0.00728	0.00147	0.00111	0.00037	0.00112	0.01521	0.00100	0.00174
1	0.00224	0.00114	0.00118	0.00118	0.00146	0.00114	0.00088	0.00281	0.01394	0.02303	0.01551	0.05284	0.00340	0.00152	0.00089	0.00029	0.00058	0.00124	0.87359	0.00113
2	0.00321	0.00282	0.00288	0.00252	0.00323	0.05428	0.01359	0.10915	0.78274	0.00513	0.00444	0.00413	0.00332	0.00157	0.00120	0.00039	0.00106	0.00129	0.00117	0.00187
3	0.00151	0.00109	0.00148	0.00170	0.00180	0.00102	0.01198	0.00175	0.00236	0.00317	0.06779	0.82759	0.00791	0.02321	0.00161	0.00049	0.00072	0.04072	0.00110	0.00098
4	0.00242	0.00225	0.00371	0.82061	0.10408	0.00268	0.00331	0.00315	0.00251	0.00326	0.00249	0.02907	0.01263	0.00135	0.00126	0.00042	0.00158	0.00118	0.00060	0.00144
5	0.00240	0.00607	0.92354	0.00344	0.00519	0.00277	0.03275	0.00377	0.00252	0.00377	0.00215	0.00254	0.00152	0.00113	0.00114	0.00038	0.00177	0.00090	0.00051	0.00176
6	0.00531	0.00207	0.00279	0.00214	0.00306	0.00182	0.00177	0.03899	0.00349	0.91825	0.00463	0.00401	0.00292	0.00147	0.00120	0.00037	0.00102	0.00119	0.00146	0.00203
7	0.00236	0.00646	0.00231	0.01015	0.01304	0.01593	0.02796	0.03965	0.12407	0.07015	0.24344	0.08238	0.21161	0.00762	0.00171	0.00041	0.12841	0.00189	0.00908	0.00133
8	0.00143	0.00120	0.00124	0.00124	0.00162	0.00101	0.00092	0.00175	0.00276	0.00334	0.08632	0.02469	0.86245	0.00298	0.00141	0.00040	0.00060	0.00250	0.00112	0.00101
9	0.00153	0.00119	0.00135	0.00135	0.00165	0.00105	0.00098	0.00188	0.00280	0.00362	0.30129	0.08654	0.50121	0.07883	0.00179	0.00046	0.00065	0.00966	0.00114	0.00102
10	0.49899	0.00257	0.00248	0.00202	0.00284	0.00284	0.00931	0.30133	0.01204	0.12023	0.00251	0.00260	0.00180	0.00127	0.00095	0.00036	0.00105	0.00087	0.03233	0.00161
11	0.05382	0.00317	0.00340	0.00263	0.00356	0.00349	0.00217	0.81012	0.02990	0.07129	0.00297	0.00293	0.00209	0.00142	0.00117	0.00036	0.00126	0.00107	0.00119	0.00198
12	0.00169	0.00122	0.00146	0.00140	0.00174	0.00109	0.00105	0.00214	0.00306	0.03026	0.51323	0.05097	0.35613	0.00265	0.00139	0.00039	0.00059	0.00229	0.02615	0.00110
13	0.00148	0.00111	0.00138	0.00156	0.00174	0.00101	0.00110	0.00175	0.00249	0.00323	0.07201	0.59934	0.25304	0.00343	0.00149	0.00046	0.00068	0.05060	0.00112	0.00099
14	0.04130	0.00286	0.02715	0.04233	0.04944	0.02491	0.11932	0.18006	0.19961	0.21366	0.05657	0.02377	0.00991	0.00164	0.00132	0.00042	0.00131	0.00136	0.00116	0.00190
15	0.00271	0.00268	0.02362	0.29989	0.59017	0.00279	0.03433	0.00346	0.00259	0.00360	0.00219	0.00301	0.00178	0.00112	0.00125	0.00037	0.02111	0.00107	0.00057	0.00169
16	0.01043	0.00194	0.00201	0.00194	0.02626	0.09131	0.00144	0.02639	0.12148	0.02098	0.39635	0.01558	0.04182	0.00592	0.00132	0.00037	0.02654	0.03528	0.17133	0.00130
17	0.00434	0.00326	0.00357	0.00283	0.02157	0.00365	0.00229	0.84714	0.04073	0.00711	0.00286	0.00291	0.00206	0.00146	0.00133	0.00037	0.04831	0.00108	0.00115	0.00198
18	0.00146	0.00120	0.00129	0.00130	0.00167	0.00103	0.00098	0.00180	0.00277	0.00342	0.13367	0.07039	0.73817	0.00299	0.00142	0.00041	0.00062	0.03324	0.00113	0.00102
19	0.00253	0.00222	0.00250	0.00181	0.00285	0.02647	0.00144	0.00310	0.01767	0.00387	0.00215	0.00249	0.00179	0.00090	0.00089	0.00018	0.00092	0.00072	0.00071	0.92479
20	0.00198	0.00145	0.00189	0.03714	0.00232	0.00138	0.00141	0.03776	0.00320	0.02279	0.58884	0.01861	0.03035	0.00241	0.00831	0.00040	0.00630	0.14890	0.00118	0.08338
21	0.02368	0.00120	0.00152	0.00172	0.00187	0.00770	0.00120	0.01456	0.00994	0.03844	0.02625	0.79950	0.01981	0.00347	0.00148	0.00047	0.00074	0.04430	0.00111	0.00105
22	0.00256	0.00253	0.00357	0.00304	0.00311	0.00345	0.01647	0.00285	0.00187	0.00292	0.00168	0.00271	0.00164	0.00234	0.04853	0.00057	0.85747	0.00104	0.00054	0.04111
23	0.00453	0.00311	0.00340	0.00263	0.00355	0.00338	0.00216	0.77737	0.04404	0.12426	0.00318	0.00310	0.00222	0.00144	0.00119	0.00036	0.00125	0.00110	0.01573	0.00201
24	0.05086	0.00245	0.00291	0.00227	0.00315	0.00246	0.00188	0.34590	0.00407	0.49086	0.00390	0.00384	0.00267	0.00150	0.00117	0.00037	0.00110	0.03188	0.04486	0.00192
25	0.00455	0.00188	0.00254	0.00201	0.00280	0.00167	0.00164	0.01582	0.01692	0.73446	0.17828	0.01160	0.00450	0.00176	0.01358	0.00039	0.00096	0.00139	0.00142	0.00184
26	0.02865	0.00202	0.00267	0.00208	0.00296	0.00181	0.00171	0.00563	0.05060	0.83995	0.01721	0.00410	0.00306	0.00148	0.00118	0.00037	0.00099	0.00120	0.03038	0.00196
27	0.00155	0.00114	0.00148	0.00170	0.00187	0.00106	0.00125	0.00185	0.00247	0.00324	0.04265	0.59915	0.13464	0.00349	0.00153	0.00048	0.00076	0.19758	0.00111	0.00100
28	0.00189	0.00135	0.00187	0.00218	0.06652	0.00132	0.00539	0.02149	0.00877	0.04409	0.03226	0.60010	0.03676	0.00829	0.03634	0.00052	0.01639	0.11226	0.00106	0.00113
29	0.06416	0.00249	0.00403	0.27055	0.52251	0.00679	0.01069	0.00339	0.01718	0.00367	0.00235	0.02968	0.00199	0.00149	0.03403	0.00711	0.01455	0.00111	0.00061	0.00162
30	0.00147	0.00110	0.00135	0.00154	0.00172	0.00100	0.00108	0.00173	0.00244	0.00315	0.01868	0.62413	0.27810	0.00347	0.00148	0.00046	0.00068	0.04386	0.01156	0.00099
31	0.00439	0.00198	0.00247	0.00198	0.00274	0.00187	0.00160	0.09394	0.06736	0.58397	0.02056	0.00413	0.00307	0.00148	0.00113	0.00035	0.00093	0.00119	0.20306	0.00181

[dist]
# distance from previous block
# <min> <max>
2	15

[block]
# block no. 11 follows, 273 sequences, length 29
# corresponding to MSA columns:
# 1562-1566,1568-1573,1577-1594
name=unknown_L
#
# <colnr> <probs for GDERKNQSTAVLIFYWHMCP>
#	G	D	E	R	K	N	Q	S	T	A	V	L	I	F	Y	W	H	M	C	P
0	0.00919	0.19151	0.48433	0.01745	0.00771	0.07035	0.03257	0.00727	0.00256	0.00961	0.01116	0.00251	0.00168	0.00859	0.00113	0.00033	0.01961	0.00085	0.00056	0.12103
1	0.08715	0.00160	0.01049	0.00197	0.01113	0.00916	0.00154	0.05456	0.00222	0.04202	0.00310	0.00433	0.00278	0.03173	0.70146	0.00152	0.00263	0.00120	0.02821	0.00118
2	0.12165	0.00316	0.00286	0.00241	0.00793	0.18739	0.01101	0.31065	0.12587	0.07891	0.03003	0.00325	0.00249	0.00146	0.00884	0.00036	0.00128	0.00105	0.09774	0.00166
3	0.79929	0.00243	0.00196	0.00170	0.00247	0.03004	0.00139	0.04843	0.00231	0.03709	0.00185	0.00209	0.00142	0.00112	0.00079	0.00035	0.00098	0.00069	0.00078	0.06282
4	0.06629	0.00221	0.00268	0.00212	0.00299	0.00211	0.00172	0.07977	0.14463	0.54982	0.02949	0.00392	0.01139	0.00145	0.00115	0.00035	0.00099	0.00116	0.00128	0.09448
5	0.00363	0.00378	0.00915	0.02735	0.00341	0.39272	0.00206	0.07641	0.36253	0.02632	0.02673	0.01922	0.01819	0.00150	0.00116	0.00036	0.00146	0.00114	0.02128	0.00161
6	0.00433	0.00368	0.00333	0.00268	0.00351	0.22101	0.00216	0.64232	0.00482	0.02446	0.00301	0.00307	0.03316	0.00143	0.00116	0.00034	0.00144	0.00105	0.04122	0.00181
7	0.00155	0.00122	0.00144	0.00148	0.00178	0.00114	0.00111	0.00192	0.01013	0.00329	0.10926	0.09886	0.49171	0.04717	0.15266	0.00069	0.00108	0.07142	0.00104	0.00102
8	0.00170	0.00115	0.00133	0.00136	0.00139	0.00114	0.00080	0.00175	0.00187	0.00248	0.01763	0.09582	0.03514	0.79871	0.00530	0.00104	0.00108	0.02876	0.00079	0.00077
9	0.00147	0.00115	0.00133	0.00146	0.00172	0.00102	0.00106	0.00175	0.00256	0.00320	0.02802	0.38650	0.49331	0.00331	0.00147	0.00044	0.00067	0.06745	0.00111	0.00100
