[name]
unknown

[dist]
# distance from previous block
# <min> <max>
3	482

[block]
# block no. 0 follows, 214 sequences, length 26
# corresponding to MSA columns:
# 3155-3161,3164-3182
name=unknown_A
#
# <colnr> <probs for GDERKNQSTAVLIFYWHMCP>
#	G	D	E	R	K	N	Q	S	T	A	V	L	I	F	Y	W	H	M	C	P
0	0.01495	0.00151	0.00208	0.00223	0.00243	0.00154	0.01459	0.02320	0.00285	0.00394	0.02454	0.59802	0.00774	0.02198	0.25922	0.00110	0.00177	0.00327	0.01176	0.00129
1	0.42725	0.04591	0.04973	0.01001	0.02616	0.01242	0.01526	0.13940	0.04984	0.08018	0.00809	0.05025	0.00271	0.01694	0.00131	0.00047	0.00134	0.00124	0.01231	0.04919
2	0.00258	0.02455	0.04364	0.03286	0.04671	0.01718	0.01661	0.04127	0.04008	0.02545	0.36037	0.02584	0.26368	0.01664	0.01643	0.00053	0.00110	0.02156	0.00136	0.00158
3	0.00387	0.20192	0.07007	0.01567	0.01846	0.05273	0.02738	0.15042	0.01832	0.01487	0.00275	0.00311	0.00221	0.00134	0.00124	0.00033	0.00951	0.00102	0.00091	0.40387
4	0.00198	0.00155	0.00177	0.00173	0.00210	0.00140	0.01463	0.00235	0.01335	0.00401	0.11606	0.02969	0.53463	0.19921	0.02560	0.02372	0.00103	0.02270	0.00127	0.00121
5	0.03544	0.02842	0.09071	0.04325	0.01730	0.05055	0.03635	0.11795	0.03689	0.06278	0.00301	0.00378	0.01141	0.01248	0.04093	0.00837	0.36235	0.00132	0.01049	0.02622
6	0.01240	0.05565	0.16389	0.10838	0.09437	0.03278	0.10273	0.10654	0.01930	0.06274	0.10602	0.02366	0.01130	0.00761	0.03705	0.00055	0.02866	0.01649	0.00791	0.00197
7	0.00192	0.00140	0.00182	0.00212	0.00229	0.00132	0.00150	0.00230	0.01541	0.00400	0.03276	0.71375	0.09047	0.00445	0.00190	0.00060	0.00092	0.11843	0.00139	0.00126
8	0.00248	0.00209	0.00320	0.12955	0.17397	0.00212	0.02480	0.00313	0.01021	0.00432	0.06266	0.25073	0.11250	0.01246	0.01067	0.00058	0.00134	0.19048	0.00116	0.00156
9	0.00994	0.32890	0.36077	0.01604	0.04037	0.02913	0.06819	0.03330	0.00334	0.05656	0.00795	0.01086	0.00226	0.00151	0.00540	0.00043	0.01325	0.00897	0.00076	0.00207
10	0.01805	0.09077	0.26166	0.03340	0.05029	0.02077	0.32619	0.05237	0.02705	0.05321	0.00323	0.02180	0.00253	0.00154	0.00156	0.00047	0.01128	0.02092	0.00085	0.00208
11	0.00800	0.00236	0.05732	0.00237	0.00310	0.01487	0.00197	0.02163	0.01241	0.31671	0.21783	0.15063	0.13143	0.00291	0.01037	0.00051	0.01358	0.02028	0.00990	0.00182
12	0.02223	0.08535	0.25837	0.05947	0.05844	0.03661	0.04036	0.05863	0.04528	0.21567	0.02347	0.01526	0.00681	0.00511	0.02894	0.00052	0.03138	0.00491	0.00106	0.00214
13	0.01171	0.04611	0.21349	0.11043	0.14115	0.03183	0.09642	0.05937	0.03549	0.09301	0.04518	0.05121	0.02708	0.00183	0.00156	0.00048	0.01390	0.01674	0.00098	0.00204
14	0.01415	0.04604	0.45806	0.09161	0.07517	0.01423	0.02694	0.03341	0.02368	0.02608	0.02711	0.05077	0.05091	0.00185	0.00148	0.00048	0.00183	0.03094	0.00988	0.01538
15	0.01345	0.03820	0.04048	0.22755	0.10357	0.03940	0.08328	0.04949	0.08270	0.08095	0.01940	0.06485	0.07883	0.01685	0.01254	0.00052	0.02139	0.00902	0.00455	0.01297
16	0.01147	0.05373	0.08297	0.14043	0.10584	0.04599	0.04927	0.05404	0.04668	0.12790	0.03162	0.07828	0.04343	0.00882	0.02395	0.00054	0.09038	0.00168	0.00104	0.00193
17	0.01241	0.05230	0.14227	0.14358	0.05746	0.04173	0.16648	0.06906	0.04625	0.07496	0.02081	0.06094	0.02168	0.00186	0.00161	0.00048	0.02344	0.03006	0.01884	0.01378
18	0.00378	0.05364	0.09464	0.13829	0.20272	0.04757	0.12069	0.04933	0.03329	0.09789	0.02323	0.03880	0.00927	0.02481	0.00840	0.00050	0.01237	0.00150	0.00451	0.03478
19	0.01118	0.03035	0.05880	0.04116	0.06955	0.01425	0.02813	0.05174	0.04781	0.15690	0.12673	0.17531	0.08537	0.00265	0.00176	0.01320	0.02904	0.02106	0.00697	0.02802
20	0.00352	0.03135	0.09950	0.06646	0.02755	0.01926	0.06270	0.09190	0.03835	0.14080	0.08042	0.16426	0.06775	0.02249	0.01322	0.00054	0.00911	0.04223	0.00124	0.01737
21	0.02781	0.01750	0.25224	0.07903	0.08562	0.04501	0.07891	0.09123	0.04432	0.10664	0.00725	0.07237	0.02840	0.00195	0.01285	0.00050	0.01461	0.00156	0.01150	0.02070
22	0.00713	0.03969	0.30190	0.08456	0.08801	0.00786	0.06561	0.05527	0.03147	0.10551	0.02139	0.04733	0.03496	0.00957	0.00987	0.00050	0.02386	0.02025	0.00097	0.04428
23	0.02134	0.09090	0.09877	0.02774	0.03585	0.02054	0.03298	0.25619	0.04716	0.18063	0.02519	0.03424	0.03101	0.01175	0.00157	0.00046	0.01806	0.01586	0.01830	0.03145
24	0.02433	0.08923	0.12054	0.04423	0.05146	0.04035	0.16001	0.07460	0.05017	0.12383	0.06290	0.05115	0.04453	0.00191	0.00161	0.00047	0.03047	0.00995	0.00108	0.01716
25	0.01259	0.04967	0.14942	0.16294	0.03346	0.04229	0.08946	0.03537	0.03768	0.12704	0.05610	0.05058	0.03254	0.00195	0.00163	0.00429	0.02972	0.03067	0.01225	0.04036

[dist]
# distance from previous block
# <min> <max>
5	63

[block]
# block no. 1 follows, 214 sequences, length 20
# corresponding to MSA columns:
# 3277-3296
name=unknown_B
#
# <colnr> <probs for GDERKNQSTAVLIFYWHMCP>
#	G	D	E	R	K	N	Q	S	T	A	V	L	I	F	Y	W	H	M	C	P
0	0.02985	0.15169	0.18348	0.07695	0.13780	0.04164	0.03124	0.11290	0.04697	0.05042	0.02751	0.01675	0.01417	0.00163	0.00147	0.00044	0.02486	0.00671	0.00093	0.04262
1	0.14059	0.06932	0.09523	0.03610	0.10448	0.05105	0.02697	0.14749	0.05205	0.09478	0.04996	0.01823	0.00319	0.01338	0.00147	0.00045	0.01093	0.00890	0.00645	0.06899
2	0.08432	0.06169	0.02825	0.08658	0.09147	0.03800	0.06612	0.18818	0.05634	0.11379	0.03737	0.01526	0.02820	0.00187	0.01049	0.00048	0.03850	0.01130	0.00760	0.03418
3	0.04242	0.04480	0.10392	0.13724	0.11139	0.05972	0.11894	0.12000	0.06339	0.04876	0.02874	0.03807	0.00315	0.00175	0.00154	0.00047	0.01798	0.02184	0.02741	0.00846
4	0.05902	0.04660	0.06979	0.02885	0.05084	0.10007	0.03005	0.21487	0.16329	0.01443	0.02056	0.00999	0.00285	0.00192	0.00789	0.00050	0.16240	0.00134	0.00749	0.00727
5	0.02803	0.08904	0.02883	0.14138	0.08570	0.03387	0.07487	0.06349	0.04795	0.04032	0.03432	0.14104	0.01247	0.00817	0.00701	0.00049	0.01901	0.04109	0.07686	0.02605
6	0.00202	0.00145	0.00191	0.00221	0.00237	0.00139	0.00158	0.02794	0.00308	0.00410	0.02422	0.76182	0.00954	0.00448	0.00191	0.00061	0.00096	0.14575	0.00139	0.00128
7	0.00256	0.00130	0.00193	0.00194	0.00194	0.00130	0.00129	0.00195	0.00197	0.00263	0.00278	0.02834	0.00284	0.02772	0.00577	0.90973	0.00129	0.00139	0.00067	0.00067
8	0.00266	0.00199	0.00240	0.00222	0.00271	0.00203	0.00170	0.02896	0.21549	0.02651	0.63134	0.04161	0.01113	0.00283	0.00170	0.00049	0.00087	0.02008	0.00160	0.00167
9	0.00372	0.50375	0.35417	0.00327	0.00484	0.05013	0.00366	0.03777	0.00329	0.00422	0.01769	0.00287	0.00213	0.00139	0.00118	0.00039	0.00186	0.00097	0.00069	0.00203
10	0.00344	0.00350	0.05758	0.17853	0.62713	0.00339	0.02464	0.00439	0.01035	0.01616	0.00306	0.04103	0.00260	0.00152	0.00152	0.00046	0.00903	0.00144	0.00806	0.00216
11	0.00217	0.00159	0.00221	0.00219	0.00237	0.00180	0.00160	0.00253	0.00232	0.00329	0.00416	0.00700	0.00421	0.30097	0.63036	0.00206	0.02535	0.00177	0.00083	0.00121
12	0.00431	0.00295	0.00417	0.40437	0.06299	0.00327	0.00328	0.15186	0.09753	0.22431	0.00399	0.00448	0.00285	0.00170	0.00150	0.00048	0.00165	0.01246	0.00974	0.00211
13	0.00391	0.00266	0.00320	0.00233	0.00361	0.00209	0.00188	0.02423	0.00342	0.20207	0.00335	0.00352	0.00253	0.00128	0.00120	0.00028	0.00115	0.00102	0.00110	0.73519
14	0.01067	0.00304	0.01314	0.50173	0.20750	0.01225	0.07719	0.02026	0.04386	0.02525	0.00317	0.01196	0.01021	0.00157	0.00158	0.00049	0.02374	0.00991	0.02058	0.00189
15	0.00367	0.01520	0.01850	0.23252	0.16747	0.06541	0.03854	0.10408	0.05845	0.01802	0.00310	0.01747	0.01085	0.00204	0.02191	0.00055	0.20979	0.00139	0.00912	0.00193
16	0.00215	0.00153	0.00203	0.00203	0.00217	0.00167	0.00141	0.00243	0.00229	0.00319	0.00433	0.00769	0.00452	0.45181	0.50215	0.00195	0.00279	0.00187	0.00085	0.00113
17	0.00326	0.00260	0.00293	0.02569	0.01095	0.00286	0.00215	0.01835	0.51951	0.04418	0.02532	0.09419	0.10912	0.01095	0.00172	0.00053	0.01554	0.07969	0.02232	0.00814
18	0.00352	0.45265	0.44359	0.00347	0.00516	0.00466	0.02435	0.01812	0.00314	0.00419	0.00239	0.00282	0.00192	0.00138	0.00129	0.00040	0.02326	0.00098	0.00065	0.00205
19	0.00182	0.00130	0.00173	0.00208	0.00216	0.00121	0.00138	0.00208	0.00285	0.00381	0.00822	0.94662	0.00986	0.00467	0.00190	0.00061	0.00087	0.00424	0.00138	0.00121

[dist]
# distance from previous block
# <min> <max>
0	4

[block]
# block no. 2 follows, 214 sequences, length 22
# corresponding to MSA columns:
# 3301-3322
name=unknown_C
#
# <colnr> <probs for GDERKNQSTAVLIFYWHMCP>
#	G	D	E	R	K	N	Q	S	T	A	V	L	I	F	Y	W	H	M	C	P
0	0.09990	0.00287	0.01561	0.34459	0.05193	0.01691	0.04956	0.11318	0.03535	0.04874	0.01305	0.04551	0.00312	0.10456	0.04314	0.00067	0.00702	0.00155	0.00095	0.00176
1	0.01264	0.00242	0.00267	0.00248	0.00312	0.00261	0.00192	0.02436	0.45577	0.02341	0.21383	0.05001	0.15180	0.00272	0.00164	0.00051	0.00101	0.04369	0.00151	0.00188
2	0.00502	0.00600	0.00429	0.00383	0.00441	0.67786	0.00296	0.00539	0.00373	0.03001	0.00232	0.00290	0.00198	0.00182	0.00225	0.00045	0.24122	0.00106	0.00077	0.00173
3	0.00286	0.00270	0.00453	0.88887	0.04172	0.00335	0.00413	0.00383	0.00298	0.00384	0.00264	0.00395	0.00200	0.00151	0.00157	0.00050	0.02535	0.00132	0.00066	0.00168
4	0.03295	0.11551	0.21190	0.02210	0.00988	0.05211	0.05154	0.14121	0.11170	0.04830	0.00389	0.02468	0.01360	0.00171	0.00135	0.00044	0.00161	0.00743	0.14605	0.00203
5	0.00221	0.00156	0.00200	0.00202	0.00233	0.00148	0.00146	0.00293	0.05486	0.03306	0.47930	0.35336	0.05059	0.00358	0.00179	0.00052	0.00081	0.00319	0.00154	0.00142
6	0.00189	0.00136	0.00182	0.00215	0.00227	0.00128	0.00150	0.00222	0.00295	0.00394	0.03922	0.79796	0.00973	0.00471	0.02405	0.00065	0.00099	0.09870	0.00138	0.00124
7	0.03498	0.00318	0.03384	0.27137	0.20259	0.02544	0.02115	0.06623	0.03581	0.05979	0.00348	0.04285	0.01217	0.02409	0.02226	0.00578	0.11312	0.01906	0.00090	0.00190
8	0.00259	0.00130	0.00194	0.00194	0.00194	0.00130	0.00130	0.00194	0.00194	0.00259	0.00259	0.00453	0.00259	0.00518	0.00583	0.95662	0.00130	0.00130	0.00065	0.00065
9	0.00190	0.00138	0.00180	0.00203	0.00221	0.00128	0.00142	0.00227	0.00316	0.00425	0.18065	0.65112	0.07168	0.01651	0.00195	0.00059	0.00086	0.05226	0.00142	0.00125
10	0.00377	0.00374	0.00601	0.02559	0.84090	0.05613	0.03277	0.00465	0.00344	0.00478	0.00278	0.00365	0.00233	0.00134	0.00148	0.00044	0.00185	0.00132	0.00074	0.00230
11	0.07613	0.02103	0.11240	0.09382	0.02690	0.01837	0.10139	0.06429	0.02879	0.03369	0.00501	0.35243	0.00514	0.00272	0.00171	0.00053	0.02965	0.01125	0.01304	0.00171
12	0.00259	0.00130	0.00194	0.00194	0.00194	0.00130	0.00130	0.00194	0.00194	0.00259	0.00259	0.00453	0.00259	0.00518	0.00583	0.95662	0.00130	0.00130	0.00065	0.00065
13	0.00396	0.83952	0.03460	0.03017	0.00422	0.00566	0.02772	0.03277	0.00317	0.00377	0.00218	0.00254	0.00194	0.00130	0.00102	0.00034	0.00165	0.00086	0.00067	0.00194
14	0.03484	0.00755	0.03235	0.04793	0.09339	0.00282	0.06580	0.04326	0.11173	0.02261	0.01934	0.02808	0.00881	0.11004	0.11645	0.00459	0.07067	0.00943	0.00097	0.16932
15	0.01105	0.00163	0.00185	0.00178	0.00221	0.00157	0.00134	0.01499	0.05204	0.03775	0.26665	0.07432	0.17804	0.01593	0.01582	0.00049	0.00085	0.00839	0.31185	0.00146
16	0.00216	0.00157	0.00202	0.00190	0.00226	0.00147	0.00143	0.00296	0.03134	0.00595	0.88254	0.01093	0.02669	0.00301	0.00174	0.00047	0.00072	0.00265	0.01675	0.00143
17	0.00217	0.00145	0.00166	0.00166	0.00168	0.00147	0.00095	0.00219	0.00218	0.00292	0.00466	0.00957	0.00534	0.90220	0.05288	0.00149	0.00157	0.00214	0.00090	0.00092
18	0.50947	0.03634	0.00314	0.00273	0.06205	0.06101	0.01032	0.01806	0.00292	0.00573	0.00237	0.01305	0.00196	0.00139	0.00117	0.00040	0.02913	0.00094	0.00089	0.23694
19	0.14084	0.03972	0.02734	0.25751	0.31331	0.04883	0.02236	0.01615	0.05270	0.01574	0.00279	0.00359	0.00223	0.00155	0.00663	0.00048	0.04422	0.00124	0.00080	0.00197
20	0.01454	0.11962	0.23339	0.03411	0.18941	0.02041	0.02605	0.14689	0.03142	0.04943	0.01017	0.01518	0.02349	0.00873	0.00147	0.00044	0.00984	0.00659	0.00093	0.05790
21	0.02214	0.02011	0.04483	0.14582	0.14204	0.08246	0.01411	0.08207	0.02629	0.08766	0.07397	0.08315	0.02078	0.02052	0.02492	0.00450	0.00163	0.01153	0.00106	0.09042

[dist]
# distance from previous block
# <min> <max>
3	98

[block]
# block no. 3 follows, 214 sequences, length 61
# corresponding to MSA columns:
# 3701-3706,3772-3788,3795-3805,3807-3816,3869-3873,3893-3904
name=unknown_D
#
# <colnr> <probs for GDERKNQSTAVLIFYWHMCP>
#	G	D	E	R	K	N	Q	S	T	A	V	L	I	F	Y	W	H	M	C	P
0	0.01829	0.11474	0.15802	0.00601	0.00392	0.03224	0.03417	0.06138	0.02349	0.01045	0.00363	0.08726	0.01165	0.03518	0.18534	0.04392	0.12849	0.01191	0.00086	0.02904
1	0.20019	0.04635	0.15717	0.05403	0.19229	0.11492	0.03840	0.00463	0.01359	0.03595	0.00280	0.03214	0.00232	0.00818	0.00159	0.00046	0.06154	0.00122	0.00082	0.03139
2	0.00299	0.01593	0.00459	0.70861	0.09709	0.00330	0.02607	0.01495	0.02895	0.00917	0.00698	0.01506	0.00232	0.00172	0.01958	0.00052	0.00737	0.00138	0.01206	0.02139
3	0.00734	0.00281	0.02882	0.00948	0.01021	0.00214	0.01767	0.01315	0.02174	0.01157	0.01570	0.00965	0.01350	0.00124	0.00119	0.00026	0.00770	0.00101	0.00092	0.82391
4	0.01644	0.05476	0.07137	0.11019	0.22069	0.01040	0.11737	0.02216	0.01830	0.02051	0.02333	0.04899	0.00798	0.04487	0.01590	0.00057	0.16756	0.00601	0.00082	0.02178
5	0.00302	0.00346	0.12955	0.23095	0.09098	0.00608	0.19397	0.01773	0.00310	0.02111	0.00362	0.02767	0.02875	0.06791	0.10833	0.00078	0.04226	0.00830	0.01066	0.00178
6	0.00359	0.00350	0.01868	0.08755	0.82855	0.00350	0.00450	0.00453	0.01264	0.00479	0.00288	0.00865	0.00242	0.00138	0.00148	0.00045	0.00178	0.00611	0.00074	0.00229
7	0.00203	0.00154	0.00179	0.00175	0.00217	0.00136	0.00131	0.00257	0.00993	0.02254	0.40624	0.07065	0.45124	0.00348	0.00177	0.00050	0.00076	0.01553	0.00150	0.00135
8	0.00341	0.00174	0.00231	0.00223	0.00271	0.00157	0.00165	0.00385	0.01021	0.30257	0.07513	0.49759	0.06605	0.00357	0.00175	0.00054	0.00099	0.01889	0.00155	0.00166
9	0.00188	0.00135	0.00180	0.00214	0.00226	0.00127	0.00149	0.00219	0.00293	0.00389	0.01476	0.83516	0.01589	0.00460	0.00192	0.00061	0.00092	0.10233	0.00138	0.00123
10	0.00182	0.00133	0.00172	0.00202	0.00215	0.00123	0.00137	0.00210	0.00292	0.00385	0.01696	0.82330	0.10339	0.01484	0.00195	0.00060	0.00086	0.01499	0.00138	0.00122
11	0.01471	0.00288	0.00302	0.00259	0.00335	0.02532	0.00204	0.24719	0.27733	0.05904	0.00477	0.00495	0.00361	0.01722	0.01254	0.01400	0.01089	0.00147	0.29106	0.00203
12	0.95813	0.00288	0.00219	0.00196	0.00288	0.00334	0.00161	0.00438	0.00254	0.00669	0.00208	0.00242	0.00161	0.00138	0.00092	0.00046	0.00115	0.00081	0.00092	0.00161
13	0.02989	0.00274	0.00316	0.00229	0.00359	0.00218	0.00184	0.05695	0.00335	0.04491	0.00282	0.00319	0.00227	0.00118	0.00114	0.00025	0.00114	0.00093	0.00096	0.83521
14	0.00316	0.00265	0.00310	0.00222	0.00354	0.00199	0.00177	0.00382	0.00311	0.02215	0.00271	0.00313	0.00224	0.00112	0.00111	0.00023	0.00111	0.00089	0.00090	0.93906
15	0.95813	0.00288	0.00219	0.00196	0.00288	0.00334	0.00161	0.00438	0.00254	0.00669	0.00208	0.00242	0.00161	0.00138	0.00092	0.00046	0.00115	0.00081	0.00092	0.00161
16	0.00207	0.00141	0.00185	0.00210	0.00225	0.00135	0.00143	0.01063	0.00890	0.03524	0.02549	0.78921	0.02843	0.04958	0.02536	0.00068	0.00752	0.00387	0.00136	0.00127
17	0.95813	0.00288	0.00219	0.00196	0.00288	0.00334	0.00161	0.00438	0.00254	0.00669	0.00208	0.00242	0.00161	0.00138	0.00092	0.00046	0.00115	0.00081	0.00092	0.00161
18	0.00369	0.00354	0.00605	0.00915	0.93830	0.00354	0.00458	0.00458	0.00340	0.00487	0.00280	0.00369	0.00236	0.00133	0.00148	0.00044	0.00177	0.00133	0.00074	0.00236
19	0.00371	0.00320	0.00337	0.00303	0.00388	0.00371	0.00236	0.00792	0.93560	0.00624	0.00607	0.00556	0.00455	0.00202	0.00152	0.00051	0.00118	0.00169	0.00152	0.00236
20	0.00374	0.00322	0.00339	0.00304	0.00389	0.00372	0.00237	0.02108	0.92241	0.00628	0.00603	0.00553	0.00452	0.00202	0.00152	0.00050	0.00119	0.00168	0.00152	0.00236
21	0.00185	0.00131	0.00173	0.00206	0.00216	0.00122	0.00139	0.00212	0.00287	0.00386	0.00820	0.90324	0.01856	0.00459	0.00188	0.00060	0.00087	0.01707	0.02319	0.00122
22	0.01878	0.00254	0.00344	0.00264	0.00379	0.00221	0.00218	0.00723	0.00425	0.92748	0.00583	0.00504	0.00366	0.00184	0.00149	0.00046	0.00127	0.00149	0.00183	0.00253
23	0.00337	0.00345	0.00460	0.00394	0.00399	0.04902	0.01632	0.00371	0.00239	0.00361	0.00200	0.00326	0.00197	0.00259	0.01043	0.00065	0.88111	0.00130	0.00066	0.00164
24	0.00207	0.00157	0.00191	0.00183	0.00223	0.00144	0.00138	0.00278	0.02974	0.00544	0.65105	0.02002	0.25293	0.00324	0.00176	0.00048	0.00074	0.01645	0.00157	0.00139
25	0.00245	0.00156	0.00177	0.00169	0.00216	0.00139	0.00128	0.00298	0.00358	0.07877	0.23166	0.06252	0.39718	0.00307	0.00160	0.00046	0.00078	0.00260	0.20109	0.00142
26	0.03749	0.00255	0.00342	0.00263	0.00377	0.00223	0.00217	0.00715	0.00420	0.90164	0.00573	0.00497	0.00361	0.00182	0.00148	0.00046	0.00126	0.00147	0.00181	0.01013
27	0.00969	0.00322	0.02252	0.40311	0.35709	0.02410	0.04101	0.01170	0.02352	0.03921	0.00301	0.01022	0.00238	0.00152	0.00155	0.00372	0.01562	0.00638	0.01845	0.00199
28	0.00339	0.00354	0.00634	0.00489	0.00557	0.00412	0.40829	0.00412	0.00286	0.01657	0.00260	0.02262	0.00227	0.00205	0.00342	0.00058	0.50266	0.00156	0.00073	0.00180
29	0.00613	0.00242	0.00320	0.00250	0.00355	0.00214	0.00205	0.02390	0.01041	0.79184	0.00571	0.00512	0.00369	0.00183	0.00144	0.00045	0.00120	0.00148	0.12855	0.00238
30	0.95813	0.00288	0.00219	0.00196	0.00288	0.00334	0.00161	0.00438	0.00254	0.00669	0.00208	0.00242	0.00161	0.00138	0.00092	0.00046	0.00115	0.00081	0.00092	0.00161
31	0.00213	0.00160	0.00240	0.00240	0.00266	0.00186	0.00186	0.00266	0.00240	0.00346	0.00399	0.00586	0.00373	0.01118	0.94169	0.00240	0.00399	0.00160	0.00080	0.00133
32	0.03300	0.03009	0.22548	0.05889	0.04691	0.34793	0.01713	0.06462	0.01702	0.04005	0.00296	0.02945	0.00238	0.00178	0.01480	0.00047	0.03405	0.00121	0.02985	0.00193
33	0.00256	0.00182	0.00226	0.00203	0.00255	0.00170	0.00155	0.02719	0.05943	0.04523	0.68535	0.00983	0.05480	0.00277	0.00167	0.00045	0.00082	0.00751	0.01164	0.07884
34	0.00223	0.00171	0.00237	0.01274	0.01039	0.00164	0.04224	0.01165	0.00768	0.01019	0.52025	0.10498	0.10695	0.05732	0.02215	0.00060	0.01436	0.06772	0.00144	0.00140
35	0.00299	0.00771	0.93987	0.00425	0.00645	0.00346	0.00551	0.00472	0.00315	0.00472	0.00268	0.00315	0.00189	0.00142	0.00142	0.00047	0.00220	0.00110	0.00063	0.00220
36	0.00197	0.00156	0.00181	0.00190	0.00233	0.00139	0.00151	0.00246	0.00347	0.00433	0.10828	0.06023	0.55275	0.00383	0.00185	0.00055	0.00092	0.24617	0.00141	0.00130
37	0.00557	0.00711	0.00423	0.00384	0.00461	0.94161	0.00288	0.00595	0.00423	0.00365	0.00230	0.00269	0.00192	0.00154	0.00134	0.00038	0.00269	0.00096	0.00077	0.00173
38	0.00669	0.00254	0.00346	0.00265	0.00381	0.00219	0.00219	0.00727	0.00427	0.93933	0.00588	0.00508	0.00369	0.00185	0.00150	0.00046	0.00127	0.00150	0.00185	0.00254
39	0.00567	0.00418	0.00447	0.00343	0.00462	0.00462	0.00283	0.93332	0.00701	0.00940	0.00358	0.00358	0.00254	0.00179	0.00149	0.00045	0.00164	0.00134	0.00149	0.00254
40	0.00396	0.92240	0.03367	0.00260	0.00390	0.00583	0.00263	0.00447	0.00303	0.00354	0.00209	0.00241	0.00191	0.00128	0.00097	0.00032	0.00161	0.00081	0.00064	0.00192
41	0.00408	0.63575	0.16112	0.00306	0.03020	0.00501	0.00306	0.02453	0.03036	0.08673	0.00268	0.00291	0.00217	0.00138	0.00112	0.00037	0.00166	0.00096	0.00079	0.00206
42	0.00282	0.00265	0.00447	0.94401	0.01027	0.00331	0.00414	0.00381	0.00298	0.00381	0.00265	0.00398	0.00199	0.00149	0.00149	0.00050	0.00199	0.00133	0.00066	0.00166
43	0.01646	0.00404	0.00419	0.00333	0.00442	0.03834	0.00271	0.69260	0.19131	0.00848	0.01636	0.00403	0.00306	0.00184	0.00149	0.00046	0.00157	0.00141	0.00147	0.00245
44	0.20255	0.00274	0.02209	0.12179	0.04560	0.00264	0.00645	0.03225	0.02043	0.26729	0.06781	0.02234	0.02717	0.00174	0.00135	0.00043	0.00131	0.00140	0.00122	0.15141
45	0.06640	0.29702	0.33021	0.00357	0.01548	0.03696	0.06880	0.05653	0.04921	0.05287	0.00284	0.00316	0.00217	0.00144	0.00130	0.00042	0.00761	0.00110	0.00082	0.00209
46	0.00355	0.00211	0.00270	0.01117	0.00908	0.00202	0.01312	0.06994	0.06696	0.22704	0.41643	0.06020	0.08558	0.00281	0.01216	0.00050	0.00103	0.01020	0.00160	0.00181
47	0.00208	0.00147	0.00178	0.00177	0.00195	0.00139	0.00117	0.00242	0.00315	0.00432	0.38784	0.11036	0.06380	0.40518	0.00426	0.00090	0.00104	0.00266	0.00129	0.00116
48	0.00354	0.08152	0.07268	0.19718	0.35992	0.03378	0.12352	0.02565	0.04946	0.00461	0.00292	0.00727	0.00234	0.00156	0.01295	0.00048	0.01643	0.00134	0.00077	0.00208
49	0.20124	0.12391	0.03103	0.06770	0.12785	0.14854	0.04143	0.03084	0.16058	0.02202	0.00321	0.00854	0.00677	0.00158	0.00134	0.00045	0.01316	0.00692	0.00094	0.00197
50	0.00317	0.00295	0.00485	0.52158	0.24947	0.01404	0.04243	0.00911	0.03037	0.01844	0.02848	0.00456	0.00886	0.00162	0.00159	0.00049	0.02265	0.02712	0.00635	0.00187
51	0.00181	0.00147	0.00160	0.00167	0.00206	0.00127	0.00121	0.00218	0.00331	0.00409	0.07569	0.20324	0.65184	0.03009	0.00196	0.00055	0.00080	0.01252	0.00139	0.00125
52	0.01350	0.11032	0.27096	0.29391	0.09536	0.00344	0.01799	0.01023	0.03005	0.00431	0.00890	0.08740	0.02602	0.00183	0.00149	0.00048	0.00951	0.01163	0.00079	0.00189
53	0.02436	0.25643	0.01004	0.00288	0.00396	0.05808	0.01549	0.11563	0.16389	0.19460	0.00407	0.00443	0.00315	0.00174	0.00137	0.00042	0.01144	0.04615	0.00121	0.08068
54	0.00575	0.00270	0.00341	0.00272	0.00375	0.00256	0.00224	0.17133	0.03055	0.60259	0.03782	0.01184	0.01894	0.00208	0.00154	0.00047	0.00129	0.06495	0.03110	0.00235
55	0.00274	0.00214	0.00247	0.00242	0.00291	0.00227	0.00181	0.00467	0.36986	0.02696	0.17140	0.29999	0.06495	0.00320	0.00171	0.00054	0.00098	0.03573	0.00149	0.00174
56	0.19191	0.02062	0.23540	0.00806	0.00610	0.00801	0.42902	0.03735	0.00333	0.01064	0.00288	0.02166	0.00222	0.00150	0.00915	0.00050	0.00208	0.00142	0.00619	0.00197
57	0.00346	0.00272	0.00307	0.00297	0.00361	0.03986	0.00247	0.16154	0.23527	0.01855	0.00652	0.01105	0.01354	0.00307	0.00179	0.00058	0.00142	0.48526	0.00141	0.00184
58	0.10023	0.00463	0.26909	0.05184	0.27196	0.01026	0.14608	0.00471	0.02437	0.04034	0.00291	0.01118	0.00226	0.00149	0.00163	0.00048	0.05235	0.00131	0.00079	0.00211
59	0.01177	0.00445	0.02515	0.01670	0.00460	0.15950	0.01006	0.57274	0.04260	0.10576	0.00365	0.00367	0.00261	0.00183	0.01097	0.00046	0.00179	0.00130	0.00135	0.01903
60	0.00992	0.00186	0.02359	0.00214	0.01536	0.01211	0.00165	0.01070	0.01719	0.05404	0.64183	0.05662	0.09417	0.00307	0.00174	0.00049	0.00087	0.04961	0.00155	0.00150

[dist]
# distance from previous block
# <min> <max>
3	30

[block]
# block no. 4 follows, 214 sequences, length 16
# corresponding to MSA columns:
# 3946-3961
name=unknown_E
#
# <colnr> <probs for GDERKNQSTAVLIFYWHMCP>
#	G	D	E	R	K	N	Q	S	T	A	V	L	I	F	Y	W	H	M	C	P
0	0.00328	0.00311	0.00524	0.46510	0.42440	0.00347	0.02242	0.01628	0.02004	0.00442	0.00279	0.00386	0.00221	0.00144	0.00154	0.00047	0.01586	0.00134	0.00072	0.00200
1	0.00309	0.00265	0.00309	0.00221	0.00353	0.00199	0.00177	0.00375	0.00309	0.00486	0.00265	0.00309	0.00221	0.00110	0.00110	0.00022	0.00110	0.00088	0.00088	0.95671
2	0.00441	0.00496	0.00359	0.00328	0.01249	0.54145	0.01916	0.02649	0.05086	0.02668	0.19502	0.05177	0.02645	0.00210	0.00152	0.00043	0.01093	0.00161	0.01510	0.00170
3	0.00268	0.00140	0.00151	0.00156	0.00188	0.00138	0.00115	0.00329	0.00311	0.02442	0.00566	0.16437	0.01935	0.00230	0.00122	0.00040	0.00075	0.01691	0.74529	0.00138
4	0.00200	0.00142	0.00183	0.00197	0.00220	0.00130	0.00138	0.00242	0.00337	0.02304	0.30770	0.53737	0.10043	0.00401	0.00184	0.00055	0.00081	0.00358	0.00148	0.00130
5	0.00193	0.00151	0.00175	0.00171	0.00212	0.00133	0.00127	0.00246	0.00376	0.00494	0.45095	0.05194	0.46206	0.00347	0.00177	0.00049	0.00074	0.00298	0.00151	0.00133
6	0.00187	0.00150	0.00165	0.00164	0.00207	0.00130	0.00121	0.00232	0.00356	0.00451	0.25868	0.06598	0.62043	0.02431	0.00190	0.00052	0.00076	0.00307	0.00144	0.00129
7	0.00399	0.94849	0.00781	0.00255	0.00383	0.00590	0.00255	0.00446	0.00303	0.00351	0.00207	0.00239	0.00191	0.00128	0.00096	0.00032	0.00159	0.00080	0.00064	0.00191
8	0.00299	0.00771	0.93987	0.00425	0.00645	0.00346	0.00551	0.00472	0.00315	0.00472	0.00268	0.00315	0.00189	0.00142	0.00142	0.00047	0.00220	0.00110	0.00063	0.00220
9	0.00185	0.00151	0.00163	0.00160	0.00207	0.00129	0.00120	0.00230	0.00360	0.00450	0.24017	0.01357	0.71233	0.00360	0.00176	0.00050	0.00074	0.00304	0.00145	0.00129
10	0.00399	0.94849	0.00781	0.00255	0.00383	0.00590	0.00255	0.00446	0.00303	0.00351	0.00207	0.00239	0.00191	0.00128	0.00096	0.00032	0.00159	0.00080	0.00064	0.00191
11	0.95813	0.00288	0.00219	0.00196	0.00288	0.00334	0.00161	0.00438	0.00254	0.00669	0.00208	0.00242	0.00161	0.00138	0.00092	0.00046	0.00115	0.00081	0.00092	0.00161
12	0.00508	0.00222	0.00295	0.00239	0.00327	0.00196	0.00192	0.02269	0.00427	0.59983	0.29359	0.00726	0.04132	0.00229	0.00159	0.00047	0.00108	0.00193	0.00176	0.00214
13	0.00340	0.00264	0.00312	0.00250	0.00346	0.00247	0.01083	0.12749	0.11065	0.04458	0.18582	0.01718	0.01919	0.00202	0.00985	0.00040	0.02106	0.03371	0.00125	0.39838
14	0.27340	0.00321	0.02318	0.00286	0.00386	0.03145	0.06069	0.12898	0.16416	0.17435	0.03672	0.03406	0.01074	0.00185	0.00137	0.00047	0.00137	0.01814	0.00130	0.02785
15	0.35887	0.01115	0.01406	0.01743	0.01183	0.01992	0.01906	0.06444	0.02759	0.32623	0.02831	0.00385	0.00288	0.00160	0.00125	0.00044	0.00130	0.00119	0.00129	0.08731

[dist]
# distance from previous block
# <min> <max>
1	21

[block]
# block no. 5 follows, 214 sequences, length 10
# corresponding to MSA columns:
# 3983-3992
name=unknown_F
#
# <colnr> <probs for GDERKNQSTAVLIFYWHMCP>
#	G	D	E	R	K	N	Q	S	T	A	V	L	I	F	Y	W	H	M	C	P
0	0.00189	0.00152	0.00169	0.00169	0.00213	0.00132	0.00128	0.00236	0.00358	0.00453	0.24333	0.04717	0.62405	0.00365	0.00178	0.00051	0.00078	0.05400	0.00145	0.00130
1	0.01992	0.03756	0.03675	0.08572	0.21087	0.33929	0.07839	0.07133	0.02335	0.02510	0.00276	0.00337	0.00221	0.00166	0.01461	0.00047	0.04260	0.00121	0.00083	0.00198
2	0.00375	0.00224	0.00316	0.03034	0.09527	0.00217	0.02474	0.01552	0.03337	0.27560	0.22656	0.07771	0.08240	0.02701	0.01887	0.00055	0.03510	0.02726	0.01651	0.00186
3	0.00183	0.00133	0.00172	0.00201	0.00214	0.00123	0.00135	0.00211	0.00292	0.00387	0.03892	0.81879	0.07882	0.03278	0.00206	0.00062	0.00087	0.00405	0.00138	0.00121
4	0.00203	0.00163	0.00219	0.00217	0.00253	0.00150	0.05416	0.00261	0.03568	0.00445	0.19532	0.41001	0.25565	0.00381	0.00182	0.00054	0.00092	0.02020	0.00140	0.00135
5	0.02392	0.24266	0.10260	0.03927	0.09224	0.11285	0.07481	0.11905	0.04393	0.13022	0.00319	0.00345	0.00241	0.00151	0.00134	0.00042	0.00182	0.00119	0.00098	0.00214
6	0.00230	0.00160	0.00195	0.00206	0.00238	0.00152	0.00148	0.00293	0.07223	0.05719	0.05956	0.45725	0.20569	0.06517	0.00219	0.00062	0.00095	0.06016	0.00140	0.00138
7	0.00264	0.00178	0.00214	0.00205	0.00253	0.00169	0.00154	0.00356	0.11135	0.10398	0.28108	0.19776	0.24020	0.02018	0.00184	0.00053	0.00089	0.02119	0.00151	0.00155
8	0.00397	0.04877	0.07246	0.01795	0.08608	0.17593	0.09471	0.11700	0.11323	0.03451	0.01314	0.07764	0.02579	0.02160	0.02357	0.00054	0.03890	0.03120	0.00104	0.00196
9	0.11373	0.11037	0.03691	0.24568	0.05215	0.02774	0.02708	0.02921	0.03214	0.10888	0.02232	0.14248	0.01585	0.00208	0.00149	0.00048	0.01462	0.01396	0.00102	0.00181

[dist]
# distance from previous block
# <min> <max>
4	94

[block]
# block no. 6 follows, 214 sequences, length 28
# corresponding to MSA columns:
# 4111-4122,4127-4142
name=unknown_G
#
# <colnr> <probs for GDERKNQSTAVLIFYWHMCP>
#	G	D	E	R	K	N	Q	S	T	A	V	L	I	F	Y	W	H	M	C	P
0	0.03518	0.02193	0.03271	0.18633	0.50750	0.03713	0.02505	0.01534	0.01895	0.03085	0.00285	0.00367	0.00229	0.00144	0.00150	0.01045	0.00906	0.00128	0.00079	0.05570
1	0.22105	0.02115	0.03127	0.05638	0.27761	0.04170	0.01686	0.06279	0.04994	0.15115	0.01724	0.00382	0.00267	0.01079	0.00953	0.00048	0.00157	0.00125	0.00105	0.02170
2	0.05835	0.26643	0.19378	0.04798	0.14842	0.02581	0.01965	0.07605	0.01900	0.03676	0.02684	0.03003	0.03386	0.00163	0.00132	0.00043	0.00169	0.00129	0.00087	0.00982
3	0.16013	0.09053	0.08035	0.08939	0.13214	0.06603	0.02098	0.07407	0.03052	0.09497	0.01891	0.01319	0.00885	0.00892	0.00520	0.00662	0.01606	0.00122	0.00523	0.07670
4	0.22544	0.01247	0.01478	0.11966	0.09095	0.00946	0.05975	0.07485	0.01926	0.03188	0.01325	0.01183	0.01259	0.24218	0.00306	0.01185	0.02367	0.00765	0.00094	0.01449
5	0.00893	0.00218	0.00296	0.19651	0.02694	0.00708	0.01225	0.01080	0.02749	0.03750	0.07467	0.23199	0.08715	0.00673	0.01875	0.00050	0.00128	0.02249	0.00112	0.22268
6	0.00193	0.00146	0.00207	0.00225	0.00243	0.00136	0.04490	0.00226	0.00294	0.00391	0.03039	0.78107	0.05225	0.03225	0.00206	0.00062	0.00097	0.03229	0.00135	0.00125
7	0.00257	0.00204	0.00286	0.06037	0.03368	0.00211	0.05087	0.04745	0.10371	0.01201	0.01657	0.48050	0.01394	0.00365	0.01045	0.00059	0.01215	0.13272	0.01020	0.00155
8	0.00280	0.00262	0.00440	0.92074	0.01006	0.00327	0.00406	0.00377	0.00296	0.00379	0.00270	0.00412	0.00207	0.02486	0.00164	0.00052	0.00197	0.00135	0.00067	0.00164
9	0.00309	0.00265	0.00309	0.00221	0.00353	0.00199	0.00177	0.00375	0.00309	0.00486	0.00265	0.00309	0.00221	0.00110	0.00110	0.00022	0.00110	0.00088	0.00088	0.95671
10	0.00185	0.00148	0.00166	0.00171	0.00211	0.00129	0.00127	0.00227	0.00343	0.00430	0.15230	0.17445	0.60194	0.00383	0.00180	0.00052	0.00079	0.04028	0.00142	0.00128
11	0.00179	0.00151	0.00154	0.00154	0.00203	0.00127	0.00115	0.00219	0.00346	0.00417	0.08007	0.01412	0.87264	0.00373	0.00176	0.00050	0.00075	0.00312	0.00140	0.00127
12	0.00273	0.00143	0.00157	0.00162	0.00194	0.00139	0.00119	0.00333	0.00312	0.04386	0.00568	0.20389	0.00520	0.00241	0.00127	0.00041	0.00077	0.02350	0.69328	0.00140
13	0.00179	0.00151	0.00155	0.00154	0.00203	0.00127	0.00116	0.00220	0.00347	0.00419	0.09208	0.01408	0.86061	0.00372	0.00176	0.00050	0.00075	0.00311	0.00141	0.00127
14	0.00286	0.00141	0.00143	0.00142	0.00178	0.00141	0.00107	0.00356	0.00315	0.02554	0.00489	0.00555	0.00382	0.00174	0.00105	0.00035	0.00071	0.00139	0.93546	0.00141
15	0.00557	0.00711	0.00423	0.00384	0.00461	0.94161	0.00288	0.00595	0.00423	0.00365	0.00230	0.00269	0.00192	0.00154	0.00134	0.00038	0.00269	0.00096	0.00077	0.00173
16	0.00414	0.82950	0.02510	0.00272	0.00396	0.10640	0.00264	0.00463	0.00316	0.00355	0.00211	0.00244	0.00191	0.00131	0.00101	0.00033	0.00172	0.00082	0.00065	0.00190
17	0.00262	0.00230	0.00404	0.00331	0.00400	0.00213	0.27818	0.00330	0.00338	0.03173	0.17933	0.32963	0.04935	0.01313	0.00186	0.00053	0.01052	0.02142	0.00122	0.05802
18	0.00226	0.00170	0.00231	0.00229	0.00254	0.01985	0.00174	0.00273	0.00245	0.00353	0.00407	0.00620	0.00387	0.12030	0.74075	0.00209	0.01679	0.00164	0.06159	0.00130
19	0.00451	0.00257	0.00337	0.00276	0.00349	0.00267	0.00225	0.03532	0.06310	0.38953	0.21072	0.00589	0.00555	0.00223	0.00224	0.00049	0.19733	0.00169	0.00146	0.06282
20	0.00394	0.00293	0.00329	0.00249	0.00370	0.03634	0.00199	0.07784	0.06902	0.14346	0.01387	0.01043	0.00284	0.00142	0.00125	0.00031	0.00123	0.00776	0.00113	0.61479
21	0.00523	0.00305	0.00359	0.00286	0.00384	0.00312	0.00232	0.42078	0.01611	0.31930	0.13831	0.06520	0.00506	0.00217	0.00156	0.00047	0.00133	0.00178	0.00162	0.00229
22	0.00186	0.00130	0.00174	0.00205	0.00215	0.00122	0.00137	0.00207	0.00281	0.00373	0.00802	0.86520	0.03076	0.00468	0.00215	0.06145	0.00089	0.00403	0.00134	0.00118
23	0.00320	0.00279	0.00455	0.75035	0.10553	0.00332	0.00400	0.02558	0.02793	0.05424	0.00295	0.00404	0.00220	0.00151	0.00149	0.00049	0.00190	0.00134	0.00078	0.00182
24	0.00334	0.00311	0.01902	0.03963	0.08231	0.02799	0.17103	0.04500	0.00990	0.02250	0.06260	0.04918	0.00339	0.00155	0.00144	0.00037	0.01582	0.00142	0.00095	0.43944
25	0.00190	0.00139	0.00181	0.00207	0.00225	0.00126	0.00140	0.00218	0.00288	0.00388	0.00799	0.86955	0.02631	0.00443	0.00185	0.00058	0.00088	0.00401	0.00135	0.06203
26	0.00291	0.00267	0.00445	0.78265	0.11036	0.00322	0.00399	0.00387	0.00304	0.00404	0.00281	0.00405	0.00214	0.00149	0.00146	0.00048	0.00188	0.00133	0.06147	0.00172
27	0.00358	0.01977	0.00638	0.01155	0.04892	0.00332	0.48902	0.06201	0.04001	0.02761	0.01142	0.01865	0.00280	0.00812	0.00168	0.00045	0.01960	0.02754	0.00091	0.19666

[dist]
# distance from previous block
# <min> <max>
2	37

[block]
# block no. 7 follows, 214 sequences, length 18
# corresponding to MSA columns:
# 4181-4186,4192,4193,4201,4202,4204-4211
name=unknown_H
#
# <colnr> <probs for GDERKNQSTAVLIFYWHMCP>
#	G	D	E	R	K	N	Q	S	T	A	V	L	I	F	Y	W	H	M	C	P
0	0.00296	0.01126	0.23349	0.08534	0.08418	0.00294	0.05208	0.06729	0.01387	0.00446	0.02490	0.10470	0.00400	0.16561	0.03231	0.00073	0.08099	0.02625	0.00089	0.00174
1	0.00216	0.00178	0.00210	0.00200	0.00247	0.01870	0.02202	0.00274	0.02261	0.00466	0.26189	0.15647	0.36608	0.00337	0.00177	0.00049	0.01285	0.03461	0.01445	0.06678
2	0.00231	0.00157	0.00191	0.00193	0.00227	0.00146	0.00139	0.00274	0.01715	0.07574	0.14078	0.29531	0.29776	0.09532	0.03125	0.00068	0.01358	0.01410	0.00138	0.00135
3	0.00354	0.01427	0.00432	0.10481	0.01263	0.11829	0.08210	0.02666	0.09080	0.03625	0.04425	0.07466	0.00819	0.01183	0.01454	0.00057	0.31508	0.01429	0.00094	0.02200
4	0.00218	0.00146	0.00177	0.00176	0.00191	0.00141	0.00115	0.00237	0.00280	0.01240	0.21120	0.07899	0.07667	0.48245	0.02389	0.06649	0.00122	0.01406	0.01474	0.00108
5	0.06769	0.03928	0.01453	0.25326	0.09733	0.03491	0.06404	0.04341	0.02298	0.01464	0.00289	0.00367	0.00979	0.01862	0.00151	0.00041	0.02209	0.00119	0.00084	0.28693
6	0.00343	0.00317	0.01226	0.12548	0.32548	0.01728	0.10766	0.02982	0.03385	0.02834	0.07989	0.00446	0.01510	0.00153	0.00150	0.00042	0.01174	0.00143	0.00091	0.19624
7	0.00357	0.00268	0.00307	0.00246	0.00351	0.00247	0.00194	0.01955	0.27390	0.10769	0.06242	0.01941	0.03728	0.00174	0.00135	0.00037	0.00111	0.00144	0.01104	0.44301
8	0.00973	0.03397	0.04531	0.00300	0.01543	0.01856	0.06883	0.09950	0.11090	0.13560	0.03086	0.13174	0.02539	0.00210	0.00157	0.00043	0.02743	0.01148	0.00122	0.22693
9	0.00332	0.06198	0.00330	0.00258	0.01486	0.02743	0.01751	0.08820	0.09143	0.05528	0.09273	0.14715	0.06460	0.00233	0.00151	0.00042	0.01009	0.03608	0.00122	0.27800
10	0.04163	0.07169	0.06090	0.01538	0.03417	0.15281	0.05906	0.19127	0.09128	0.07346	0.05723	0.03505	0.01643	0.00182	0.00141	0.00044	0.00164	0.00146	0.06653	0.02633
11	0.06874	0.00284	0.00397	0.32706	0.08576	0.03437	0.03299	0.03851	0.04323	0.06562	0.02443	0.06639	0.01033	0.00212	0.00873	0.00052	0.07355	0.06732	0.01835	0.02520
12	0.00206	0.00152	0.00202	0.06650	0.00278	0.00147	0.00159	0.00256	0.01695	0.01862	0.23377	0.51154	0.11374	0.00387	0.00181	0.00055	0.00091	0.01501	0.00141	0.00133
13	0.02127	0.00211	0.00265	0.00227	0.00295	0.00199	0.00178	0.07543	0.03647	0.29890	0.34251	0.03091	0.09197	0.00277	0.00192	0.06595	0.00103	0.01372	0.00158	0.00181
14	0.04067	0.00376	0.03699	0.05823	0.14512	0.07189	0.17692	0.15572	0.06538	0.08113	0.02117	0.02472	0.01733	0.00164	0.00152	0.00045	0.00924	0.00147	0.00106	0.08559
15	0.00285	0.00267	0.00438	0.85457	0.00964	0.00326	0.00396	0.00380	0.00297	0.00388	0.00263	0.00390	0.00200	0.00149	0.00155	0.00048	0.02695	0.00129	0.00068	0.06706
16	0.00189	0.00137	0.00180	0.00211	0.00224	0.00129	0.00146	0.00225	0.01588	0.00398	0.04579	0.81044	0.03590	0.00451	0.00190	0.00060	0.00089	0.06307	0.00140	0.00125
17	0.01065	0.01351	0.02678	0.10998	0.23593	0.01827	0.11554	0.02363	0.04977	0.05793	0.00946	0.08247	0.00343	0.01094	0.05448	0.06609	0.06807	0.02449	0.01673	0.00185

[dist]
# distance from previous block
# <min> <max>
0	1

[block]
# block no. 8 follows, 214 sequences, length 21
# corresponding to MSA columns:
# 4213,4214,4226-4232,4237-4239,4248-4256
name=unknown_I
#
# <colnr> <probs for GDERKNQSTAVLIFYWHMCP>
#	G	D	E	R	K	N	Q	S	T	A	V	L	I	F	Y	W	H	M	C	P
0	0.01033	0.05905	0.38193	0.03622	0.00912	0.00810	0.09416	0.08349	0.07700	0.03757	0.02116	0.01253	0.03234	0.03471	0.06211	0.00830	0.00701	0.02194	0.00092	0.00201
1	0.00185	0.00151	0.00163	0.00162	0.00208	0.00130	0.00122	0.00230	0.00356	0.00444	0.20640	0.03454	0.70662	0.00365	0.00177	0.00050	0.00076	0.02151	0.00144	0.00129
2	0.00357	0.00218	0.00237	0.00207	0.00261	0.00226	0.00156	0.21983	0.02789	0.06933	0.03011	0.02149	0.01898	0.19565	0.00258	0.00062	0.00112	0.00166	0.39247	0.00166
3	0.02141	0.05817	0.28598	0.25253	0.04054	0.02058	0.04848	0.04096	0.01853	0.02831	0.02540	0.11770	0.00784	0.00195	0.00154	0.00049	0.01123	0.01564	0.00087	0.00188
4	0.00842	0.00329	0.04759	0.21656	0.21878	0.05550	0.09631	0.04119	0.02597	0.05008	0.02520	0.08171	0.05211	0.00213	0.01092	0.02179	0.01669	0.01856	0.00532	0.00188
5	0.00316	0.00655	0.66337	0.02244	0.02614	0.01907	0.17666	0.01832	0.00327	0.00474	0.00283	0.01487	0.00210	0.00148	0.00155	0.00851	0.01097	0.00128	0.01056	0.00212
6	0.55154	0.03168	0.02512	0.04220	0.04493	0.04455	0.07006	0.05463	0.01166	0.03403	0.00276	0.00338	0.01078	0.00155	0.00126	0.00047	0.02762	0.02278	0.01722	0.00178
7	0.00198	0.00148	0.00186	0.00205	0.00232	0.00138	0.00154	0.00241	0.00324	0.00421	0.11713	0.36069	0.24104	0.03038	0.02865	0.00066	0.00103	0.19533	0.00138	0.00127
8	0.01425	0.02219	0.01775	0.13814	0.22087	0.02627	0.09425	0.10324	0.05606	0.07741	0.00336	0.02946	0.00267	0.00158	0.00157	0.00044	0.03729	0.00139	0.00097	0.15083
9	0.00462	0.00245	0.00291	0.00243	0.00326	0.00997	0.00194	0.09334	0.13576	0.37886	0.08705	0.01776	0.06423	0.01748	0.00158	0.00047	0.00113	0.01519	0.15119	0.00840
10	0.00398	0.68939	0.14528	0.00291	0.00429	0.02836	0.00301	0.06546	0.03781	0.00418	0.00241	0.00271	0.00205	0.00136	0.00109	0.00036	0.00170	0.00091	0.00073	0.00201
11	0.06809	0.02452	0.00939	0.02300	0.06163	0.05284	0.02257	0.13886	0.19105	0.05057	0.02118	0.15340	0.02977	0.00246	0.00156	0.00050	0.00137	0.09484	0.00127	0.05113
12	0.24452	0.19909	0.00994	0.18499	0.00495	0.05651	0.01326	0.09201	0.11324	0.00532	0.01657	0.00355	0.01382	0.00162	0.00134	0.01345	0.01273	0.00115	0.00093	0.01101
13	0.12022	0.00280	0.00327	0.00266	0.00367	0.00282	0.00216	0.09192	0.20341	0.47869	0.05506	0.00505	0.00408	0.00189	0.00144	0.00047	0.00123	0.00150	0.01533	0.00231
14	0.00224	0.00148	0.00192	0.00209	0.00233	0.00138	0.00147	0.01441	0.01068	0.06363	0.11564	0.66721	0.06080	0.02112	0.00195	0.00059	0.00090	0.02737	0.00144	0.00135
15	0.06625	0.01314	0.00336	0.21640	0.00495	0.03010	0.01381	0.10718	0.10434	0.07277	0.03064	0.15336	0.01715	0.00258	0.00166	0.00053	0.01514	0.14364	0.00121	0.00177
16	0.01055	0.00287	0.02784	0.16187	0.07191	0.01391	0.00275	0.11259	0.08061	0.32344	0.04176	0.07252	0.01702	0.01164	0.01099	0.00051	0.00147	0.02490	0.00874	0.00211
17	0.00183	0.00131	0.00172	0.00205	0.00214	0.00122	0.00136	0.00208	0.00285	0.00379	0.00831	0.89114	0.03695	0.03297	0.00207	0.00063	0.00088	0.00414	0.00137	0.00120
18	0.00323	0.00169	0.00185	0.00170	0.00218	0.00167	0.00131	0.05177	0.01722	0.09417	0.08739	0.00604	0.01842	0.00207	0.01808	0.00042	0.00087	0.00155	0.68680	0.00157
19	0.04508	0.07984	0.63472	0.03228	0.02890	0.02934	0.03329	0.02378	0.01942	0.04176	0.00289	0.01713	0.00215	0.00149	0.00139	0.00046	0.00203	0.00117	0.00075	0.00213
20	0.01434	0.00285	0.00441	0.09129	0.38066	0.00287	0.01592	0.02243	0.03048	0.20765	0.02474	0.08034	0.04231	0.00205	0.00166	0.00049	0.02821	0.04408	0.00113	0.00210

[dist]
# distance from previous block
# <min> <max>
0	22

[block]
# block no. 9 follows, 214 sequences, length 12
# corresponding to MSA columns:
# 4279-4290
name=unknown_J
#
# <colnr> <probs for GDERKNQSTAVLIFYWHMCP>
#	G	D	E	R	K	N	Q	S	T	A	V	L	I	F	Y	W	H	M	C	P
0	0.22526	0.00311	0.00313	0.00269	0.00360	0.03745	0.00215	0.09780	0.34559	0.18001	0.04170	0.00483	0.00383	0.00186	0.00137	0.00047	0.00126	0.01451	0.02723	0.00214
1	0.06859	0.22837	0.43555	0.01611	0.02286	0.04409	0.07573	0.00466	0.01994	0.01404	0.02804	0.01276	0.00239	0.00149	0.00138	0.00044	0.01965	0.00116	0.00073	0.00202
2	0.46367	0.00393	0.00289	0.00267	0.01827	0.27250	0.00205	0.03575	0.00324	0.00553	0.00260	0.00309	0.00210	0.00197	0.04565	0.00052	0.02326	0.00099	0.10767	0.00165
3	0.00399	0.94849	0.00781	0.00255	0.00383	0.00590	0.00255	0.00446	0.00303	0.00351	0.00207	0.00239	0.00191	0.00128	0.00096	0.00032	0.00159	0.00080	0.00064	0.00191
4	0.00186	0.00149	0.00166	0.00174	0.00214	0.00130	0.00130	0.00226	0.00334	0.00415	0.08306	0.17744	0.61081	0.02212	0.00192	0.00055	0.00083	0.07935	0.00139	0.00126
5	0.00282	0.00265	0.00447	0.94401	0.01027	0.00331	0.00414	0.00381	0.00298	0.00381	0.00265	0.00398	0.00199	0.00149	0.00149	0.00050	0.00199	0.00133	0.00066	0.00166
6	0.27429	0.00356	0.00362	0.01760	0.00404	0.02078	0.00240	0.48341	0.02463	0.10025	0.00340	0.00350	0.00245	0.00190	0.02243	0.00050	0.01601	0.00121	0.01185	0.00219
