[name]
unknown

[dist]
# distance from previous block
# <min> <max>
8	229

[block]
# block no. 0 follows, 305 sequences, length 22
# corresponding to MSA columns:
# 425-443,453-455
name=unknown_A
#
# <colnr> <probs for GDERKNQSTAVLIFYWHMCP>
#	G	D	E	R	K	N	Q	S	T	A	V	L	I	F	Y	W	H	M	C	P
0	0.00852	0.20097	0.69039	0.00274	0.00912	0.01409	0.00991	0.00330	0.00224	0.00318	0.00190	0.00808	0.00147	0.02420	0.00107	0.00511	0.00146	0.00078	0.00522	0.00625
1	0.02487	0.00106	0.00121	0.00123	0.00126	0.00106	0.00073	0.00161	0.00164	0.00225	0.00364	0.11544	0.00420	0.79879	0.02400	0.00096	0.00102	0.01363	0.00069	0.00070
2	0.02274	0.02712	0.05920	0.04862	0.03230	0.03049	0.05479	0.02969	0.02637	0.03992	0.04278	0.41707	0.04708	0.03057	0.01666	0.00043	0.02131	0.04219	0.00955	0.00112
3	0.00842	0.03052	0.02345	0.06884	0.05490	0.06574	0.31436	0.06962	0.03775	0.06969	0.03266	0.14437	0.02324	0.02467	0.00130	0.00037	0.00894	0.01906	0.00075	0.00135
4	0.00240	0.00257	0.00541	0.00394	0.00486	0.00243	0.76507	0.00318	0.00249	0.02300	0.04279	0.06002	0.02954	0.02436	0.00142	0.00038	0.02272	0.00143	0.00063	0.00136
5	0.00168	0.00119	0.00174	0.01825	0.00191	0.00134	0.00938	0.00876	0.00173	0.00243	0.02059	0.09471	0.00300	0.04890	0.47619	0.23850	0.06093	0.00733	0.00060	0.00084
6	0.04216	0.01317	0.05355	0.25846	0.03237	0.18633	0.06958	0.07903	0.02397	0.06377	0.00234	0.04012	0.01159	0.00137	0.01299	0.00036	0.09796	0.00101	0.00852	0.00134
7	0.00239	0.00248	0.01789	0.04710	0.00379	0.02356	0.28149	0.00289	0.00959	0.01795	0.01416	0.02547	0.01157	0.00179	0.03825	0.00047	0.49625	0.00112	0.00054	0.00126
8	0.00156	0.00119	0.01931	0.00157	0.00172	0.00126	0.00116	0.00182	0.00168	0.00238	0.00305	0.02093	0.00310	0.30628	0.61201	0.01601	0.00221	0.00130	0.00060	0.00087
9	0.04622	0.05842	0.28396	0.01599	0.08733	0.07594	0.25011	0.02481	0.01398	0.01336	0.02251	0.05994	0.01348	0.00121	0.00115	0.00034	0.02811	0.00110	0.00059	0.00143
10	0.00404	0.01099	0.00305	0.01065	0.00321	0.04530	0.01497	0.61605	0.07073	0.19222	0.01597	0.00293	0.00217	0.00130	0.00107	0.00033	0.00114	0.00101	0.00109	0.00177
11	0.02373	0.00229	0.00291	0.00918	0.02371	0.10266	0.15749	0.11677	0.06110	0.05060	0.02044	0.17177	0.07709	0.03408	0.01567	0.00041	0.08362	0.02296	0.02224	0.00128
12	0.00172	0.00140	0.00210	0.27628	0.03409	0.00152	0.01264	0.01385	0.00230	0.00936	0.16780	0.31914	0.02694	0.03058	0.02486	0.01454	0.02073	0.03830	0.00082	0.00104
13	0.01912	0.13979	0.27894	0.06860	0.06639	0.03843	0.14202	0.06519	0.02741	0.06323	0.01456	0.02653	0.00195	0.01651	0.00113	0.00034	0.01083	0.01174	0.00581	0.00148
14	0.00144	0.00123	0.02103	0.00146	0.02132	0.00104	0.01067	0.00181	0.02220	0.01089	0.11295	0.25251	0.50755	0.00270	0.00129	0.00038	0.00063	0.02693	0.00100	0.00097
15	0.00156	0.00109	0.00134	0.00132	0.00138	0.00109	0.01881	0.00164	0.00172	0.00231	0.04237	0.07813	0.04028	0.71498	0.06734	0.01209	0.00946	0.00167	0.00070	0.00073
16	0.00237	0.02238	0.03789	0.07793	0.12436	0.01422	0.17103	0.02363	0.09445	0.07392	0.01185	0.20415	0.02991	0.00179	0.00125	0.00038	0.02175	0.07676	0.00867	0.00134
17	0.01282	0.01531	0.02622	0.02854	0.01610	0.00668	0.20269	0.09043	0.01684	0.09097	0.03004	0.31706	0.01945	0.06717	0.01595	0.00045	0.01540	0.02578	0.00086	0.00123
18	0.07082	0.05567	0.01242	0.02348	0.10867	0.10216	0.26485	0.16828	0.02202	0.10639	0.00237	0.00269	0.00796	0.00112	0.00118	0.00033	0.04632	0.00099	0.00073	0.00152
19	0.01542	0.00194	0.00226	0.00169	0.00256	0.00161	0.00135	0.09180	0.01287	0.07882	0.00259	0.05174	0.01904	0.00109	0.00089	0.00021	0.00083	0.01257	0.00077	0.69996
20	0.11598	0.21587	0.04862	0.00210	0.00289	0.04863	0.02487	0.15443	0.11927	0.17493	0.04400	0.00828	0.00234	0.00124	0.00099	0.00031	0.01699	0.00808	0.00086	0.00929
21	0.05513	0.02051	0.09405	0.01012	0.17184	0.05864	0.05856	0.15345	0.09289	0.07442	0.01582	0.11594	0.03194	0.01689	0.00117	0.00036	0.00115	0.02483	0.00082	0.00147

[dist]
# distance from previous block
# <min> <max>
1	30

[block]
# block no. 1 follows, 305 sequences, length 12
# corresponding to MSA columns:
# 490-501
name=unknown_B
#
# <colnr> <probs for GDERKNQSTAVLIFYWHMCP>
#	G	D	E	R	K	N	Q	S	T	A	V	L	I	F	Y	W	H	M	C	P
0	0.01752	0.02631	0.07678	0.00894	0.01050	0.13847	0.02314	0.19285	0.03900	0.18179	0.07202	0.04830	0.08853	0.00156	0.00124	0.00034	0.05967	0.00122	0.01040	0.00145
1	0.02287	0.05156	0.15820	0.03199	0.39206	0.02999	0.06205	0.02028	0.03309	0.02247	0.07168	0.01192	0.04433	0.00125	0.00114	0.00033	0.02575	0.01693	0.00064	0.00150
2	0.00984	0.14576	0.14999	0.03494	0.09467	0.05004	0.05706	0.22555	0.08682	0.03613	0.00241	0.01440	0.01073	0.00121	0.00118	0.00033	0.06489	0.00094	0.00072	0.01239
3	0.00143	0.00099	0.00124	0.00137	0.00143	0.00095	0.00088	0.00155	0.00190	0.00254	0.03846	0.51204	0.02365	0.35736	0.01580	0.02016	0.00081	0.01580	0.00086	0.00079
4	0.11381	0.07328	0.06420	0.19191	0.04534	0.01174	0.03167	0.05987	0.03010	0.13494	0.02895	0.01380	0.03643	0.00139	0.01058	0.00036	0.10412	0.01093	0.02828	0.00829
5	0.01654	0.35782	0.42101	0.00257	0.01633	0.03796	0.02948	0.04442	0.01785	0.04406	0.00193	0.00217	0.00148	0.00101	0.00090	0.00030	0.00137	0.00075	0.00054	0.00151
6	0.00154	0.00120	0.00170	0.04808	0.01618	0.00912	0.04292	0.00858	0.01804	0.00296	0.06369	0.67830	0.02213	0.00966	0.01215	0.00699	0.01037	0.02137	0.02407	0.00096
7	0.00185	0.00124	0.00150	0.00142	0.00176	0.00115	0.00107	0.01381	0.05515	0.09076	0.43840	0.08393	0.25074	0.01568	0.00130	0.00037	0.00061	0.02656	0.01162	0.00109
8	0.04576	0.20878	0.01852	0.01215	0.01757	0.04219	0.00834	0.11096	0.09372	0.02189	0.02325	0.04793	0.04283	0.00188	0.00114	0.00037	0.00765	0.29294	0.00084	0.00129
9	0.00154	0.00104	0.00119	0.00121	0.00123	0.00103	0.00070	0.00157	0.00163	0.00217	0.00376	0.06297	0.02604	0.86079	0.00503	0.00098	0.00100	0.02476	0.00069	0.00068
10	0.00141	0.00108	0.00131	0.00139	0.00160	0.00100	0.00101	0.00175	0.01506	0.00319	0.22440	0.33551	0.30622	0.02327	0.00144	0.00041	0.01433	0.06366	0.00102	0.00093
11	0.05405	0.00207	0.00249	0.00196	0.00273	0.00203	0.00161	0.20283	0.07918	0.56768	0.00371	0.00338	0.00246	0.00131	0.00104	0.00033	0.00093	0.00104	0.06745	0.00173

[dist]
# distance from previous block
# <min> <max>
1	15

[block]
# block no. 2 follows, 305 sequences, length 7
# corresponding to MSA columns:
# 517-523
name=unknown_C
#
# <colnr> <probs for GDERKNQSTAVLIFYWHMCP>
#	G	D	E	R	K	N	Q	S	T	A	V	L	I	F	Y	W	H	M	C	P
0	0.00168	0.00120	0.00150	0.00142	0.00172	0.00114	0.00108	0.00234	0.07608	0.02834	0.66757	0.06098	0.08949	0.00222	0.00125	0.00035	0.00057	0.03140	0.02861	0.00107
1	0.12168	0.00199	0.00231	0.00188	0.00257	0.00200	0.00153	0.17162	0.09479	0.41784	0.08738	0.00393	0.00316	0.00142	0.00104	0.00033	0.00089	0.03065	0.05138	0.00159
2	0.04059	0.13964	0.02405	0.02232	0.01876	0.05013	0.07498	0.03017	0.04121	0.01763	0.00201	0.01386	0.01146	0.00137	0.01427	0.00034	0.27884	0.00087	0.00059	0.21691
3	0.00219	0.00132	0.00140	0.00136	0.01796	0.02415	0.00099	0.06875	0.00238	0.02506	0.00340	0.04272	0.00290	0.10713	0.01963	0.00039	0.02602	0.00114	0.65006	0.00105
4	0.00154	0.00114	0.00166	0.00166	0.00183	0.00131	0.00126	0.00188	0.00171	0.00244	0.00294	0.00455	0.00283	0.12086	0.84540	0.00164	0.00266	0.00120	0.00058	0.00092
5	0.00234	0.00207	0.01580	0.04785	0.06827	0.01803	0.03399	0.02300	0.05632	0.02443	0.01466	0.03811	0.01466	0.01370	0.00100	0.00024	0.01135	0.00089	0.00069	0.61261
6	0.02183	0.10571	0.30066	0.01472	0.19491	0.04862	0.08763	0.05647	0.04335	0.04389	0.02221	0.02816	0.01241	0.00115	0.00106	0.00033	0.01375	0.00098	0.00062	0.00153

[dist]
# distance from previous block
# <min> <max>
2	8

[block]
# block no. 3 follows, 305 sequences, length 10
# corresponding to MSA columns:
# 542-551
name=unknown_D
#
# <colnr> <probs for GDERKNQSTAVLIFYWHMCP>
#	G	D	E	R	K	N	Q	S	T	A	V	L	I	F	Y	W	H	M	C	P
0	0.04326	0.03951	0.03866	0.05124	0.23159	0.01126	0.03859	0.14764	0.03796	0.27694	0.03111	0.01066	0.01601	0.00122	0.00105	0.00033	0.00112	0.00103	0.00089	0.01993
1	0.13166	0.19454	0.12438	0.01768	0.03651	0.09335	0.05827	0.10162	0.09679	0.03461	0.00961	0.02647	0.00189	0.00117	0.00102	0.00031	0.03221	0.00089	0.01528	0.02174
2	0.00153	0.00103	0.00124	0.00128	0.00131	0.00103	0.00078	0.00159	0.00170	0.00229	0.03922	0.15670	0.00449	0.67782	0.07571	0.02801	0.00109	0.00176	0.00071	0.00072
3	0.02374	0.00199	0.00231	0.01244	0.00263	0.00168	0.00138	0.09164	0.01779	0.05017	0.01462	0.00261	0.01487	0.01422	0.00096	0.00021	0.01764	0.00076	0.00073	0.72760
4	0.04234	0.05020	0.12913	0.01322	0.04531	0.06894	0.36964	0.07361	0.03913	0.06420	0.01910	0.01261	0.00933	0.00111	0.00114	0.00034	0.01613	0.00861	0.01582	0.02009
5	0.01512	0.16188	0.27605	0.01822	0.05371	0.02239	0.25577	0.00332	0.02936	0.02125	0.01073	0.01265	0.01084	0.00124	0.01129	0.00036	0.05578	0.03803	0.00056	0.00144
6	0.00134	0.00098	0.00125	0.00144	0.00155	0.00090	0.00098	0.00155	0.00215	0.00283	0.06030	0.71922	0.12313	0.04803	0.00155	0.00045	0.00064	0.02986	0.00099	0.00088
7	0.03859	0.00194	0.01691	0.03452	0.15198	0.00195	0.02103	0.15306	0.04815	0.08212	0.06511	0.02836	0.13134	0.00195	0.01369	0.00825	0.00906	0.18124	0.00941	0.00135
8	0.03743	0.29748	0.21090	0.01635	0.04048	0.05761	0.07913	0.06540	0.07914	0.07381	0.00227	0.01257	0.00178	0.00111	0.00097	0.00031	0.01177	0.00934	0.00065	0.00150
9	0.00143	0.00102	0.00128	0.00141	0.00158	0.00094	0.00099	0.00168	0.00225	0.02277	0.09929	0.53185	0.21263	0.06257	0.00159	0.00045	0.00065	0.05372	0.00100	0.00091

[dist]
# distance from previous block
# <min> <max>
4	30

[block]
# block no. 4 follows, 305 sequences, length 22
# corresponding to MSA columns:
# 667-688
name=unknown_E
#
# <colnr> <probs for GDERKNQSTAVLIFYWHMCP>
#	G	D	E	R	K	N	Q	S	T	A	V	L	I	F	Y	W	H	M	C	P
0	0.05607	0.04472	0.05112	0.07889	0.02325	0.03518	0.03690	0.09432	0.23463	0.18666	0.02462	0.03302	0.00781	0.00140	0.00116	0.00035	0.03869	0.02623	0.00091	0.02408
1	0.01142	0.02806	0.06398	0.01307	0.02266	0.00975	0.04911	0.14167	0.13645	0.05146	0.30026	0.04001	0.08653	0.00180	0.00117	0.00035	0.00089	0.03901	0.00100	0.00134
2	0.00138	0.00097	0.00127	0.00149	0.00158	0.00090	0.00101	0.00157	0.00208	0.01149	0.01969	0.81395	0.04426	0.03471	0.00156	0.01925	0.00065	0.04035	0.00098	0.00087
3	0.04836	0.22686	0.15981	0.00805	0.03011	0.09039	0.03373	0.11065	0.02777	0.02529	0.00927	0.00234	0.00813	0.00109	0.00106	0.00029	0.06086	0.00079	0.00553	0.14964
4	0.02905	0.00221	0.00256	0.04373	0.01145	0.02573	0.01052	0.20401	0.04625	0.12474	0.01727	0.00285	0.00204	0.03177	0.01245	0.00030	0.02756	0.00088	0.00083	0.40379
5	0.08040	0.40621	0.26340	0.01054	0.01750	0.02860	0.00238	0.05868	0.06133	0.02045	0.00201	0.01412	0.00164	0.00107	0.00088	0.00029	0.00756	0.00804	0.00058	0.01433
6	0.00162	0.00126	0.00155	0.00166	0.00187	0.00994	0.00864	0.00232	0.15020	0.00321	0.08125	0.55631	0.05689	0.00285	0.00132	0.00042	0.00071	0.11592	0.00102	0.00104
7	0.00207	0.00194	0.00327	0.90323	0.02097	0.00239	0.01961	0.01654	0.00221	0.00284	0.01383	0.00292	0.00155	0.00109	0.00108	0.00036	0.00142	0.00097	0.00050	0.00121
8	0.00976	0.03250	0.18846	0.11240	0.18198	0.00909	0.02982	0.03187	0.01089	0.01673	0.01079	0.06572	0.00309	0.00918	0.00847	0.00040	0.03037	0.19593	0.05117	0.00137
9	0.00939	0.02373	0.00324	0.01515	0.21503	0.01410	0.03677	0.17194	0.29748	0.08031	0.02692	0.00338	0.01243	0.00133	0.00126	0.00035	0.07147	0.00714	0.00697	0.00163
10	0.01180	0.00108	0.00127	0.00133	0.00153	0.00100	0.00094	0.01086	0.00225	0.01590	0.10920	0.30957	0.27510	0.17495	0.00204	0.00051	0.00069	0.05286	0.02624	0.00089
11	0.00187	0.00118	0.00142	0.00134	0.00165	0.00112	0.00102	0.00246	0.04990	0.06349	0.48950	0.03823	0.09018	0.00199	0.00113	0.00033	0.00057	0.02502	0.22653	0.00108
12	0.16572	0.00249	0.00420	0.14873	0.24655	0.00260	0.30563	0.05283	0.02473	0.01349	0.00206	0.00264	0.00159	0.00102	0.00111	0.00035	0.02119	0.00100	0.00060	0.00145
13	0.05176	0.00243	0.00260	0.00207	0.00282	0.08398	0.00168	0.29411	0.02856	0.43128	0.03444	0.00325	0.00249	0.00131	0.00104	0.00032	0.00104	0.00101	0.05213	0.00167
14	0.00132	0.00094	0.00126	0.00150	0.00157	0.00088	0.00101	0.00152	0.00208	0.00278	0.02211	0.92513	0.00713	0.00334	0.00137	0.00044	0.00063	0.02312	0.00100	0.00088
15	0.01215	0.00119	0.00137	0.00132	0.00166	0.00109	0.00102	0.00997	0.03918	0.02128	0.37674	0.00899	0.44151	0.00242	0.00126	0.00036	0.00059	0.06856	0.00834	0.00101
16	0.02681	0.00105	0.00139	0.00159	0.00173	0.00101	0.01059	0.00172	0.01402	0.00290	0.00585	0.74214	0.03398	0.00317	0.00136	0.00044	0.00070	0.14765	0.00098	0.00091
17	0.00134	0.00096	0.00128	0.00151	0.00160	0.00090	0.00104	0.00156	0.00213	0.00283	0.03970	0.84191	0.03115	0.00328	0.00137	0.00043	0.00064	0.06447	0.00100	0.00089
18	0.01136	0.00192	0.00312	0.76594	0.07604	0.00231	0.00279	0.01991	0.00226	0.00296	0.03750	0.00340	0.03967	0.00120	0.00113	0.00036	0.01663	0.00975	0.00054	0.00122
19	0.02584	0.00420	0.00320	0.13835	0.11885	0.65199	0.00233	0.02466	0.00284	0.00289	0.00175	0.00217	0.00143	0.00110	0.00102	0.00030	0.01445	0.00077	0.00055	0.00130
20	0.00245	0.00234	0.00398	0.30795	0.63590	0.00251	0.00318	0.00311	0.00233	0.00325	0.00197	0.00272	0.00161	0.00101	0.00112	0.00033	0.02126	0.00096	0.00051	0.00153
21	0.16444	0.26858	0.12152	0.01125	0.08798	0.20031	0.06172	0.05382	0.00251	0.00964	0.00175	0.00207	0.00142	0.00102	0.00090	0.00029	0.00809	0.00073	0.00056	0.00140

[dist]
# distance from previous block
# <min> <max>
18	31

[block]
# block no. 5 follows, 305 sequences, length 6
# corresponding to MSA columns:
# 768-773
name=unknown_F
#
# <colnr> <probs for GDERKNQSTAVLIFYWHMCP>
#	G	D	E	R	K	N	Q	S	T	A	V	L	I	F	Y	W	H	M	C	P
0	0.02819	0.45703	0.00423	0.00210	0.00293	0.03047	0.00188	0.33947	0.00324	0.03369	0.02282	0.00227	0.00177	0.00114	0.00098	0.00028	0.04244	0.00078	0.00073	0.02356
1	0.04447	0.00243	0.00366	0.21082	0.45695	0.02720	0.02600	0.08827	0.02383	0.07199	0.00222	0.00273	0.00172	0.00105	0.00104	0.00032	0.00126	0.00095	0.00065	0.03244
2	0.01328	0.03554	0.07877	0.00228	0.02899	0.09015	0.02018	0.19143	0.10941	0.09409	0.03786	0.11712	0.05253	0.01190	0.03526	0.00040	0.02003	0.03127	0.00089	0.02861
3	0.00139	0.00112	0.02703	0.00154	0.00168	0.00098	0.00110	0.00170	0.02644	0.00286	0.04461	0.77873	0.03969	0.03708	0.00149	0.00045	0.00067	0.02955	0.00098	0.00091
4	0.00210	0.00199	0.00336	0.84407	0.12242	0.00241	0.00302	0.00281	0.00218	0.00284	0.00192	0.00284	0.00146	0.00106	0.00107	0.00035	0.00141	0.00095	0.00048	0.00125
5	0.05917	0.07085	0.05973	0.01590	0.33202	0.02734	0.05923	0.11356	0.08839	0.10753	0.01745	0.01515	0.00213	0.00116	0.00104	0.00032	0.00119	0.01317	0.00075	0.01392

[dist]
# distance from previous block
# <min> <max>
0	12

[block]
# block no. 6 follows, 305 sequences, length 18
# corresponding to MSA columns:
# 786-800,802,803,811
name=unknown_G
#
# <colnr> <probs for GDERKNQSTAVLIFYWHMCP>
#	G	D	E	R	K	N	Q	S	T	A	V	L	I	F	Y	W	H	M	C	P
0	0.01983	0.00146	0.00189	0.00181	0.00210	0.00152	0.05584	0.03381	0.19107	0.00330	0.04660	0.39144	0.03034	0.13519	0.02385	0.00052	0.00728	0.05012	0.00093	0.00109
1	0.00169	0.00111	0.00138	0.00146	0.00168	0.00102	0.00104	0.01518	0.02001	0.08514	0.07627	0.57073	0.20127	0.00288	0.00130	0.00040	0.00063	0.00255	0.01324	0.00100
2	0.00177	0.00154	0.02927	0.08568	0.02027	0.00158	0.08235	0.02076	0.00191	0.00264	0.00300	0.07178	0.00302	0.26329	0.37438	0.00108	0.02673	0.00136	0.00661	0.00099
3	0.02804	0.01195	0.04634	0.03022	0.14402	0.09810	0.13335	0.18818	0.19971	0.03158	0.01929	0.01708	0.00927	0.00126	0.00116	0.00034	0.02822	0.00953	0.00080	0.00156
4	0.00240	0.00224	0.00324	0.02358	0.20675	0.00270	0.03728	0.01042	0.16375	0.01357	0.00248	0.00319	0.01973	0.03437	0.07476	0.00052	0.39596	0.00107	0.00063	0.00136
5	0.00133	0.00109	0.00116	0.00116	0.00149	0.00093	0.00087	0.00165	0.00253	0.00315	0.16284	0.03651	0.74105	0.00263	0.00127	0.00036	0.00055	0.02127	0.01724	0.00093
6	0.00150	0.00113	0.00140	0.00144	0.01052	0.00105	0.00104	0.02146	0.02081	0.00363	0.44367	0.26730	0.19839	0.00259	0.00129	0.00037	0.00058	0.01977	0.00108	0.00099
7	0.02056	0.00283	0.00324	0.03263	0.00344	0.07822	0.07575	0.37842	0.15663	0.07794	0.00845	0.02896	0.00245	0.00152	0.00140	0.00038	0.09661	0.02798	0.00097	0.00165
8	0.00289	0.74755	0.06000	0.00194	0.00284	0.01319	0.00193	0.07498	0.00243	0.02259	0.00897	0.01568	0.00169	0.01334	0.00850	0.00027	0.00117	0.01107	0.00755	0.00140
9	0.00132	0.00105	0.00118	0.00125	0.00151	0.00092	0.00091	0.00159	0.00239	0.00299	0.09637	0.27375	0.57981	0.00286	0.00130	0.00038	0.00057	0.02792	0.00101	0.00091
10	0.00238	0.00226	0.00385	0.43427	0.48064	0.00248	0.02622	0.01722	0.00234	0.00320	0.00199	0.00277	0.00159	0.00110	0.01302	0.00035	0.00138	0.00097	0.00052	0.00146
11	0.01107	0.01007	0.01080	0.15645	0.03140	0.42295	0.01675	0.08863	0.13741	0.06603	0.00799	0.01378	0.00757	0.00122	0.00106	0.00032	0.01346	0.00092	0.00072	0.00140
12	0.01154	0.00178	0.00223	0.00188	0.00247	0.00174	0.02632	0.19344	0.01625	0.29260	0.09635	0.04122	0.14077	0.00189	0.00118	0.00036	0.00088	0.13231	0.03336	0.00142
13	0.00391	0.00495	0.00303	0.00273	0.00328	0.90348	0.00206	0.00419	0.00298	0.00265	0.00166	0.00196	0.00139	0.00112	0.00104	0.00028	0.02973	0.00070	0.00055	0.02831
14	0.00860	0.00228	0.01401	0.04253	0.12232	0.03470	0.10915	0.12622	0.06108	0.32154	0.01867	0.06327	0.01460	0.00571	0.00118	0.00035	0.01556	0.02587	0.01079	0.00158
15	0.02225	0.00248	0.00399	0.05825	0.73193	0.01948	0.02303	0.01448	0.04955	0.00354	0.01139	0.03059	0.00198	0.00108	0.00108	0.00033	0.00794	0.00103	0.00059	0.01500
16	0.07567	0.00235	0.00292	0.02670	0.04282	0.02127	0.01009	0.11110	0.16160	0.09512	0.01171	0.00839	0.01799	0.00156	0.00207	0.00039	0.39917	0.00102	0.00664	0.00142
17	0.00263	0.00242	0.00376	0.08648	0.60887	0.02851	0.02806	0.01359	0.10190	0.03661	0.01940	0.01204	0.04860	0.00117	0.00109	0.00033	0.00121	0.00109	0.00066	0.00159

[dist]
# distance from previous block
# <min> <max>
0	4

[block]
# block no. 7 follows, 305 sequences, length 15
# corresponding to MSA columns:
# 816,850-853,862-867,869-872
name=unknown_H
#
# <colnr> <probs for GDERKNQSTAVLIFYWHMCP>
#	G	D	E	R	K	N	Q	S	T	A	V	L	I	F	Y	W	H	M	C	P
0	0.00390	0.05324	0.00323	0.00285	0.03991	0.83288	0.00211	0.04413	0.00306	0.00283	0.00170	0.00198	0.00141	0.00110	0.00096	0.00028	0.00184	0.00071	0.00057	0.00129
1	0.01443	0.00216	0.00318	0.46375	0.17492	0.00941	0.01318	0.10903	0.11477	0.00360	0.01549	0.04355	0.01697	0.00126	0.00109	0.00035	0.00124	0.00111	0.00912	0.00139
2	0.02003	0.02479	0.00869	0.02583	0.10728	0.06083	0.02247	0.08518	0.28846	0.16185	0.09696	0.03457	0.01030	0.00148	0.00110	0.00034	0.00101	0.03046	0.00098	0.01740
3	0.00152	0.00113	0.00139	0.00146	0.00168	0.00106	0.00104	0.00196	0.05613	0.01368	0.18297	0.46229	0.14054	0.05007	0.00150	0.00042	0.00065	0.04131	0.00101	0.03818
4	0.00253	0.00285	0.00610	0.00453	0.04551	0.00274	0.86382	0.00339	0.00249	0.00340	0.00213	0.00286	0.00162	0.00096	0.00137	0.00037	0.05013	0.00124	0.00054	0.00144
5	0.12750	0.06159	0.00295	0.01908	0.01516	0.46800	0.01707	0.05965	0.15830	0.04929	0.01033	0.00245	0.00183	0.00116	0.00095	0.00030	0.00144	0.00082	0.00072	0.00138
6	0.00163	0.00126	0.03005	0.00838	0.00165	0.00112	0.00103	0.01782	0.01059	0.02570	0.14977	0.12157	0.20098	0.34006	0.02372	0.00910	0.00086	0.05294	0.00088	0.00090
7	0.00146	0.00103	0.00138	0.00161	0.00173	0.00099	0.00119	0.00175	0.00219	0.00292	0.01865	0.60031	0.02752	0.02644	0.00148	0.00046	0.00073	0.28102	0.02623	0.00091
8	0.00167	0.00127	0.00160	0.01819	0.00177	0.01823	0.00916	0.02467	0.00183	0.00249	0.00350	0.05698	0.03999	0.40613	0.35980	0.00116	0.02830	0.01185	0.01054	0.00086
9	0.07564	0.03916	0.06502	0.02572	0.07575	0.27884	0.01084	0.10947	0.21323	0.05688	0.00267	0.00279	0.01312	0.00801	0.00103	0.00032	0.00131	0.00091	0.00078	0.01852
10	0.00168	0.00128	0.00187	0.00205	0.04212	0.00123	0.04938	0.00210	0.00240	0.01284	0.06262	0.27059	0.07876	0.00279	0.00138	0.00044	0.00087	0.45266	0.01193	0.00101
11	0.00137	0.00102	0.00128	0.00139	0.00156	0.00094	0.00098	0.00168	0.01395	0.00314	0.21774	0.52884	0.19022	0.01708	0.00139	0.00041	0.00060	0.01445	0.00103	0.00092
12	0.00934	0.02536	0.13315	0.11145	0.17226	0.03922	0.17786	0.03349	0.16387	0.06814	0.01946	0.01040	0.01623	0.00117	0.00110	0.00034	0.00132	0.00693	0.00740	0.00153
13	0.07059	0.30218	0.13163	0.07291	0.03909	0.03298	0.04804	0.18834	0.02001	0.05032	0.00875	0.00820	0.00168	0.00108	0.00092	0.00030	0.00124	0.00082	0.00709	0.01381
14	0.14432	0.34695	0.10326	0.01055	0.01105	0.07281	0.01845	0.19443	0.01731	0.03393	0.00776	0.00224	0.01183	0.00108	0.00088	0.00029	0.00764	0.00076	0.00067	0.01378

[dist]
# distance from previous block
# <min> <max>
1	39

[block]
# block no. 8 follows, 305 sequences, length 22
# corresponding to MSA columns:
# 932-947,956-961
name=unknown_I
#
# <colnr> <probs for GDERKNQSTAVLIFYWHMCP>
#	G	D	E	R	K	N	Q	S	T	A	V	L	I	F	Y	W	H	M	C	P
0	0.07169	0.03245	0.02395	0.04079	0.03009	0.00198	0.01194	0.10025	0.16703	0.11781	0.10132	0.06821	0.12407	0.00165	0.00108	0.00033	0.00087	0.01197	0.00095	0.09159
1	0.00341	0.02722	0.14362	0.06446	0.19989	0.00986	0.01329	0.02545	0.04031	0.39666	0.04305	0.00343	0.02197	0.00124	0.00107	0.00033	0.00112	0.00105	0.00091	0.00165
2	0.19719	0.00190	0.00229	0.00181	0.00258	0.00180	0.00149	0.04215	0.01907	0.66084	0.03650	0.00343	0.01069	0.00130	0.00100	0.00033	0.00089	0.00101	0.00117	0.01257
3	0.00217	0.00190	0.00301	0.04743	0.48950	0.00189	0.00234	0.01728	0.00242	0.01579	0.03312	0.18140	0.08680	0.01409	0.00124	0.00037	0.00104	0.09611	0.00074	0.00135
4	0.00192	0.00138	0.00206	0.12336	0.10895	0.00142	0.01241	0.00808	0.02528	0.00926	0.03032	0.01983	0.13105	0.01346	0.01057	0.38269	0.00100	0.11018	0.00066	0.00611
5	0.03003	0.00239	0.00281	0.00216	0.00300	0.00242	0.00178	0.45004	0.00397	0.48494	0.00338	0.00310	0.00223	0.00130	0.00107	0.00033	0.00104	0.00101	0.00119	0.00181
6	0.00145	0.00104	0.00134	0.00143	0.00160	0.00097	0.00101	0.00182	0.02106	0.01093	0.36161	0.50364	0.05824	0.01946	0.00139	0.00040	0.00059	0.00999	0.00106	0.00095
7	0.00902	0.31343	0.03742	0.05600	0.23406	0.02201	0.02407	0.01444	0.02139	0.07638	0.07104	0.03396	0.05177	0.00816	0.00101	0.00031	0.00111	0.01113	0.01185	0.00142
8	0.00158	0.00118	0.00142	0.00142	0.00170	0.00112	0.00105	0.02049	0.06274	0.01604	0.36541	0.23180	0.24018	0.01331	0.00133	0.00038	0.00061	0.03614	0.00107	0.00102
9	0.00216	0.00151	0.00184	0.00184	0.00221	0.00157	0.00147	0.00330	0.26966	0.08466	0.06221	0.19520	0.02441	0.00237	0.00127	0.00041	0.00082	0.30578	0.03606	0.00124
10	0.01141	0.00168	0.01443	0.21914	0.09738	0.00170	0.01441	0.03557	0.05604	0.05130	0.09672	0.00582	0.27977	0.00173	0.00112	0.00034	0.00091	0.01443	0.09488	0.00121
11	0.00233	0.17022	0.73484	0.00287	0.00428	0.01229	0.02544	0.00338	0.00226	0.01141	0.00186	0.00220	0.00138	0.00102	0.00102	0.00032	0.02011	0.00077	0.00047	0.00154
12	0.00134	0.00096	0.00128	0.00153	0.00161	0.00090	0.00105	0.00155	0.00209	0.00278	0.00590	0.89159	0.00703	0.00333	0.00138	0.00044	0.00065	0.07272	0.00100	0.00088
13	0.00177	0.00118	0.00174	0.00169	0.00178	0.00136	0.00126	0.00175	0.00157	0.00222	0.00226	0.00358	0.00218	0.00543	0.42166	0.44347	0.10281	0.00103	0.00051	0.00076
14	0.01117	0.00233	0.00958	0.43857	0.41148	0.03027	0.01356	0.00310	0.02582	0.00314	0.00207	0.00281	0.00928	0.00107	0.00114	0.00034	0.03138	0.00096	0.00052	0.00143
15	0.00230	0.00216	0.00363	0.59517	0.34822	0.00247	0.00307	0.02459	0.00232	0.00311	0.00196	0.00278	0.00154	0.00104	0.00107	0.00034	0.00137	0.00096	0.00051	0.00139
16	0.12186	0.00896	0.01784	0.04698	0.09635	0.36830	0.22079	0.05346	0.00271	0.01282	0.00187	0.00232	0.00148	0.00107	0.00112	0.00032	0.03890	0.00088	0.00059	0.00136
17	0.00142	0.00114	0.00127	0.00124	0.00155	0.01068	0.00093	0.00181	0.01271	0.00349	0.40420	0.03941	0.51134	0.00249	0.00127	0.00035	0.00055	0.00213	0.00107	0.00096
18	0.00186	0.00093	0.00140	0.00140	0.00140	0.00093	0.00093	0.00140	0.00140	0.00186	0.00186	0.00326	0.00186	0.00373	0.00420	0.96876	0.00093	0.00093	0.00047	0.00047
19	0.00317	0.04915	0.00296	0.09473	0.06555	0.40233	0.00201	0.04770	0.21503	0.01443	0.01269	0.00305	0.00216	0.07885	0.00137	0.00037	0.00143	0.00095	0.00071	0.00136
20	0.02609	0.88855	0.01945	0.00187	0.00278	0.03065	0.00186	0.00327	0.01268	0.00262	0.00154	0.00176	0.00139	0.00093	0.00071	0.00024	0.00117	0.00059	0.00047	0.00138
21	0.01954	0.10792	0.06435	0.00217	0.01247	0.02403	0.03080	0.10376	0.05157	0.52976	0.00347	0.00322	0.01630	0.00125	0.00103	0.00032	0.00105	0.00100	0.00106	0.02496

[dist]
# distance from previous block
# <min> <max>
1	2

[block]
# block no. 9 follows, 305 sequences, length 6
# corresponding to MSA columns:
# 964-969
name=unknown_J
#
# <colnr> <probs for GDERKNQSTAVLIFYWHMCP>
#	G	D	E	R	K	N	Q	S	T	A	V	L	I	F	Y	W	H	M	C	P
0	0.00298	0.00223	0.00240	0.00205	0.00272	0.02584	0.00161	0.05289	0.58070	0.14024	0.02846	0.00372	0.00303	0.00135	0.00105	0.00033	0.00088	0.00111	0.02602	0.12040
1	0.03591	0.00119	0.00150	0.00138	0.00170	0.00111	0.00105	0.00235	0.00294	0.09118	0.74669	0.00738	0.06143	0.00207	0.00121	0.00034	0.00056	0.00180	0.03714	0.00109
2	0.02466	0.08289	0.15431	0.05598	0.02336	0.41677	0.02353	0.16760	0.00310	0.03526	0.00196	0.00222	0.00151	0.00110	0.00098	0.00030	0.00158	0.00079	0.00064	0.00144
3	0.00181	0.00120	0.00141	0.00134	0.00170	0.00107	0.00102	0.00225	0.02790	0.10784	0.31744	0.06445	0.41502	0.00237	0.00124	0.00036	0.00059	0.02516	0.02476	0.00107
4	0.00156	0.00118	0.00150	0.00151	0.00184	0.00107	0.02910	0.00192	0.00248	0.03081	0.09822	0.12179	0.45508	0.00271	0.00133	0.00040	0.00071	0.24480	0.00101	0.00098
5	0.02143	0.00213	0.02020	0.02484	0.23096	0.00208	0.00201	0.11953	0.09222	0.30620	0.02938	0.00363	0.01756	0.00129	0.00105	0.00033	0.00099	0.01597	0.10660	0.00161

[dist]
# distance from previous block
# <min> <max>
1	2

[block]
# block no. 10 follows, 305 sequences, length 6
# corresponding to MSA columns:
# 972-976,981
name=unknown_K
#
# <colnr> <probs for GDERKNQSTAVLIFYWHMCP>
#	G	D	E	R	K	N	Q	S	T	A	V	L	I	F	Y	W	H	M	C	P
0	0.09862	0.00186	0.00234	0.00185	0.00262	0.00173	0.00151	0.03158	0.05381	0.72775	0.03447	0.00361	0.00276	0.00133	0.00104	0.00033	0.00088	0.00106	0.02913	0.00171
1	0.02670	0.00133	0.00142	0.00130	0.00167	0.00137	0.00100	0.08858	0.05051	0.07075	0.03465	0.04613	0.00308	0.00139	0.00086	0.00028	0.00062	0.00112	0.66607	0.00117
2	0.00162	0.00130	0.02914	0.00154	0.00168	0.00122	0.02869	0.02133	0.01924	0.00259	0.02230	0.30625	0.00479	0.48793	0.02152	0.00076	0.02613	0.02035	0.00078	0.00085
3	0.02384	0.00251	0.00296	0.02162	0.00302	0.02099	0.00200	0.38519	0.03590	0.13172	0.00254	0.02466	0.00198	0.00152	0.00183	0.00037	0.30323	0.00102	0.03157	0.00153
4	0.01648	0.12039	0.05563	0.03006	0.36281	0.04562	0.02035	0.07181	0.04998	0.01720	0.00223	0.00261	0.01721	0.00104	0.00102	0.00029	0.02074	0.00087	0.00062	0.16305
5	0.00289	0.09486	0.01333	0.02463	0.02189	0.24822	0.03478	0.13642	0.05092	0.02347	0.18316	0.01462	0.04663	0.01856	0.01170	0.00035	0.05751	0.01396	0.00080	0.00131

[dist]
# distance from previous block
# <min> <max>
0	1

[block]
# block no. 11 follows, 305 sequences, length 19
# corresponding to MSA columns:
# 983-1001
name=unknown_L
#
# <colnr> <probs for GDERKNQSTAVLIFYWHMCP>
#	G	D	E	R	K	N	Q	S	T	A	V	L	I	F	Y	W	H	M	C	P
0	0.03836	0.00265	0.07530	0.00231	0.00770	0.01590	0.01399	0.17585	0.36644	0.09233	0.05308	0.02253	0.01860	0.00152	0.00115	0.00036	0.00691	0.00897	0.00104	0.09499
1	0.00260	0.00243	0.00406	0.17261	0.73607	0.00252	0.00315	0.01628	0.03025	0.01665	0.00211	0.00275	0.00171	0.00100	0.00107	0.00033	0.00128	0.00097	0.00056	0.00162
2	0.01126	0.00110	0.00132	0.00129	0.00158	0.00099	0.00097	0.00188	0.00272	0.01936	0.50308	0.09764	0.33240	0.00247	0.00127	0.00036	0.00055	0.01767	0.00110	0.00098
3	0.00190	0.00157	0.00260	0.01811	0.01664	0.00152	0.19325	0.02452	0.01668	0.02491	0.12073	0.22867	0.05753	0.00236	0.00133	0.00041	0.00099	0.27609	0.00905	0.00112
4	0.01258	0.00163	0.00195	0.00913	0.03103	0.01000	0.00134	0.16910	0.05180	0.05335	0.45338	0.05220	0.09766	0.03006	0.00135	0.00037	0.01229	0.00847	0.00108	0.00123
5	0.12588	0.01155	0.00244	0.01098	0.01280	0.00203	0.00159	0.12289	0.10904	0.50467	0.00377	0.00355	0.03193	0.00133	0.00102	0.00033	0.00092	0.01204	0.01129	0.02994
6	0.17714	0.00198	0.00236	0.00186	0.00264	0.00190	0.00153	0.11188	0.00306	0.64363	0.01803	0.00326	0.00241	0.00128	0.00100	0.00033	0.00091	0.00099	0.02213	0.00168
7	0.00152	0.00109	0.00143	0.00150	0.00171	0.00101	0.01666	0.00186	0.01360	0.03105	0.21877	0.45753	0.16244	0.01071	0.01157	0.00042	0.00067	0.06447	0.00103	0.00096
8	0.01115	0.00249	0.00369	0.18938	0.30723	0.03115	0.05765	0.12642	0.02552	0.01089	0.00204	0.00269	0.00166	0.00136	0.01869	0.00038	0.19691	0.00097	0.00829	0.00146
9	0.00155	0.00104	0.00118	0.00119	0.00120	0.00104	0.00067	0.00157	0.00160	0.00214	0.01883	0.02767	0.00406	0.91215	0.01909	0.00103	0.00105	0.00159	0.00067	0.00067
10	0.00152	0.00103	0.00118	0.00121	0.00123	0.00102	0.00070	0.00156	0.00166	0.00221	0.01853	0.12445	0.01931	0.81448	0.00483	0.00094	0.00097	0.00176	0.00071	0.00069
11	0.00136	0.00100	0.00134	0.00154	0.00164	0.00094	0.01258	0.00163	0.02085	0.00283	0.02448	0.86006	0.04220	0.00324	0.00136	0.00043	0.00064	0.01999	0.00100	0.00090
12	0.75677	0.08170	0.00210	0.00162	0.01159	0.02627	0.00133	0.05789	0.00966	0.01632	0.01711	0.00195	0.00141	0.00104	0.00075	0.00032	0.00961	0.00065	0.00069	0.00124
13	0.09636	0.05861	0.02545	0.03307	0.10700	0.07001	0.05301	0.14185	0.10200	0.04809	0.03852	0.01443	0.02014	0.01174	0.15232	0.00056	0.02365	0.00105	0.00076	0.00140
14	0.01114	0.59647	0.18715	0.00214	0.00312	0.07497	0.00856	0.01919	0.00998	0.00287	0.01162	0.03690	0.00170	0.00106	0.00082	0.00027	0.00125	0.00075	0.00052	0.02950
15	0.02765	0.12344	0.31577	0.04252	0.18867	0.04309	0.08040	0.02031	0.02462	0.02539	0.00927	0.00261	0.02139	0.00108	0.00109	0.00032	0.03628	0.00089	0.00056	0.03463
16	0.04170	0.19706	0.25835	0.00810	0.04573	0.03399	0.01322	0.03850	0.05791	0.06482	0.05949	0.01060	0.07811	0.00134	0.00102	0.00032	0.01210	0.03351	0.00070	0.04340
17	0.04789	0.11800	0.34188	0.12103	0.09616	0.02461	0.04404	0.04583	0.01740	0.05247	0.03892	0.01804	0.00196	0.00112	0.00102	0.00032	0.00905	0.00092	0.00060	0.01872
18	0.05751	0.24612	0.33503	0.00759	0.14951	0.02686	0.03423	0.02431	0.00239	0.05346	0.01675	0.00245	0.01222	0.00109	0.00829	0.00031	0.00132	0.00082	0.00057	0.01919

[dist]
# distance from previous block
# <min> <max>
7	38

[block]
# block no. 12 follows, 305 sequences, length 15
# corresponding to MSA columns:
# 1043-1057
name=unknown_M
#
# <colnr> <probs for GDERKNQSTAVLIFYWHMCP>
#	G	D	E	R	K	N	Q	S	T	A	V	L	I	F	Y	W	H	M	C	P
0	0.00294	0.32819	0.13988	0.00244	0.03771	0.08584	0.03007	0.09802	0.17281	0.04055	0.03076	0.01006	0.01396	0.00118	0.00095	0.00030	0.00121	0.00090	0.00071	0.00151
1	0.00260	0.10745	0.04379	0.00801	0.01007	0.00173	0.01030	0.02892	0.03795	0.23192	0.14487	0.10249	0.15296	0.00894	0.00740	0.00035	0.00085	0.05466	0.00099	0.04373
2	0.05365	0.00994	0.01416	0.25879	0.27584	0.02037	0.02220	0.04133	0.03648	0.02743	0.13999	0.00406	0.06017	0.00741	0.01687	0.00037	0.00116	0.00772	0.00071	0.00136
3	0.03368	0.20590	0.09008	0.07082	0.19528	0.02831	0.05526	0.03416	0.01457	0.05768	0.00223	0.00286	0.00186	0.00232	0.17307	0.00057	0.01753	0.01184	0.00059	0.00140
4	0.00194	0.00158	0.00195	0.00231	0.13594	0.05860	0.00148	0.02996	0.01155	0.03867	0.12654	0.39059	0.10458	0.01407	0.00132	0.00039	0.00083	0.07565	0.00094	0.00111
5	0.01477	0.00896	0.01721	0.09760	0.13682	0.00187	0.09017	0.01242	0.02383	0.24858	0.02088	0.11881	0.03052	0.00176	0.00126	0.00038	0.02828	0.14358	0.00090	0.00139
6	0.00212	0.00198	0.00276	0.01042	0.02830	0.02892	0.07091	0.01949	0.03347	0.00888	0.09617	0.12254	0.04985	0.01419	0.03974	0.00048	0.40154	0.06637	0.00072	0.00115
7	0.07071	0.00230	0.00356	0.18806	0.10162	0.02145	0.17659	0.05979	0.01490	0.16391	0.01728	0.00331	0.01426	0.00129	0.00141	0.00036	0.12311	0.03393	0.00073	0.00143
8	0.01932	0.01247	0.00305	0.06798	0.17139	0.11207	0.07738	0.02605	0.00796	0.10907	0.01684	0.02643	0.02468	0.06736	0.12879	0.00058	0.08841	0.03819	0.00070	0.00130
9	0.35349	0.00996	0.06535	0.12257	0.10242	0.02164	0.03259	0.06498	0.05032	0.07309	0.03457	0.04031	0.00209	0.00122	0.00099	0.00034	0.02103	0.00095	0.00073	0.00136
10	0.00196	0.00158	0.00175	0.00161	0.00202	0.00165	0.00123	0.03609	0.31191	0.01616	0.24163	0.02491	0.28674	0.03825	0.01232	0.00040	0.01577	0.00174	0.00105	0.00123
11	0.18393	0.00346	0.00270	0.01834	0.07374	0.41908	0.00188	0.08569	0.07200	0.05715	0.02965	0.02626	0.00201	0.00121	0.00096	0.00031	0.00138	0.00087	0.00073	0.01865
12	0.01551	0.00248	0.00397	0.07232	0.67988	0.00255	0.01510	0.10285	0.00272	0.06594	0.00222	0.00273	0.00176	0.00104	0.00109	0.00032	0.01183	0.00096	0.01307	0.00166
13	0.01366	0.01596	0.00395	0.02299	0.64853	0.00270	0.00287	0.18739	0.03797	0.03724	0.00227	0.00270	0.00180	0.00107	0.00109	0.00032	0.01414	0.00096	0.00068	0.00170
14	0.03660	0.00246	0.00292	0.03612	0.19391	0.02543	0.00208	0.17916	0.43673	0.02468	0.00336	0.03658	0.00264	0.01113	0.00112	0.00035	0.00104	0.00114	0.00092	0.00164

[dist]
# distance from previous block
# <min> <max>
2	4

[block]
# block no. 13 follows, 305 sequences, length 12
# corresponding to MSA columns:
# 1064-1075
name=unknown_N
#
# <colnr> <probs for GDERKNQSTAVLIFYWHMCP>
#	G	D	E	R	K	N	Q	S	T	A	V	L	I	F	Y	W	H	M	C	P
0	0.02118	0.15891	0.18990	0.01977	0.22103	0.02296	0.11412	0.04626	0.02579	0.11991	0.01225	0.01003	0.01804	0.00112	0.00103	0.00032	0.00130	0.01387	0.00067	0.00155
1	0.01171	0.00246	0.02176	0.23869	0.53245	0.03473	0.01270	0.01644	0.01960	0.07565	0.00220	0.00282	0.00174	0.01280	0.00114	0.00034	0.00967	0.00096	0.00060	0.00155
2	0.01215	0.03463	0.05178	0.08073	0.44667	0.02350	0.14212	0.02263	0.01487	0.06311	0.03454	0.02673	0.00908	0.00118	0.00110	0.00034	0.00130	0.03137	0.00064	0.00153
3	0.00161	0.00116	0.01183	0.01891	0.01341	0.00109	0.00120	0.00196	0.02630	0.04381	0.09518	0.54493	0.07179	0.02110	0.05113	0.01013	0.00082	0.08169	0.00098	0.00098
4	0.01108	0.14263	0.30309	0.09321	0.24111	0.01363	0.08624	0.02503	0.00993	0.03337	0.01275	0.00267	0.01026	0.00105	0.00102	0.00032	0.00139	0.00915	0.00055	0.00152
5	0.01432	0.00251	0.03087	0.25240	0.51268	0.03977	0.03327	0.01932	0.00243	0.04217	0.00215	0.02509	0.00176	0.00108	0.00111	0.00033	0.01564	0.00100	0.00057	0.00151
6	0.01274	0.01683	0.02445	0.00199	0.02351	0.00164	0.01722	0.02759	0.03793	0.59782	0.13853	0.01717	0.04102	0.00156	0.00112	0.00034	0.00089	0.03486	0.00119	0.00160
7	0.01054	0.00159	0.01060	0.02001	0.16115	0.00922	0.01945	0.01579	0.02209	0.09894	0.13649	0.20974	0.10313	0.00223	0.00127	0.00039	0.00912	0.16611	0.00095	0.00121
8	0.01054	0.04590	0.04650	0.07893	0.35800	0.01329	0.05161	0.04187	0.03885	0.23525	0.01894	0.01179	0.01244	0.00119	0.00112	0.00033	0.02052	0.01053	0.00078	0.00161
9	0.00968	0.00203	0.02057	0.03413	0.13447	0.01811	0.03988	0.09446	0.15375	0.12008	0.15812	0.10396	0.03685	0.00175	0.00120	0.00036	0.01451	0.05371	0.00096	0.00142
10	0.00218	0.00135	0.00911	0.00167	0.01186	0.00125	0.01134	0.02443	0.02254	0.17663	0.26763	0.22369	0.11509	0.02254	0.01088	0.00041	0.00958	0.08559	0.00108	0.00116
11	0.01305	0.00270	0.02506	0.06482	0.65065	0.05863	0.04348	0.04282	0.01547	0.03652	0.01445	0.00273	0.00181	0.00104	0.00112	0.00033	0.02212	0.00097	0.00059	0.00161

[dist]
# distance from previous block
# <min> <max>
8	21

[block]
# block no. 14 follows, 305 sequences, length 22
# corresponding to MSA columns:
# 1112-1125,1127-1134
name=unknown_O
#
# <colnr> <probs for GDERKNQSTAVLIFYWHMCP>
#	G	D	E	R	K	N	Q	S	T	A	V	L	I	F	Y	W	H	M	C	P
0	0.06370	0.00183	0.02980	0.00167	0.00203	0.07426	0.00667	0.05313	0.06705	0.05135	0.07322	0.17650	0.01651	0.29356	0.01437	0.00057	0.00099	0.01543	0.00083	0.05652
1	0.05301	0.04748	0.00302	0.00257	0.00313	0.70719	0.01195	0.06966	0.00296	0.00301	0.00179	0.00214	0.00150	0.00159	0.06292	0.01373	0.00975	0.00074	0.00059	0.00126
2	0.00166	0.00115	0.00135	0.00133	0.00139	0.01201	0.00084	0.00939	0.00169	0.01621	0.01778	0.02023	0.00379	0.74027	0.14335	0.00108	0.01457	0.01050	0.00067	0.00075
3	0.01646	0.00270	0.00297	0.00229	0.00313	0.00288	0.00188	0.69741	0.03069	0.13985	0.00283	0.01107	0.00202	0.00850	0.00109	0.00032	0.00110	0.00098	0.00107	0.07078
4	0.01790	0.00185	0.00244	0.00186	0.00270	0.00158	0.00153	0.00483	0.01740	0.78354	0.00385	0.00342	0.00248	0.00124	0.00103	0.00031	0.00089	0.00101	0.00121	0.14893
5	0.00134	0.00101	0.00122	0.00138	0.00154	0.00092	0.00095	0.00159	0.01617	0.00282	0.02655	0.59795	0.28030	0.04791	0.00153	0.00044	0.00062	0.01389	0.00099	0.00089
6	0.00255	0.02735	0.01996	0.01995	0.00351	0.06190	0.19486	0.02178	0.03640	0.01608	0.00182	0.00820	0.00160	0.00165	0.01742	0.00044	0.56171	0.00101	0.00054	0.00128
7	0.00150	0.00119	0.00168	0.01181	0.00980	0.00127	0.02034	0.00174	0.00204	0.00278	0.02124	0.73552	0.01324	0.00312	0.01675	0.00046	0.12341	0.03026	0.00091	0.00094
8	0.00132	0.00099	0.00123	0.00139	0.00155	0.00090	0.00097	0.00155	0.00222	0.00289	0.07075	0.65323	0.23573	0.00312	0.00134	0.00041	0.00060	0.01791	0.00101	0.00089
9	0.00266	0.02214	0.00342	0.03807	0.08942	0.18469	0.04869	0.00969	0.00211	0.00277	0.01489	0.00255	0.00857	0.00182	0.04358	0.00046	0.52176	0.00094	0.00052	0.00124
10	0.00293	0.92623	0.00552	0.00186	0.00277	0.02480	0.00184	0.00327	0.00221	0.01841	0.00154	0.00176	0.00140	0.00093	0.00070	0.00023	0.00116	0.00059	0.00048	0.00138
11	0.00259	0.00192	0.00228	0.00165	0.00259	0.00149	0.00133	0.02337	0.00239	0.12127	0.00221	0.00241	0.00173	0.00087	0.00084	0.00018	0.00082	0.00070	0.00073	0.82865
12	0.00251	0.00284	0.00604	0.00434	0.00538	0.01203	0.88283	0.00337	0.00250	0.00339	0.00221	0.01323	0.00170	0.00109	0.02052	0.00039	0.01636	0.00126	0.00055	0.01746
13	0.45167	0.17887	0.04088	0.02364	0.00275	0.02445	0.01739	0.11179	0.11156	0.02511	0.00205	0.00221	0.00158	0.00108	0.00081	0.00032	0.00102	0.00074	0.00072	0.00138
14	0.00156	0.00106	0.00122	0.00125	0.00127	0.00106	0.00074	0.00164	0.01246	0.00221	0.00366	0.07386	0.00419	0.82814	0.02213	0.00098	0.00104	0.04013	0.00069	0.00070
15	0.15343	0.00190	0.00230	0.00182	0.00257	0.00182	0.00149	0.08964	0.01300	0.61822	0.07023	0.00358	0.00288	0.00133	0.00102	0.00033	0.00088	0.00105	0.03086	0.00164
16	0.00221	0.08539	0.87739	0.00296	0.00449	0.00264	0.00379	0.00338	0.00226	0.00333	0.00189	0.00222	0.00136	0.00101	0.00099	0.00033	0.00155	0.00078	0.00045	0.00157
17	0.00269	0.02066	0.02677	0.14418	0.60921	0.02206	0.02584	0.02819	0.04298	0.04276	0.00886	0.00292	0.00625	0.00106	0.00107	0.00033	0.00128	0.01071	0.00060	0.00160
18	0.00133	0.00096	0.00128	0.00150	0.00158	0.00091	0.00102	0.00153	0.00209	0.00279	0.03240	0.89560	0.02588	0.00330	0.00139	0.00043	0.01166	0.01248	0.00100	0.00088
19	0.00155	0.00108	0.00134	0.00136	0.00141	0.00113	0.00087	0.00165	0.00166	0.00226	0.00355	0.11810	0.00399	0.62805	0.18919	0.00972	0.02099	0.01070	0.00067	0.00075
20	0.02690	0.11550	0.11045	0.03459	0.20665	0.03478	0.06987	0.23493	0.02009	0.09739	0.00732	0.00268	0.00181	0.00118	0.00743	0.00033	0.01860	0.00715	0.00074	0.00161
21	0.00753	0.00254	0.03127	0.25612	0.16459	0.04906	0.25532	0.04957	0.00666	0.02207	0.02771	0.02229	0.02695	0.00127	0.00836	0.00036	0.04831	0.01803	0.00061	0.00138

[dist]
# distance from previous block
# <min> <max>
4	14

[block]
# block no. 15 follows, 305 sequences, length 53
# corresponding to MSA columns:
# 1183-1189,1198-1206,1233-1241,1243,1245-1254,1256-1261,1263-1269,1271,1272,1279,1280
name=unknown_P
#
# <colnr> <probs for GDERKNQSTAVLIFYWHMCP>
#	G	D	E	R	K	N	Q	S	T	A	V	L	I	F	Y	W	H	M	C	P
0	0.02771	0.00306	0.02023	0.16425	0.30197	0.25030	0.01804	0.06137	0.04471	0.01138	0.00793	0.03520	0.01460	0.00125	0.00634	0.00033	0.02081	0.00847	0.00062	0.00142
1	0.01928	0.09452	0.41630	0.00226	0.00311	0.00210	0.00751	0.00642	0.00899	0.00862	0.00301	0.19396	0.01089	0.09078	0.08293	0.00054	0.03388	0.00816	0.00550	0.00125
2	0.01963	0.01965	0.00300	0.42541	0.06060	0.09082	0.00794	0.12576	0.05205	0.05380	0.00603	0.02178	0.04870	0.00135	0.01511	0.00035	0.00360	0.00104	0.00730	0.03609
3	0.00153	0.00734	0.00129	0.00133	0.00139	0.00106	0.00084	0.00161	0.00177	0.00876	0.00438	0.28549	0.04449	0.55383	0.02534	0.02285	0.01917	0.01601	0.00076	0.00076
4	0.00233	0.16619	0.75762	0.00285	0.00429	0.00951	0.01698	0.00340	0.00227	0.01610	0.00189	0.00220	0.00139	0.00100	0.00097	0.00032	0.00150	0.00077	0.00047	0.00796
