[name]
unknown

[dist]
# distance from previous block
# <min> <max>
0	575

[block]
# block no. 0 follows, 330 sequences, length 13
# corresponding to MSA columns:
# 799-811
name=unknown_A
#
# <colnr> <probs for GDERKNQSTAVLIFYWHMCP>
#	G	D	E	R	K	N	Q	S	T	A	V	L	I	F	Y	W	H	M	C	P
0	0.06186	0.06247	0.06072	0.06626	0.13929	0.02349	0.03484	0.13791	0.05638	0.13847	0.02574	0.01691	0.01608	0.00126	0.01318	0.00606	0.02213	0.02697	0.00772	0.08225
1	0.02243	0.06971	0.04288	0.09335	0.22044	0.04636	0.05778	0.04066	0.10480	0.07845	0.01254	0.01741	0.01091	0.00116	0.01060	0.00031	0.06469	0.00091	0.00064	0.10397
2	0.08863	0.00930	0.05052	0.06436	0.31156	0.01918	0.11261	0.07071	0.04046	0.03796	0.00956	0.07085	0.00849	0.00114	0.00098	0.00030	0.00111	0.01533	0.00064	0.08630
3	0.00233	0.00184	0.01469	0.02370	0.00253	0.00146	0.00132	0.02862	0.03481	0.09006	0.00211	0.00239	0.00168	0.00085	0.00080	0.00018	0.00079	0.01377	0.00067	0.77539
4	0.00181	0.00141	0.00168	0.00156	0.01608	0.00141	0.00118	0.02133	0.23374	0.01997	0.44050	0.05370	0.08930	0.00183	0.00110	0.00032	0.00062	0.02985	0.00100	0.08160
5	0.01875	0.00146	0.00163	0.00142	0.00185	0.02540	0.00111	0.07160	0.08880	0.18869	0.24369	0.00470	0.05062	0.00147	0.00095	0.00029	0.00066	0.00122	0.29448	0.00120
6	0.00138	0.00100	0.00118	0.00121	0.00145	0.00090	0.00088	0.00170	0.01336	0.02268	0.21586	0.24474	0.38000	0.02463	0.00127	0.00036	0.00055	0.03387	0.05208	0.00088
7	0.00130	0.00099	0.00115	0.00120	0.00144	0.00087	0.00087	0.00157	0.00227	0.01718	0.18484	0.27663	0.45481	0.01760	0.00127	0.00036	0.00054	0.03328	0.00096	0.00086
8	0.00161	0.00110	0.00131	0.00126	0.00152	0.01101	0.00095	0.00216	0.04701	0.01587	0.56957	0.04026	0.03952	0.01539	0.00113	0.00032	0.00053	0.04376	0.20474	0.00097
9	0.00133	0.00102	0.00122	0.00126	0.00149	0.00093	0.00092	0.01612	0.01763	0.00312	0.28613	0.30717	0.32482	0.00254	0.00121	0.00035	0.00054	0.03034	0.00098	0.00089
10	0.97201	0.00193	0.00147	0.00131	0.00193	0.00224	0.00108	0.00293	0.00170	0.00447	0.00139	0.00162	0.00108	0.00093	0.00062	0.00031	0.00077	0.00054	0.00062	0.00108
11	0.00162	0.00114	0.00158	0.00180	0.00203	0.00114	0.00157	0.00208	0.00229	0.00301	0.00519	0.01094	0.00561	0.00269	0.00135	0.00045	0.00090	0.91293	0.04078	0.00092
12	0.00447	0.00170	0.00231	0.00177	0.00254	0.00147	0.00147	0.00486	0.00285	0.95944	0.00393	0.00339	0.00247	0.00123	0.00100	0.00031	0.00085	0.00100	0.00123	0.00170

[dist]
# distance from previous block
# <min> <max>
0	17

[block]
# block no. 1 follows, 330 sequences, length 16
# corresponding to MSA columns:
# 829-844
name=unknown_B
#
# <colnr> <probs for GDERKNQSTAVLIFYWHMCP>
#	G	D	E	R	K	N	Q	S	T	A	V	L	I	F	Y	W	H	M	C	P
0	0.97201	0.00193	0.00147	0.00131	0.00193	0.00224	0.00108	0.00293	0.00170	0.00447	0.00139	0.00162	0.00108	0.00093	0.00062	0.00031	0.00077	0.00054	0.00062	0.00108
1	0.00372	0.00263	0.00285	0.00221	0.00298	0.00289	0.00182	0.82337	0.04016	0.07254	0.00270	0.00265	0.01743	0.00123	0.00100	0.00030	0.00105	0.00093	0.01589	0.00167
2	0.97201	0.00193	0.00147	0.00131	0.00193	0.00224	0.00108	0.00293	0.00170	0.00447	0.00139	0.00162	0.00108	0.00093	0.00062	0.00031	0.00077	0.00054	0.00062	0.00108
3	0.00247	0.00237	0.00405	0.00612	0.95875	0.00237	0.00306	0.00306	0.00227	0.00326	0.00188	0.00247	0.00158	0.00089	0.00099	0.00030	0.00118	0.00089	0.00049	0.00158
4	0.00280	0.00230	0.00243	0.00209	0.00271	0.00263	0.00165	0.23455	0.72718	0.00468	0.00366	0.00340	0.00272	0.00131	0.00101	0.00033	0.00086	0.00107	0.00101	0.00161
5	0.00255	0.00213	0.00228	0.01578	0.00265	0.00245	0.00160	0.06079	0.84625	0.01533	0.00393	0.00374	0.00297	0.00136	0.00101	0.00034	0.00081	0.01602	0.01646	0.00156
6	0.00140	0.00095	0.00114	0.00120	0.00123	0.00093	0.00074	0.00146	0.00164	0.00220	0.04306	0.25678	0.00461	0.61145	0.02051	0.02831	0.00087	0.02014	0.00071	0.00068
7	0.00165	0.00112	0.00147	0.00150	0.00175	0.00108	0.00118	0.00216	0.04626	0.05711	0.38748	0.14103	0.04903	0.02076	0.00131	0.00038	0.00066	0.28207	0.00101	0.00098
8	0.03877	0.01424	0.00448	0.03148	0.05793	0.02049	0.50625	0.05396	0.01988	0.06051	0.00204	0.00264	0.00159	0.00113	0.00955	0.00035	0.16456	0.00825	0.00058	0.00133
9	0.00228	0.00187	0.00307	0.71344	0.06387	0.00217	0.04278	0.03951	0.00222	0.10101	0.00206	0.00273	0.00150	0.00102	0.00100	0.00032	0.00126	0.00091	0.01575	0.00123
10	0.00126	0.00093	0.00117	0.00133	0.00147	0.00086	0.00093	0.00151	0.01402	0.00268	0.04393	0.65251	0.18784	0.02076	0.00132	0.00040	0.00059	0.05484	0.01080	0.00083
11	0.00284	0.02671	0.00256	0.01171	0.00268	0.24991	0.05411	0.07217	0.18122	0.10590	0.14353	0.01034	0.02917	0.00159	0.03702	0.00036	0.05004	0.00108	0.01577	0.00129
12	0.05287	0.02990	0.02022	0.03735	0.00278	0.03329	0.01771	0.28210	0.05202	0.29668	0.00298	0.05197	0.00223	0.00145	0.02593	0.00034	0.03109	0.00101	0.05662	0.00147
13	0.00199	0.02019	0.06086	0.01097	0.01601	0.01145	0.01986	0.02581	0.02524	0.00256	0.00200	0.00298	0.01049	0.04883	0.26284	0.01617	0.45923	0.00096	0.00050	0.00107
14	0.01227	0.00126	0.01933	0.01335	0.01075	0.00119	0.02087	0.01212	0.10279	0.05399	0.03923	0.59852	0.03520	0.00252	0.00119	0.00038	0.00069	0.04467	0.01084	0.01884
15	0.02742	0.02149	0.05448	0.03338	0.03974	0.04922	0.10634	0.04450	0.02593	0.05721	0.00221	0.03574	0.01760	0.01213	0.06616	0.00046	0.38261	0.02160	0.00058	0.00120

[dist]
# distance from previous block
# <min> <max>
2	79

[block]
# block no. 2 follows, 330 sequences, length 7
# corresponding to MSA columns:
# 925-931
name=unknown_C
#
# <colnr> <probs for GDERKNQSTAVLIFYWHMCP>
#	G	D	E	R	K	N	Q	S	T	A	V	L	I	F	Y	W	H	M	C	P
0	0.01254	0.01336	0.00247	0.16013	0.06636	0.01127	0.02647	0.02898	0.01686	0.12098	0.01716	0.01339	0.03961	0.00104	0.00091	0.00024	0.01036	0.01123	0.01309	0.43356
1	0.13036	0.01201	0.00206	0.01211	0.01122	0.01119	0.01161	0.05520	0.03981	0.07875	0.05024	0.00272	0.01219	0.01389	0.01209	0.05734	0.01055	0.00078	0.01462	0.46127
2	0.00149	0.00114	0.00172	0.00184	0.05802	0.00130	0.00132	0.00184	0.00163	0.00235	0.00265	0.00397	0.00250	0.05922	0.85251	0.00149	0.00249	0.00108	0.00054	0.00092
3	0.01573	0.00123	0.00145	0.00140	0.01325	0.01405	0.00103	0.02450	0.03862	0.08568	0.39003	0.08062	0.19780	0.05481	0.01656	0.00038	0.00065	0.03095	0.03025	0.00101
4	0.00126	0.00100	0.00113	0.00116	0.00143	0.00088	0.00086	0.00156	0.00235	0.00299	0.22472	0.12699	0.57512	0.00250	0.00120	0.00035	0.00053	0.05215	0.00096	0.00086
5	0.00373	0.00461	0.00284	0.00255	0.00308	0.89201	0.00192	0.07247	0.00296	0.00272	0.00160	0.00184	0.00131	0.00104	0.00091	0.00026	0.00175	0.00066	0.00055	0.00119
6	0.00125	0.00088	0.00114	0.00134	0.00142	0.00082	0.00090	0.00143	0.00191	0.00257	0.00552	0.85151	0.04761	0.03868	0.00139	0.00042	0.00059	0.00268	0.03714	0.00081

[dist]
# distance from previous block
# <min> <max>
13	17

[block]
# block no. 3 follows, 330 sequences, length 14
# corresponding to MSA columns:
# 957-970
name=unknown_D
#
# <colnr> <probs for GDERKNQSTAVLIFYWHMCP>
#	G	D	E	R	K	N	Q	S	T	A	V	L	I	F	Y	W	H	M	C	P
0	0.00270	0.93057	0.00514	0.00174	0.00258	0.03880	0.00171	0.00302	0.00205	0.00235	0.00139	0.00161	0.00128	0.00086	0.00065	0.00021	0.00109	0.00054	0.00043	0.00127
1	0.00119	0.00101	0.00102	0.00102	0.00135	0.00085	0.00077	0.00145	0.00230	0.00275	0.05412	0.00949	0.91429	0.00250	0.00118	0.00034	0.00050	0.00209	0.00093	0.00085
2	0.00189	0.00176	0.00297	0.89325	0.00656	0.00216	0.02690	0.00255	0.00201	0.00262	0.00185	0.00271	0.00139	0.00100	0.00099	0.00033	0.00130	0.00090	0.04578	0.00111
3	0.00264	0.83514	0.04467	0.00195	0.00284	0.02351	0.07203	0.00303	0.00207	0.00244	0.00145	0.00170	0.00130	0.00086	0.00070	0.00023	0.00114	0.00059	0.00043	0.00129
4	0.00271	0.00227	0.00249	0.00232	0.06019	0.00258	0.00172	0.17446	0.72985	0.00449	0.00363	0.00341	0.00271	0.00130	0.00101	0.00033	0.00087	0.00107	0.00098	0.00160
5	0.00134	0.00101	0.00125	0.00121	0.00146	0.00091	0.00091	0.00174	0.00262	0.00355	0.63149	0.05529	0.26292	0.00224	0.00119	0.00033	0.00050	0.02810	0.00104	0.00091
6	0.00314	0.24112	0.01500	0.02703	0.15011	0.46344	0.00901	0.02424	0.01796	0.01645	0.00862	0.00200	0.00144	0.00099	0.00090	0.00026	0.01580	0.00069	0.00052	0.00128
7	0.00144	0.00111	0.00161	0.00159	0.00177	0.00128	0.00123	0.00177	0.00163	0.00233	0.00308	0.00427	0.05997	0.03574	0.83686	0.00146	0.04029	0.00113	0.00056	0.00089
8	0.00250	0.00235	0.01448	0.06683	0.78419	0.00236	0.03312	0.02052	0.01314	0.03191	0.00196	0.00252	0.00160	0.00093	0.00103	0.00030	0.01729	0.00090	0.00053	0.00154
9	0.03186	0.10471	0.53884	0.05356	0.13551	0.02059	0.06537	0.00316	0.00215	0.03267	0.00182	0.00219	0.00136	0.00093	0.00093	0.00030	0.00136	0.00077	0.00047	0.00143
10	0.00142	0.00104	0.00134	0.00128	0.00152	0.00098	0.00095	0.00194	0.03520	0.00384	0.81258	0.08900	0.04089	0.00212	0.00118	0.00032	0.00049	0.00188	0.00107	0.00095
11	0.00162	0.00119	0.00172	0.00188	0.00214	0.00118	0.03086	0.00208	0.00231	0.00300	0.02455	0.01087	0.02342	0.00268	0.00136	0.00045	0.00092	0.88592	0.00091	0.00093
12	0.00241	0.01330	0.07635	0.06480	0.63398	0.00935	0.07307	0.02060	0.02582	0.01501	0.03131	0.00264	0.00181	0.00097	0.00106	0.00031	0.02427	0.00093	0.00053	0.00149
13	0.02562	0.06597	0.19910	0.01437	0.01470	0.00260	0.53876	0.06907	0.01614	0.00337	0.01122	0.00250	0.00154	0.00094	0.00112	0.00032	0.02976	0.00100	0.00053	0.00138

[dist]
# distance from previous block
# <min> <max>
0	16

[block]
# block no. 4 follows, 330 sequences, length 30
# corresponding to MSA columns:
# 987-989,1027,1030-1037,1049-1053,1062-1069,1073-1076,1083
name=unknown_E
#
# <colnr> <probs for GDERKNQSTAVLIFYWHMCP>
#	G	D	E	R	K	N	Q	S	T	A	V	L	I	F	Y	W	H	M	C	P
0	0.00151	0.00119	0.00168	0.00165	0.00180	0.01479	0.00127	0.00183	0.00160	0.00229	0.00260	0.00396	0.00248	0.07678	0.81366	0.00146	0.06695	0.00108	0.00053	0.00089
1	0.32087	0.00315	0.00262	0.05428	0.10633	0.37682	0.03233	0.05172	0.02114	0.00345	0.00164	0.00196	0.00131	0.00100	0.00088	0.00029	0.01773	0.00069	0.00057	0.00121
2	0.00126	0.00092	0.00123	0.00143	0.00149	0.00090	0.00097	0.00144	0.00189	0.00253	0.00528	0.89174	0.00632	0.02795	0.00144	0.00042	0.03415	0.01692	0.00090	0.00082
3	0.97201	0.00193	0.00147	0.00131	0.00193	0.00224	0.00108	0.00293	0.00170	0.00447	0.00139	0.00162	0.00108	0.00093	0.00062	0.00031	0.00077	0.00054	0.00062	0.00108
4	0.00207	0.00177	0.00207	0.00148	0.00236	0.00133	0.00118	0.00251	0.00207	0.00325	0.00177	0.00207	0.00148	0.00074	0.00074	0.00015	0.00074	0.00059	0.00059	0.97106
5	0.00372	0.00475	0.00283	0.00257	0.00308	0.96096	0.00193	0.00398	0.00283	0.00244	0.00154	0.00180	0.00128	0.00103	0.00090	0.00026	0.00180	0.00064	0.00051	0.00116
6	0.97201	0.00193	0.00147	0.00131	0.00193	0.00224	0.00108	0.00293	0.00170	0.00447	0.00139	0.00162	0.00108	0.00093	0.00062	0.00031	0.00077	0.00054	0.00062	0.00108
7	0.60750	0.00184	0.00178	0.00149	0.00216	0.00195	0.00122	0.00366	0.00213	0.36424	0.00235	0.00229	0.00160	0.00104	0.00076	0.00031	0.00080	0.00071	0.00085	0.00131
8	0.00118	0.00101	0.00101	0.00101	0.00135	0.00084	0.00076	0.00143	0.00227	0.00269	0.01010	0.00959	0.95834	0.00252	0.00118	0.00034	0.00050	0.00210	0.00093	0.00084
9	0.00143	0.00104	0.00135	0.00145	0.00163	0.00099	0.00109	0.02475	0.00917	0.00322	0.31574	0.38859	0.04607	0.00261	0.00125	0.00038	0.00062	0.19673	0.00098	0.00090
10	0.00244	0.00210	0.00222	0.00201	0.00256	0.00243	0.00156	0.00518	0.92851	0.00412	0.00410	0.03232	0.00315	0.00141	0.00102	0.00034	0.00078	0.00118	0.00101	0.00156
11	0.00378	0.00248	0.00274	0.00212	0.00288	0.00266	0.00174	0.70799	0.02513	0.18144	0.00276	0.00268	0.00191	0.00121	0.00098	0.00030	0.00101	0.00092	0.05363	0.00165
12	0.00127	0.00089	0.00118	0.00140	0.00148	0.00083	0.00095	0.00147	0.00194	0.01274	0.00543	0.90142	0.00645	0.00306	0.00126	0.00040	0.00059	0.04018	0.01621	0.00083
13	0.03748	0.00465	0.00278	0.00252	0.00304	0.92754	0.00190	0.00394	0.00279	0.00251	0.00154	0.00179	0.00128	0.00102	0.00089	0.00026	0.00176	0.00064	0.00052	0.00115
14	0.00123	0.00088	0.00117	0.00139	0.00146	0.00083	0.00094	0.00142	0.00192	0.00255	0.00549	0.89122	0.01901	0.02798	0.00137	0.00042	0.00060	0.03840	0.00092	0.00081
15	0.00145	0.00097	0.00112	0.00112	0.00113	0.00098	0.00065	0.00147	0.00146	0.00196	0.00311	0.00635	0.00355	0.90188	0.06806	0.00101	0.00108	0.00142	0.00060	0.00062
16	0.00380	0.00188	0.00230	0.00184	0.00254	0.00185	0.00150	0.12739	0.20150	0.57680	0.01379	0.00339	0.00257	0.00126	0.00099	0.00031	0.00084	0.00102	0.05280	0.00162
17	0.00255	0.00211	0.00226	0.00202	0.00259	0.00242	0.00159	0.03528	0.86303	0.03469	0.00404	0.00393	0.00308	0.00139	0.00103	0.00034	0.00081	0.03427	0.00102	0.00156
18	0.00228	0.02557	0.03389	0.25991	0.52621	0.00237	0.10212	0.00297	0.02072	0.00305	0.00192	0.00261	0.00155	0.00094	0.00100	0.00031	0.00127	0.00938	0.00049	0.00141
19	0.00141	0.00098	0.00110	0.00111	0.00117	0.00095	0.00067	0.00148	0.00164	0.00215	0.04540	0.01545	0.12628	0.76155	0.01105	0.00084	0.00089	0.02451	0.00068	0.00066
20	0.04093	0.78372	0.02649	0.00192	0.02573	0.05339	0.01523	0.00946	0.00208	0.01006	0.00145	0.00169	0.00130	0.00089	0.00072	0.00023	0.01620	0.00057	0.00045	0.00747
21	0.00807	0.01677	0.08888	0.01508	0.05338	0.00252	0.74779	0.02193	0.02921	0.00327	0.00204	0.00263	0.00153	0.00088	0.00113	0.00033	0.00158	0.00110	0.00052	0.00138
22	0.00144	0.00105	0.00134	0.00128	0.00152	0.00098	0.00096	0.00195	0.03262	0.01155	0.77269	0.07126	0.08292	0.00213	0.00118	0.00032	0.00050	0.01230	0.00107	0.00095
23	0.00139	0.00103	0.00129	0.00141	0.00161	0.00097	0.00106	0.03000	0.00226	0.00296	0.12537	0.41145	0.21266	0.00272	0.00125	0.00039	0.00063	0.19970	0.00095	0.00088
24	0.16384	0.13967	0.13457	0.00280	0.14095	0.10120	0.06456	0.13651	0.04705	0.03698	0.00192	0.00217	0.00149	0.00100	0.00093	0.00029	0.02129	0.00077	0.00062	0.00139
25	0.01716	0.00101	0.00121	0.00131	0.00145	0.00098	0.00089	0.00165	0.04034	0.00765	0.04245	0.47507	0.15731	0.19073	0.04249	0.00055	0.00548	0.01060	0.00085	0.00083
26	0.00133	0.00097	0.00115	0.00123	0.00144	0.00087	0.00089	0.00160	0.00222	0.02037	0.15454	0.38504	0.35734	0.00262	0.00120	0.00036	0.00054	0.02771	0.03773	0.00087
27	0.01028	0.06354	0.68146	0.00285	0.02464	0.01697	0.07349	0.01251	0.00216	0.04763	0.00189	0.00901	0.00139	0.00100	0.00106	0.00032	0.04710	0.00079	0.00048	0.00144
28	0.00249	0.00254	0.04696	0.10046	0.68277	0.03737	0.06296	0.02335	0.00792	0.02084	0.00192	0.00248	0.00155	0.00092	0.00100	0.00030	0.00125	0.00089	0.00051	0.00150
29	0.00670	0.03224	0.01793	0.65283	0.11288	0.04563	0.00836	0.01737	0.00586	0.06044	0.01749	0.00267	0.00157	0.00101	0.00098	0.00032	0.00127	0.00088	0.00427	0.00928

[dist]
# distance from previous block
# <min> <max>
1	43

[block]
# block no. 5 follows, 330 sequences, length 30
# corresponding to MSA columns:
# 1127-1140,1142-1157
name=unknown_F
#
# <colnr> <probs for GDERKNQSTAVLIFYWHMCP>
#	G	D	E	R	K	N	Q	S	T	A	V	L	I	F	Y	W	H	M	C	P
0	0.01834	0.08481	0.14872	0.01919	0.05804	0.05577	0.11566	0.09517	0.09553	0.04718	0.01008	0.02182	0.00506	0.00434	0.00542	0.00030	0.02290	0.05967	0.00384	0.12814
1	0.00189	0.00150	0.00175	0.00629	0.00192	0.01984	0.00515	0.12593	0.03034	0.00775	0.15142	0.19499	0.13020	0.07986	0.02396	0.00041	0.09602	0.00873	0.04388	0.06819
2	0.00798	0.35409	0.09610	0.11422	0.25146	0.01853	0.07527	0.03008	0.01529	0.01336	0.00174	0.00216	0.00143	0.00092	0.00088	0.00028	0.00757	0.00076	0.00049	0.00741
3	0.00184	0.00163	0.00836	0.01180	0.00212	0.07042	0.00689	0.01361	0.03922	0.01237	0.01445	0.01043	0.00888	0.04659	0.56793	0.01003	0.17085	0.00104	0.00056	0.00098
4	0.00140	0.00104	0.00123	0.00118	0.00145	0.00093	0.00088	0.00938	0.00250	0.01878	0.47469	0.03185	0.34649	0.06487	0.00750	0.00038	0.00055	0.01893	0.01509	0.00090
5	0.00125	0.00093	0.00115	0.00126	0.00142	0.00085	0.00088	0.00149	0.00212	0.00278	0.15577	0.52095	0.23961	0.05389	0.00144	0.00040	0.00057	0.01147	0.00094	0.00083
6	0.00134	0.00101	0.00119	0.00119	0.00143	0.00091	0.00087	0.00165	0.00235	0.01593	0.33015	0.12794	0.39772	0.07381	0.00887	0.00040	0.00648	0.02492	0.00096	0.00087
7	0.00270	0.93223	0.00514	0.00174	0.00258	0.03714	0.00171	0.00302	0.00205	0.00235	0.00139	0.00161	0.00128	0.00086	0.00065	0.00021	0.00109	0.00054	0.00043	0.00128
8	0.00248	0.00214	0.00225	0.00203	0.00259	0.00248	0.00158	0.00530	0.95695	0.00417	0.00406	0.00372	0.00304	0.00135	0.00101	0.00034	0.00079	0.00113	0.00101	0.00158
9	0.00207	0.00177	0.00207	0.00148	0.00236	0.00133	0.00118	0.00251	0.00207	0.00325	0.00177	0.00207	0.00148	0.00074	0.00074	0.00015	0.00074	0.00059	0.00059	0.97106
10	0.97201	0.00193	0.00147	0.00131	0.00193	0.00224	0.00108	0.00293	0.00170	0.00447	0.00139	0.00162	0.00108	0.00093	0.00062	0.00031	0.00077	0.00054	0.00062	0.00108
11	0.00235	0.00269	0.00588	0.00420	0.00521	0.00252	0.95513	0.00319	0.00235	0.00319	0.00202	0.00269	0.00151	0.00084	0.00118	0.00034	0.00168	0.00118	0.00050	0.00134
12	0.00119	0.00101	0.00102	0.00102	0.00135	0.00085	0.00076	0.00145	0.00229	0.00274	0.04729	0.00951	0.92112	0.00251	0.00118	0.00034	0.00050	0.00209	0.00093	0.00085
13	0.00200	0.00516	0.95980	0.00284	0.00431	0.00232	0.00368	0.00316	0.00210	0.00316	0.00179	0.00210	0.00126	0.00095	0.00095	0.00032	0.00147	0.00074	0.00042	0.00147
14	0.00163	0.00109	0.00135	0.00125	0.00156	0.00099	0.00095	0.00964	0.01255	0.07800	0.61780	0.00754	0.24489	0.00207	0.00115	0.00032	0.00052	0.00179	0.01394	0.00099
15	0.00144	0.00096	0.00109	0.00110	0.00110	0.00096	0.00062	0.00145	0.00147	0.00195	0.00322	0.03975	0.00373	0.93160	0.00494	0.00095	0.00095	0.00150	0.00062	0.00061
16	0.01008	0.00202	0.00215	0.00193	0.00245	0.01818	0.00739	0.03852	0.73216	0.00416	0.14880	0.01024	0.00396	0.00147	0.00104	0.00033	0.00077	0.01186	0.00101	0.00146
17	0.00173	0.00087	0.00131	0.00131	0.00132	0.00087	0.00088	0.00132	0.00132	0.00176	0.00181	0.00322	0.00182	0.00345	0.00384	0.94917	0.00087	0.02225	0.00044	0.00044
18	0.00379	0.00279	0.00299	0.00229	0.00309	0.00309	0.00189	0.95542	0.00469	0.00628	0.00239	0.00239	0.00170	0.00120	0.00100	0.00030	0.00110	0.00090	0.00100	0.00170
19	0.00445	0.00174	0.00234	0.00179	0.00257	0.00153	0.00148	0.04214	0.00293	0.92205	0.00387	0.00335	0.00244	0.00123	0.00100	0.00031	0.00086	0.00100	0.00122	0.00170
20	0.01986	0.00276	0.00295	0.00227	0.00306	0.00305	0.00187	0.92228	0.00460	0.02364	0.00240	0.00240	0.00170	0.00119	0.00099	0.00030	0.00109	0.00089	0.00100	0.00169
21	0.95108	0.00195	0.00150	0.00133	0.00195	0.00225	0.00110	0.02351	0.00176	0.00451	0.00141	0.00164	0.00109	0.00093	0.00063	0.00031	0.00078	0.00055	0.00063	0.00109
22	0.01063	0.03475	0.01150	0.00227	0.00300	0.03447	0.10814	0.22669	0.29708	0.23807	0.01393	0.00314	0.00236	0.00121	0.00101	0.00031	0.00102	0.00787	0.00096	0.00157
23	0.00119	0.00100	0.00103	0.00104	0.00136	0.00084	0.00078	0.00145	0.00228	0.00275	0.05456	0.06287	0.86038	0.00254	0.00118	0.00034	0.00051	0.00213	0.00093	0.00084
24	0.00120	0.00099	0.00105	0.00108	0.00137	0.00085	0.00080	0.00145	0.00223	0.00271	0.03957	0.15007	0.76327	0.01539	0.00125	0.00036	0.00053	0.01409	0.00093	0.00084
25	0.00243	0.00188	0.00206	0.00189	0.00237	0.00210	0.00145	0.05030	0.65109	0.06602	0.00422	0.17456	0.00358	0.00166	0.00105	0.00034	0.00076	0.00872	0.02205	0.00144
26	0.01841	0.23976	0.61529	0.00250	0.00374	0.01728	0.01199	0.06786	0.00889	0.00319	0.00174	0.00200	0.00131	0.00094	0.00087	0.00029	0.00134	0.00070	0.00047	0.00143
27	0.01635	0.00202	0.00242	0.00192	0.00263	0.00203	0.00156	0.27840	0.12260	0.49407	0.02096	0.02768	0.00970	0.00626	0.00103	0.00032	0.00089	0.00105	0.00649	0.00162
28	0.00125	0.00090	0.00115	0.00134	0.00142	0.00084	0.00090	0.00143	0.00193	0.00255	0.03336	0.75143	0.08302	0.08980	0.00161	0.00045	0.00061	0.02431	0.00090	0.00080
29	0.04499	0.00177	0.00231	0.00178	0.00254	0.00160	0.00147	0.06498	0.00292	0.84953	0.01316	0.00330	0.00243	0.00123	0.00099	0.00031	0.00086	0.00098	0.00119	0.00166

[dist]
# distance from previous block
# <min> <max>
3	9

[block]
# block no. 6 follows, 330 sequences, length 13
# corresponding to MSA columns:
# 1172-1174,1181-1190
name=unknown_G
#
# <colnr> <probs for GDERKNQSTAVLIFYWHMCP>
#	G	D	E	R	K	N	Q	S	T	A	V	L	I	F	Y	W	H	M	C	P
0	0.00217	0.00182	0.00219	0.01493	0.00251	0.00143	0.02090	0.02305	0.01754	0.02462	0.00188	0.00215	0.00153	0.00077	0.00077	0.00016	0.00078	0.00063	0.00062	0.87957
1	0.00251	0.00205	0.00220	0.00200	0.01583	0.00234	0.00153	0.03958	0.80082	0.02785	0.02192	0.00372	0.00305	0.00134	0.00099	0.00033	0.00078	0.00111	0.06853	0.00153
2	0.00167	0.00115	0.00142	0.00131	0.00162	0.00109	0.00101	0.03643	0.03510	0.04643	0.67005	0.00713	0.11751	0.00198	0.00114	0.00032	0.00054	0.02712	0.04600	0.00101
3	0.00139	0.00103	0.00126	0.00127	0.00151	0.00094	0.00094	0.00179	0.02178	0.02060	0.41501	0.20080	0.27717	0.00240	0.00120	0.00035	0.00054	0.04812	0.00101	0.00091
4	0.01388	0.00136	0.00160	0.00143	0.00184	0.02979	0.00111	0.00281	0.04607	0.25967	0.31178	0.09951	0.16890	0.00191	0.00110	0.00032	0.00065	0.01224	0.04288	0.00115
5	0.00143	0.00105	0.00153	0.00153	0.00169	0.00121	0.00116	0.00173	0.00158	0.00226	0.00273	0.00427	0.00265	0.13840	0.83030	0.00152	0.00244	0.00112	0.00054	0.00085
6	0.00149	0.00107	0.00133	0.00126	0.00154	0.00099	0.00095	0.00199	0.03702	0.03254	0.65056	0.04328	0.20047	0.00214	0.00117	0.00033	0.00051	0.01934	0.00105	0.00096
7	0.00159	0.00114	0.00141	0.00143	0.00172	0.00108	0.00113	0.00212	0.05973	0.04371	0.32715	0.06166	0.23610	0.00233	0.00122	0.00036	0.00064	0.25350	0.00100	0.00097
8	0.00267	0.96557	0.00522	0.00171	0.00256	0.00394	0.00171	0.00299	0.00203	0.00235	0.00139	0.00160	0.00128	0.00085	0.00064	0.00021	0.00107	0.00053	0.00043	0.00128
9	0.00237	0.00193	0.00208	0.00190	0.00240	0.00217	0.00147	0.05088	0.69983	0.03189	0.02565	0.10922	0.04890	0.00162	0.00106	0.00034	0.00076	0.01307	0.00101	0.00145
10	0.00242	0.00180	0.00210	0.00165	0.00232	0.01313	0.01446	0.17136	0.02410	0.07843	0.17152	0.00392	0.04563	0.00127	0.00094	0.00025	0.00078	0.03524	0.02257	0.40613
11	0.03498	0.00183	0.00298	0.82897	0.06927	0.00224	0.00268	0.00270	0.03961	0.00272	0.00186	0.00265	0.00140	0.00100	0.00098	0.00033	0.00128	0.00088	0.00047	0.00116
12	0.00300	0.00220	0.00221	0.00185	0.00242	0.06312	0.00147	0.37268	0.21613	0.05330	0.00302	0.00307	0.00225	0.00121	0.00091	0.00029	0.00089	0.00095	0.26760	0.00142

[dist]
# distance from previous block
# <min> <max>
1	2

[block]
# block no. 7 follows, 330 sequences, length 18
# corresponding to MSA columns:
# 1193-1210
name=unknown_H
#
# <colnr> <probs for GDERKNQSTAVLIFYWHMCP>
#	G	D	E	R	K	N	Q	S	T	A	V	L	I	F	Y	W	H	M	C	P
0	0.02462	0.01080	0.00294	0.07979	0.06695	0.38750	0.00768	0.31440	0.01559	0.06265	0.00766	0.00227	0.00158	0.00110	0.00097	0.00029	0.01030	0.00080	0.00072	0.00139
1	0.00221	0.00177	0.00205	0.00155	0.00235	0.00147	0.00123	0.00298	0.13638	0.05040	0.02566	0.01881	0.00204	0.00093	0.00081	0.00019	0.00074	0.00076	0.01754	0.73012
2	0.02199	0.00214	0.00743	0.00832	0.00266	0.10034	0.11387	0.14070	0.15609	0.09896	0.17484	0.06342	0.08268	0.00156	0.00107	0.00032	0.00096	0.01555	0.00091	0.00620
3	0.00260	0.00215	0.00229	0.00202	0.00260	0.00246	0.00158	0.07809	0.83397	0.02685	0.03134	0.00372	0.00311	0.00136	0.00102	0.00033	0.00080	0.00113	0.00102	0.00157
4	0.00143	0.00096	0.00109	0.00112	0.00112	0.00095	0.00064	0.00144	0.00150	0.00199	0.00338	0.10352	0.00392	0.86756	0.00469	0.00091	0.00093	0.00159	0.00064	0.00062
5	0.00163	0.00118	0.00159	0.00178	0.00202	0.00118	0.00153	0.01965	0.02566	0.00307	0.03528	0.04849	0.04815	0.00267	0.00134	0.00044	0.00087	0.80159	0.00093	0.00094
6	0.00372	0.00279	0.00291	0.00227	0.00304	0.04207	0.00186	0.81416	0.07184	0.04138	0.00253	0.00250	0.00180	0.00120	0.00099	0.00030	0.00109	0.00091	0.00099	0.00167
7	0.00368	0.00443	0.00282	0.00252	0.00306	0.81451	0.00191	0.11204	0.04058	0.00294	0.00174	0.00194	0.00140	0.00106	0.00091	0.00026	0.00168	0.00069	0.00059	0.00123
8	0.00158	0.00113	0.00157	0.00180	0.00202	0.00112	0.00156	0.00202	0.00227	0.00295	0.00529	0.08026	0.00580	0.00278	0.00137	0.00046	0.00089	0.88330	0.00092	0.00091
9	0.00127	0.00092	0.00121	0.00140	0.00149	0.00087	0.00096	0.00155	0.02531	0.00274	0.09429	0.80693	0.02445	0.00296	0.00126	0.00039	0.00058	0.02962	0.00094	0.00084
10	0.00155	0.00126	0.00202	0.00186	0.00209	0.00144	0.08127	0.00193	0.00167	0.00239	0.00261	0.00396	0.00245	0.04557	0.76963	0.00138	0.05638	0.01907	0.00054	0.00093
11	0.02886	0.00174	0.00230	0.00178	0.00253	0.00156	0.00146	0.05021	0.01427	0.85420	0.02783	0.00341	0.00258	0.00125	0.00100	0.00031	0.00085	0.00101	0.00120	0.00166
12	0.00272	0.00168	0.00175	0.00164	0.00200	0.00164	0.00120	0.13346	0.01832	0.00465	0.05279	0.05424	0.02022	0.00176	0.00109	0.00038	0.00080	0.00131	0.69699	0.00138
13	0.04399	0.00276	0.00293	0.00225	0.00304	0.00306	0.00186	0.91588	0.00456	0.00621	0.00235	0.00236	0.00167	0.00119	0.00098	0.00030	0.00108	0.00088	0.00098	0.00167
14	0.00122	0.00101	0.00108	0.00111	0.00141	0.00086	0.00084	0.00150	0.00228	0.00279	0.07505	0.09939	0.74288	0.00256	0.00120	0.00035	0.00054	0.06213	0.00094	0.00085
15	0.00139	0.00102	0.00131	0.00148	0.00161	0.00101	0.00107	0.00180	0.07110	0.00271	0.01723	0.63850	0.01719	0.06201	0.02908	0.00048	0.00073	0.14853	0.00090	0.00087
16	0.00142	0.00107	0.00156	0.00157	0.00173	0.00123	0.00120	0.00174	0.00162	0.00231	0.00293	0.09276	0.00291	0.06574	0.79114	0.00143	0.02494	0.00125	0.00057	0.00087
17	0.00240	0.00231	0.00384	0.13370	0.79592	0.01732	0.00296	0.00299	0.00224	0.00315	0.00185	0.00247	0.00154	0.00090	0.00098	0.00030	0.00120	0.00088	0.00049	0.02254

[dist]
# distance from previous block
# <min> <max>
1	3

[block]
# block no. 8 follows, 330 sequences, length 14
# corresponding to MSA columns:
# 1220-1233
name=unknown_I
#
# <colnr> <probs for GDERKNQSTAVLIFYWHMCP>
#	G	D	E	R	K	N	Q	S	T	A	V	L	I	F	Y	W	H	M	C	P
0	0.01489	0.00227	0.01538	0.23784	0.60125	0.00236	0.05904	0.01812	0.02098	0.00315	0.00189	0.00253	0.00153	0.00094	0.00103	0.00031	0.01365	0.00090	0.00050	0.00144
1	0.00122	0.00088	0.00116	0.00137	0.00144	0.00081	0.00092	0.00140	0.00195	0.00259	0.02965	0.90374	0.04304	0.00307	0.00127	0.00040	0.00057	0.00278	0.00093	0.00081
2	0.00207	0.00177	0.00207	0.00148	0.00236	0.00133	0.00118	0.00251	0.00207	0.00325	0.00177	0.00207	0.00148	0.00074	0.00074	0.00015	0.00074	0.00059	0.00059	0.97106
3	0.00144	0.00099	0.00121	0.00130	0.00137	0.00098	0.00087	0.00162	0.01471	0.00237	0.01737	0.24353	0.01474	0.49873	0.01547	0.00071	0.00086	0.15118	0.02983	0.00074
4	0.00127	0.00099	0.00115	0.00117	0.00142	0.00087	0.00086	0.00157	0.00235	0.00305	0.29032	0.19025	0.46482	0.01737	0.00126	0.00035	0.00052	0.01858	0.00097	0.00086
5	0.00152	0.00110	0.00132	0.00137	0.00157	0.02970	0.00099	0.00184	0.00236	0.04468	0.34528	0.38871	0.11421	0.00248	0.00120	0.00036	0.00059	0.04679	0.01300	0.00092
6	0.00226	0.00124	0.00161	0.00142	0.00180	0.00115	0.00110	0.01571	0.03624	0.24792	0.55486	0.05678	0.04307	0.00185	0.00112	0.00032	0.00059	0.00160	0.02821	0.00116
7	0.00146	0.00099	0.00122	0.00130	0.00136	0.00098	0.00088	0.00158	0.00170	0.00226	0.00394	0.13322	0.01556	0.56978	0.01541	0.03093	0.00091	0.20406	0.01176	0.00070
8	0.00366	0.00456	0.00280	0.00253	0.00306	0.88551	0.00191	0.02828	0.05370	0.00263	0.00170	0.00192	0.00139	0.00105	0.00091	0.00026	0.00173	0.00067	0.00055	0.00119
9	0.00247	0.00237	0.00405	0.00612	0.95875	0.00237	0.00306	0.00306	0.00227	0.00326	0.00188	0.00247	0.00158	0.00089	0.00099	0.00030	0.00118	0.00089	0.00049	0.00158
10	0.00225	0.00183	0.01987	0.01985	0.01323	0.01193	0.00140	0.04234	0.48529	0.04583	0.13280	0.00483	0.12848	0.00155	0.00103	0.00032	0.00073	0.00129	0.08382	0.00134
11	0.00263	0.92138	0.00503	0.00167	0.00249	0.00381	0.00166	0.00295	0.00203	0.00241	0.00147	0.00170	0.00134	0.00087	0.00064	0.00021	0.00104	0.00055	0.04486	0.00126
12	0.00154	0.00114	0.01325	0.00130	0.00161	0.00101	0.01892	0.00199	0.02043	0.04100	0.48103	0.05804	0.25638	0.00210	0.00114	0.00032	0.00055	0.02790	0.06938	0.00096
13	0.00219	0.00173	0.04668	0.01264	0.06043	0.00154	0.10752	0.01677	0.07280	0.15044	0.19962	0.05069	0.15323	0.04579	0.00132	0.00035	0.02073	0.01918	0.01972	0.01662

[dist]
# distance from previous block
# <min> <max>
5	22

[block]
# block no. 9 follows, 330 sequences, length 16
# corresponding to MSA columns:
# 1269-1272,1292-1303
name=unknown_J
#
# <colnr> <probs for GDERKNQSTAVLIFYWHMCP>
#	G	D	E	R	K	N	Q	S	T	A	V	L	I	F	Y	W	H	M	C	P
0	0.01300	0.04040	0.09023	0.00902	0.12166	0.00154	0.04735	0.00703	0.04496	0.01286	0.24570	0.21631	0.08929	0.01603	0.00119	0.00035	0.00775	0.03341	0.00082	0.00110
1	0.01853	0.12801	0.53895	0.03691	0.01716	0.01842	0.05972	0.05578	0.06096	0.01430	0.00213	0.04088	0.00169	0.00109	0.00096	0.00032	0.00133	0.00088	0.00055	0.00144
2	0.00173	0.00088	0.00131	0.00132	0.00133	0.00088	0.00090	0.00133	0.00135	0.00179	0.00190	0.00342	0.00192	0.00343	0.00378	0.92538	0.00087	0.04557	0.00046	0.00046
3	0.00156	0.00113	0.00153	0.00172	0.00195	0.00112	0.00147	0.00201	0.01508	0.00294	0.02227	0.03468	0.08494	0.04131	0.00150	0.00046	0.00087	0.78165	0.00091	0.00091
4	0.01678	0.03385	0.09777	0.10530	0.12826	0.05020	0.17257	0.06082	0.25497	0.04305	0.00255	0.00284	0.00194	0.00109	0.00104	0.00032	0.01640	0.00812	0.00068	0.00144
5	0.00280	0.87772	0.00504	0.00181	0.00264	0.06682	0.00174	0.02702	0.00217	0.00249	0.00146	0.00169	0.00133	0.00090	0.00068	0.00023	0.00113	0.00056	0.00046	0.00130
6	0.00156	0.00108	0.00143	0.00134	0.00145	0.00109	0.03906	0.00167	0.00158	0.01677	0.01457	0.00567	0.00328	0.64637	0.16173	0.05086	0.00125	0.01611	0.00976	0.02337
7	0.00229	0.12028	0.68183	0.04116	0.00407	0.03235	0.02916	0.00327	0.01423	0.05971	0.00189	0.00217	0.00137	0.00096	0.00092	0.00030	0.00139	0.00075	0.00048	0.00144
8	0.00349	0.00199	0.03689	0.00230	0.09931	0.00182	0.01360	0.13975	0.06906	0.48153	0.10039	0.03081	0.01177	0.00133	0.00103	0.00031	0.00090	0.00112	0.00105	0.00155
9	0.00143	0.00096	0.00111	0.00113	0.00114	0.00097	0.00065	0.00146	0.00149	0.00199	0.00328	0.07176	0.00378	0.86254	0.04157	0.00095	0.00101	0.00153	0.00062	0.00063
10	0.01156	0.07298	0.05005	0.03822	0.00408	0.01884	0.51183	0.04917	0.00233	0.03256	0.00237	0.06558	0.01488	0.01022	0.00125	0.00033	0.06516	0.00116	0.04616	0.00127
11	0.01244	0.27500	0.25552	0.03834	0.03081	0.02301	0.02328	0.03466	0.02969	0.21641	0.01960	0.02311	0.00191	0.00111	0.00588	0.00029	0.00114	0.00570	0.00067	0.00142
12	0.00422	0.03932	0.02474	0.00179	0.00256	0.00161	0.00152	0.03118	0.00285	0.84126	0.02307	0.00343	0.01522	0.00124	0.00099	0.00031	0.00087	0.00101	0.00117	0.00165
13	0.00149	0.00098	0.00127	0.00139	0.00155	0.00092	0.00098	0.00179	0.02388	0.06094	0.11929	0.66368	0.06740	0.00276	0.00123	0.00038	0.00059	0.03100	0.01759	0.00090
14	0.04700	0.10429	0.13541	0.10254	0.08715	0.13441	0.11288	0.08693	0.01192	0.05736	0.02267	0.04417	0.01429	0.00115	0.00100	0.00030	0.01752	0.01263	0.00506	0.00132
15	0.03917	0.04941	0.13729	0.05076	0.11865	0.06833	0.19645	0.14608	0.04202	0.09809	0.00971	0.00718	0.00670	0.01012	0.00105	0.00032	0.00757	0.00901	0.00067	0.00143

[dist]
# distance from previous block
# <min> <max>
0	34

[block]
# block no. 10 follows, 330 sequences, length 23
# corresponding to MSA columns:
# 1341-1363
name=unknown_K
#
# <colnr> <probs for GDERKNQSTAVLIFYWHMCP>
#	G	D	E	R	K	N	Q	S	T	A	V	L	I	F	Y	W	H	M	C	P
0	0.11515	0.08578	0.09793	0.00746	0.06541	0.03444	0.02682	0.18927	0.26246	0.02175	0.00248	0.00256	0.00188	0.00110	0.00095	0.00030	0.01974	0.00085	0.00075	0.06292
1	0.19022	0.03485	0.00260	0.03325	0.00285	0.03319	0.00168	0.46335	0.15435	0.05307	0.00245	0.00246	0.00179	0.00114	0.00091	0.00030	0.00100	0.00084	0.00088	0.01882
2	0.00145	0.00110	0.00165	0.00162	0.00180	0.00126	0.01418	0.00180	0.00163	0.00234	0.01310	0.00419	0.00266	0.05599	0.86048	0.00150	0.01250	0.01931	0.00055	0.00088
3	0.00775	0.00149	0.00183	0.00690	0.00217	0.00688	0.00144	0.11603	0.08191	0.12465	0.11206	0.05223	0.08612	0.00219	0.01248	0.00039	0.00084	0.37535	0.00098	0.00631
4	0.21855	0.04089	0.01284	0.00195	0.00265	0.08761	0.00161	0.37695	0.03599	0.15655	0.04108	0.00254	0.00198	0.00116	0.00093	0.00030	0.01325	0.00084	0.00088	0.00145
5	0.02121	0.04617	0.02127	0.00230	0.00301	0.21607	0.01687	0.47723	0.17014	0.00472	0.00241	0.00244	0.00180	0.00115	0.00096	0.00029	0.00121	0.00086	0.00084	0.00909
6	0.00125	0.00089	0.00117	0.00139	0.00145	0.00084	0.00093	0.00142	0.00188	0.00251	0.00529	0.85565	0.00630	0.06727	0.01716	0.00046	0.00065	0.03181	0.00090	0.00080
7	0.03409	0.00185	0.00204	0.00183	0.00231	0.02845	0.00145	0.15317	0.28447	0.10808	0.09225	0.10329	0.03360	0.00175	0.00111	0.00034	0.01128	0.12063	0.01669	0.00132
8	0.01489	0.00254	0.00321	0.52768	0.05599	0.19676	0.08352	0.05184	0.00913	0.00283	0.00178	0.00245	0.00138	0.00105	0.00109	0.01388	0.02744	0.00086	0.00050	0.00119
9	0.00376	0.00278	0.00297	0.00229	0.00308	0.00308	0.00189	0.93360	0.02656	0.00623	0.00243	0.00242	0.00173	0.00120	0.00100	0.00030	0.00109	0.00090	0.00100	0.00169
10	0.00152	0.00109	0.00147	0.00168	0.00186	0.00108	0.00137	0.00197	0.03323	0.00291	0.00524	0.30001	0.00580	0.00277	0.00131	0.00043	0.00080	0.60073	0.03383	0.00091
11	0.03469	0.00234	0.00258	0.00201	0.00274	0.00250	0.00165	0.61970	0.01726	0.19737	0.01548	0.00278	0.00203	0.00121	0.00096	0.00030	0.00097	0.00093	0.09091	0.00159
12	0.00126	0.00092	0.00126	0.00144	0.00152	0.00087	0.01598	0.00145	0.00192	0.00255	0.00544	0.87008	0.02818	0.02655	0.00138	0.00042	0.01033	0.02672	0.00091	0.00082
13	0.00208	0.00131	0.00161	0.00147	0.00181	0.02838	0.00115	0.03252	0.01239	0.15901	0.57864	0.01209	0.01527	0.03499	0.00129	0.00035	0.00066	0.10527	0.00863	0.00108
14	0.00125	0.00091	0.00118	0.00139	0.00148	0.00085	0.00095	0.00149	0.01846	0.00261	0.02189	0.85245	0.04899	0.01114	0.00130	0.00041	0.00059	0.03093	0.00093	0.00083
15	0.00249	0.47606	0.31557	0.00220	0.00319	0.03990	0.02278	0.05193	0.00221	0.00288	0.00165	0.00193	0.00134	0.00095	0.00089	0.00026	0.03973	0.00066	0.03202	0.00134
16	0.05039	0.02599	0.80798	0.00277	0.01899	0.00234	0.02242	0.01830	0.00880	0.00327	0.00179	0.00210	0.00129	0.00094	0.00092	0.00031	0.00140	0.00073	0.00045	0.02882
17	0.00145	0.00097	0.00109	0.00109	0.00109	0.00097	0.00060	0.00145	0.00145	0.00193	0.00314	0.00652	0.00362	0.96497	0.00507	0.00097	0.00097	0.00145	0.00060	0.00060
18	0.00142	0.00107	0.00160	0.00160	0.00178	0.00125	0.00125	0.00178	0.00160	0.00231	0.00267	0.00392	0.00249	0.00748	0.96101	0.00160	0.00267	0.00107	0.00053	0.00089
19	0.01126	0.01297	0.14412	0.08807	0.19102	0.12815	0.08193	0.16091	0.05504	0.06819	0.00221	0.00252	0.00780	0.00106	0.00105	0.00031	0.02850	0.00088	0.01259	0.00144
20	0.06603	0.03747	0.03141	0.00239	0.00923	0.33550	0.03095	0.09436	0.10281	0.02302	0.02134	0.00243	0.01388	0.00126	0.00144	0.00032	0.21389	0.00083	0.01020	0.00126
21	0.00122	0.00091	0.00114	0.00131	0.00143	0.00083	0.00089	0.00142	0.00199	0.00259	0.02453	0.70920	0.20100	0.02866	0.00135	0.00041	0.00058	0.01881	0.00092	0.00082
22	0.00242	0.04225	0.04515	0.35817	0.17665	0.04452	0.02844	0.12013	0.04075	0.01774	0.01831	0.00260	0.00638	0.00103	0.00101	0.00030	0.01932	0.00087	0.00058	0.07338

[dist]
# distance from previous block
# <min> <max>
5	9

[block]
# block no. 11 follows, 330 sequences, length 9
# corresponding to MSA columns:
# 1375-1383
name=unknown_L
#
# <colnr> <probs for GDERKNQSTAVLIFYWHMCP>
#	G	D	E	R	K	N	Q	S	T	A	V	L	I	F	Y	W	H	M	C	P
0	0.00405	0.00205	0.00248	0.00193	0.00267	0.00203	0.00158	0.32073	0.04831	0.56027	0.00340	0.00309	0.00224	0.00122	0.00099	0.00030	0.00091	0.00097	0.03909	0.00166
1	0.00189	0.00137	0.01317	0.06942	0.04249	0.00136	0.00144	0.00254	0.08351	0.09016	0.34971	0.08343	0.04078	0.00208	0.01549	0.00037	0.02239	0.17636	0.00095	0.00109
2	0.00252	0.02795	0.01724	0.01365	0.00267	0.00244	0.01440	0.08716	0.71693	0.01534	0.01947	0.04829	0.00308	0.00142	0.00105	0.00034	0.01183	0.01174	0.00097	0.00151
3	0.82876	0.00198	0.00158	0.00142	0.00199	0.03041	0.00115	0.03298	0.00183	0.00430	0.00167	0.05946	0.00144	0.00109	0.00075	0.00032	0.02646	0.00070	0.00064	0.00109
4	0.01201	0.10611	0.24939	0.01018	0.03754	0.01514	0.10116	0.07289	0.16742	0.11560	0.01539	0.02613	0.03207	0.01350	0.00106	0.00032	0.01042	0.01151	0.00072	0.00143
5	0.91750	0.00209	0.00154	0.00138	0.00199	0.05621	0.00113	0.00299	0.00176	0.00436	0.00140	0.00163	0.00109	0.00093	0.00063	0.00031	0.00083	0.00055	0.00061	0.00108
6	0.00147	0.00106	0.00131	0.00138	0.00160	0.00101	0.00106	0.00183	0.02215	0.01811	0.14224	0.13009	0.24499	0.12054	0.01628	0.00047	0.00073	0.27196	0.02085	0.00088
7	0.03023	0.46565	0.15069	0.00221	0.04435	0.07430	0.01871	0.06825	0.01395	0.02164	0.00172	0.01450	0.00145	0.00096	0.00083	0.00025	0.01803	0.00068	0.00052	0.07107
8	0.01960	0.20692	0.41612	0.05410	0.03605	0.04784	0.04619	0.02897	0.02375	0.05952	0.00234	0.01311	0.03902	0.00110	0.00094	0.00031	0.00130	0.00085	0.00057	0.00142

[dist]
# distance from previous block
# <min> <max>
0	2

[block]
# block no. 12 follows, 330 sequences, length 11
# corresponding to MSA columns:
# 1386-1388,1390-1394,1396-1398
name=unknown_M
#
# <colnr> <probs for GDERKNQSTAVLIFYWHMCP>
#	G	D	E	R	K	N	Q	S	T	A	V	L	I	F	Y	W	H	M	C	P
0	0.00139	0.00094	0.00113	0.00120	0.00125	0.00092	0.00075	0.00149	0.00168	0.00227	0.02867	0.28966	0.02543	0.56424	0.02282	0.00075	0.00085	0.02182	0.03204	0.00070
1	0.00153	0.00122	0.04272	0.01547	0.00152	0.00111	0.00094	0.01729	0.02778	0.00234	0.03146	0.12478	0.02499	0.58952	0.02005	0.03929	0.00094	0.04696	0.00935	0.00075
2	0.01428	0.10902	0.22528	0.03021	0.14670	0.02334	0.05511	0.05810	0.06118	0.10406	0.11217	0.01097	0.01214	0.00117	0.00099	0.00030	0.00703	0.00786	0.00980	0.01031
3	0.03970	0.00193	0.01537	0.02112	0.09142	0.00181	0.14164	0.04645	0.01963	0.44763	0.02177	0.04259	0.04619	0.00130	0.00109	0.00032	0.02583	0.00981	0.02295	0.00146
4	0.00137	0.00099	0.00123	0.00124	0.00146	0.00090	0.00090	0.00170	0.00243	0.02221	0.46063	0.25637	0.21955	0.02284	0.00128	0.00036	0.00052	0.00211	0.00101	0.00089
5	0.05006	0.19174	0.25669	0.02209	0.06225	0.02319	0.09601	0.07918	0.05246	0.06667	0.01495	0.03368	0.01519	0.00109	0.00095	0.00030	0.01475	0.00089	0.00061	0.01725
6	0.01645	0.10515	0.30764	0.05178	0.12524	0.01640	0.01874	0.06142	0.04323	0.13297	0.02286	0.04026	0.01041	0.00931	0.02589	0.00034	0.00889	0.00094	0.00065	0.00142
7	0.02875	0.00179	0.00240	0.00226	0.11998	0.00169	0.00160	0.09379	0.01587	0.58952	0.00349	0.04876	0.00246	0.00127	0.00098	0.00030	0.00087	0.00105	0.08163	0.00156
8	0.02021	0.00184	0.02288	0.29245	0.11988	0.00185	0.01267	0.03155	0.03869	0.30528	0.10448	0.01370	0.01344	0.00123	0.00101	0.00032	0.00101	0.00106	0.01507	0.00137
9	0.03293	0.09196	0.26991	0.02064	0.18204	0.03316	0.09055	0.01227	0.03392	0.05146	0.07375	0.04537	0.03118	0.00120	0.00104	0.00031	0.02534	0.00103	0.00061	0.00135
10	0.00206	0.05307	0.79235	0.01696	0.00414	0.00234	0.04447	0.00313	0.01390	0.01691	0.01696	0.02573	0.00157	0.00102	0.00096	0.00031	0.00140	0.00082	0.00047	0.00143

[dist]
# distance from previous block
# <min> <max>
2	8

[block]
# block no. 13 follows, 330 sequences, length 7
# corresponding to MSA columns:
# 1409-1415
name=unknown_N
#
# <colnr> <probs for GDERKNQSTAVLIFYWHMCP>
#	G	D	E	R	K	N	Q	S	T	A	V	L	I	F	Y	W	H	M	C	P
0	0.01444	0.28779	0.24225	0.00213	0.01479	0.02584	0.01272	0.08118	0.06914	0.00317	0.05883	0.02472	0.06109	0.02113	0.01500	0.00033	0.06260	0.00094	0.00061	0.00129
1	0.00149	0.00113	0.00162	0.04850	0.00197	0.00129	0.00125	0.00192	0.03619	0.00248	0.07396	0.00437	0.00308	0.10234	0.71224	0.00133	0.00220	0.00115	0.00060	0.00090
2	0.02104	0.00162	0.00257	0.20597	0.24596	0.00169	0.03079	0.00248	0.00220	0.06859	0.14138	0.17610	0.02526	0.00184	0.03605	0.01924	0.01393	0.00141	0.00071	0.00117
3	0.01777	0.00196	0.01460	0.00195	0.05140	0.03408	0.03310	0.02026	0.02311	0.07545	0.06555	0.00272	0.01795	0.00100	0.00099	0.00022	0.05647	0.00080	0.00067	0.57995
4	0.01845	0.16837	0.42817	0.06105	0.01207	0.03679	0.03592	0.05802	0.01716	0.01268	0.01302	0.00284	0.02861	0.01401	0.03285	0.01136	0.01154	0.03525	0.00053	0.00132
5	0.00151	0.00113	0.00151	0.03026	0.03419	0.00114	0.00117	0.05678	0.00217	0.00291	0.10294	0.42790	0.09492	0.01788	0.14156	0.02621	0.00097	0.05311	0.00084	0.00092
6	0.04963	0.14611	0.30490	0.05683	0.06977	0.04707	0.09917	0.03132	0.01468	0.02125	0.00267	0.06700	0.06875	0.00120	0.00095	0.00030	0.00121	0.00101	0.01487	0.00130

[dist]
# distance from previous block
# <min> <max>
0	1

[block]
# block no. 14 follows, 330 sequences, length 7
# corresponding to MSA columns:
# 1417-1423
name=unknown_O
#
# <colnr> <probs for GDERKNQSTAVLIFYWHMCP>
#	G	D	E	R	K	N	Q	S	T	A	V	L	I	F	Y	W	H	M	C	P
