[name]
unknown

[dist]
# distance from previous block
# <min> <max>
1	706

[block]
# block no. 0 follows, 276 sequences, length 15
# corresponding to MSA columns:
# 792-806
name=unknown_A
#
# <colnr> <probs for GDERKNQSTAVLIFYWHMCP>
#	G	D	E	R	K	N	Q	S	T	A	V	L	I	F	Y	W	H	M	C	P
0	0.11651	0.23969	0.07571	0.05438	0.10112	0.04468	0.10873	0.03522	0.03971	0.04331	0.00223	0.01282	0.00180	0.00116	0.00110	0.00033	0.03325	0.00092	0.00067	0.08665
1	0.00265	0.00939	0.00275	0.04774	0.04659	0.04311	0.08657	0.05591	0.09562	0.11551	0.01112	0.34782	0.01310	0.04504	0.00703	0.00046	0.02761	0.02363	0.00099	0.01735
2	0.09927	0.00224	0.01541	0.53074	0.18919	0.00251	0.01355	0.00322	0.00246	0.03388	0.00256	0.00398	0.00215	0.00135	0.00118	0.00040	0.00141	0.09243	0.00064	0.00142
3	0.06200	0.01966	0.02204	0.11557	0.05177	0.22445	0.17550	0.03976	0.02648	0.01472	0.00217	0.00277	0.00175	0.00161	0.04734	0.00043	0.11408	0.00100	0.00064	0.07623
4	0.08635	0.00150	0.00178	0.00181	0.00209	0.00766	0.01508	0.09372	0.00865	0.01285	0.00586	0.60311	0.08727	0.00314	0.01724	0.00926	0.02212	0.01835	0.00104	0.00113
5	0.09577	0.00201	0.00307	0.69657	0.00652	0.00238	0.00272	0.00293	0.00234	0.00334	0.02404	0.07396	0.00224	0.00136	0.00114	0.00038	0.00136	0.00118	0.00062	0.07606
6	0.00502	0.00222	0.00284	0.00218	0.00308	0.00207	0.00180	0.18034	0.00376	0.74382	0.02074	0.00388	0.00289	0.00147	0.00118	0.00036	0.00104	0.00118	0.01815	0.00197
7	0.00223	0.00127	0.00147	0.00171	0.09352	0.00127	0.00109	0.00275	0.00244	0.00419	0.00368	0.00450	0.00300	0.07240	0.00124	0.00035	0.00068	0.00114	0.79995	0.00114
8	0.00166	0.00123	0.00165	0.00189	0.02536	0.00114	0.00135	0.00198	0.00240	0.00323	0.01723	0.62464	0.02288	0.00329	0.00147	0.00046	0.00080	0.21045	0.00105	0.07582
9	0.01164	0.07573	0.00207	0.01178	0.00214	0.00862	0.00133	0.10104	0.02101	0.00395	0.22554	0.33083	0.15100	0.01293	0.00140	0.00042	0.00080	0.03549	0.00109	0.00118
10	0.00268	0.00126	0.00139	0.00128	0.00168	0.00120	0.00099	0.00319	0.00265	0.16973	0.00459	0.00484	0.07335	0.00151	0.00093	0.00030	0.00063	0.00122	0.72534	0.00125
11	0.16719	0.00296	0.00312	0.00244	0.00333	0.00324	0.00201	0.65657	0.02235	0.12099	0.00289	0.00285	0.00202	0.00137	0.00110	0.00036	0.00119	0.00101	0.00114	0.00188
12	0.00180	0.00133	0.00158	0.00162	0.00187	0.00129	0.00116	0.09351	0.00273	0.00358	0.10219	0.41167	0.21113	0.10426	0.02365	0.00054	0.00083	0.03313	0.00107	0.00106
13	0.00183	0.00138	0.00166	0.00160	0.00194	0.00131	0.00123	0.07539	0.01644	0.00425	0.43482	0.10886	0.24819	0.00268	0.00141	0.00040	0.00069	0.09357	0.00119	0.00114
14	0.00281	0.00256	0.00420	0.01501	0.41878	0.00247	0.15599	0.07340	0.00284	0.02044	0.00283	0.07126	0.01226	0.00133	0.00122	0.00035	0.01063	0.03090	0.00072	0.16999

[dist]
# distance from previous block
# <min> <max>
1	9

[block]
# block no. 1 follows, 276 sequences, length 13
# corresponding to MSA columns:
# 816,817,841-844,846-852
name=unknown_B
#
# <colnr> <probs for GDERKNQSTAVLIFYWHMCP>
#	G	D	E	R	K	N	Q	S	T	A	V	L	I	F	Y	W	H	M	C	P
0	0.02035	0.01053	0.01621	0.00886	0.00958	0.01961	0.13480	0.06219	0.02880	0.05603	0.04873	0.08989	0.21346	0.10187	0.04294	0.00052	0.01887	0.02616	0.00092	0.08967
1	0.02066	0.32453	0.09957	0.01184	0.04166	0.05451	0.05489	0.11136	0.08284	0.08768	0.01308	0.01887	0.00218	0.00127	0.00108	0.00033	0.01962	0.01209	0.00078	0.04117
2	0.00269	0.12643	0.05006	0.12425	0.05287	0.00297	0.47176	0.00354	0.01699	0.02134	0.01636	0.02448	0.00222	0.00138	0.01910	0.00041	0.02726	0.03373	0.00063	0.00152
3	0.00172	0.00114	0.00130	0.00130	0.00131	0.00113	0.00073	0.00171	0.00172	0.00230	0.00374	0.03346	0.00431	0.90248	0.00583	0.03153	0.00113	0.00174	0.00072	0.00071
4	0.00232	0.01372	0.36024	0.18101	0.09437	0.01400	0.03200	0.01239	0.02781	0.01013	0.04831	0.05289	0.02030	0.01153	0.05078	0.00048	0.00155	0.06402	0.00068	0.00150
5	0.00263	0.08222	0.04502	0.18129	0.08525	0.05804	0.04523	0.03566	0.02897	0.06518	0.01525	0.02854	0.01108	0.04085	0.22947	0.00076	0.01256	0.02371	0.00688	0.00139
6	0.01756	0.37227	0.13573	0.05733	0.03621	0.09022	0.06016	0.05105	0.05477	0.01706	0.00944	0.00996	0.00871	0.01918	0.01315	0.00036	0.03283	0.01182	0.00064	0.00154
7	0.96690	0.00228	0.00173	0.00155	0.00228	0.00264	0.00128	0.00347	0.00201	0.00529	0.00164	0.00191	0.00128	0.00109	0.00073	0.00036	0.00091	0.00064	0.00073	0.00128
8	0.00220	0.00110	0.00110	0.00110	0.00137	0.00110	0.00082	0.00275	0.00247	0.00439	0.00385	0.00439	0.00302	0.00137	0.00082	0.00027	0.00055	0.00110	0.96512	0.00110
9	0.00273	0.41124	0.14588	0.00210	0.00324	0.00307	0.00210	0.00332	0.00243	0.00337	0.00190	0.00221	0.00161	0.00097	0.00086	0.00024	0.00117	0.00070	0.00059	0.41027
10	0.00440	0.00562	0.00334	0.00304	0.00364	0.95384	0.00228	0.00471	0.00334	0.00288	0.00182	0.00213	0.00152	0.00121	0.00106	0.00030	0.00213	0.00076	0.00061	0.00137
11	0.00220	0.00110	0.00110	0.00110	0.00137	0.00110	0.00082	0.00275	0.00247	0.00439	0.00385	0.00439	0.00302	0.00137	0.00082	0.00027	0.00055	0.00110	0.96512	0.00110
12	0.00268	0.24818	0.61786	0.00302	0.01724	0.01535	0.01641	0.00371	0.00249	0.02643	0.00205	0.00238	0.00155	0.00111	0.00107	0.00034	0.01698	0.00082	0.00053	0.01979

[dist]
# distance from previous block
# <min> <max>
0	1

[block]
# block no. 2 follows, 276 sequences, length 9
# corresponding to MSA columns:
# 854,855,857,858,863,864,866-868
name=unknown_C
#
# <colnr> <probs for GDERKNQSTAVLIFYWHMCP>
#	G	D	E	R	K	N	Q	S	T	A	V	L	I	F	Y	W	H	M	C	P
0	0.00170	0.00122	0.00152	0.00152	0.00170	0.00121	0.00106	0.00196	0.00226	0.02365	0.13314	0.13215	0.18491	0.29090	0.19693	0.00093	0.01935	0.00202	0.00091	0.00096
1	0.00153	0.00110	0.00143	0.00166	0.00179	0.00104	0.00116	0.00186	0.02261	0.00320	0.04822	0.75985	0.04651	0.00348	0.00148	0.00047	0.00071	0.07881	0.02207	0.00100
2	0.07839	0.06371	0.10830	0.12071	0.08226	0.06018	0.18631	0.04166	0.00257	0.03030	0.00216	0.01926	0.00176	0.00133	0.00165	0.00039	0.18250	0.00106	0.00062	0.01487
3	0.00172	0.00125	0.00166	0.00187	0.00208	0.00123	0.00147	0.00218	0.02780	0.00332	0.03568	0.34159	0.05461	0.04204	0.04678	0.00059	0.00100	0.43104	0.00106	0.00104
4	0.02089	0.00263	0.02990	0.19569	0.39813	0.00265	0.08465	0.04404	0.04560	0.10660	0.01560	0.00341	0.02477	0.00124	0.00124	0.00037	0.01901	0.00114	0.00074	0.00170
5	0.54890	0.04226	0.01448	0.03681	0.02072	0.14301	0.01007	0.04649	0.03727	0.04218	0.01507	0.00256	0.01259	0.00123	0.00093	0.00036	0.01299	0.00990	0.00077	0.00140
6	0.02693	0.06990	0.00369	0.01608	0.03018	0.37237	0.03634	0.30778	0.00378	0.02987	0.01481	0.00261	0.00188	0.00143	0.01442	0.00036	0.06421	0.00093	0.00081	0.00161
7	0.02004	0.02959	0.04166	0.24141	0.03887	0.03762	0.06963	0.14149	0.04333	0.06216	0.02253	0.02824	0.02705	0.00146	0.00124	0.00036	0.02318	0.05361	0.00082	0.11573
8	0.05318	0.47275	0.30273	0.00265	0.02757	0.02350	0.02195	0.02733	0.01679	0.02340	0.00204	0.00243	0.00167	0.00112	0.00094	0.00031	0.00142	0.01606	0.00058	0.00160

[dist]
# distance from previous block
# <min> <max>
0	1

[block]
# block no. 3 follows, 276 sequences, length 12
# corresponding to MSA columns:
# 870-874,879-885
name=unknown_D
#
# <colnr> <probs for GDERKNQSTAVLIFYWHMCP>
#	G	D	E	R	K	N	Q	S	T	A	V	L	I	F	Y	W	H	M	C	P
0	0.01261	0.00244	0.00339	0.26591	0.10726	0.07640	0.07366	0.06640	0.01719	0.15253	0.03158	0.05284	0.01274	0.00164	0.00129	0.00040	0.01457	0.10477	0.00086	0.00151
1	0.00182	0.00134	0.00163	0.00153	0.00189	0.00124	0.00116	0.01629	0.04982	0.02648	0.60353	0.03139	0.20460	0.00247	0.00137	0.00038	0.00063	0.02956	0.00123	0.02164
2	0.01913	0.03745	0.04866	0.03703	0.02217	0.09579	0.13248	0.03417	0.03178	0.04978	0.01726	0.10678	0.03688	0.01673	0.25126	0.00080	0.04268	0.01707	0.00077	0.00133
3	0.00276	0.21376	0.44423	0.00926	0.02286	0.01764	0.02358	0.07088	0.03950	0.02887	0.04465	0.02824	0.01417	0.00139	0.00807	0.00036	0.01104	0.01643	0.00068	0.00163
4	0.00216	0.00119	0.00120	0.00121	0.00147	0.02005	0.00090	0.00266	0.00243	0.00414	0.00394	0.06516	0.00333	0.02755	0.04412	0.00038	0.00072	0.00126	0.81503	0.00108
5	0.00300	0.00257	0.00271	0.00241	0.00309	0.00297	0.00188	0.04946	0.90578	0.00505	0.00471	0.00433	0.00353	0.00159	0.00120	0.00040	0.00095	0.00132	0.00120	0.00187
6	0.00427	0.00320	0.00342	0.00267	0.00357	0.00356	0.00219	0.81790	0.13528	0.00709	0.00310	0.00305	0.00222	0.00144	0.00118	0.00036	0.00125	0.00110	0.00118	0.00199
7	0.02744	0.01490	0.03271	0.00282	0.00374	0.06855	0.13798	0.34148	0.12772	0.14455	0.01301	0.00338	0.02117	0.00136	0.00118	0.00036	0.00132	0.00114	0.00103	0.05416
8	0.00331	0.01686	0.00322	0.01713	0.06819	0.32504	0.06746	0.12921	0.03659	0.02621	0.18264	0.00431	0.02946	0.00189	0.04379	0.00042	0.01707	0.01498	0.01078	0.00145
9	0.00171	0.00116	0.00139	0.00139	0.00143	0.00119	0.00085	0.00177	0.00176	0.00238	0.00380	0.00721	0.02892	0.75611	0.15770	0.02668	0.00145	0.00164	0.00071	0.00077
10	0.00305	0.49069	0.30730	0.00267	0.02104	0.08998	0.00282	0.03808	0.02853	0.00334	0.00195	0.00222	0.00159	0.00109	0.00093	0.00030	0.00149	0.00076	0.00056	0.00161
11	0.91510	0.05372	0.00197	0.00158	0.00232	0.00275	0.00132	0.00347	0.00203	0.00515	0.00164	0.00191	0.00129	0.00109	0.00073	0.00036	0.00093	0.00064	0.00072	0.00129

[dist]
# distance from previous block
# <min> <max>
4	37

[block]
# block no. 4 follows, 276 sequences, length 30
# corresponding to MSA columns:
# 933,934,942,945-956,993-1007
name=unknown_E
#
# <colnr> <probs for GDERKNQSTAVLIFYWHMCP>
#	G	D	E	R	K	N	Q	S	T	A	V	L	I	F	Y	W	H	M	C	P
0	0.00949	0.01112	0.00200	0.00201	0.00625	0.01137	0.00666	0.01684	0.06810	0.09072	0.05732	0.05982	0.10456	0.02839	0.00161	0.00662	0.00098	0.49765	0.01725	0.00122
1	0.02318	0.19416	0.04465	0.04909	0.11816	0.11602	0.08116	0.26333	0.01711	0.01914	0.00861	0.00274	0.00867	0.00122	0.00110	0.00033	0.01032	0.00096	0.01699	0.02305
2	0.01338	0.00222	0.00912	0.00195	0.02319	0.02126	0.01151	0.00950	0.02682	0.00387	0.00226	0.02368	0.00192	0.00097	0.00091	0.00020	0.00093	0.00079	0.00072	0.84477
3	0.06087	0.12315	0.34974	0.06564	0.09055	0.05082	0.03747	0.06915	0.07549	0.03553	0.00247	0.02387	0.00192	0.00123	0.00109	0.00036	0.00147	0.00098	0.00068	0.00754
4	0.03996	0.35499	0.18899	0.06681	0.06323	0.06468	0.10328	0.02805	0.03509	0.02637	0.01230	0.00255	0.00178	0.00112	0.00103	0.00033	0.00635	0.00089	0.00061	0.00159
5	0.00448	0.00330	0.00354	0.00271	0.00366	0.00366	0.00224	0.94729	0.00554	0.00743	0.00283	0.00283	0.00200	0.00142	0.00118	0.00035	0.00130	0.00106	0.00118	0.00200
6	0.00205	0.00102	0.00154	0.00154	0.00154	0.00102	0.00102	0.00154	0.00154	0.00205	0.00205	0.00358	0.00205	0.00410	0.00461	0.96570	0.00102	0.00102	0.00051	0.00051
7	0.00196	0.00127	0.00166	0.00154	0.00186	0.00116	0.00116	0.00249	0.00329	0.08560	0.81882	0.04116	0.02872	0.00238	0.00138	0.00037	0.00060	0.00210	0.00130	0.00118
8	0.06943	0.00214	0.00267	0.00209	0.00294	0.00202	0.00172	0.12564	0.02040	0.69199	0.00419	0.01249	0.00275	0.00145	0.00114	0.00036	0.00101	0.00115	0.05254	0.00190
9	0.00268	0.00258	0.00445	0.33049	0.59188	0.00275	0.04126	0.00342	0.00258	0.00356	0.00218	0.00300	0.00176	0.00109	0.00118	0.00037	0.00148	0.00106	0.00056	0.00167
10	0.00204	0.00112	0.00160	0.00159	0.00161	0.01357	0.00108	0.00165	0.00162	0.00216	0.01572	0.00384	0.00230	0.03763	0.06955	0.82872	0.01197	0.00108	0.00054	0.00058
11	0.02335	0.00299	0.00619	0.01120	0.09099	0.00285	0.75262	0.02182	0.01142	0.00385	0.00263	0.05955	0.00216	0.00118	0.00136	0.00040	0.00181	0.00145	0.00064	0.00158
12	0.02260	0.00231	0.00365	0.73044	0.08152	0.03544	0.03207	0.00313	0.00241	0.00315	0.00219	0.00334	0.00175	0.00126	0.00130	0.00040	0.04217	0.02898	0.00055	0.00136
13	0.00164	0.00133	0.00146	0.00149	0.00180	0.01839	0.00109	0.00216	0.06759	0.00992	0.13022	0.25052	0.46097	0.02338	0.00150	0.00043	0.00069	0.02323	0.00111	0.00107
14	0.07637	0.39899	0.10556	0.00245	0.01956	0.09133	0.01231	0.18625	0.02753	0.00884	0.05181	0.00263	0.00216	0.00121	0.00096	0.00031	0.00133	0.00087	0.00073	0.00879
15	0.14559	0.04232	0.02922	0.15993	0.20849	0.18733	0.04615	0.05421	0.02908	0.01684	0.00245	0.00292	0.03230	0.00124	0.00116	0.00036	0.02962	0.00098	0.00067	0.00914
16	0.00194	0.00149	0.00182	0.02342	0.01753	0.03646	0.00129	0.03260	0.00208	0.00284	0.00354	0.07045	0.00370	0.37554	0.34668	0.00123	0.02131	0.01632	0.03879	0.00098
17	0.00233	0.00192	0.00725	0.03478	0.19214	0.01122	0.04106	0.02502	0.10477	0.03105	0.46059	0.01769	0.02436	0.00188	0.00130	0.00037	0.00513	0.00612	0.02962	0.00142
18	0.01752	0.00233	0.01673	0.16181	0.19783	0.00213	0.01396	0.02383	0.03126	0.01527	0.00812	0.00300	0.01149	0.00107	0.00103	0.00028	0.00113	0.01161	0.00069	0.47891
19	0.96690	0.00228	0.00173	0.00155	0.00228	0.00264	0.00128	0.00347	0.00201	0.00529	0.00164	0.00191	0.00128	0.00109	0.00073	0.00036	0.00091	0.00064	0.00073	0.00128
20	0.00173	0.00125	0.00153	0.00155	0.00184	0.00118	0.00119	0.00230	0.04068	0.00403	0.39142	0.10355	0.20036	0.00266	0.00138	0.00041	0.00067	0.14857	0.09260	0.00110
21	0.00168	0.00126	0.00189	0.00189	0.00210	0.00147	0.00147	0.00210	0.00189	0.00274	0.00316	0.00463	0.00295	0.00884	0.95390	0.00189	0.00316	0.00126	0.00063	0.00105
22	0.02860	0.00201	0.00271	0.00208	0.00299	0.00175	0.00172	0.00569	0.00334	0.92908	0.00458	0.00396	0.00288	0.00145	0.00117	0.00036	0.00100	0.00117	0.00144	0.00199
23	0.00193	0.00137	0.00164	0.00155	0.00193	0.00128	0.00119	0.00264	0.08754	0.06324	0.46283	0.03060	0.29323	0.00252	0.00137	0.00039	0.00066	0.04167	0.00122	0.00120
24	0.05622	0.01921	0.00390	0.17697	0.18520	0.00318	0.06325	0.38662	0.05145	0.00522	0.00252	0.00293	0.00190	0.00128	0.00125	0.00037	0.03486	0.00106	0.00085	0.00174
25	0.00167	0.00121	0.00157	0.00150	0.00178	0.00112	0.00113	0.00223	0.01103	0.00462	0.87414	0.03952	0.03301	0.00247	0.00140	0.00038	0.00057	0.01827	0.00128	0.00111
26	0.00988	0.00264	0.03018	0.02090	0.02627	0.02431	0.03527	0.23111	0.38661	0.03453	0.07811	0.01647	0.03625	0.01353	0.03426	0.00044	0.00117	0.00829	0.00806	0.00171
27	0.93588	0.00227	0.00176	0.00157	0.00230	0.00261	0.00129	0.00354	0.00205	0.03583	0.00174	0.00198	0.00133	0.00111	0.00074	0.00036	0.00091	0.00066	0.00075	0.00130
28	0.00250	0.02017	0.04559	0.44867	0.10426	0.00866	0.08087	0.03200	0.10604	0.01103	0.05259	0.01031	0.01800	0.00139	0.00125	0.00039	0.01299	0.03547	0.00071	0.00712
29	0.00148	0.00109	0.00139	0.00158	0.00173	0.00100	0.00108	0.00173	0.00238	0.00315	0.05871	0.73474	0.12935	0.01270	0.00151	0.00046	0.00068	0.01439	0.00109	0.02975

[dist]
# distance from previous block
# <min> <max>
0	18

[block]
# block no. 5 follows, 276 sequences, length 10
# corresponding to MSA columns:
# 1026-1035
name=unknown_F
#
# <colnr> <probs for GDERKNQSTAVLIFYWHMCP>
#	G	D	E	R	K	N	Q	S	T	A	V	L	I	F	Y	W	H	M	C	P
0	0.02815	0.00228	0.01704	0.02803	0.00302	0.01689	0.00157	0.04449	0.01757	0.00400	0.00215	0.00250	0.00176	0.00095	0.00095	0.00021	0.01619	0.00074	0.00072	0.81081
1	0.01270	0.23230	0.22016	0.02124	0.03840	0.03094	0.08858	0.05797	0.02716	0.02832	0.01830	0.01800	0.02219	0.00134	0.01315	0.00034	0.00877	0.02122	0.00068	0.13822
2	0.12200	0.27979	0.24891	0.01800	0.00361	0.02454	0.01396	0.13165	0.02575	0.02574	0.01609	0.01350	0.00188	0.00139	0.01450	0.02294	0.02065	0.00088	0.00069	0.01354
3	0.00194	0.00153	0.02056	0.01610	0.02395	0.00137	0.03413	0.01628	0.02947	0.05661	0.34903	0.03991	0.32291	0.02004	0.03636	0.00046	0.00085	0.02620	0.00112	0.00119
4	0.00194	0.01259	0.10945	0.08767	0.04536	0.00170	0.08454	0.00258	0.01272	0.01464	0.26401	0.08465	0.24389	0.00227	0.01184	0.00041	0.00102	0.01652	0.00096	0.00126
5	0.01789	0.14067	0.10339	0.28551	0.03512	0.01431	0.13647	0.03333	0.03217	0.10309	0.02328	0.01746	0.01013	0.00137	0.01218	0.00039	0.02162	0.00937	0.00071	0.00154
6	0.00980	0.16763	0.36303	0.02951	0.02405	0.04260	0.03034	0.02404	0.04681	0.14236	0.01793	0.01236	0.02082	0.01296	0.02825	0.00041	0.01596	0.00876	0.00074	0.00164
7	0.00174	0.00115	0.00149	0.00164	0.00184	0.00107	0.00119	0.00205	0.00252	0.05391	0.08914	0.56807	0.11956	0.00324	0.00145	0.00045	0.00072	0.10816	0.03958	0.00105
8	0.01075	0.03098	0.36281	0.09104	0.27698	0.03040	0.04602	0.04540	0.01156	0.03518	0.01315	0.00295	0.01213	0.00127	0.01272	0.00038	0.01296	0.00101	0.00062	0.00170
9	0.04412	0.21498	0.09162	0.08816	0.04265	0.04235	0.03401	0.25720	0.02419	0.11797	0.00259	0.00287	0.00194	0.00127	0.00111	0.00034	0.01720	0.01286	0.00084	0.00171

[dist]
# distance from previous block
# <min> <max>
2	3

[block]
# block no. 6 follows, 276 sequences, length 7
# corresponding to MSA columns:
# 1042,1051-1056
name=unknown_G
#
# <colnr> <probs for GDERKNQSTAVLIFYWHMCP>
#	G	D	E	R	K	N	Q	S	T	A	V	L	I	F	Y	W	H	M	C	P
0	0.03345	0.00140	0.00163	0.06152	0.02288	0.01442	0.00125	0.00215	0.01754	0.00364	0.25005	0.05226	0.46449	0.01917	0.03048	0.00045	0.00080	0.02025	0.00106	0.00109
1	0.00271	0.03037	0.03443	0.10510	0.09586	0.03417	0.05489	0.03267	0.16869	0.05296	0.06880	0.02728	0.03771	0.00180	0.04346	0.00042	0.03779	0.01062	0.00085	0.15943
2	0.00175	0.00134	0.00190	0.00185	0.00210	0.00148	0.00142	0.00216	0.00206	0.00298	0.06384	0.06284	0.02453	0.02488	0.68588	0.00148	0.03727	0.00143	0.01955	0.05925
3	0.00233	0.00228	0.01678	0.41485	0.13678	0.05107	0.02050	0.01871	0.01911	0.00331	0.02953	0.00485	0.16772	0.01301	0.03048	0.00045	0.05256	0.01364	0.00069	0.00134
4	0.03670	0.02346	0.04340	0.02378	0.00324	0.04104	0.01473	0.27719	0.01378	0.05397	0.03946	0.02657	0.00268	0.00139	0.00109	0.00031	0.00112	0.05785	0.01144	0.32678
5	0.00243	0.06002	0.00371	0.64391	0.04862	0.04620	0.05188	0.00322	0.03945	0.00319	0.04275	0.02113	0.00220	0.00134	0.00126	0.02412	0.00149	0.00113	0.00060	0.00135
6	0.00307	0.64150	0.03676	0.00243	0.04352	0.03676	0.02839	0.05680	0.03556	0.00328	0.00260	0.00323	0.04247	0.00128	0.00093	0.00030	0.00128	0.05768	0.00064	0.00152

[dist]
# distance from previous block
# <min> <max>
0	142

# created by:
# /home/berkeley/.conda/envs/busco_data_prod/bin/msa2prfl.pl pipeline/OGs_align_augustus/2759/248751.fs
