[name]
unknown

[dist]
# distance from previous block
# <min> <max>
0	894

[block]
# block no. 0 follows, 321 sequences, length 6
# corresponding to MSA columns:
# 1132-1137
name=unknown_A
#
# <colnr> <probs for GDERKNQSTAVLIFYWHMCP>
#	G	D	E	R	K	N	Q	S	T	A	V	L	I	F	Y	W	H	M	C	P
0	0.09575	0.06983	0.08052	0.05687	0.07676	0.03243	0.03469	0.07660	0.12181	0.06746	0.03720	0.03354	0.05122	0.02753	0.01651	0.00035	0.03121	0.01400	0.02005	0.05568
1	0.06366	0.05136	0.09235	0.04391	0.05074	0.05085	0.01868	0.11635	0.07332	0.06628	0.04871	0.06124	0.04421	0.00160	0.02901	0.01967	0.02619	0.02128	0.02715	0.09344
2	0.06312	0.05109	0.10091	0.05695	0.03175	0.03936	0.07305	0.06548	0.05293	0.05283	0.03048	0.05681	0.05974	0.03714	0.02013	0.01241	0.06755	0.01932	0.00069	0.10825
3	0.11265	0.13028	0.09457	0.03746	0.02566	0.04618	0.03536	0.06949	0.05488	0.06550	0.07514	0.09811	0.03369	0.01521	0.02401	0.00036	0.02602	0.01356	0.01607	0.02578
4	0.06741	0.05756	0.06470	0.06910	0.06359	0.03388	0.02676	0.06401	0.09119	0.08231	0.06565	0.05941	0.06513	0.02970	0.02491	0.00037	0.03020	0.01539	0.03185	0.05689
5	0.03738	0.26196	0.05220	0.02720	0.02631	0.09012	0.02983	0.06222	0.05890	0.03352	0.03411	0.07038	0.04686	0.01555	0.01341	0.01157	0.04489	0.02049	0.01862	0.04449

[dist]
# distance from previous block
# <min> <max>
1	2

[block]
# block no. 1 follows, 321 sequences, length 11
# corresponding to MSA columns:
# 1140-1150
name=unknown_B
#
# <colnr> <probs for GDERKNQSTAVLIFYWHMCP>
#	G	D	E	R	K	N	Q	S	T	A	V	L	I	F	Y	W	H	M	C	P
0	0.03243	0.08044	0.09378	0.07197	0.07706	0.07689	0.09897	0.07306	0.04317	0.04380	0.03006	0.06052	0.01965	0.05568	0.04124	0.00040	0.01903	0.00107	0.01383	0.06695
1	0.02984	0.15163	0.15687	0.02228	0.03887	0.03704	0.01054	0.06220	0.02927	0.08040	0.03915	0.12807	0.02964	0.01667	0.03570	0.00036	0.02275	0.01509	0.00071	0.09294
2	0.00980	0.06749	0.24015	0.02609	0.04416	0.02026	0.02755	0.02493	0.02394	0.05311	0.04126	0.05292	0.05240	0.02372	0.02873	0.01682	0.04368	0.00103	0.00916	0.19281
3	0.01501	0.10214	0.05578	0.12804	0.04321	0.04488	0.04236	0.04659	0.08075	0.05992	0.05328	0.07966	0.04277	0.05852	0.01485	0.00036	0.01511	0.01099	0.00701	0.09875
4	0.02943	0.09698	0.08451	0.04386	0.03976	0.03278	0.03581	0.08118	0.08541	0.08793	0.04458	0.10406	0.01767	0.01835	0.02264	0.01089	0.01964	0.01776	0.01381	0.11294
5	0.15916	0.09443	0.05380	0.02500	0.05580	0.02198	0.02544	0.11667	0.07421	0.06784	0.01770	0.11432	0.03106	0.04717	0.00119	0.00035	0.01776	0.01127	0.00076	0.06407
6	0.15405	0.12020	0.05771	0.01190	0.08716	0.06580	0.03160	0.07571	0.10510	0.02589	0.01904	0.04731	0.02439	0.04703	0.00129	0.00034	0.07117	0.00098	0.01100	0.04231
7	0.01495	0.01169	0.01203	0.03712	0.07361	0.01504	0.00131	0.00941	0.00214	0.03247	0.15243	0.34425	0.03732	0.05967	0.07719	0.04744	0.01703	0.02725	0.01247	0.01519
8	0.00213	0.00200	0.01574	0.49939	0.09907	0.03171	0.05785	0.04035	0.01594	0.01599	0.03160	0.05389	0.03723	0.00131	0.01104	0.01169	0.00123	0.00108	0.00058	0.07019
9	0.00231	0.20715	0.59416	0.00258	0.02167	0.03377	0.00298	0.02399	0.04755	0.00313	0.00194	0.00231	0.00150	0.03078	0.00104	0.00032	0.00135	0.00076	0.01928	0.00143
10	0.00135	0.00108	0.00122	0.00124	0.00153	0.00098	0.00093	0.00179	0.04774	0.00312	0.21289	0.13074	0.53590	0.00252	0.00122	0.00036	0.00056	0.05293	0.00099	0.00092

[dist]
# distance from previous block
# <min> <max>
2	6

[block]
# block no. 2 follows, 321 sequences, length 22
# corresponding to MSA columns:
# 1157-1160,1165-1182
name=unknown_C
#
# <colnr> <probs for GDERKNQSTAVLIFYWHMCP>
#	G	D	E	R	K	N	Q	S	T	A	V	L	I	F	Y	W	H	M	C	P
0	0.11836	0.00188	0.04661	0.00178	0.00252	0.00162	0.00152	0.00441	0.03445	0.68775	0.02067	0.05291	0.00267	0.00133	0.00099	0.00032	0.00086	0.00107	0.01671	0.00158
1	0.05234	0.00177	0.00230	0.05672	0.08811	0.01334	0.04078	0.13765	0.05896	0.05471	0.20491	0.07542	0.09393	0.02798	0.03411	0.00040	0.03091	0.01522	0.00924	0.00122
2	0.00177	0.00097	0.00144	0.00154	0.04577	0.00096	0.00098	0.00145	0.00148	0.00198	0.02006	0.01257	0.04878	0.03253	0.00364	0.80808	0.00087	0.00101	0.01357	0.00055
3	0.01373	0.00254	0.04366	0.03303	0.02127	0.00268	0.00188	0.51844	0.21139	0.01640	0.05678	0.01232	0.02397	0.00141	0.00863	0.00033	0.00961	0.01259	0.00775	0.00158
4	0.00148	0.00105	0.00136	0.00139	0.00158	0.00100	0.00100	0.00196	0.05175	0.02055	0.48838	0.40064	0.00792	0.00249	0.00123	0.00036	0.00055	0.00223	0.01210	0.00096
5	0.00356	0.00264	0.00284	0.00223	0.00296	0.00291	0.00181	0.80322	0.06215	0.00591	0.00276	0.05240	0.00218	0.04608	0.00123	0.00035	0.00107	0.00106	0.00100	0.00163
6	0.05356	0.00263	0.00278	0.00220	0.00293	0.00293	0.00179	0.70797	0.15770	0.00580	0.00271	0.00283	0.00202	0.04598	0.00120	0.00035	0.00105	0.00097	0.00099	0.00164
7	0.00272	0.00161	0.00188	0.00941	0.00203	0.03591	0.00868	0.10346	0.00246	0.21631	0.02545	0.00381	0.00261	0.12122	0.05707	0.03603	0.07970	0.00105	0.28742	0.00118
8	0.00252	0.00246	0.05323	0.04167	0.77996	0.00232	0.00298	0.01201	0.00234	0.04256	0.00218	0.04721	0.00187	0.00104	0.00103	0.00031	0.00119	0.00100	0.00056	0.00157
9	0.00985	0.01148	0.00915	0.08779	0.00290	0.02691	0.04549	0.02444	0.02565	0.03485	0.00982	0.05259	0.00917	0.04982	0.03484	0.00032	0.04417	0.00091	0.00064	0.51921
10	0.80240	0.02572	0.00181	0.02015	0.01902	0.04120	0.01280	0.01599	0.02390	0.00438	0.00158	0.00183	0.00123	0.00097	0.00068	0.00031	0.00087	0.00061	0.02340	0.00115
11	0.02510	0.00214	0.00185	0.00171	0.00195	0.22600	0.00124	0.05479	0.00865	0.01061	0.00264	0.01142	0.00261	0.35244	0.05446	0.01916	0.07751	0.01947	0.12531	0.00094
12	0.88882	0.03365	0.00169	0.00140	0.00205	0.01387	0.00116	0.02117	0.00184	0.01483	0.00148	0.00170	0.00115	0.00096	0.00065	0.00031	0.00082	0.00057	0.00064	0.01124
13	0.00160	0.00112	0.00141	0.00133	0.00162	0.00103	0.00100	0.00938	0.02536	0.04520	0.67977	0.08139	0.11257	0.00216	0.00120	0.00033	0.00054	0.01568	0.00109	0.01622
14	0.00829	0.28300	0.30122	0.01225	0.04213	0.03128	0.09267	0.03805	0.01406	0.10569	0.00206	0.01338	0.00158	0.00101	0.00093	0.00029	0.01221	0.00080	0.00058	0.03851
15	0.00271	0.01199	0.09639	0.01285	0.06667	0.08094	0.40162	0.03600	0.00249	0.12013	0.00251	0.05123	0.00199	0.00592	0.00777	0.00034	0.02618	0.00112	0.06981	0.00137
16	0.00127	0.00091	0.00121	0.00144	0.00151	0.00085	0.00098	0.00147	0.00200	0.00266	0.02411	0.88902	0.02151	0.00316	0.00131	0.00042	0.00061	0.04379	0.00095	0.00084
17	0.00189	0.00171	0.00278	0.65378	0.04394	0.00203	0.02388	0.00941	0.02482	0.00840	0.00269	0.14086	0.02182	0.01865	0.00604	0.00037	0.01813	0.00990	0.00779	0.00112
18	0.00294	0.71515	0.01262	0.00194	0.00276	0.03411	0.01095	0.12258	0.00245	0.03425	0.00165	0.00186	0.00141	0.00099	0.00087	0.00025	0.05068	0.00064	0.00054	0.00137
19	0.12066	0.33260	0.10840	0.00628	0.00933	0.18394	0.00587	0.03251	0.00618	0.00870	0.00166	0.00850	0.00139	0.00095	0.00081	0.00025	0.01070	0.00065	0.00054	0.16010
20	0.00917	0.24513	0.01224	0.02528	0.02465	0.32136	0.00184	0.21147	0.04458	0.00357	0.00666	0.00887	0.00168	0.00109	0.00087	0.00027	0.00129	0.00077	0.07785	0.00135
21	0.00999	0.01207	0.02001	0.01711	0.00669	0.00965	0.00132	0.05000	0.12350	0.03044	0.03793	0.33052	0.03502	0.02885	0.00958	0.00036	0.00944	0.07247	0.00608	0.18896

[dist]
# distance from previous block
# <min> <max>
10	23

[block]
# block no. 3 follows, 321 sequences, length 12
# corresponding to MSA columns:
# 1227-1232,1236,1237,1241-1243,1271
name=unknown_D
#
# <colnr> <probs for GDERKNQSTAVLIFYWHMCP>
#	G	D	E	R	K	N	Q	S	T	A	V	L	I	F	Y	W	H	M	C	P
0	0.00142	0.00103	0.00126	0.00128	0.00153	0.00093	0.00095	0.00176	0.00248	0.03012	0.36540	0.22275	0.31357	0.00252	0.00124	0.00036	0.00055	0.04889	0.00102	0.00092
1	0.00318	0.07981	0.00280	0.01294	0.00286	0.49301	0.00177	0.03008	0.23907	0.02091	0.04948	0.00289	0.01314	0.02417	0.00949	0.00032	0.01118	0.00089	0.00071	0.00130
2	0.00149	0.00107	0.00124	0.00122	0.00153	0.00094	0.00091	0.00181	0.00245	0.06190	0.23890	0.11111	0.52897	0.00256	0.01966	0.00037	0.00059	0.02134	0.00100	0.00094
3	0.00236	0.05003	0.08688	0.01492	0.04571	0.00260	0.42003	0.02219	0.06327	0.01840	0.01511	0.00286	0.00182	0.02935	0.04399	0.00043	0.17711	0.00106	0.00056	0.00133
4	0.00154	0.00105	0.00120	0.00120	0.00123	0.00107	0.00071	0.00169	0.04850	0.00212	0.00329	0.03790	0.00369	0.82416	0.03491	0.03190	0.00102	0.00149	0.00064	0.00068
5	0.00964	0.02839	0.00948	0.15810	0.02144	0.02537	0.05423	0.08737	0.03060	0.01110	0.01531	0.01910	0.03542	0.12074	0.01318	0.00040	0.11704	0.00696	0.00063	0.23548
6	0.00232	0.00219	0.00366	0.37460	0.41685	0.00239	0.05783	0.04309	0.00228	0.00313	0.00188	0.00260	0.00151	0.00104	0.00117	0.01515	0.04287	0.00092	0.00051	0.02402
7	0.00218	0.00199	0.01416	0.16657	0.46378	0.00201	0.03081	0.00280	0.03266	0.01582	0.01647	0.13692	0.00266	0.00910	0.00112	0.00792	0.00110	0.03498	0.03258	0.02439
8	0.00201	0.00156	0.00190	0.00176	0.01027	0.00164	0.03094	0.01409	0.33495	0.03415	0.32694	0.02926	0.05547	0.02487	0.02733	0.00039	0.00077	0.06751	0.03296	0.00123
9	0.01600	0.03059	0.08488	0.10473	0.04876	0.04019	0.00193	0.10425	0.23055	0.14856	0.03624	0.04087	0.01002	0.02432	0.01657	0.00036	0.01009	0.00626	0.01353	0.03131
10	0.00138	0.00104	0.00121	0.00120	0.00149	0.00091	0.00090	0.00171	0.00247	0.02651	0.29667	0.12977	0.50027	0.00249	0.00122	0.00035	0.00054	0.02795	0.00101	0.00091
11	0.02362	0.03844	0.01261	0.12672	0.09004	0.00822	0.16148	0.19274	0.07374	0.09343	0.08969	0.01312	0.00264	0.00133	0.01455	0.00034	0.01983	0.01401	0.02204	0.00142

[dist]
# distance from previous block
# <min> <max>
0	3

[block]
# block no. 4 follows, 321 sequences, length 27
# corresponding to MSA columns:
# 1275-1291,1293-1302
name=unknown_E
#
# <colnr> <probs for GDERKNQSTAVLIFYWHMCP>
#	G	D	E	R	K	N	Q	S	T	A	V	L	I	F	Y	W	H	M	C	P
0	0.01915	0.09012	0.09677	0.05505	0.13837	0.02086	0.06463	0.04907	0.07381	0.15176	0.00266	0.04212	0.00219	0.00592	0.03600	0.00038	0.09939	0.03769	0.01265	0.00140
1	0.00132	0.00100	0.00121	0.00127	0.00149	0.00090	0.00093	0.00163	0.00238	0.00312	0.28633	0.28205	0.34311	0.01573	0.00130	0.00037	0.00056	0.05342	0.00100	0.00089
2	0.02568	0.01478	0.00238	0.21329	0.02479	0.00194	0.02110	0.18065	0.00702	0.14856	0.03590	0.01285	0.01328	0.00543	0.03945	0.01197	0.01769	0.01618	0.20576	0.00129
3	0.00128	0.00099	0.00114	0.00122	0.00142	0.00088	0.00086	0.00152	0.00219	0.00280	0.11407	0.32112	0.43068	0.09444	0.00163	0.00043	0.00059	0.02097	0.00094	0.00084
4	0.00156	0.00121	0.00170	0.00167	0.00181	0.00978	0.00816	0.00185	0.00166	0.00237	0.00284	0.06255	0.00283	0.12262	0.66195	0.01575	0.08229	0.00123	0.01531	0.00089
5	0.00204	0.00124	0.00156	0.00153	0.00183	0.00119	0.00113	0.02163	0.08918	0.16722	0.16354	0.44004	0.05318	0.02012	0.00128	0.00038	0.00066	0.02348	0.00767	0.00110
6	0.00290	0.74980	0.02334	0.00194	0.00278	0.09099	0.01807	0.06461	0.00234	0.01294	0.00157	0.00179	0.00137	0.00093	0.00076	0.00024	0.01331	0.00061	0.00839	0.00133
7	0.00169	0.00125	0.00163	0.00156	0.00172	0.01801	0.01199	0.02316	0.00880	0.02561	0.05486	0.01207	0.01028	0.30708	0.45863	0.01285	0.03986	0.00126	0.00680	0.00088
8	0.01036	0.06389	0.07483	0.04106	0.42866	0.03604	0.01651	0.07158	0.05477	0.05382	0.00675	0.03164	0.03040	0.00114	0.00102	0.00030	0.01164	0.01112	0.00064	0.05382
9	0.00264	0.00675	0.01528	0.05846	0.02789	0.03540	0.12416	0.17951	0.03141	0.14681	0.03174	0.27975	0.02488	0.00181	0.00118	0.00035	0.01832	0.01146	0.00089	0.00130
10	0.00274	0.96466	0.00536	0.00175	0.00263	0.00405	0.00175	0.00306	0.00208	0.00241	0.00142	0.00164	0.00131	0.00088	0.00066	0.00022	0.00109	0.00055	0.00044	0.00131
11	0.00215	0.14719	0.81772	0.00274	0.00416	0.00262	0.00348	0.00321	0.00215	0.00312	0.00178	0.00208	0.00130	0.00096	0.00093	0.00031	0.00145	0.00073	0.00043	0.00148
12	0.00382	0.00283	0.00303	0.00234	0.00315	0.00314	0.00193	0.90362	0.05555	0.00633	0.00255	0.00253	0.00181	0.00124	0.00102	0.00031	0.00111	0.00093	0.00102	0.00173
13	0.00147	0.00109	0.00163	0.00163	0.00181	0.00126	0.00126	0.00181	0.00163	0.00235	0.00270	0.00398	0.00253	0.00751	0.92303	0.03908	0.00267	0.00109	0.00054	0.00090
14	0.00258	0.00216	0.00228	0.00204	0.00261	0.00248	0.00159	0.01900	0.89158	0.02066	0.00411	0.00379	0.00308	0.00138	0.00103	0.00034	0.00080	0.00114	0.03576	0.00160
15	0.00212	0.00182	0.00212	0.00152	0.00242	0.00136	0.00121	0.00258	0.00212	0.00333	0.00182	0.00212	0.00152	0.00076	0.00076	0.00015	0.00076	0.00061	0.00061	0.97030
16	0.01758	0.00271	0.02159	0.05706	0.08041	0.10124	0.06596	0.30429	0.23593	0.04301	0.01039	0.00297	0.01708	0.00122	0.00106	0.00032	0.01545	0.00099	0.01922	0.00153
17	0.00228	0.00232	0.05782	0.23855	0.41561	0.01755	0.01898	0.02468	0.07012	0.00952	0.02546	0.02398	0.04984	0.00862	0.00113	0.00033	0.02455	0.00667	0.00059	0.00139
18	0.00129	0.00103	0.00116	0.00120	0.00148	0.00090	0.00090	0.00158	0.00236	0.00296	0.15026	0.15981	0.58843	0.00263	0.00124	0.00036	0.00056	0.07998	0.00098	0.00088
19	0.04510	0.00229	0.00996	0.02205	0.02484	0.00239	0.11166	0.42845	0.04093	0.11185	0.08005	0.04586	0.02062	0.00144	0.01216	0.00034	0.00106	0.00705	0.03042	0.00149
20	0.00136	0.00102	0.00118	0.00117	0.00139	0.00092	0.00083	0.00163	0.00235	0.00308	0.34849	0.06830	0.37501	0.16695	0.00195	0.01999	0.00060	0.00196	0.00095	0.00085
21	0.00207	0.01718	0.00296	0.56265	0.07050	0.01295	0.05322	0.02054	0.00712	0.03803	0.00242	0.10978	0.00215	0.02333	0.03054	0.02991	0.01178	0.00116	0.00057	0.00115
22	0.02242	0.00164	0.01317	0.00990	0.00236	0.00150	0.00141	0.04598	0.03111	0.55327	0.18444	0.05288	0.01835	0.00157	0.00110	0.00033	0.01293	0.02082	0.02336	0.00147
23	0.97127	0.00198	0.00150	0.00135	0.00198	0.00230	0.00111	0.00301	0.00174	0.00459	0.00142	0.00166	0.00111	0.00095	0.00063	0.00032	0.00079	0.00055	0.00063	0.00111
24	0.01950	0.02967	0.00248	0.00216	0.01001	0.22749	0.00168	0.06844	0.43709	0.04060	0.00853	0.01104	0.01784	0.01387	0.01334	0.01584	0.00828	0.06313	0.00086	0.00813
25	0.27216	0.03804	0.00255	0.02376	0.00273	0.17656	0.01460	0.18138	0.10186	0.01663	0.00209	0.00845	0.00168	0.02212	0.01730	0.00036	0.10647	0.00462	0.00534	0.00130
26	0.01341	0.00898	0.06908	0.03888	0.02463	0.00763	0.00144	0.01358	0.03436	0.01670	0.03530	0.08378	0.02456	0.31713	0.09635	0.00900	0.11524	0.02711	0.00466	0.05819

[dist]
# distance from previous block
# <min> <max>
0	2

[block]
# block no. 5 follows, 321 sequences, length 6
# corresponding to MSA columns:
# 1305-1310
name=unknown_F
#
# <colnr> <probs for GDERKNQSTAVLIFYWHMCP>
#	G	D	E	R	K	N	Q	S	T	A	V	L	I	F	Y	W	H	M	C	P
0	0.04397	0.06864	0.02196	0.06459	0.00298	0.24409	0.01495	0.02134	0.01735	0.03975	0.01247	0.03849	0.00187	0.01212	0.03659	0.00040	0.32011	0.01352	0.02363	0.00117
1	0.04546	0.60030	0.05276	0.00207	0.00290	0.11445	0.05789	0.04504	0.03292	0.00285	0.00178	0.03419	0.00158	0.00101	0.00079	0.00026	0.00120	0.00073	0.00052	0.00132
2	0.00149	0.00104	0.00133	0.00147	0.00161	0.00100	0.00103	0.00188	0.07548	0.02851	0.07532	0.69571	0.02989	0.00292	0.00141	0.05071	0.00063	0.02669	0.00095	0.00091
3	0.01164	0.00213	0.04832	0.02669	0.10053	0.01867	0.21613	0.05254	0.08324	0.02848	0.10220	0.02501	0.12349	0.02943	0.01455	0.04290	0.04785	0.01470	0.01026	0.00124
4	0.00216	0.07758	0.50182	0.02987	0.01599	0.03067	0.05222	0.00305	0.02591	0.01545	0.07675	0.01916	0.00224	0.00131	0.02298	0.00034	0.04639	0.01460	0.00055	0.06097
5	0.00158	0.00127	0.02290	0.03364	0.01531	0.02388	0.00105	0.00190	0.01658	0.01914	0.24543	0.09676	0.23512	0.20634	0.00211	0.02938	0.00074	0.01870	0.02728	0.00089

[dist]
# distance from previous block
# <min> <max>
8	45

[block]
# block no. 6 follows, 321 sequences, length 8
# corresponding to MSA columns:
# 1434-1441
name=unknown_G
#
# <colnr> <probs for GDERKNQSTAVLIFYWHMCP>
#	G	D	E	R	K	N	Q	S	T	A	V	L	I	F	Y	W	H	M	C	P
0	0.04628	0.06310	0.02329	0.05535	0.11319	0.07564	0.05477	0.18615	0.10337	0.04264	0.11847	0.03491	0.02255	0.00145	0.01867	0.00034	0.02248	0.00111	0.01486	0.00138
1	0.83144	0.02389	0.00166	0.00150	0.02765	0.00227	0.00117	0.00304	0.03669	0.00441	0.00165	0.00196	0.00132	0.02458	0.00077	0.00033	0.00080	0.00062	0.03312	0.00113
2	0.00176	0.00090	0.00135	0.00135	0.00137	0.00091	0.00091	0.00137	0.00135	0.00182	0.00184	0.00317	0.00183	0.00383	0.06773	0.90566	0.00101	0.00090	0.00045	0.00048
3	0.01723	0.00130	0.01220	0.04693	0.03058	0.00122	0.03753	0.02039	0.02180	0.01185	0.31968	0.04269	0.28227	0.03983	0.02133	0.05617	0.00074	0.01335	0.02193	0.00097
4	0.03483	0.12508	0.02434	0.03005	0.01455	0.04907	0.02932	0.07796	0.06180	0.03492	0.06837	0.06740	0.03549	0.01354	0.02950	0.05358	0.13709	0.01876	0.08626	0.00812
5	0.03423	0.02255	0.00137	0.00125	0.00155	0.00108	0.01346	0.00180	0.01449	0.01962	0.19035	0.06915	0.46768	0.09952	0.02412	0.01551	0.00068	0.01978	0.00091	0.00090
6	0.05178	0.18891	0.05881	0.01651	0.02418	0.07468	0.04559	0.06997	0.02756	0.03078	0.00928	0.01550	0.01514	0.00870	0.00855	0.03306	0.02846	0.01193	0.02388	0.25672
7	0.03423	0.00121	0.02262	0.00149	0.00168	0.02235	0.00110	0.00179	0.02090	0.00285	0.05982	0.57533	0.06281	0.05173	0.00148	0.01156	0.00070	0.10123	0.01175	0.01339

[dist]
# distance from previous block
# <min> <max>
0	151

[block]
# block no. 7 follows, 321 sequences, length 31
# corresponding to MSA columns:
# 1605-1626,1634-1642
name=unknown_H
#
# <colnr> <probs for GDERKNQSTAVLIFYWHMCP>
#	G	D	E	R	K	N	Q	S	T	A	V	L	I	F	Y	W	H	M	C	P
0	0.04252	0.00180	0.01814	0.00550	0.00226	0.02569	0.00127	0.04925	0.04952	0.03959	0.08910	0.05096	0.01239	0.06349	0.04970	0.00035	0.00546	0.00431	0.01418	0.47453
1	0.00148	0.00111	0.00140	0.03414	0.01085	0.00103	0.00465	0.00184	0.02413	0.03075	0.17881	0.37184	0.28006	0.00252	0.00122	0.00036	0.00462	0.00978	0.00095	0.03846
2	0.01858	0.00925	0.03754	0.51525	0.09108	0.02186	0.00847	0.02969	0.00218	0.02738	0.01765	0.00301	0.00180	0.01760	0.06617	0.00823	0.08134	0.00458	0.02446	0.01389
3	0.02186	0.00172	0.00202	0.00172	0.00229	0.00174	0.00137	0.04165	0.28450	0.35504	0.09781	0.02362	0.01121	0.00143	0.00101	0.00032	0.00076	0.00979	0.13866	0.00147
4	0.00182	0.00142	0.00177	0.03023	0.00192	0.03879	0.01432	0.01545	0.01570	0.01079	0.00289	0.00531	0.00301	0.38274	0.14382	0.08840	0.12239	0.09212	0.02627	0.00084
5	0.00165	0.00118	0.00155	0.00157	0.00180	0.00117	0.01645	0.00211	0.03964	0.02843	0.21710	0.18510	0.07065	0.06651	0.01094	0.00044	0.03527	0.25337	0.06412	0.00096
6	0.00134	0.00098	0.00120	0.00128	0.00146	0.00089	0.00090	0.00160	0.00226	0.01366	0.22931	0.41605	0.25551	0.05964	0.00149	0.00041	0.00058	0.00960	0.00098	0.00087
7	0.00232	0.00258	0.00546	0.10393	0.01452	0.00251	0.78658	0.00313	0.00236	0.00320	0.02206	0.01688	0.00177	0.00096	0.00124	0.00035	0.02707	0.00120	0.00053	0.00133
8	0.00132	0.00103	0.00120	0.00123	0.00149	0.00092	0.00092	0.00164	0.00242	0.00311	0.25863	0.13568	0.48561	0.01716	0.00130	0.00037	0.00056	0.08352	0.00099	0.00089
9	0.01566	0.00169	0.00799	0.10587	0.02811	0.01083	0.02707	0.02272	0.03156	0.42415	0.05442	0.02240	0.06848	0.01598	0.00117	0.00034	0.02436	0.06057	0.07524	0.00138
10	0.00137	0.00105	0.00122	0.00117	0.00147	0.00092	0.00088	0.00174	0.00261	0.01466	0.47221	0.01852	0.47384	0.00234	0.00121	0.00033	0.00051	0.00200	0.00104	0.00092
11	0.00159	0.00117	0.00157	0.02552	0.03610	0.00114	0.01188	0.01427	0.03702	0.02966	0.19763	0.46091	0.07088	0.01502	0.01334	0.00040	0.01183	0.03342	0.02150	0.01514
12	0.04501	0.00308	0.22112	0.00269	0.06624	0.02353	0.05115	0.24903	0.02460	0.28700	0.00281	0.00291	0.00197	0.00120	0.00104	0.00033	0.00119	0.01255	0.00090	0.00165
13	0.00371	0.00462	0.00284	0.00259	0.00311	0.87287	0.00195	0.02040	0.05093	0.00267	0.00182	0.00218	0.00152	0.00112	0.00094	0.00027	0.00176	0.02291	0.00057	0.00121
14	0.00226	0.01401	0.00322	0.00273	0.01512	0.01376	0.03974	0.00252	0.00167	0.00871	0.01854	0.00879	0.00156	0.00182	0.01703	0.00045	0.84552	0.00094	0.00047	0.00114
15	0.00220	0.01690	0.02986	0.00346	0.00424	0.01935	0.62349	0.01193	0.01091	0.00313	0.00282	0.12966	0.00265	0.02688	0.00138	0.00038	0.02909	0.07981	0.00062	0.00125
16	0.06981	0.02148	0.00307	0.00271	0.03355	0.71607	0.05171	0.08419	0.00292	0.00305	0.00168	0.00195	0.00136	0.00104	0.00092	0.00028	0.00167	0.00071	0.00057	0.00125
17	0.97127	0.00198	0.00150	0.00135	0.00198	0.00230	0.00111	0.00301	0.00174	0.00459	0.00142	0.00166	0.00111	0.00095	0.00063	0.00032	0.00079	0.00055	0.00063	0.00111
18	0.00217	0.00207	0.00348	0.53056	0.39422	0.00234	0.00291	0.00281	0.00215	0.00291	0.00199	0.00276	0.01772	0.00102	0.00108	0.00033	0.02673	0.00093	0.00048	0.00133
19	0.00278	0.92517	0.00526	0.00179	0.00265	0.04337	0.00176	0.00311	0.00211	0.00241	0.00143	0.00165	0.00131	0.00088	0.00067	0.00022	0.00113	0.00055	0.00044	0.00131
20	0.00263	0.00217	0.00229	0.00203	0.00260	0.00249	0.00159	0.10776	0.77709	0.00448	0.01920	0.00373	0.00305	0.00137	0.00102	0.00034	0.00082	0.00113	0.06263	0.00158
21	0.00222	0.00220	0.00316	0.02659	0.02280	0.00300	0.02656	0.00249	0.00166	0.00256	0.02666	0.00243	0.00159	0.00173	0.00311	0.00043	0.85740	0.00093	0.01134	0.00113
22	0.00135	0.00103	0.00125	0.00132	0.00155	0.00093	0.00099	0.00168	0.00240	0.00313	0.26184	0.22061	0.34418	0.01114	0.00130	0.00038	0.00059	0.14245	0.00099	0.00089
23	0.00194	0.00182	0.00303	0.92637	0.00688	0.00224	0.00278	0.00261	0.00205	0.00264	0.00182	0.00271	0.00137	0.00101	0.00101	0.00033	0.00134	0.00090	0.00046	0.03668
24	0.27089	0.00242	0.01036	0.02632	0.00758	0.00700	0.47180	0.07619	0.00238	0.03838	0.00209	0.02749	0.00165	0.00105	0.00109	0.00034	0.03247	0.00925	0.00995	0.00131
25	0.00138	0.00105	0.00122	0.00122	0.00149	0.00093	0.00089	0.00168	0.00236	0.01315	0.23980	0.16535	0.43456	0.05411	0.00142	0.00038	0.00057	0.03067	0.01133	0.03644
26	0.00232	0.00223	0.00380	0.26701	0.48072	0.00801	0.10112	0.00304	0.03722	0.01181	0.01409	0.01320	0.00854	0.00106	0.00111	0.00033	0.02478	0.01765	0.00054	0.00142
27	0.00141	0.00109	0.00126	0.00123	0.00152	0.00098	0.00092	0.00186	0.03752	0.01446	0.41327	0.06414	0.42267	0.01169	0.00125	0.00035	0.00054	0.02187	0.00103	0.00094
28	0.00163	0.00130	0.00159	0.02470	0.00176	0.03915	0.00113	0.00183	0.00172	0.00233	0.01603	0.07949	0.03425	0.35600	0.30329	0.01749	0.08411	0.01567	0.01570	0.00083
29	0.36638	0.00209	0.00219	0.01811	0.00254	0.00229	0.00149	0.17673	0.11331	0.23924	0.02171	0.00267	0.00199	0.00118	0.00097	0.00032	0.03614	0.00085	0.00091	0.00890
30	0.04089	0.00181	0.01679	0.06380	0.04374	0.00153	0.00144	0.01539	0.00721	0.05272	0.01531	0.07565	0.02083	0.01180	0.00587	0.00411	0.02073	0.00091	0.00067	0.59878

[dist]
# distance from previous block
# <min> <max>
0	721

# created by:
# /home/berkeley/.conda/envs/busco_data_prod/bin/msa2prfl.pl pipeline/OGs_align_augustus/2759/24948.fs
