[name]
unknown

[dist]
# distance from previous block
# <min> <max>
0	554

[block]
# block no. 0 follows, 377 sequences, length 17
# corresponding to MSA columns:
# 779-787,789-792,806-809
name=unknown_A
#
# <colnr> <probs for GDERKNQSTAVLIFYWHMCP>
#	G	D	E	R	K	N	Q	S	T	A	V	L	I	F	Y	W	H	M	C	P
0	0.07073	0.00103	0.00133	0.00144	0.00166	0.00104	0.00119	0.01168	0.01458	0.00284	0.15188	0.17057	0.00528	0.00222	0.00111	0.00036	0.00069	0.54743	0.00081	0.01213
1	0.00113	0.00085	0.00109	0.06187	0.00151	0.00082	0.00085	0.00130	0.00168	0.00219	0.00502	0.60532	0.16698	0.14323	0.00158	0.00041	0.00059	0.00210	0.00075	0.00071
2	0.06308	0.00120	0.00159	0.00147	0.00175	0.00133	0.00115	0.01249	0.05987	0.16492	0.00251	0.00329	0.00215	0.06432	0.56695	0.00098	0.04847	0.00092	0.00061	0.00095
3	0.06249	0.00100	0.00130	0.16438	0.00207	0.00104	0.00105	0.00155	0.00177	0.00244	0.08476	0.37794	0.16645	0.09864	0.00135	0.00037	0.00065	0.01824	0.01173	0.00077
4	0.00118	0.00094	0.00117	0.06180	0.00160	0.00090	0.00090	0.00149	0.00203	0.00265	0.29252	0.00666	0.45491	0.00275	0.16408	0.00048	0.00080	0.00155	0.00078	0.00079
5	0.81102	0.00183	0.00152	0.00130	0.00187	0.00210	0.00107	0.16454	0.00194	0.00421	0.00137	0.00154	0.00104	0.00086	0.00060	0.00027	0.00073	0.00053	0.00060	0.00104
6	0.00157	0.00113	0.00142	0.06210	0.00185	0.00115	0.00107	0.16356	0.00213	0.03023	0.00425	0.69110	0.03040	0.00229	0.00106	0.00033	0.00063	0.00204	0.00081	0.00089
7	0.81067	0.00156	0.00127	0.00115	0.00163	0.00178	0.00093	0.00243	0.00166	0.00387	0.16382	0.00230	0.00219	0.00098	0.00063	0.00027	0.00064	0.00066	0.00062	0.00093
8	0.00107	0.00079	0.00100	0.00117	0.00126	0.00072	0.00079	0.00123	0.00174	0.00227	0.00553	0.80625	0.16766	0.00266	0.00111	0.00035	0.00050	0.00239	0.00082	0.00072
9	0.39704	0.00154	0.00150	0.00133	0.00178	0.02728	0.00816	0.10013	0.00201	0.14745	0.00248	0.16549	0.00220	0.00936	0.01599	0.01099	0.00072	0.00097	0.10255	0.00103
10	0.01197	0.65976	0.01163	0.00151	0.00212	0.04180	0.01496	0.06088	0.01067	0.00227	0.00158	0.00224	0.00152	0.16452	0.00912	0.00032	0.00097	0.00065	0.00044	0.00105
11	0.00199	0.00940	0.45004	0.00183	0.00267	0.00153	0.00204	0.01230	0.01239	0.17214	0.04583	0.04376	0.17413	0.01219	0.00095	0.00028	0.00762	0.00103	0.01187	0.03601
12	0.01596	0.05635	0.03813	0.09939	0.39523	0.01668	0.19149	0.03079	0.09686	0.02191	0.00191	0.01429	0.00153	0.00091	0.00802	0.00028	0.00764	0.00085	0.00050	0.00127
13	0.00235	0.96964	0.00461	0.00150	0.00226	0.00348	0.00150	0.00263	0.00179	0.00207	0.00122	0.00141	0.00113	0.00075	0.00056	0.00019	0.00094	0.00047	0.00038	0.00113
14	0.00112	0.00090	0.00095	0.00094	0.00123	0.00076	0.00070	0.00136	0.00204	0.02332	0.10074	0.05730	0.80121	0.00219	0.00104	0.00030	0.00045	0.00184	0.00084	0.00077
15	0.00239	0.00199	0.00210	0.00183	0.00236	0.00228	0.00144	0.17706	0.78932	0.00401	0.00331	0.00307	0.00247	0.00117	0.00089	0.00029	0.00074	0.00096	0.00089	0.00141
16	0.00125	0.00089	0.00114	0.00113	0.00131	0.00082	0.00083	0.00162	0.01110	0.01215	0.67802	0.19161	0.04491	0.01016	0.00107	0.00030	0.00045	0.01176	0.02867	0.00081

[dist]
# distance from previous block
# <min> <max>
0	9

[block]
# block no. 1 follows, 377 sequences, length 22
# corresponding to MSA columns:
# 819-827,836-848
name=unknown_B
#
# <colnr> <probs for GDERKNQSTAVLIFYWHMCP>
#	G	D	E	R	K	N	Q	S	T	A	V	L	I	F	Y	W	H	M	C	P
0	0.00206	0.00198	0.00315	0.36107	0.55098	0.04555	0.00254	0.00259	0.00194	0.01747	0.00163	0.00222	0.00131	0.00083	0.00087	0.00027	0.00111	0.00077	0.00043	0.00122
1	0.95066	0.00169	0.00131	0.00117	0.00171	0.00195	0.00096	0.00263	0.00152	0.02833	0.00128	0.00147	0.00098	0.00082	0.00055	0.00027	0.00068	0.00049	0.00056	0.00097
2	0.00117	0.00082	0.00111	0.01016	0.01657	0.00077	0.00087	0.00134	0.00170	0.02159	0.01180	0.85371	0.01172	0.03122	0.02271	0.00039	0.00058	0.01026	0.00080	0.00074
3	0.00199	0.08054	0.63270	0.04941	0.10107	0.03761	0.03642	0.01041	0.00193	0.03119	0.00161	0.00192	0.00119	0.00084	0.00084	0.00027	0.00771	0.00067	0.00041	0.00127
4	0.00261	0.00125	0.00160	0.01920	0.00188	0.00111	0.00108	0.00302	0.03880	0.49156	0.15416	0.04010	0.21638	0.00152	0.00095	0.00028	0.00062	0.00896	0.01373	0.00117
5	0.00120	0.00091	0.00111	0.00108	0.00130	0.00083	0.00081	0.00159	0.01896	0.00315	0.63912	0.07424	0.23487	0.00196	0.00104	0.00029	0.00044	0.01536	0.00092	0.00081
6	0.00203	0.03802	0.01631	0.26150	0.56207	0.00213	0.07958	0.00257	0.00192	0.00265	0.00161	0.00220	0.00131	0.00082	0.00092	0.00027	0.02164	0.00079	0.00042	0.00124
7	0.06618	0.02280	0.06768	0.17972	0.23423	0.04064	0.05234	0.21847	0.02754	0.06525	0.00190	0.00221	0.00644	0.00091	0.00086	0.00027	0.00541	0.00077	0.00512	0.00127
8	0.02396	0.00131	0.00148	0.00124	0.00167	0.00131	0.00099	0.17801	0.00243	0.24974	0.01418	0.00299	0.00214	0.00105	0.00074	0.00024	0.00060	0.00083	0.51396	0.00112
9	0.02479	0.22760	0.18560	0.05159	0.10022	0.02984	0.02974	0.21909	0.03382	0.04661	0.00859	0.00200	0.00139	0.00092	0.00086	0.00026	0.03455	0.00070	0.00056	0.00127
10	0.00178	0.01807	0.03361	0.46855	0.17082	0.00546	0.01398	0.00982	0.02255	0.02562	0.05318	0.02289	0.02305	0.03585	0.05823	0.00445	0.02963	0.00091	0.00049	0.00104
11	0.00125	0.00090	0.00114	0.00109	0.00131	0.00082	0.00082	0.00162	0.00239	0.01606	0.78615	0.06114	0.11824	0.00189	0.00104	0.00028	0.00043	0.00166	0.00094	0.00082
12	0.00126	0.00093	0.00135	0.00135	0.00149	0.00106	0.00102	0.00153	0.00141	0.00202	0.01717	0.01743	0.00244	0.11240	0.81863	0.01414	0.00211	0.00101	0.00049	0.00075
13	0.00109	0.00079	0.00104	0.00122	0.00129	0.00073	0.00083	0.00126	0.00172	0.00228	0.02650	0.84903	0.04200	0.02059	0.00118	0.00036	0.00053	0.04602	0.00081	0.00072
14	0.00179	0.04545	0.92387	0.00246	0.00374	0.00210	0.00317	0.00278	0.00185	0.00275	0.00156	0.00184	0.00111	0.00083	0.00082	0.00027	0.00128	0.00064	0.00037	0.00129
15	0.02393	0.00178	0.00784	0.01040	0.00230	0.05103	0.00137	0.14618	0.02661	0.60715	0.00846	0.00294	0.02147	0.00575	0.01213	0.00029	0.03491	0.01043	0.02364	0.00138
16	0.00126	0.00094	0.00141	0.00141	0.00157	0.00110	0.00110	0.00157	0.00141	0.00204	0.00235	0.00345	0.00220	0.00659	0.96563	0.00141	0.00235	0.00094	0.00047	0.00078
17	0.00219	0.00189	0.00199	0.00179	0.00229	0.00219	0.00139	0.00467	0.96204	0.00368	0.00358	0.00328	0.00268	0.00119	0.00089	0.00030	0.00070	0.00099	0.00089	0.00139
18	0.00336	0.00237	0.00257	0.00198	0.00268	0.00260	0.00163	0.85905	0.02794	0.08344	0.00226	0.00221	0.00158	0.00106	0.00088	0.00027	0.00094	0.00080	0.00090	0.00149
19	0.00117	0.00091	0.00103	0.00104	0.00128	0.00081	0.00668	0.00146	0.02314	0.01476	0.15743	0.17843	0.55121	0.02271	0.00111	0.00031	0.00048	0.01219	0.02307	0.00078
20	0.00112	0.00082	0.00112	0.00128	0.00136	0.00077	0.02013	0.00130	0.00171	0.00228	0.01607	0.82967	0.03199	0.02952	0.00973	0.00038	0.00057	0.04868	0.00080	0.00073
21	0.13154	0.00170	0.03785	0.01388	0.00842	0.02287	0.02909	0.11915	0.20653	0.02378	0.00723	0.12925	0.05959	0.02046	0.00714	0.00032	0.00554	0.12018	0.02548	0.03000

[dist]
# distance from previous block
# <min> <max>
6	42

[block]
# block no. 2 follows, 377 sequences, length 14
# corresponding to MSA columns:
# 917-929,932
name=unknown_C
#
# <colnr> <probs for GDERKNQSTAVLIFYWHMCP>
#	G	D	E	R	K	N	Q	S	T	A	V	L	I	F	Y	W	H	M	C	P
0	0.00740	0.03516	0.30609	0.00885	0.08911	0.01425	0.04017	0.12830	0.04403	0.01024	0.00190	0.00223	0.00881	0.00149	0.10677	0.00037	0.00655	0.00073	0.00983	0.17774
1	0.00113	0.00086	0.00104	0.00108	0.00126	0.00078	0.00078	0.00139	0.00203	0.00269	0.32190	0.29959	0.29856	0.03160	0.01850	0.00035	0.00051	0.01434	0.00085	0.00076
2	0.00160	0.00144	0.03821	0.03886	0.02247	0.00137	0.01591	0.10726	0.11581	0.00874	0.07126	0.03115	0.47033	0.01612	0.00111	0.00030	0.03757	0.01235	0.00719	0.00097
3	0.00126	0.01066	0.07926	0.00127	0.00156	0.00096	0.00847	0.00773	0.02389	0.00843	0.16168	0.37941	0.23732	0.02487	0.00678	0.00594	0.00059	0.01400	0.00078	0.02514
4	0.01618	0.00148	0.00198	0.00155	0.00218	0.00132	0.00127	0.01688	0.03156	0.84113	0.05831	0.00327	0.00256	0.00115	0.00089	0.00027	0.00073	0.01479	0.00106	0.00144
5	0.00236	0.75076	0.02021	0.00201	0.10788	0.03227	0.00168	0.02786	0.01979	0.00229	0.00134	0.00157	0.00120	0.00080	0.00068	0.00021	0.02497	0.00054	0.00041	0.00117
6	0.00162	0.00149	0.00250	0.86097	0.00556	0.00186	0.00229	0.00217	0.00172	0.00222	0.00165	0.00246	0.00128	0.00151	0.10682	0.00042	0.00130	0.00080	0.00040	0.00096
7	0.01179	0.21097	0.54288	0.00215	0.00316	0.01486	0.01869	0.10790	0.02160	0.00291	0.00174	0.00197	0.01849	0.00099	0.01053	0.02586	0.00116	0.00066	0.00045	0.00124
8	0.00152	0.00124	0.04354	0.00158	0.03408	0.00114	0.00846	0.01362	0.10217	0.02814	0.02270	0.25336	0.02943	0.10533	0.03062	0.00043	0.00077	0.27579	0.04521	0.00088
9	0.00132	0.00092	0.00118	0.00111	0.00134	0.00086	0.00083	0.00175	0.01738	0.02479	0.85458	0.00645	0.05580	0.00177	0.00102	0.00028	0.00043	0.00156	0.02580	0.00085
10	0.00181	0.00428	0.85903	0.00282	0.10920	0.00205	0.00319	0.00277	0.00187	0.00279	0.00159	0.00189	0.00114	0.00083	0.00084	0.00028	0.00127	0.00066	0.00038	0.00131
11	0.00925	0.00232	0.13168	0.00227	0.01160	0.01809	0.22012	0.28039	0.08144	0.00348	0.00243	0.06416	0.01101	0.10758	0.03044	0.00038	0.00111	0.02043	0.00064	0.00118
12	0.15954	0.07515	0.21095	0.02797	0.04773	0.13449	0.06031	0.06877	0.01819	0.02942	0.00246	0.00270	0.10693	0.00950	0.01749	0.00029	0.00997	0.00626	0.01078	0.00111
13	0.03224	0.01463	0.00914	0.00152	0.00205	0.03936	0.00124	0.27784	0.04434	0.27922	0.02984	0.00299	0.03220	0.01277	0.00086	0.00026	0.00075	0.00087	0.21666	0.00125

[dist]
# distance from previous block
# <min> <max>
1	47

[block]
# block no. 3 follows, 377 sequences, length 12
# corresponding to MSA columns:
# 991-1002
name=unknown_D
#
# <colnr> <probs for GDERKNQSTAVLIFYWHMCP>
#	G	D	E	R	K	N	Q	S	T	A	V	L	I	F	Y	W	H	M	C	P
0	0.01843	0.41291	0.04405	0.01110	0.04760	0.15178	0.00159	0.06565	0.01159	0.00245	0.01200	0.00203	0.00146	0.00191	0.17793	0.00044	0.02610	0.00065	0.00925	0.00108
1	0.00130	0.00093	0.00113	0.00107	0.00131	0.00085	0.00080	0.00168	0.02122	0.03568	0.60639	0.00684	0.26043	0.05504	0.00122	0.00031	0.00046	0.00161	0.00091	0.00082
2	0.02817	0.00199	0.00200	0.00164	0.00221	0.17842	0.00131	0.08055	0.00257	0.54815	0.06841	0.00317	0.05514	0.00115	0.00087	0.00026	0.00087	0.00091	0.02092	0.00129
3	0.00138	0.00173	0.23087	0.00137	0.00170	0.00112	0.00124	0.00166	0.00151	0.00209	0.00290	0.11358	0.02375	0.56649	0.00300	0.00062	0.00090	0.02508	0.01826	0.00075
4	0.00120	0.00079	0.00097	0.00112	0.00120	0.00075	0.00076	0.00141	0.00172	0.00246	0.02301	0.67588	0.02498	0.05548	0.00120	0.00035	0.00050	0.00205	0.20346	0.00073
5	0.00124	0.00089	0.00113	0.00107	0.00124	0.00083	0.00077	0.00158	0.00225	0.00315	0.75563	0.00648	0.03856	0.17943	0.00167	0.00038	0.00050	0.00154	0.00088	0.00077
6	0.03592	0.00091	0.00115	0.00112	0.00133	0.00085	0.00083	0.00164	0.00227	0.02280	0.66736	0.18308	0.07355	0.00195	0.00103	0.00029	0.00045	0.00172	0.00092	0.00082
7	0.79684	0.00184	0.00154	0.00131	0.00189	0.00211	0.00108	0.17852	0.00198	0.00424	0.00139	0.00155	0.00105	0.00086	0.00061	0.00027	0.00073	0.00053	0.00061	0.00105
8	0.00232	0.79194	0.00412	0.00156	0.00226	0.00324	0.00148	0.00301	0.17811	0.00236	0.00165	0.00175	0.00141	0.00083	0.00062	0.00021	0.00090	0.00057	0.00047	0.00118
9	0.00170	0.00141	0.00163	0.00123	0.00189	0.00110	0.00097	0.00210	0.01928	0.02291	0.04877	0.00332	0.17832	0.00101	0.00075	0.00017	0.00060	0.00083	0.00061	0.71138
10	0.00162	0.00147	0.00130	0.00130	0.00142	0.17800	0.00087	0.00176	0.01470	0.00200	0.01695	0.19495	0.00339	0.49549	0.04554	0.00063	0.00097	0.02518	0.01177	0.00069
11	0.52541	0.00183	0.00170	0.00142	0.00198	0.00205	0.00116	0.29418	0.00237	0.06018	0.00177	0.00194	0.00132	0.01563	0.00077	0.01462	0.00076	0.00064	0.06916	0.00112

[dist]
# distance from previous block
# <min> <max>
1	25

[block]
# block no. 4 follows, 377 sequences, length 12
# corresponding to MSA columns:
# 1028-1039
name=unknown_E
#
# <colnr> <probs for GDERKNQSTAVLIFYWHMCP>
#	G	D	E	R	K	N	Q	S	T	A	V	L	I	F	Y	W	H	M	C	P
0	0.00219	0.00189	0.00199	0.00179	0.00229	0.00219	0.00139	0.00467	0.96204	0.00368	0.00358	0.00328	0.00268	0.00119	0.00089	0.00030	0.00070	0.00099	0.00089	0.00139
1	0.00219	0.00189	0.00199	0.00179	0.00229	0.00219	0.00139	0.00467	0.96204	0.00368	0.00358	0.00328	0.00268	0.00119	0.00089	0.00030	0.00070	0.00099	0.00089	0.00139
2	0.00192	0.00192	0.00269	0.00231	0.00231	0.00269	0.00192	0.00212	0.00135	0.00212	0.00115	0.00192	0.00115	0.00154	0.00288	0.00038	0.96750	0.00077	0.00038	0.00096
3	0.00268	0.00205	0.00226	0.00187	0.00245	0.00229	0.01613	0.39732	0.43650	0.05109	0.02183	0.01584	0.01445	0.00119	0.00093	0.00029	0.01296	0.01560	0.00088	0.00139
4	0.00230	0.88642	0.08739	0.00159	0.00239	0.00335	0.00165	0.00264	0.00179	0.00213	0.00125	0.00145	0.00113	0.00076	0.00059	0.00020	0.00097	0.00049	0.00038	0.00114
5	0.00111	0.00081	0.00104	0.00121	0.00130	0.00076	0.00083	0.00132	0.02067	0.00228	0.00510	0.80822	0.08670	0.02975	0.00121	0.00037	0.00053	0.03527	0.00081	0.00073
6	0.00131	0.00099	0.00877	0.00124	0.00146	0.00094	0.02320	0.00921	0.00981	0.02075	0.43852	0.12963	0.14121	0.03896	0.12621	0.01516	0.01143	0.01960	0.00081	0.00081
7	0.00113	0.00083	0.00106	0.00121	0.00131	0.00078	0.00084	0.00137	0.02573	0.00240	0.07858	0.73511	0.08825	0.01721	0.00116	0.00035	0.00052	0.04061	0.00082	0.00074
8	0.00170	0.00161	0.00272	0.88408	0.08863	0.00196	0.00246	0.00228	0.00178	0.00230	0.00157	0.00233	0.00119	0.00087	0.00088	0.00029	0.00116	0.00078	0.00039	0.00101
9	0.00374	0.00143	0.00193	0.00150	0.00213	0.00125	0.00123	0.00408	0.00246	0.87800	0.00341	0.00302	0.00218	0.00108	0.00086	0.00027	0.00072	0.00088	0.08840	0.00143
10	0.00176	0.01108	0.01204	0.28503	0.22378	0.01917	0.02668	0.00227	0.02554	0.03541	0.15655	0.01962	0.11683	0.00132	0.00968	0.00898	0.02076	0.02185	0.00060	0.00104
11	0.01200	0.01998	0.40492	0.02057	0.16782	0.05579	0.14220	0.05123	0.01617	0.07740	0.00179	0.00209	0.00132	0.00087	0.00091	0.00028	0.02213	0.00075	0.00049	0.00129

[dist]
# distance from previous block
# <min> <max>
1	10

[block]
# block no. 5 follows, 377 sequences, length 21
# corresponding to MSA columns:
# 1050-1066,1068-1071
name=unknown_F
#
# <colnr> <probs for GDERKNQSTAVLIFYWHMCP>
#	G	D	E	R	K	N	Q	S	T	A	V	L	I	F	Y	W	H	M	C	P
0	0.46756	0.01603	0.02441	0.00820	0.10676	0.10464	0.00831	0.10155	0.00709	0.01435	0.00146	0.00637	0.00117	0.00090	0.00082	0.00026	0.06351	0.00060	0.00055	0.06547
1	0.00114	0.00090	0.00096	0.00095	0.00123	0.00077	0.00071	0.00140	0.00209	0.01956	0.17400	0.02845	0.73883	0.00212	0.00103	0.00029	0.00045	0.00178	0.02259	0.00077
2	0.00206	0.03603	0.11198	0.01506	0.12091	0.01834	0.06994	0.05613	0.04467	0.02657	0.01439	0.00207	0.00147	0.00078	0.00077	0.00020	0.00547	0.00067	0.00054	0.47195
3	0.00146	0.00111	0.00138	0.00130	0.00155	0.00118	0.00099	0.00805	0.18511	0.00309	0.42674	0.02401	0.04233	0.02775	0.21333	0.00055	0.01468	0.00130	0.04317	0.00092
4	0.00909	0.00238	0.15477	0.25315	0.22593	0.01817	0.17131	0.05760	0.03340	0.00940	0.01022	0.00248	0.02701	0.00504	0.00094	0.00028	0.01171	0.00545	0.00048	0.00120
5	0.00156	0.00120	0.00139	0.00127	0.00157	0.00807	0.00097	0.05144	0.15401	0.02207	0.51332	0.01075	0.15733	0.02673	0.00113	0.00030	0.02213	0.00697	0.00741	0.01038
6	0.00110	0.00088	0.00097	0.00097	0.00122	0.00076	0.00071	0.00136	0.00209	0.00264	0.24832	0.06955	0.64135	0.02277	0.00112	0.00031	0.00045	0.00182	0.00085	0.00076
7	0.00189	0.00183	0.00254	0.00211	0.00230	0.00231	0.03362	0.01138	0.00149	0.00231	0.00132	0.00203	0.00126	0.01662	0.03250	0.00037	0.69626	0.00074	0.00042	0.18669
8	0.00330	0.00410	0.00248	0.00225	0.00271	0.92794	0.00169	0.02211	0.00252	0.02113	0.00141	0.00162	0.00116	0.00091	0.00080	0.00023	0.00156	0.00058	0.00047	0.00104
9	0.00382	0.00153	0.00204	0.00158	0.00225	0.00136	0.00130	0.03455	0.03703	0.88481	0.01798	0.00303	0.00226	0.00110	0.00089	0.00027	0.00075	0.00090	0.00107	0.00148
10	0.02152	0.00243	0.00260	0.00200	0.00270	0.00270	0.00165	0.91975	0.02714	0.00546	0.00213	0.00213	0.00151	0.00105	0.00087	0.00026	0.00096	0.00079	0.00087	0.00148
11	0.00107	0.00089	0.00094	0.00092	0.00121	0.00076	0.00069	0.00132	0.00208	0.00256	0.16111	0.00816	0.81095	0.00216	0.00104	0.00029	0.00044	0.00181	0.00084	0.00076
12	0.00131	0.00095	0.00127	0.00144	0.00161	0.00092	0.00118	0.00165	0.01391	0.00253	0.01746	0.23335	0.09354	0.02148	0.00123	0.00039	0.00070	0.59572	0.00859	0.00078
13	0.05392	0.00328	0.00234	0.00206	0.00257	0.55104	0.00159	0.16108	0.20770	0.00313	0.00195	0.00202	0.00151	0.00099	0.00082	0.00025	0.00125	0.00069	0.00062	0.00117
14	0.10378	0.00153	0.00196	0.00153	0.00219	0.00139	0.00126	0.02659	0.00245	0.82860	0.01751	0.00286	0.00212	0.00107	0.00085	0.00027	0.00074	0.00085	0.00103	0.00143
15	0.00128	0.00091	0.00108	0.00104	0.00130	0.00081	0.00078	0.00160	0.00224	0.04305	0.46288	0.04241	0.40308	0.00197	0.00103	0.00029	0.00045	0.01109	0.02191	0.00082
16	0.84192	0.00169	0.00141	0.00122	0.00178	0.00191	0.00101	0.02393	0.00167	0.11465	0.00150	0.00162	0.00110	0.00085	0.00059	0.00027	0.00069	0.00053	0.00061	0.00103
17	0.02420	0.00131	0.01327	0.00687	0.00173	0.00126	0.00104	0.10617	0.03208	0.28671	0.10726	0.00357	0.04185	0.00129	0.01979	0.00027	0.00064	0.00096	0.34862	0.00112
18	0.00202	0.00129	0.00136	0.00123	0.00157	0.00138	0.00095	0.10122	0.25076	0.03776	0.01722	0.00326	0.01369	0.00110	0.00073	0.00024	0.00055	0.00089	0.56170	0.00106
19	0.97532	0.00170	0.00129	0.00116	0.00170	0.00197	0.00095	0.00258	0.00150	0.00394	0.00122	0.00143	0.00095	0.00082	0.00054	0.00027	0.00068	0.00048	0.00054	0.00095
20	0.00109	0.00077	0.00103	0.00122	0.00128	0.00072	0.00082	0.00125	0.00170	0.00228	0.01671	0.91742	0.01660	0.00271	0.00112	0.00035	0.00051	0.02017	0.01153	0.00072

[dist]
# distance from previous block
# <min> <max>
1	24

[block]
# block no. 6 follows, 377 sequences, length 14
# corresponding to MSA columns:
# 1096-1109
name=unknown_G
#
# <colnr> <probs for GDERKNQSTAVLIFYWHMCP>
#	G	D	E	R	K	N	Q	S	T	A	V	L	I	F	Y	W	H	M	C	P
0	0.01794	0.00082	0.00108	0.00124	0.00134	0.00077	0.00086	0.00136	0.00174	0.02092	0.03278	0.84872	0.00564	0.00262	0.00110	0.00035	0.00053	0.04529	0.00082	0.01410
1	0.00126	0.00094	0.00141	0.00141	0.00157	0.00110	0.00110	0.00157	0.00141	0.00204	0.00235	0.00345	0.00220	0.00659	0.96563	0.00141	0.00235	0.00094	0.00047	0.00078
2	0.00286	0.00327	0.00262	0.17803	0.03710	0.58691	0.02884	0.08174	0.01720	0.01910	0.00158	0.01244	0.00128	0.00095	0.00088	0.00025	0.02270	0.00068	0.00050	0.00108
3	0.00127	0.00087	0.00103	0.00103	0.00105	0.00089	0.00062	0.00132	0.00130	0.00176	0.00270	0.00539	0.00304	0.81819	0.15518	0.00094	0.00109	0.00123	0.00052	0.00057
4	0.97532	0.00170	0.00129	0.00116	0.00170	0.00197	0.00095	0.00258	0.00150	0.00394	0.00122	0.00143	0.00095	0.00082	0.00054	0.00027	0.00068	0.00048	0.00054	0.00095
5	0.00193	0.00329	0.46010	0.00292	0.01265	0.00204	0.39697	0.00276	0.00195	0.02547	0.00186	0.00232	0.01628	0.00091	0.01194	0.00030	0.01481	0.01344	0.00044	0.02761
6	0.00229	0.00176	0.00191	0.00169	0.00218	0.00197	0.00132	0.03803	0.73337	0.09429	0.04861	0.00354	0.03490	0.00124	0.00090	0.00029	0.00068	0.00103	0.02867	0.00134
7	0.00127	0.00092	0.00114	0.00109	0.00132	0.00084	0.00081	0.00167	0.01732	0.02575	0.68851	0.04149	0.21080	0.00190	0.00103	0.00028	0.00044	0.00165	0.00093	0.00083
8	0.00334	0.00246	0.00264	0.00202	0.00273	0.00273	0.00167	0.96070	0.00413	0.00554	0.00211	0.00211	0.00149	0.00106	0.00088	0.00026	0.00097	0.00079	0.00088	0.00149
9	0.00113	0.00089	0.00102	0.00108	0.00131	0.00079	0.00082	0.00138	0.00199	0.00250	0.10572	0.15990	0.54483	0.02174	0.00115	0.00033	0.00052	0.15131	0.00082	0.00075
10	0.00156	0.00117	0.00143	0.00118	0.00162	0.00099	0.00092	0.01727	0.00223	0.02041	0.51456	0.00447	0.00511	0.00130	0.00086	0.00022	0.00052	0.00112	0.06382	0.35924
11	0.00127	0.00085	0.00100	0.00102	0.00103	0.00086	0.00060	0.00130	0.00132	0.00177	0.00289	0.06029	0.00330	0.82402	0.05742	0.01622	0.00091	0.02280	0.00055	0.00056
12	0.00139	0.00082	0.00106	0.00106	0.00107	0.00083	0.00066	0.00123	0.00123	0.00164	0.00220	0.00429	0.00242	0.49819	0.05222	0.42683	0.00089	0.00104	0.00046	0.00048
13	0.00219	0.07225	0.04264	0.01426	0.00244	0.02094	0.02182	0.02931	0.73660	0.00345	0.00320	0.02587	0.00248	0.00117	0.00089	0.00029	0.00901	0.00907	0.00080	0.00133

[dist]
# distance from previous block
# <min> <max>
1	3

[block]
# block no. 7 follows, 377 sequences, length 15
# corresponding to MSA columns:
# 1113-1115,1118,1120-1130
name=unknown_H
#
# <colnr> <probs for GDERKNQSTAVLIFYWHMCP>
#	G	D	E	R	K	N	Q	S	T	A	V	L	I	F	Y	W	H	M	C	P
0	0.01472	0.05095	0.02594	0.01288	0.02347	0.17415	0.00153	0.11889	0.46993	0.01439	0.00875	0.01804	0.00744	0.01849	0.02440	0.00031	0.01283	0.00088	0.00073	0.00126
1	0.03436	0.01753	0.00123	0.00116	0.00121	0.00089	0.00079	0.01475	0.00123	0.00172	0.00159	0.00270	0.00156	0.02643	0.02007	0.85461	0.00079	0.00077	0.01619	0.00045
2	0.00193	0.00191	0.02334	0.44405	0.42055	0.00204	0.05118	0.00258	0.03897	0.00261	0.00169	0.00230	0.00133	0.00084	0.00088	0.00028	0.00112	0.00080	0.00043	0.00119
3	0.00182	0.00156	0.00182	0.00130	0.00208	0.00117	0.00104	0.00221	0.00182	0.00286	0.00156	0.00182	0.00130	0.00065	0.00065	0.00013	0.00065	0.00052	0.00052	0.97449
4	0.01080	0.41122	0.20676	0.00792	0.00882	0.03366	0.01226	0.08613	0.10291	0.04470	0.00737	0.00205	0.00149	0.00110	0.03397	0.00028	0.01673	0.01009	0.00052	0.00122
5	0.00334	0.00246	0.00264	0.00202	0.00273	0.00273	0.00167	0.96070	0.00413	0.00554	0.00211	0.00211	0.00149	0.00106	0.00088	0.00026	0.00097	0.00079	0.00088	0.00149
6	0.00131	0.00085	0.00103	0.00103	0.00106	0.00086	0.00063	0.00129	0.00129	0.00173	0.00270	0.00511	0.02921	0.69334	0.10678	0.14855	0.00099	0.00118	0.00051	0.00054
7	0.00130	0.00092	0.00131	0.00131	0.00146	0.00102	0.00099	0.00157	0.00150	0.01802	0.04874	0.05820	0.01580	0.13791	0.67670	0.00116	0.00185	0.01233	0.01716	0.00076
8	0.01144	0.62191	0.19483	0.00172	0.00256	0.01580	0.01124	0.02594	0.00188	0.02114	0.01027	0.00171	0.00127	0.01783	0.00072	0.00022	0.00100	0.00056	0.00042	0.05755
9	0.00200	0.00191	0.00325	0.32904	0.64134	0.00204	0.00261	0.00255	0.00192	0.00266	0.00162	0.00223	0.00132	0.00082	0.00087	0.00027	0.00109	0.00078	0.00042	0.00125
10	0.00107	0.00088	0.00094	0.00095	0.00121	0.00075	0.00070	0.00131	0.00204	0.00252	0.14238	0.10163	0.73612	0.00222	0.00105	0.00030	0.00045	0.00188	0.00084	0.00075
11	0.02484	0.00189	0.09460	0.05452	0.27910	0.01338	0.07324	0.02011	0.00948	0.12377	0.03377	0.13462	0.03796	0.00699	0.00095	0.00029	0.00896	0.01932	0.06107	0.00116
12	0.01932	0.02119	0.32453	0.06707	0.17500	0.03892	0.03168	0.05768	0.02103	0.10803	0.02779	0.02125	0.02014	0.00720	0.01886	0.01576	0.01030	0.00510	0.00793	0.00123
13	0.00329	0.00413	0.00250	0.00226	0.00272	0.93007	0.00170	0.03881	0.00255	0.00228	0.00139	0.00160	0.00115	0.00091	0.00080	0.00023	0.00156	0.00057	0.00047	0.00104
14	0.00182	0.00726	0.00234	0.47053	0.11107	0.01344	0.01512	0.03046	0.00953	0.05816	0.06068	0.10103	0.02273	0.03597	0.00674	0.00032	0.01537	0.02551	0.01089	0.00101

[dist]
# distance from previous block
# <min> <max>
0	1

[block]
# block no. 8 follows, 377 sequences, length 9
# corresponding to MSA columns:
# 1135-1143
name=unknown_I
#
# <colnr> <probs for GDERKNQSTAVLIFYWHMCP>
#	G	D	E	R	K	N	Q	S	T	A	V	L	I	F	Y	W	H	M	C	P
0	0.02325	0.09417	0.08620	0.14632	0.17846	0.05259	0.14205	0.10553	0.06020	0.04358	0.01169	0.02370	0.00160	0.00095	0.00090	0.00027	0.01750	0.00929	0.00054	0.00122
1	0.02637	0.00152	0.00169	0.11721	0.02397	0.11579	0.01435	0.03044	0.01933	0.05555	0.03379	0.28050	0.12956	0.00188	0.00934	0.00032	0.01672	0.11088	0.00986	0.00091
2	0.76149	0.02534	0.08950	0.00148	0.02401	0.03653	0.01554	0.01800	0.00165	0.01801	0.00133	0.00154	0.00102	0.00083	0.00061	0.00027	0.00080	0.00052	0.00053	0.00102
3	0.00128	0.00093	0.00126	0.00138	0.00151	0.01408	0.02233	0.00151	0.00177	0.01529	0.02867	0.55377	0.00503	0.03102	0.06967	0.01766	0.00076	0.21382	0.01749	0.00076
4	0.00192	0.00192	0.00269	0.00231	0.00231	0.00269	0.00192	0.00212	0.00135	0.00212	0.00115	0.00192	0.00115	0.00154	0.00288	0.00038	0.96750	0.00077	0.00038	0.00096
5	0.00222	0.00188	0.00198	0.00176	0.00226	0.00216	0.00138	0.05435	0.87439	0.00376	0.00347	0.00322	0.00260	0.00118	0.00088	0.00029	0.00070	0.00098	0.03917	0.00137
6	0.00112	0.00081	0.00107	0.00126	0.00131	0.00078	0.00086	0.00129	0.00169	0.00228	0.00467	0.88363	0.00555	0.00266	0.00116	0.00035	0.02858	0.03123	0.02896	0.00073
7	0.00155	0.00085	0.00095	0.00095	0.00116	0.00083	0.00071	0.00192	0.00196	0.02980	0.17886	0.09464	0.03526	0.01783	0.00084	0.00025	0.00045	0.02246	0.60792	0.00082
8	0.00108	0.00078	0.00105	0.00124	0.00130	0.00074	0.00084	0.00125	0.00166	0.00223	0.00467	0.90009	0.00556	0.00303	0.06953	0.00043	0.00064	0.00239	0.00079	0.00072

[dist]
# distance from previous block
# <min> <max>
0	14

[block]
# block no. 9 follows, 377 sequences, length 13
# corresponding to MSA columns:
# 1158-1170
name=unknown_J
#
# <colnr> <probs for GDERKNQSTAVLIFYWHMCP>
#	G	D	E	R	K	N	Q	S	T	A	V	L	I	F	Y	W	H	M	C	P
0	0.00235	0.96964	0.00461	0.00150	0.00226	0.00348	0.00150	0.00263	0.00179	0.00207	0.00122	0.00141	0.00113	0.00075	0.00056	0.00019	0.00094	0.00047	0.00038	0.00113
1	0.00104	0.00087	0.00091	0.00094	0.00120	0.00074	0.00069	0.00126	0.00196	0.00236	0.00836	0.13727	0.83481	0.00230	0.00105	0.00030	0.00045	0.00194	0.00082	0.00074
2	0.00210	0.00204	0.00353	0.10424	0.72200	0.00213	0.07510	0.00262	0.00193	0.00275	0.00162	0.00219	0.00135	0.00084	0.00103	0.00028	0.07173	0.00080	0.00043	0.00130
3	0.00128	0.00092	0.00118	0.00112	0.00134	0.00085	0.00084	0.00170	0.01616	0.01659	0.82653	0.02211	0.08091	0.00184	0.00104	0.00028	0.00044	0.02307	0.00095	0.00084
4	0.00211	0.00206	0.00358	0.09644	0.78261	0.00210	0.07266	0.00265	0.00197	0.00279	0.00164	0.00220	0.00136	0.00080	0.00093	0.00027	0.02126	0.00080	0.00043	0.00133
5	0.00176	0.00455	0.96456	0.00250	0.00380	0.00204	0.00325	0.00278	0.00186	0.00278	0.00158	0.00186	0.00111	0.00083	0.00083	0.00028	0.00130	0.00065	0.00037	0.00130
6	0.00191	0.00187	0.00330	0.08348	0.03226	0.00168	0.39912	0.00246	0.00194	0.01204	0.01187	0.02227	0.01345	0.00082	0.00087	0.00023	0.00105	0.01540	0.00050	0.39348
7	0.00288	0.12800	0.00266	0.00186	0.00248	0.05684	0.00154	0.58470	0.11692	0.00440	0.00234	0.07279	0.00189	0.00115	0.00085	0.00026	0.00092	0.00089	0.01528	0.00134
8	0.00131	0.02020	0.13907	0.00140	0.00173	0.00105	0.01473	0.00164	0.00835	0.01527	0.05480	0.42895	0.14324	0.06418	0.03309	0.01631	0.00073	0.03346	0.00071	0.01977
9	0.00196	0.05999	0.77595	0.00242	0.01975	0.01301	0.02140	0.00285	0.00192	0.06672	0.01485	0.00205	0.01151	0.00087	0.00083	0.00027	0.00122	0.00069	0.00044	0.00129
10	0.00319	0.04510	0.01822	0.00214	0.01786	0.50256	0.01421	0.23330	0.00280	0.10618	0.00187	0.01100	0.00145	0.00100	0.00085	0.00025	0.01143	0.01611	0.00928	0.00119
11	0.00117	0.00084	0.00112	0.00129	0.00139	0.00081	0.00094	0.00139	0.00175	0.00230	0.00481	0.58443	0.05775	0.07337	0.02370	0.00043	0.00065	0.24036	0.00079	0.00073
12	0.00228	0.00124	0.01573	0.00140	0.00182	0.00111	0.00117	0.02478	0.02654	0.33221	0.01605	0.04866	0.19230	0.00175	0.00100	0.00031	0.00068	0.25969	0.07023	0.00107

[dist]
# distance from previous block
# <min> <max>
2	9

[block]
# block no. 10 follows, 377 sequences, length 24
# corresponding to MSA columns:
# 1181-1204
name=unknown_K
#
# <colnr> <probs for GDERKNQSTAVLIFYWHMCP>
#	G	D	E	R	K	N	Q	S	T	A	V	L	I	F	Y	W	H	M	C	P
0	0.01020	0.01147	0.06089	0.06614	0.02306	0.00112	0.02235	0.03200	0.02101	0.01379	0.22232	0.01399	0.48294	0.00178	0.00099	0.00029	0.00061	0.00151	0.01265	0.00089
1	0.00128	0.00093	0.00132	0.00132	0.00145	0.00105	0.00098	0.00154	0.01316	0.00198	0.00243	0.00388	0.00238	0.19656	0.73860	0.02692	0.00200	0.00100	0.00049	0.00073
2	0.01718	0.03107	0.69557	0.00241	0.02322	0.00191	0.06299	0.00258	0.00186	0.00273	0.00213	0.07388	0.01851	0.00109	0.00088	0.00029	0.00118	0.05885	0.00045	0.00120
3	0.00194	0.02585	0.03563	0.00144	0.01467	0.00130	0.00857	0.00926	0.00819	0.04238	0.00165	0.00188	0.00134	0.00069	0.00067	0.00015	0.00070	0.00055	0.00054	0.84259
4	0.00190	0.00161	0.01354	0.00133	0.00212	0.00120	0.00108	0.01361	0.00187	0.02843	0.00162	0.00186	0.00132	0.00067	0.00066	0.00014	0.00067	0.00054	0.00054	0.92531
5	0.00173	0.00160	0.00264	0.84306	0.04319	0.00195	0.01269	0.03034	0.01450	0.00240	0.00168	0.01506	0.00131	0.00094	0.00091	0.00518	0.00587	0.00879	0.00515	0.00101
6	0.00127	0.00090	0.00118	0.00118	0.00126	0.00097	0.00081	0.00142	0.00134	0.00187	0.00256	0.00462	0.00270	0.49419	0.47872	0.00113	0.00159	0.00111	0.00050	0.00066
7	0.00143	0.00105	0.00152	0.00167	0.00189	0.00104	0.02928	0.00184	0.00202	0.00263	0.00457	0.03285	0.00497	0.00239	0.00121	0.00040	0.00082	0.90683	0.00080	0.00082
8	0.00260	0.00735	0.00223	0.01252	0.01081	0.02710	0.00150	0.36885	0.48039	0.01352	0.00298	0.05179	0.00233	0.00121	0.00090	0.00029	0.00082	0.01056	0.00086	0.00138
9	0.00146	0.00102	0.00122	0.00112	0.00141	0.00722	0.00085	0.01093	0.03386	0.06146	0.55944	0.01500	0.21794	0.00175	0.00099	0.00027	0.00047	0.00151	0.04621	0.03586
10	0.04150	0.00874	0.00649	0.02643	0.03390	0.31227	0.02838	0.16773	0.01609	0.17547	0.00643	0.00214	0.00150	0.00097	0.00089	0.00471	0.03082	0.00672	0.01183	0.11699
11	0.00197	0.02210	0.14119	0.01272	0.00354	0.02203	0.46648	0.00297	0.17051	0.00295	0.07905	0.02214	0.01581	0.00100	0.00101	0.00029	0.02246	0.00103	0.00956	0.00118
12	0.01536	0.00137	0.00181	0.00144	0.00202	0.00121	0.00117	0.00381	0.00237	0.77419	0.00343	0.05200	0.00236	0.00116	0.00086	0.00027	0.00069	0.00095	0.13218	0.00136
13	0.00256	0.00122	0.00154	0.00129	0.00176	0.00108	0.00102	0.02635	0.00880	0.46805	0.13382	0.04508	0.26129	0.01504	0.00100	0.00029	0.00061	0.00131	0.02675	0.00114
14	0.00853	0.08510	0.34694	0.03899	0.02100	0.03447	0.17096	0.12157	0.04355	0.07515	0.01345	0.00224	0.01079	0.00096	0.00919	0.00028	0.00936	0.00078	0.00546	0.00126
15	0.00204	0.00237	0.02406	0.00360	0.00448	0.00218	0.91358	0.00277	0.00207	0.00280	0.00198	0.00254	0.02929	0.00079	0.00103	0.00030	0.00145	0.00105	0.00045	0.00117
16	0.00112	0.00082	0.00106	0.00123	0.00133	0.00076	0.00087	0.00131	0.00177	0.00232	0.01816	0.69917	0.12781	0.01449	0.00116	0.00036	0.00054	0.12419	0.00081	0.00073
17	0.00114	0.00084	0.00615	0.00614	0.00134	0.00078	0.00085	0.00712	0.01309	0.00724	0.04577	0.74482	0.08731	0.03212	0.00886	0.00037	0.00055	0.03394	0.00081	0.00074
18	0.00622	0.03794	0.58484	0.00235	0.00926	0.01269	0.07312	0.08008	0.03288	0.07089	0.00914	0.02034	0.00847	0.00117	0.04043	0.00032	0.00730	0.00077	0.00051	0.00127
19	0.00162	0.00108	0.00124	0.00114	0.00148	0.00100	0.00087	0.02775	0.07827	0.12177	0.23681	0.05856	0.43807	0.00187	0.00100	0.00029	0.00051	0.00158	0.02416	0.00093
20	0.00170	0.02341	0.42579	0.00177	0.00253	0.00152	0.00194	0.04342	0.01404	0.05486	0.15109	0.06310	0.18827	0.00958	0.00097	0.00724	0.00088	0.00116	0.00065	0.00609
21	0.01895	0.06304	0.27683	0.04795	0.09732	0.03896	0.23392	0.05654	0.02806	0.05178	0.00646	0.03307	0.00150	0.00092	0.00093	0.00028	0.02314	0.00084	0.00050	0.01901
22	0.00698	0.02468	0.14743	0.12730	0.11199	0.17492	0.04107	0.08563	0.03070	0.05200	0.03039	0.05832	0.03275	0.00476	0.00376	0.00028	0.01948	0.02432	0.00908	0.01416
23	0.01687	0.01194	0.01869	0.52558	0.12962	0.01733	0.04688	0.00689	0.02550	0.01184	0.01679	0.03122	0.02112	0.00920	0.02040	0.00032	0.06358	0.00605	0.01321	0.00698

[dist]
# distance from previous block
# <min> <max>
2	49

[block]
# block no. 11 follows, 377 sequences, length 13
# corresponding to MSA columns:
# 1258-1261,1277,1280-1286,1289
name=unknown_L
#
# <colnr> <probs for GDERKNQSTAVLIFYWHMCP>
#	G	D	E	R	K	N	Q	S	T	A	V	L	I	F	Y	W	H	M	C	P
0	0.02733	0.05546	0.32390	0.05220	0.10273	0.01871	0.01440	0.07984	0.02131	0.08861	0.00183	0.01009	0.00138	0.00087	0.00082	0.00024	0.01179	0.00069	0.00655	0.18124
1	0.02228	0.34490	0.18627	0.05725	0.06058	0.13635	0.02381	0.07896	0.03908	0.01744	0.00164	0.00187	0.01060	0.00088	0.00078	0.00690	0.00812	0.00064	0.00047	0.00119
2	0.00241	0.03009	0.00223	0.02554	0.02141	0.01077	0.00985	0.19494	0.61942	0.02398	0.01789	0.00304	0.01491	0.00115	0.00088	0.00028	0.00078	0.00094	0.01813	0.00136
3	0.00132	0.00678	0.01062	0.01653	0.06849	0.00100	0.01575	0.00162	0.01999	0.01519	0.07906	0.49131	0.12773	0.01575	0.00605	0.00770	0.02031	0.07014	0.00582	0.01883
4	0.03892	0.00117	0.00140	0.00119	0.00161	0.00110	0.00094	0.01867	0.01329	0.38665	0.09314	0.00351	0.02105	0.01308	0.00082	0.00025	0.00057	0.00093	0.40057	0.00111
5	0.00123	0.00090	0.00109	0.00106	0.00129	0.00081	0.00079	0.00156	0.00226	0.01550	0.56533	0.03370	0.28549	0.03648	0.00116	0.00031	0.00046	0.03466	0.01512	0.00080
6	0.72635	0.00172	0.00150	0.00129	0.00185	0.00192	0.00106	0.06977	0.03802	0.13003	0.00170	0.00178	0.00124	0.00089	0.00063	0.00027	0.00070	0.00058	0.01764	0.00108
7	0.00130	0.00087	0.00111	0.00117	0.00133	0.00080	0.00084	0.00154	0.00196	0.05351	0.23313	0.46314	0.11995	0.04879	0.00123	0.00035	0.00052	0.04683	0.02085	0.00078
8	0.02454	0.00162	0.00205	0.01623	0.00228	0.00154	0.00132	0.16874	0.01724	0.66890	0.02951	0.01684	0.00225	0.00112	0.00087	0.00027	0.00076	0.00090	0.04162	0.00142
9	0.00169	0.00159	0.00270	0.87658	0.05476	0.00194	0.02282	0.00228	0.00178	0.00231	0.00160	0.00236	0.00121	0.00087	0.00088	0.00029	0.00116	0.00079	0.02141	0.00100
10	0.00127	0.00089	0.00114	0.00115	0.00135	0.00082	0.00085	0.00159	0.00219	0.03255	0.49772	0.23303	0.15453	0.00211	0.00106	0.00031	0.00048	0.06526	0.00090	0.00081
11	0.91794	0.00171	0.00142	0.00124	0.00179	0.00196	0.02664	0.00264	0.00154	0.03489	0.00131	0.00150	0.00100	0.00082	0.00057	0.00027	0.00070	0.00050	0.00056	0.00098
12	0.07020	0.01576	0.00235	0.01507	0.01084	0.01916	0.05899	0.31787	0.12895	0.23547	0.00255	0.00259	0.00183	0.01055	0.00097	0.01372	0.02698	0.00821	0.05661	0.00132

[dist]
# distance from previous block
# <min> <max>
1	37

[block]
# block no. 12 follows, 377 sequences, length 13
# corresponding to MSA columns:
# 1327-1339
name=unknown_M
#
# <colnr> <probs for GDERKNQSTAVLIFYWHMCP>
#	G	D	E	R	K	N	Q	S	T	A	V	L	I	F	Y	W	H	M	C	P
0	0.02260	0.45822	0.09396	0.00182	0.00253	0.07904	0.02492	0.08506	0.19291	0.01347	0.00185	0.00195	0.00148	0.00090	0.00075	0.00024	0.01589	0.00065	0.00054	0.00122
1	0.01904	0.00255	0.08200	0.00348	0.00437	0.02575	0.82760	0.00281	0.00205	0.00282	0.00176	0.00231	0.00132	0.00076	0.00100	0.00029	0.00144	0.00098	0.01647	0.00118
2	0.01043	0.00176	0.01128	0.13997	0.36630	0.00786	0.09433	0.02408	0.05241	0.03577	0.07189	0.07008	0.01823	0.00970	0.00658	0.00030	0.01025	0.04979	0.01785	0.00116
3	0.00110	0.00089	0.00095	0.00096	0.00121	0.00077	0.00071	0.00133	0.00197	0.00244	0.08837	0.05780	0.70458	0.07427	0.00130	0.00034	0.00049	0.04547	0.01430	0.00074
4	0.00173	0.00118	0.00771	0.06374	0.05510	0.00113	0.01502	0.01782	0.02890	0.12646	0.44084	0.05647	0.11259	0.01972	0.01312	0.00031	0.00833	0.00140	0.02747	0.00097
5	0.01495	0.00163	0.00198	0.01033	0.01413	0.00165	0.00807	0.21276	0.12906	0.36482	0.10408	0.00329	0.00273	0.03433	0.02808	0.00780	0.00079	0.00096	0.05725	0.00130
6	0.66396	0.01339	0.00147	0.01802	0.01291	0.00182	0.00105	0.04250	0.01742	0.09232	0.00179	0.01748	0.00140	0.00094	0.00063	0.00027	0.00069	0.01797	0.09297	0.00102
7	0.01045	0.00193	0.00210	0.02453	0.03519	0.01603	0.00145	0.16283	0.59201	0.01202	0.00304	0.02656	0.00235	0.00115	0.00087	0.00028	0.00077	0.01168	0.01770	0.07706
8	0.00115	0.00081	0.00107	0.00125	0.00134	0.00076	0.00088	0.00134	0.00176	0.01528	0.01815	0.76964	0.05474	0.01562	0.00117	0.00036	0.00055	0.11257	0.00082	0.00074
9	0.04933	0.03367	0.16365	0.14142	0.18014	0.02029	0.14766	0.07305	0.02054	0.06094	0.02440	0.02167	0.01363	0.01056	0.01130	0.00030	0.01380	0.00601	0.00644	0.00120
10	0.00207	0.10214	0.39580	0.02070	0.03079	0.01768	0.28972	0.04747	0.03509	0.01968	0.00933	0.01383	0.00139	0.00086	0.00090	0.00028	0.00977	0.00081	0.00046	0.00124
11	0.00125	0.00087	0.00115	0.00130	0.00143	0.00082	0.00096	0.00148	0.00181	0.02152	0.04056	0.55859	0.04328	0.05511	0.00131	0.00039	0.00061	0.25191	0.00081	0.01485
12	0.01027	0.00156	0.01226	0.07348	0.05704	0.02585	0.05243	0.13068	0.03690	0.19293	0.07649	0.19549	0.02734	0.00152	0.01311	0.00030	0.00625	0.01310	0.07189	0.00112

[dist]
# distance from previous block
# <min> <max>
1	47

[block]
# block no. 13 follows, 377 sequences, length 14
# corresponding to MSA columns:
# 1388-1399,1401,1402
name=unknown_N
#
# <colnr> <probs for GDERKNQSTAVLIFYWHMCP>
#	G	D	E	R	K	N	Q	S	T	A	V	L	I	F	Y	W	H	M	C	P
0	0.00650	0.03165	0.10078	0.01045	0.02666	0.00134	0.01678	0.03621	0.03193	0.08998	0.24210	0.04295	0.04388	0.04351	0.04620	0.01056	0.01687	0.00862	0.07359	0.11944
1	0.00214	0.48620	0.13525	0.00178	0.00967	0.02784	0.04749	0.01265	0.02005	0.04444	0.03375	0.01029	0.03440	0.00920	0.00081	0.00025	0.00097	0.12118	0.00052	0.00111
2	0.00981	0.00085	0.00106	0.00114	0.00120	0.00084	0.00075	0.00136	0.00152	0.01594	0.02247	0.35659	0.01706	0.41936	0.06235	0.03020	0.00080	0.05538	0.00066	0.00065
3	0.92268	0.00179	0.00136	0.00121	0.00175	0.03055	0.00099	0.02609	0.00159	0.00393	0.00125	0.00145	0.00097	0.00082	0.00056	0.00027	0.00071	0.00049	0.00055	0.00097
4	0.23760	0.02876	0.22630	0.02415	0.06593	0.00936	0.04603	0.02754	0.01306	0.12415	0.00929	0.00199	0.00136	0.00084	0.00075	0.00025	0.00092	0.00065	0.00056	0.18051
5	0.00185	0.00162	0.02044	0.00140	0.01878	0.00120	0.00111	0.00226	0.00185	0.01832	0.01611	0.00192	0.00142	0.00068	0.00067	0.00014	0.00067	0.00055	0.00053	0.90849
6	0.00137	0.00099	0.00124	0.00132	0.00148	0.00097	0.00093	0.11799	0.00200	0.00267	0.00451	0.79901	0.02056	0.00249	0.00108	0.00034	0.00057	0.02084	0.00082	0.01881
7	0.00217	0.00188	0.00268	0.00226	0.00236	0.00251	0.02898	0.00240	0.00151	0.11919	0.00145	0.00207	0.00128	0.00146	0.00259	0.00037	0.82254	0.00079	0.00047	0.00103
8	0.00297	0.00218	0.00242	0.00191	0.00247	0.00247	0.00157	0.69728	0.02545	0.02533	0.00214	0.00226	0.00158	0.00111	0.00109	0.00027	0.11849	0.00080	0.10686	0.00135
9	0.00121	0.00094	0.00125	0.00136	0.00143	0.00099	0.00098	0.00140	0.00171	0.00231	0.05286	0.66543	0.04259	0.03304	0.00144	0.00037	0.11818	0.07101	0.00076	0.00075
10	0.00133	0.00109	0.00159	0.00137	0.00170	0.00099	0.11754	0.00174	0.01461	0.02168	0.45484	0.03950	0.33498	0.00183	0.00104	0.00029	0.00057	0.00162	0.00085	0.00086
11	0.00119	0.00100	0.00118	0.00116	0.00137	0.00099	0.00088	0.00143	0.00194	0.00248	0.13207	0.15999	0.54400	0.00218	0.00128	0.00032	0.11811	0.02687	0.00078	0.00078
12	0.00182	0.00142	0.00916	0.00181	0.11875	0.00935	0.00122	0.01329	0.18297	0.04666	0.18567	0.08748	0.05055	0.00132	0.00087	0.00025	0.00063	0.00114	0.11383	0.17180
13	0.69059	0.00167	0.00150	0.00125	0.00185	0.00179	0.00103	0.02508	0.00175	0.14589	0.00162	0.00172	0.00119	0.00084	0.00061	0.00025	0.00069	0.00055	0.00063	0.11949

[dist]
# distance from previous block
# <min> <max>
0	8

[block]
# block no. 14 follows, 377 sequences, length 14
# corresponding to MSA columns:
# 1411-1424
name=unknown_O
#
# <colnr> <probs for GDERKNQSTAVLIFYWHMCP>
#	G	D	E	R	K	N	Q	S	T	A	V	L	I	F	Y	W	H	M	C	P
0	0.01040	0.08157	0.14108	0.28302	0.13874	0.04226	0.06547	0.02630	0.04952	0.00932	0.01039	0.00236	0.00655	0.00098	0.00107	0.00029	0.10230	0.01943	0.00783	0.00114
1	0.01012	0.00127	0.03348	0.00156	0.00186	0.00120	0.05975	0.00221	0.16111	0.02655	0.08880	0.31511	0.05574	0.01637	0.00111	0.00034	0.00069	0.20561	0.01618	0.00093
2	0.00200	0.02577	0.00279	0.00232	0.00239	0.05440	0.03218	0.00222	0.00144	0.00214	0.00121	0.00193	0.00117	0.00154	0.01812	0.00038	0.84588	0.00076	0.00039	0.00097
3	0.01428	0.11658	0.20490	0.00158	0.00230	0.00164	0.00155	0.01362	0.00185	0.03881	0.03175	0.01943	0.04618	0.07097	0.01122	0.00028	0.03120	0.03248	0.00643	0.35294
4	0.00128	0.00095	0.00120	0.00128	0.00145	0.00093	0.00093	0.00954	0.07012	0.01300	0.08139	0.56088	0.10720	0.00236	0.00111	0.00034	0.01704	0.09378	0.01054	0.02468
5	0.00177	0.00439	0.90579	0.00249	0.00371	0.00208	0.00317	0.00274	0.00182	0.00274	0.00155	0.00186	0.00112	0.00088	0.00096	0.00028	0.06033	0.00066	0.00037	0.00128
6	0.01168	0.03235	0.15450	0.11611	0.04733	0.02522	0.02669	0.09016	0.01709	0.08032	0.09048	0.15310	0.05111	0.02420	0.00598	0.00960	0.02339	0.03450	0.00512	0.00106
7	0.00204	0.31418	0.52185	0.01263	0.02186	0.00246	0.02980	0.02144	0.00193	0.02977	0.03340	0.00193	0.00141	0.00085	0.00076	0.00025	0.00113	0.00065	0.00043	0.00123
