[name]
unknown

[dist]
# distance from previous block
# <min> <max>
0	176

[block]
# block no. 0 follows, 301 sequences, length 24
# corresponding to MSA columns:
# 1015-1038
name=unknown_A
#
# <colnr> <probs for GDERKNQSTAVLIFYWHMCP>
#	G	D	E	R	K	N	Q	S	T	A	V	L	I	F	Y	W	H	M	C	P
0	0.07227	0.00223	0.03479	0.04697	0.01301	0.02445	0.04188	0.12749	0.11787	0.23749	0.02310	0.04875	0.00849	0.02522	0.03300	0.00041	0.02940	0.05563	0.00096	0.05660
1	0.16617	0.01558	0.00698	0.01258	0.00825	0.07630	0.00683	0.10211	0.10790	0.11343	0.04634	0.01609	0.01972	0.00128	0.00936	0.00030	0.01950	0.00093	0.00085	0.26950
2	0.00756	0.00187	0.00217	0.06986	0.01181	0.07325	0.03838	0.09005	0.06205	0.02726	0.08681	0.27148	0.06108	0.06526	0.00790	0.00041	0.00097	0.01625	0.00828	0.09730
3	0.04354	0.01721	0.02094	0.01870	0.06949	0.14545	0.02929	0.13874	0.17511	0.02607	0.17601	0.04684	0.02043	0.00609	0.00902	0.00035	0.01110	0.00127	0.04293	0.00140
4	0.01517	0.00118	0.00148	0.00138	0.00169	0.00109	0.00104	0.00237	0.01062	0.08834	0.62210	0.04748	0.09094	0.00212	0.00121	0.00034	0.00057	0.00867	0.10111	0.00109
5	0.00668	0.00220	0.00292	0.12868	0.27306	0.06658	0.01552	0.06747	0.09484	0.00916	0.10587	0.06262	0.08220	0.02559	0.02090	0.00039	0.01649	0.01158	0.00588	0.00137
6	0.00173	0.00138	0.00152	0.00147	0.00178	0.04268	0.00110	0.05499	0.00285	0.01572	0.40726	0.16521	0.27054	0.00247	0.00128	0.00037	0.00066	0.02489	0.00108	0.00104
7	0.01430	0.01941	0.01938	0.01504	0.00340	0.02171	0.16784	0.07656	0.00218	0.01886	0.00186	0.00951	0.00165	0.00205	0.06910	0.00052	0.55377	0.00103	0.00057	0.00129
8	0.00232	0.00194	0.00226	0.00167	0.00258	0.00155	0.00133	0.01645	0.05538	0.02050	0.00217	0.00247	0.00178	0.00118	0.04241	0.00025	0.00091	0.00071	0.00069	0.84147
9	0.05606	0.00173	0.00828	0.00212	0.00258	0.00173	0.16069	0.07804	0.02837	0.01606	0.45355	0.10308	0.03157	0.00195	0.00134	0.00036	0.04254	0.00777	0.00099	0.00120
10	0.00263	0.00163	0.00198	0.00184	0.04349	0.05470	0.00135	0.01854	0.01042	0.24939	0.56934	0.00634	0.03013	0.00187	0.00120	0.00034	0.00075	0.00161	0.00116	0.00130
11	0.00148	0.00113	0.00153	0.00158	0.00677	0.00104	0.04229	0.00178	0.01010	0.01349	0.09634	0.53401	0.19582	0.05142	0.01323	0.00045	0.00072	0.01118	0.00098	0.01466
12	0.00208	0.00134	0.00179	0.00179	0.05493	0.00130	0.04230	0.00947	0.01555	0.11261	0.01523	0.11185	0.01188	0.58245	0.01062	0.00079	0.00103	0.00163	0.02041	0.00096
13	0.00375	0.00290	0.00321	0.00252	0.00331	0.08319	0.07947	0.58333	0.06164	0.07163	0.00295	0.01456	0.01242	0.00133	0.00109	0.00033	0.00122	0.01447	0.05500	0.00168
14	0.00144	0.00113	0.00122	0.00120	0.00157	0.00097	0.00092	0.00176	0.00256	0.03015	0.11611	0.01011	0.76893	0.00267	0.00129	0.00037	0.00058	0.05502	0.00104	0.00096
15	0.01034	0.00115	0.00147	0.05491	0.00196	0.00112	0.00113	0.01382	0.01568	0.04248	0.20400	0.43920	0.09212	0.00256	0.00124	0.00038	0.00065	0.00227	0.11251	0.00101
16	0.00304	0.83308	0.00534	0.00196	0.00286	0.05246	0.00188	0.06515	0.02066	0.00288	0.00165	0.00186	0.00146	0.00097	0.00074	0.00024	0.00120	0.00063	0.00052	0.00142
17	0.00957	0.01248	0.00310	0.01828	0.00301	0.00829	0.00210	0.29194	0.01128	0.13485	0.00231	0.00272	0.00180	0.00161	0.00736	0.00040	0.44743	0.00098	0.03901	0.00148
18	0.00226	0.00152	0.00198	0.00180	0.00209	0.00169	0.00137	0.11760	0.01452	0.09471	0.00306	0.00450	0.00281	0.20980	0.46117	0.00117	0.05839	0.00121	0.01722	0.00112
19	0.00186	0.00302	0.38251	0.00225	0.00305	0.00177	0.02375	0.01035	0.07996	0.00342	0.10579	0.30370	0.05325	0.00206	0.00120	0.00038	0.00106	0.01853	0.00081	0.00128
20	0.00208	0.00196	0.00329	0.91228	0.02687	0.00244	0.00301	0.00278	0.00217	0.00279	0.00192	0.00288	0.00145	0.00111	0.00116	0.00036	0.02879	0.00097	0.00048	0.00122
21	0.00210	0.00195	0.00327	0.91676	0.02299	0.00242	0.00300	0.00282	0.00218	0.01480	0.00196	0.00290	0.00147	0.00110	0.00112	0.00036	0.01612	0.00097	0.00049	0.00122
22	0.02366	0.10389	0.01480	0.01122	0.02347	0.46880	0.03328	0.07591	0.04153	0.02294	0.00198	0.00226	0.00161	0.00108	0.00097	0.00027	0.00872	0.00508	0.00064	0.15788
23	0.00264	0.20550	0.36496	0.00715	0.01400	0.02990	0.03443	0.01448	0.03712	0.10316	0.03061	0.05951	0.02664	0.00128	0.00103	0.00032	0.01278	0.00102	0.00067	0.05280

[dist]
# distance from previous block
# <min> <max>
1	57

[block]
# block no. 1 follows, 301 sequences, length 10
# corresponding to MSA columns:
# 1096-1102,1131-1133
name=unknown_B
#
# <colnr> <probs for GDERKNQSTAVLIFYWHMCP>
#	G	D	E	R	K	N	Q	S	T	A	V	L	I	F	Y	W	H	M	C	P
0	0.01309	0.01319	0.00383	0.07498	0.03859	0.03127	0.26736	0.10285	0.02366	0.35611	0.00308	0.00333	0.00217	0.00121	0.00116	0.00034	0.01313	0.02148	0.01039	0.01878
1	0.02520	0.08441	0.13288	0.09799	0.05270	0.02390	0.07189	0.09807	0.18437	0.08248	0.01901	0.00310	0.00963	0.00124	0.00116	0.00034	0.04471	0.00864	0.00835	0.04994
2	0.00228	0.00213	0.00336	0.81488	0.03728	0.02328	0.02390	0.07424	0.00243	0.00312	0.00199	0.00285	0.00149	0.00110	0.00109	0.00036	0.00144	0.00097	0.00053	0.00128
3	0.03575	0.00115	0.00143	0.00135	0.00163	0.00107	0.00101	0.00205	0.00298	0.00425	0.83779	0.00810	0.09297	0.00223	0.00126	0.00034	0.00053	0.00195	0.00116	0.00102
4	0.00131	0.00109	0.00114	0.00116	0.00149	0.00092	0.00086	0.00159	0.00249	0.00303	0.08389	0.09606	0.79569	0.00277	0.00129	0.00037	0.00055	0.00234	0.00102	0.00092
5	0.96948	0.00210	0.00160	0.00143	0.00210	0.00244	0.00118	0.00320	0.00185	0.00488	0.00151	0.00177	0.00118	0.00101	0.00067	0.00034	0.00084	0.00059	0.00067	0.00118
6	0.00315	0.00230	0.00252	0.00218	0.00285	0.00256	0.00172	0.06628	0.73644	0.16078	0.00429	0.00390	0.00312	0.00144	0.00110	0.00036	0.00089	0.00119	0.00114	0.00175
7	0.00132	0.00095	0.00126	0.00151	0.00158	0.00088	0.00101	0.00151	0.00208	0.00277	0.00599	0.96109	0.00719	0.00341	0.00139	0.00044	0.00063	0.00309	0.00101	0.00088
8	0.00134	0.00096	0.00127	0.00148	0.00157	0.00089	0.00100	0.00155	0.00216	0.00288	0.06744	0.85542	0.05140	0.00330	0.00138	0.00043	0.00062	0.00298	0.00102	0.00089
9	0.96948	0.00210	0.00160	0.00143	0.00210	0.00244	0.00118	0.00320	0.00185	0.00488	0.00151	0.00177	0.00118	0.00101	0.00067	0.00034	0.00084	0.00059	0.00067	0.00118

[dist]
# distance from previous block
# <min> <max>
4	22

[block]
# block no. 2 follows, 301 sequences, length 16
# corresponding to MSA columns:
# 1158-1173
name=unknown_C
#
# <colnr> <probs for GDERKNQSTAVLIFYWHMCP>
#	G	D	E	R	K	N	Q	S	T	A	V	L	I	F	Y	W	H	M	C	P
0	0.35034	0.02021	0.01963	0.04952	0.01209	0.09841	0.02800	0.13399	0.14947	0.02234	0.00242	0.02379	0.00802	0.00128	0.00112	0.00035	0.07000	0.00687	0.00077	0.00139
1	0.00815	0.01933	0.33696	0.01208	0.01110	0.02643	0.03813	0.12909	0.13084	0.06731	0.13850	0.01059	0.03225	0.00807	0.00114	0.00035	0.00559	0.00758	0.01498	0.00152
2	0.00155	0.00112	0.00141	0.00135	0.00163	0.00102	0.00101	0.00200	0.00290	0.02271	0.69392	0.05042	0.18506	0.00244	0.01379	0.00037	0.00057	0.01458	0.00115	0.00101
3	0.00232	0.07998	0.73122	0.00289	0.00428	0.00269	0.01494	0.02861	0.06821	0.00353	0.01601	0.00255	0.01062	0.00112	0.00109	0.00034	0.02664	0.00086	0.00054	0.00158
4	0.00149	0.00112	0.00131	0.00125	0.00158	0.00099	0.00094	0.00189	0.00279	0.02577	0.48107	0.00914	0.46182	0.00246	0.00128	0.00035	0.00054	0.00210	0.00111	0.00099
5	0.00252	0.00222	0.00310	0.42089	0.09115	0.00260	0.01334	0.07212	0.32317	0.01336	0.00286	0.00326	0.00216	0.00125	0.00116	0.00036	0.02883	0.00106	0.01310	0.00148
6	0.01371	0.03353	0.01246	0.01339	0.00338	0.69419	0.00209	0.18060	0.01743	0.01660	0.00193	0.00214	0.00153	0.00115	0.00099	0.00029	0.00174	0.00076	0.00067	0.00139
7	0.01603	0.00166	0.00183	0.00155	0.00206	0.00169	0.00123	0.20107	0.03470	0.18898	0.00350	0.00365	0.00257	0.00129	0.00090	0.00029	0.00075	0.00102	0.53384	0.00138
8	0.00157	0.00107	0.00131	0.00131	0.00135	0.00111	0.00081	0.00166	0.00163	0.00221	0.00338	0.02843	0.00376	0.73778	0.20708	0.00119	0.00144	0.00153	0.00065	0.00073
9	0.02123	0.00195	0.00234	0.00185	0.00258	0.01064	0.00150	0.14561	0.03575	0.40995	0.06054	0.00356	0.00282	0.00139	0.01321	0.00032	0.01699	0.00104	0.11228	0.15444
10	0.00149	0.00109	0.00139	0.00135	0.00160	0.00100	0.00100	0.00194	0.00290	0.00402	0.74093	0.11118	0.12125	0.00241	0.00129	0.00036	0.00053	0.00213	0.00115	0.00100
11	0.06011	0.00195	0.00217	0.00163	0.00249	0.01757	0.00129	0.04106	0.00237	0.00369	0.01569	0.05442	0.02847	0.00106	0.00086	0.00020	0.00082	0.00085	0.00070	0.76256
12	0.00229	0.00225	0.00314	0.00272	0.00273	0.00311	0.00225	0.00254	0.00170	0.00263	0.02104	0.00273	0.00175	0.02926	0.05602	0.00056	0.86063	0.00100	0.00050	0.00116
13	0.01752	0.04338	0.01257	0.02200	0.06971	0.25756	0.01456	0.15713	0.28619	0.02571	0.02656	0.02367	0.01063	0.00892	0.01024	0.00035	0.00988	0.00105	0.00085	0.00152
14	0.02942	0.02458	0.83305	0.00292	0.00439	0.02899	0.00368	0.00337	0.00232	0.00344	0.02069	0.02056	0.01563	0.00113	0.00103	0.00034	0.00153	0.00088	0.00050	0.00155
15	0.04112	0.04159	0.01046	0.02111	0.01752	0.15269	0.03254	0.30848	0.25744	0.01498	0.00292	0.00966	0.00988	0.01410	0.01444	0.00036	0.02825	0.00101	0.01319	0.00826

[dist]
# distance from previous block
# <min> <max>
2	14

[block]
# block no. 3 follows, 301 sequences, length 17
# corresponding to MSA columns:
# 1276-1281,1283-1293
name=unknown_D
#
# <colnr> <probs for GDERKNQSTAVLIFYWHMCP>
#	G	D	E	R	K	N	Q	S	T	A	V	L	I	F	Y	W	H	M	C	P
0	0.00151	0.00110	0.00142	0.00136	0.00161	0.00101	0.00101	0.00200	0.00300	0.00421	0.85797	0.04277	0.07235	0.00230	0.00129	0.00035	0.00052	0.00203	0.00118	0.00101
1	0.02266	0.00302	0.28182	0.00237	0.00337	0.00203	0.03449	0.06662	0.01558	0.45330	0.05816	0.02349	0.00274	0.00135	0.00113	0.00035	0.01521	0.00965	0.00099	0.00167
2	0.00192	0.00118	0.00152	0.00144	0.00174	0.00107	0.00107	0.00232	0.00279	0.13087	0.53223	0.18399	0.09596	0.03517	0.00142	0.00039	0.00061	0.00207	0.00115	0.00109
3	0.05820	0.69388	0.19923	0.00209	0.00314	0.00380	0.00226	0.00334	0.02038	0.00291	0.00166	0.00190	0.00142	0.00097	0.00077	0.00026	0.00123	0.00064	0.00049	0.00143
4	0.01938	0.00139	0.00183	0.01254	0.06299	0.01592	0.01292	0.00228	0.01744	0.02796	0.09503	0.14088	0.17480	0.00830	0.00138	0.00043	0.00087	0.40162	0.00098	0.00106
5	0.02642	0.29917	0.38266	0.02258	0.02032	0.02838	0.02954	0.02346	0.01889	0.00323	0.01833	0.02165	0.01645	0.00119	0.00104	0.00032	0.03373	0.02996	0.00055	0.02212
6	0.00162	0.00123	0.00171	0.00168	0.00181	0.00143	0.00125	0.00190	0.00173	0.00246	0.00315	0.02929	0.02144	0.24041	0.59051	0.00139	0.08376	0.00132	0.01101	0.00091
7	0.01410	0.00232	0.01988	0.00260	0.00312	0.05192	0.12198	0.00369	0.00242	0.33870	0.00296	0.04563	0.00237	0.01533	0.01728	0.00043	0.31991	0.03308	0.00084	0.00144
8	0.02661	0.03490	0.02253	0.20453	0.34533	0.02015	0.08679	0.03850	0.02698	0.06132	0.00236	0.01255	0.00194	0.00121	0.00128	0.00035	0.07170	0.03885	0.00063	0.00149
9	0.02239	0.13131	0.04940	0.02310	0.02838	0.22815	0.12315	0.09835	0.15979	0.04038	0.03481	0.00313	0.02427	0.00125	0.00108	0.00032	0.01517	0.01336	0.00075	0.00147
10	0.00181	0.00134	0.00190	0.00203	0.00232	0.00134	0.03370	0.02277	0.01845	0.00336	0.04891	0.05298	0.00613	0.02504	0.00156	0.00049	0.00099	0.77283	0.00099	0.00103
11	0.00165	0.00122	0.00173	0.05078	0.00213	0.00133	0.00688	0.00201	0.02107	0.02440	0.01384	0.28862	0.01272	0.09938	0.39404	0.00720	0.03368	0.03558	0.00076	0.00097
12	0.02320	0.17600	0.35412	0.00854	0.05704	0.05272	0.03686	0.06912	0.02137	0.13194	0.01200	0.02884	0.01001	0.00119	0.00102	0.00032	0.00672	0.00674	0.00068	0.00155
13	0.00166	0.00112	0.00144	0.00159	0.00175	0.00108	0.00111	0.05706	0.00232	0.04563	0.00578	0.78932	0.03003	0.02207	0.00144	0.00044	0.00070	0.03344	0.00102	0.00098
14	0.00258	0.00261	0.00307	0.00266	0.00285	0.14211	0.03122	0.03214	0.01353	0.01501	0.00220	0.04351	0.02076	0.02281	0.04435	0.00050	0.58693	0.02298	0.00697	0.00120
15	0.02129	0.00224	0.00379	0.13477	0.25622	0.01071	0.21255	0.03690	0.02673	0.01128	0.00291	0.15516	0.00278	0.01761	0.00141	0.00039	0.06033	0.04087	0.00067	0.00137
16	0.00241	0.00242	0.03609	0.33471	0.47111	0.00248	0.06619	0.00319	0.03247	0.00330	0.00218	0.01779	0.00177	0.00107	0.00109	0.00034	0.00135	0.00103	0.01749	0.00150

[dist]
# distance from previous block
# <min> <max>
1	1

[block]
# block no. 4 follows, 301 sequences, length 14
# corresponding to MSA columns:
# 1305-1308,1311-1320
name=unknown_E
#
# <colnr> <probs for GDERKNQSTAVLIFYWHMCP>
#	G	D	E	R	K	N	Q	S	T	A	V	L	I	F	Y	W	H	M	C	P
0	0.03127	0.00412	0.00301	0.01890	0.00329	0.57083	0.00203	0.21125	0.01816	0.05819	0.00210	0.00237	0.00165	0.02091	0.00122	0.00032	0.04741	0.00082	0.00073	0.00141
1	0.02172	0.00216	0.02108	0.02197	0.01452	0.01343	0.01189	0.09153	0.03850	0.04106	0.00919	0.00986	0.01407	0.00097	0.00089	0.00021	0.00090	0.00078	0.00073	0.68452
2	0.02227	0.02176	0.05755	0.15520	0.22231	0.11449	0.06443	0.16723	0.10715	0.02649	0.00237	0.00275	0.00181	0.00117	0.00114	0.00815	0.02051	0.00097	0.00070	0.00155
3	0.00225	0.04298	0.86696	0.00303	0.00456	0.00256	0.02235	0.00344	0.00232	0.02016	0.01852	0.00241	0.00156	0.00105	0.00103	0.00034	0.00156	0.00083	0.00049	0.00159
4	0.02154	0.02154	0.04545	0.01589	0.01677	0.03485	0.04308	0.06678	0.06995	0.03240	0.47278	0.04767	0.08326	0.00193	0.00120	0.00035	0.00082	0.01160	0.00103	0.01110
5	0.00135	0.00109	0.00120	0.00123	0.00153	0.00094	0.00090	0.00164	0.00247	0.00310	0.12915	0.20015	0.62487	0.00277	0.00129	0.00037	0.00057	0.00238	0.00103	0.02198
6	0.00147	0.00108	0.00138	0.00137	0.00160	0.00099	0.00100	0.00190	0.00283	0.00391	0.67453	0.18487	0.11405	0.00250	0.00130	0.00036	0.00054	0.00221	0.00114	0.00099
7	0.96948	0.00210	0.00160	0.00143	0.00210	0.00244	0.00118	0.00320	0.00185	0.00488	0.00151	0.00177	0.00118	0.00101	0.00067	0.00034	0.00084	0.00059	0.00067	0.00118
8	0.00189	0.00094	0.00142	0.00142	0.00142	0.00094	0.00094	0.00142	0.00142	0.00189	0.00189	0.00330	0.00189	0.00378	0.00425	0.96838	0.00094	0.00094	0.00047	0.00047
9	0.00158	0.00113	0.00164	0.00164	0.00179	0.00128	0.00123	0.00185	0.00170	0.00242	0.00291	0.00462	0.00284	0.14827	0.74789	0.07203	0.00249	0.00121	0.00059	0.00089
10	0.00452	0.00219	0.00270	0.00210	0.00293	0.00213	0.00173	0.24514	0.07695	0.64182	0.00387	0.00345	0.00253	0.00135	0.00109	0.00034	0.00099	0.00107	0.00126	0.00184
11	0.00286	0.00236	0.00251	0.00222	0.00286	0.00270	0.00174	0.05915	0.86441	0.03984	0.00432	0.00396	0.00321	0.00146	0.00110	0.00037	0.00088	0.00121	0.00111	0.00173
12	0.66270	0.01143	0.00206	0.01138	0.00246	0.02036	0.00143	0.16737	0.04217	0.02995	0.00203	0.00221	0.01468	0.00114	0.00086	0.00034	0.02458	0.00073	0.00077	0.00133
13	0.06140	0.02236	0.00750	0.00945	0.01099	0.07411	0.00874	0.18855	0.04394	0.04333	0.02969	0.06114	0.00262	0.10245	0.03623	0.00737	0.15010	0.00604	0.01925	0.11474

[dist]
# distance from previous block
# <min> <max>
1	26

[block]
# block no. 5 follows, 301 sequences, length 13
# corresponding to MSA columns:
# 1347-1357,1359,1360
name=unknown_F
#
# <colnr> <probs for GDERKNQSTAVLIFYWHMCP>
#	G	D	E	R	K	N	Q	S	T	A	V	L	I	F	Y	W	H	M	C	P
0	0.00143	0.00109	0.00132	0.00137	0.00160	0.00100	0.00099	0.00185	0.03659	0.00338	0.30176	0.35576	0.28232	0.00278	0.00131	0.00039	0.00058	0.00244	0.00107	0.00097
1	0.02383	0.09854	0.00317	0.01022	0.01877	0.31658	0.02323	0.12748	0.30360	0.01503	0.01902	0.00289	0.00226	0.00138	0.01868	0.00034	0.00136	0.00094	0.00081	0.01187
2	0.12418	0.06711	0.16839	0.00232	0.01192	0.06040	0.04271	0.13777	0.11098	0.08380	0.02574	0.02307	0.02951	0.00130	0.00103	0.00033	0.01052	0.02049	0.00786	0.07058
3	0.08272	0.01170	0.00258	0.00788	0.04946	0.06271	0.03411	0.07896	0.04142	0.04358	0.01438	0.01070	0.04229	0.12900	0.13942	0.02310	0.21592	0.00113	0.00069	0.00825
4	0.00409	0.06714	0.00332	0.00241	0.00326	0.03946	0.00200	0.73489	0.02650	0.10198	0.00271	0.00267	0.00192	0.00128	0.00106	0.00032	0.00119	0.00096	0.00105	0.00179
5	0.00327	0.00178	0.01028	0.00181	0.00241	0.01455	0.00950	0.08869	0.06072	0.39316	0.32631	0.02461	0.01906	0.00169	0.00115	0.00034	0.00081	0.00143	0.02122	0.01722
6	0.00151	0.00118	0.01898	0.00157	0.00175	0.00105	0.00112	0.00174	0.00213	0.01356	0.04481	0.70251	0.05286	0.00303	0.00152	0.04338	0.03202	0.00260	0.00094	0.07172
7	0.00131	0.00109	0.00113	0.00115	0.00148	0.00092	0.00085	0.00158	0.00246	0.00298	0.05800	0.08604	0.80953	0.02490	0.00139	0.00039	0.00057	0.00232	0.00101	0.00091
8	0.00255	0.00277	0.00450	0.00352	0.00397	0.06237	0.36757	0.00306	0.00210	0.00295	0.00174	0.00257	0.00151	0.00147	0.00253	0.00042	0.53153	0.00106	0.00051	0.00130
9	0.01703	0.26381	0.40071	0.00262	0.00374	0.20900	0.01388	0.01712	0.01657	0.04341	0.00191	0.00216	0.00148	0.00105	0.00093	0.00030	0.00151	0.00074	0.00054	0.00148
10	0.00176	0.00135	0.00156	0.00152	0.00163	0.04173	0.00103	0.02839	0.00181	0.00243	0.00321	0.03884	0.00345	0.53806	0.30279	0.00118	0.02634	0.00143	0.00065	0.00084
11	0.00156	0.00114	0.00162	0.00162	0.00178	0.00129	0.00121	0.00186	0.00171	0.00243	0.00302	0.00489	0.00299	0.21602	0.75000	0.00160	0.00251	0.00126	0.00060	0.00090
12	0.07953	0.01100	0.00286	0.03210	0.00315	0.01420	0.02491	0.38914	0.06506	0.32966	0.00322	0.00315	0.00222	0.00130	0.00106	0.00033	0.00107	0.01157	0.02275	0.00172

[dist]
# distance from previous block
# <min> <max>
5	36

[block]
# block no. 6 follows, 301 sequences, length 9
# corresponding to MSA columns:
# 1401-1409
name=unknown_G
#
# <colnr> <probs for GDERKNQSTAVLIFYWHMCP>
#	G	D	E	R	K	N	Q	S	T	A	V	L	I	F	Y	W	H	M	C	P
0	0.00337	0.00191	0.00236	0.00175	0.00264	0.00156	0.00142	0.03491	0.00269	0.38816	0.00296	0.00291	0.00209	0.00105	0.00093	0.00024	0.00086	0.00085	0.03190	0.51545
1	0.00143	0.00110	0.00131	0.00127	0.00156	0.00098	0.00095	0.00184	0.00281	0.00376	0.55848	0.04988	0.36575	0.00247	0.00129	0.00036	0.00053	0.00214	0.00112	0.00098
2	0.00229	0.00226	0.00316	0.00274	0.00275	0.00313	0.00227	0.00254	0.00169	0.00262	0.00168	0.03899	0.00172	0.00231	0.05682	0.00055	0.86978	0.00104	0.00050	0.00117
3	0.00136	0.00099	0.00129	0.00149	0.00161	0.00092	0.00103	0.00161	0.00223	0.00296	0.09370	0.73314	0.09546	0.00321	0.00137	0.00043	0.00063	0.05463	0.00103	0.00091
4	0.00267	0.00209	0.00230	0.01865	0.00270	0.00233	0.00162	0.04500	0.65596	0.07160	0.08088	0.08027	0.02577	0.00169	0.00114	0.00037	0.00084	0.00144	0.00111	0.00159
5	0.00166	0.00113	0.00146	0.00146	0.00170	0.00104	0.00109	0.00208	0.00275	0.04650	0.55726	0.16452	0.06989	0.04547	0.00150	0.00041	0.00063	0.09731	0.00112	0.00101
6	0.03179	0.65950	0.02820	0.00205	0.00295	0.07127	0.00193	0.14742	0.01951	0.02401	0.00181	0.00199	0.00152	0.00102	0.00080	0.00026	0.00121	0.00068	0.00060	0.00147
7	0.00275	0.00223	0.00237	0.00211	0.00271	0.00253	0.00164	0.02989	0.80047	0.03873	0.00424	0.00402	0.00320	0.02061	0.00117	0.00037	0.00085	0.00120	0.05442	0.02450
8	0.15503	0.09125	0.07906	0.04038	0.06832	0.02473	0.01222	0.15681	0.13241	0.11388	0.02940	0.01063	0.03207	0.00817	0.00943	0.00035	0.00109	0.01871	0.00770	0.00836

[dist]
# distance from previous block
# <min> <max>
3	18

[block]
# block no. 7 follows, 301 sequences, length 9
# corresponding to MSA columns:
# 1431-1437,1440,1441
name=unknown_H
#
# <colnr> <probs for GDERKNQSTAVLIFYWHMCP>
#	G	D	E	R	K	N	Q	S	T	A	V	L	I	F	Y	W	H	M	C	P
0	0.06128	0.10372	0.13331	0.15299	0.18182	0.02986	0.08876	0.05630	0.06046	0.04281	0.01339	0.01360	0.01137	0.00116	0.00109	0.00033	0.02321	0.00947	0.00064	0.01441
1	0.02596	0.00126	0.00158	0.00163	0.00193	0.00119	0.00128	0.01987	0.01586	0.06596	0.08174	0.28053	0.13861	0.02795	0.00143	0.00043	0.00078	0.28465	0.01151	0.03584
2	0.27054	0.06684	0.10196	0.00237	0.04845	0.07500	0.02431	0.19066	0.06642	0.08943	0.01276	0.01532	0.01504	0.00120	0.00094	0.00033	0.00114	0.00089	0.00080	0.01561
3	0.00180	0.00126	0.00147	0.00141	0.00177	0.00118	0.00108	0.02343	0.05672	0.06385	0.20743	0.09544	0.38552	0.01407	0.01314	0.01135	0.00067	0.06128	0.04397	0.01313
4	0.00261	0.01813	0.01885	0.22644	0.50637	0.02183	0.07723	0.02925	0.02866	0.01824	0.00216	0.00289	0.00175	0.00108	0.00116	0.00034	0.02786	0.01304	0.00057	0.00155
5	0.08038	0.00188	0.00228	0.00186	0.00257	0.00183	0.00150	0.03148	0.16486	0.56538	0.06064	0.00387	0.00311	0.00139	0.00105	0.00034	0.00086	0.00112	0.07194	0.00166
6	0.00160	0.00116	0.00165	0.00164	0.00177	0.00132	0.00121	0.00184	0.00170	0.00241	0.00301	0.03227	0.00302	0.21191	0.64255	0.05474	0.03344	0.00129	0.00060	0.00088
7	0.00175	0.00141	0.00185	0.00169	0.01416	0.00135	0.05755	0.03328	0.06718	0.01411	0.39572	0.04005	0.30856	0.00234	0.01341	0.00038	0.01696	0.02609	0.00105	0.00111
8	0.05069	0.02792	0.00317	0.03538	0.00336	0.02631	0.01834	0.70852	0.02238	0.05572	0.00263	0.00272	0.00190	0.01362	0.00111	0.00033	0.00118	0.00097	0.02204	0.00173

[dist]
# distance from previous block
# <min> <max>
0	5

[block]
# block no. 8 follows, 301 sequences, length 8
# corresponding to MSA columns:
# 1447-1454
name=unknown_I
#
# <colnr> <probs for GDERKNQSTAVLIFYWHMCP>
#	G	D	E	R	K	N	Q	S	T	A	V	L	I	F	Y	W	H	M	C	P
0	0.00320	0.00220	0.01998	0.03994	0.01550	0.01195	0.02170	0.23601	0.16429	0.20395	0.13714	0.03708	0.01817	0.01894	0.00130	0.00036	0.03459	0.01054	0.02160	0.00155
1	0.01941	0.01623	0.01311	0.00226	0.03160	0.11482	0.06499	0.09865	0.04112	0.07957	0.03862	0.03443	0.01239	0.00116	0.00101	0.00026	0.01542	0.00095	0.00077	0.41322
2	0.00157	0.00109	0.00141	0.00149	0.00168	0.00102	0.00109	0.00190	0.00244	0.03595	0.27160	0.36019	0.10930	0.06121	0.03726	0.00049	0.00075	0.10756	0.00103	0.00096
3	0.53982	0.01750	0.02603	0.00206	0.04184	0.00249	0.04950	0.14559	0.03754	0.05557	0.01703	0.02766	0.00186	0.01847	0.00095	0.00035	0.00098	0.00086	0.01254	0.00136
4	0.00177	0.02414	0.00160	0.00148	0.00178	0.00122	0.00111	0.03472	0.03295	0.04905	0.39384	0.26144	0.14762	0.01881	0.00135	0.00039	0.00064	0.02395	0.00109	0.00106
5	0.23294	0.04477	0.02079	0.01243	0.03299	0.04954	0.02016	0.06466	0.10149	0.03158	0.02325	0.01972	0.00206	0.02286	0.00938	0.00032	0.03184	0.00086	0.00074	0.27761
6	0.22369	0.24263	0.08941	0.00199	0.01640	0.04635	0.01331	0.04242	0.02193	0.08328	0.01194	0.00266	0.00184	0.03409	0.00105	0.01172	0.00109	0.02244	0.00068	0.13109
7	0.05046	0.05384	0.18856	0.16242	0.29755	0.02426	0.04426	0.05057	0.02459	0.03916	0.01263	0.03109	0.00189	0.00114	0.00108	0.00034	0.01306	0.00099	0.00061	0.00152

[dist]
# distance from previous block
# <min> <max>
0	6

[block]
# block no. 9 follows, 301 sequences, length 14
# corresponding to MSA columns:
# 1506-1515,1518,1520,1521,1539
name=unknown_J
#
# <colnr> <probs for GDERKNQSTAVLIFYWHMCP>
#	G	D	E	R	K	N	Q	S	T	A	V	L	I	F	Y	W	H	M	C	P
0	0.40739	0.01829	0.00241	0.03974	0.00285	0.09623	0.00163	0.22233	0.01254	0.15799	0.02755	0.00253	0.00187	0.00118	0.00090	0.00033	0.00107	0.00083	0.00087	0.00145
1	0.00293	0.00191	0.00211	0.02449	0.00243	0.03523	0.00146	0.14184	0.17138	0.16426	0.09400	0.01195	0.02950	0.00954	0.01019	0.00035	0.02630	0.02150	0.24722	0.00141
2	0.00205	0.00179	0.06004	0.00229	0.01565	0.00751	0.13222	0.01899	0.00254	0.06655	0.10989	0.16911	0.03841	0.01871	0.02076	0.00046	0.00899	0.31409	0.00877	0.00116
3	0.00156	0.00105	0.00119	0.00121	0.00121	0.00104	0.00068	0.00158	0.00161	0.00215	0.00360	0.07041	0.00417	0.89821	0.00526	0.00101	0.00103	0.00168	0.00068	0.00067
4	0.00228	0.00193	0.00254	0.03984	0.03523	0.01034	0.08555	0.05631	0.26248	0.02824	0.11978	0.07529	0.13817	0.00188	0.00133	0.00037	0.05446	0.05084	0.01843	0.01470
5	0.00238	0.00267	0.15459	0.02668	0.01768	0.00186	0.09302	0.03963	0.00241	0.01714	0.00202	0.00238	0.00160	0.00089	0.00091	0.00023	0.00107	0.00076	0.00063	0.63143
6	0.00149	0.00114	0.00134	0.00135	0.00162	0.00105	0.00099	0.00200	0.05345	0.00359	0.38555	0.19541	0.31425	0.00256	0.00128	0.00037	0.00057	0.00223	0.02879	0.00100
7	0.01341	0.01744	0.05417	0.05713	0.07223	0.02658	0.05046	0.02633	0.08597	0.01355	0.00220	0.00252	0.00175	0.00094	0.00092	0.00023	0.00102	0.00079	0.00067	0.57170
8	0.00180	0.00130	0.00163	0.00156	0.00179	0.00778	0.00119	0.02335	0.02601	0.01527	0.38521	0.13670	0.03125	0.01025	0.09104	0.00864	0.08190	0.02103	0.15127	0.00105
9	0.01107	0.14172	0.39389	0.03900	0.12582	0.02148	0.03241	0.04131	0.07296	0.02075	0.01964	0.01320	0.00195	0.00114	0.00104	0.00033	0.01270	0.00950	0.03857	0.00153
10	0.00156	0.00122	0.00157	0.00156	0.00184	0.00117	0.02630	0.01811	0.03426	0.00330	0.20117	0.23623	0.25525	0.01818	0.10286	0.00054	0.00092	0.07579	0.00098	0.01719
11	0.00234	0.00205	0.02970	0.25088	0.19385	0.00854	0.04691	0.03847	0.06040	0.06437	0.11117	0.07723	0.07424	0.00939	0.00119	0.00036	0.00111	0.01440	0.00078	0.01262
12	0.02382	0.01510	0.00216	0.00819	0.01120	0.02442	0.02062	0.10752	0.05885	0.05926	0.00338	0.04992	0.00312	0.06341	0.32768	0.00087	0.01332	0.09825	0.05848	0.05044
13	0.14455	0.02923	0.00229	0.01189	0.00244	0.07654	0.01770	0.13494	0.02914	0.05158	0.04402	0.03007	0.03025	0.05797	0.27363	0.00685	0.03835	0.00113	0.00670	0.01074

[dist]
# distance from previous block
# <min> <max>
2	3

[block]
# block no. 10 follows, 301 sequences, length 11
# corresponding to MSA columns:
# 1550-1560
name=unknown_K
#
# <colnr> <probs for GDERKNQSTAVLIFYWHMCP>
#	G	D	E	R	K	N	Q	S	T	A	V	L	I	F	Y	W	H	M	C	P
0	0.00220	0.07642	0.85277	0.00294	0.00445	0.00260	0.00375	0.00336	0.00229	0.00336	0.00223	0.00254	0.03423	0.00108	0.00102	0.00034	0.00154	0.00084	0.00048	0.00157
1	0.00235	0.00208	0.00332	0.47754	0.20231	0.01720	0.04135	0.02491	0.01173	0.04932	0.04162	0.03020	0.04641	0.00133	0.00118	0.00036	0.02034	0.02447	0.00064	0.00134
2	0.01437	0.00186	0.00199	0.00173	0.00222	0.04883	0.00135	0.20857	0.03979	0.07413	0.30848	0.05746	0.18378	0.01276	0.00124	0.00035	0.00081	0.01057	0.00107	0.02863
3	0.63825	0.00197	0.00179	0.00155	0.00220	0.00216	0.00125	0.02869	0.02019	0.18667	0.01946	0.01851	0.00194	0.03546	0.00097	0.00036	0.00085	0.00082	0.03561	0.00130
4	0.01416	0.00111	0.00141	0.00149	0.00165	0.00109	0.00105	0.00182	0.01439	0.01396	0.20289	0.50098	0.08428	0.08227	0.01167	0.00047	0.03491	0.01717	0.00099	0.01219
5	0.02028	0.32899	0.19429	0.02652	0.08023	0.10279	0.07150	0.04774	0.00248	0.01813	0.00191	0.00230	0.00155	0.00129	0.03514	0.00035	0.02956	0.00080	0.02016	0.01399
6	0.00205	0.00146	0.03268	0.02812	0.00214	0.00953	0.00133	0.03078	0.04303	0.12262	0.14228	0.42173	0.07756	0.01913	0.01707	0.00906	0.00936	0.02791	0.00103	0.00113
7	0.00163	0.00112	0.00137	0.00145	0.00168	0.00104	0.00106	0.01670	0.01707	0.04253	0.07915	0.43388	0.22204	0.03553	0.00145	0.00042	0.00067	0.08407	0.05617	0.00098
8	0.01449	0.00248	0.01323	0.02713	0.10815	0.05670	0.18764	0.16966	0.04778	0.15136	0.03316	0.05423	0.05398	0.01164	0.00128	0.00036	0.02718	0.03717	0.00088	0.00150
9	0.09215	0.03199	0.03721	0.11033	0.28024	0.02720	0.04203	0.11912	0.06131	0.10642	0.00253	0.01909	0.00199	0.00825	0.00107	0.00033	0.00120	0.01264	0.00075	0.04415
10	0.11066	0.03529	0.04212	0.01144	0.00300	0.03022	0.03687	0.07917	0.30605	0.22837	0.00327	0.00315	0.00235	0.00126	0.00105	0.00033	0.01672	0.00099	0.00097	0.08671

[dist]
# distance from previous block
# <min> <max>
1	30

[block]
# block no. 11 follows, 301 sequences, length 32
# corresponding to MSA columns:
# 1620-1639,1642-1647,1650-1655
name=unknown_L
#
# <colnr> <probs for GDERKNQSTAVLIFYWHMCP>
#	G	D	E	R	K	N	Q	S	T	A	V	L	I	F	Y	W	H	M	C	P
0	0.15947	0.02176	0.09031	0.01018	0.13373	0.05106	0.04167	0.17667	0.06425	0.05218	0.02425	0.00936	0.01127	0.00116	0.00102	0.00031	0.01402	0.00408	0.00077	0.13250
1	0.00170	0.00786	0.00164	0.00162	0.00940	0.00973	0.00610	0.00815	0.02383	0.01805	0.12009	0.38701	0.10023	0.01323	0.03971	0.00043	0.00081	0.09188	0.00719	0.15135
2	0.02709	0.01544	0.02173	0.00204	0.04191	0.01467	0.03196	0.06918	0.10087	0.05627	0.10731	0.14045	0.09059	0.01093	0.00117	0.00034	0.00087	0.05940	0.00091	0.20689
3	0.03686	0.01991	0.01719	0.00903	0.01453	0.08356	0.00889	0.41649	0.22344	0.03657	0.01180	0.01635	0.03407	0.00140	0.00107	0.00033	0.00112	0.02004	0.00098	0.04637
4	0.01705	0.70917	0.15306	0.01050	0.00309	0.01262	0.00868	0.01248	0.00226	0.00286	0.00168	0.00195	0.00145	0.00096	0.00077	0.00025	0.00121	0.00065	0.03268	0.02665
5	0.00958	0.00108	0.00138	0.00151	0.00170	0.00101	0.00978	0.00183	0.00814	0.02666	0.06935	0.54618	0.14195	0.03563	0.00148	0.00044	0.00068	0.10750	0.03319	0.00094
6	0.01687	0.10886	0.43093	0.00289	0.01629	0.01698	0.13127	0.05704	0.02830	0.09864	0.02574	0.00667	0.00800	0.00608	0.00110	0.00033	0.01482	0.00094	0.00366	0.02461
7	0.16007	0.00272	0.01751	0.03226	0.01375	0.09647	0.27094	0.11324	0.05363	0.09655	0.00901	0.05200	0.01697	0.00133	0.00549	0.00036	0.05437	0.00113	0.00077	0.00143
8	0.00142	0.00104	0.00134	0.00145	0.00161	0.00096	0.00103	0.00174	0.00247	0.00333	0.32186	0.47457	0.10210	0.02327	0.00144	0.00042	0.00061	0.05735	0.00106	0.00094
9	0.11871	0.01811	0.41991	0.01507	0.02113	0.03418	0.02905	0.08601	0.03549	0.15673	0.01400	0.02365	0.01272	0.00122	0.00103	0.00034	0.00130	0.00906	0.00074	0.00156
10	0.07827	0.02020	0.09331	0.17390	0.11228	0.04414	0.03653	0.13334	0.07301	0.12107	0.06100	0.01933	0.01693	0.00128	0.00108	0.00034	0.00668	0.00107	0.00474	0.00150
11	0.03028	0.00993	0.00291	0.00226	0.00307	0.01934	0.04058	0.35821	0.09511	0.37888	0.02198	0.02061	0.00257	0.00137	0.00110	0.00034	0.00106	0.00750	0.00114	0.00175
12	0.00982	0.00146	0.00171	0.00163	0.00201	0.00143	0.00126	0.10222	0.06540	0.10320	0.05804	0.19042	0.21914	0.04088	0.00141	0.00041	0.00077	0.13144	0.06619	0.00117
13	0.07033	0.03578	0.24246	0.02936	0.03893	0.01971	0.08272	0.11399	0.09925	0.10784	0.02341	0.07968	0.02374	0.00144	0.00532	0.00036	0.01350	0.00986	0.00080	0.00151
14	0.00831	0.05170	0.08880	0.27533	0.14389	0.03407	0.14729	0.13498	0.03110	0.00992	0.01903	0.01098	0.00187	0.00122	0.00850	0.01147	0.01403	0.00543	0.00063	0.00146
15	0.00932	0.00112	0.00140	0.00149	0.00169	0.00107	0.00107	0.00956	0.04907	0.00337	0.25775	0.46183	0.13076	0.01086	0.00137	0.00041	0.00063	0.05520	0.00106	0.00098
16	0.00986	0.01302	0.07665	0.04001	0.02192	0.01937	0.25639	0.06799	0.03926	0.03401	0.02819	0.30455	0.03544	0.00203	0.01801	0.00041	0.02901	0.00178	0.00080	0.00128
17	0.07381	0.26924	0.17666	0.00763	0.04676	0.02955	0.02771	0.12255	0.08077	0.11066	0.02152	0.01348	0.00678	0.00121	0.00697	0.00032	0.00121	0.00089	0.00074	0.00155
18	0.00194	0.00142	0.00196	0.01899	0.03162	0.00589	0.02998	0.03808	0.03339	0.04047	0.01717	0.24304	0.05749	0.00271	0.00139	0.00044	0.00779	0.45753	0.00757	0.00110
19	0.00134	0.00099	0.00124	0.00142	0.00155	0.00091	0.00097	0.00156	0.00220	0.00287	0.05959	0.67676	0.18860	0.04272	0.00153	0.00045	0.00063	0.01276	0.00100	0.00089
20	0.02468	0.35719	0.21684	0.00938	0.03028	0.03103	0.03110	0.06994	0.09500	0.07230	0.04532	0.00266	0.00212	0.00114	0.00095	0.00030	0.00670	0.00086	0.00068	0.00152
21	0.03243	0.08551	0.02380	0.30472	0.02459	0.01942	0.06169	0.04033	0.19538	0.03317	0.03222	0.03571	0.03787	0.00141	0.00119	0.00036	0.04091	0.02718	0.00074	0.00137
22	0.00188	0.00122	0.00153	0.00142	0.00175	0.00113	0.00108	0.00876	0.03307	0.08753	0.66465	0.04089	0.09026	0.00216	0.00124	0.00034	0.00058	0.00867	0.05075	0.00111
23	0.02288	0.00188	0.01819	0.00196	0.01333	0.03941	0.01471	0.21746	0.04089	0.03469	0.01600	0.39172	0.08105	0.01557	0.06277	0.00048	0.01504	0.00979	0.00096	0.00123
24	0.04950	0.04446	0.12459	0.02364	0.12782	0.09215	0.15206	0.08779	0.07880	0.14590	0.02142	0.03793	0.00224	0.00123	0.00109	0.00034	0.00563	0.00107	0.00078	0.00156
25	0.00160	0.00122	0.00176	0.00175	0.00193	0.01284	0.00135	0.00195	0.00175	0.00250	0.00287	0.00427	0.00270	0.03317	0.88766	0.02546	0.01251	0.00116	0.00058	0.00096
26	0.00181	0.00121	0.00154	0.00141	0.00174	0.00112	0.00107	0.01385	0.02139	0.07360	0.76250	0.00788	0.10233	0.00218	0.00126	0.00034	0.00056	0.00191	0.00119	0.00110
27	0.06934	0.29998	0.27622	0.05900	0.01306	0.13386	0.05757	0.05738	0.00251	0.00331	0.00179	0.00214	0.00142	0.00104	0.00096	0.00030	0.01741	0.00076	0.00053	0.00144
28	0.06345	0.39364	0.07200	0.01477	0.08313	0.09047	0.02805	0.12044	0.02289	0.09104	0.00208	0.00227	0.00163	0.00107	0.00091	0.00029	0.00891	0.00078	0.00067	0.00151
29	0.00171	0.01384	0.00155	0.00139	0.00170	0.00111	0.00106	0.00223	0.01211	0.04941	0.83346	0.00792	0.06401	0.00219	0.00126	0.00034	0.00055	0.00192	0.00118	0.00107
30	0.01432	0.00124	0.01217	0.00163	0.01585	0.02207	0.01437	0.00189	0.00890	0.01667	0.18289	0.53842	0.10541	0.00303	0.03314	0.00045	0.00076	0.01939	0.00640	0.00098
31	0.00952	0.23590	0.11117	0.00729	0.03672	0.04053	0.00213	0.24990	0.03638	0.22389	0.00277	0.03454	0.00208	0.00125	0.00099	0.00031	0.00117	0.00095	0.00088	0.00164

[dist]
# distance from previous block
# <min> <max>
2	23

[block]
# block no. 12 follows, 301 sequences, length 17
# corresponding to MSA columns:
# 1684-1686,1690-1703
name=unknown_M
#
# <colnr> <probs for GDERKNQSTAVLIFYWHMCP>
#	G	D	E	R	K	N	Q	S	T	A	V	L	I	F	Y	W	H	M	C	P
0	0.19532	0.00206	0.02164	0.00181	0.00266	0.00183	0.01093	0.04394	0.01343	0.35325	0.00285	0.00294	0.00204	0.00112	0.00092	0.00028	0.00090	0.02093	0.00093	0.32020
1	0.00323	0.67307	0.01653	0.00216	0.01626	0.17393	0.00196	0.08381	0.00263	0.01539	0.00168	0.00190	0.00146	0.00100	0.00080	0.00025	0.00131	0.00065	0.00055	0.00142
2	0.00859	0.03137	0.01794	0.00985	0.01673	0.40304	0.01978	0.09322	0.03842	0.13387	0.04371	0.00281	0.01266	0.00129	0.01358	0.00031	0.01584	0.00089	0.00078	0.13534
3	0.00358	0.00766	0.05596	0.02954	0.09349	0.07007	0.03522	0.10117	0.12677	0.35371	0.04517	0.01417	0.01676	0.00142	0.00977	0.00035	0.02695	0.00112	0.00546	0.00164
4	0.00159	0.00121	0.00140	0.00139	0.00168	0.01104	0.00103	0.00210	0.05678	0.02357	0.37755	0.17382	0.31527	0.01184	0.00133	0.00038	0.00060	0.01532	0.00109	0.00102
5	0.91849	0.00206	0.00159	0.00142	0.00209	0.00237	0.00117	0.00319	0.00189	0.02038	0.00177	0.00200	0.01858	0.00105	0.00069	0.00034	0.00083	0.00064	0.01827	0.00118
6	0.00222	0.00215	0.00368	0.73394	0.03464	0.01948	0.13229	0.02754	0.00233	0.00301	0.00209	0.01376	0.00163	0.00112	0.00112	0.00036	0.00148	0.01538	0.00052	0.00127
7	0.00207	0.03372	0.04893	0.02722	0.03146	0.02513	0.01135	0.02788	0.01681	0.05945	0.00810	0.02132	0.00815	0.33430	0.29020	0.00101	0.03845	0.01270	0.00067	0.00104
8	0.00134	0.00098	0.00126	0.00146	0.00158	0.00090	0.00100	0.00155	0.00216	0.00284	0.03004	0.76917	0.13450	0.01771	0.00144	0.00044	0.00063	0.02909	0.00101	0.00089
9	0.00238	0.00146	0.00190	0.00824	0.01523	0.00851	0.00154	0.05831	0.03270	0.17123	0.02413	0.24443	0.03422	0.00259	0.00137	0.01173	0.00089	0.37687	0.00106	0.00120
10	0.02338	0.50811	0.11856	0.02366	0.03737	0.16138	0.02828	0.06409	0.01299	0.00309	0.00174	0.00202	0.00146	0.00102	0.00087	0.00028	0.00902	0.00070	0.00054	0.00143
11	0.02314	0.00181	0.00201	0.00187	0.00233	0.03932	0.00144	0.02803	0.28971	0.17796	0.04017	0.23284	0.04740	0.01514	0.00125	0.00039	0.00084	0.06571	0.02727	0.00137
12	0.00153	0.00109	0.00138	0.00143	0.00164	0.00101	0.00103	0.00191	0.01432	0.02350	0.40142	0.32821	0.13655	0.03534	0.00147	0.00041	0.00061	0.04512	0.00108	0.00098
13	0.10234	0.03221	0.00297	0.01004	0.00845	0.17231	0.03089	0.27026	0.06369	0.21646	0.00272	0.00276	0.00196	0.00139	0.01854	0.00036	0.04947	0.00093	0.01068	0.00158
14	0.04173	0.00225	0.00286	0.03570	0.05923	0.02594	0.07141	0.28414	0.05520	0.14801	0.06603	0.15080	0.00347	0.00168	0.00118	0.00036	0.01340	0.02732	0.00099	0.00830
15	0.01750	0.00977	0.01564	0.00155	0.00199	0.00808	0.00123	0.06052	0.02548	0.16095	0.44145	0.04685	0.17383	0.00213	0.00128	0.02086	0.00069	0.00786	0.00113	0.00121
16	0.01646	0.01428	0.00232	0.00167	0.00260	0.00162	0.00134	0.03235	0.05564	0.01871	0.01872	0.00248	0.00187	0.00090	0.00084	0.00019	0.00082	0.00072	0.00070	0.82578

[dist]
# distance from previous block
# <min> <max>
2	17

[block]
# block no. 13 follows, 301 sequences, length 34
# corresponding to MSA columns:
# 1735-1758,1777-1781,1783,1785,1795-1797
name=unknown_N
#
# <colnr> <probs for GDERKNQSTAVLIFYWHMCP>
#	G	D	E	R	K	N	Q	S	T	A	V	L	I	F	Y	W	H	M	C	P
0	0.00875	0.02133	0.03726	0.00133	0.00148	0.00117	0.00091	0.00177	0.00184	0.01363	0.04381	0.10539	0.07848	0.65198	0.00414	0.00084	0.00096	0.01867	0.00548	0.00079
1	0.01929	0.20624	0.59641	0.00293	0.04036	0.01906	0.03662	0.02610	0.01174	0.01935	0.01139	0.00231	0.00154	0.00103	0.00097	0.00032	0.00146	0.00080	0.00052	0.00155
2	0.05484	0.05101	0.07018	0.11552	0.23526	0.11526	0.03023	0.11931	0.11338	0.06569	0.00241	0.00272	0.00184	0.00114	0.00107	0.00033	0.01658	0.00093	0.00072	0.00156
3	0.05101	0.08547	0.00675	0.00182	0.00979	0.00151	0.00150	0.01121	0.00644	0.02374	0.07145	0.23794	0.03661	0.00267	0.00132	0.00043	0.00087	0.44747	0.00096	0.00105
4	0.00150	0.00104	0.00126	0.00134	0.00141	0.00100	0.00086	0.00162	0.00191	0.00254	0.06018	0.29665	0.04747	0.50472	0.00359	0.01232	0.00087	0.05811	0.00083	0.00078
5	0.02969	0.02104	0.00320	0.01655	0.01797	0.76766	0.03268	0.05220	0.01468	0.01972	0.00183	0.00211	0.00148	0.00117	0.00655	0.00030	0.00848	0.00075	0.00061	0.00132
6	0.03496	0.16875	0.04498	0.00239	0.00322	0.16771	0.00205	0.45172	0.04931	0.06117	0.00238	0.00244	0.00177	0.00120	0.00099	0.00031	0.00130	0.00086	0.00086	0.00163
7	0.05028	0.01804	0.00323	0.05095	0.01144	0.41620	0.03652	0.12070	0.02754	0.00885	0.00187	0.00231	0.00154	0.00133	0.00162	0.00034	0.23290	0.00084	0.01218	0.00133
8	0.00148	0.00113	0.00141	0.00594	0.01000	0.00103	0.01063	0.00183	0.01352	0.01321	0.11134	0.32830	0.35381	0.00288	0.00134	0.00041	0.00067	0.13909	0.00102	0.00096
9	0.00283	0.00319	0.00526	0.03007	0.25085	0.16054	0.52401	0.00357	0.00262	0.00335	0.00207	0.00271	0.00162	0.00097	0.00117	0.00034	0.00170	0.00110	0.00055	0.00149
10	0.00282	0.83080	0.01504	0.00188	0.00275	0.01311	0.00183	0.00336	0.06164	0.00279	0.05393	0.00225	0.00200	0.00104	0.00076	0.00025	0.00112	0.00070	0.00055	0.00140
11	0.00190	0.01150	0.00618	0.00570	0.00213	0.02927	0.03391	0.07520	0.09826	0.00365	0.22244	0.44659	0.02509	0.00253	0.00134	0.00039	0.02400	0.00778	0.00102	0.00112
12	0.00156	0.00101	0.00135	0.00154	0.00166	0.00094	0.00105	0.00177	0.00214	0.06265	0.00587	0.85408	0.01790	0.01625	0.01349	0.00046	0.00069	0.01364	0.00102	0.00094
13	0.00183	0.00131	0.00185	0.00216	0.06161	0.00130	0.00167	0.00234	0.02007	0.02938	0.10573	0.14329	0.00637	0.00278	0.00142	0.00046	0.00091	0.61345	0.00101	0.00107
14	0.05464	0.00120	0.00145	0.00140	0.00167	0.00115	0.00104	0.01485	0.02109	0.01375	0.58679	0.11951	0.09726	0.06224	0.00152	0.00040	0.00061	0.01733	0.00109	0.00102
15	0.00591	0.00752	0.00958	0.00851	0.00249	0.00210	0.00769	0.26065	0.13349	0.03673	0.20445	0.14965	0.04887	0.00202	0.00135	0.00037	0.06073	0.04713	0.00938	0.00137
16	0.00168	0.00124	0.00179	0.05417	0.00221	0.00143	0.00140	0.00821	0.02469	0.00840	0.00296	0.00421	0.00269	0.02580	0.77652	0.00149	0.00253	0.00115	0.07641	0.00101
17	0.00175	0.00106	0.00140	0.00155	0.00171	0.00097	0.00107	0.00196	0.00220	0.11450	0.00581	0.81267	0.02078	0.02518	0.00145	0.00044	0.00067	0.00281	0.00104	0.00099
18	0.01169	0.00222	0.00263	0.00208	0.00285	0.00222	0.00169	0.32571	0.07724	0.41427	0.01614	0.06311	0.00276	0.00145	0.00109	0.00033	0.00097	0.00117	0.01564	0.05473
19	0.03335	0.02669	0.01194	0.06263	0.02975	0.49100	0.10550	0.13904	0.00309	0.00347	0.00218	0.05496	0.00189	0.00127	0.00109	0.00032	0.01466	0.01516	0.00066	0.00135
20	0.00157	0.00142	0.06103	0.00165	0.00192	0.00120	0.00128	0.01122	0.08763	0.00846	0.04107	0.61957	0.10927	0.00890	0.00135	0.00042	0.00072	0.03928	0.00099	0.00103
21	0.00230	0.00186	0.00224	0.00235	0.11397	0.00197	0.00160	0.01661	0.41354	0.04059	0.20547	0.02363	0.15697	0.00180	0.00117	0.00036	0.00079	0.00155	0.00981	0.00143
22	0.00230	0.00225	0.01459	0.60929	0.17704	0.00252	0.13507	0.01952	0.00233	0.00921	0.00201	0.00285	0.00154	0.00106	0.00114	0.00036	0.01404	0.00101	0.00052	0.00136
23	0.06359	0.00224	0.00248	0.00206	0.00277	0.00239	0.00165	0.16800	0.41462	0.20341	0.04403	0.00377	0.02099	0.00140	0.00107	0.00034	0.00091	0.00113	0.00110	0.06206
24	0.06297	0.05547	0.00590	0.00414	0.00515	0.01437	0.78833	0.00343	0.00247	0.00347	0.00208	0.00276	0.00159	0.00097	0.00131	0.00036	0.04207	0.00118	0.00055	0.00143
25	0.00184	0.00124	0.00161	0.00179	0.06124	0.00115	0.00119	0.01489	0.01220	0.09677	0.08683	0.42679	0.21275	0.05528	0.00153	0.00043	0.00071	0.01969	0.00101	0.00106
26	0.02623	0.11582	0.14892	0.00267	0.06274	0.02000	0.08325	0.15157	0.02869	0.24943	0.01062	0.00328	0.02388	0.05386	0.00131	0.00037	0.01073	0.00418	0.00085	0.00159
27	0.00137	0.00103	0.00127	0.00139	0.00157	0.00093	0.00098	0.00166	0.00239	0.00316	0.21303	0.49683	0.23228	0.01604	0.00140	0.00041	0.00060	0.02169	0.00104	0.00092
