[name]
unknown

[dist]
# distance from previous block
# <min> <max>
0	1198

[block]
# block no. 0 follows, 225 sequences, length 7
# corresponding to MSA columns:
# 1627-1633
name=unknown_A
#
# <colnr> <probs for GDERKNQSTAVLIFYWHMCP>
#	G	D	E	R	K	N	Q	S	T	A	V	L	I	F	Y	W	H	M	C	P
0	0.02379	0.00171	0.00222	0.00211	0.00232	0.04111	0.01734	0.00269	0.01995	0.07847	0.00332	0.09216	0.00321	0.00440	0.03274	0.65038	0.00134	0.00151	0.00081	0.01840
1	0.00290	0.06862	0.00443	0.39110	0.25470	0.00303	0.00338	0.00369	0.00294	0.00401	0.04214	0.00408	0.00271	0.00263	0.12629	0.00067	0.00195	0.00129	0.00072	0.07873
2	0.00332	0.00267	0.00414	0.22368	0.05467	0.01449	0.15501	0.03089	0.10085	0.08927	0.08159	0.00497	0.02467	0.00177	0.00165	0.01176	0.05142	0.00153	0.12778	0.01387
3	0.00222	0.00157	0.00178	0.00180	0.00196	0.00161	0.00116	0.00286	0.12638	0.00357	0.00569	0.20063	0.03748	0.53646	0.00477	0.00100	0.00116	0.00240	0.06435	0.00115
4	0.13025	0.04848	0.01370	0.05912	0.11132	0.13898	0.04468	0.05740	0.03370	0.02246	0.15452	0.01415	0.01433	0.00167	0.00135	0.00040	0.01140	0.00136	0.00098	0.13976
5	0.00216	0.00169	0.00247	0.00221	0.00244	0.00163	0.12484	0.00238	0.00243	0.00321	0.00548	0.16176	0.06734	0.60783	0.00526	0.00107	0.00138	0.00240	0.00095	0.00107
6	0.00233	0.07799	0.00245	0.00199	0.00211	0.00212	0.00138	0.00244	0.00220	0.00298	0.00409	0.07305	0.00461	0.60875	0.05506	0.02579	0.12681	0.00194	0.00083	0.00107

[dist]
# distance from previous block
# <min> <max>
6	102

[block]
# block no. 1 follows, 225 sequences, length 12
# corresponding to MSA columns:
# 1834,1835,1837,1838,1859-1866
name=unknown_B
#
# <colnr> <probs for GDERKNQSTAVLIFYWHMCP>
#	G	D	E	R	K	N	Q	S	T	A	V	L	I	F	Y	W	H	M	C	P
0	0.03955	0.50232	0.01847	0.02279	0.00395	0.01826	0.03408	0.16715	0.04712	0.02224	0.01891	0.03115	0.01181	0.01078	0.00132	0.00039	0.03269	0.00113	0.00088	0.01500
1	0.02008	0.01631	0.01549	0.03747	0.00978	0.05943	0.03283	0.22475	0.05628	0.09719	0.07135	0.05525	0.08646	0.03616	0.02576	0.00055	0.01857	0.11051	0.00786	0.01793
2	0.05762	0.28154	0.20773	0.01998	0.01811	0.05097	0.02287	0.07711	0.08430	0.03051	0.00952	0.06740	0.00274	0.00172	0.00147	0.00963	0.05277	0.00127	0.00086	0.00189
3	0.82530	0.00290	0.00230	0.02497	0.00304	0.03422	0.00169	0.03584	0.02941	0.00628	0.00222	0.00254	0.00172	0.00137	0.00094	0.00044	0.00118	0.00084	0.02123	0.00159
4	0.03029	0.02614	0.01981	0.06726	0.04528	0.07062	0.16232	0.10103	0.06839	0.01864	0.04618	0.04671	0.05112	0.06668	0.08726	0.01322	0.04105	0.00632	0.01704	0.01465
5	0.00198	0.00145	0.00170	0.00167	0.00206	0.00128	0.00123	0.00244	0.00347	0.03627	0.34767	0.12491	0.43994	0.02525	0.00182	0.00050	0.00075	0.00290	0.00142	0.00128
6	0.00289	0.00261	0.03523	0.13999	0.01648	0.02000	0.00951	0.03650	0.02653	0.00368	0.03551	0.01165	0.01948	0.01280	0.05129	0.22268	0.32990	0.00137	0.02052	0.00138
7	0.00206	0.00151	0.00178	0.00177	0.00206	0.00141	0.01305	0.01270	0.02770	0.01584	0.13544	0.16468	0.30283	0.23864	0.01273	0.01593	0.00099	0.01677	0.03091	0.00119
8	0.00189	0.00137	0.00175	0.00192	0.00212	0.00129	0.00136	0.00233	0.02197	0.00417	0.20823	0.53966	0.08617	0.04069	0.01616	0.00060	0.00088	0.04887	0.01734	0.00122
9	0.05072	0.20312	0.01337	0.00299	0.01685	0.15620	0.00247	0.21243	0.11072	0.02044	0.00305	0.01857	0.00249	0.00160	0.00144	0.00039	0.05893	0.01027	0.00099	0.11296
10	0.00312	0.01150	0.02728	0.45613	0.06718	0.01770	0.07591	0.06628	0.00320	0.01948	0.00276	0.01732	0.00218	0.00164	0.02300	0.00046	0.02936	0.00126	0.00077	0.17347
11	0.01818	0.07890	0.03519	0.05977	0.04769	0.06044	0.06470	0.33841	0.03607	0.09767	0.02269	0.01452	0.03623	0.01109	0.02120	0.00048	0.04371	0.00138	0.00113	0.01056

[dist]
# distance from previous block
# <min> <max>
2	19

[block]
# block no. 2 follows, 225 sequences, length 7
# corresponding to MSA columns:
# 1922-1928
name=unknown_C
#
# <colnr> <probs for GDERKNQSTAVLIFYWHMCP>
#	G	D	E	R	K	N	Q	S	T	A	V	L	I	F	Y	W	H	M	C	P
0	0.01645	0.00219	0.05285	0.07325	0.00329	0.01927	0.01635	0.03454	0.03439	0.06433	0.19172	0.27026	0.12693	0.02384	0.00181	0.00052	0.02047	0.02511	0.01052	0.01190
1	0.01314	0.03662	0.03071	0.20849	0.07280	0.01685	0.05126	0.16603	0.11521	0.06532	0.04281	0.05777	0.03469	0.02167	0.03885	0.00055	0.01391	0.01036	0.00107	0.00188
2	0.04396	0.00323	0.01341	0.02797	0.04262	0.01349	0.02579	0.42568	0.15508	0.04602	0.03843	0.00458	0.00336	0.08012	0.01157	0.03751	0.00146	0.00143	0.01258	0.01170
3	0.00219	0.00146	0.00181	0.00182	0.00188	0.00153	0.00117	0.00230	0.02569	0.00307	0.00452	0.13384	0.00502	0.52214	0.06221	0.14871	0.04045	0.00210	0.03713	0.00097
4	0.00369	0.01543	0.03059	0.09615	0.15848	0.03354	0.27218	0.04684	0.01632	0.12212	0.03413	0.01634	0.02719	0.00166	0.01260	0.00046	0.03515	0.00148	0.00094	0.07472
5	0.04679	0.00218	0.00285	0.00233	0.00318	0.00199	0.00188	0.00561	0.02436	0.62046	0.09473	0.03195	0.02580	0.03908	0.05199	0.00058	0.00127	0.02059	0.02035	0.00205
6	0.03216	0.03099	0.06079	0.00255	0.00291	0.00251	0.00212	0.00301	0.00235	0.02873	0.00331	0.00521	0.00318	0.16564	0.37760	0.03318	0.20791	0.00145	0.01507	0.01931

[dist]
# distance from previous block
# <min> <max>
9	40

[block]
# block no. 3 follows, 225 sequences, length 13
# corresponding to MSA columns:
# 2029,2030,2033-2043
name=unknown_D
#
# <colnr> <probs for GDERKNQSTAVLIFYWHMCP>
#	G	D	E	R	K	N	Q	S	T	A	V	L	I	F	Y	W	H	M	C	P
0	0.04143	0.09626	0.17680	0.07443	0.33802	0.01750	0.04793	0.04257	0.00321	0.01426	0.00273	0.01084	0.01118	0.00138	0.00140	0.00041	0.02609	0.00117	0.00074	0.09163
1	0.18650	0.03946	0.07053	0.04998	0.00510	0.03075	0.28787	0.11495	0.03362	0.04100	0.01998	0.01413	0.00245	0.00173	0.01604	0.02534	0.04635	0.00133	0.01106	0.00184
2	0.03723	0.04819	0.00414	0.12941	0.06246	0.03931	0.02132	0.12210	0.23992	0.05807	0.01625	0.00408	0.01241	0.00190	0.00846	0.00049	0.18991	0.00135	0.00104	0.00195
3	0.21906	0.05629	0.00374	0.00289	0.00384	0.24028	0.01834	0.24155	0.01323	0.10349	0.00291	0.00316	0.00220	0.02000	0.00137	0.00042	0.01207	0.00106	0.00106	0.05302
4	0.00203	0.00146	0.00182	0.03072	0.00235	0.00137	0.00138	0.00241	0.00307	0.03889	0.14664	0.26618	0.32096	0.06096	0.08083	0.01362	0.00111	0.02167	0.00127	0.00125
5	0.00181	0.00129	0.00167	0.00191	0.00206	0.00120	0.00131	0.00213	0.00291	0.00393	0.11082	0.72481	0.06415	0.02084	0.00187	0.00057	0.00082	0.02070	0.03403	0.00118
6	0.01569	0.00154	0.00188	0.00178	0.00219	0.00141	0.00133	0.00283	0.02338	0.05606	0.55235	0.07718	0.23003	0.02383	0.00178	0.00049	0.00076	0.00266	0.00148	0.00137
7	0.02045	0.00306	0.00327	0.00284	0.00368	0.00343	0.00223	0.17335	0.63273	0.05872	0.00572	0.03749	0.04258	0.00203	0.00146	0.00047	0.00118	0.00167	0.00144	0.00220
8	0.00198	0.00145	0.00171	0.00169	0.00208	0.00128	0.00125	0.00245	0.00350	0.03609	0.37181	0.15060	0.41213	0.00340	0.00169	0.00048	0.00073	0.00294	0.00143	0.00129
9	0.62242	0.00294	0.00262	0.00221	0.00315	0.03813	0.00181	0.09855	0.00327	0.19215	0.01930	0.00308	0.00224	0.00148	0.00107	0.00044	0.00122	0.00099	0.00112	0.00181
10	0.00990	0.08375	0.56726	0.02261	0.02159	0.01518	0.06523	0.01881	0.02138	0.06084	0.01636	0.04669	0.02103	0.00161	0.00145	0.00045	0.02179	0.00131	0.00078	0.00200
11	0.01987	0.67709	0.11943	0.00275	0.01736	0.01505	0.00274	0.04266	0.02248	0.01860	0.00235	0.00281	0.00205	0.03664	0.00130	0.00038	0.01293	0.00091	0.00069	0.00186
12	0.01921	0.10274	0.38376	0.00331	0.00456	0.04644	0.05641	0.03724	0.01720	0.03119	0.01101	0.19668	0.01694	0.00211	0.00154	0.00046	0.03398	0.01237	0.00087	0.02196

[dist]
# distance from previous block
# <min> <max>
3	14

[block]
# block no. 4 follows, 225 sequences, length 11
# corresponding to MSA columns:
# 2096-2106
name=unknown_E
#
# <colnr> <probs for GDERKNQSTAVLIFYWHMCP>
#	G	D	E	R	K	N	Q	S	T	A	V	L	I	F	Y	W	H	M	C	P
0	0.00211	0.00202	0.06962	0.00216	0.00261	0.01268	0.02084	0.01250	0.04057	0.00449	0.28539	0.29896	0.15419	0.02096	0.04703	0.00060	0.00109	0.01952	0.00129	0.00137
1	0.00179	0.00134	0.00167	0.00185	0.00208	0.00122	0.00131	0.00215	0.00308	0.00402	0.14550	0.52102	0.25392	0.00399	0.00177	0.00054	0.00080	0.04939	0.00136	0.00120
2	0.00339	0.00327	0.00563	0.15381	0.76643	0.00336	0.03472	0.00426	0.00319	0.00449	0.00266	0.00358	0.00220	0.00129	0.00142	0.00043	0.00175	0.00128	0.00069	0.00214
3	0.00214	0.00152	0.00183	0.00173	0.00215	0.00137	0.00130	0.00274	0.01911	0.04995	0.54352	0.03118	0.31258	0.02040	0.00177	0.00048	0.00074	0.00267	0.00148	0.00135
4	0.00240	0.00127	0.00187	0.00187	0.00191	0.00128	0.00127	0.00192	0.00196	0.00261	0.00319	0.00491	0.05088	0.00532	0.07811	0.83511	0.00141	0.00135	0.00067	0.00070
5	0.00462	0.17910	0.02015	0.00311	0.00403	0.32353	0.05053	0.04218	0.02994	0.18808	0.00379	0.02784	0.04889	0.00186	0.01854	0.00044	0.03464	0.00127	0.00100	0.01647
6	0.00207	0.00152	0.00195	0.00208	0.00230	0.00149	0.01032	0.04714	0.02872	0.00404	0.04659	0.62972	0.04041	0.06268	0.06464	0.00071	0.00112	0.02264	0.01608	0.01378
7	0.02824	0.50321	0.15096	0.05410	0.05074	0.02963	0.01978	0.06052	0.03184	0.00418	0.01321	0.02345	0.00235	0.00152	0.00901	0.00039	0.00166	0.01260	0.00074	0.00189
8	0.00327	0.05008	0.04405	0.09838	0.56198	0.00326	0.02312	0.01558	0.03034	0.00452	0.02809	0.02802	0.03038	0.00152	0.00147	0.00043	0.02202	0.00139	0.00078	0.05133
9	0.03604	0.03276	0.00893	0.11738	0.02555	0.01704	0.01499	0.07201	0.13121	0.06625	0.08447	0.16188	0.09166	0.03071	0.00921	0.00050	0.00123	0.02479	0.00725	0.06613
10	0.03805	0.48025	0.14371	0.01994	0.01403	0.07938	0.02239	0.01188	0.01701	0.01578	0.08490	0.00385	0.02689	0.03489	0.00137	0.00040	0.00159	0.00114	0.00078	0.00177

[dist]
# distance from previous block
# <min> <max>
2	31

[block]
# block no. 5 follows, 225 sequences, length 10
# corresponding to MSA columns:
# 2176-2185
name=unknown_F
#
# <colnr> <probs for GDERKNQSTAVLIFYWHMCP>
#	G	D	E	R	K	N	Q	S	T	A	V	L	I	F	Y	W	H	M	C	P
0	0.03697	0.02744	0.00369	0.00309	0.01752	0.22679	0.07126	0.10799	0.06286	0.09442	0.05731	0.08569	0.05792	0.01116	0.00166	0.00045	0.05219	0.02359	0.02330	0.03469
1	0.00301	0.00252	0.00314	0.00229	0.00348	0.00195	0.04739	0.00363	0.00297	0.03175	0.00284	0.02603	0.00245	0.03878	0.00136	0.00029	0.00113	0.00103	0.00088	0.82309
2	0.00300	0.04898	0.01157	0.11659	0.08296	0.02205	0.04350	0.03116	0.23227	0.02487	0.13381	0.13215	0.02461	0.03519	0.00175	0.00050	0.01075	0.02447	0.00115	0.01868
3	0.00236	0.00151	0.02900	0.00167	0.00200	0.00137	0.00130	0.00296	0.00301	0.00484	0.08074	0.22875	0.00593	0.00269	0.02067	0.00046	0.00084	0.04067	0.56792	0.00131
4	0.00239	0.00191	0.01268	0.01137	0.00290	0.00185	0.07473	0.03594	0.10376	0.01408	0.19729	0.37200	0.05774	0.01583	0.00173	0.00051	0.00101	0.02678	0.05078	0.01470
5	0.02397	0.00295	0.00428	0.46461	0.12383	0.00340	0.01829	0.19422	0.05469	0.03062	0.00306	0.00381	0.00229	0.00153	0.00147	0.00046	0.02361	0.00129	0.03975	0.00189
6	0.00337	0.00284	0.02780	0.01328	0.04936	0.02144	0.02216	0.19281	0.24738	0.03326	0.08261	0.06808	0.17864	0.00244	0.00159	0.00048	0.01316	0.03611	0.00132	0.00188
7	0.02948	0.00200	0.00263	0.00237	0.00287	0.00196	0.07005	0.08290	0.06621	0.07875	0.13192	0.27045	0.12540	0.08111	0.00222	0.02856	0.00109	0.01724	0.00129	0.00150
8	0.01447	0.01053	0.01306	0.32929	0.22103	0.02318	0.01283	0.06934	0.03863	0.02648	0.00303	0.02378	0.00247	0.00188	0.04057	0.00050	0.02013	0.00898	0.01407	0.12575
9	0.00295	0.00175	0.00213	0.00190	0.00247	0.00155	0.00144	0.00349	0.02501	0.20820	0.21914	0.06902	0.28046	0.08863	0.02078	0.00057	0.00098	0.00234	0.00139	0.06579

[dist]
# distance from previous block
# <min> <max>
4	31

[block]
# block no. 6 follows, 225 sequences, length 6
# corresponding to MSA columns:
# 2220-2225
name=unknown_G
#
# <colnr> <probs for GDERKNQSTAVLIFYWHMCP>
#	G	D	E	R	K	N	Q	S	T	A	V	L	I	F	Y	W	H	M	C	P
0	0.00316	0.01652	0.11102	0.01591	0.02958	0.01976	0.07203	0.04433	0.01499	0.03919	0.07346	0.01919	0.00338	0.00151	0.00132	0.00034	0.01285	0.02928	0.04479	0.44740
1	0.00237	0.00162	0.00204	0.00186	0.00235	0.00143	0.00142	0.00297	0.00375	0.07186	0.59449	0.05622	0.12929	0.00285	0.00162	0.00044	0.00078	0.02988	0.00146	0.09129
2	0.00440	0.00333	0.00378	0.00318	0.03034	0.00364	0.02460	0.49997	0.22645	0.04053	0.04775	0.00538	0.05641	0.00200	0.00149	0.00046	0.00137	0.04133	0.00140	0.00220
3	0.00444	0.00235	0.00282	0.00244	0.03008	0.00234	0.00188	0.15584	0.08491	0.32763	0.07019	0.00517	0.00411	0.00180	0.00131	0.00041	0.00107	0.00147	0.29775	0.00199
4	0.00197	0.00144	0.00177	0.00193	0.00210	0.00140	0.00133	0.00245	0.05538	0.00377	0.06599	0.45946	0.09823	0.21676	0.00301	0.00074	0.00099	0.07888	0.00124	0.00118
5	0.02626	0.06490	0.00344	0.04895	0.00376	0.00281	0.00215	0.13232	0.14124	0.40719	0.04011	0.00488	0.02191	0.00179	0.00136	0.00043	0.00122	0.00143	0.09172	0.00213

[dist]
# distance from previous block
# <min> <max>
0	8

[block]
# block no. 7 follows, 225 sequences, length 21
# corresponding to MSA columns:
# 2234,2240,2241,2255-2264,2269-2276
name=unknown_H
#
# <colnr> <probs for GDERKNQSTAVLIFYWHMCP>
#	G	D	E	R	K	N	Q	S	T	A	V	L	I	F	Y	W	H	M	C	P
0	0.00305	0.03673	0.00250	0.00210	0.00261	0.00184	0.00164	0.00373	0.03960	0.20015	0.45997	0.11060	0.07373	0.00278	0.00173	0.00047	0.04046	0.01321	0.00148	0.00160
1	0.00323	0.03989	0.00349	0.00293	0.00332	0.00330	0.00236	0.10495	0.13841	0.04185	0.05084	0.17760	0.01878	0.00264	0.00272	0.00054	0.35775	0.01587	0.02785	0.00170
2	0.00908	0.11742	0.50359	0.00336	0.00498	0.01084	0.02259	0.03129	0.00942	0.05794	0.00289	0.03790	0.00228	0.00145	0.00133	0.00040	0.01616	0.00114	0.00077	0.16518
3	0.09090	0.23946	0.00484	0.01535	0.00416	0.34200	0.04066	0.13453	0.05490	0.03247	0.00264	0.00296	0.00212	0.01129	0.00132	0.00040	0.01624	0.00102	0.00088	0.00185
4	0.00212	0.03653	0.00240	0.00241	0.01681	0.00168	0.03768	0.02856	0.01447	0.00393	0.00709	0.69255	0.00823	0.00396	0.00182	0.00057	0.01498	0.12167	0.00126	0.00130
5	0.02627	0.00466	0.00411	0.02597	0.01197	0.33010	0.03939	0.35868	0.11400	0.02826	0.02832	0.00357	0.00271	0.00166	0.00143	0.00042	0.01407	0.00124	0.00112	0.00203
6	0.00259	0.02048	0.00408	0.00340	0.01642	0.00869	0.24038	0.00313	0.00272	0.00374	0.00441	0.19330	0.00465	0.15002	0.11144	0.00087	0.13959	0.07433	0.00090	0.01488
7	0.00199	0.00146	0.00187	0.00208	0.00234	0.00139	0.00159	0.00249	0.02663	0.00406	0.07272	0.38673	0.16781	0.00396	0.00189	0.02202	0.00096	0.28311	0.01365	0.00124
8	0.01919	0.00239	0.00316	0.00247	0.00349	0.00212	0.00203	0.04528	0.00412	0.78338	0.07260	0.00557	0.02989	0.00192	0.00146	0.00044	0.00117	0.01530	0.00170	0.00228
9	0.00210	0.00148	0.00178	0.00172	0.00210	0.00132	0.00127	0.00258	0.00354	0.05282	0.43665	0.10683	0.33121	0.04586	0.00193	0.00051	0.00076	0.00279	0.00144	0.00131
10	0.91376	0.00274	0.00215	0.00190	0.00280	0.00314	0.00157	0.00432	0.00250	0.05177	0.00216	0.00244	0.00164	0.00134	0.00091	0.00044	0.00111	0.00080	0.00092	0.00159
11	0.00206	0.00141	0.00168	0.00176	0.00182	0.00140	0.00110	0.01943	0.00238	0.00318	0.00545	0.24765	0.00631	0.62945	0.02500	0.00114	0.00129	0.04549	0.00101	0.00100
12	0.09260	0.01525	0.04116	0.00287	0.02195	0.03747	0.02537	0.12361	0.09590	0.43022	0.05401	0.01447	0.01088	0.00179	0.00145	0.00044	0.01888	0.00143	0.00808	0.00216
13	0.00433	0.54947	0.00614	0.00300	0.00405	0.32123	0.03632	0.03980	0.00344	0.00366	0.00232	0.00265	0.01554	0.00135	0.00110	0.00034	0.00190	0.00090	0.00070	0.00178
14	0.89278	0.00287	0.00222	0.00196	0.00285	0.02690	0.00161	0.02189	0.00259	0.03105	0.00211	0.00241	0.00162	0.00134	0.00092	0.00044	0.00115	0.00080	0.00091	0.00158
15	0.01067	0.00349	0.04126	0.02843	0.00416	0.00873	0.01518	0.46684	0.21001	0.04265	0.04811	0.02561	0.01951	0.00191	0.00156	0.00045	0.03624	0.00150	0.03153	0.00217
16	0.00198	0.00144	0.00180	0.00172	0.00207	0.00131	0.00128	0.00257	0.00379	0.00528	0.71246	0.04559	0.15864	0.01647	0.00174	0.00047	0.00070	0.00264	0.03673	0.00131
17	0.00253	0.00197	0.00237	0.02482	0.00286	0.01586	0.01405	0.01800	0.21826	0.02529	0.24497	0.24875	0.08071	0.00314	0.00177	0.02731	0.00098	0.06345	0.00137	0.00153
18	0.01151	0.00139	0.00178	0.00196	0.00216	0.00130	0.00136	0.00243	0.02113	0.03921	0.15635	0.65466	0.04706	0.03923	0.00196	0.00058	0.00085	0.01248	0.00136	0.00125
19	0.02374	0.00182	0.00214	0.02849	0.01375	0.02393	0.00158	0.01552	0.07530	0.02182	0.12343	0.07856	0.25664	0.08794	0.18526	0.03078	0.00156	0.02523	0.00115	0.00135
20	0.00301	0.00285	0.00479	0.60967	0.28637	0.00326	0.02629	0.01456	0.02771	0.00408	0.00268	0.00375	0.00208	0.00139	0.00143	0.00046	0.00182	0.00129	0.00069	0.00182

[dist]
# distance from previous block
# <min> <max>
0	2

[block]
# block no. 8 follows, 225 sequences, length 8
# corresponding to MSA columns:
# 2279-2281,2287-2291
name=unknown_I
#
# <colnr> <probs for GDERKNQSTAVLIFYWHMCP>
#	G	D	E	R	K	N	Q	S	T	A	V	L	I	F	Y	W	H	M	C	P
0	0.00322	0.56107	0.04184	0.00241	0.00331	0.04913	0.00223	0.00372	0.00308	0.00377	0.11947	0.16667	0.00475	0.00208	0.00123	0.00039	0.00136	0.02776	0.00088	0.00164
1	0.00236	0.26696	0.00327	0.00196	0.00249	0.00246	0.00159	0.00274	0.00304	0.00384	0.11515	0.31302	0.22628	0.02613	0.00165	0.00049	0.00100	0.02306	0.00114	0.00137
2	0.05094	0.02609	0.03710	0.00321	0.00412	0.00286	0.21443	0.07618	0.20658	0.05324	0.05983	0.04078	0.15851	0.02456	0.00167	0.00050	0.00141	0.03499	0.00118	0.00182
3	0.00349	0.00305	0.00408	0.36218	0.06081	0.06668	0.02348	0.14264	0.02475	0.05146	0.02522	0.07086	0.00298	0.00212	0.02712	0.00053	0.12438	0.00150	0.00091	0.00177
4	0.01800	0.42144	0.10874	0.00259	0.00351	0.03286	0.02148	0.01982	0.00304	0.00387	0.05309	0.18722	0.07742	0.00220	0.00142	0.00042	0.03861	0.00175	0.00088	0.00165
5	0.00287	0.00287	0.05974	0.46778	0.07630	0.00302	0.05485	0.05056	0.04301	0.00413	0.00336	0.04020	0.00297	0.07595	0.01895	0.00059	0.03900	0.05139	0.00080	0.00166
6	0.25662	0.02276	0.03262	0.00296	0.01554	0.03599	0.02899	0.19512	0.13932	0.07976	0.00335	0.02522	0.00263	0.01484	0.01284	0.00050	0.12665	0.00126	0.00109	0.00192
7	0.06572	0.00317	0.00366	0.06378	0.00425	0.03664	0.03909	0.26458	0.17770	0.17436	0.02013	0.01829	0.02529	0.00178	0.00147	0.00044	0.02551	0.00142	0.01476	0.05798

[dist]
# distance from previous block
# <min> <max>
7	48

[block]
# block no. 9 follows, 225 sequences, length 11
# corresponding to MSA columns:
# 2382-2392
name=unknown_J
#
# <colnr> <probs for GDERKNQSTAVLIFYWHMCP>
#	G	D	E	R	K	N	Q	S	T	A	V	L	I	F	Y	W	H	M	C	P
0	0.10712	0.03219	0.21959	0.01952	0.11436	0.08635	0.04993	0.07204	0.11798	0.03964	0.00895	0.02676	0.00850	0.02709	0.00885	0.00047	0.00168	0.01435	0.00660	0.03803
1	0.09619	0.03236	0.35954	0.02184	0.04265	0.02318	0.02442	0.14601	0.02957	0.04371	0.03510	0.00378	0.00999	0.00224	0.07236	0.00058	0.02297	0.00122	0.03032	0.00196
2	0.01932	0.00259	0.00311	0.01065	0.01870	0.00224	0.01662	0.10102	0.02732	0.05468	0.01119	0.04390	0.01930	0.01543	0.03483	0.00038	0.00124	0.00904	0.00100	0.60744
3	0.00196	0.00145	0.00170	0.00167	0.00207	0.00128	0.00124	0.00243	0.00351	0.03279	0.36890	0.12249	0.44658	0.00338	0.00169	0.00048	0.00073	0.00292	0.00143	0.00129
4	0.00371	0.00328	0.00331	0.00295	0.00377	0.04983	0.00230	0.04691	0.85299	0.00596	0.00552	0.00510	0.00414	0.00190	0.00144	0.00047	0.00122	0.00156	0.00141	0.00223
5	0.75142	0.02204	0.00246	0.00206	0.00294	0.02676	0.00168	0.06396	0.00286	0.07577	0.00244	0.00282	0.00189	0.03453	0.00119	0.00047	0.00119	0.00090	0.00097	0.00165
6	0.00183	0.00131	0.00169	0.00192	0.00209	0.00121	0.00134	0.00218	0.00299	0.00405	0.14795	0.67240	0.07343	0.00405	0.00176	0.00055	0.00081	0.04111	0.03614	0.00120
7	0.24916	0.01186	0.14274	0.00277	0.02113	0.00276	0.03278	0.05754	0.01410	0.32959	0.02475	0.00406	0.00289	0.03607	0.00153	0.00047	0.01576	0.00124	0.04683	0.00198
8	0.00202	0.00138	0.00161	0.00165	0.00172	0.00135	0.00101	0.00213	0.00233	0.00311	0.02965	0.12152	0.07297	0.66461	0.03156	0.01676	0.00130	0.02484	0.01750	0.00096
9	0.01191	0.00272	0.00419	0.53503	0.08653	0.01100	0.03715	0.06632	0.03430	0.07097	0.01359	0.00422	0.01505	0.00172	0.01594	0.00915	0.01517	0.01218	0.01766	0.03520
10	0.05852	0.03983	0.13933	0.05305	0.02645	0.05410	0.19869	0.07574	0.15284	0.00503	0.05217	0.01168	0.01387	0.00181	0.01207	0.00048	0.05403	0.03025	0.00095	0.01913

[dist]
# distance from previous block
# <min> <max>
1	100

[block]
# block no. 10 follows, 225 sequences, length 17
# corresponding to MSA columns:
# 2529-2545
name=unknown_K
#
# <colnr> <probs for GDERKNQSTAVLIFYWHMCP>
#	G	D	E	R	K	N	Q	S	T	A	V	L	I	F	Y	W	H	M	C	P
0	0.00345	0.00279	0.00305	0.00266	0.00339	0.03737	0.01707	0.07893	0.42646	0.06071	0.11660	0.03621	0.07864	0.00219	0.00160	0.00046	0.03674	0.01342	0.02294	0.05531
1	0.01365	0.00240	0.00295	0.00266	0.00308	0.01826	0.01538	0.03060	0.20553	0.05512	0.09902	0.07865	0.05193	0.06168	0.09511	0.00074	0.20123	0.03336	0.02699	0.00163
2	0.00174	0.00125	0.00165	0.00196	0.00206	0.00116	0.00132	0.00200	0.00277	0.00369	0.02877	0.90073	0.03682	0.00440	0.00181	0.00057	0.00082	0.00399	0.00133	0.00116
3	0.00207	0.00142	0.00177	0.00178	0.00188	0.00148	0.00117	0.00223	0.00222	0.00302	0.00471	0.02682	0.03014	0.60528	0.25032	0.01695	0.00197	0.03030	0.01348	0.00100
4	0.00224	0.00160	0.00190	0.00180	0.00225	0.00148	0.00137	0.00300	0.06451	0.05751	0.45791	0.04373	0.33660	0.00309	0.00166	0.00047	0.00076	0.01523	0.00147	0.00141
5	0.02011	0.00243	0.00292	0.00242	0.00322	0.00242	0.00193	0.16212	0.12591	0.31866	0.27826	0.02492	0.01826	0.00218	0.00150	0.00045	0.00107	0.00182	0.02741	0.00200
6	0.00367	0.00318	0.00332	0.00296	0.00375	0.02666	0.00231	0.03916	0.83647	0.01789	0.00548	0.00509	0.00412	0.00193	0.00157	0.00048	0.03679	0.00157	0.00140	0.00222
7	0.01990	0.01247	0.15757	0.01872	0.03435	0.03755	0.01401	0.04921	0.44063	0.01132	0.01296	0.10603	0.03357	0.00211	0.00149	0.00048	0.01005	0.01743	0.00118	0.01899
8	0.07451	0.13020	0.19429	0.04072	0.01561	0.15005	0.00304	0.17886	0.05911	0.06609	0.01645	0.02122	0.00255	0.01112	0.01004	0.00045	0.01594	0.00118	0.00662	0.00196
9	0.01665	0.05639	0.04781	0.25864	0.17328	0.12336	0.05938	0.08467	0.02688	0.06286	0.00300	0.02488	0.00240	0.00166	0.00158	0.03649	0.00969	0.00769	0.00084	0.00186
10	0.00211	0.00159	0.00188	0.00179	0.00221	0.00148	0.00135	0.00293	0.07522	0.02277	0.54437	0.03863	0.29222	0.00307	0.00166	0.00046	0.00074	0.00265	0.00148	0.00139
11	0.00256	0.00201	0.00286	0.00884	0.01293	0.00207	0.08715	0.09194	0.04874	0.01116	0.06294	0.32232	0.03162	0.06660	0.10862	0.03536	0.02714	0.06124	0.01248	0.00143
12	0.04355	0.00286	0.00328	0.05914	0.04160	0.01204	0.00228	0.32365	0.13486	0.09614	0.06307	0.06157	0.00980	0.01866	0.00151	0.00046	0.00128	0.02031	0.10194	0.00198
13	0.00207	0.00144	0.00195	0.00200	0.00222	0.00151	0.00146	0.00244	0.00257	0.01873	0.04690	0.20074	0.08536	0.09177	0.43821	0.03746	0.00225	0.00224	0.05748	0.00121
14	0.01467	0.04038	0.01236	0.06920	0.01445	0.20276	0.04429	0.05030	0.13178	0.04095	0.13138	0.01563	0.07366	0.03110	0.02123	0.00051	0.03750	0.02799	0.00108	0.03880
15	0.00216	0.00158	0.00187	0.00189	0.00227	0.00149	0.00139	0.00293	0.09302	0.04213	0.19743	0.28701	0.31249	0.00347	0.00169	0.00051	0.00082	0.03131	0.01317	0.00137
16	0.03941	0.07353	0.00393	0.00296	0.00391	0.00385	0.01922	0.41775	0.29684	0.03073	0.02432	0.04334	0.02302	0.00191	0.00143	0.00045	0.00838	0.00152	0.00134	0.00218

[dist]
# distance from previous block
# <min> <max>
9	22

[block]
# block no. 11 follows, 225 sequences, length 11
# corresponding to MSA columns:
# 2580,2589,2590,2599,2604-2610
name=unknown_L
#
# <colnr> <probs for GDERKNQSTAVLIFYWHMCP>
#	G	D	E	R	K	N	Q	S	T	A	V	L	I	F	Y	W	H	M	C	P
0	0.00311	0.00303	0.06412	0.03223	0.06638	0.02159	0.07144	0.07201	0.05524	0.03485	0.06605	0.05571	0.08752	0.05271	0.00268	0.00056	0.25214	0.03119	0.01146	0.01599
1	0.96001	0.00275	0.00209	0.00187	0.00275	0.00319	0.00154	0.00419	0.00242	0.00639	0.00198	0.00231	0.00154	0.00132	0.00088	0.00044	0.00110	0.00077	0.00088	0.00154
2	0.03638	0.00169	0.00179	0.00164	0.00212	0.00170	0.00127	0.05305	0.03483	0.09426	0.05079	0.00532	0.00401	0.00173	0.00110	0.00036	0.00079	0.00139	0.70425	0.00153
3	0.27183	0.04107	0.10538	0.03544	0.03809	0.05957	0.00248	0.06607	0.01590	0.24570	0.00331	0.01544	0.00240	0.00149	0.00121	0.00041	0.00142	0.00111	0.00109	0.09061
4	0.02025	0.01124	0.00236	0.02348	0.04404	0.00167	0.02043	0.01982	0.01055	0.02540	0.19569	0.43245	0.06070	0.01764	0.02124	0.00731	0.00898	0.01567	0.00126	0.05985
5	0.46404	0.03698	0.00329	0.19837	0.04861	0.09931	0.01132	0.02047	0.00281	0.00508	0.00234	0.00312	0.00191	0.02088	0.01734	0.00049	0.04332	0.00937	0.00934	0.00160
6	0.00297	0.00164	0.00167	0.01735	0.00209	0.02120	0.00122	0.03560	0.02256	0.04743	0.00467	0.03086	0.00371	0.00174	0.00107	0.00035	0.00079	0.00140	0.80024	0.00144
7	0.03251	0.00275	0.00318	0.00268	0.00349	0.00289	0.00220	0.36084	0.05534	0.18326	0.05344	0.01962	0.00463	0.04609	0.00178	0.00052	0.00131	0.17344	0.04805	0.00198
8	0.00368	0.00242	0.01262	0.00251	0.02314	0.01454	0.00194	0.06564	0.25080	0.21536	0.17346	0.03384	0.12279	0.00252	0.02329	0.00050	0.00112	0.01104	0.03689	0.00190
9	0.00234	0.00169	0.00214	0.01349	0.01378	0.00167	0.00171	0.03455	0.07427	0.03636	0.12177	0.35329	0.11141	0.02143	0.00186	0.00056	0.00100	0.20393	0.00135	0.00140
10	0.00437	0.20062	0.02158	0.00295	0.02424	0.09049	0.00243	0.26753	0.12302	0.10765	0.05135	0.03501	0.01485	0.00190	0.00947	0.00043	0.00149	0.02071	0.01788	0.00203

[dist]
# distance from previous block
# <min> <max>
2	45

[block]
# block no. 12 follows, 225 sequences, length 8
# corresponding to MSA columns:
# 2659-2664,2667,2668
name=unknown_M
#
# <colnr> <probs for GDERKNQSTAVLIFYWHMCP>
#	G	D	E	R	K	N	Q	S	T	A	V	L	I	F	Y	W	H	M	C	P
0	0.27445	0.01735	0.02301	0.07358	0.03298	0.12862	0.05776	0.07492	0.03233	0.01834	0.00312	0.05369	0.01296	0.02091	0.06379	0.00060	0.08269	0.00900	0.01824	0.00166
1	0.01677	0.19478	0.07474	0.02287	0.06257	0.02397	0.29771	0.04506	0.00323	0.06657	0.00282	0.00363	0.00227	0.00164	0.01319	0.00047	0.13366	0.01982	0.01231	0.00190
2	0.00198	0.00142	0.00169	0.00177	0.00194	0.00134	0.00119	0.00221	0.00264	0.00347	0.05835	0.22739	0.13919	0.42995	0.00423	0.00092	0.00111	0.09171	0.00112	0.02641
3	0.00204	0.00145	0.00177	0.00174	0.00210	0.00131	0.00131	0.00249	0.00348	0.02461	0.41685	0.06495	0.32641	0.00337	0.00194	0.06409	0.00078	0.05379	0.02425	0.00126
4	0.00202	0.00157	0.00186	0.00182	0.00222	0.00148	0.00137	0.00284	0.08210	0.00492	0.46033	0.09098	0.30587	0.00321	0.00168	0.00048	0.00076	0.03168	0.00145	0.00136
5	0.29245	0.00283	0.06523	0.00241	0.00347	0.00252	0.00211	0.00578	0.03602	0.52260	0.04769	0.00425	0.00330	0.00166	0.00127	0.00044	0.00121	0.00127	0.00140	0.00208
6	0.18307	0.00278	0.00375	0.58405	0.02830	0.03896	0.00323	0.02284	0.02542	0.04744	0.00269	0.00356	0.00202	0.00147	0.00138	0.00046	0.02345	0.00118	0.02229	0.00166
7	0.00397	0.36472	0.13595	0.01597	0.06702	0.12059	0.02391	0.11560	0.03562	0.01838	0.00254	0.00290	0.00206	0.00140	0.00129	0.00037	0.03137	0.00100	0.00079	0.05455

[dist]
# distance from previous block
# <min> <max>
0	2

[block]
# block no. 13 follows, 225 sequences, length 8
# corresponding to MSA columns:
# 2671-2678
name=unknown_N
#
# <colnr> <probs for GDERKNQSTAVLIFYWHMCP>
#	G	D	E	R	K	N	Q	S	T	A	V	L	I	F	Y	W	H	M	C	P
0	0.00371	0.39199	0.38825	0.00329	0.00482	0.08892	0.00364	0.09229	0.00340	0.00437	0.00237	0.00271	0.00187	0.00134	0.00117	0.00038	0.00186	0.00094	0.00069	0.00198
1	0.04595	0.00283	0.09180	0.00274	0.00382	0.00223	0.06990	0.00578	0.00367	0.59682	0.00497	0.04903	0.00347	0.00178	0.00139	0.00044	0.00130	0.00150	0.10844	0.00214
2	0.00187	0.00141	0.00166	0.00167	0.00202	0.00126	0.00123	0.00236	0.00348	0.00466	0.40020	0.16143	0.36380	0.00337	0.00167	0.00048	0.00071	0.00292	0.04254	0.00126
3	0.00241	0.00214	0.00270	0.00256	0.00288	0.09063	0.04582	0.00288	0.00252	0.00337	0.00391	0.07380	0.00382	0.06744	0.66318	0.00180	0.02433	0.00169	0.00080	0.00131
4	0.00231	0.00170	0.01468	0.02277	0.00253	0.00168	0.01512	0.02622	0.02431	0.02481	0.11782	0.15085	0.06215	0.21635	0.14689	0.00097	0.01193	0.08981	0.06581	0.00128
5	0.00217	0.00149	0.00204	0.00202	0.00225	0.00164	0.00149	0.00257	0.00240	0.02481	0.03201	0.00680	0.02676	0.23468	0.58829	0.00181	0.00281	0.00171	0.06107	0.00120
6	0.36730	0.03446	0.06033	0.02556	0.00412	0.03247	0.15717	0.02684	0.13371	0.01963	0.00342	0.10159	0.00296	0.00176	0.00135	0.00047	0.02272	0.00145	0.00096	0.00175
7	0.00332	0.07119	0.00325	0.00235	0.00328	0.00247	0.01666	0.10191	0.07393	0.07864	0.09821	0.08124	0.05236	0.01347	0.00144	0.00038	0.01214	0.01613	0.00114	0.36648

[dist]
# distance from previous block
# <min> <max>
1	9

[block]
# block no. 14 follows, 225 sequences, length 7
# corresponding to MSA columns:
# 2691,2700,2705-2709
name=unknown_O
#
# <colnr> <probs for GDERKNQSTAVLIFYWHMCP>
#	G	D	E	R	K	N	Q	S	T	A	V	L	I	F	Y	W	H	M	C	P
0	0.55573	0.04268	0.07699	0.00230	0.00323	0.07177	0.00202	0.06085	0.01924	0.04000	0.01677	0.04588	0.00242	0.00157	0.00107	0.00043	0.00130	0.00108	0.05301	0.00167
1	0.00271	0.00243	0.00390	0.67888	0.06436	0.00289	0.00343	0.00353	0.00282	0.00378	0.00289	0.00449	0.00241	0.07069	0.00191	0.00053	0.02821	0.02238	0.05276	0.04501
2	0.55019	0.07220	0.07674	0.06702	0.02390	0.00322	0.00220	0.00451	0.05366	0.08380	0.02611	0.02598	0.00243	0.00151	0.00109	0.00044	0.00127	0.00106	0.00095	0.00172
3	0.02815	0.01327	0.00392	0.02936	0.01931	0.01450	0.10805	0.08468	0.04160	0.05195	0.01763	0.01389	0.00262	0.00147	0.00155	0.00035	0.08230	0.01719	0.00095	0.46726
4	0.00340	0.00209	0.00225	0.00193	0.00253	0.00212	0.00150	0.22308	0.00394	0.04173	0.07094	0.00524	0.00402	0.04143	0.00143	0.00040	0.00095	0.00141	0.52530	0.06432
5	0.04236	0.00177	0.00236	0.03081	0.05248	0.00193	0.00176	0.01872	0.01711	0.00366	0.01930	0.09803	0.03299	0.25290	0.29604	0.01884	0.03702	0.06974	0.00092	0.00126
6	0.02695	0.00229	0.00295	0.00234	0.00327	0.00204	0.00187	0.00578	0.04763	0.62667	0.06097	0.00564	0.03218	0.08479	0.00192	0.00051	0.00116	0.00154	0.00154	0.08797

[dist]
# distance from previous block
# <min> <max>
1	8

[block]
# block no. 15 follows, 225 sequences, length 6
# corresponding to MSA columns:
# 2719-2721,2723-2725
name=unknown_P
#
# <colnr> <probs for GDERKNQSTAVLIFYWHMCP>
#	G	D	E	R	K	N	Q	S	T	A	V	L	I	F	Y	W	H	M	C	P
0	0.02763	0.26206	0.53934	0.00368	0.03014	0.03422	0.04002	0.00444	0.00301	0.00422	0.00239	0.00282	0.00184	0.00130	0.00122	0.00040	0.00190	0.00098	0.00063	0.03775
1	0.77876	0.03116	0.02727	0.00204	0.00296	0.00324	0.00173	0.04380	0.02817	0.03495	0.00236	0.00264	0.00180	0.00138	0.00095	0.00043	0.00115	0.00086	0.03271	0.00164
2	0.01650	0.03471	0.11265	0.05126	0.03737	0.01598	0.09507	0.09200	0.10358	0.03065	0.09072	0.01831	0.00360	0.00179	0.01237	0.00044	0.06709	0.01236	0.00099	0.20258
3	0.00366	0.00341	0.00550	0.00796	0.81169	0.00347	0.00411	0.07137	0.06561	0.00505	0.00294	0.00364	0.00241	0.00134	0.00141	0.00043	0.00165	0.00129	0.00081	0.00227
4	0.00340	0.07977	0.00398	0.05914	0.11680	0.04441	0.06116	0.15936	0.11353	0.02652	0.05519	0.20199	0.03145	0.01992	0.00161	0.00048	0.00140	0.01693	0.00113	0.00182
5	0.00285	0.01446	0.00296	0.04560	0.03017	0.01470	0.05164	0.12833	0.01598	0.04692	0.10342	0.31863	0.08364	0.02264	0.00190	0.00053	0.03763	0.07520	0.00125	0.00155

[dist]
# distance from previous block
# <min> <max>
6	25

[block]
# block no. 16 follows, 225 sequences, length 11
# corresponding to MSA columns:
# 2782-2792
name=unknown_Q
#
# <colnr> <probs for GDERKNQSTAVLIFYWHMCP>
#	G	D	E	R	K	N	Q	S	T	A	V	L	I	F	Y	W	H	M	C	P
0	0.00228	0.00183	0.00253	0.00243	0.00273	0.03149	0.01968	0.02228	0.00246	0.00348	0.00371	0.00545	0.00345	0.03701	0.80613	0.00205	0.03163	0.00151	0.01658	0.00132
1	0.00198	0.00138	0.00178	0.00194	0.00216	0.00129	0.00136	0.00241	0.02306	0.03293	0.19053	0.60784	0.10246	0.00393	0.00176	0.00054	0.00081	0.01921	0.00139	0.00126
2	0.03330	0.00171	0.00208	0.00191	0.00242	0.00157	0.00146	0.00352	0.02672	0.19761	0.30245	0.08222	0.22549	0.05652	0.00192	0.00052	0.00089	0.02973	0.02643	0.00152
3	0.00198	0.00153	0.00180	0.00186	0.00219	0.00143	0.00135	0.02565	0.05251	0.00435	0.18519	0.34648	0.31114	0.02652	0.00185	0.00054	0.00082	0.03016	0.00137	0.00129
4	0.02355	0.00160	0.00196	0.00187	0.00227	0.00150	0.00140	0.03145	0.02003	0.04604	0.55603	0.15263	0.14807	0.00311	0.00166	0.00047	0.00077	0.00272	0.00148	0.00139
5	0.05718	0.00319	0.00338	0.00278	0.00365	0.01531	0.00224	0.47971	0.16202	0.03383	0.03328	0.02832	0.05384	0.00226	0.03484	0.00051	0.01262	0.00152	0.06744	0.00208
6	0.02810	0.01006	0.02749	0.13731	0.17735	0.01387	0.04979	0.02573	0.00994	0.01843	0.00306	0.01734	0.02319	0.00170	0.03440	0.00042	0.01950	0.00833	0.00082	0.39316
7	0.04662	0.28499	0.04906	0.00253	0.01711	0.02952	0.02482	0.02695	0.00309	0.03030	0.02695	0.01645	0.01365	0.02609	0.00126	0.00033	0.00134	0.00103	0.00083	0.39711
8	0.03490	0.02410	0.05503	0.10839	0.09399	0.09298	0.13364	0.06500	0.06234	0.11705	0.04656	0.02885	0.01333	0.06574	0.00187	0.00051	0.00970	0.02624	0.00101	0.01877
9	0.05165	0.01198	0.01872	0.08882	0.25514	0.08140	0.02738	0.12934	0.10204	0.08955	0.02677	0.02659	0.02333	0.01249	0.00150	0.00044	0.01419	0.00140	0.00103	0.03624
10	0.08705	0.04244	0.01121	0.01552	0.02055	0.07811	0.05491	0.25308	0.06709	0.12400	0.02835	0.04964	0.01170	0.00802	0.00145	0.00043	0.01460	0.02936	0.00846	0.09405

[dist]
# distance from previous block
# <min> <max>
0	49

[block]
# block no. 17 follows, 225 sequences, length 11
# corresponding to MSA columns:
# 2848-2858
name=unknown_R
#
# <colnr> <probs for GDERKNQSTAVLIFYWHMCP>
#	G	D	E	R	K	N	Q	S	T	A	V	L	I	F	Y	W	H	M	C	P
0	0.01209	0.23429	0.15966	0.04103	0.03776	0.21883	0.02133	0.08088	0.03581	0.02337	0.02097	0.00346	0.01929	0.01096	0.00137	0.00040	0.01946	0.00896	0.00082	0.04928
1	0.02020	0.01605	0.01940	0.05921	0.18786	0.03217	0.01149	0.09189	0.15490	0.10156	0.09147	0.03995	0.05618	0.00208	0.00148	0.00046	0.00134	0.07076	0.01846	0.02310
2	0.00405	0.08298	0.02151	0.01926	0.01262	0.08966	0.13486	0.25316	0.08000	0.05283	0.03792	0.02309	0.00322	0.03861	0.02481	0.00992	0.07076	0.01417	0.02467	0.00192
3	0.03898	0.00278	0.02313	0.03462	0.09670	0.03704	0.01430	0.07544	0.29171	0.02933	0.07529	0.09477	0.10950	0.00904	0.00162	0.01537	0.00124	0.04607	0.00124	0.00183
4	0.00190	0.00135	0.00166	0.00175	0.00191	0.00128	0.00116	0.00219	0.00289	0.00389	0.23320	0.34116	0.09830	0.29683	0.00345	0.00079	0.00095	0.00298	0.00124	0.00112
5	0.00379	0.00328	0.00359	0.00316	0.02151	0.07092	0.05687	0.08725	0.58928	0.04467	0.04095	0.00523	0.01832	0.02128	0.02294	0.00052	0.00140	0.00159	0.00133	0.00211
6	0.00200	0.00145	0.00173	0.00174	0.00211	0.00129	0.00129	0.00244	0.00337	0.04053	0.27130	0.19776	0.40103	0.02150	0.00182	0.00051	0.00079	0.04465	0.00140	0.00128
7	0.00193	0.00139	0.00186	0.00197	0.00214	0.00144	0.00140	0.00226	0.00253	0.00348	0.03148	0.33290	0.06531	0.16116	0.35697	0.00134	0.00203	0.00260	0.02464	0.00116
8	0.00380	0.74744	0.09228	0.00279	0.00403	0.07302	0.02408	0.00437	0.00298	0.00350	0.00207	0.00243	0.00183	0.00129	0.00111	0.00034	0.02937	0.00083	0.00062	0.00183
9	0.00252	0.00198	0.00230	0.00217	0.00272	0.00192	0.00163	0.00378	0.22370	0.02381	0.06155	0.28820	0.12062	0.03948	0.00178	0.00050	0.00097	0.05071	0.00127	0.16837
10	0.01510	0.32533	0.14960	0.04913	0.06377	0.03435	0.16450	0.01835	0.04092	0.01793	0.01554	0.00336	0.00234	0.00153	0.01796	0.00043	0.01199	0.00116	0.05602	0.01069

[dist]
# distance from previous block
# <min> <max>
0	2

[block]
# block no. 18 follows, 225 sequences, length 11
# corresponding to MSA columns:
# 2861-2863,2871,2872,2875,2882-2886
name=unknown_S
#
# <colnr> <probs for GDERKNQSTAVLIFYWHMCP>
#	G	D	E	R	K	N	Q	S	T	A	V	L	I	F	Y	W	H	M	C	P
0	0.00399	0.00465	0.00343	0.00319	0.00372	0.54341	0.03504	0.02415	0.00356	0.00369	0.00409	0.31307	0.00435	0.00249	0.00161	0.00045	0.04067	0.00199	0.00094	0.00151
1	0.02079	0.00336	0.00558	0.10400	0.69225	0.01781	0.05732	0.02350	0.00322	0.00458	0.00263	0.00351	0.00218	0.00136	0.00159	0.00044	0.05179	0.00128	0.00071	0.00211
2	0.00195	0.00137	0.00163	0.00171	0.00184	0.00133	0.00111	0.00214	0.00250	0.00332	0.03475	0.22862	0.13982	0.46558	0.07370	0.00107	0.00130	0.01668	0.01854	0.00104
3	0.00192	0.00156	0.00179	0.04286	0.00242	0.00142	0.00136	0.01624	0.01697	0.00448	0.27525	0.02963	0.56440	0.00329	0.00167	0.00048	0.00080	0.03079	0.00136	0.00129
4	0.09607	0.00237	0.00302	0.00239	0.00336	0.00218	0.00195	0.02730	0.02387	0.68193	0.13524	0.00539	0.00471	0.00188	0.00141	0.00044	0.00113	0.00153	0.00164	0.00219
5	0.00241	0.00200	0.00280	0.00258	0.00271	0.00247	0.01809	0.00275	0.00226	0.00333	0.00350	0.02904	0.00355	0.22474	0.36475	0.00142	0.28874	0.00162	0.03996	0.00127
6	0.00468	0.00374	0.01961	0.00346	0.02289	0.01810	0.07885	0.59045	0.16288	0.02159	0.00398	0.01515	0.01428	0.00185	0.01251	0.00046	0.00157	0.00142	0.02025	0.00227
7	0.15378	0.03493	0.28991	0.00352	0.05643	0.00321	0.05746	0.08399	0.06016	0.18948	0.00344	0.00371	0.00248	0.00153	0.00137	0.00045	0.01710	0.01324	0.02174	0.00207
8	0.02685	0.00310	0.01091	0.00303	0.03860	0.05647	0.05145	0.18005	0.19788	0.10876	0.08332	0.01482	0.03444	0.02332	0.00154	0.00044	0.00134	0.01389	0.00881	0.14099
9	0.00208	0.00150	0.00198	0.00193	0.00217	0.00141	0.04194	0.00239	0.00285	0.02503	0.15950	0.25248	0.13812	0.33395	0.00366	0.00082	0.00107	0.02477	0.00119	0.00116
10	0.02095	0.11148	0.09521	0.05778	0.03449	0.03148	0.03734	0.06646	0.04829	0.06926	0.06831	0.06041	0.09504	0.00193	0.00143	0.00041	0.02088	0.01435	0.00103	0.16349

[dist]
# distance from previous block
# <min> <max>
11	31

[block]
# block no. 19 follows, 225 sequences, length 6
# corresponding to MSA columns:
# 2982-2987
name=unknown_T
#
# <colnr> <probs for GDERKNQSTAVLIFYWHMCP>
#	G	D	E	R	K	N	Q	S	T	A	V	L	I	F	Y	W	H	M	C	P
0	0.00184	0.00136	0.00167	0.00181	0.00202	0.00126	0.00126	0.00216	0.00296	0.00390	0.15430	0.42227	0.20602	0.13022	0.03054	0.00070	0.00096	0.03232	0.00128	0.00116
1	0.00228	0.00154	0.00201	0.00197	0.00212	0.00166	0.00137	0.02101	0.00238	0.02415	0.02975	0.05527	0.00466	0.40249	0.32038	0.06381	0.03241	0.00187	0.02774	0.00111
2	0.00220	0.00157	0.00188	0.00183	0.00224	0.00144	0.00137	0.00290	0.05377	0.05430	0.41281	0.11830	0.30661	0.00323	0.00168	0.00048	0.00078	0.02976	0.00146	0.00138
3	0.00183	0.00131	0.00169	0.00191	0.00206	0.00122	0.00131	0.00211	0.00286	0.00381	0.11094	0.62799	0.08919	0.06738	0.00230	0.03516	0.00087	0.04362	0.00129	0.00115
4	0.05735	0.02184	0.02352	0.00276	0.00358	0.01766	0.00223	0.12494	0.53253	0.02994	0.03353	0.03725	0.00436	0.00203	0.00142	0.00047	0.00120	0.04950	0.03627	0.01761
5	0.12506	0.08340	0.07716	0.12670	0.03356	0.07805	0.14775	0.03201	0.03917	0.03867	0.02021	0.11005	0.03430	0.00187	0.00144	0.00045	0.01653	0.01322	0.00091	0.01948

[dist]
# distance from previous block
# <min> <max>
1	10

[block]
# block no. 20 follows, 225 sequences, length 15
# corresponding to MSA columns:
# 3015-3027,3047,3048
name=unknown_U
#
# <colnr> <probs for GDERKNQSTAVLIFYWHMCP>
#	G	D	E	R	K	N	Q	S	T	A	V	L	I	F	Y	W	H	M	C	P
0	0.01031	0.00328	0.02404	0.12141	0.58991	0.02170	0.04549	0.03207	0.03161	0.03989	0.03478	0.02196	0.00283	0.00146	0.00143	0.00044	0.00167	0.00139	0.01224	0.00209
1	0.00185	0.00136	0.00174	0.00192	0.00214	0.00126	0.00138	0.00224	0.00312	0.00415	0.20169	0.50196	0.15173	0.01769	0.00186	0.00056	0.00084	0.09994	0.00137	0.00121
2	0.00277	0.00230	0.00273	0.01419	0.00290	0.05213	0.02679	0.06778	0.06911	0.02045	0.05776	0.04949	0.07709	0.21932	0.18961	0.00950	0.11141	0.01250	0.01077	0.00141
3	0.01560	0.00259	0.00410	0.43179	0.04614	0.01847	0.09590	0.01462	0.00309	0.04144	0.08638	0.03159	0.02879	0.00184	0.00177	0.00048	0.09405	0.01206	0.06769	0.00162
4	0.00183	0.00133	0.00182	0.00205	0.00219	0.00133	0.00144	0.00216	0.00266	0.00359	0.02105	0.64350	0.02729	0.02817	0.22312	0.00100	0.00155	0.03155	0.00118	0.00119
5	0.00352	0.04800	0.12223	0.05580	0.06321	0.03123	0.24341	0.10006	0.03452	0.03729	0.02809	0.02766	0.01202	0.00174	0.00206	0.00048	0.17182	0.00863	0.00086	0.00737
6	0.00288	0.00724	0.90793	0.00413	0.00621	0.00332	0.03978	0.00451	0.00302	0.00451	0.00257	0.00304	0.00182	0.00135	0.00137	0.00045	0.00212	0.00108	0.00061	0.00210
7	0.00335	0.00320	0.01602	0.11576	0.66515	0.01083	0.04387	0.00417	0.00317	0.01999	0.00322	0.01213	0.03126	0.01551	0.00158	0.00045	0.01990	0.01343	0.01494	0.00206
8	0.01396	0.43293	0.04593	0.00267	0.00383	0.01804	0.00245	0.13267	0.12682	0.02689	0.00288	0.00306	0.00232	0.00140	0.00119	0.00035	0.02178	0.00100	0.00090	0.15891
