[name]
unknown

[dist]
# distance from previous block
# <min> <max>
2	103

[block]
# block no. 0 follows, 155 sequences, length 14
# corresponding to MSA columns:
# 1114-1117,1123-1127,1136-1140
name=unknown_A
#
# <colnr> <probs for GDERKNQSTAVLIFYWHMCP>
#	G	D	E	R	K	N	Q	S	T	A	V	L	I	F	Y	W	H	M	C	P
0	0.02606	0.12458	0.00573	0.01886	0.09813	0.22872	0.01851	0.06366	0.10415	0.02128	0.04406	0.04955	0.04357	0.00259	0.00196	0.00057	0.01823	0.03591	0.01979	0.07407
1	0.05754	0.03518	0.02334	0.01871	0.00433	0.00335	0.02490	0.00566	0.13226	0.12443	0.02632	0.00788	0.00533	0.14722	0.34427	0.00179	0.03168	0.00216	0.00142	0.00222
2	0.00619	0.05908	0.09748	0.00507	0.05094	0.42195	0.04142	0.12937	0.01513	0.03471	0.02532	0.00574	0.08387	0.00237	0.00190	0.00056	0.00279	0.00178	0.01174	0.00256
3	0.00363	0.00268	0.09584	0.00299	0.00336	0.00210	0.00241	0.00324	0.00293	0.02796	0.00389	0.00651	0.00373	0.00649	0.03467	0.76047	0.00197	0.03297	0.00095	0.00121
4	0.00343	0.00332	0.05576	0.04321	0.10179	0.02171	0.02297	0.00465	0.05777	0.00673	0.32935	0.09226	0.14570	0.00360	0.00220	0.00063	0.00152	0.02393	0.00170	0.07779
5	0.00541	0.64650	0.10161	0.00382	0.00553	0.06229	0.00380	0.07898	0.03057	0.00566	0.00341	0.02179	0.00298	0.00193	0.00148	0.00048	0.00225	0.00132	0.01754	0.00264
6	0.00251	0.00206	0.00231	0.00241	0.02412	0.00179	0.00172	0.00310	0.00469	0.00588	0.18785	0.09122	0.65358	0.00489	0.00236	0.00067	0.00104	0.00416	0.00190	0.00175
7	0.02385	0.00440	0.00478	0.02738	0.03364	0.00506	0.00335	0.10345	0.75131	0.00865	0.00742	0.00695	0.00555	0.00261	0.00201	0.00066	0.00169	0.00216	0.00195	0.00314
8	0.03741	0.17867	0.19342	0.04479	0.13591	0.02127	0.16626	0.05941	0.05020	0.01664	0.00388	0.01162	0.00308	0.00208	0.00775	0.00062	0.04695	0.00171	0.00814	0.01018
9	0.00451	0.23385	0.43550	0.00479	0.00698	0.00520	0.06356	0.01831	0.07749	0.02360	0.00453	0.02743	0.02930	0.00209	0.00179	0.00057	0.00245	0.00167	0.00107	0.05532
10	0.00288	0.00193	0.00218	0.00220	0.00220	0.00192	0.00123	0.00289	0.00294	0.00391	0.00647	0.04894	0.00748	0.89372	0.00985	0.00189	0.00190	0.00301	0.00123	0.00122
11	0.00408	0.00429	0.09346	0.03167	0.21135	0.05274	0.05246	0.01762	0.06184	0.00593	0.02240	0.07820	0.03921	0.07328	0.07704	0.03664	0.02505	0.06426	0.04615	0.00233
12	0.11728	0.10748	0.28078	0.02035	0.11026	0.07231	0.00480	0.06254	0.12398	0.06366	0.00430	0.00466	0.00323	0.00206	0.00184	0.00060	0.01420	0.00157	0.00125	0.00285
13	0.00776	0.00357	0.00457	0.00367	0.01947	0.00335	0.00294	0.16191	0.00619	0.61206	0.08036	0.02203	0.00590	0.00263	0.00201	0.00061	0.00168	0.00215	0.05399	0.00315

[dist]
# distance from previous block
# <min> <max>
2	4

[block]
# block no. 1 follows, 155 sequences, length 10
# corresponding to MSA columns:
# 1164,1165,1167-1169,1178,1180-1183
name=unknown_B
#
# <colnr> <probs for GDERKNQSTAVLIFYWHMCP>
#	G	D	E	R	K	N	Q	S	T	A	V	L	I	F	Y	W	H	M	C	P
0	0.15047	0.07507	0.40281	0.01406	0.01887	0.01424	0.05383	0.04209	0.03146	0.01999	0.14446	0.00587	0.00520	0.00227	0.00190	0.00062	0.01115	0.00181	0.00123	0.00263
1	0.00311	0.00248	0.00335	0.00413	0.11618	0.00249	0.00257	0.00433	0.13678	0.00574	0.00968	0.68006	0.01091	0.00518	0.00240	0.00076	0.00137	0.00469	0.00177	0.00203
2	0.00571	0.22229	0.08576	0.02237	0.25269	0.22776	0.05196	0.04756	0.01428	0.02696	0.01293	0.00433	0.00304	0.00193	0.00184	0.00055	0.01272	0.00153	0.00105	0.00275
3	0.00336	0.00256	0.00318	0.00316	0.00369	0.00253	0.02005	0.13565	0.00483	0.00636	0.01102	0.51100	0.15333	0.00517	0.00249	0.00075	0.01711	0.08547	0.00182	0.02646
4	0.60247	0.03581	0.00330	0.00277	0.00375	0.00408	0.00220	0.05846	0.00367	0.00774	0.00372	0.00533	0.00334	0.13900	0.11630	0.00112	0.00213	0.00152	0.00124	0.00206
5	0.00367	0.00757	0.59874	0.00486	0.00683	0.00395	0.02534	0.00529	0.00393	0.00575	0.00495	0.14030	0.00468	0.11723	0.00329	0.00083	0.05696	0.00230	0.00104	0.00249
6	0.00254	0.00183	0.00243	0.00287	0.00306	0.00172	0.00203	0.00298	0.00397	0.00523	0.01141	0.74888	0.06008	0.00608	0.00257	0.00082	0.00125	0.13676	0.00185	0.00165
7	0.00399	0.00244	0.00301	0.00290	0.00350	0.00231	0.00214	0.08914	0.00486	0.14739	0.09084	0.40524	0.15601	0.04543	0.00278	0.01560	0.00135	0.01705	0.00195	0.00207
8	0.12024	0.00406	0.00564	0.19661	0.03786	0.00538	0.00432	0.00498	0.00336	0.00544	0.00312	0.03178	0.00290	0.00300	0.00467	0.00079	0.56092	0.00179	0.00095	0.00220
9	0.00443	0.44971	0.11577	0.00337	0.00469	0.00534	0.00324	0.05228	0.00429	0.00553	0.11658	0.00696	0.00561	0.19252	0.02142	0.00085	0.00211	0.00186	0.00115	0.00227

[dist]
# distance from previous block
# <min> <max>
1	2

[block]
# block no. 2 follows, 155 sequences, length 23
# corresponding to MSA columns:
# 1186-1208
name=unknown_C
#
# <colnr> <probs for GDERKNQSTAVLIFYWHMCP>
#	G	D	E	R	K	N	Q	S	T	A	V	L	I	F	Y	W	H	M	C	P
0	0.01042	0.02644	0.01043	0.07886	0.00485	0.03860	0.00292	0.16562	0.01136	0.00654	0.01449	0.44759	0.01523	0.01654	0.00269	0.00076	0.06189	0.07456	0.00810	0.00211
1	0.00290	0.00193	0.00217	0.00217	0.00217	0.00193	0.00121	0.00290	0.00290	0.00387	0.00628	0.01305	0.00725	0.92993	0.01015	0.00193	0.00193	0.00290	0.00121	0.00121
2	0.69640	0.00426	0.00368	0.00312	0.00443	0.00488	0.00257	0.21202	0.03819	0.00975	0.00343	0.00375	0.00258	0.00201	0.00144	0.00061	0.00169	0.00129	0.00144	0.00248
3	0.00243	0.00174	0.00231	0.00278	0.00289	0.00162	0.00185	0.00278	0.00382	0.00509	0.01099	0.92863	0.01319	0.00625	0.00254	0.00081	0.00116	0.00567	0.00185	0.00162
4	0.00292	0.00200	0.00244	0.00251	0.00261	0.00205	0.00164	0.00313	0.00316	0.00424	0.00674	0.03625	0.00754	0.67017	0.14202	0.00198	0.00240	0.10356	0.00127	0.00137
5	0.00420	0.11022	0.75118	0.00564	0.00838	0.00502	0.07597	0.00628	0.00423	0.00614	0.00353	0.00419	0.00257	0.00186	0.00186	0.00061	0.00289	0.00150	0.00086	0.00288
6	0.04194	0.00341	0.00457	0.00351	0.00505	0.00298	0.00290	0.00958	0.00562	0.88677	0.00769	0.00666	0.00484	0.00245	0.00198	0.00062	0.00169	0.00197	0.00242	0.00335
7	0.00321	0.00229	0.00321	0.00367	0.00413	0.00229	0.00321	0.00413	0.00459	0.00597	0.01056	0.02249	0.01147	0.00551	0.00275	0.00092	0.00184	0.90407	0.00184	0.00184
8	0.00764	0.00549	0.00592	0.00454	0.00614	0.00604	0.00375	0.87139	0.00921	0.05225	0.00492	0.00487	0.00346	0.00240	0.00199	0.00060	0.00217	0.00180	0.00202	0.00339
9	0.00895	0.00339	0.00463	0.00355	0.00509	0.00293	0.00293	0.00972	0.00571	0.91887	0.00787	0.00679	0.00494	0.00247	0.00201	0.00062	0.00170	0.00201	0.00247	0.00339
10	0.00237	0.00202	0.00204	0.00203	0.00270	0.00169	0.00153	0.00289	0.00458	0.00546	0.04693	0.01906	0.88991	0.00502	0.00236	0.00067	0.00101	0.00419	0.00186	0.00169
11	0.00400	0.01031	0.91960	0.00568	0.00863	0.00463	0.00737	0.00631	0.00421	0.00631	0.00358	0.00421	0.00253	0.00189	0.00189	0.00063	0.00295	0.00147	0.00084	0.00295
12	0.00304	0.00218	0.00301	0.00345	0.00386	0.00215	0.00291	0.00384	0.00445	0.00579	0.01094	0.19035	0.03999	0.00563	0.00270	0.00089	0.00168	0.70951	0.00184	0.00179
13	0.00333	0.00242	0.00330	0.00370	0.00420	0.00247	0.00321	0.00455	0.06381	0.00612	0.01040	0.02151	0.01112	0.00533	0.00271	0.00090	0.00182	0.84534	0.00185	0.00192
14	0.00533	0.93113	0.01045	0.00341	0.00512	0.00789	0.00341	0.00597	0.00405	0.00469	0.00277	0.00320	0.00256	0.00171	0.00128	0.00043	0.00213	0.00107	0.00085	0.00256
15	0.00409	0.00351	0.00417	0.03963	0.00504	0.00271	0.00248	0.00499	0.00416	0.00648	0.02429	0.00443	0.00330	0.00156	0.00152	0.00032	0.00151	0.00126	0.00119	0.88336
16	0.00477	0.00453	0.00768	0.01149	0.84757	0.00452	0.00579	0.00594	0.00462	0.00663	0.07353	0.00570	0.00436	0.00195	0.00200	0.00059	0.00226	0.00192	0.00108	0.00306
17	0.00321	0.00229	0.00321	0.00367	0.00413	0.00229	0.00321	0.00413	0.00459	0.00597	0.01056	0.02249	0.01147	0.00551	0.00275	0.00092	0.00184	0.90407	0.00184	0.00184
18	0.00533	0.93113	0.01045	0.00341	0.00512	0.00789	0.00341	0.00597	0.00405	0.00469	0.00277	0.00320	0.00256	0.00171	0.00128	0.00043	0.00213	0.00107	0.00085	0.00256
19	0.00868	0.00334	0.00452	0.00349	0.00499	0.00288	0.00287	0.00944	0.00566	0.88254	0.00836	0.00728	0.04120	0.00257	0.00202	0.00062	0.00167	0.00209	0.00244	0.00333
20	0.79698	0.00360	0.00289	0.00261	0.00372	0.00411	0.00211	0.01875	0.00350	0.00835	0.00399	0.00452	0.06183	0.00246	0.00182	0.07260	0.00153	0.00134	0.00126	0.00205
21	0.00314	0.00225	0.00312	0.00349	0.00394	0.00222	0.00300	0.00405	0.00472	0.00624	0.13882	0.03823	0.01255	0.00532	0.00269	0.00087	0.00170	0.75992	0.00189	0.00184
22	0.00313	0.00257	0.00331	0.01487	0.00387	0.00244	0.06124	0.07285	0.01237	0.00625	0.08311	0.15786	0.43739	0.00469	0.00244	0.00071	0.01375	0.10580	0.00941	0.00193

[dist]
# distance from previous block
# <min> <max>
8	24

[block]
# block no. 3 follows, 155 sequences, length 73
# corresponding to MSA columns:
# 1278-1286,1289-1298,1300-1306,1313,1331-1339,1343,1345,1347-1358,1361-1364,1481-1489,1506-1515
name=unknown_D
#
# <colnr> <probs for GDERKNQSTAVLIFYWHMCP>
#	G	D	E	R	K	N	Q	S	T	A	V	L	I	F	Y	W	H	M	C	P
0	0.00269	0.00215	0.00264	0.00260	0.02070	0.00192	0.01982	0.00342	0.01110	0.00647	0.39544	0.05791	0.42120	0.03985	0.00265	0.00071	0.00110	0.00387	0.00194	0.00180
1	0.00511	0.00642	0.28662	0.00842	0.38536	0.00465	0.10932	0.04869	0.02962	0.09020	0.00427	0.00499	0.00320	0.00192	0.00200	0.00062	0.00257	0.00178	0.00116	0.00307
2	0.00612	0.21478	0.19579	0.02286	0.05007	0.04235	0.00429	0.07347	0.05092	0.25808	0.00811	0.02306	0.00387	0.00227	0.00193	0.00059	0.02147	0.01555	0.00149	0.00293
3	0.69707	0.03578	0.02447	0.02289	0.04967	0.08316	0.04057	0.00609	0.00376	0.01379	0.00297	0.00353	0.00233	0.00187	0.00142	0.00061	0.00535	0.00122	0.00117	0.00228
4	0.02459	0.00414	0.05095	0.06610	0.18054	0.00407	0.04188	0.06525	0.17804	0.12805	0.03978	0.06661	0.03068	0.02410	0.03970	0.00079	0.03168	0.01871	0.00158	0.00275
5	0.00246	0.00190	0.00223	0.00240	0.00280	0.00169	0.00169	0.00295	0.00435	0.00557	0.13617	0.38797	0.40233	0.03275	0.00266	0.00076	0.00109	0.00468	0.00188	0.00167
6	0.00477	0.00469	0.02899	0.04287	0.78553	0.00458	0.02337	0.00998	0.01438	0.00647	0.00425	0.02477	0.01742	0.00195	0.00199	0.00060	0.00233	0.00191	0.01611	0.00304
7	0.00265	0.00208	0.00241	0.00249	0.00297	0.00191	0.00182	0.00348	0.05194	0.00600	0.20665	0.25155	0.39323	0.02636	0.00258	0.00074	0.00111	0.03635	0.00192	0.00178
8	0.00513	0.13875	0.09564	0.04637	0.46512	0.07328	0.05511	0.03202	0.02275	0.02207	0.02305	0.00484	0.00337	0.00190	0.00189	0.00058	0.00249	0.00169	0.00105	0.00291
9	0.11559	0.49716	0.05973	0.00424	0.04673	0.19783	0.00370	0.02705	0.00449	0.02330	0.00307	0.00353	0.00260	0.00184	0.00148	0.00049	0.00242	0.00120	0.00100	0.00254
10	0.00260	0.00190	0.00245	0.00273	0.00288	0.00186	0.00184	0.00295	0.00383	0.00513	0.07510	0.64108	0.06110	0.14050	0.00378	0.00096	0.03656	0.00938	0.00174	0.00160
11	0.03364	0.03489	0.08428	0.00798	0.02567	0.03465	0.00367	0.20282	0.46956	0.02266	0.00665	0.00644	0.03030	0.00251	0.00195	0.00063	0.00192	0.00507	0.00178	0.02294
12	0.00406	0.03227	0.04719	0.00331	0.00425	0.03292	0.00268	0.10704	0.02541	0.03959	0.04378	0.27153	0.03879	0.03376	0.08605	0.00089	0.00197	0.03904	0.01404	0.17143
13	0.03119	0.06300	0.14656	0.03929	0.02126	0.06265	0.03038	0.08476	0.01086	0.15981	0.00439	0.00473	0.00325	0.00193	0.00178	0.00050	0.01065	0.00151	0.02365	0.29787
14	0.00416	0.04139	0.81339	0.00561	0.00837	0.00477	0.03227	0.00641	0.02347	0.01884	0.00370	0.00431	0.00265	0.00194	0.00198	0.00063	0.02078	0.00151	0.00090	0.00292
15	0.00300	0.00258	0.01358	0.03341	0.04383	0.00246	0.11826	0.00365	0.00404	0.00547	0.03428	0.57184	0.06549	0.02650	0.00270	0.00078	0.02620	0.00863	0.03140	0.00188
16	0.00247	0.00205	0.00225	0.02946	0.00309	0.00181	0.00172	0.00307	0.01332	0.00559	0.09555	0.12681	0.69586	0.00500	0.00236	0.00069	0.00108	0.00424	0.00185	0.00172
17	0.83362	0.00392	0.00320	0.00279	0.00406	0.00446	0.00230	0.05432	0.00386	0.06802	0.00321	0.00355	0.00240	0.00192	0.00132	0.00062	0.00159	0.00118	0.00135	0.00230
18	0.00246	0.00204	0.00215	0.00214	0.00277	0.00175	0.00160	0.00308	0.01543	0.00578	0.14631	0.04968	0.74808	0.00493	0.00236	0.00067	0.00101	0.00415	0.00190	0.00173
19	0.00273	0.00212	0.00249	0.00264	0.00317	0.00194	0.00210	0.00340	0.01224	0.00565	0.07422	0.04633	0.46116	0.07223	0.00305	0.00085	0.00135	0.29877	0.00182	0.00172
20	0.00539	0.90596	0.01032	0.00346	0.00515	0.03285	0.00342	0.00602	0.00409	0.00470	0.00278	0.00321	0.00256	0.00172	0.00129	0.00043	0.00217	0.00107	0.00086	0.00255
21	0.04446	0.05742	0.10927	0.00429	0.00573	0.07283	0.02019	0.10831	0.32445	0.16183	0.02752	0.00598	0.00467	0.00245	0.00212	0.00063	0.04125	0.00190	0.00173	0.00298
22	0.00453	0.00337	0.00365	0.00336	0.00421	0.00372	0.00262	0.11215	0.40061	0.00811	0.02868	0.09686	0.00687	0.00314	0.00197	0.00064	0.00144	0.06496	0.24655	0.00258
23	0.00281	0.00205	0.00265	0.00275	0.00296	0.00203	0.02327	0.00326	0.02834	0.00474	0.00881	0.34970	0.05573	0.36888	0.09385	0.00147	0.00195	0.04170	0.00151	0.00155
24	0.00665	0.00334	0.00412	0.05813	0.00497	0.00332	0.00279	0.16969	0.02731	0.40094	0.00679	0.03602	0.00486	0.00251	0.00185	0.00058	0.00161	0.00204	0.25963	0.00284
25	0.00388	0.00221	0.00219	0.03379	0.00290	0.02961	0.00165	0.01394	0.01503	0.00734	0.00630	0.00722	0.00494	0.00231	0.00144	0.00048	0.00109	0.00184	0.85992	0.00191
26	0.00252	0.00182	0.00237	0.00274	0.00292	0.00172	0.00188	0.00290	0.00382	0.00505	0.01104	0.70054	0.07754	0.07970	0.03825	0.00099	0.00141	0.05941	0.00177	0.00161
27	0.00335	0.00216	0.00265	0.00247	0.00310	0.00192	0.00187	0.00412	0.00523	0.10341	0.50557	0.05191	0.27067	0.00422	0.00230	0.00064	0.00105	0.00364	0.02775	0.00197
28	0.00571	0.00465	0.00493	0.00421	0.00547	0.00531	0.00334	0.26788	0.65538	0.00955	0.00716	0.00668	0.00532	0.00262	0.00202	0.00065	0.00175	0.00212	0.00202	0.00322
29	0.00346	0.00173	0.00260	0.00260	0.00260	0.00173	0.00173	0.00260	0.00260	0.00346	0.00346	0.00606	0.00346	0.00693	0.00779	0.94199	0.00173	0.00173	0.00087	0.00087
30	0.00246	0.00177	0.00233	0.00278	0.00293	0.00165	0.00189	0.00283	0.00388	0.00514	0.01139	0.85177	0.05456	0.00616	0.00254	0.00081	0.00118	0.04045	0.00185	0.00163
31	0.00424	0.09453	0.78064	0.00571	0.04295	0.02580	0.00688	0.00631	0.00424	0.00614	0.00350	0.00413	0.00255	0.00188	0.00184	0.00061	0.00286	0.00144	0.00085	0.00290
32	0.94401	0.00386	0.00293	0.00262	0.00386	0.00447	0.00216	0.00586	0.00339	0.00895	0.00278	0.00324	0.00216	0.00185	0.00123	0.00062	0.00154	0.00108	0.00123	0.00216
33	0.00454	0.00456	0.00632	0.00534	0.00549	0.02717	0.04088	0.03210	0.00337	0.00510	0.00275	0.00440	0.00266	0.00335	0.00613	0.00085	0.84009	0.00176	0.00092	0.00224
34	0.00717	0.00529	0.00569	0.00443	0.00593	0.00587	0.00364	0.80569	0.05860	0.01193	0.00504	0.00511	0.00364	0.00281	0.03141	0.00068	0.00222	0.00183	0.02973	0.00328
35	0.00263	0.00183	0.00242	0.00280	0.00300	0.00168	0.00189	0.00300	0.00387	0.02441	0.01067	0.87743	0.01266	0.00600	0.00250	0.00079	0.00118	0.00544	0.00184	0.03397
36	0.02097	0.00332	0.00448	0.00347	0.00494	0.00289	0.00286	0.00930	0.00567	0.85058	0.06388	0.00724	0.00576	0.00256	0.00202	0.00062	0.00165	0.00209	0.00243	0.00328
37	0.00472	0.03498	0.01163	0.00819	0.01016	0.00515	0.86617	0.00635	0.00466	0.00631	0.00397	0.00529	0.00300	0.00171	0.00239	0.00067	0.01868	0.00230	0.00100	0.00268
38	0.00496	0.00428	0.00451	0.00406	0.00518	0.00496	0.00316	0.01059	0.91389	0.00834	0.00811	0.00744	0.00609	0.00270	0.00203	0.00068	0.00158	0.00225	0.00203	0.00316
39	0.00278	0.00202	0.00261	0.00249	0.00296	0.00186	0.00186	0.00366	0.00549	0.00771	0.82307	0.05922	0.06832	0.00423	0.00236	0.00064	0.00095	0.00374	0.00216	0.00186
40	0.00287	0.00192	0.00218	0.00221	0.00221	0.00192	0.00124	0.00289	0.00295	0.00393	0.00653	0.06164	0.00756	0.88090	0.00974	0.00187	0.00189	0.00305	0.00124	0.00123
41	0.00492	0.00402	0.00428	0.00384	0.00494	0.00454	0.00299	0.00982	0.78039	0.05596	0.00924	0.00851	0.09187	0.00291	0.00206	0.00067	0.00153	0.00243	0.00204	0.00303
42	0.00568	0.00581	0.00385	0.00357	0.00434	0.47052	0.00268	0.02025	0.00501	0.00621	0.00473	0.00544	0.00379	0.00219	0.00161	0.00049	0.00231	0.00156	0.44785	0.00211
43	0.00244	0.00175	0.00232	0.00275	0.00289	0.00163	0.00185	0.00281	0.00389	0.00519	0.04153	0.88046	0.03079	0.00615	0.00253	0.00080	0.00115	0.00557	0.00186	0.00163
44	0.00285	0.00213	0.00315	0.00315	0.00349	0.00247	0.00243	0.00353	0.00319	0.00459	0.00539	0.00808	0.00509	0.05877	0.87836	0.00314	0.00518	0.00217	0.00107	0.00175
45	0.00293	0.00203	0.00255	0.00276	0.00311	0.00193	0.00198	0.00371	0.05088	0.03562	0.13702	0.52217	0.10909	0.01624	0.00251	0.00076	0.00119	0.05888	0.04283	0.00182
46	0.00436	0.00432	0.00615	0.00523	0.00534	0.00590	0.03492	0.02303	0.00327	0.00502	0.00303	0.03969	0.00305	0.00351	0.00616	0.00086	0.84111	0.00192	0.00094	0.00220
47	0.00612	0.20769	0.04418	0.06912	0.11178	0.39656	0.04591	0.06400	0.00513	0.00565	0.00328	0.00398	0.00271	0.00197	0.00187	0.00054	0.02447	0.00143	0.00102	0.00256
48	0.00421	0.00361	0.00417	0.00306	0.00477	0.00288	0.00244	0.00556	0.09168	0.00667	0.00398	0.00445	0.00325	0.00159	0.00153	0.00033	0.00149	0.00128	0.00126	0.85176
49	0.02288	0.33451	0.03022	0.00375	0.00486	0.03264	0.04486	0.05377	0.05837	0.05289	0.00483	0.07466	0.00453	0.09799	0.11871	0.00104	0.05391	0.00200	0.00123	0.00236
50	0.00354	0.00331	0.09120	0.00378	0.03638	0.00269	0.06216	0.04976	0.00447	0.05202	0.08813	0.31153	0.11394	0.09885	0.02437	0.00090	0.01145	0.03783	0.00164	0.00206
51	0.00259	0.00214	0.00226	0.00220	0.00286	0.00187	0.00166	0.02236	0.02286	0.00598	0.15432	0.03462	0.72767	0.00482	0.00234	0.00067	0.00104	0.00405	0.00191	0.00178
52	0.02801	0.08212	0.55033	0.01322	0.02772	0.01750	0.09472	0.02437	0.06468	0.00646	0.00429	0.01315	0.02061	0.00206	0.00198	0.00062	0.02128	0.00169	0.02239	0.00281
53	0.00537	0.77888	0.09089	0.00375	0.00551	0.07742	0.00380	0.00615	0.00419	0.00485	0.00287	0.00332	0.00256	0.00175	0.00137	0.00045	0.00232	0.00112	0.00087	0.00257
54	0.00398	0.00353	0.00524	0.31523	0.17055	0.00362	0.00407	0.02491	0.00434	0.00611	0.09119	0.05807	0.00511	0.03012	0.00226	0.00060	0.02157	0.00205	0.00119	0.24626
55	0.01641	0.00312	0.00352	0.00306	0.00399	0.04437	0.00239	0.01700	0.11330	0.23469	0.10435	0.00871	0.07258	0.03968	0.11527	0.00095	0.00196	0.00229	0.14851	0.06383
56	0.00268	0.00195	0.00257	0.00296	0.00324	0.00186	0.00221	0.00328	0.01512	0.00549	0.04071	0.56185	0.09053	0.00583	0.00257	0.00082	0.00133	0.25142	0.00186	0.00171
57	0.00462	0.00446	0.00724	0.27355	0.59775	0.03391	0.00578	0.00582	0.00442	0.00604	0.00390	0.00560	0.00328	0.00198	0.00200	0.00062	0.00247	0.03276	0.00099	0.00282
58	0.02658	0.00365	0.00448	0.00355	0.00495	0.03075	0.00289	0.06172	0.07080	0.67486	0.03671	0.00710	0.02527	0.00256	0.00198	0.00061	0.00171	0.00207	0.03456	0.00318
59	0.00299	0.00206	0.00236	0.00233	0.00245	0.00208	0.00142	0.02069	0.01785	0.00439	0.04284	0.03545	0.03672	0.75439	0.06246	0.00184	0.00204	0.00296	0.00130	0.00137
60	0.00648	0.00369	0.00419	0.00341	0.00459	0.00379	0.00276	0.31042	0.06068	0.25942	0.00679	0.00692	0.02593	0.00253	0.00185	0.00058	0.00162	0.01844	0.27305	0.00287
61	0.00271	0.00224	0.00244	0.00260	0.00303	0.03342	0.00185	0.00337	0.03807	0.00554	0.08610	0.41786	0.36493	0.00550	0.02013	0.00077	0.00126	0.00459	0.00184	0.00175
62	0.33283	0.00344	0.00367	0.00314	0.00425	0.00362	0.02156	0.04676	0.09633	0.22231	0.07054	0.05216	0.03029	0.01361	0.00190	0.00064	0.01126	0.00206	0.07710	0.00252
63	0.00340	0.00254	0.00290	0.00280	0.00348	0.00245	0.00219	0.06435	0.08107	0.03852	0.13633	0.03081	0.39000	0.06667	0.00289	0.00079	0.00136	0.16355	0.00190	0.00200
64	0.00255	0.00186	0.00251	0.00285	0.00301	0.00183	0.00197	0.00297	0.00385	0.00522	0.07150	0.74122	0.01242	0.01662	0.09819	0.00106	0.02190	0.00505	0.00176	0.00166
65	0.00491	0.00476	0.00792	0.06699	0.84479	0.02320	0.00604	0.00609	0.00453	0.00640	0.00372	0.00493	0.00312	0.00180	0.00197	0.00059	0.00241	0.00177	0.00098	0.00308
66	0.00265	0.00203	0.00243	0.00262	0.00307	0.00186	0.00197	0.00335	0.02344	0.00580	0.12232	0.29200	0.35383	0.00527	0.00245	0.00075	0.00119	0.15227	0.01895	0.00175
67	0.00327	0.00208	0.00243	0.00235	0.00287	0.00197	0.00176	0.00427	0.03614	0.03462	0.40614	0.06934	0.13000	0.00370	0.00205	0.00060	0.00100	0.00318	0.29030	0.00192
68	0.03745	0.63110	0.16028	0.00384	0.00562	0.02355	0.00399	0.03497	0.00423	0.02462	0.00318	0.00382	0.00276	0.02927	0.00181	0.00053	0.02417	0.00125	0.00095	0.00260
69	0.00271	0.01501	0.00263	0.00255	0.00306	0.01152	0.00193	0.00330	0.01283	0.00559	0.11886	0.16274	0.50297	0.02215	0.03785	0.00082	0.04999	0.03997	0.00178	0.00176
70	0.00417	0.00246	0.00291	0.00266	0.00351	0.00219	0.00208	0.01062	0.03965	0.22446	0.10333	0.05185	0.47800	0.00431	0.00229	0.00068	0.00125	0.05935	0.00204	0.00219
71	0.02488	0.00416	0.02935	0.55229	0.26398	0.02381	0.00544	0.02604	0.00431	0.00582	0.00399	0.00540	0.02099	0.00200	0.00196	0.00063	0.00251	0.00179	0.01814	0.00251
72	0.00488	0.27327	0.42041	0.02004	0.03830	0.13349	0.00541	0.00628	0.00432	0.00554	0.00353	0.00416	0.01918	0.00200	0.00196	0.00057	0.05170	0.00141	0.00090	0.00268

[dist]
# distance from previous block
# <min> <max>
3	7

[block]
# block no. 4 follows, 155 sequences, length 7
# corresponding to MSA columns:
# 1541,1544,1553,1571,1573,1574,1576
name=unknown_E
#
# <colnr> <probs for GDERKNQSTAVLIFYWHMCP>
#	G	D	E	R	K	N	Q	S	T	A	V	L	I	F	Y	W	H	M	C	P
0	0.04140	0.00446	0.02840	0.28737	0.41312	0.00469	0.03945	0.05754	0.07197	0.00664	0.00418	0.00553	0.00335	0.00203	0.00198	0.00063	0.00240	0.02093	0.00112	0.00280
1	0.13639	0.00347	0.00427	0.00337	0.00479	0.00324	0.00277	0.06396	0.00556	0.65756	0.04361	0.00711	0.04982	0.00257	0.00193	0.00062	0.00164	0.00204	0.00223	0.00308
2	0.30092	0.00405	0.00443	0.02642	0.03474	0.04988	0.03251	0.10164	0.02812	0.29692	0.00585	0.07798	0.02327	0.00254	0.00181	0.00063	0.00184	0.00200	0.00175	0.00271
3	0.00345	0.00230	0.00291	0.00268	0.00327	0.00219	0.00203	0.00474	0.07539	0.07222	0.74689	0.01346	0.01632	0.00379	0.00226	0.00062	0.00104	0.00332	0.03902	0.00208
4	0.00288	0.00200	0.00250	0.00248	0.00262	0.00207	0.00161	0.00316	0.00327	0.00450	0.10093	0.01187	0.00786	0.59383	0.24810	0.00213	0.00272	0.00277	0.00127	0.00143
5	0.00442	0.00973	0.84211	0.00550	0.00833	0.00449	0.00699	0.00660	0.00434	0.08360	0.00394	0.00443	0.00273	0.00194	0.00190	0.00063	0.00284	0.00152	0.00098	0.00298
6	0.00400	0.01031	0.91960	0.00568	0.00863	0.00463	0.00737	0.00631	0.00421	0.00631	0.00358	0.00421	0.00253	0.00189	0.00189	0.00063	0.00295	0.00147	0.00084	0.00295

[dist]
# distance from previous block
# <min> <max>
0	11

[block]
# block no. 5 follows, 155 sequences, length 8
# corresponding to MSA columns:
# 1590-1596,1598
name=unknown_F
#
# <colnr> <probs for GDERKNQSTAVLIFYWHMCP>
#	G	D	E	R	K	N	Q	S	T	A	V	L	I	F	Y	W	H	M	C	P
0	0.00378	0.00879	0.75114	0.00510	0.00759	0.00413	0.00636	0.00585	0.00447	0.00662	0.17129	0.00617	0.00552	0.00230	0.00198	0.00063	0.00258	0.00187	0.00109	0.00275
1	0.00504	0.76071	0.00963	0.17275	0.00670	0.00725	0.00380	0.00581	0.00404	0.00476	0.00291	0.00359	0.00258	0.00176	0.00141	0.00047	0.00223	0.00120	0.00086	0.00250
2	0.00308	0.00229	0.00318	0.00284	0.00306	0.00227	0.09160	0.00328	0.00309	0.00415	0.00601	0.01203	0.00672	0.79264	0.05427	0.00187	0.00224	0.00281	0.00118	0.00138
3	0.00521	0.00535	0.01034	0.00750	0.00931	0.00532	0.68594	0.17245	0.00546	0.00742	0.00408	0.00520	0.00307	0.00193	0.00255	0.00067	0.06201	0.00221	0.00118	0.00279
4	0.04441	0.00482	0.00451	0.00367	0.00501	0.17230	0.00290	0.15729	0.07956	0.09102	0.09584	0.00634	0.04465	0.00236	0.00183	0.00051	0.00194	0.00183	0.00161	0.27760
5	0.00333	0.00239	0.00322	0.04343	0.02903	0.00230	0.00272	0.02016	0.00454	0.04596	0.07005	0.25129	0.11475	0.00491	0.00247	0.00077	0.00154	0.34777	0.00180	0.04755
6	0.02992	0.01288	0.01348	0.01261	0.01452	0.03636	0.06024	0.04122	0.36285	0.01977	0.06249	0.08316	0.03758	0.02693	0.00773	0.00299	0.00617	0.06053	0.09936	0.00921
7	0.01600	0.01164	0.01245	0.01193	0.01338	0.01019	0.00812	0.01343	0.01210	0.01758	0.01928	0.02589	0.10723	0.07458	0.53877	0.00451	0.03676	0.00655	0.05110	0.00854

[dist]
# distance from previous block
# <min> <max>
6	17

[block]
# block no. 6 follows, 155 sequences, length 11
# corresponding to MSA columns:
# 1622-1632
name=unknown_G
#
# <colnr> <probs for GDERKNQSTAVLIFYWHMCP>
#	G	D	E	R	K	N	Q	S	T	A	V	L	I	F	Y	W	H	M	C	P
0	0.00272	0.00206	0.00253	0.00252	0.00300	0.00191	0.00189	0.00355	0.02259	0.00668	0.46431	0.11369	0.25262	0.02507	0.03665	0.00080	0.00123	0.05240	0.00198	0.00181
1	0.00570	0.00465	0.00473	0.00402	0.00529	0.07243	0.00316	0.15374	0.50247	0.07978	0.00678	0.03582	0.00519	0.00257	0.00196	0.00061	0.00181	0.00208	0.00189	0.10532
2	0.00464	0.51260	0.16135	0.00434	0.03358	0.00608	0.07609	0.00566	0.00423	0.00539	0.04094	0.00545	0.07993	0.00215	0.00175	0.00052	0.02440	0.00164	0.00101	0.02824
3	0.02993	0.00361	0.02995	0.00405	0.00497	0.00357	0.10240	0.18534	0.03347	0.04246	0.10752	0.20665	0.01713	0.05368	0.00290	0.00077	0.04528	0.10335	0.00171	0.02124
4	0.00428	0.00408	0.00691	0.46046	0.29929	0.00454	0.08166	0.00586	0.07140	0.00585	0.00408	0.00561	0.00325	0.03175	0.00228	0.00068	0.00252	0.00189	0.00102	0.00259
5	0.00485	0.00275	0.00344	0.00305	0.00391	0.00264	0.00239	0.00643	0.14699	0.26110	0.37272	0.06095	0.05475	0.00358	0.00220	0.00065	0.00130	0.03453	0.02928	0.00247
6	0.03270	0.00331	0.00351	0.00325	0.00403	0.03728	0.00248	0.15516	0.16854	0.03229	0.09844	0.25099	0.10886	0.00395	0.00216	0.00067	0.00148	0.02147	0.06709	0.00233
7	0.47978	0.00425	0.00393	0.00329	0.00460	0.04675	0.00267	0.16746	0.02845	0.15636	0.00452	0.04774	0.00350	0.00227	0.00161	0.00061	0.00176	0.00162	0.00161	0.03723
8	0.00413	0.00305	0.00360	0.00369	0.00433	0.04529	0.00306	0.07712	0.07905	0.05633	0.00924	0.09381	0.00957	0.04822	0.00288	0.00088	0.00186	0.54992	0.00183	0.00213
9	0.00276	0.07580	0.00305	0.00285	0.00320	0.00221	0.00210	0.00324	0.00407	0.00531	0.04949	0.62475	0.09702	0.00559	0.00244	0.00077	0.00129	0.11052	0.00178	0.00174
10	0.00436	0.00412	0.00696	0.30154	0.55756	0.00439	0.00559	0.00553	0.00431	0.00595	0.00426	0.07856	0.00380	0.00220	0.00203	0.00063	0.00236	0.00208	0.00102	0.00274

[dist]
# distance from previous block
# <min> <max>
0	36

[block]
# block no. 7 follows, 155 sequences, length 9
# corresponding to MSA columns:
# 1696-1704
name=unknown_H
#
# <colnr> <probs for GDERKNQSTAVLIFYWHMCP>
#	G	D	E	R	K	N	Q	S	T	A	V	L	I	F	Y	W	H	M	C	P
0	0.00515	0.25038	0.41464	0.00459	0.00674	0.00522	0.02744	0.07709	0.00486	0.11392	0.06827	0.00507	0.00405	0.00210	0.00180	0.00057	0.00240	0.00163	0.00123	0.00285
1	0.00525	0.00350	0.00391	0.00331	0.00427	0.06768	0.01700	0.16430	0.00608	0.19356	0.33619	0.02723	0.09702	0.00335	0.00215	0.00062	0.00156	0.01775	0.04278	0.00247
2	0.00404	0.05960	0.76260	0.11380	0.00904	0.00478	0.00694	0.00615	0.00417	0.00608	0.00353	0.00428	0.00254	0.00190	0.00187	0.00062	0.00287	0.00149	0.00085	0.00284
3	0.00489	0.50478	0.33456	0.00463	0.00678	0.03983	0.06794	0.00619	0.00421	0.00539	0.00316	0.00373	0.00258	0.00178	0.00159	0.00052	0.00256	0.00131	0.00087	0.00270
4	0.00457	0.30391	0.36145	0.11277	0.00730	0.00552	0.00502	0.07638	0.00441	0.00590	0.00367	0.00490	0.00307	0.09033	0.00250	0.00069	0.00250	0.00154	0.00098	0.00260
5	0.00297	0.00221	0.00274	0.00288	0.00329	0.00217	0.00213	0.07398	0.00446	0.00587	0.05447	0.42557	0.18418	0.02917	0.10657	0.00107	0.00176	0.09092	0.00177	0.00181
6	0.04691	0.00464	0.00670	0.07012	0.00703	0.09577	0.26761	0.03970	0.08656	0.07788	0.11212	0.02978	0.00562	0.00277	0.01418	0.00070	0.10662	0.02136	0.00142	0.00251
7	0.00459	0.00410	0.00633	0.40866	0.28782	0.00463	0.00513	0.11231	0.06882	0.00660	0.00420	0.00546	0.00330	0.00293	0.06601	0.00081	0.00263	0.00184	0.00114	0.00268
8	0.00415	0.00422	0.08928	0.18696	0.26480	0.00393	0.02173	0.01769	0.04214	0.04041	0.02222	0.04270	0.12246	0.07512	0.00295	0.00076	0.05241	0.00237	0.00124	0.00248

[dist]
# distance from previous block
# <min> <max>
7	115

[block]
# block no. 8 follows, 155 sequences, length 26
# corresponding to MSA columns:
# 1829-1854
name=unknown_I
#
# <colnr> <probs for GDERKNQSTAVLIFYWHMCP>
#	G	D	E	R	K	N	Q	S	T	A	V	L	I	F	Y	W	H	M	C	P
0	0.00473	0.09245	0.29344	0.02972	0.07196	0.08221	0.22523	0.00648	0.05680	0.01943	0.02425	0.00509	0.00343	0.02299	0.00221	0.00063	0.01742	0.00179	0.00105	0.03868
1	0.02375	0.09129	0.06779	0.02175	0.09141	0.02053	0.26598	0.03852	0.02358	0.02365	0.02202	0.15205	0.03066	0.00330	0.03237	0.00074	0.00946	0.05353	0.00130	0.02631
2	0.00491	0.00286	0.00317	0.00287	0.00365	0.04438	0.00222	0.04002	0.04862	0.21568	0.07559	0.10015	0.09021	0.02176	0.03623	0.00073	0.00155	0.03061	0.27252	0.00230
3	0.01705	0.04047	0.07647	0.00424	0.03979	0.04628	0.08552	0.06906	0.07386	0.00666	0.15421	0.23943	0.02933	0.01148	0.04085	0.00080	0.00199	0.05864	0.00162	0.00226
4	0.10766	0.00352	0.00467	0.00361	0.00513	0.00321	0.03133	0.00922	0.02602	0.77331	0.00721	0.00638	0.00461	0.00238	0.00193	0.00062	0.00173	0.00192	0.00228	0.00324
5	0.00266	0.00189	0.00243	0.00262	0.00294	0.00173	0.00184	0.00323	0.00453	0.02166	0.30819	0.51125	0.11694	0.00534	0.00245	0.00073	0.00108	0.00477	0.00197	0.00174
6	0.01609	0.00254	0.00353	0.00349	0.03836	0.00276	0.03651	0.00374	0.00341	0.03480	0.01418	0.17545	0.02267	0.33889	0.12117	0.04094	0.12055	0.00300	0.01622	0.00170
7	0.03339	0.00467	0.00501	0.00408	0.00532	0.08397	0.02416	0.36755	0.05101	0.18153	0.02292	0.02456	0.07031	0.00334	0.04080	0.01300	0.03118	0.02098	0.00933	0.00287
8	0.00377	0.00354	0.00598	0.92514	0.01373	0.00443	0.00554	0.00509	0.00399	0.00509	0.00354	0.00532	0.00266	0.00199	0.00199	0.00066	0.00266	0.00177	0.00089	0.00221
9	0.00256	0.00198	0.00236	0.00248	0.00295	0.00177	0.00185	0.00317	0.00462	0.00596	0.21865	0.24095	0.40343	0.00517	0.00244	0.00072	0.00111	0.09417	0.00193	0.00173
10	0.00463	0.00443	0.00755	0.24862	0.68348	0.00466	0.00597	0.00585	0.00440	0.00615	0.00370	0.00503	0.00303	0.00183	0.00198	0.00061	0.00244	0.00178	0.00096	0.00291
11	0.00322	0.00201	0.00231	0.00227	0.00235	0.00198	0.00132	0.00327	0.00308	0.05469	0.00649	0.03615	0.00727	0.85478	0.00950	0.00183	0.00190	0.00292	0.00129	0.00134
12	0.00376	0.00293	0.00336	0.00323	0.00386	0.00322	0.00244	0.01670	0.35206	0.00668	0.06467	0.14351	0.07074	0.05591	0.08429	0.03700	0.02273	0.04022	0.08044	0.00225
13	0.00391	0.00370	0.00625	0.80930	0.12841	0.00447	0.00561	0.00522	0.00406	0.00527	0.00357	0.00527	0.00272	0.00197	0.00199	0.00066	0.00262	0.00177	0.00090	0.00233
14	0.00333	0.00233	0.00296	0.00303	0.00344	0.00232	0.00224	0.08143	0.00462	0.04422	0.10616	0.48374	0.07545	0.03219	0.03131	0.00087	0.02693	0.08965	0.00185	0.00191
15	0.00270	0.00186	0.00222	0.00240	0.00247	0.00180	0.00147	0.00285	0.00330	0.00438	0.00852	0.36706	0.03695	0.54510	0.00697	0.00146	0.00161	0.00401	0.00148	0.00138
16	0.00281	0.00212	0.00297	0.00303	0.00326	0.00231	0.01388	0.00328	0.00339	0.00469	0.00749	0.30326	0.02842	0.16936	0.39255	0.00201	0.04873	0.00343	0.00135	0.00166
17	0.00518	0.00425	0.00609	0.00486	0.00613	0.00445	0.22498	0.18560	0.27609	0.05120	0.00657	0.09071	0.00548	0.04159	0.00246	0.00071	0.00208	0.01820	0.06058	0.00277
18	0.03865	0.00308	0.00364	0.00327	0.00416	0.03163	0.00257	0.06433	0.06429	0.28216	0.15571	0.18563	0.03025	0.00377	0.00219	0.00068	0.00152	0.08880	0.03119	0.00248
19	0.00251	0.00180	0.00237	0.00277	0.00293	0.00169	0.00190	0.00291	0.00393	0.00523	0.05398	0.76692	0.03489	0.04884	0.00290	0.00086	0.00122	0.05891	0.00184	0.00163
20	0.01670	0.00268	0.00312	0.00298	0.00363	0.01648	0.01841	0.10441	0.04062	0.03816	0.07787	0.27716	0.26645	0.02562	0.03102	0.00081	0.00151	0.05054	0.01980	0.00202
21	0.00646	0.03168	0.00479	0.02437	0.01880	0.00391	0.00310	0.23077	0.04527	0.33092	0.09867	0.07127	0.02854	0.00298	0.00225	0.00063	0.04171	0.01827	0.01151	0.02408
22	0.00294	0.00224	0.00241	0.00253	0.00268	0.04043	0.00160	0.00320	0.01530	0.00448	0.00858	0.28785	0.07038	0.51419	0.01834	0.00144	0.00174	0.01677	0.00145	0.00145
23	0.15265	0.06668	0.06881	0.01851	0.06532	0.13196	0.01051	0.10062	0.21828	0.02367	0.01817	0.01828	0.00413	0.00302	0.03895	0.04143	0.00228	0.01270	0.00142	0.00263
24	0.00479	0.02567	0.04589	0.11067	0.64839	0.00474	0.02870	0.03428	0.00452	0.00638	0.00370	0.00492	0.00306	0.00199	0.00221	0.02472	0.02303	0.00175	0.00100	0.01962
25	0.00451	0.06472	0.15307	0.16958	0.35689	0.00471	0.04699	0.04682	0.02063	0.00626	0.00405	0.00548	0.00333	0.00292	0.06905	0.00080	0.00271	0.02464	0.00103	0.01179

[dist]
# distance from previous block
# <min> <max>
13	54

[block]
# block no. 9 follows, 155 sequences, length 8
# corresponding to MSA columns:
# 2167-2174
name=unknown_J
#
# <colnr> <probs for GDERKNQSTAVLIFYWHMCP>
#	G	D	E	R	K	N	Q	S	T	A	V	L	I	F	Y	W	H	M	C	P
0	0.00480	0.32738	0.49156	0.00474	0.00707	0.00590	0.00553	0.08244	0.04189	0.00636	0.00359	0.00404	0.00276	0.00190	0.00170	0.00056	0.00255	0.00139	0.00099	0.00286
1	0.00349	0.00265	0.02353	0.00336	0.00390	0.00251	0.05630	0.04670	0.03976	0.05691	0.02818	0.50729	0.06000	0.03044	0.00271	0.00078	0.02973	0.04772	0.05203	0.00199
2	0.03994	0.00191	0.00238	0.00267	0.00296	0.00180	0.00187	0.00309	0.00417	0.00571	0.13748	0.62479	0.12190	0.00560	0.00245	0.00076	0.00115	0.03579	0.00187	0.00169
3	0.02249	0.05961	0.01690	0.04343	0.07845	0.06437	0.06016	0.19453	0.06384	0.06566	0.04330	0.01677	0.01996	0.00219	0.00189	0.00053	0.01028	0.00180	0.01943	0.21438
4	0.03337	0.00373	0.05004	0.00371	0.02395	0.00340	0.03429	0.10389	0.09299	0.21210	0.14693	0.03451	0.10482	0.01238	0.00224	0.00063	0.02687	0.00248	0.04239	0.06528
5	0.00274	0.00203	0.00246	0.00263	0.00310	0.00186	0.00205	0.00332	0.00445	0.00573	0.10448	0.14464	0.38542	0.00523	0.00273	0.04905	0.00127	0.23782	0.03728	0.00170
6	0.03337	0.02145	0.03100	0.06861	0.26240	0.01489	0.10658	0.06967	0.01781	0.02475	0.00479	0.10094	0.02244	0.00270	0.00289	0.00067	0.17564	0.00223	0.00119	0.03596
7	0.00594	0.09838	0.07047	0.06382	0.20377	0.10637	0.07945	0.18321	0.02480	0.09656	0.02271	0.00505	0.00356	0.00210	0.00197	0.00059	0.01342	0.00175	0.01318	0.00291

[dist]
# distance from previous block
# <min> <max>
6	52

[block]
# block no. 10 follows, 155 sequences, length 26
# corresponding to MSA columns:
# 2277,2279-2283,2285-2288,2297-2301,2303,2304,2341-2349
name=unknown_K
#
# <colnr> <probs for GDERKNQSTAVLIFYWHMCP>
#	G	D	E	R	K	N	Q	S	T	A	V	L	I	F	Y	W	H	M	C	P
0	0.00420	0.12125	0.15408	0.03208	0.04960	0.04162	0.00998	0.00517	0.02218	0.00514	0.00396	0.02018	0.01317	0.05282	0.15099	0.00116	0.30729	0.00183	0.00098	0.00230
1	0.11592	0.00420	0.07161	0.01865	0.00506	0.01985	0.00288	0.05439	0.01963	0.00698	0.00428	0.02901	0.01986	0.00932	0.00172	0.00045	0.01014	0.02500	0.00126	0.57982
2	0.02093	0.00364	0.07224	0.00330	0.00417	0.05207	0.02619	0.01485	0.19604	0.00613	0.03302	0.19232	0.27021	0.06264	0.01932	0.00081	0.00167	0.00341	0.00168	0.01538
3	0.00348	0.00269	0.00380	0.00373	0.01716	0.00260	0.07173	0.02370	0.05670	0.03321	0.05493	0.13383	0.15952	0.00468	0.00248	0.00078	0.00167	0.39139	0.00180	0.03014
4	0.00342	0.00247	0.00324	0.00329	0.00394	0.00230	0.00269	0.00417	0.00436	0.04232	0.03059	0.20196	0.04655	0.01589	0.00263	0.00077	0.02570	0.44219	0.00173	0.15977
5	0.90644	0.00378	0.00289	0.00259	0.00379	0.00437	0.00213	0.00581	0.00342	0.00889	0.00293	0.00341	0.00228	0.00187	0.00124	0.00061	0.00152	0.00111	0.03878	0.00215
6	0.00290	0.00193	0.00217	0.00217	0.00217	0.00193	0.00121	0.00290	0.00290	0.00387	0.00628	0.01305	0.00725	0.92993	0.01015	0.00193	0.00193	0.00290	0.00121	0.00121
7	0.00441	0.22520	0.61877	0.00509	0.00750	0.00554	0.00614	0.02454	0.00419	0.00595	0.00334	0.00400	0.00256	0.00198	0.00211	0.00060	0.07301	0.00141	0.00087	0.00281
8	0.00432	0.00352	0.00417	0.02311	0.00491	0.00275	0.00247	0.02515	0.00429	0.04018	0.00398	0.03521	0.00337	0.00170	0.00155	0.00034	0.00152	0.00139	0.00126	0.83480
9	0.00286	0.00212	0.00280	0.00307	0.00335	0.00208	0.01843	0.03961	0.05145	0.00563	0.01044	0.77173	0.01214	0.00578	0.00251	0.00080	0.00130	0.06025	0.00185	0.00180
10	0.00395	0.00231	0.00290	0.00260	0.00334	0.00204	0.00200	0.00475	0.00538	0.19299	0.50317	0.01433	0.24448	0.00400	0.00228	0.00064	0.00111	0.00343	0.00216	0.00214
11	0.00693	0.00874	0.00528	0.00482	0.00581	0.82853	0.00362	0.00744	0.00554	0.00493	0.00482	0.00518	0.09535	0.00236	0.00185	0.00053	0.00333	0.00158	0.00111	0.00225
12	0.00471	0.00538	0.01176	0.00840	0.01042	0.00504	0.91025	0.00639	0.00471	0.00639	0.00403	0.00538	0.00303	0.00168	0.00235	0.00067	0.00336	0.00235	0.00101	0.00269
13	0.09927	0.00367	0.00574	0.73769	0.03566	0.00457	0.00512	0.00518	0.00387	0.00550	0.00340	0.00502	0.00262	0.00209	0.00226	0.00067	0.07282	0.00170	0.00092	0.00223
14	0.00244	0.00174	0.00231	0.00276	0.00287	0.00163	0.00183	0.00278	0.00379	0.00506	0.01087	0.90558	0.01304	0.02950	0.00274	0.00084	0.00118	0.00560	0.00183	0.00161
15	0.00243	0.00174	0.00231	0.00278	0.00289	0.00162	0.00185	0.00278	0.00382	0.00509	0.01099	0.92863	0.01319	0.00625	0.00254	0.00081	0.00116	0.00567	0.00185	0.00162
16	0.00439	0.00364	0.00424	0.00310	0.00483	0.00279	0.00245	0.01915	0.00434	0.02364	0.00400	0.02846	0.00341	0.00174	0.00159	0.00035	0.00154	0.00138	0.00129	0.88367
17	0.00422	0.00362	0.00439	0.09661	0.00569	0.00297	0.00274	0.03841	0.00431	0.00658	0.00359	0.00428	0.00294	0.00156	0.00155	0.00034	0.00162	0.00126	0.00118	0.81212
18	0.00542	0.00451	0.00477	0.00415	0.00536	0.00517	0.00327	0.16770	0.75604	0.00908	0.00753	0.00698	0.00562	0.00265	0.00202	0.00066	0.00169	0.00217	0.00202	0.00320
19	0.00289	0.00197	0.00236	0.00236	0.00242	0.00203	0.00144	0.00302	0.00295	0.00400	0.00611	0.01212	0.00685	0.76744	0.17209	0.00216	0.00254	0.00276	0.00118	0.00131
20	0.00401	0.00342	0.00418	0.07320	0.00535	0.00276	0.00269	0.00494	0.00417	0.00634	0.00426	0.00609	0.00380	0.00193	0.00165	0.00039	0.00160	0.09287	0.00123	0.77516
21	0.09921	0.00409	0.07520	0.76154	0.01234	0.00445	0.00533	0.00526	0.00394	0.00558	0.00347	0.00502	0.00260	0.00197	0.00191	0.00066	0.00257	0.00168	0.00092	0.00226
22	0.00368	0.00248	0.00370	0.00344	0.00400	0.00271	0.03571	0.03461	0.00373	0.09775	0.00572	0.03491	0.00515	0.03372	0.71592	0.00266	0.00459	0.00224	0.00127	0.00201
23	0.07746	0.00383	0.00428	0.00367	0.00489	0.00409	0.00291	0.02281	0.49076	0.27901	0.05055	0.00759	0.03387	0.00270	0.00199	0.00065	0.00157	0.00221	0.00210	0.00305
24	0.00443	0.00448	0.04392	0.03067	0.61511	0.00423	0.06671	0.00571	0.02825	0.00639	0.03446	0.05005	0.08217	0.00241	0.00208	0.00062	0.00222	0.01209	0.00117	0.00284
25	0.00256	0.00203	0.00225	0.00232	0.00285	0.00179	0.00174	0.00308	0.00443	0.00549	0.08890	0.07583	0.58714	0.09897	0.00321	0.00084	0.00121	0.11190	0.00181	0.00167

[dist]
# distance from previous block
# <min> <max>
0	1

[block]
# block no. 11 follows, 155 sequences, length 12
# corresponding to MSA columns:
# 2351-2355,2364,2366,2388-2392
name=unknown_L
#
# <colnr> <probs for GDERKNQSTAVLIFYWHMCP>
#	G	D	E	R	K	N	Q	S	T	A	V	L	I	F	Y	W	H	M	C	P
0	0.04820	0.09350	0.00632	0.02266	0.18156	0.06750	0.00396	0.35005	0.09414	0.00878	0.00436	0.00471	0.00336	0.00209	0.00182	0.00055	0.00216	0.00164	0.00149	0.10116
1	0.00406	0.00379	0.00595	0.68329	0.06589	0.03179	0.03809	0.03084	0.02394	0.00562	0.02717	0.00581	0.00342	0.02847	0.00222	0.00068	0.00254	0.00187	0.03227	0.00230
2	0.02310	0.13243	0.40284	0.04340	0.08394	0.01501	0.02837	0.03374	0.03753	0.07344	0.04477	0.03341	0.01651	0.00221	0.00187	0.00060	0.00240	0.00180	0.00118	0.02146
3	0.00492	0.14129	0.50634	0.00541	0.05932	0.00487	0.04806	0.04376	0.00464	0.10347	0.03209	0.00478	0.00339	0.00199	0.00185	0.00059	0.00255	0.00160	0.00113	0.02795
4	0.00654	0.00338	0.00422	0.00359	0.00476	0.00328	0.00295	0.11579	0.10173	0.43544	0.00889	0.01082	0.07280	0.03712	0.00248	0.00073	0.00173	0.17874	0.00215	0.00286
5	0.00301	0.00225	0.00281	0.00278	0.00324	0.00222	0.00209	0.04491	0.00468	0.01622	0.27030	0.18236	0.20630	0.04942	0.11144	0.00106	0.02802	0.06323	0.00181	0.00184
6	0.06039	0.13682	0.20083	0.00491	0.06156	0.12739	0.05411	0.05986	0.03967	0.05410	0.04414	0.02658	0.03365	0.00275	0.02846	0.01338	0.03202	0.00182	0.01497	0.00260
7	0.00317	0.00252	0.00332	0.03157	0.00386	0.04101	0.00255	0.00383	0.00338	0.00475	0.00540	0.00835	0.00514	0.09620	0.67923	0.00264	0.03007	0.02718	0.04406	0.00178
8	0.00271	0.00194	0.00240	0.00256	0.00277	0.00189	0.00175	0.00306	0.00368	0.00487	0.05489	0.28189	0.12790	0.33716	0.08554	0.00140	0.00183	0.07867	0.00157	0.00153
9	0.06543	0.06405	0.30431	0.02962	0.07306	0.05089	0.09522	0.12416	0.05135	0.05468	0.00472	0.00539	0.03065	0.00218	0.00201	0.00062	0.02060	0.01699	0.00125	0.00283
