[name]
unknown

[dist]
# distance from previous block
# <min> <max>
1	249

[block]
# block no. 0 follows, 233 sequences, length 14
# corresponding to MSA columns:
# 1163,1164,1166-1168,1170-1173,1175-1179
name=unknown_A
#
# <colnr> <probs for GDERKNQSTAVLIFYWHMCP>
#	G	D	E	R	K	N	Q	S	T	A	V	L	I	F	Y	W	H	M	C	P
0	0.01692	0.38721	0.07799	0.02693	0.06245	0.24235	0.02233	0.05575	0.00335	0.01076	0.01775	0.01032	0.01492	0.00141	0.00117	0.00036	0.00952	0.01221	0.00073	0.02560
1	0.01655	0.10859	0.02940	0.04803	0.07208	0.10106	0.03414	0.18786	0.19895	0.04120	0.02252	0.04806	0.01168	0.01070	0.01233	0.00045	0.00945	0.02624	0.00107	0.01963
2	0.08437	0.04618	0.17910	0.04509	0.04216	0.03790	0.02215	0.19676	0.13465	0.09755	0.03322	0.01544	0.00824	0.00966	0.00148	0.00044	0.03639	0.00619	0.00106	0.00198
3	0.11945	0.19526	0.08796	0.08793	0.03779	0.02982	0.06235	0.04609	0.01901	0.11946	0.00291	0.02903	0.00232	0.01232	0.00132	0.00039	0.02152	0.00112	0.00087	0.12308
4	0.00200	0.00149	0.00211	0.01970	0.00242	0.00168	0.00159	0.00246	0.01836	0.00318	0.00415	0.02991	0.02516	0.17508	0.70211	0.00192	0.00306	0.00166	0.00079	0.00118
5	0.00340	0.32074	0.28437	0.01822	0.01339	0.09043	0.02611	0.01462	0.02151	0.04921	0.01000	0.03118	0.01033	0.02572	0.03912	0.00809	0.00834	0.02269	0.00074	0.00178
6	0.02930	0.11739	0.25442	0.08345	0.03236	0.03225	0.09600	0.06082	0.02417	0.01987	0.01471	0.16994	0.01594	0.02424	0.00152	0.00047	0.00161	0.01895	0.00086	0.00172
7	0.00173	0.00127	0.00160	0.00183	0.00199	0.00117	0.00125	0.00201	0.00278	0.00364	0.06312	0.65460	0.15713	0.06086	0.00205	0.00059	0.00083	0.03918	0.00127	0.00113
8	0.00253	0.00226	0.00342	0.06730	0.32270	0.00976	0.02220	0.00324	0.02524	0.00440	0.20025	0.10457	0.16808	0.00241	0.00160	0.00046	0.02269	0.03424	0.00105	0.00161
9	0.04158	0.08633	0.15647	0.07753	0.03638	0.05512	0.06107	0.11240	0.02993	0.13569	0.01110	0.01806	0.01276	0.00184	0.01954	0.00048	0.12851	0.01242	0.00093	0.00188
10	0.00961	0.01834	0.11131	0.03086	0.02358	0.01001	0.32544	0.02550	0.01965	0.02192	0.06926	0.11870	0.14427	0.00999	0.01159	0.00050	0.02841	0.01846	0.00095	0.00163
11	0.00194	0.00132	0.00161	0.00171	0.00181	0.00128	0.00110	0.00211	0.00242	0.02178	0.03910	0.35958	0.05709	0.45064	0.04949	0.00099	0.00119	0.00275	0.00106	0.00102
12	0.01734	0.04075	0.04961	0.08501	0.05061	0.06161	0.03746	0.26576	0.15453	0.11115	0.03017	0.06407	0.01656	0.00738	0.00142	0.00044	0.00147	0.00149	0.00117	0.00200
13	0.05104	0.17793	0.02975	0.03952	0.04354	0.03918	0.05230	0.11940	0.07616	0.11778	0.04395	0.01560	0.03432	0.00924	0.01811	0.00044	0.02454	0.02289	0.00102	0.08330

[dist]
# distance from previous block
# <min> <max>
0	40

[block]
# block no. 1 follows, 233 sequences, length 18
# corresponding to MSA columns:
# 1220-1232,1259-1263
name=unknown_B
#
# <colnr> <probs for GDERKNQSTAVLIFYWHMCP>
#	G	D	E	R	K	N	Q	S	T	A	V	L	I	F	Y	W	H	M	C	P
0	0.01560	0.21171	0.01779	0.04692	0.01758	0.01713	0.01676	0.12258	0.10963	0.07772	0.01209	0.04458	0.04405	0.00192	0.03383	0.00042	0.00137	0.00129	0.01225	0.19479
1	0.03763	0.07364	0.08361	0.04502	0.06213	0.02292	0.05766	0.10100	0.13791	0.18965	0.02677	0.02610	0.02331	0.00844	0.01254	0.00045	0.02256	0.00809	0.00111	0.05946
2	0.00333	0.06282	0.13185	0.03969	0.06243	0.03416	0.27338	0.06013	0.08516	0.06027	0.02004	0.10869	0.00979	0.01448	0.00153	0.00046	0.00170	0.01248	0.00093	0.01668
3	0.00185	0.01551	0.00196	0.00210	0.02689	0.00136	0.02557	0.00218	0.00284	0.00372	0.06382	0.55518	0.19152	0.04827	0.00195	0.00056	0.00089	0.05140	0.00123	0.00119
4	0.03290	0.00237	0.02417	0.20581	0.13174	0.00243	0.04447	0.04692	0.03520	0.02994	0.05341	0.12351	0.16421	0.01387	0.00729	0.00049	0.02805	0.04281	0.00883	0.00158
5	0.00923	0.00359	0.00392	0.07599	0.12013	0.23242	0.08089	0.09407	0.04922	0.06308	0.03300	0.09856	0.02255	0.01567	0.00776	0.00046	0.01895	0.03385	0.00872	0.02795
6	0.00235	0.00150	0.00216	0.00212	0.00226	0.00166	0.00156	0.00242	0.02209	0.02890	0.02292	0.07164	0.00362	0.02885	0.31456	0.40379	0.06824	0.01755	0.00078	0.00102
7	0.00182	0.00138	0.00169	0.00186	0.00211	0.00130	0.00133	0.00235	0.05501	0.00393	0.10765	0.53797	0.22335	0.00381	0.00170	0.00052	0.00080	0.04888	0.00131	0.00122
8	0.00730	0.01568	0.07491	0.04587	0.06191	0.02956	0.14571	0.08530	0.09244	0.03772	0.12331	0.13240	0.04704	0.01056	0.00173	0.00048	0.05343	0.03188	0.00107	0.00171
9	0.02310	0.00352	0.20597	0.00285	0.00404	0.02499	0.02925	0.04397	0.04515	0.50138	0.07512	0.01415	0.00372	0.00171	0.00138	0.00043	0.00138	0.00140	0.01439	0.00212
10	0.00202	0.00137	0.00172	0.00187	0.00202	0.00132	0.00125	0.02796	0.01208	0.03465	0.04306	0.61778	0.03269	0.21008	0.00287	0.00071	0.00094	0.00324	0.00121	0.00115
11	0.01980	0.00268	0.00319	0.18030	0.01438	0.01347	0.00238	0.20428	0.25746	0.03321	0.02552	0.09707	0.08194	0.01066	0.00883	0.00048	0.01009	0.02303	0.00119	0.01003
12	0.10028	0.02066	0.05620	0.03902	0.02374	0.08319	0.08530	0.23044	0.04920	0.11219	0.00713	0.03105	0.00737	0.01112	0.00179	0.00046	0.12290	0.00130	0.00786	0.00878
13	0.00331	0.00297	0.01103	0.02092	0.00332	0.15879	0.06106	0.11680	0.02591	0.02678	0.14297	0.03180	0.04310	0.04783	0.02707	0.00052	0.09440	0.01243	0.16744	0.00155
14	0.00254	0.00167	0.00206	0.00188	0.00235	0.00157	0.00145	0.03408	0.05015	0.10432	0.59505	0.02325	0.14767	0.00276	0.00159	0.00045	0.00078	0.02344	0.00148	0.00147
15	0.04366	0.01609	0.00379	0.01653	0.00404	0.02676	0.02812	0.51508	0.11149	0.08824	0.01405	0.00400	0.00799	0.00180	0.01558	0.00044	0.00145	0.02391	0.00128	0.07573
16	0.00897	0.02592	0.00868	0.14182	0.05019	0.02542	0.14617	0.11544	0.01353	0.03270	0.03547	0.21027	0.01480	0.00306	0.08859	0.00767	0.03948	0.02925	0.00098	0.00161
17	0.00173	0.00124	0.00162	0.00189	0.00200	0.00116	0.00128	0.00198	0.00267	0.00354	0.02943	0.78905	0.04801	0.06754	0.00211	0.00061	0.00085	0.04094	0.00126	0.00111

[dist]
# distance from previous block
# <min> <max>
1	4

[block]
# block no. 2 follows, 233 sequences, length 9
# corresponding to MSA columns:
# 1294-1302
name=unknown_C
#
# <colnr> <probs for GDERKNQSTAVLIFYWHMCP>
#	G	D	E	R	K	N	Q	S	T	A	V	L	I	F	Y	W	H	M	C	P
0	0.05271	0.21946	0.11701	0.02655	0.02022	0.07959	0.03842	0.17148	0.12054	0.04876	0.01936	0.02309	0.01093	0.03047	0.00141	0.00042	0.00155	0.00122	0.00096	0.01584
1	0.00273	0.03096	0.00256	0.01370	0.00253	0.03051	0.00173	0.02503	0.00262	0.02685	0.01412	0.06209	0.00375	0.19277	0.05349	0.00072	0.23749	0.01596	0.27909	0.00132
2	0.06862	0.02048	0.26509	0.03528	0.02689	0.05435	0.02334	0.22142	0.02317	0.09840	0.01159	0.01752	0.02595	0.02041	0.01192	0.00047	0.06250	0.00125	0.00097	0.01037
3	0.14734	0.05260	0.07208	0.01169	0.03828	0.01843	0.19796	0.12676	0.03730	0.15285	0.01515	0.04667	0.00275	0.00174	0.01931	0.00046	0.02418	0.00136	0.00102	0.03209
4	0.00172	0.00123	0.00162	0.00190	0.00200	0.00115	0.00128	0.00198	0.00270	0.00360	0.05368	0.81282	0.03094	0.04909	0.00200	0.00059	0.00083	0.02847	0.00127	0.00112
5	0.00189	0.00142	0.00177	0.00171	0.00207	0.00128	0.00129	0.00245	0.00360	0.00491	0.61425	0.07626	0.21866	0.00307	0.00163	0.00045	0.00070	0.03707	0.00142	0.02410
6	0.02137	0.11251	0.16369	0.05302	0.07446	0.07671	0.01993	0.19835	0.01951	0.01705	0.00998	0.02017	0.00251	0.01592	0.08254	0.00059	0.08431	0.01687	0.00867	0.00184
7	0.01374	0.02241	0.01457	0.02235	0.05096	0.01696	0.02486	0.06017	0.13933	0.35440	0.06810	0.01897	0.14274	0.04210	0.00167	0.00048	0.00118	0.00172	0.00137	0.00193
8	0.00195	0.00143	0.00169	0.00171	0.00205	0.00131	0.00125	0.00247	0.03783	0.02691	0.23482	0.22040	0.37574	0.01788	0.00182	0.02615	0.00077	0.02324	0.01936	0.00124

[dist]
# distance from previous block
# <min> <max>
9	22

[block]
# block no. 3 follows, 233 sequences, length 19
# corresponding to MSA columns:
# 1346-1361,1363-1365
name=unknown_D
#
# <colnr> <probs for GDERKNQSTAVLIFYWHMCP>
#	G	D	E	R	K	N	Q	S	T	A	V	L	I	F	Y	W	H	M	C	P
0	0.01141	0.28651	0.28289	0.06537	0.03756	0.01858	0.12336	0.02428	0.02937	0.02129	0.00799	0.02359	0.00219	0.00147	0.01296	0.00042	0.01086	0.00113	0.00070	0.03807
1	0.06094	0.10559	0.15819	0.02486	0.02457	0.03695	0.08728	0.09809	0.03892	0.21760	0.03364	0.01740	0.00316	0.02790	0.00149	0.00045	0.00153	0.04590	0.00106	0.01448
2	0.00211	0.00145	0.00172	0.00167	0.00188	0.00141	0.00111	0.00990	0.01231	0.02474	0.15538	0.04432	0.10952	0.48996	0.09545	0.00107	0.00134	0.00214	0.01909	0.02343
3	0.01220	0.00178	0.00219	0.02655	0.00970	0.02290	0.00154	0.03929	0.01137	0.09378	0.58804	0.04897	0.05022	0.01573	0.01613	0.02664	0.00091	0.00222	0.01165	0.01822
4	0.04066	0.06509	0.17347	0.12706	0.20182	0.04085	0.02771	0.04223	0.03665	0.08790	0.03108	0.01420	0.00902	0.02967	0.00671	0.00047	0.04277	0.01993	0.00085	0.00187
5	0.00753	0.01583	0.12959	0.01405	0.03245	0.02841	0.01412	0.09071	0.07075	0.21681	0.07997	0.20720	0.02674	0.00245	0.01223	0.00048	0.00128	0.02497	0.02265	0.00180
6	0.00200	0.00143	0.00203	0.00203	0.00220	0.00160	0.00149	0.00231	0.00219	0.00310	0.02101	0.05227	0.00412	0.19788	0.61587	0.07260	0.01228	0.00170	0.00079	0.00110
7	0.04647	0.00205	0.01969	0.05240	0.02280	0.00204	0.02943	0.03313	0.11687	0.04710	0.17290	0.15962	0.14804	0.00293	0.02770	0.00053	0.01896	0.06329	0.03255	0.00151
8	0.07179	0.03332	0.05973	0.22771	0.10662	0.04668	0.07963	0.07150	0.05406	0.11594	0.02250	0.00396	0.00900	0.00178	0.02714	0.00049	0.04532	0.01297	0.00802	0.00184
9	0.00202	0.00135	0.00158	0.00161	0.00166	0.00135	0.00097	0.01608	0.00222	0.00299	0.01813	0.16040	0.00565	0.72237	0.02468	0.01476	0.00128	0.00227	0.01770	0.00092
10	0.00197	0.00138	0.00171	0.00185	0.00210	0.00128	0.00132	0.00242	0.03196	0.03844	0.10758	0.53667	0.18633	0.01556	0.00175	0.00053	0.00081	0.03949	0.02565	0.00123
11	0.40908	0.00274	0.04315	0.02920	0.02924	0.01564	0.03041	0.08121	0.01200	0.12721	0.03682	0.03716	0.06470	0.00171	0.00119	0.00043	0.00817	0.00130	0.06694	0.00168
12	0.03144	0.02926	0.00372	0.00310	0.00388	0.40768	0.04231	0.11296	0.03959	0.13823	0.03880	0.01713	0.02517	0.00179	0.00144	0.00041	0.03005	0.05215	0.01910	0.00177
13	0.00169	0.00123	0.00159	0.00185	0.00199	0.00113	0.00125	0.00196	0.00275	0.00363	0.04930	0.80359	0.11465	0.00416	0.00174	0.00054	0.00078	0.00374	0.00129	0.00113
14	0.06415	0.00174	0.00200	0.00188	0.00232	0.02633	0.00143	0.02161	0.00356	0.09376	0.46993	0.12330	0.11998	0.00281	0.00154	0.00045	0.00083	0.03115	0.02982	0.00140
15	0.00494	0.00360	0.00389	0.00306	0.00408	0.00397	0.00250	0.75618	0.11727	0.04745	0.00382	0.03632	0.00285	0.00178	0.00140	0.00043	0.00143	0.00138	0.00139	0.00228
16	0.03469	0.00239	0.00309	0.00245	0.00340	0.00225	0.00201	0.05660	0.06090	0.68928	0.06200	0.00503	0.01897	0.00205	0.02757	0.00048	0.02162	0.00146	0.00158	0.00218
17	0.00304	0.00326	0.02263	0.16152	0.06866	0.03149	0.32001	0.00381	0.00280	0.00387	0.02139	0.00375	0.01730	0.00192	0.02728	0.00055	0.30296	0.00140	0.00068	0.00167
18	0.18340	0.00284	0.00299	0.00243	0.00340	0.01069	0.00196	0.17916	0.21893	0.10357	0.01450	0.00410	0.02312	0.00159	0.00122	0.00039	0.00116	0.01991	0.00118	0.22345

[dist]
# distance from previous block
# <min> <max>
1	2

[block]
# block no. 4 follows, 233 sequences, length 16
# corresponding to MSA columns:
# 1373-1388
name=unknown_E
#
# <colnr> <probs for GDERKNQSTAVLIFYWHMCP>
#	G	D	E	R	K	N	Q	S	T	A	V	L	I	F	Y	W	H	M	C	P
0	0.00224	0.00165	0.00225	0.00219	0.00238	0.01243	0.00164	0.02057	0.01824	0.00324	0.01432	0.02656	0.00363	0.13154	0.51729	0.14425	0.07260	0.01005	0.01180	0.00115
1	0.01239	0.00153	0.00188	0.00195	0.00226	0.00148	0.00141	0.01567	0.08176	0.05447	0.17395	0.48386	0.09113	0.01334	0.00169	0.00051	0.00083	0.02771	0.03082	0.00134
2	0.13959	0.01164	0.06361	0.18558	0.03232	0.01809	0.05497	0.11247	0.06843	0.06950	0.05223	0.01642	0.00295	0.01329	0.00954	0.00045	0.03193	0.00128	0.03804	0.07767
3	0.02116	0.05630	0.01961	0.03352	0.04496	0.02558	0.03981	0.10033	0.03724	0.11833	0.02910	0.10643	0.04027	0.00192	0.00139	0.00039	0.01735	0.04760	0.00107	0.25765
4	0.00235	0.00151	0.00184	0.00174	0.00213	0.00143	0.00134	0.01899	0.02630	0.04868	0.52350	0.02366	0.09385	0.00262	0.00149	0.00043	0.00074	0.05154	0.19449	0.00137
5	0.00202	0.00140	0.00184	0.00201	0.00222	0.00133	0.00950	0.00247	0.03301	0.04017	0.07550	0.61050	0.05760	0.03299	0.02102	0.00060	0.00094	0.09286	0.01077	0.00123
6	0.05753	0.06727	0.10530	0.20565	0.13318	0.02627	0.04596	0.15789	0.05504	0.06779	0.00325	0.01929	0.02031	0.01293	0.00144	0.00044	0.01637	0.00127	0.00091	0.00191
7	0.00278	0.00230	0.02215	0.08011	0.13564	0.01360	0.00267	0.06704	0.03485	0.02256	0.00570	0.03059	0.02394	0.01759	0.00183	0.00056	0.02039	0.51302	0.00111	0.00156
8	0.00229	0.00155	0.00187	0.00192	0.00225	0.01126	0.00140	0.01289	0.04381	0.08519	0.13339	0.42333	0.19580	0.01884	0.00174	0.00052	0.00086	0.04496	0.01481	0.00133
9	0.01693	0.00155	0.00195	0.00182	0.00223	0.00144	0.00138	0.00303	0.02723	0.09181	0.64539	0.04038	0.10859	0.02301	0.00171	0.00047	0.00076	0.02747	0.00147	0.00139
10	0.06170	0.10480	0.10310	0.12275	0.12663	0.03895	0.11760	0.18154	0.02292	0.03615	0.01893	0.01288	0.00241	0.00147	0.00138	0.00042	0.01978	0.00896	0.01574	0.00192
11	0.16142	0.00337	0.00367	0.04368	0.11363	0.17616	0.05144	0.04904	0.01383	0.04711	0.01227	0.04573	0.03106	0.01408	0.03328	0.01407	0.14983	0.02623	0.00846	0.00164
12	0.00191	0.00130	0.00157	0.00169	0.00175	0.00127	0.00106	0.00204	0.00232	0.00309	0.00580	0.32778	0.02536	0.54966	0.00478	0.00101	0.00113	0.05165	0.01385	0.00097
13	0.08306	0.01100	0.01313	0.08564	0.04477	0.01575	0.01197	0.08384	0.23705	0.08497	0.14880	0.05171	0.05199	0.01685	0.00793	0.00047	0.01266	0.01396	0.02266	0.00177
14	0.02911	0.02669	0.08319	0.03724	0.01734	0.02519	0.02931	0.06988	0.02854	0.02123	0.00347	0.11009	0.00330	0.07410	0.10646	0.03842	0.10309	0.00833	0.00706	0.17795
15	0.03794	0.03324	0.02807	0.13100	0.05955	0.03656	0.08195	0.04953	0.05282	0.04924	0.08235	0.09839	0.03342	0.03275	0.03979	0.00052	0.02216	0.00696	0.00097	0.12281

[dist]
# distance from previous block
# <min> <max>
3	50

[block]
# block no. 5 follows, 233 sequences, length 23
# corresponding to MSA columns:
# 1546-1567,1570
name=unknown_F
#
# <colnr> <probs for GDERKNQSTAVLIFYWHMCP>
#	G	D	E	R	K	N	Q	S	T	A	V	L	I	F	Y	W	H	M	C	P
0	0.01091	0.00219	0.00333	0.38136	0.05980	0.01174	0.03304	0.01408	0.00293	0.05923	0.03120	0.23022	0.02450	0.00913	0.01120	0.00049	0.00888	0.02513	0.01775	0.06291
1	0.02761	0.05784	0.10886	0.15367	0.03906	0.00305	0.04114	0.17657	0.03607	0.10142	0.00318	0.01542	0.00948	0.01171	0.00133	0.00039	0.00148	0.00118	0.00096	0.20959
2	0.01292	0.03794	0.16564	0.14200	0.03126	0.02511	0.15875	0.04972	0.08902	0.04612	0.05684	0.07067	0.05852	0.00192	0.00158	0.02129	0.01453	0.01348	0.00093	0.00175
3	0.00864	0.00263	0.01349	0.02067	0.02830	0.14794	0.01807	0.02526	0.04812	0.03859	0.13652	0.14109	0.16121	0.01352	0.02224	0.00053	0.04766	0.11630	0.00775	0.00145
4	0.00243	0.01032	0.03244	0.06169	0.01906	0.01696	0.07223	0.02546	0.02396	0.00348	0.00405	0.07604	0.02138	0.28630	0.21362	0.01247	0.08641	0.01684	0.01357	0.00129
5	0.02904	0.29254	0.11840	0.07022	0.03780	0.08275	0.03035	0.12113	0.02194	0.12753	0.00307	0.01716	0.01151	0.00156	0.00840	0.00040	0.01164	0.01174	0.00090	0.00191
6	0.00278	0.00255	0.00405	0.63283	0.00764	0.01504	0.06438	0.00916	0.09632	0.01803	0.00797	0.03430	0.01782	0.00179	0.01163	0.01142	0.03270	0.02722	0.00077	0.00159
7	0.01959	0.00166	0.00204	0.00191	0.00233	0.00162	0.02010	0.02911	0.04008	0.08307	0.23408	0.19714	0.12007	0.00272	0.00154	0.00045	0.02448	0.00967	0.20695	0.00142
8	0.00292	0.00286	0.00401	0.02024	0.00357	0.00396	0.00287	0.00322	0.00217	0.00335	0.02023	0.03091	0.00235	0.03545	0.00442	0.00062	0.85339	0.00134	0.00065	0.00147
9	0.03904	0.03925	0.02335	0.17117	0.07581	0.05982	0.10385	0.09004	0.06479	0.06140	0.02628	0.06115	0.03308	0.04264	0.03495	0.00055	0.03550	0.03468	0.00095	0.00171
10	0.04550	0.00212	0.00270	0.00230	0.00304	0.00202	0.00183	0.03735	0.06514	0.49053	0.04659	0.17436	0.01091	0.01728	0.00159	0.00047	0.01639	0.03775	0.04023	0.00191
11	0.00173	0.00129	0.00162	0.00186	0.00203	0.00120	0.00128	0.00209	0.02721	0.00365	0.01927	0.72897	0.17957	0.00408	0.00173	0.00054	0.00080	0.01865	0.00129	0.00116
12	0.02936	0.01243	0.07922	0.18940	0.21695	0.00328	0.30716	0.03653	0.03213	0.03079	0.00289	0.00368	0.00782	0.00682	0.00152	0.00045	0.02013	0.00135	0.01621	0.00189
13	0.03544	0.02902	0.02291	0.04824	0.02581	0.03019	0.02981	0.06872	0.08915	0.01113	0.02725	0.08560	0.03864	0.01621	0.28736	0.00102	0.11141	0.02925	0.01131	0.00153
14	0.00172	0.00131	0.00158	0.00171	0.00198	0.00118	0.00122	0.00208	0.00306	0.00397	0.18104	0.43420	0.33703	0.00375	0.00169	0.00051	0.00074	0.01874	0.00132	0.00117
15	0.00904	0.00157	0.00201	0.00206	0.00238	0.00149	0.00810	0.03681	0.03008	0.12847	0.02711	0.58320	0.07848	0.02206	0.02253	0.00057	0.00097	0.03062	0.01105	0.00138
16	0.03397	0.10603	0.05487	0.34779	0.05351	0.03238	0.10151	0.13656	0.05931	0.02752	0.01064	0.01358	0.00228	0.00145	0.00137	0.00043	0.01290	0.00124	0.00083	0.00182
17	0.00195	0.00153	0.00211	0.01732	0.02243	0.00981	0.02189	0.00243	0.03222	0.00366	0.05003	0.52484	0.04990	0.01008	0.22750	0.00094	0.00964	0.00936	0.00112	0.00124
18	0.00205	0.00154	0.00177	0.01164	0.00211	0.02182	0.00126	0.00251	0.00340	0.03056	0.45923	0.04087	0.29735	0.10741	0.00221	0.00055	0.00082	0.01032	0.00134	0.00124
19	0.00287	0.00246	0.00287	0.00206	0.00328	0.00188	0.00165	0.00357	0.02546	0.00452	0.00253	0.00291	0.00209	0.00104	0.00103	0.00021	0.00102	0.00083	0.00083	0.93688
20	0.01336	0.00303	0.00338	0.01137	0.00373	0.00329	0.00225	0.38012	0.28822	0.15416	0.01156	0.03358	0.02048	0.02686	0.00157	0.00047	0.00128	0.03776	0.00140	0.00213
21	0.10321	0.00247	0.00285	0.00244	0.00323	0.00254	0.00194	0.11326	0.21444	0.33472	0.01750	0.14124	0.01502	0.00215	0.00140	0.00046	0.00111	0.02199	0.01605	0.00198
22	0.01738	0.00312	0.02098	0.05320	0.01965	0.03059	0.01519	0.32042	0.05662	0.05607	0.02029	0.02134	0.00267	0.00166	0.01443	0.01287	0.01470	0.00119	0.00657	0.31103

[dist]
# distance from previous block
# <min> <max>
1	2

[block]
# block no. 6 follows, 233 sequences, length 14
# corresponding to MSA columns:
# 1583-1596
name=unknown_G
#
# <colnr> <probs for GDERKNQSTAVLIFYWHMCP>
#	G	D	E	R	K	N	Q	S	T	A	V	L	I	F	Y	W	H	M	C	P
0	0.00301	0.00221	0.00953	0.01989	0.01142	0.01362	0.02957	0.06399	0.18864	0.10436	0.14485	0.04381	0.11638	0.19426	0.01268	0.00066	0.02770	0.01062	0.00123	0.00158
1	0.00176	0.00128	0.00165	0.00191	0.00205	0.00121	0.00131	0.00212	0.02725	0.00365	0.03492	0.77639	0.07054	0.03130	0.00189	0.00057	0.00083	0.03691	0.00128	0.00115
2	0.05083	0.00239	0.01936	0.03841	0.02996	0.00913	0.05747	0.13873	0.01970	0.13406	0.07011	0.08783	0.05827	0.04233	0.02579	0.00756	0.01330	0.13837	0.03334	0.02306
3	0.03649	0.02553	0.02935	0.02709	0.11176	0.04058	0.06392	0.11351	0.06096	0.04447	0.01483	0.00332	0.00237	0.00130	0.00127	0.00033	0.01815	0.00108	0.00092	0.40276
4	0.00226	0.00163	0.00192	0.00187	0.00229	0.01524	0.00977	0.01620	0.02695	0.07271	0.14527	0.23914	0.36267	0.00347	0.02893	0.00053	0.01248	0.02458	0.01626	0.01584
5	0.00178	0.00131	0.00161	0.00180	0.00201	0.00121	0.00125	0.01717	0.00288	0.00379	0.05578	0.61414	0.21262	0.02697	0.00183	0.00054	0.00080	0.02325	0.02810	0.00116
6	0.03065	0.01457	0.06146	0.04639	0.04292	0.04144	0.07376	0.11579	0.07351	0.15547	0.16696	0.06836	0.04800	0.01420	0.00860	0.00046	0.00562	0.00802	0.00742	0.01642
7	0.01932	0.03082	0.23083	0.18390	0.07563	0.03333	0.08585	0.19162	0.01695	0.04986	0.01059	0.02512	0.01169	0.00165	0.01501	0.00046	0.00711	0.00746	0.00088	0.00193
8	0.01734	0.01750	0.11674	0.08812	0.16820	0.16923	0.03256	0.05755	0.03538	0.04721	0.01948	0.01889	0.04471	0.01241	0.01933	0.00048	0.08714	0.02113	0.02481	0.00178
9	0.00204	0.00136	0.00161	0.00164	0.00170	0.00137	0.00101	0.00214	0.00216	0.01507	0.00477	0.09068	0.01869	0.71699	0.09998	0.00130	0.00150	0.01941	0.01564	0.00094
10	0.00290	0.00251	0.00304	0.00220	0.00341	0.00196	0.03261	0.00366	0.03998	0.00454	0.00259	0.00298	0.00213	0.00106	0.00106	0.00022	0.00107	0.00087	0.00084	0.89038
11	0.01492	0.02770	0.00302	0.01806	0.01306	0.07907	0.00205	0.04223	0.00258	0.02644	0.00335	0.00563	0.01030	0.26092	0.17015	0.00103	0.26084	0.03834	0.00080	0.01951
12	0.00328	0.06242	0.02816	0.03865	0.34671	0.00300	0.02868	0.09466	0.01626	0.03866	0.06252	0.01337	0.07926	0.00647	0.00740	0.00659	0.05437	0.03576	0.00092	0.07287
13	0.02284	0.09753	0.05349	0.21987	0.02370	0.05844	0.07172	0.10989	0.11110	0.04904	0.00358	0.02522	0.02896	0.01635	0.03887	0.00051	0.01788	0.01663	0.00092	0.03347

[dist]
# distance from previous block
# <min> <max>
5	13

[block]
# block no. 7 follows, 233 sequences, length 16
# corresponding to MSA columns:
# 1626-1630,1633-1635,1639-1646
name=unknown_H
#
# <colnr> <probs for GDERKNQSTAVLIFYWHMCP>
#	G	D	E	R	K	N	Q	S	T	A	V	L	I	F	Y	W	H	M	C	P
0	0.00279	0.02421	0.00471	0.02299	0.00436	0.02101	0.27713	0.00338	0.00266	0.00373	0.01145	0.14056	0.02476	0.01073	0.08037	0.00067	0.33276	0.01593	0.01427	0.00152
1	0.02852	0.00282	0.17499	0.01056	0.03201	0.00210	0.00889	0.00956	0.12561	0.05810	0.20715	0.12390	0.13214	0.00252	0.00150	0.00046	0.00112	0.04714	0.02929	0.00161
2	0.02369	0.04680	0.04815	0.02206	0.00339	0.05966	0.05602	0.05503	0.18874	0.08376	0.07764	0.05589	0.04600	0.00971	0.01220	0.04637	0.01622	0.00160	0.14539	0.00168
3	0.00198	0.00144	0.00206	0.00207	0.00227	0.00162	0.00154	0.00236	0.00222	0.00315	0.02503	0.02962	0.00401	0.15904	0.71781	0.03713	0.00309	0.00163	0.00078	0.00114
4	0.00219	0.00162	0.00207	0.00197	0.00238	0.00154	0.02749	0.00301	0.08634	0.03595	0.39386	0.14199	0.20177	0.00311	0.01048	0.00049	0.00085	0.05917	0.02237	0.00137
5	0.02635	0.04128	0.06436	0.28204	0.14532	0.04014	0.08614	0.05331	0.04458	0.02518	0.00267	0.01165	0.00214	0.00169	0.01517	0.00049	0.15374	0.00125	0.00074	0.00178
6	0.00498	0.01990	0.00409	0.00355	0.00428	0.76191	0.02952	0.06043	0.00391	0.03129	0.00229	0.00267	0.00187	0.00150	0.00147	0.00038	0.06256	0.00096	0.00077	0.00167
7	0.00224	0.00147	0.00183	0.00192	0.00222	0.00137	0.00139	0.02129	0.02671	0.08086	0.06772	0.50443	0.16862	0.02294	0.00177	0.00053	0.00086	0.05993	0.03060	0.00130
8	0.00179	0.00127	0.00160	0.00184	0.00197	0.00120	0.00124	0.00210	0.01769	0.00360	0.02914	0.69463	0.07872	0.10132	0.00225	0.00062	0.00085	0.02066	0.03638	0.00112
9	0.01768	0.00307	0.07319	0.42493	0.18738	0.00309	0.07030	0.04414	0.01555	0.06132	0.01050	0.02355	0.00237	0.02059	0.00162	0.00047	0.03637	0.00133	0.00077	0.00179
10	0.00181	0.00136	0.00165	0.00176	0.00203	0.00124	0.00128	0.00225	0.01222	0.00416	0.24299	0.34453	0.26516	0.02519	0.00180	0.00052	0.00078	0.06735	0.02071	0.00120
11	0.02278	0.00220	0.00260	0.03925	0.02057	0.00227	0.01082	0.12220	0.18113	0.09992	0.09551	0.14106	0.17631	0.00256	0.00150	0.00046	0.00103	0.02986	0.04627	0.00169
12	0.11156	0.13586	0.32704	0.01356	0.01843	0.03715	0.02793	0.08981	0.03890	0.05698	0.09715	0.00396	0.01115	0.00156	0.00126	0.00041	0.00156	0.00974	0.01413	0.00187
13	0.03444	0.00186	0.01572	0.00240	0.00274	0.00213	0.01111	0.01277	0.06627	0.01303	0.01660	0.00516	0.00342	0.02400	0.70945	0.00180	0.07347	0.00145	0.00080	0.00136
14	0.00401	0.00203	0.01541	0.01536	0.02016	0.00185	0.00175	0.01630	0.03786	0.39903	0.06727	0.05495	0.04673	0.05269	0.02524	0.00051	0.01168	0.01443	0.18285	0.02988
15	0.02556	0.01602	0.01007	0.00259	0.05596	0.00217	0.02719	0.03281	0.03439	0.03878	0.01281	0.02232	0.00243	0.00127	0.00742	0.00028	0.00114	0.00100	0.00089	0.70490

[dist]
# distance from previous block
# <min> <max>
1	3

[block]
# block no. 8 follows, 233 sequences, length 23
# corresponding to MSA columns:
# 1681-1684,1686,1688-1694,1703-1707,1716-1721
name=unknown_I
#
# <colnr> <probs for GDERKNQSTAVLIFYWHMCP>
#	G	D	E	R	K	N	Q	S	T	A	V	L	I	F	Y	W	H	M	C	P
0	0.01889	0.00127	0.00163	0.00189	0.00203	0.00119	0.00130	0.00203	0.00272	0.00365	0.04101	0.75947	0.07319	0.03730	0.00192	0.00058	0.00083	0.04670	0.00126	0.00113
1	0.04886	0.01086	0.07462	0.44249	0.13330	0.02188	0.05392	0.03484	0.03458	0.07731	0.01004	0.01023	0.00237	0.00150	0.00141	0.00561	0.00810	0.02133	0.00498	0.00177
2	0.08789	0.13276	0.10565	0.13616	0.03176	0.02611	0.03010	0.12831	0.02902	0.10078	0.00329	0.09008	0.00277	0.00171	0.00143	0.00042	0.04556	0.00135	0.00094	0.04389
3	0.05495	0.25837	0.22056	0.08514	0.04421	0.00839	0.15281	0.02889	0.05855	0.02483	0.00268	0.01511	0.00212	0.00134	0.00125	0.00040	0.00626	0.00113	0.00074	0.03229
4	0.00186	0.00143	0.00165	0.00163	0.00202	0.00127	0.00122	0.00238	0.02059	0.01632	0.34105	0.08058	0.48996	0.00327	0.00164	0.00047	0.00072	0.02932	0.00137	0.00125
5	0.00186	0.00134	0.00184	0.00204	0.00219	0.00128	0.02007	0.00219	0.02471	0.00360	0.03429	0.69815	0.02223	0.01705	0.01461	0.07066	0.00094	0.07857	0.00121	0.00114
6	0.10389	0.05270	0.33500	0.07156	0.01312	0.02697	0.02379	0.11180	0.03661	0.19009	0.00323	0.01318	0.00230	0.00148	0.00131	0.00043	0.00841	0.00115	0.00097	0.00201
7	0.02413	0.00158	0.01321	0.00208	0.01341	0.00149	0.00150	0.01303	0.06540	0.05241	0.06483	0.58799	0.07215	0.00360	0.00165	0.00052	0.00088	0.04979	0.02900	0.00133
8	0.00186	0.00146	0.00162	0.00159	0.00202	0.00130	0.00121	0.00242	0.03385	0.01588	0.26168	0.03414	0.58789	0.00324	0.00162	0.00046	0.00072	0.03233	0.01344	0.00125
9	0.00221	0.00172	0.00196	0.00191	0.00236	0.00169	0.00146	0.00333	0.18481	0.02192	0.24709	0.08831	0.33058	0.02934	0.00176	0.00050	0.00084	0.07544	0.00136	0.00141
10	0.08258	0.29153	0.34350	0.02537	0.00473	0.04659	0.05339	0.09066	0.00323	0.00453	0.01412	0.00285	0.00198	0.00134	0.00120	0.00039	0.01265	0.00099	0.01650	0.00187
11	0.01125	0.00301	0.01435	0.50139	0.30221	0.05107	0.02795	0.01012	0.00296	0.00393	0.00263	0.00363	0.01399	0.00139	0.00148	0.00044	0.03531	0.00124	0.00993	0.00175
12	0.02346	0.00153	0.00194	0.00203	0.00885	0.00143	0.00150	0.00839	0.01740	0.12023	0.09824	0.41841	0.13784	0.01374	0.00172	0.00053	0.00090	0.12488	0.01561	0.00135
13	0.00182	0.00135	0.00167	0.00176	0.00203	0.00124	0.00127	0.00229	0.01380	0.00434	0.33452	0.36047	0.21267	0.00353	0.00167	0.00049	0.00074	0.03496	0.01816	0.00121
14	0.01950	0.02416	0.09897	0.05639	0.49363	0.04038	0.15550	0.03093	0.01459	0.01004	0.00294	0.01534	0.01831	0.00137	0.00140	0.00043	0.00178	0.01161	0.00073	0.00200
15	0.00176	0.00135	0.00157	0.00169	0.00200	0.00120	0.00123	0.00210	0.00301	0.01286	0.07442	0.34813	0.46439	0.01750	0.00177	0.00052	0.00078	0.06128	0.00129	0.00117
16	0.00367	0.91980	0.00726	0.00248	0.00367	0.00539	0.03447	0.00414	0.00282	0.00328	0.00195	0.00226	0.00178	0.00118	0.00091	0.00030	0.00150	0.00077	0.00059	0.00177
17	0.01943	0.00163	0.00199	0.00184	0.00223	0.02030	0.00139	0.01597	0.01930	0.05014	0.79213	0.02989	0.03298	0.00273	0.00159	0.00044	0.00074	0.00239	0.00148	0.00138
18	0.02391	0.01414	0.40096	0.01082	0.01181	0.06154	0.21079	0.17028	0.01241	0.04386	0.00279	0.00322	0.00202	0.00139	0.00146	0.00044	0.02415	0.00120	0.00082	0.00201
19	0.00276	0.00173	0.00205	0.00191	0.00245	0.00159	0.00149	0.02070	0.06510	0.17548	0.13771	0.07062	0.39139	0.02240	0.00171	0.00049	0.00090	0.09662	0.00139	0.00149
20	0.02566	0.03600	0.00625	0.02021	0.01720	0.00339	0.53688	0.13844	0.04340	0.02505	0.00300	0.00371	0.00229	0.00130	0.00146	0.00042	0.00188	0.01439	0.00087	0.11817
21	0.02312	0.04123	0.01624	0.20403	0.01431	0.03085	0.06097	0.00341	0.04794	0.04591	0.25059	0.06845	0.11975	0.00734	0.00165	0.02807	0.00749	0.02228	0.00488	0.00148
22	0.01258	0.29787	0.28230	0.03007	0.01702	0.04611	0.11771	0.06861	0.00897	0.04185	0.01887	0.03569	0.01367	0.00146	0.00125	0.00040	0.00174	0.00119	0.00076	0.00188

[dist]
# distance from previous block
# <min> <max>
21	227

[block]
# block no. 9 follows, 233 sequences, length 27
# corresponding to MSA columns:
# 2068-2079,2093,2094,2098-2110
name=unknown_J
#
# <colnr> <probs for GDERKNQSTAVLIFYWHMCP>
#	G	D	E	R	K	N	Q	S	T	A	V	L	I	F	Y	W	H	M	C	P
0	0.03034	0.07928	0.07836	0.05654	0.02818	0.00533	0.00213	0.03969	0.07461	0.08018	0.11448	0.16264	0.11747	0.01727	0.02055	0.01289	0.00692	0.04246	0.00113	0.02953
1	0.00730	0.03218	0.06910	0.15572	0.18029	0.02848	0.05278	0.06565	0.04314	0.07711	0.11191	0.06660	0.01723	0.00200	0.01675	0.00047	0.03388	0.02061	0.00098	0.01784
2	0.01596	0.10104	0.10893	0.05160	0.07962	0.05532	0.03793	0.03542	0.05419	0.06261	0.02480	0.01919	0.01981	0.00215	0.00175	0.00048	0.09431	0.21488	0.00646	0.01354
3	0.01130	0.00176	0.00627	0.01383	0.02251	0.00162	0.01210	0.01964	0.04442	0.16580	0.21173	0.15631	0.27356	0.03441	0.00176	0.00049	0.00091	0.01491	0.00518	0.00149
4	0.00325	0.01480	0.02614	0.18298	0.24499	0.01597	0.05469	0.04640	0.04677	0.03713	0.00286	0.04543	0.00247	0.00180	0.00227	0.00049	0.26268	0.00630	0.00078	0.00180
5	0.01387	0.10961	0.22301	0.04892	0.03955	0.01668	0.07958	0.07549	0.03894	0.05804	0.03058	0.02727	0.00264	0.00714	0.00129	0.00038	0.00153	0.00118	0.00086	0.22343
6	0.00309	0.00272	0.00907	0.01724	0.05364	0.13819	0.01675	0.07722	0.07594	0.04326	0.16201	0.17579	0.01355	0.00286	0.02159	0.00052	0.01666	0.16714	0.00119	0.00156
7	0.00983	0.00191	0.00248	0.04335	0.01467	0.00180	0.00175	0.04396	0.02485	0.29545	0.32946	0.05208	0.13450	0.00251	0.00153	0.00045	0.00096	0.03531	0.00146	0.00168
8	0.05389	0.13040	0.34650	0.03770	0.02561	0.01712	0.12965	0.03729	0.04937	0.07843	0.01943	0.03052	0.02740	0.00159	0.00891	0.00044	0.00173	0.00128	0.00083	0.00190
9	0.00321	0.00305	0.00507	0.21315	0.63451	0.00323	0.01664	0.00425	0.06571	0.00435	0.00283	0.00377	0.00233	0.00136	0.00143	0.00043	0.01609	0.01583	0.00072	0.00201
10	0.00181	0.00133	0.00180	0.00205	0.00222	0.00125	0.01360	0.00217	0.00285	0.00379	0.07143	0.66225	0.05269	0.00405	0.00177	0.00056	0.00089	0.17104	0.00129	0.00117
11	0.00372	0.93340	0.00716	0.00238	0.00355	0.02431	0.00237	0.00416	0.00282	0.00325	0.00192	0.00222	0.00177	0.00118	0.00089	0.00030	0.00150	0.00074	0.00059	0.00177
12	0.07429	0.00243	0.00294	0.01360	0.02312	0.00243	0.02167	0.17221	0.06486	0.30254	0.06013	0.03703	0.12143	0.01420	0.02133	0.00049	0.00120	0.02124	0.04096	0.00189
13	0.02069	0.00147	0.00180	0.00195	0.01066	0.00138	0.00146	0.00249	0.02313	0.02100	0.11665	0.29422	0.28891	0.00358	0.00169	0.00052	0.00087	0.19323	0.01305	0.00125
14	0.00198	0.00145	0.00197	0.00221	0.00246	0.00140	0.01198	0.01444	0.00299	0.00392	0.02754	0.43403	0.07062	0.00394	0.00181	0.00058	0.00102	0.41315	0.00128	0.00122
15	0.01453	0.24760	0.03292	0.04341	0.10207	0.08572	0.01852	0.08954	0.10343	0.08893	0.04218	0.02629	0.01134	0.00862	0.03672	0.00047	0.01092	0.01464	0.02029	0.00186
16	0.00226	0.00168	0.00905	0.00987	0.01453	0.00163	0.00154	0.02639	0.08536	0.04207	0.20107	0.32266	0.15916	0.01782	0.02499	0.00055	0.01474	0.03927	0.02399	0.00138
17	0.00186	0.00133	0.00169	0.00188	0.00207	0.00124	0.00131	0.00227	0.02528	0.01821	0.13204	0.61774	0.10447	0.03650	0.00190	0.00056	0.00082	0.03914	0.00852	0.00119
18	0.00195	0.00133	0.00158	0.00167	0.00174	0.00131	0.00105	0.00207	0.00227	0.00302	0.00550	0.20822	0.03267	0.63002	0.02504	0.00111	0.00124	0.06785	0.00942	0.00095
19	0.01447	0.13291	0.18860	0.05746	0.07105	0.02093	0.08935	0.15676	0.06669	0.15457	0.00349	0.01797	0.01658	0.00151	0.00132	0.00042	0.00162	0.00126	0.00099	0.00203
20	0.00235	0.00206	0.01142	0.00262	0.01195	0.02232	0.01045	0.00276	0.00914	0.00331	0.02630	0.05400	0.01914	0.09096	0.45864	0.01449	0.25443	0.00161	0.00077	0.00129
21	0.00191	0.00145	0.00182	0.00188	0.00213	0.00845	0.00137	0.00225	0.00262	0.01380	0.02633	0.23728	0.25061	0.10680	0.28699	0.01073	0.01734	0.02402	0.00106	0.00116
22	0.01209	0.12622	0.12532	0.06137	0.23782	0.08034	0.04255	0.09423	0.08868	0.04964	0.00292	0.00336	0.00228	0.00155	0.01303	0.00044	0.04738	0.00116	0.00764	0.00198
23	0.03041	0.24745	0.05511	0.13422	0.07290	0.02212	0.03894	0.05875	0.03814	0.04503	0.01216	0.00954	0.00224	0.00142	0.00744	0.00958	0.01879	0.00106	0.00080	0.19390
24	0.00273	0.00929	0.01192	0.05152	0.04037	0.02383	0.02378	0.06609	0.05773	0.05546	0.19897	0.11467	0.13024	0.03351	0.05218	0.00058	0.03241	0.04075	0.01267	0.04130
25	0.02872	0.02326	0.00223	0.01701	0.00812	0.03093	0.01367	0.03263	0.00954	0.03443	0.04302	0.05136	0.06359	0.29130	0.03372	0.00076	0.07306	0.01612	0.22526	0.00127
26	0.03886	0.03574	0.06615	0.04769	0.03135	0.05744	0.01464	0.10844	0.08291	0.12721	0.02932	0.04875	0.03024	0.05991	0.08159	0.00065	0.10076	0.00981	0.00549	0.02305

[dist]
# distance from previous block
# <min> <max>
2	152

[block]
# block no. 10 follows, 233 sequences, length 18
# corresponding to MSA columns:
# 2270-2287
name=unknown_K
#
# <colnr> <probs for GDERKNQSTAVLIFYWHMCP>
#	G	D	E	R	K	N	Q	S	T	A	V	L	I	F	Y	W	H	M	C	P
0	0.02293	0.01407	0.00375	0.18095	0.03894	0.02534	0.07634	0.11845	0.18751	0.15586	0.03242	0.04885	0.04172	0.00183	0.00143	0.00045	0.00646	0.01035	0.02452	0.00783
1	0.01405	0.09244	0.08614	0.10364	0.24775	0.06663	0.04504	0.04044	0.02116	0.03003	0.04541	0.04968	0.05811	0.01048	0.01985	0.01057	0.03260	0.02337	0.00084	0.00177
2	0.02981	0.18758	0.13882	0.04163	0.01244	0.04710	0.04067	0.10591	0.08268	0.14369	0.01419	0.04313	0.02806	0.02201	0.00154	0.01222	0.02813	0.00133	0.00958	0.00946
3	0.00306	0.02875	0.01126	0.00254	0.00944	0.02187	0.07732	0.02221	0.10339	0.16048	0.04953	0.32431	0.06902	0.02860	0.00178	0.00051	0.02786	0.02229	0.02718	0.00861
4	0.00216	0.00160	0.00201	0.00196	0.00213	0.01802	0.02283	0.00250	0.03541	0.01207	0.00457	0.07858	0.01795	0.50593	0.25309	0.00140	0.01351	0.02232	0.00088	0.00108
5	0.01625	0.17852	0.14999	0.13923	0.08232	0.03677	0.03997	0.04807	0.04983	0.03884	0.01648	0.02830	0.02305	0.00830	0.03844	0.00050	0.06856	0.01092	0.00080	0.02486
6	0.00322	0.22470	0.03000	0.00249	0.00322	0.04595	0.03017	0.06125	0.12751	0.06346	0.08721	0.14207	0.06320	0.04562	0.00173	0.00047	0.03414	0.01976	0.01217	0.00166
7	0.00198	0.00140	0.00180	0.00201	0.00219	0.00134	0.00141	0.04917	0.00291	0.01821	0.02174	0.73858	0.04483	0.02482	0.01602	0.00059	0.00092	0.06760	0.00128	0.00121
8	0.00185	0.00134	0.00179	0.01053	0.00219	0.00126	0.01527	0.00222	0.01349	0.01539	0.13602	0.65592	0.07094	0.03758	0.00191	0.00056	0.00084	0.02844	0.00129	0.00118
9	0.05355	0.11619	0.02970	0.05125	0.01777	0.09576	0.01706	0.30410	0.08250	0.08900	0.01241	0.03267	0.00274	0.02021	0.00157	0.00044	0.05179	0.00127	0.01809	0.00195
10	0.00713	0.02788	0.03992	0.04277	0.00373	0.00252	0.14414	0.04939	0.05740	0.02744	0.12218	0.06844	0.24266	0.01394	0.02374	0.00053	0.12155	0.00206	0.00106	0.00154
11	0.00201	0.00134	0.00153	0.00154	0.00156	0.00133	0.00089	0.00205	0.00211	0.00286	0.04401	0.03333	0.00537	0.84417	0.01891	0.01740	0.00131	0.00204	0.01537	0.00087
12	0.01960	0.38573	0.08693	0.02443	0.01305	0.01529	0.03664	0.09769	0.07247	0.10938	0.04254	0.01444	0.03006	0.00352	0.00260	0.01543	0.01563	0.00217	0.00895	0.00344
13	0.01130	0.00359	0.02594	0.20596	0.20749	0.13447	0.04267	0.10067	0.18267	0.00474	0.00971	0.01241	0.00262	0.01976	0.00157	0.00045	0.02989	0.00130	0.00089	0.00190
14	0.00284	0.01629	0.00254	0.00227	0.00280	0.01041	0.01941	0.06946	0.22481	0.07142	0.06286	0.17161	0.20614	0.05495	0.02068	0.00056	0.02917	0.02053	0.00965	0.00160
15	0.00176	0.00146	0.00164	0.00162	0.00201	0.00133	0.00122	0.00216	0.00318	0.00400	0.17260	0.07010	0.64852	0.00357	0.02659	0.00052	0.04085	0.01441	0.00128	0.00120
16	0.00189	0.00137	0.00174	0.00196	0.00213	0.00131	0.00135	0.05296	0.00291	0.00387	0.03225	0.79021	0.06231	0.01618	0.00180	0.00055	0.00085	0.02187	0.00129	0.00119
17	0.00309	0.00258	0.00336	0.10136	0.06686	0.00231	0.02531	0.01787	0.06739	0.04418	0.00285	0.00335	0.00229	0.01334	0.00131	0.00031	0.02697	0.00102	0.00985	0.60440

[dist]
# distance from previous block
# <min> <max>
1	3

[block]
# block no. 11 follows, 233 sequences, length 8
# corresponding to MSA columns:
# 2320-2327
name=unknown_L
#
# <colnr> <probs for GDERKNQSTAVLIFYWHMCP>
#	G	D	E	R	K	N	Q	S	T	A	V	L	I	F	Y	W	H	M	C	P
0	0.09336	0.00307	0.02477	0.20373	0.12938	0.07940	0.04412	0.05998	0.00348	0.29922	0.00362	0.04393	0.00269	0.00159	0.00135	0.00043	0.00155	0.00133	0.00107	0.00193
1	0.00454	0.00319	0.00348	0.00277	0.00371	0.00345	0.00225	0.57806	0.12045	0.07354	0.00402	0.04563	0.00306	0.00177	0.00134	0.00041	0.00130	0.00140	0.10277	0.04285
2	0.00321	0.00248	0.00383	0.37053	0.09790	0.00273	0.07973	0.10478	0.00333	0.06010	0.00328	0.00407	0.00249	0.00169	0.02644	0.00046	0.00155	0.00129	0.22841	0.00169
3	0.00296	0.00280	0.00380	0.02618	0.00355	0.03544	0.02158	0.00332	0.00228	0.02312	0.00237	0.00371	0.00226	0.04628	0.12638	0.00082	0.66257	0.00128	0.02784	0.00146
4	0.00271	0.00190	0.00224	0.00205	0.00256	0.00191	0.00157	0.02385	0.22710	0.08598	0.45850	0.05293	0.10540	0.00259	0.00154	0.00045	0.00083	0.00223	0.02207	0.00160
5	0.03780	0.00356	0.00739	0.00531	0.00662	0.00338	0.80132	0.00429	0.00315	0.00444	0.00270	0.00358	0.00206	0.00120	0.00167	0.00045	0.03847	0.00152	0.00071	0.07036
6	0.00219	0.00153	0.00187	0.00181	0.00195	0.00162	0.00120	0.05737	0.00233	0.00318	0.00409	0.00763	0.00440	0.61947	0.28209	0.00154	0.00204	0.00181	0.00084	0.00104
7	0.00228	0.00165	0.00194	0.00197	0.00229	0.00164	0.00140	0.03811	0.13067	0.03616	0.04711	0.40993	0.15378	0.11260	0.01652	0.00063	0.00097	0.01571	0.02330	0.00134

[dist]
# distance from previous block
# <min> <max>
0	1

[block]
# block no. 12 follows, 233 sequences, length 9
# corresponding to MSA columns:
# 2329-2337
name=unknown_M
#
# <colnr> <probs for GDERKNQSTAVLIFYWHMCP>
#	G	D	E	R	K	N	Q	S	T	A	V	L	I	F	Y	W	H	M	C	P
0	0.00194	0.00141	0.00190	0.00198	0.00225	0.00131	0.02787	0.00230	0.00297	0.02160	0.13726	0.42679	0.18147	0.02728	0.00198	0.03384	0.00090	0.12248	0.00127	0.00119
1	0.00199	0.00133	0.00151	0.00153	0.00153	0.00132	0.00086	0.00200	0.00204	0.00272	0.00453	0.06288	0.00525	0.89736	0.00672	0.00129	0.00131	0.00212	0.00086	0.00085
2	0.00248	0.00206	0.00294	0.04773	0.04425	0.01768	0.00219	0.00273	0.00221	0.00316	0.00292	0.03179	0.00283	0.02472	0.35935	0.17771	0.26993	0.00140	0.00068	0.00124
3	0.00230	0.00154	0.00196	0.00191	0.00215	0.00155	0.01637	0.02326	0.01942	0.06009	0.02343	0.20087	0.09263	0.35443	0.14232	0.00106	0.01240	0.01565	0.02549	0.00118
4	0.08722	0.00246	0.00264	0.00221	0.00295	0.02426	0.00177	0.21842	0.05865	0.20999	0.04873	0.00489	0.00364	0.02861	0.00140	0.00042	0.00110	0.02120	0.27762	0.00182
5	0.02969	0.00363	0.00534	0.00398	0.00515	0.00376	0.32364	0.51179	0.00502	0.05810	0.00334	0.00390	0.00248	0.00155	0.00147	0.00044	0.00176	0.03170	0.00115	0.00212
6	0.00258	0.00200	0.00270	0.03844	0.11969	0.00208	0.01920	0.06865	0.08895	0.02509	0.02318	0.29445	0.03353	0.21806	0.02447	0.00072	0.01388	0.01979	0.00108	0.00144
7	0.00417	0.25683	0.02675	0.07161	0.11010	0.06849	0.00282	0.30012	0.01857	0.04529	0.00282	0.01975	0.00225	0.00151	0.00137	0.00039	0.04230	0.00112	0.00094	0.02281
8	0.00306	0.01886	0.07459	0.02966	0.04351	0.04756	0.02146	0.06781	0.04261	0.05895	0.02850	0.22131	0.00421	0.00226	0.01028	0.02127	0.02502	0.01558	0.00101	0.26249

[dist]
# distance from previous block
# <min> <max>
1	33

[block]
# block no. 13 follows, 233 sequences, length 13
# corresponding to MSA columns:
# 2389-2399,2403,2404
name=unknown_N
#
# <colnr> <probs for GDERKNQSTAVLIFYWHMCP>
#	G	D	E	R	K	N	Q	S	T	A	V	L	I	F	Y	W	H	M	C	P
0	0.00210	0.00158	0.00196	0.00210	0.02540	0.01368	0.00138	0.01898	0.02548	0.00339	0.01313	0.35066	0.01473	0.35445	0.09326	0.00099	0.04499	0.01805	0.01254	0.00113
1	0.00386	0.00234	0.00288	0.03237	0.00337	0.00231	0.01748	0.14036	0.11794	0.27111	0.09228	0.02434	0.15584	0.00237	0.01806	0.00047	0.00116	0.05062	0.01662	0.04424
2	0.00361	0.53373	0.23649	0.03028	0.01961	0.06307	0.00309	0.01773	0.01948	0.04392	0.00251	0.00280	0.01584	0.00131	0.00108	0.00035	0.00166	0.00092	0.00068	0.00186
3	0.01792	0.02519	0.03785	0.13450	0.04916	0.03894	0.03905	0.01019	0.03847	0.20379	0.04418	0.09080	0.06308	0.00843	0.05453	0.01604	0.05962	0.06549	0.00109	0.00168
4	0.00199	0.00135	0.00156	0.00157	0.00161	0.00135	0.00093	0.00205	0.00213	0.00285	0.02779	0.03226	0.03708	0.81280	0.05153	0.00130	0.00140	0.01669	0.00088	0.00089
5	0.00247	0.00177	0.01715	0.00217	0.00259	0.00164	0.03681	0.00331	0.11045	0.09584	0.15817	0.40823	0.10447	0.00321	0.00162	0.00050	0.00092	0.02187	0.02538	0.00144
6	0.48246	0.14111	0.08210	0.01700	0.01409	0.01565	0.02767	0.08750	0.04432	0.02826	0.01882	0.00286	0.00208	0.00146	0.00998	0.00043	0.00990	0.00095	0.01164	0.00172
7	0.00325	0.01641	0.01865	0.06479	0.00367	0.02013	0.02214	0.05027	0.20536	0.11152	0.07937	0.12061	0.00479	0.01534	0.03026	0.00055	0.15470	0.05119	0.02529	0.00171
