[name]
unknown

[dist]
# distance from previous block
# <min> <max>
0	81

[block]
# block no. 0 follows, 257 sequences, length 7
# corresponding to MSA columns:
# 490-493,496-498
name=unknown_A
#
# <colnr> <probs for GDERKNQSTAVLIFYWHMCP>
#	G	D	E	R	K	N	Q	S	T	A	V	L	I	F	Y	W	H	M	C	P
0	0.01584	0.06211	0.17695	0.06024	0.01809	0.10371	0.13412	0.12560	0.04239	0.01480	0.01114	0.02465	0.02927	0.01069	0.01315	0.00042	0.04032	0.05018	0.04371	0.02262
1	0.02689	0.07826	0.23400	0.08913	0.05265	0.06495	0.07181	0.09681	0.02511	0.09464	0.02089	0.01715	0.05583	0.01113	0.01211	0.00986	0.00153	0.00120	0.00082	0.03525
2	0.01563	0.01309	0.07465	0.14795	0.03452	0.02577	0.08366	0.15402	0.02620	0.06454	0.02076	0.14017	0.07116	0.00211	0.02260	0.00046	0.05653	0.01483	0.01417	0.01719
3	0.00197	0.03160	0.00189	0.00170	0.00206	0.00151	0.00130	0.00247	0.03577	0.03066	0.29515	0.10996	0.36419	0.03079	0.00178	0.00046	0.05047	0.03383	0.00120	0.00122
4	0.01349	0.11557	0.43939	0.01665	0.02250	0.06545	0.03594	0.05503	0.02524	0.03159	0.02356	0.04789	0.01284	0.00173	0.03133	0.00044	0.05780	0.00115	0.00070	0.00170
5	0.02537	0.11602	0.10914	0.06049	0.03490	0.08492	0.05236	0.09850	0.09454	0.17289	0.03053	0.04289	0.01979	0.00167	0.01427	0.00041	0.03734	0.00125	0.00095	0.00175
6	0.00174	0.00118	0.00145	0.00155	0.00161	0.00117	0.00098	0.00188	0.00210	0.00286	0.00504	0.35995	0.00581	0.49345	0.07270	0.00098	0.00117	0.00242	0.04107	0.00090

[dist]
# distance from previous block
# <min> <max>
7	18

[block]
# block no. 1 follows, 257 sequences, length 9
# corresponding to MSA columns:
# 548-556
name=unknown_B
#
# <colnr> <probs for GDERKNQSTAVLIFYWHMCP>
#	G	D	E	R	K	N	Q	S	T	A	V	L	I	F	Y	W	H	M	C	P
0	0.02006	0.00321	0.00348	0.02019	0.00373	0.00353	0.00224	0.74101	0.06136	0.03763	0.00322	0.00331	0.00234	0.01894	0.00132	0.00039	0.00130	0.00115	0.04251	0.02908
1	0.03694	0.00247	0.09681	0.13069	0.03049	0.01436	0.07601	0.03636	0.00250	0.04138	0.01173	0.05321	0.01235	0.13610	0.18163	0.02540	0.07716	0.01024	0.02282	0.00135
2	0.01317	0.14655	0.22226	0.01231	0.04652	0.13402	0.06087	0.02583	0.02149	0.11975	0.01575	0.06799	0.00253	0.00166	0.02326	0.00041	0.02953	0.00118	0.00079	0.05413
3	0.00241	0.00182	0.00212	0.00211	0.04293	0.00188	0.00153	0.02201	0.27587	0.03419	0.22820	0.04901	0.18038	0.01434	0.00142	0.00042	0.00082	0.03492	0.10215	0.00147
4	0.03253	0.00225	0.00292	0.00226	0.00321	0.00205	0.00186	0.07879	0.02818	0.79591	0.03331	0.00429	0.00328	0.00158	0.00126	0.00039	0.00108	0.00127	0.00150	0.00209
5	0.00243	0.00225	0.03184	0.22920	0.09637	0.02737	0.04699	0.05567	0.02450	0.01319	0.12116	0.10360	0.11244	0.05630	0.02216	0.00050	0.02623	0.01461	0.01180	0.00140
6	0.03783	0.06251	0.24819	0.09287	0.11950	0.02641	0.10300	0.02675	0.01431	0.16122	0.00303	0.05516	0.00240	0.00145	0.00133	0.00040	0.03080	0.01029	0.00081	0.00176
7	0.00315	0.00259	0.00278	0.00248	0.00319	0.00293	0.00194	0.03201	0.79285	0.03838	0.03876	0.00515	0.02486	0.00179	0.00130	0.00042	0.00099	0.02350	0.00128	0.01967
8	0.01731	0.00174	0.00221	0.00197	0.00253	0.00164	0.00153	0.01832	0.09299	0.33138	0.22421	0.19393	0.05983	0.00245	0.00141	0.00043	0.00087	0.04233	0.00136	0.00157

[dist]
# distance from previous block
# <min> <max>
0	4

[block]
# block no. 2 follows, 257 sequences, length 8
# corresponding to MSA columns:
# 561-563,572-574,590,591
name=unknown_C
#
# <colnr> <probs for GDERKNQSTAVLIFYWHMCP>
#	G	D	E	R	K	N	Q	S	T	A	V	L	I	F	Y	W	H	M	C	P
0	0.05842	0.07049	0.17701	0.05484	0.11102	0.03874	0.10290	0.05813	0.01580	0.09597	0.01418	0.10492	0.01386	0.00177	0.01544	0.01235	0.04179	0.00137	0.00934	0.00166
1	0.00177	0.00126	0.00160	0.00174	0.00193	0.00120	0.00121	0.02713	0.01871	0.01968	0.15036	0.62623	0.08070	0.03130	0.02845	0.00054	0.00082	0.00306	0.00119	0.00111
2	0.00169	0.00117	0.00153	0.00174	0.00188	0.00108	0.00120	0.00194	0.00252	0.02558	0.05341	0.72082	0.07393	0.03345	0.00181	0.01980	0.00077	0.05348	0.00116	0.00105
3	0.01600	0.00241	0.04134	0.55402	0.09216	0.00263	0.04041	0.01711	0.04193	0.00361	0.02030	0.07094	0.03181	0.00169	0.01369	0.00044	0.02218	0.01265	0.01321	0.00147
4	0.03463	0.03193	0.02441	0.21584	0.13427	0.09780	0.12003	0.10959	0.04284	0.04443	0.01346	0.03433	0.01703	0.01594	0.01697	0.00817	0.02589	0.01001	0.00079	0.00164
5	0.02177	0.00145	0.00175	0.00177	0.02861	0.00138	0.00127	0.00248	0.03751	0.03822	0.31283	0.10187	0.34345	0.02819	0.03926	0.00051	0.02062	0.00232	0.01354	0.00121
6	0.00185	0.00136	0.00162	0.00154	0.00191	0.00125	0.00116	0.00248	0.04658	0.02606	0.53598	0.04173	0.30251	0.00272	0.00146	0.00041	0.00064	0.00235	0.02519	0.00120
7	0.10124	0.01648	0.02544	0.03682	0.04679	0.02606	0.04156	0.31882	0.08612	0.20967	0.01457	0.02150	0.03314	0.00158	0.00124	0.00039	0.00127	0.01426	0.00115	0.00189

[dist]
# distance from previous block
# <min> <max>
6	45

[block]
# block no. 3 follows, 257 sequences, length 17
# corresponding to MSA columns:
# 646-649,651-660,666,667,669
name=unknown_D
#
# <colnr> <probs for GDERKNQSTAVLIFYWHMCP>
#	G	D	E	R	K	N	Q	S	T	A	V	L	I	F	Y	W	H	M	C	P
0	0.04742	0.18915	0.32422	0.01987	0.04018	0.01880	0.12549	0.08932	0.01623	0.07142	0.03174	0.00308	0.00883	0.00128	0.00118	0.00037	0.00783	0.00105	0.00074	0.00178
1	0.00168	0.00115	0.00151	0.00175	0.00187	0.00107	0.00120	0.00194	0.00251	0.02829	0.03011	0.80439	0.05012	0.01425	0.00163	0.00051	0.00075	0.03568	0.01851	0.00106
2	0.00185	0.00137	0.00173	0.01114	0.01792	0.00128	0.00145	0.01437	0.00287	0.02366	0.07555	0.24349	0.31873	0.00331	0.00158	0.00049	0.00085	0.27606	0.00118	0.00115
3	0.01671	0.25442	0.33537	0.04573	0.05791	0.01843	0.05569	0.03343	0.05196	0.05945	0.01918	0.02024	0.00222	0.00132	0.00118	0.00037	0.01477	0.00916	0.00071	0.00175
4	0.01520	0.01836	0.02258	0.12960	0.05352	0.00197	0.02599	0.02271	0.04453	0.11805	0.06375	0.19918	0.17833	0.01376	0.01317	0.02148	0.04782	0.00201	0.00660	0.00140
5	0.00166	0.00127	0.00148	0.00147	0.00180	0.00112	0.00109	0.00207	0.00305	0.01470	0.35534	0.12756	0.44473	0.02512	0.00162	0.00044	0.00066	0.01246	0.00124	0.00111
6	0.01410	0.01489	0.02020	0.46981	0.25790	0.00292	0.10017	0.01657	0.04393	0.01561	0.01296	0.00989	0.00206	0.00127	0.00131	0.00041	0.01252	0.00119	0.00065	0.00164
7	0.02010	0.08632	0.14417	0.08495	0.09705	0.00889	0.07859	0.08638	0.10948	0.12497	0.02118	0.03867	0.02881	0.00155	0.00133	0.00040	0.02959	0.01259	0.02321	0.00176
8	0.00225	0.02016	0.24582	0.00232	0.00309	0.01729	0.03013	0.02088	0.02367	0.02862	0.38187	0.08254	0.08089	0.02135	0.01299	0.00906	0.01274	0.00188	0.00104	0.00141
9	0.86068	0.00249	0.00202	0.00176	0.00256	0.00284	0.00145	0.05923	0.00244	0.05238	0.00199	0.00221	0.00150	0.00121	0.00083	0.00039	0.00100	0.00074	0.00085	0.00145
10	0.00731	0.02506	0.07486	0.31963	0.21956	0.03281	0.09600	0.03538	0.01863	0.04737	0.02591	0.01533	0.01840	0.00145	0.00944	0.00042	0.02409	0.01185	0.01485	0.00165
11	0.00259	0.00960	0.01961	0.47147	0.14722	0.01834	0.06549	0.01416	0.04068	0.01476	0.02903	0.04112	0.02586	0.00180	0.03412	0.00048	0.04026	0.02118	0.00070	0.00152
12	0.00163	0.00117	0.00154	0.00180	0.00194	0.00110	0.00129	0.00193	0.00253	0.00335	0.01779	0.70305	0.06278	0.01996	0.00169	0.00052	0.00080	0.15720	0.01688	0.00105
13	0.00255	0.00225	0.03089	0.02321	0.00321	0.01938	0.12074	0.04023	0.15737	0.05222	0.16017	0.02961	0.22244	0.00226	0.00155	0.00043	0.04621	0.07033	0.01346	0.00147
14	0.02230	0.05248	0.11980	0.05014	0.13211	0.02491	0.06576	0.05262	0.04950	0.35150	0.01832	0.02021	0.01007	0.00148	0.00128	0.00039	0.01036	0.01383	0.00105	0.00189
15	0.05021	0.00232	0.01958	0.00224	0.00317	0.01828	0.00186	0.03962	0.04261	0.72746	0.04896	0.00436	0.00339	0.01453	0.00132	0.00040	0.00109	0.00127	0.00144	0.01590
16	0.01545	0.05382	0.01145	0.04431	0.06125	0.09352	0.51087	0.02085	0.00837	0.03865	0.01916	0.06064	0.01030	0.01516	0.00150	0.00042	0.02196	0.00146	0.00924	0.00162

[dist]
# distance from previous block
# <min> <max>
2	26

[block]
# block no. 4 follows, 257 sequences, length 20
# corresponding to MSA columns:
# 715-720,733-735,738-748
name=unknown_E
#
# <colnr> <probs for GDERKNQSTAVLIFYWHMCP>
#	G	D	E	R	K	N	Q	S	T	A	V	L	I	F	Y	W	H	M	C	P
0	0.00249	0.00197	0.00236	0.02919	0.00277	0.02114	0.01598	0.06419	0.18310	0.03484	0.02983	0.29414	0.05638	0.06287	0.00851	0.00051	0.05255	0.08078	0.00109	0.05529
1	0.01293	0.00209	0.00254	0.00215	0.00282	0.00210	0.00171	0.08007	0.19494	0.33358	0.22429	0.03759	0.03833	0.00200	0.00140	0.00041	0.02125	0.01772	0.02032	0.00176
2	0.00199	0.00146	0.00178	0.00166	0.00205	0.00137	0.00127	0.03080	0.05015	0.02316	0.62604	0.02555	0.16189	0.00259	0.00146	0.00040	0.00068	0.03351	0.01164	0.02054
3	0.71143	0.01460	0.05210	0.02396	0.00279	0.00271	0.00164	0.00392	0.04936	0.06191	0.04540	0.00280	0.00215	0.01077	0.00096	0.00040	0.00103	0.00087	0.00975	0.00146
4	0.00471	0.00591	0.00358	0.00323	0.00389	0.91365	0.00243	0.04174	0.00366	0.00327	0.00199	0.00230	0.00164	0.00131	0.00114	0.00033	0.00224	0.00082	0.00067	0.00149
5	0.00198	0.00148	0.00178	0.00184	0.00223	0.00142	0.00150	0.01127	0.07230	0.02753	0.10565	0.04691	0.36796	0.00310	0.00156	0.00048	0.00087	0.34772	0.00121	0.00122
6	0.00188	0.00140	0.00170	0.00160	0.00195	0.00132	0.00120	0.00264	0.07584	0.01362	0.66172	0.01852	0.16464	0.03087	0.00161	0.00043	0.00066	0.00225	0.01493	0.00122
7	0.04000	0.00218	0.00351	0.77193	0.04452	0.00264	0.00317	0.01259	0.00255	0.00345	0.00262	0.06860	0.00219	0.00144	0.00125	0.00042	0.00154	0.00127	0.03274	0.00140
8	0.00244	0.00230	0.00387	0.86465	0.07412	0.00284	0.00351	0.00326	0.00253	0.00328	0.00223	0.00333	0.00170	0.00127	0.00133	0.00042	0.02381	0.00112	0.00056	0.00144
9	0.00191	0.00140	0.00169	0.00161	0.00198	0.00130	0.00121	0.00261	0.06402	0.03326	0.58945	0.03914	0.23818	0.00269	0.00147	0.00041	0.00066	0.01444	0.00132	0.00123
10	0.00168	0.00115	0.00152	0.00177	0.00189	0.00107	0.00121	0.00192	0.00249	0.03143	0.00718	0.83702	0.05783	0.00382	0.00160	0.00051	0.00075	0.04293	0.00118	0.00106
11	0.09622	0.00882	0.00396	0.06631	0.34966	0.01590	0.01592	0.02567	0.00255	0.03016	0.00238	0.00344	0.00209	0.01991	0.02630	0.00049	0.28389	0.02906	0.01564	0.00162
12	0.02098	0.00143	0.00161	0.00164	0.00196	0.01948	0.00987	0.00205	0.00277	0.00354	0.08836	0.26000	0.49384	0.00322	0.00162	0.00046	0.03835	0.04661	0.00114	0.00110
13	0.00165	0.00130	0.00141	0.00139	0.00179	0.00111	0.00105	0.00202	0.00300	0.02499	0.17643	0.03743	0.71591	0.00307	0.00149	0.00043	0.00065	0.02257	0.00122	0.00111
14	0.00249	0.00231	0.00381	0.82251	0.05752	0.00285	0.00341	0.03125	0.00260	0.00339	0.00226	0.00334	0.00173	0.00142	0.01261	0.00990	0.03345	0.00112	0.00058	0.00144
15	0.00275	0.11636	0.79379	0.00337	0.00510	0.00316	0.00424	0.02813	0.00275	0.02592	0.00228	0.00263	0.00165	0.00120	0.00115	0.00038	0.00177	0.00091	0.00058	0.00185
16	0.00253	0.03115	0.82642	0.00336	0.00505	0.00281	0.00424	0.00387	0.00273	0.02102	0.05913	0.01651	0.01302	0.00134	0.00121	0.00040	0.00173	0.00107	0.00062	0.00180
17	0.00274	0.06723	0.00905	0.00220	0.00264	0.01003	0.01469	0.06324	0.02809	0.11897	0.02291	0.01722	0.00930	0.06393	0.44990	0.00648	0.07387	0.00134	0.03481	0.00138
18	0.06848	0.02436	0.13304	0.04152	0.04222	0.07426	0.06817	0.04314	0.04055	0.17128	0.07193	0.08419	0.07029	0.01107	0.00146	0.00042	0.04393	0.00709	0.00098	0.00162
19	0.04340	0.07294	0.08581	0.12738	0.02403	0.09375	0.01838	0.17945	0.12137	0.14013	0.01204	0.01668	0.01598	0.00152	0.00129	0.00039	0.02516	0.01757	0.00097	0.00178

[dist]
# distance from previous block
# <min> <max>
5	241

[block]
# block no. 5 follows, 257 sequences, length 10
# corresponding to MSA columns:
# 1143-1152
name=unknown_F
#
# <colnr> <probs for GDERKNQSTAVLIFYWHMCP>
#	G	D	E	R	K	N	Q	S	T	A	V	L	I	F	Y	W	H	M	C	P
0	0.02140	0.31263	0.07356	0.05057	0.04121	0.08210	0.04739	0.05956	0.03262	0.04101	0.03887	0.05081	0.01164	0.01946	0.02122	0.00041	0.01376	0.03865	0.00078	0.04236
1	0.03871	0.03174	0.07304	0.09309	0.07804	0.02852	0.01993	0.04628	0.04973	0.05322	0.01834	0.03838	0.03116	0.21968	0.08832	0.00073	0.03137	0.00141	0.00993	0.04841
2	0.04038	0.06344	0.05460	0.09183	0.06389	0.07218	0.03149	0.25915	0.06489	0.05524	0.04634	0.04302	0.01111	0.02234	0.00819	0.00041	0.01502	0.01536	0.00096	0.04015
3	0.08083	0.01736	0.05696	0.03242	0.08723	0.04652	0.08323	0.11123	0.07428	0.10380	0.05332	0.05376	0.06939	0.02406	0.03020	0.00046	0.01192	0.01388	0.00097	0.04817
4	0.04465	0.00267	0.03376	0.05011	0.09419	0.02607	0.04123	0.11983	0.07375	0.09072	0.03738	0.03028	0.01777	0.05774	0.01545	0.00045	0.09364	0.00988	0.00092	0.15950
5	0.04899	0.02653	0.01759	0.02656	0.06651	0.03215	0.03384	0.12975	0.06021	0.11436	0.08493	0.03518	0.05119	0.07384	0.06998	0.00058	0.02918	0.06367	0.02179	0.01317
6	0.05950	0.02432	0.02236	0.16283	0.13447	0.01353	0.01847	0.03837	0.03481	0.08116	0.05601	0.02370	0.04098	0.01736	0.01739	0.05651	0.03683	0.01614	0.00732	0.13793
7	0.02837	0.25060	0.07443	0.01315	0.08288	0.09054	0.07329	0.08942	0.04477	0.06066	0.01691	0.01568	0.04035	0.01287	0.00127	0.00037	0.02290	0.02661	0.00081	0.05411
8	0.01839	0.02559	0.00185	0.02070	0.00219	0.00144	0.00133	0.03666	0.03350	0.01823	0.05545	0.55053	0.07406	0.07582	0.00187	0.00053	0.00086	0.04956	0.00111	0.03032
9	0.03278	0.00279	0.00458	0.15827	0.60234	0.01963	0.05099	0.00382	0.00285	0.05656	0.01823	0.01569	0.02332	0.00128	0.00126	0.00039	0.00149	0.00121	0.00070	0.00182

[dist]
# distance from previous block
# <min> <max>
0	1

[block]
# block no. 6 follows, 257 sequences, length 17
# corresponding to MSA columns:
# 1154-1161,1163-1171
name=unknown_G
#
# <colnr> <probs for GDERKNQSTAVLIFYWHMCP>
#	G	D	E	R	K	N	Q	S	T	A	V	L	I	F	Y	W	H	M	C	P
0	0.05109	0.03596	0.09985	0.01160	0.05626	0.01719	0.04744	0.08715	0.05608	0.22431	0.01291	0.00333	0.00847	0.00141	0.00148	0.00037	0.10314	0.00108	0.00096	0.17992
1	0.04530	0.10135	0.14814	0.03202	0.01252	0.14520	0.02947	0.09180	0.03955	0.11769	0.08201	0.07079	0.04076	0.00172	0.00127	0.00039	0.01388	0.01657	0.00094	0.00863
2	0.00173	0.00129	0.00155	0.00153	0.00185	0.00117	0.00113	0.00221	0.01689	0.01556	0.45637	0.11500	0.31522	0.04179	0.00170	0.00046	0.00067	0.02148	0.00126	0.00113
3	0.01602	0.00163	0.02236	0.00185	0.03109	0.00728	0.01904	0.03736	0.01173	0.01525	0.05521	0.10104	0.56290	0.02957	0.00162	0.00046	0.00084	0.08241	0.00113	0.00119
4	0.02411	0.13522	0.51835	0.00339	0.01334	0.02478	0.11351	0.06579	0.00292	0.03604	0.00259	0.02361	0.01172	0.01775	0.00128	0.00040	0.00170	0.00107	0.00066	0.00177
5	0.19851	0.01983	0.04791	0.00243	0.00335	0.02818	0.02812	0.15770	0.02250	0.41294	0.01318	0.00359	0.00793	0.00158	0.01243	0.00041	0.02710	0.00925	0.00119	0.00187
6	0.00157	0.00126	0.00141	0.00146	0.00180	0.00110	0.00109	0.00193	0.00289	0.00362	0.14378	0.15617	0.60885	0.00333	0.01603	0.00047	0.00071	0.05027	0.00119	0.00108
7	0.04370	0.04414	0.06395	0.07659	0.06900	0.38857	0.12205	0.05885	0.02635	0.01935	0.00247	0.03415	0.00204	0.00148	0.01503	0.00039	0.01969	0.00109	0.00952	0.00159
8	0.00265	0.13384	0.79908	0.00344	0.00518	0.00321	0.02796	0.00396	0.00265	0.00385	0.00220	0.00259	0.00161	0.00118	0.00115	0.00038	0.00180	0.00091	0.00054	0.00182
9	0.00167	0.00118	0.00153	0.00172	0.00187	0.00112	0.00120	0.00194	0.00251	0.01584	0.07579	0.60368	0.09382	0.08541	0.04806	0.00063	0.00091	0.05893	0.00113	0.00104
10	0.00196	0.01303	0.03474	0.00822	0.05083	0.02564	0.04813	0.02276	0.00279	0.01094	0.03564	0.35993	0.29875	0.02009	0.00159	0.00047	0.00095	0.06126	0.00107	0.00121
11	0.01685	0.34303	0.13943	0.00997	0.00378	0.03067	0.09264	0.08535	0.09301	0.02013	0.03686	0.00888	0.04660	0.01808	0.01921	0.00041	0.00145	0.03121	0.00079	0.00166
12	0.00261	0.12766	0.80238	0.00336	0.00507	0.00314	0.00424	0.00390	0.00264	0.00384	0.00233	0.02917	0.00179	0.00126	0.00116	0.00039	0.00176	0.00097	0.00055	0.00181
13	0.00159	0.00117	0.00145	0.00165	0.00183	0.00107	0.00116	0.00187	0.00257	0.00336	0.03408	0.62307	0.21326	0.02288	0.00166	0.00050	0.00074	0.05795	0.02710	0.00104
14	0.03653	0.21355	0.52420	0.02448	0.02508	0.03024	0.02280	0.01506	0.02222	0.03748	0.00935	0.02925	0.00198	0.00128	0.00112	0.00037	0.00163	0.00099	0.00063	0.00176
15	0.14155	0.03598	0.05149	0.02846	0.01618	0.08084	0.08867	0.12034	0.26313	0.04524	0.01221	0.05196	0.01194	0.00169	0.01375	0.00043	0.03214	0.00129	0.00098	0.00172
16	0.00315	0.00219	0.00250	0.00215	0.00275	0.00232	0.00961	0.25359	0.16383	0.07225	0.18816	0.07002	0.06086	0.00213	0.01132	0.00041	0.01179	0.01605	0.12328	0.00163

[dist]
# distance from previous block
# <min> <max>
0	5

[block]
# block no. 7 follows, 257 sequences, length 13
# corresponding to MSA columns:
# 1177-1183,1186-1191
name=unknown_H
#
# <colnr> <probs for GDERKNQSTAVLIFYWHMCP>
#	G	D	E	R	K	N	Q	S	T	A	V	L	I	F	Y	W	H	M	C	P
0	0.04809	0.10366	0.01833	0.01633	0.01055	0.08527	0.03403	0.03956	0.07554	0.09939	0.05258	0.05081	0.03851	0.01105	0.09835	0.00059	0.18198	0.01476	0.00088	0.01973
1	0.03674	0.22227	0.34841	0.02162	0.02156	0.01770	0.02354	0.07508	0.07686	0.04586	0.03438	0.01077	0.01715	0.00143	0.00904	0.00038	0.01087	0.00654	0.00076	0.01903
2	0.01778	0.06511	0.01499	0.01299	0.00396	0.45438	0.12765	0.07101	0.05384	0.01077	0.04088	0.01562	0.04131	0.00153	0.00134	0.00037	0.03906	0.01842	0.00743	0.00154
3	0.00157	0.00127	0.00135	0.00133	0.00173	0.00109	0.00100	0.00194	0.00299	0.00373	0.17841	0.01142	0.75274	0.00303	0.00147	0.00042	0.00063	0.00255	0.03026	0.00109
4	0.01919	0.00249	0.04507	0.00241	0.02091	0.00222	0.00200	0.12611	0.07196	0.59269	0.03848	0.00433	0.01465	0.00159	0.00125	0.00039	0.00110	0.00128	0.04986	0.00201
5	0.06510	0.03823	0.17197	0.02766	0.11125	0.05814	0.08543	0.05673	0.05558	0.16077	0.01057	0.02623	0.04964	0.00164	0.00127	0.00041	0.00143	0.07529	0.00093	0.00174
6	0.04602	0.02038	0.04221	0.03235	0.03781	0.05229	0.52044	0.06768	0.02499	0.00418	0.01178	0.03733	0.00234	0.00873	0.06838	0.00053	0.01880	0.00140	0.00072	0.00163
7	0.03064	0.00239	0.00302	0.00233	0.00329	0.00224	0.00192	0.17843	0.00399	0.72944	0.02594	0.00411	0.00309	0.00156	0.00126	0.00039	0.00112	0.00125	0.00148	0.00210
8	0.01064	0.03406	0.01255	0.04233	0.10099	0.00181	0.01260	0.03666	0.02326	0.03932	0.07841	0.36197	0.05004	0.02584	0.00161	0.00745	0.01477	0.07779	0.00916	0.05873
9	0.01552	0.27819	0.51932	0.02347	0.01651	0.02339	0.05239	0.01768	0.00272	0.01876	0.00226	0.02036	0.00178	0.00122	0.00111	0.00036	0.00168	0.00094	0.00059	0.00175
10	0.00264	0.00259	0.00369	0.00317	0.00325	0.00349	0.03623	0.00305	0.02992	0.00312	0.00217	0.04355	0.00217	0.02205	0.06483	0.00065	0.77019	0.00126	0.00061	0.00136
11	0.00152	0.00127	0.00132	0.00133	0.00172	0.00107	0.00099	0.00186	0.00293	0.00357	0.10917	0.04577	0.81685	0.00315	0.00149	0.00043	0.00064	0.00265	0.00119	0.00107
12	0.00289	0.00291	0.00385	0.01915	0.00348	0.05161	0.02227	0.02338	0.02479	0.00321	0.00184	0.00285	0.00175	0.00224	0.02312	0.00056	0.80697	0.00111	0.00059	0.00142

[dist]
# distance from previous block
# <min> <max>
1	38

[block]
# block no. 8 follows, 257 sequences, length 13
# corresponding to MSA columns:
# 1230-1235,1238,1242,1244-1248
name=unknown_I
#
# <colnr> <probs for GDERKNQSTAVLIFYWHMCP>
#	G	D	E	R	K	N	Q	S	T	A	V	L	I	F	Y	W	H	M	C	P
0	0.09946	0.07089	0.00366	0.03471	0.02115	0.67357	0.00237	0.05615	0.00341	0.00362	0.00199	0.00233	0.00163	0.00129	0.00115	0.00034	0.01928	0.00083	0.00068	0.00151
1	0.00266	0.06428	0.84064	0.00352	0.00530	0.00309	0.02674	0.03250	0.00276	0.00405	0.00226	0.00265	0.00162	0.00120	0.00118	0.00039	0.00182	0.00093	0.00056	0.00185
2	0.00175	0.00135	0.00163	0.01795	0.00201	0.00125	0.00121	0.01296	0.02002	0.00431	0.48327	0.02760	0.34492	0.01631	0.01201	0.00045	0.00071	0.04783	0.00126	0.00116
3	0.00153	0.00127	0.00134	0.00134	0.00173	0.00108	0.00100	0.00189	0.00295	0.00364	0.14990	0.05169	0.77002	0.00313	0.00149	0.00042	0.00064	0.00264	0.00120	0.00108
4	0.00172	0.00123	0.00166	0.00195	0.00209	0.00118	0.00147	0.00206	0.00257	0.00339	0.00676	0.59209	0.00784	0.03007	0.00179	0.00056	0.00090	0.33845	0.00115	0.00106
5	0.00314	0.00258	0.00275	0.00246	0.00316	0.00294	0.00192	0.01923	0.82346	0.03856	0.03528	0.00499	0.02728	0.00176	0.00128	0.00042	0.00097	0.00147	0.02443	0.00193
6	0.00221	0.00177	0.00222	0.00205	0.00237	0.01301	0.03002	0.04465	0.04499	0.02354	0.04735	0.18369	0.24347	0.05644	0.06832	0.00060	0.14719	0.01615	0.06871	0.00124
7	0.75703	0.00260	0.00215	0.00188	0.00267	0.02220	0.00153	0.07400	0.08465	0.03813	0.00226	0.00243	0.00170	0.00126	0.00088	0.00039	0.00104	0.00080	0.00088	0.00151
8	0.03851	0.04810	0.00351	0.15377	0.13857	0.03041	0.02773	0.15720	0.00312	0.04681	0.02629	0.03212	0.00287	0.01536	0.12568	0.03152	0.05013	0.05230	0.01444	0.00155
9	0.00483	0.00346	0.00374	0.00287	0.00387	0.00381	0.00237	0.89882	0.00581	0.05295	0.00312	0.00308	0.00219	0.00151	0.00126	0.00038	0.00137	0.00114	0.00127	0.00214
10	0.00287	0.08594	0.04604	0.26341	0.20163	0.02294	0.03434	0.02502	0.14753	0.01882	0.01956	0.03287	0.02660	0.00151	0.00135	0.00040	0.03513	0.01842	0.00834	0.00728
11	0.00316	0.00263	0.00279	0.00248	0.00318	0.00299	0.00193	0.08069	0.76948	0.01857	0.01831	0.02114	0.05146	0.01370	0.00136	0.00043	0.00100	0.00151	0.00127	0.00192
12	0.00197	0.00144	0.00180	0.00169	0.00204	0.00139	0.00127	0.00284	0.09800	0.02130	0.78450	0.02789	0.04398	0.00252	0.00146	0.00040	0.00065	0.00221	0.00137	0.00128

[dist]
# distance from previous block
# <min> <max>
0	1

[block]
# block no. 9 follows, 257 sequences, length 6
# corresponding to MSA columns:
# 1251-1256
name=unknown_J
#
# <colnr> <probs for GDERKNQSTAVLIFYWHMCP>
#	G	D	E	R	K	N	Q	S	T	A	V	L	I	F	Y	W	H	M	C	P
0	0.00392	0.02807	0.20584	0.02597	0.09787	0.05658	0.06539	0.07311	0.03765	0.31126	0.00348	0.03370	0.00256	0.01450	0.00138	0.00040	0.02106	0.00122	0.01417	0.00188
1	0.00211	0.00170	0.00163	0.00160	0.00168	0.09437	0.00098	0.00217	0.00201	0.00254	0.00373	0.00744	0.00420	0.80087	0.06701	0.00119	0.00146	0.00170	0.00075	0.00085
2	0.00164	0.00118	0.00151	0.00170	0.00182	0.00109	0.00112	0.00185	0.00233	0.00314	0.00618	0.74366	0.00734	0.16223	0.00237	0.00061	0.00082	0.00313	0.00108	0.05520
3	0.00256	0.00231	0.02182	0.04158	0.46713	0.01604	0.00269	0.00318	0.01645	0.01817	0.05225	0.24833	0.01726	0.01550	0.01580	0.00045	0.00124	0.01496	0.04070	0.00158
4	0.02149	0.11377	0.11971	0.02849	0.06257	0.02831	0.04647	0.13552	0.10647	0.19950	0.02364	0.00376	0.00269	0.02660	0.03229	0.00046	0.03288	0.01256	0.00098	0.00182
5	0.04486	0.00223	0.00295	0.00232	0.00316	0.00214	0.00191	0.03968	0.00346	0.74278	0.04433	0.00422	0.00324	0.00165	0.00154	0.00041	0.09447	0.00126	0.00141	0.00200

[dist]
# distance from previous block
# <min> <max>
1	7

[block]
# block no. 10 follows, 257 sequences, length 14
# corresponding to MSA columns:
# 1268-1278,1280-1282
name=unknown_K
#
# <colnr> <probs for GDERKNQSTAVLIFYWHMCP>
#	G	D	E	R	K	N	Q	S	T	A	V	L	I	F	Y	W	H	M	C	P
0	0.02079	0.05265	0.03485	0.05149	0.61644	0.02354	0.01033	0.03297	0.04069	0.00409	0.01243	0.01313	0.00220	0.00155	0.03433	0.00044	0.04441	0.00114	0.00068	0.00185
1	0.00241	0.00219	0.00364	0.84142	0.03431	0.00267	0.00332	0.00321	0.00257	0.02171	0.00283	0.02044	0.03606	0.00141	0.00128	0.00042	0.00160	0.01647	0.00062	0.00141
2	0.00313	0.05830	0.01821	0.03260	0.47267	0.05421	0.04959	0.08144	0.06155	0.01033	0.02183	0.03930	0.06348	0.00148	0.00130	0.00038	0.01501	0.00132	0.00079	0.01308
3	0.00185	0.00122	0.00140	0.00140	0.00145	0.00122	0.00083	0.00193	0.00197	0.00271	0.02554	0.03441	0.02635	0.78340	0.04641	0.00114	0.00123	0.00185	0.06285	0.00083
4	0.01559	0.02549	0.06075	0.09270	0.02376	0.06878	0.27816	0.06359	0.23617	0.00432	0.00310	0.00354	0.01201	0.00144	0.00162	0.00042	0.10477	0.00127	0.00082	0.00172
5	0.00187	0.00130	0.00169	0.00159	0.00190	0.00120	0.00120	0.00245	0.00352	0.02483	0.88583	0.03221	0.01144	0.00257	0.00147	0.00040	0.00061	0.00227	0.02046	0.00120
6	0.00159	0.00126	0.00140	0.00142	0.00175	0.00112	0.00104	0.00192	0.00280	0.00351	0.13824	0.10453	0.58385	0.09571	0.02560	0.00055	0.00078	0.03074	0.00115	0.00105
7	0.00188	0.00142	0.00185	0.00173	0.00200	0.00143	0.00131	0.00246	0.01529	0.00474	0.76547	0.02812	0.04838	0.01432	0.00176	0.00042	0.08271	0.00218	0.02134	0.00120
8	0.00451	0.00198	0.00262	0.00212	0.00290	0.00179	0.00172	0.04525	0.02132	0.63121	0.22568	0.02024	0.00533	0.00188	0.00134	0.00040	0.00097	0.02540	0.00148	0.00187
9	0.00266	0.04914	0.82544	0.00361	0.00538	0.00301	0.06503	0.00403	0.00270	0.02434	0.00231	0.00271	0.00165	0.00119	0.00120	0.00039	0.00184	0.00096	0.00056	0.00185
10	0.30982	0.00247	0.00252	0.00211	0.00287	0.01520	0.02559	0.16283	0.16154	0.12104	0.00338	0.00346	0.00249	0.00142	0.00105	0.00038	0.00103	0.00107	0.17808	0.00167
11	0.14109	0.00227	0.03256	0.00218	0.00303	0.00205	0.01057	0.03788	0.00316	0.55736	0.00407	0.01497	0.00288	0.04220	0.07455	0.00055	0.01045	0.01109	0.00938	0.03768
12	0.00268	0.00229	0.00273	0.06324	0.00339	0.00183	0.00166	0.03824	0.00273	0.00419	0.00227	0.00268	0.00186	0.00098	0.00097	0.00021	0.00100	0.00078	0.00075	0.86553
13	0.03744	0.00885	0.00317	0.06758	0.08536	0.17134	0.02339	0.20691	0.04618	0.05364	0.00976	0.05647	0.00301	0.17013	0.02945	0.00058	0.01302	0.01128	0.00091	0.00155

[dist]
# distance from previous block
# <min> <max>
0	45

[block]
# block no. 11 follows, 257 sequences, length 10
# corresponding to MSA columns:
# 1335-1338,1340-1345
name=unknown_L
#
# <colnr> <probs for GDERKNQSTAVLIFYWHMCP>
#	G	D	E	R	K	N	Q	S	T	A	V	L	I	F	Y	W	H	M	C	P
0	0.12848	0.09811	0.07740	0.02051	0.02519	0.04133	0.25014	0.11374	0.02456	0.01192	0.02927	0.04778	0.00253	0.00151	0.00878	0.00041	0.05104	0.01668	0.00859	0.04200
1	0.56583	0.02942	0.02514	0.00200	0.00282	0.00279	0.01804	0.10019	0.06188	0.06719	0.02721	0.01645	0.02233	0.01597	0.00105	0.00040	0.00106	0.00098	0.00092	0.03833
2	0.01481	0.09388	0.13644	0.04301	0.02551	0.02154	0.12220	0.01689	0.01772	0.03692	0.00237	0.03799	0.00210	0.00182	0.01149	0.00047	0.40050	0.01213	0.00065	0.00155
3	0.04081	0.15786	0.32097	0.04190	0.04133	0.00301	0.05252	0.06270	0.02617	0.09168	0.02444	0.05474	0.02597	0.00153	0.00124	0.00039	0.01423	0.02531	0.00080	0.01239
4	0.00210	0.02846	0.00228	0.10833	0.00303	0.00173	0.01666	0.02676	0.04123	0.00352	0.02195	0.20142	0.01633	0.16725	0.01874	0.00065	0.00118	0.32380	0.00100	0.01357
5	0.00428	0.00211	0.01771	0.00232	0.00308	0.00191	0.06486	0.03004	0.02889	0.54791	0.04088	0.01988	0.02769	0.07593	0.00207	0.08193	0.02487	0.00141	0.02047	0.00174
6	0.00297	0.00258	0.00404	0.10089	0.47140	0.01670	0.03815	0.02283	0.06756	0.05584	0.12050	0.03240	0.01704	0.00157	0.00138	0.00871	0.01504	0.00984	0.00881	0.00175
7	0.00359	0.01660	0.08334	0.07113	0.03371	0.06065	0.02285	0.22157	0.06550	0.10254	0.00296	0.01612	0.00224	0.00132	0.00118	0.00033	0.00946	0.00105	0.00916	0.27470
8	0.00153	0.00110	0.00146	0.00175	0.00183	0.00102	0.00117	0.00175	0.00241	0.00322	0.00694	0.95491	0.00833	0.00395	0.00161	0.00051	0.00073	0.00358	0.00117	0.00102
9	0.01703	0.01317	0.00293	0.01773	0.00325	0.00262	0.00194	0.22597	0.23071	0.29035	0.07376	0.01965	0.05126	0.00181	0.00133	0.00040	0.01255	0.02142	0.01023	0.00190

[dist]
# distance from previous block
# <min> <max>
1	6

[block]
# block no. 12 follows, 257 sequences, length 67
# corresponding to MSA columns:
# 1378-1416,1418-1433,1442-1453
name=unknown_M
#
# <colnr> <probs for GDERKNQSTAVLIFYWHMCP>
#	G	D	E	R	K	N	Q	S	T	A	V	L	I	F	Y	W	H	M	C	P
0	0.02298	0.00992	0.06104	0.06784	0.05585	0.00812	0.01155	0.15372	0.00568	0.48031	0.01216	0.03306	0.00288	0.00160	0.00138	0.00040	0.03911	0.01675	0.00424	0.01141
1	0.65675	0.02647	0.01008	0.01012	0.10103	0.12394	0.00564	0.02533	0.00253	0.02057	0.00194	0.00227	0.00152	0.00119	0.00090	0.00038	0.00123	0.00077	0.00076	0.00657
2	0.00152	0.00126	0.00133	0.00136	0.00174	0.00107	0.00101	0.00185	0.00286	0.00348	0.06770	0.12023	0.77254	0.00324	0.00151	0.00044	0.00065	0.01397	0.00118	0.00107
3	0.00328	0.12350	0.26299	0.01425	0.07079	0.08234	0.11969	0.11017	0.12353	0.01345	0.00269	0.00299	0.00205	0.00126	0.00120	0.00037	0.00738	0.00105	0.00076	0.05627
4	0.00301	0.00237	0.00260	0.00233	0.00297	0.00263	0.00181	0.01608	0.66832	0.06302	0.21430	0.00570	0.00557	0.00189	0.00133	0.00042	0.00092	0.00160	0.00132	0.00183
5	0.00263	0.00223	0.00246	0.00233	0.02421	0.00245	0.00926	0.00749	0.59601	0.00465	0.06869	0.05419	0.15086	0.05727	0.00582	0.00048	0.00095	0.00516	0.00121	0.00167
6	0.00178	0.00122	0.00161	0.00170	0.00190	0.00113	0.00121	0.00218	0.00295	0.03290	0.41477	0.47338	0.01785	0.01810	0.00162	0.00047	0.00070	0.02213	0.00127	0.00113
7	0.00159	0.00129	0.00141	0.00141	0.00180	0.00112	0.00108	0.00198	0.00301	0.00375	0.19454	0.01175	0.69581	0.00309	0.00151	0.00043	0.00067	0.07146	0.00121	0.00109
8	0.01763	0.00259	0.00286	0.00229	0.00321	0.01880	0.00183	0.10669	0.30421	0.09669	0.00354	0.00362	0.00270	0.00137	0.00118	0.00032	0.01724	0.01266	0.00105	0.39953
9	0.00337	0.90039	0.04111	0.00222	0.00333	0.00488	0.00225	0.02475	0.00264	0.00311	0.00180	0.00207	0.00163	0.00109	0.00083	0.00028	0.00137	0.00069	0.00055	0.00164
10	0.00489	0.00307	0.00340	0.00264	0.00359	0.02877	0.00217	0.57983	0.02956	0.28436	0.01459	0.00354	0.00260	0.00154	0.00125	0.00038	0.00128	0.00119	0.02928	0.00208
11	0.00906	0.02414	0.00331	0.00248	0.00343	0.01800	0.03898	0.17008	0.01107	0.65631	0.00431	0.00392	0.00281	0.00153	0.00130	0.00039	0.01908	0.00122	0.02650	0.00206
12	0.00167	0.00130	0.00152	0.00148	0.00183	0.00116	0.00111	0.00216	0.01500	0.00424	0.47009	0.03711	0.43010	0.00290	0.00149	0.00042	0.00064	0.02338	0.00128	0.00114
13	0.02986	0.00133	0.00156	0.00154	0.00160	0.00140	0.00096	0.01163	0.00193	0.00269	0.00388	0.04508	0.00437	0.75180	0.10767	0.00123	0.02806	0.00179	0.00077	0.00086
14	0.02392	0.00219	0.00290	0.00224	0.00320	0.00194	0.00184	0.01299	0.04849	0.85141	0.00482	0.00421	0.00308	0.00154	0.00125	0.00039	0.00106	0.00125	0.00151	0.02979
15	0.00171	0.00128	0.00162	0.00176	0.00202	0.00119	0.00135	0.00213	0.00288	0.00377	0.20177	0.26081	0.23340	0.01445	0.01218	0.00051	0.00083	0.25403	0.00120	0.00110
16	0.00196	0.00142	0.00194	0.00220	0.00250	0.00140	0.00190	0.00251	0.00289	0.00372	0.00730	0.03421	0.10393	0.00346	0.00171	0.00056	0.00110	0.82297	0.00116	0.00115
17	0.02043	0.00311	0.00343	0.00261	0.00363	0.00324	0.00215	0.64537	0.00498	0.11295	0.00307	0.00307	0.00219	0.00140	0.00119	0.00034	0.00126	0.00107	0.00119	0.18333
18	0.00239	0.00225	0.00374	0.87163	0.02460	0.00280	0.00341	0.00322	0.01141	0.00325	0.00236	0.02685	0.00187	0.00136	0.00137	0.00043	0.03391	0.00118	0.00058	0.00141
19	0.00183	0.00132	0.00168	0.00159	0.00191	0.00122	0.00120	0.00245	0.02109	0.01359	0.82758	0.00953	0.08813	0.00260	0.00148	0.00040	0.00062	0.01387	0.00669	0.00120
20	0.00455	0.03392	0.00364	0.00316	0.00383	0.80850	0.00241	0.05237	0.04997	0.00343	0.00215	0.00243	0.00176	0.00134	0.00120	0.00034	0.02191	0.00086	0.00071	0.00152
21	0.00298	0.00280	0.00474	0.00699	0.81288	0.00280	0.01522	0.00373	0.01254	0.00407	0.00292	0.02204	0.00267	0.00142	0.00131	0.00040	0.00145	0.09646	0.00070	0.00189
22	0.00177	0.00128	0.00166	0.00157	0.00187	0.00118	0.00118	0.00235	0.00351	0.00495	0.88346	0.02603	0.04860	0.00261	0.00148	0.00040	0.00060	0.00230	0.01202	0.00118
23	0.00153	0.00126	0.00133	0.00135	0.00172	0.00108	0.00100	0.00186	0.00289	0.00354	0.10661	0.09127	0.75827	0.01869	0.00158	0.00044	0.00065	0.00268	0.00118	0.00107
24	0.00159	0.00122	0.00146	0.00157	0.00182	0.00109	0.00112	0.00194	0.00631	0.00365	0.19165	0.38760	0.34187	0.01900	0.00162	0.00047	0.00069	0.03304	0.00121	0.00107
25	0.80710	0.01210	0.00208	0.00176	0.00258	0.00276	0.00145	0.03707	0.00242	0.08266	0.00208	0.00228	0.00156	0.00120	0.00084	0.00038	0.00100	0.00075	0.00086	0.03707
26	0.00388	0.00244	0.00280	0.00237	0.00317	0.00256	0.00188	0.02389	0.52794	0.30560	0.03252	0.00457	0.00370	0.00164	0.00125	0.00040	0.00100	0.00135	0.02509	0.05195
27	0.00286	0.01444	0.00420	0.01279	0.08465	0.01846	0.07990	0.00801	0.00220	0.01255	0.01322	0.00296	0.00187	0.00196	0.00342	0.00051	0.71481	0.00114	0.01856	0.00147
28	0.03463	0.00246	0.00288	0.00236	0.00320	0.00253	0.00190	0.13997	0.30431	0.41299	0.03343	0.02004	0.00873	0.00167	0.00126	0.00040	0.00106	0.00135	0.02283	0.00200
29	0.00171	0.00129	0.00157	0.00152	0.00184	0.00117	0.00113	0.00223	0.01421	0.00448	0.62255	0.05301	0.26811	0.01769	0.00157	0.00042	0.00063	0.00242	0.00131	0.00115
30	0.00183	0.00133	0.00174	0.00197	0.00217	0.00130	0.00150	0.01768	0.03352	0.00359	0.03387	0.50501	0.02450	0.03393	0.00178	0.00055	0.00091	0.33055	0.00116	0.00112
31	0.03169	0.00216	0.00290	0.00223	0.00320	0.00189	0.00184	0.01339	0.00358	0.91578	0.00487	0.00422	0.00306	0.00155	0.00125	0.00039	0.00107	0.00125	0.00154	0.00212
32	0.01096	0.11693	0.00394	0.00312	0.00382	0.82794	0.00834	0.00487	0.00344	0.00309	0.00193	0.00225	0.00162	0.00127	0.00110	0.00032	0.00215	0.00080	0.00064	0.00148
33	0.95429	0.00243	0.00186	0.00166	0.00244	0.00282	0.00137	0.00373	0.00216	0.01582	0.00179	0.00207	0.00138	0.00117	0.00078	0.00039	0.00098	0.00069	0.00079	0.00137
34	0.83260	0.00243	0.00202	0.00175	0.00256	0.00274	0.00144	0.02689	0.00240	0.11255	0.00215	0.00232	0.00158	0.00122	0.00085	0.00039	0.00100	0.00076	0.00088	0.00147
35	0.00161	0.00116	0.00153	0.00174	0.00188	0.00109	0.00122	0.00192	0.00265	0.00355	0.15548	0.67256	0.06120	0.01300	0.00164	0.00050	0.00074	0.07427	0.00120	0.00106
36	0.00206	0.00174	0.00249	0.13135	0.18138	0.00175	0.00195	0.00997	0.01174	0.00367	0.12869	0.11974	0.25877	0.09948	0.00886	0.00052	0.00105	0.03256	0.00097	0.00129
37	0.01978	0.00224	0.00293	0.00227	0.00322	0.00204	0.00187	0.06445	0.04544	0.81450	0.01520	0.00425	0.00316	0.00157	0.00126	0.00039	0.00108	0.00127	0.01100	0.00211
38	0.01777	0.00195	0.02365	0.00206	0.02308	0.01065	0.01913	0.03967	0.04901	0.14098	0.23972	0.07714	0.14730	0.00232	0.02571	0.00042	0.00095	0.00644	0.02251	0.14954
39	0.02267	0.00271	0.00284	0.00236	0.00311	0.09312	0.01059	0.20458	0.16252	0.24195	0.14866	0.00794	0.00648	0.00169	0.00125	0.00038	0.00114	0.00137	0.07335	0.01129
40	0.95037	0.00245	0.00188	0.00167	0.00246	0.00284	0.00138	0.01766	0.00220	0.00569	0.00177	0.00206	0.00138	0.00117	0.00079	0.00039	0.00098	0.00069	0.00079	0.00138
41	0.00753	0.00257	0.00290	0.00243	0.00316	0.00277	0.00194	0.33054	0.24681	0.15085	0.04064	0.10408	0.02472	0.00194	0.00136	0.00041	0.01887	0.01599	0.03863	0.00186
42	0.00723	0.00557	0.00357	0.08514	0.04555	0.10331	0.04889	0.03827	0.01067	0.01415	0.00283	0.12980	0.00963	0.00261	0.06762	0.00059	0.42102	0.00145	0.00071	0.00141
43	0.01690	0.00231	0.00700	0.00228	0.00285	0.07283	0.00841	0.04580	0.25430	0.12275	0.04484	0.16727	0.06365	0.00238	0.00139	0.00044	0.00107	0.14347	0.00119	0.03888
44	0.00199	0.00134	0.00165	0.00165	0.00198	0.00122	0.00123	0.00249	0.02707	0.07599	0.31807	0.26170	0.23840	0.00301	0.00150	0.00044	0.00071	0.04131	0.01704	0.00121
45	0.00534	0.00213	0.00286	0.00223	0.00315	0.00189	0.00183	0.00600	0.05723	0.85338	0.02450	0.01507	0.00340	0.00161	0.00127	0.00039	0.00105	0.00132	0.01324	0.00209
46	0.01307	0.00188	0.03551	0.00758	0.07936	0.00999	0.04734	0.02947	0.06655	0.05902	0.05448	0.54258	0.00635	0.00298	0.00911	0.00048	0.00795	0.01463	0.01031	0.00135
47	0.00536	0.00212	0.00285	0.00222	0.00314	0.00186	0.00182	0.03369	0.00362	0.85660	0.02136	0.04173	0.00345	0.00167	0.00128	0.00039	0.00105	0.00137	0.01235	0.00207
48	0.00558	0.00213	0.00290	0.00223	0.00319	0.00184	0.00184	0.00607	0.00360	0.93121	0.02248	0.00438	0.00328	0.00158	0.00127	0.00039	0.00106	0.00129	0.00156	0.00213
49	0.00299	0.00309	0.02973	0.16875	0.58311	0.02821	0.14492	0.00380	0.00282	0.00390	0.00235	0.00316	0.00190	0.00116	0.00132	0.00039	0.01479	0.00116	0.00061	0.00182
50	0.00323	0.00268	0.05891	0.11445	0.05391	0.01464	0.00960	0.03063	0.02941	0.18342	0.04095	0.00924	0.00276	0.01435	0.05156	0.00055	0.34837	0.02889	0.00085	0.00159
51	0.00255	0.00240	0.00338	0.00295	0.00302	0.00325	0.01409	0.00286	0.00200	0.00308	0.00223	0.01033	0.00220	0.04926	0.12852	0.00077	0.70812	0.01666	0.04103	0.00130
52	0.00450	0.00319	0.00377	0.07386	0.04123	0.03792	0.03770	0.54972	0.01017	0.17094	0.00320	0.00329	0.00226	0.00408	0.00138	0.00039	0.03655	0.00116	0.01269	0.00200
53	0.00244	0.00199	0.00243	0.01898	0.07805	0.00211	0.00175	0.00418	0.36672	0.01089	0.44689	0.00702	0.04154	0.00211	0.00138	0.00041	0.00084	0.00184	0.00685	0.00157
54	0.00262	0.00227	0.00273	0.00196	0.00305	0.00177	0.01674	0.00318	0.00260	0.00407	0.00223	0.00263	0.00186	0.00097	0.00103	0.00020	0.02864	0.00077	0.00074	0.91994
55	0.00175	0.00125	0.00158	0.00160	0.00180	0.00118	0.00112	0.00217	0.01472	0.00405	0.48698	0.22282	0.04807	0.18418	0.00245	0.00058	0.00076	0.02065	0.00120	0.00107
56	0.00169	0.00129	0.00157	0.00153	0.00186	0.00118	0.00115	0.00218	0.01074	0.00428	0.51713	0.06156	0.32355	0.00321	0.05015	0.00050	0.00077	0.01328	0.00126	0.00114
57	0.00188	0.00130	0.00167	0.00157	0.00188	0.00120	0.00117	0.00245	0.00346	0.02687	0.82886	0.00919	0.04752	0.02730	0.00159	0.00041	0.00062	0.00222	0.03765	0.00119
58	0.00202	0.00123	0.00143	0.00148	0.00173	0.00121	0.00107	0.00262	0.03907	0.00436	0.20249	0.28111	0.00654	0.00243	0.00123	0.00038	0.00065	0.00211	0.44565	0.00116
59	0.02068	0.00242	0.00295	0.00234	0.00323	0.00237	0.00191	0.19942	0.10825	0.55528	0.04305	0.01530	0.00790	0.00163	0.00126	0.00039	0.00109	0.00132	0.02717	0.00203
60	0.58178	0.00245	0.00229	0.00186	0.00275	0.00255	0.00617	0.06719	0.00263	0.07523	0.00220	0.00243	0.00167	0.00117	0.00090	0.00034	0.00487	0.00078	0.00086	0.23989
61	0.00218	0.00172	0.00253	0.00236	0.00278	0.00168	0.10625	0.05576	0.04152	0.01650	0.17861	0.23324	0.06898	0.00293	0.00157	0.00048	0.00103	0.27743	0.00116	0.00129
62	0.00202	0.00156	0.00209	0.00198	0.00211	0.00183	0.00146	0.00876	0.00199	0.01031	0.00341	0.00589	0.01268	0.37336	0.39896	0.00142	0.15908	0.00150	0.00071	0.00889
63	0.00309	0.00313	0.04033	0.00753	0.89556	0.00299	0.02106	0.00387	0.00286	0.00411	0.00237	0.00311	0.00198	0.00112	0.00125	0.00038	0.00152	0.00112	0.00062	0.00198
64	0.00158	0.00113	0.00148	0.00171	0.00180	0.00106	0.00508	0.00180	0.00241	0.00321	0.03844	0.79356	0.03648	0.09647	0.00207	0.00057	0.00078	0.00822	0.00113	0.00101
65	0.00406	0.00288	0.00309	0.00249	0.00331	0.00316	0.00202	0.55326	0.17935	0.04973	0.00380	0.00378	0.01285	0.00156	0.00120	0.00037	0.00115	0.00122	0.16879	0.00193
66	0.00269	0.00231	0.00265	0.00191	0.00302	0.01194	0.00153	0.02717	0.00271	0.00419	0.00226	0.00262	0.00187	0.00095	0.00094	0.00019	0.00096	0.00076	0.00076	0.92858

[dist]
# distance from previous block
# <min> <max>
8	29

[block]
# block no. 13 follows, 257 sequences, length 8
# corresponding to MSA columns:
# 1564-1571
name=unknown_N
#
# <colnr> <probs for GDERKNQSTAVLIFYWHMCP>
#	G	D	E	R	K	N	Q	S	T	A	V	L	I	F	Y	W	H	M	C	P
0	0.03365	0.00138	0.00166	0.00170	0.00190	0.00139	0.00116	0.03137	0.02650	0.05408	0.00524	0.36243	0.02098	0.32422	0.06244	0.00082	0.00112	0.02296	0.04393	0.00108
1	0.00335	0.00364	0.00287	0.02298	0.00323	0.40375	0.01240	0.04855	0.05531	0.02366	0.03573	0.07089	0.19372	0.00216	0.01325	0.00042	0.07843	0.02337	0.00090	0.00140
2	0.08389	0.19204	0.25709	0.02208	0.17297	0.03052	0.03310	0.02197	0.02576	0.02124	0.03750	0.05605	0.00253	0.00142	0.00121	0.00038	0.02519	0.00114	0.01225	0.00169
3	0.03372	0.00195	0.03436	0.00200	0.00226	0.05443	0.01718	0.01287	0.02833	0.00322	0.01673	0.14080	0.04899	0.32265	0.11733	0.01162	0.08336	0.03408	0.03301	0.00110
4	0.27026	0.02018	0.04810	0.04880	0.05589	0.00234	0.02407	0.08840	0.01668	0.07907	0.19901	0.05925	0.06186	0.00185	0.00121	0.00040	0.00105	0.01905	0.00103	0.00150
5	0.02942	0.21882	0.01619	0.02275	0.00363	0.08100	0.00228	0.37965	0.02742	0.08345	0.00271	0.00287	0.00205	0.00142	0.00133	0.00036	0.07211	0.00100	0.02571	0.02581
6	0.00288	0.00222	0.00260	0.00191	0.00295	0.00177	0.00153	0.03517	0.02408	0.07033	0.02672	0.00305	0.00232	0.00108	0.00099	0.00022	0.00094	0.00087	0.04076	0.77764
7	0.15550	0.12497	0.11815	0.04759	0.01237	0.06949	0.06121	0.22212	0.01959	0.05076	0.00273	0.02522	0.01252	0.01180	0.00135	0.00039	0.05075	0.01093	0.00085	0.00170

[dist]
# distance from previous block
# <min> <max>
1	2

[block]
# block no. 14 follows, 257 sequences, length 6
# corresponding to MSA columns:
# 1577-1582
name=unknown_O
#
# <colnr> <probs for GDERKNQSTAVLIFYWHMCP>
#	G	D	E	R	K	N	Q	S	T	A	V	L	I	F	Y	W	H	M	C	P
0	0.00204	0.00149	0.00197	0.00209	0.06648	0.00142	0.00144	0.00272	0.05156	0.04291	0.52971	0.11272	0.12847	0.00280	0.02269	0.00045	0.00079	0.02569	0.00126	0.00129
1	0.03964	0.00185	0.01825	0.00195	0.00230	0.06615	0.00147	0.04302	0.02226	0.06105	0.07836	0.39430	0.10061	0.05546	0.03226	0.00055	0.00105	0.07712	0.00112	0.00123
