[name]
unknown

[dist]
# distance from previous block
# <min> <max>
0	722

[block]
# block no. 0 follows, 227 sequences, length 12
# corresponding to MSA columns:
# 871-882
name=unknown_A
#
# <colnr> <probs for GDERKNQSTAVLIFYWHMCP>
#	G	D	E	R	K	N	Q	S	T	A	V	L	I	F	Y	W	H	M	C	P
0	0.00278	0.06342	0.00406	0.07770	0.00437	0.00257	0.19316	0.06452	0.01814	0.00443	0.02207	0.09395	0.04516	0.02753	0.00185	0.00055	0.01120	0.33022	0.00107	0.03125
1	0.01389	0.00169	0.00184	0.01877	0.00232	0.00161	0.00135	0.06379	0.01784	0.00450	0.11702	0.02599	0.62008	0.00315	0.00167	0.00047	0.02564	0.01416	0.06290	0.00133
2	0.00424	0.00333	0.00365	0.00302	0.00387	0.00378	0.00242	0.42027	0.36361	0.02049	0.00432	0.02567	0.00335	0.03452	0.00188	0.00049	0.07602	0.00148	0.00133	0.02226
3	0.00420	0.00235	0.00298	0.00304	0.13733	0.00233	0.00206	0.13053	0.04442	0.27031	0.00448	0.00469	0.00328	0.01641	0.00134	0.00041	0.00111	0.00136	0.36543	0.00193
4	0.00294	0.07721	0.06329	0.00230	0.00298	0.00232	0.00195	0.05991	0.13004	0.09024	0.31953	0.13059	0.07381	0.00263	0.00154	0.00046	0.00103	0.03420	0.00135	0.00167
5	0.09607	0.00326	0.05732	0.03359	0.00386	0.07077	0.01019	0.12157	0.11736	0.25211	0.03536	0.01467	0.01094	0.00189	0.00949	0.00047	0.10084	0.00135	0.05693	0.00197
6	0.00252	0.00142	0.00207	0.07644	0.00251	0.00148	0.00145	0.02794	0.00207	0.00275	0.00265	0.00464	0.00263	0.08257	0.00522	0.77764	0.00130	0.00130	0.00066	0.00076
7	0.00219	0.00160	0.00196	0.00185	0.00223	0.00153	0.00138	0.00307	0.08846	0.02688	0.64652	0.04231	0.11405	0.05736	0.00196	0.00051	0.00077	0.00251	0.00147	0.00139
8	0.01213	0.00285	0.01375	0.19690	0.14344	0.03484	0.01097	0.08192	0.01543	0.04367	0.00330	0.08586	0.00290	0.00162	0.00135	0.00038	0.00947	0.01770	0.00091	0.32060
9	0.00337	0.00270	0.00446	0.48991	0.22357	0.00299	0.04324	0.01623	0.00314	0.11844	0.00311	0.00406	0.00235	0.00147	0.00144	0.00045	0.01254	0.01321	0.05149	0.00183
10	0.65828	0.07784	0.03506	0.00239	0.03540	0.00341	0.00196	0.05812	0.06309	0.04970	0.00250	0.00273	0.00191	0.00138	0.00100	0.00043	0.00121	0.00090	0.00095	0.00173
11	0.00335	0.00229	0.06305	0.01214	0.03456	0.00193	0.00192	0.03749	0.00359	0.22150	0.31029	0.02583	0.03201	0.07630	0.01561	0.00052	0.02221	0.00185	0.07685	0.05670

[dist]
# distance from previous block
# <min> <max>
1	12

[block]
# block no. 1 follows, 227 sequences, length 11
# corresponding to MSA columns:
# 895-905
name=unknown_B
#
# <colnr> <probs for GDERKNQSTAVLIFYWHMCP>
#	G	D	E	R	K	N	Q	S	T	A	V	L	I	F	Y	W	H	M	C	P
0	0.00417	0.00308	0.02622	0.08950	0.32194	0.02157	0.09433	0.03875	0.01999	0.26760	0.01460	0.04956	0.00304	0.00160	0.00144	0.00044	0.00157	0.00147	0.00107	0.03809
1	0.00365	0.06112	0.22296	0.12143	0.02706	0.04519	0.11998	0.00467	0.02728	0.15773	0.01177	0.01337	0.00244	0.00142	0.00137	0.00040	0.01204	0.00122	0.00089	0.16401
2	0.00322	0.00264	0.00335	0.01232	0.07206	0.05552	0.06838	0.01135	0.18607	0.08949	0.10722	0.02762	0.05567	0.16343	0.02385	0.00067	0.10376	0.01060	0.00111	0.00167
3	0.00306	0.00249	0.00318	0.00250	0.03870	0.00199	0.03542	0.00368	0.00294	0.04896	0.00275	0.00326	0.00226	0.00176	0.05767	0.02331	0.00129	0.00096	0.00086	0.76296
4	0.08569	0.24207	0.09027	0.01743	0.08864	0.03045	0.03957	0.05216	0.15585	0.03369	0.00446	0.03546	0.10450	0.00178	0.00132	0.00042	0.01202	0.00141	0.00096	0.00187
5	0.00318	0.03730	0.04535	0.15532	0.54509	0.00321	0.03960	0.00416	0.04766	0.00438	0.02650	0.02521	0.01797	0.03715	0.00163	0.00047	0.00165	0.00141	0.00077	0.00198
6	0.03407	0.00187	0.00258	0.02010	0.05498	0.00191	0.01796	0.02399	0.01879	0.07059	0.29073	0.00715	0.05135	0.05302	0.30099	0.00106	0.00993	0.00185	0.00113	0.03593
7	0.02092	0.12333	0.33943	0.01779	0.05117	0.04653	0.05596	0.07529	0.04383	0.02771	0.06195	0.03540	0.01179	0.00162	0.00142	0.00042	0.02719	0.00130	0.00085	0.05611
8	0.00216	0.01973	0.02648	0.00202	0.00241	0.00155	0.00149	0.00269	0.04722	0.02113	0.05609	0.52431	0.05699	0.09661	0.00217	0.00058	0.00096	0.01283	0.00120	0.12136
9	0.03629	0.32036	0.05475	0.00312	0.05423	0.05992	0.00263	0.22372	0.13165	0.00535	0.00315	0.00359	0.00256	0.00154	0.00121	0.00038	0.00151	0.03168	0.01749	0.04488
10	0.04890	0.18817	0.32906	0.04890	0.10078	0.01471	0.11539	0.03886	0.02483	0.05918	0.00273	0.00317	0.00206	0.00134	0.00129	0.00042	0.00181	0.00112	0.00076	0.01657

[dist]
# distance from previous block
# <min> <max>
20	96

[block]
# block no. 2 follows, 227 sequences, length 14
# corresponding to MSA columns:
# 1049-1055,1057-1063
name=unknown_C
#
# <colnr> <probs for GDERKNQSTAVLIFYWHMCP>
#	G	D	E	R	K	N	Q	S	T	A	V	L	I	F	Y	W	H	M	C	P
0	0.07472	0.15607	0.12141	0.03884	0.09030	0.05999	0.02949	0.09398	0.07163	0.08650	0.01732	0.07434	0.01770	0.00176	0.00135	0.00042	0.01237	0.01548	0.00098	0.03535
1	0.07657	0.19696	0.19225	0.03190	0.06474	0.01311	0.03473	0.04308	0.03073	0.07329	0.02259	0.07846	0.01508	0.00181	0.00667	0.00044	0.06085	0.01110	0.00088	0.04474
2	0.02062	0.32818	0.14751	0.01400	0.02984	0.03916	0.01586	0.04648	0.00807	0.07220	0.02850	0.06467	0.11997	0.01658	0.00142	0.00042	0.01403	0.01746	0.00092	0.01410
3	0.03679	0.41212	0.13896	0.01028	0.02784	0.02963	0.00267	0.04026	0.01722	0.07397	0.01621	0.01255	0.03001	0.00149	0.00668	0.00036	0.00149	0.00960	0.00083	0.13103
4	0.08554	0.54049	0.08716	0.02816	0.01516	0.08782	0.00265	0.02519	0.00310	0.06649	0.00234	0.00264	0.00193	0.00132	0.00110	0.00035	0.01549	0.00088	0.00074	0.03146
5	0.04660	0.29901	0.29378	0.01179	0.04429	0.01039	0.00305	0.01889	0.00304	0.03405	0.04501	0.01757	0.08148	0.05664	0.00158	0.00046	0.00155	0.01293	0.00081	0.01708
6	0.00225	0.02280	0.00210	0.00212	0.00241	0.03817	0.00151	0.04251	0.00303	0.02336	0.03002	0.70176	0.02806	0.00380	0.00169	0.00053	0.00096	0.03485	0.00126	0.05678
7	0.02304	0.06868	0.01864	0.04824	0.20232	0.01766	0.02357	0.13257	0.01257	0.43229	0.00404	0.00399	0.00278	0.00155	0.00137	0.00042	0.00146	0.00129	0.00127	0.00224
8	0.01471	0.05610	0.53723	0.07224	0.06559	0.05772	0.04327	0.00432	0.00308	0.04007	0.00336	0.05246	0.04056	0.00160	0.00137	0.00044	0.00189	0.00132	0.00073	0.00193
9	0.00217	0.00150	0.00217	0.00218	0.00242	0.00166	0.00164	0.00260	0.00238	0.04357	0.00443	0.12667	0.00442	0.09373	0.69947	0.00189	0.00308	0.00188	0.00088	0.00126
10	0.08612	0.38955	0.03270	0.02095	0.05227	0.25136	0.08847	0.01257	0.00324	0.02762	0.00227	0.00269	0.00189	0.00134	0.00121	0.00037	0.02193	0.00096	0.00071	0.00179
11	0.00182	0.00129	0.00172	0.00203	0.00214	0.00123	0.00142	0.00210	0.00274	0.00364	0.00755	0.76689	0.00893	0.05917	0.00214	0.00063	0.00092	0.13121	0.00128	0.00115
12	0.08053	0.60787	0.21802	0.00277	0.00414	0.03068	0.00298	0.00440	0.00292	0.03150	0.00221	0.00251	0.00183	0.00127	0.00103	0.00035	0.00163	0.00085	0.00066	0.00186
13	0.01525	0.12684	0.14443	0.05049	0.12899	0.16165	0.04513	0.02725	0.06373	0.02614	0.04287	0.00349	0.00260	0.00163	0.00185	0.00044	0.15339	0.00119	0.00079	0.00186

[dist]
# distance from previous block
# <min> <max>
0	2

[block]
# block no. 3 follows, 227 sequences, length 6
# corresponding to MSA columns:
# 1066-1071
name=unknown_D
#
# <colnr> <probs for GDERKNQSTAVLIFYWHMCP>
#	G	D	E	R	K	N	Q	S	T	A	V	L	I	F	Y	W	H	M	C	P
0	0.00217	0.08572	0.00273	0.00228	0.00262	0.00210	0.00182	0.00267	0.00232	0.00328	0.00362	0.00526	0.00338	0.00976	0.86107	0.00210	0.00358	0.00145	0.00074	0.00131
1	0.04471	0.82178	0.04777	0.00253	0.00373	0.05287	0.00252	0.00431	0.00291	0.00351	0.00200	0.00231	0.00180	0.00123	0.00094	0.00032	0.00157	0.00078	0.00062	0.00180
2	0.02259	0.34131	0.29159	0.01754	0.03363	0.05415	0.02238	0.09763	0.04158	0.02540	0.00268	0.02007	0.00216	0.00144	0.00127	0.00040	0.02039	0.00106	0.00077	0.00197
3	0.02374	0.29936	0.36806	0.00352	0.02447	0.00409	0.07152	0.11703	0.02178	0.02394	0.00260	0.00295	0.00199	0.00134	0.00123	0.00039	0.00177	0.00104	0.00076	0.02842
4	0.04021	0.34167	0.20566	0.00287	0.02023	0.01788	0.02009	0.05214	0.03936	0.05549	0.04240	0.01722	0.06712	0.00159	0.00121	0.00038	0.00149	0.00122	0.00087	0.07089
5	0.07077	0.19585	0.22153	0.01667	0.02892	0.07698	0.03074	0.06881	0.04835	0.04387	0.03187	0.01478	0.02420	0.00200	0.04976	0.00050	0.01382	0.00119	0.01330	0.04610

[dist]
# distance from previous block
# <min> <max>
4	58

[block]
# block no. 4 follows, 227 sequences, length 9
# corresponding to MSA columns:
# 1200-1203,1205-1207,1209,1210
name=unknown_E
#
# <colnr> <probs for GDERKNQSTAVLIFYWHMCP>
#	G	D	E	R	K	N	Q	S	T	A	V	L	I	F	Y	W	H	M	C	P
0	0.57771	0.02869	0.00289	0.01813	0.01669	0.05944	0.00195	0.17501	0.03094	0.02286	0.02750	0.00292	0.00218	0.00145	0.00107	0.00042	0.00129	0.00097	0.00100	0.02691
1	0.06663	0.00178	0.00200	0.00210	0.00241	0.03724	0.00151	0.04995	0.00309	0.01887	0.07021	0.61694	0.04132	0.00364	0.00166	0.00052	0.00096	0.04193	0.00127	0.03596
2	0.00493	0.00293	0.00362	0.01361	0.02169	0.05450	0.05826	0.09862	0.15685	0.44268	0.03895	0.00518	0.03095	0.00183	0.00144	0.00044	0.00135	0.02391	0.00145	0.03681
3	0.00239	0.00194	0.04521	0.00243	0.00286	0.00187	0.03727	0.00299	0.00287	0.05565	0.19547	0.00739	0.00584	0.05299	0.46662	0.00141	0.02773	0.08464	0.00102	0.00139
4	0.00234	0.00213	0.03237	0.00258	0.00277	0.00246	0.00207	0.00272	0.00229	0.00330	0.00396	0.05365	0.04610	0.16664	0.38191	0.00139	0.28754	0.00170	0.00078	0.00130
5	0.08782	0.09794	0.15915	0.12002	0.06220	0.01286	0.06566	0.14357	0.06666	0.08805	0.01167	0.01571	0.03801	0.00158	0.00133	0.00043	0.00159	0.00130	0.01175	0.01271
6	0.09884	0.12294	0.02493	0.03237	0.00437	0.16007	0.04997	0.38528	0.04213	0.01829	0.00291	0.00313	0.00220	0.00150	0.00127	0.00040	0.00168	0.00111	0.01500	0.03160
7	0.05521	0.04374	0.04947	0.00322	0.00404	0.59609	0.01507	0.06195	0.00380	0.02217	0.00317	0.00368	0.05667	0.05382	0.00160	0.00043	0.00211	0.00113	0.00083	0.02180
8	0.05233	0.17833	0.33296	0.03468	0.06211	0.02636	0.02040	0.02456	0.01488	0.14941	0.00308	0.00367	0.00236	0.00155	0.00147	0.00043	0.05380	0.03478	0.00086	0.00199

[dist]
# distance from previous block
# <min> <max>
2	5

[block]
# block no. 5 follows, 227 sequences, length 7
# corresponding to MSA columns:
# 1216-1218,1235-1238
name=unknown_F
#
# <colnr> <probs for GDERKNQSTAVLIFYWHMCP>
#	G	D	E	R	K	N	Q	S	T	A	V	L	I	F	Y	W	H	M	C	P
0	0.00236	0.06118	0.08165	0.00250	0.00296	0.04185	0.00213	0.00292	0.00244	0.00338	0.00356	0.03028	0.00337	0.04541	0.67262	0.00178	0.03600	0.00148	0.00075	0.00137
1	0.00194	0.08113	0.00209	0.00173	0.00217	0.00160	0.00134	0.00235	0.00322	0.00404	0.15156	0.17407	0.50325	0.00344	0.00165	0.00048	0.00083	0.06055	0.00129	0.00126
2	0.00362	0.02189	0.13010	0.03148	0.03509	0.09434	0.01703	0.04525	0.48416	0.03882	0.04688	0.01935	0.02210	0.00183	0.00142	0.00045	0.00144	0.00151	0.00119	0.00206
3	0.00271	0.10449	0.00291	0.00271	0.08521	0.04048	0.00188	0.00312	0.00307	0.08259	0.03287	0.37321	0.11716	0.03440	0.00179	0.00053	0.00113	0.10709	0.00118	0.00146
4	0.03948	0.07306	0.10908	0.02187	0.27736	0.06052	0.08585	0.03893	0.00317	0.05000	0.00282	0.00375	0.00237	0.08102	0.00198	0.00049	0.05241	0.00123	0.00079	0.09383
5	0.13952	0.33676	0.19333	0.00284	0.02283	0.03630	0.01707	0.01720	0.02482	0.05286	0.02273	0.00314	0.01911	0.00137	0.00111	0.00037	0.00151	0.00099	0.00080	0.10533
6	0.09458	0.27004	0.10798	0.01339	0.03994	0.07597	0.03702	0.03878	0.12385	0.10120	0.01399	0.01439	0.01247	0.01133	0.00129	0.00041	0.00154	0.02103	0.00095	0.01984

[dist]
# distance from previous block
# <min> <max>
1	9

[block]
# block no. 6 follows, 227 sequences, length 35
# corresponding to MSA columns:
# 1256-1275,1278,1280-1293
name=unknown_G
#
# <colnr> <probs for GDERKNQSTAVLIFYWHMCP>
#	G	D	E	R	K	N	Q	S	T	A	V	L	I	F	Y	W	H	M	C	P
0	0.00301	0.15161	0.38887	0.00320	0.00447	0.01500	0.03199	0.07920	0.00313	0.01570	0.01569	0.05167	0.00282	0.00370	0.22290	0.00086	0.00227	0.00132	0.00077	0.00181
1	0.00311	0.16985	0.73776	0.00369	0.00557	0.00365	0.00460	0.01727	0.00304	0.02692	0.00257	0.00302	0.00190	0.00136	0.00128	0.00042	0.00195	0.00934	0.00064	0.00205
2	0.00285	0.08122	0.03508	0.49714	0.06291	0.00685	0.05849	0.00373	0.01920	0.02809	0.03224	0.04566	0.05400	0.00182	0.00152	0.00047	0.02378	0.04252	0.00080	0.00164
3	0.01194	0.14373	0.66520	0.01132	0.01088	0.03598	0.03266	0.00457	0.00307	0.05384	0.00786	0.00815	0.00200	0.00137	0.00129	0.00042	0.00195	0.00106	0.00068	0.00203
4	0.00354	0.48941	0.39235	0.00314	0.00470	0.01954	0.01268	0.00449	0.00300	0.05207	0.00240	0.00271	0.00189	0.00130	0.00113	0.00037	0.00176	0.00092	0.00066	0.00195
5	0.00216	0.00175	0.00186	0.00201	0.00217	0.07271	0.00138	0.00240	0.00271	0.00344	0.02002	0.41901	0.05632	0.29033	0.00972	0.00081	0.00118	0.10779	0.00113	0.00112
6	0.00306	0.02707	0.26233	0.03561	0.03044	0.03111	0.28696	0.00427	0.05492	0.03812	0.04125	0.08319	0.03265	0.01688	0.00162	0.00049	0.00182	0.04549	0.00088	0.00183
7	0.00173	0.00142	0.00153	0.00153	0.00195	0.00122	0.00114	0.00214	0.00334	0.00415	0.18899	0.06568	0.71328	0.00349	0.00168	0.00048	0.00071	0.00296	0.00136	0.00122
8	0.00272	0.00240	0.02911	0.10616	0.28660	0.00235	0.02607	0.02582	0.01592	0.02859	0.00485	0.35873	0.00507	0.00677	0.04712	0.00058	0.01005	0.00980	0.02961	0.00166
9	0.01837	0.05928	0.01657	0.00248	0.02871	0.01070	0.00797	0.06024	0.00736	0.12171	0.00292	0.00317	0.00227	0.00120	0.00113	0.00027	0.00118	0.00095	0.00097	0.65254
10	0.03880	0.05466	0.02266	0.00296	0.00388	0.07280	0.00241	0.22104	0.53275	0.01811	0.00461	0.00438	0.01112	0.00177	0.00137	0.00045	0.00136	0.00139	0.00130	0.00217
11	0.00376	0.93180	0.02664	0.00245	0.00368	0.00554	0.00247	0.00423	0.00287	0.00335	0.00198	0.00228	0.00181	0.00121	0.00092	0.00031	0.00152	0.00076	0.00060	0.00182
12	0.00503	0.01363	0.00392	0.01443	0.01235	0.77955	0.00266	0.06207	0.00403	0.02208	0.00257	0.03739	0.00223	0.01888	0.00145	0.00040	0.01375	0.00109	0.00081	0.00167
13	0.00182	0.00131	0.00174	0.00200	0.00215	0.00123	0.00141	0.00217	0.00293	0.00393	0.12655	0.69186	0.03158	0.01574	0.00187	0.00057	0.00086	0.10778	0.00134	0.00119
14	0.00176	0.00137	0.00159	0.00168	0.00199	0.00121	0.00120	0.00213	0.00317	0.00408	0.19211	0.32398	0.42826	0.02659	0.00185	0.00052	0.00076	0.00322	0.00135	0.00120
15	0.00181	0.00133	0.00168	0.00183	0.00205	0.00122	0.00128	0.00219	0.00315	0.00421	0.27109	0.48823	0.16311	0.02958	0.00189	0.00054	0.00078	0.02145	0.00137	0.00120
16	0.00484	0.00250	0.00296	0.00243	0.00328	0.03048	0.00195	0.08310	0.13832	0.47269	0.11133	0.00548	0.00464	0.00189	0.00140	0.00043	0.00113	0.00841	0.12066	0.00209
17	0.32375	0.00251	0.00279	0.00225	0.00322	0.00251	0.00185	0.03554	0.02799	0.51912	0.00425	0.00397	0.00284	0.00160	0.00121	0.00043	0.00114	0.00120	0.05980	0.00204
18	0.00318	0.00305	0.00492	0.34920	0.47486	0.02162	0.01206	0.00411	0.02874	0.00421	0.00268	0.00365	0.00217	0.00141	0.00158	0.00045	0.05512	0.00126	0.02382	0.00192
19	0.00378	0.00270	0.00286	0.00251	0.00324	0.06026	0.00196	0.03621	0.39852	0.18830	0.14695	0.03855	0.07035	0.00688	0.00150	0.00046	0.00112	0.00183	0.03006	0.00196
20	0.00299	0.10718	0.80964	0.00388	0.00585	0.00352	0.02633	0.00448	0.00299	0.01706	0.00252	0.00295	0.00182	0.00133	0.00130	0.00043	0.00202	0.00103	0.00062	0.00206
21	0.00368	0.59233	0.09143	0.00975	0.17409	0.00471	0.06986	0.00437	0.00301	0.03183	0.00232	0.00275	0.00196	0.00125	0.00111	0.00035	0.00165	0.00096	0.00066	0.00194
22	0.02952	0.55450	0.34014	0.00302	0.00451	0.03946	0.00340	0.00437	0.00294	0.00382	0.00218	0.00253	0.00180	0.00127	0.00107	0.00036	0.00174	0.00086	0.00061	0.00190
23	0.02521	0.00162	0.00209	0.00832	0.00236	0.00159	0.04107	0.01165	0.01079	0.00459	0.29095	0.07742	0.20224	0.07782	0.06601	0.00065	0.02204	0.02371	0.12856	0.00130
24	0.00473	0.00310	0.00334	0.00266	0.00356	0.03132	0.00216	0.48715	0.00505	0.15479	0.00392	0.00401	0.00282	0.00168	0.00137	0.00040	0.02408	0.00128	0.22938	0.03318
25	0.00381	0.01026	0.00469	0.01202	0.00451	0.18033	0.17414	0.15655	0.03693	0.00464	0.00321	0.02763	0.02754	0.01460	0.01754	0.00054	0.28944	0.02899	0.00088	0.00176
26	0.00174	0.00126	0.00165	0.00192	0.00205	0.00117	0.00131	0.00203	0.00284	0.00377	0.07258	0.80411	0.07970	0.00425	0.00179	0.00056	0.00081	0.01398	0.00133	0.00117
27	0.00290	0.07173	0.84303	0.00388	0.00583	0.00345	0.00493	0.00441	0.00296	0.00438	0.01263	0.00302	0.00192	0.00138	0.00141	0.00044	0.02802	0.00105	0.00061	0.00205
28	0.00211	0.00149	0.00180	0.00173	0.00213	0.00134	0.00132	0.00264	0.00361	0.04708	0.47461	0.01157	0.33732	0.02915	0.00181	0.00049	0.00077	0.06032	0.01740	0.00132
29	0.00242	0.00201	0.00291	0.00269	0.00286	0.00252	0.01290	0.01252	0.00227	0.00332	0.00324	0.02916	0.00316	0.04816	0.50574	0.06556	0.29041	0.00610	0.00073	0.00130
30	0.00197	0.00145	0.00185	0.00178	0.00211	0.00134	0.00132	0.00262	0.01708	0.00534	0.77131	0.09899	0.08140	0.00307	0.00168	0.00046	0.00069	0.00271	0.00151	0.00132
31	0.00206	0.00153	0.00223	0.00222	0.00244	0.00178	0.00169	0.00250	0.00225	0.00324	0.00379	0.00583	0.00363	0.10279	0.80281	0.01530	0.02776	0.00155	0.01335	0.00122
32	0.00391	0.16511	0.38453	0.00347	0.00483	0.31063	0.00360	0.03206	0.01146	0.02480	0.02813	0.00315	0.01551	0.00145	0.00126	0.00040	0.00204	0.00104	0.00073	0.00188
33	0.00376	0.23947	0.32007	0.01370	0.03295	0.02180	0.06973	0.13173	0.02334	0.06322	0.00276	0.00311	0.00209	0.00145	0.00147	0.00042	0.05762	0.00110	0.00470	0.00552
34	0.03555	0.12192	0.39353	0.01305	0.05388	0.03490	0.05439	0.12585	0.01475	0.09815	0.00303	0.01480	0.00229	0.00150	0.00136	0.00043	0.01326	0.01443	0.00087	0.00206

[dist]
# distance from previous block
# <min> <max>
1	20

[block]
# block no. 7 follows, 227 sequences, length 25
# corresponding to MSA columns:
# 1314-1338
name=unknown_H
#
# <colnr> <probs for GDERKNQSTAVLIFYWHMCP>
#	G	D	E	R	K	N	Q	S	T	A	V	L	I	F	Y	W	H	M	C	P
0	0.16888	0.36590	0.13318	0.02075	0.01643	0.10191	0.06605	0.04660	0.00315	0.03061	0.00236	0.01011	0.00193	0.00135	0.00116	0.00038	0.01508	0.00097	0.00075	0.01246
1	0.00479	0.05322	0.00412	0.04618	0.00442	0.52332	0.00269	0.22430	0.02295	0.00480	0.01477	0.00311	0.00224	0.00202	0.04843	0.00049	0.03435	0.00108	0.00090	0.00181
2	0.00184	0.00135	0.00184	0.00201	0.00215	0.00128	0.02703	0.00211	0.00269	0.00357	0.02517	0.66786	0.06193	0.13991	0.02153	0.00071	0.00101	0.03365	0.00122	0.00114
3	0.02230	0.00153	0.00221	0.00220	0.00245	0.00176	0.00169	0.00252	0.00226	0.00330	0.00380	0.00578	0.00362	0.08536	0.85000	0.00216	0.00353	0.00154	0.00077	0.00123
4	0.01126	0.00152	0.00192	0.00178	0.00217	0.00139	0.00135	0.00283	0.01189	0.02331	0.81307	0.01002	0.04563	0.00277	0.00161	0.00043	0.00070	0.00243	0.03401	0.02990
5	0.00300	0.00296	0.00416	0.00359	0.00361	0.00412	0.00298	0.00333	0.00217	0.00339	0.00201	0.00329	0.00199	0.00313	0.08029	0.00075	0.87181	0.00126	0.00063	0.00152
6	0.00311	0.00315	0.00465	0.00389	0.00400	0.00427	0.07819	0.00349	0.00226	0.00349	0.00194	0.00315	0.00188	0.00237	0.00440	0.00061	0.87170	0.00127	0.00063	0.00157
7	0.00376	0.87683	0.05179	0.00252	0.00375	0.00541	0.00256	0.00427	0.00288	0.01676	0.00204	0.00235	0.00184	0.00124	0.00100	0.00032	0.01747	0.00079	0.00062	0.00183
8	0.00174	0.00140	0.00155	0.00160	0.00198	0.00121	0.00117	0.00213	0.00323	0.00406	0.15904	0.18982	0.59668	0.01315	0.00175	0.00050	0.00074	0.01566	0.00135	0.00120
9	0.00208	0.00158	0.00197	0.00217	0.00247	0.01426	0.00169	0.01895	0.00882	0.00401	0.01420	0.36834	0.15767	0.01393	0.00186	0.00058	0.00104	0.35665	0.00129	0.02643
10	0.00175	0.00126	0.00166	0.00198	0.00209	0.00117	0.00135	0.00202	0.00275	0.00364	0.00799	0.87210	0.04093	0.00437	0.00181	0.00057	0.00084	0.04926	0.00131	0.00116
11	0.00340	0.02203	0.01256	0.00236	0.00354	0.05308	0.00191	0.14156	0.00353	0.00513	0.00278	0.03012	0.00233	0.00127	0.00113	0.00026	0.00121	0.00100	0.00779	0.70299
12	0.03103	0.01162	0.00358	0.00275	0.00380	0.02860	0.00227	0.24069	0.00459	0.62171	0.00470	0.00425	0.00306	0.00173	0.00149	0.00044	0.02847	0.00134	0.00157	0.00233
13	0.00212	0.00147	0.00184	0.00186	0.00206	0.00148	0.00132	0.00240	0.00252	0.02798	0.02221	0.01729	0.14680	0.42436	0.22247	0.00131	0.00180	0.11661	0.00100	0.00111
14	0.00320	0.00250	0.00296	0.00213	0.00337	0.00190	0.00171	0.00382	0.00302	0.08008	0.00276	0.00308	0.00221	0.00110	0.00108	0.00023	0.00106	0.00088	0.00091	0.88202
15	0.00172	0.00124	0.00163	0.00194	0.00204	0.00115	0.00130	0.00197	0.00273	0.00362	0.00808	0.90697	0.05161	0.00439	0.00180	0.00057	0.00081	0.00397	0.00131	0.00115
16	0.00377	0.00189	0.00213	0.00184	0.00243	0.00189	0.00146	0.10838	0.01722	0.21163	0.00467	0.00493	0.00345	0.00169	0.00117	0.00037	0.01062	0.00134	0.61741	0.00169
17	0.00199	0.00139	0.00179	0.00189	0.00213	0.00131	0.00135	0.00252	0.02589	0.01842	0.35600	0.45468	0.05037	0.00358	0.00170	0.00051	0.00078	0.02761	0.04483	0.00128
18	0.00338	0.00633	0.74494	0.00379	0.00566	0.00312	0.02208	0.00497	0.04859	0.13924	0.00313	0.00337	0.00216	0.00143	0.00136	0.00045	0.00192	0.00114	0.00080	0.00214
19	0.00270	0.00152	0.00216	0.04484	0.00242	0.00158	0.00147	0.07718	0.00229	0.00305	0.00253	0.00418	0.00242	0.00444	0.00495	0.82582	0.00128	0.00123	0.00068	0.01327
20	0.07890	0.00141	0.00170	0.00193	0.00215	0.00136	0.00137	0.00224	0.00282	0.00396	0.03885	0.66149	0.12360	0.00398	0.00172	0.00055	0.00086	0.06863	0.00128	0.00120
21	0.04510	0.60021	0.00607	0.01941	0.00393	0.27636	0.00250	0.02554	0.00326	0.00362	0.00207	0.00240	0.00182	0.00130	0.00103	0.00033	0.00180	0.00082	0.00067	0.00176
22	0.00212	0.00155	0.01137	0.01081	0.00207	0.00155	0.01182	0.00829	0.02524	0.00335	0.03182	0.06491	0.05386	0.51968	0.18407	0.00130	0.00172	0.01151	0.05187	0.00109
23	0.01554	0.41730	0.00520	0.10150	0.02950	0.04801	0.00662	0.03003	0.02158	0.08200	0.01140	0.00786	0.00227	0.00134	0.00115	0.00034	0.01533	0.00099	0.01969	0.18236
24	0.02419	0.01891	0.00272	0.02089	0.01688	0.00188	0.00167	0.01917	0.00327	0.01361	0.24537	0.03247	0.02848	0.00664	0.00130	0.00032	0.00098	0.00714	0.00601	0.54810

[dist]
# distance from previous block
# <min> <max>
3	30

[block]
# block no. 8 follows, 227 sequences, length 35
# corresponding to MSA columns:
# 1369-1372,1374-1379,1385,1387-1410
name=unknown_I
#
# <colnr> <probs for GDERKNQSTAVLIFYWHMCP>
#	G	D	E	R	K	N	Q	S	T	A	V	L	I	F	Y	W	H	M	C	P
0	0.04422	0.00293	0.02715	0.11533	0.09579	0.02803	0.03485	0.08611	0.16984	0.06236	0.04181	0.03846	0.00706	0.06200	0.00177	0.00047	0.01509	0.00145	0.00445	0.16082
1	0.73667	0.00277	0.02464	0.01785	0.03617	0.00299	0.00181	0.01354	0.00274	0.09184	0.05586	0.00309	0.00243	0.00145	0.00101	0.00044	0.00114	0.00096	0.00098	0.00165
2	0.00520	0.00631	0.00399	0.00355	0.00433	0.81895	0.00269	0.09709	0.00422	0.00403	0.00231	0.00264	0.00189	0.00146	0.00128	0.00036	0.00240	0.00094	0.00080	0.03555
3	0.00209	0.00149	0.00192	0.00194	0.00210	0.00850	0.00137	0.00241	0.00788	0.00325	0.01010	0.05100	0.02686	0.37829	0.40641	0.00160	0.00783	0.04126	0.04258	0.00111
4	0.00281	0.00162	0.00203	0.00183	0.00233	0.00144	0.00141	0.00337	0.00376	0.18851	0.49068	0.03574	0.20241	0.00278	0.00159	0.00045	0.00079	0.00240	0.05257	0.00151
5	0.00632	0.00243	0.00329	0.00253	0.00362	0.00211	0.00209	0.02199	0.00409	0.92735	0.00554	0.00479	0.00348	0.00175	0.00142	0.00044	0.00121	0.00142	0.00174	0.00240
6	0.00193	0.00144	0.00179	0.00171	0.00207	0.00130	0.00128	0.00252	0.00382	0.00526	0.73691	0.02181	0.20686	0.00305	0.00167	0.00045	0.00068	0.00266	0.00150	0.00130
7	0.89552	0.00277	0.00220	0.00193	0.00282	0.00319	0.00159	0.04208	0.00262	0.03201	0.00212	0.00241	0.00162	0.00134	0.00091	0.00044	0.00111	0.00080	0.00092	0.00159
8	0.00415	0.00403	0.00350	0.00310	0.00392	0.23541	0.00242	0.12504	0.56804	0.00565	0.00461	0.00461	0.00355	0.00182	0.00141	0.00045	0.00153	0.02342	0.00126	0.00209
9	0.00218	0.00154	0.00203	0.00225	0.00248	0.00153	0.00180	0.00266	0.01280	0.00382	0.01699	0.07658	0.03032	0.25034	0.00329	0.00082	0.00126	0.58494	0.00119	0.00118
10	0.01942	0.37446	0.22078	0.01038	0.02402	0.02805	0.01221	0.06252	0.20936	0.00461	0.00311	0.00338	0.00247	0.00147	0.00122	0.00040	0.00757	0.01170	0.00085	0.00200
11	0.04472	0.00257	0.00293	0.00213	0.00335	0.00204	0.00170	0.02796	0.02150	0.00482	0.00257	0.00296	0.00212	0.00109	0.00106	0.00023	0.00106	0.00086	0.00087	0.87347
12	0.04233	0.24849	0.27706	0.00320	0.01603	0.01042	0.09637	0.01145	0.03037	0.03395	0.17243	0.01990	0.00943	0.00180	0.01414	0.00044	0.00810	0.00139	0.00088	0.00182
13	0.00168	0.00143	0.00145	0.00144	0.00192	0.00120	0.00108	0.00205	0.00325	0.00389	0.05130	0.01347	0.90394	0.00355	0.00167	0.00048	0.00071	0.00296	0.00132	0.00120
14	0.00306	0.20293	0.73638	0.00369	0.00557	0.01653	0.00460	0.00444	0.00297	0.00422	0.00241	0.00283	0.00179	0.00132	0.00125	0.00042	0.00197	0.00098	0.00060	0.00202
15	0.00177	0.00141	0.00159	0.00161	0.00199	0.00123	0.00118	0.00221	0.00338	0.00433	0.28724	0.13871	0.54137	0.00349	0.00169	0.00048	0.00072	0.00299	0.00138	0.00123
16	0.00243	0.00124	0.00182	0.00182	0.00182	0.00124	0.00120	0.00185	0.00185	0.00247	0.00258	0.00461	0.00262	0.06442	0.00563	0.89863	0.00124	0.00128	0.00063	0.00063
17	0.00410	0.73170	0.00660	0.00262	0.00376	0.09825	0.00246	0.11545	0.00343	0.00403	0.00219	0.00247	0.00191	0.00130	0.00100	0.00032	0.00161	0.00084	0.01409	0.00186
18	0.00176	0.00127	0.00167	0.00197	0.00210	0.00119	0.00136	0.00205	0.00280	0.00370	0.02628	0.80480	0.07198	0.00430	0.00180	0.00057	0.00084	0.06705	0.00132	0.00116
19	0.00377	0.91769	0.00725	0.00243	0.00363	0.00552	0.00241	0.00435	0.03596	0.00341	0.00210	0.00237	0.00190	0.00123	0.00093	0.00031	0.00150	0.00079	0.00063	0.00183
20	0.00247	0.01345	0.01153	0.00220	0.00893	0.00207	0.00168	0.01188	0.26097	0.00951	0.39342	0.10566	0.12157	0.00280	0.00166	0.00048	0.01922	0.02031	0.00862	0.00158
21	0.00189	0.00140	0.00176	0.00175	0.00207	0.00128	0.00129	0.00243	0.00361	0.00494	0.59665	0.17564	0.17707	0.01171	0.00174	0.00048	0.00071	0.01084	0.00146	0.00127
22	0.01529	0.81256	0.09838	0.00261	0.00389	0.02652	0.00269	0.01797	0.00296	0.00356	0.00205	0.00236	0.00182	0.00124	0.00096	0.00032	0.00159	0.00079	0.00062	0.00184
23	0.07666	0.00263	0.01463	0.01214	0.00340	0.00691	0.04816	0.22529	0.04879	0.21718	0.02568	0.00859	0.00330	0.00168	0.00127	0.00040	0.00118	0.00593	0.27680	0.01938
24	0.00200	0.00142	0.00189	0.00212	0.00234	0.00136	0.00161	0.00247	0.00984	0.01202	0.14577	0.44273	0.04126	0.02234	0.00192	0.00059	0.00096	0.29826	0.00785	0.00124
25	0.00256	0.00398	0.38482	0.00307	0.00414	0.00242	0.04255	0.00353	0.00270	0.03634	0.01876	0.02030	0.00311	0.05879	0.38381	0.00124	0.00264	0.00141	0.02217	0.00164
26	0.00293	0.00251	0.00293	0.00209	0.00335	0.00188	0.00167	0.00356	0.00293	0.00460	0.00251	0.00293	0.00209	0.00105	0.00105	0.00021	0.00105	0.00084	0.00084	0.95899
27	0.00383	0.18646	0.04734	0.00262	0.00342	0.15577	0.00225	0.02984	0.04855	0.15861	0.24130	0.02485	0.01311	0.00206	0.00150	0.00042	0.03304	0.04209	0.00117	0.00176
28	0.02670	0.00205	0.00259	0.00219	0.00281	0.01505	0.01528	0.01918	0.02433	0.39785	0.10524	0.01674	0.01911	0.24916	0.04824	0.00077	0.00748	0.01559	0.02794	0.00171
29	0.00281	0.00221	0.00243	0.01280	0.00284	0.00226	0.00170	0.19688	0.14318	0.00563	0.23282	0.02577	0.34332	0.00277	0.00158	0.00046	0.00096	0.01653	0.00140	0.00164
30	0.00174	0.00124	0.00163	0.00195	0.00203	0.00116	0.00129	0.00197	0.00268	0.00357	0.00764	0.90847	0.00916	0.04564	0.00204	0.00061	0.00084	0.00393	0.00129	0.00113
31	0.94136	0.00273	0.00210	0.00187	0.00275	0.00315	0.00154	0.00421	0.00244	0.02496	0.00204	0.00234	0.00157	0.00132	0.00089	0.00044	0.00109	0.00078	0.00089	0.00155
32	0.16684	0.03812	0.03617	0.11529	0.10113	0.06117	0.11904	0.19585	0.01244	0.06309	0.01816	0.00342	0.00232	0.00149	0.00530	0.00043	0.01126	0.00120	0.00494	0.04236
33	0.14982	0.00322	0.05671	0.04683	0.28997	0.02973	0.03223	0.03124	0.05201	0.05783	0.00312	0.01001	0.01491	0.01573	0.04555	0.00050	0.01137	0.00120	0.00087	0.14715
34	0.08676	0.13757	0.06852	0.01452	0.29978	0.01148	0.02784	0.07723	0.02118	0.10055	0.02246	0.04360	0.01145	0.00167	0.01514	0.00043	0.00152	0.00130	0.00093	0.05607

[dist]
# distance from previous block
# <min> <max>
0	65

[block]
# block no. 9 follows, 227 sequences, length 39
# corresponding to MSA columns:
# 1525-1531,1533-1543,1546-1566
name=unknown_J
#
# <colnr> <probs for GDERKNQSTAVLIFYWHMCP>
#	G	D	E	R	K	N	Q	S	T	A	V	L	I	F	Y	W	H	M	C	P
0	0.06354	0.03246	0.14344	0.00279	0.03929	0.01061	0.00916	0.07227	0.02345	0.20390	0.10225	0.11940	0.04159	0.00207	0.00140	0.00043	0.00126	0.01005	0.00119	0.11945
1	0.02891	0.00985	0.01487	0.01382	0.13399	0.35755	0.00726	0.15101	0.06159	0.02457	0.00954	0.00709	0.00243	0.03692	0.00156	0.00532	0.00789	0.00114	0.00609	0.11861
2	0.03292	0.21568	0.12581	0.04315	0.00865	0.04636	0.02380	0.05085	0.04402	0.11576	0.11783	0.01498	0.01887	0.01015	0.00134	0.00039	0.00580	0.00440	0.00100	0.11824
3	0.13357	0.14920	0.32410	0.01623	0.07253	0.04061	0.02027	0.04346	0.06234	0.06049	0.00812	0.02689	0.00243	0.02006	0.00642	0.00045	0.00556	0.00451	0.00084	0.00193
4	0.36415	0.00259	0.00680	0.06627	0.00347	0.00303	0.00208	0.13568	0.01199	0.01074	0.00677	0.00377	0.00242	0.03748	0.23288	0.00539	0.10086	0.00117	0.00089	0.00158
5	0.00309	0.00309	0.00433	0.00371	0.00371	0.00433	0.00309	0.00340	0.00216	0.00340	0.00185	0.00309	0.00185	0.00247	0.00464	0.00062	0.94777	0.00124	0.00062	0.00155
6	0.00304	0.01323	0.01751	0.00284	0.04837	0.00268	0.03421	0.07080	0.37889	0.01720	0.35995	0.01766	0.02311	0.00225	0.00153	0.00046	0.00106	0.00195	0.00140	0.00186
7	0.06337	0.83699	0.03083	0.00244	0.00364	0.00529	0.00243	0.01525	0.00291	0.02336	0.00207	0.00235	0.00184	0.00124	0.00093	0.00032	0.00149	0.00078	0.00065	0.00182
8	0.00618	0.00259	0.00338	0.00260	0.00369	0.00236	0.00215	0.10952	0.02184	0.82195	0.00534	0.00466	0.00339	0.00175	0.00142	0.00044	0.00124	0.00141	0.00171	0.00240
9	0.00197	0.00144	0.00185	0.00175	0.00209	0.00132	0.00131	0.00261	0.00394	0.00552	0.86700	0.01079	0.08722	0.00294	0.00167	0.00045	0.00067	0.00259	0.00154	0.00132
10	0.00183	0.00132	0.00175	0.00207	0.00220	0.00126	0.00146	0.00221	0.02191	0.00374	0.00776	0.79678	0.01697	0.00430	0.00181	0.00058	0.00089	0.12866	0.00131	0.00119
11	0.15655	0.35718	0.00488	0.00258	0.00368	0.00988	0.00229	0.28867	0.01347	0.12447	0.00295	0.00303	0.00222	0.00146	0.00113	0.00038	0.00140	0.00102	0.02075	0.00202
12	0.00173	0.00126	0.00164	0.00193	0.00206	0.00116	0.00131	0.00200	0.00278	0.00367	0.02581	0.83375	0.08873	0.00431	0.00179	0.00056	0.00082	0.02220	0.00132	0.00116
13	0.00559	0.01713	0.00399	0.00302	0.00413	0.00372	0.00250	0.63620	0.02540	0.27752	0.00405	0.00382	0.00275	0.00171	0.00141	0.00043	0.00144	0.00131	0.00150	0.00239
14	0.01635	0.00164	0.00228	0.00213	0.01158	0.00165	0.00151	0.05842	0.00246	0.13502	0.00293	0.00425	0.00257	0.00414	0.00458	0.72434	0.02107	0.00125	0.00083	0.00102
15	0.00526	0.00654	0.00400	0.00361	0.00434	0.89431	0.00272	0.01913	0.00401	0.02156	0.00226	0.00261	0.00186	0.00148	0.00135	0.00037	0.02123	0.00093	0.00076	0.00166
16	0.00315	0.00282	0.00454	0.44524	0.31974	0.00312	0.00729	0.03277	0.02484	0.02939	0.01548	0.01533	0.00243	0.00150	0.00151	0.00739	0.02353	0.00988	0.00076	0.04929
17	0.01696	0.01471	0.08606	0.00703	0.04770	0.08177	0.13545	0.09008	0.05891	0.02779	0.05297	0.24288	0.02339	0.01115	0.00177	0.00049	0.05347	0.02087	0.00105	0.02549
18	0.00300	0.00250	0.00338	0.02613	0.00339	0.01119	0.03965	0.05897	0.01903	0.06664	0.15394	0.01492	0.13018	0.04009	0.04790	0.00064	0.37409	0.00179	0.00102	0.00156
19	0.01695	0.00261	0.00419	0.79072	0.04756	0.00314	0.00371	0.04206	0.00299	0.00397	0.00254	0.00366	0.00193	0.00140	0.00141	0.00045	0.01090	0.00122	0.00068	0.05790
20	0.00508	0.01997	0.00409	0.00357	0.00433	0.75308	0.02382	0.03177	0.05254	0.04747	0.00256	0.00286	0.00205	0.00153	0.00143	0.00039	0.03988	0.00101	0.00082	0.00173
21	0.00201	0.00163	0.03699	0.00208	0.02058	0.00138	0.00154	0.00251	0.00328	0.01715	0.37400	0.39378	0.05152	0.03462	0.00188	0.00053	0.00086	0.03690	0.01547	0.00129
22	0.00176	0.00125	0.00162	0.00191	0.00203	0.00116	0.00129	0.00204	0.00277	0.00371	0.01936	0.83673	0.06583	0.00425	0.00176	0.00056	0.00081	0.01294	0.03704	0.00116
23	0.01661	0.03777	0.00329	0.00246	0.00347	0.00220	0.00202	0.03132	0.00395	0.78389	0.02271	0.06700	0.00395	0.00192	0.00142	0.00044	0.00118	0.00158	0.01055	0.00226
24	0.00518	0.00404	0.03924	0.00326	0.00441	0.00430	0.00276	0.85530	0.05338	0.00859	0.00348	0.00347	0.00248	0.00169	0.00141	0.00043	0.00155	0.00128	0.00138	0.00238
25	0.29902	0.00272	0.00300	0.00239	0.00340	0.00276	0.00197	0.15829	0.00393	0.47061	0.00408	0.00382	0.00272	0.00160	0.00124	0.00043	0.00121	0.00119	0.03352	0.00210
26	0.03231	0.00387	0.00413	0.00317	0.00430	0.00425	0.00261	0.87559	0.00638	0.00867	0.00332	0.00334	0.00237	0.00166	0.00138	0.00042	0.00152	0.00124	0.00138	0.03809
27	0.00614	0.00254	0.02986	0.00255	0.00366	0.00213	0.00216	0.01930	0.00405	0.88422	0.02456	0.00485	0.00363	0.00176	0.00142	0.00044	0.00122	0.00143	0.00171	0.00237
28	0.00378	0.95121	0.00740	0.00242	0.00363	0.00559	0.00242	0.00423	0.00287	0.00332	0.00196	0.00227	0.00181	0.00121	0.00091	0.00030	0.00151	0.00076	0.00060	0.00181
29	0.01994	0.04606	0.08010	0.08201	0.22198	0.13319	0.02189	0.04660	0.18081	0.04905	0.00338	0.00753	0.00268	0.00162	0.00158	0.00044	0.06469	0.01904	0.01542	0.00198
30	0.00374	0.00312	0.00335	0.02964	0.00393	0.00358	0.00235	0.13575	0.75862	0.01299	0.00536	0.00517	0.00405	0.00191	0.00144	0.00047	0.00120	0.01970	0.00141	0.00222
31	0.00198	0.00146	0.00182	0.00173	0.00210	0.00133	0.00130	0.00261	0.01069	0.01327	0.74656	0.01769	0.18620	0.00301	0.00166	0.00045	0.00068	0.00263	0.00151	0.00132
32	0.00301	0.00270	0.00423	0.02716	0.57947	0.00751	0.00320	0.00369	0.00326	0.03838	0.03128	0.01396	0.27220	0.00201	0.00149	0.00044	0.00136	0.00181	0.00094	0.00189
33	0.00180	0.00128	0.00166	0.00192	0.00207	0.00118	0.00131	0.00209	0.00285	0.01539	0.06450	0.78099	0.09609	0.00421	0.00178	0.00056	0.00081	0.01698	0.00133	0.00118
34	0.00245	0.00123	0.00184	0.00184	0.00184	0.00123	0.00123	0.00184	0.00184	0.00245	0.00245	0.00429	0.00245	0.00491	0.00552	0.95890	0.00123	0.00123	0.00061	0.00061
35	0.00383	0.91981	0.00729	0.00246	0.00365	0.03681	0.00243	0.00428	0.00291	0.00333	0.00197	0.00228	0.00181	0.00122	0.00092	0.00030	0.00155	0.00076	0.00061	0.00181
36	0.00188	0.00135	0.00181	0.00210	0.00227	0.00128	0.00154	0.00225	0.00294	0.00390	0.07095	0.62922	0.03583	0.00417	0.00183	0.00058	0.00092	0.23267	0.00133	0.00120
37	0.02281	0.00403	0.07736	0.00717	0.00418	0.15054	0.03543	0.30830	0.11728	0.11727	0.05067	0.03296	0.00339	0.00181	0.00150	0.00043	0.02777	0.00931	0.00676	0.02102
38	0.00338	0.00312	0.03857	0.11716	0.06697	0.01575	0.15831	0.07587	0.30206	0.04155	0.07669	0.06140	0.01149	0.00190	0.00153	0.00047	0.00928	0.01141	0.00113	0.00195

[dist]
# distance from previous block
# <min> <max>
7	26

[block]
# block no. 10 follows, 227 sequences, length 6
# corresponding to MSA columns:
# 1605,1606,1626,1628,1629,1636
name=unknown_K
#
# <colnr> <probs for GDERKNQSTAVLIFYWHMCP>
#	G	D	E	R	K	N	Q	S	T	A	V	L	I	F	Y	W	H	M	C	P
0	0.01227	0.02300	0.00310	0.07022	0.03452	0.01724	0.02860	0.02760	0.02182	0.01828	0.14622	0.12319	0.07719	0.05129	0.08247	0.00069	0.18888	0.01492	0.01705	0.04143
1	0.00303	0.00303	0.00442	0.00374	0.00385	0.00411	0.05823	0.00341	0.00224	0.00346	0.00205	0.00330	0.00199	0.00295	0.06857	0.00072	0.82746	0.00128	0.00063	0.00155
2	0.02142	0.01539	0.02327	0.05113	0.17079	0.03419	0.01752	0.06539	0.43306	0.03528	0.00473	0.06906	0.01583	0.00189	0.00143	0.00046	0.00135	0.01361	0.00118	0.02302
3	0.07600	0.67373	0.04014	0.00286	0.05493	0.04461	0.00256	0.03116	0.00308	0.05659	0.00228	0.00255	0.00193	0.00128	0.00101	0.00034	0.00154	0.00085	0.00072	0.00187
4	0.00346	0.00351	0.03349	0.04338	0.75043	0.02663	0.05508	0.00441	0.02639	0.00457	0.00272	0.00351	0.00224	0.00128	0.00140	0.00042	0.00172	0.00126	0.00072	0.03337
5	0.00222	0.00150	0.00191	0.00178	0.00218	0.00136	0.00134	0.00284	0.00390	0.06313	0.75943	0.01060	0.13664	0.00291	0.00165	0.00045	0.00071	0.00254	0.00153	0.00138

[dist]
# distance from previous block
# <min> <max>
0	1

[block]
# block no. 11 follows, 227 sequences, length 8
# corresponding to MSA columns:
# 1638-1645
name=unknown_L
#
# <colnr> <probs for GDERKNQSTAVLIFYWHMCP>
#	G	D	E	R	K	N	Q	S	T	A	V	L	I	F	Y	W	H	M	C	P
0	0.02767	0.00322	0.00597	0.03386	0.00572	0.00318	0.55055	0.05838	0.10433	0.02871	0.00353	0.00417	0.00265	0.00140	0.00148	0.00045	0.00183	0.00154	0.15951	0.00186
1	0.02022	0.00297	0.00345	0.01895	0.00382	0.00309	0.02297	0.31255	0.19790	0.17374	0.02481	0.03378	0.00347	0.00192	0.01711	0.00045	0.00131	0.00144	0.05071	0.10534
2	0.00216	0.00168	0.00249	0.00227	0.00268	0.00156	0.10214	0.00278	0.02397	0.02260	0.36885	0.29738	0.12282	0.00317	0.00167	0.00049	0.00092	0.00287	0.03613	0.00136
3	0.00463	0.02601	0.05575	0.01931	0.02972	0.00310	0.17700	0.14803	0.12151	0.32977	0.02085	0.00450	0.00320	0.00167	0.00152	0.00045	0.01962	0.01613	0.01505	0.00217
4	0.00269	0.00155	0.00204	0.00194	0.00206	0.00159	0.00131	0.10270	0.00240	0.00320	0.00293	0.00513	0.00295	0.18247	0.00539	0.67537	0.00129	0.00139	0.00075	0.00085
5	0.00375	0.02718	0.00420	0.00366	0.02858	0.28073	0.04180	0.02797	0.00301	0.02282	0.00277	0.10504	0.00272	0.00223	0.00289	0.00051	0.43631	0.00145	0.00077	0.00161
6	0.01259	0.02746	0.02442	0.03119	0.13584	0.01680	0.03336	0.02659	0.03887	0.03027	0.01887	0.01294	0.01406	0.00128	0.00119	0.00030	0.00126	0.00109	0.01499	0.55661
7	0.04479	0.02749	0.01564	0.15700	0.13146	0.01087	0.02741	0.06311	0.09250	0.04130	0.10482	0.03077	0.02516	0.17487	0.01531	0.00064	0.02440	0.00167	0.00914	0.00165

[dist]
# distance from previous block
# <min> <max>
1	14

[block]
# block no. 12 follows, 227 sequences, length 7
# corresponding to MSA columns:
# 1663,1665-1670
name=unknown_M
#
# <colnr> <probs for GDERKNQSTAVLIFYWHMCP>
#	G	D	E	R	K	N	Q	S	T	A	V	L	I	F	Y	W	H	M	C	P
0	0.03311	0.00292	0.03312	0.02412	0.00383	0.00272	0.00222	0.18383	0.12744	0.33231	0.03024	0.02807	0.00340	0.00169	0.00135	0.00040	0.00124	0.00137	0.00136	0.18527
1	0.00385	0.00350	0.03491	0.00365	0.00476	0.03339	0.24028	0.11996	0.35130	0.06844	0.00411	0.00420	0.00304	0.00156	0.00144	0.00043	0.00157	0.00143	0.00115	0.11705
2	0.00274	0.00199	0.00235	0.01767	0.00276	0.01551	0.00168	0.03482	0.19032	0.06812	0.31601	0.16335	0.07315	0.00315	0.04706	0.00056	0.01551	0.00235	0.03931	0.00159
3	0.00186	0.00127	0.00162	0.00187	0.00200	0.00120	0.00127	0.00217	0.00277	0.00383	0.03905	0.70460	0.03710	0.05712	0.00201	0.00059	0.00084	0.03234	0.10531	0.00116
4	0.00228	0.00145	0.00179	0.00186	0.00220	0.00129	0.00133	0.00263	0.00312	0.11662	0.08175	0.48433	0.28658	0.00373	0.00171	0.00052	0.00082	0.00328	0.00138	0.00133
5	0.00490	0.00345	0.00378	0.00303	0.00405	0.00379	0.00246	0.51420	0.30542	0.13291	0.00444	0.00418	0.00316	0.00177	0.00142	0.00044	0.00137	0.00140	0.00147	0.00235
6	0.79002	0.00255	0.00211	0.00191	0.00272	0.00287	0.00154	0.00410	0.00255	0.07092	0.00285	0.10542	0.00252	0.00168	0.00101	0.00045	0.00107	0.00116	0.00098	0.00155

[dist]
# distance from previous block
# <min> <max>
4	10

[block]
# block no. 13 follows, 227 sequences, length 10
# corresponding to MSA columns:
# 1773,1779,1780,1782-1788
name=unknown_N
#
# <colnr> <probs for GDERKNQSTAVLIFYWHMCP>
#	G	D	E	R	K	N	Q	S	T	A	V	L	I	F	Y	W	H	M	C	P
0	0.00328	0.00271	0.00319	0.15896	0.01639	0.00306	0.00238	0.11763	0.43895	0.01833	0.02697	0.03103	0.11550	0.01657	0.00160	0.00049	0.01044	0.01870	0.01189	0.00192
1	0.00315	0.00179	0.00227	0.00202	0.00257	0.00166	0.00156	0.03517	0.03546	0.22545	0.48147	0.06302	0.10530	0.00270	0.00159	0.00046	0.00086	0.01606	0.01581	0.00163
2	0.00310	0.00211	0.00296	0.22524	0.07705	0.01052	0.00231	0.01304	0.01740	0.15420	0.20945	0.02015	0.10182	0.02074	0.00164	0.00047	0.01863	0.02013	0.09742	0.00163
3	0.00280	0.00162	0.00207	0.00200	0.00243	0.00149	0.00149	0.00338	0.03791	0.19017	0.23141	0.34183	0.11627	0.00325	0.00165	0.00050	0.00087	0.02995	0.02742	0.00150
4	0.02197	0.00194	0.00232	0.00217	0.01488	0.02706	0.00155	0.05488	0.02618	0.15507	0.05576	0.04468	0.02172	0.32476	0.19306	0.04594	0.00178	0.00181	0.00107	0.00139
5	0.00396	0.84418	0.00704	0.00251	0.00371	0.00545	0.00245	0.10961	0.00330	0.00395	0.00213	0.00239	0.00188	0.00126	0.00096	0.00032	0.00152	0.00081	0.00070	0.00188
6	0.02626	0.00203	0.00231	0.00215	0.00268	0.00211	0.00171	0.14620	0.08977	0.05495	0.12722	0.06414	0.00581	0.00238	0.00141	0.00045	0.00099	0.15740	0.30839	0.00162
7	0.00269	0.00305	0.11031	0.84042	0.00932	0.00315	0.00407	0.00371	0.00284	0.00371	0.00251	0.00368	0.00187	0.00140	0.00140	0.00047	0.00191	0.00123	0.00062	0.00163
