[name]
unknown

[dist]
# distance from previous block
# <min> <max>
0	803

[block]
# block no. 0 follows, 291 sequences, length 12
# corresponding to MSA columns:
# 841-843,845-852,858
name=unknown_A
#
# <colnr> <probs for GDERKNQSTAVLIFYWHMCP>
#	G	D	E	R	K	N	Q	S	T	A	V	L	I	F	Y	W	H	M	C	P
0	0.07547	0.01039	0.00795	0.08721	0.01870	0.02163	0.08425	0.04142	0.02082	0.10668	0.03765	0.18110	0.02699	0.01615	0.06680	0.00049	0.02306	0.09849	0.01013	0.06463
1	0.00205	0.00172	0.03769	0.00173	0.00207	0.07225	0.00133	0.04005	0.03082	0.06551	0.06875	0.44808	0.15390	0.01941	0.01246	0.00043	0.00086	0.02111	0.01868	0.00112
2	0.07275	0.03300	0.00315	0.00250	0.03146	0.06495	0.00198	0.64303	0.00436	0.05433	0.00263	0.00286	0.00197	0.04619	0.00128	0.00036	0.00122	0.00098	0.01833	0.01265
3	0.01800	0.08576	0.24593	0.04211	0.02065	0.00229	0.04908	0.07459	0.01659	0.05363	0.04865	0.10222	0.02246	0.01065	0.00116	0.00033	0.01923	0.00119	0.00740	0.17807
4	0.17711	0.02977	0.06351	0.00239	0.07564	0.01930	0.00189	0.11620	0.02633	0.37339	0.05394	0.01526	0.00266	0.01351	0.00934	0.00036	0.00106	0.00105	0.00102	0.01625
5	0.00222	0.00475	0.70310	0.01362	0.00436	0.00244	0.04527	0.00341	0.03825	0.00357	0.04321	0.01687	0.00211	0.00155	0.04588	0.00043	0.03157	0.00099	0.03487	0.00155
6	0.01160	0.00236	0.00357	0.17801	0.37012	0.04594	0.06794	0.04560	0.05002	0.02069	0.02165	0.12923	0.02396	0.00150	0.00117	0.00036	0.00126	0.01195	0.01159	0.00148
7	0.00261	0.07402	0.03637	0.08139	0.06464	0.02345	0.12270	0.09811	0.05798	0.05773	0.09043	0.07224	0.04243	0.05026	0.02650	0.00702	0.03314	0.00612	0.01305	0.03981
8	0.00180	0.00121	0.00161	0.00158	0.00171	0.00131	0.00112	0.00202	0.00188	0.04044	0.04779	0.04664	0.00375	0.35083	0.38189	0.03908	0.03797	0.00146	0.03501	0.00091
9	0.00183	0.04277	0.00197	0.00180	0.04653	0.00148	0.03892	0.06758	0.02252	0.01905	0.06390	0.15864	0.52378	0.00252	0.00129	0.00038	0.00075	0.00216	0.00100	0.00113
10	0.00255	0.00195	0.04792	0.08609	0.02679	0.00184	0.04187	0.07340	0.03293	0.16082	0.13393	0.11784	0.14534	0.01925	0.01439	0.00041	0.06650	0.01740	0.00745	0.00134
11	0.08106	0.09171	0.12168	0.01772	0.03916	0.02649	0.06529	0.06395	0.03534	0.02354	0.01075	0.01447	0.00222	0.08764	0.00208	0.00044	0.22806	0.04346	0.00928	0.03567

[dist]
# distance from previous block
# <min> <max>
4	17

[block]
# block no. 1 follows, 291 sequences, length 6
# corresponding to MSA columns:
# 882-887
name=unknown_B
#
# <colnr> <probs for GDERKNQSTAVLIFYWHMCP>
#	G	D	E	R	K	N	Q	S	T	A	V	L	I	F	Y	W	H	M	C	P
0	0.10228	0.40478	0.00394	0.00202	0.00288	0.16624	0.00175	0.03221	0.03020	0.02739	0.00188	0.00211	0.00157	0.00101	0.00083	0.00025	0.00121	0.00068	0.00062	0.21615
1	0.00187	0.00139	0.00158	0.00155	0.00186	0.00137	0.00114	0.12575	0.03486	0.00366	0.07499	0.29035	0.28473	0.07801	0.02165	0.00048	0.00079	0.02691	0.04596	0.00109
2	0.00212	0.00199	0.00336	0.95788	0.00773	0.00249	0.00312	0.00287	0.00224	0.00287	0.00199	0.00299	0.00150	0.00112	0.00112	0.00037	0.00150	0.00100	0.00050	0.00125
3	0.02373	0.01526	0.03787	0.00201	0.00272	0.05315	0.01630	0.20158	0.05073	0.08962	0.12718	0.06990	0.02956	0.00165	0.01398	0.00033	0.00101	0.01647	0.04645	0.20050
4	0.00297	0.83596	0.00544	0.00197	0.00288	0.00422	0.00190	0.00370	0.12632	0.00291	0.00195	0.00211	0.00170	0.00103	0.00077	0.00026	0.00116	0.00069	0.00057	0.00148
5	0.67357	0.00201	0.00177	0.00157	0.00215	0.00228	0.00124	0.04167	0.00210	0.06589	0.00223	0.04023	0.00197	0.12658	0.00151	0.00045	0.02991	0.00090	0.00076	0.00121

[dist]
# distance from previous block
# <min> <max>
0	1

[block]
# block no. 2 follows, 291 sequences, length 28
# corresponding to MSA columns:
# 895-906,909,910,913-916,918-921,923-928
name=unknown_C
#
# <colnr> <probs for GDERKNQSTAVLIFYWHMCP>
#	G	D	E	R	K	N	Q	S	T	A	V	L	I	F	Y	W	H	M	C	P
0	0.00218	0.00208	0.00338	0.91873	0.02643	0.02272	0.00310	0.00291	0.00227	0.00288	0.00199	0.00297	0.00150	0.00112	0.00112	0.00037	0.00150	0.00099	0.00050	0.00126
1	0.24635	0.07162	0.01573	0.03557	0.07229	0.01792	0.03336	0.23936	0.10818	0.08326	0.00264	0.00998	0.00833	0.00617	0.00106	0.00034	0.01927	0.00504	0.00087	0.02266
2	0.01240	0.00664	0.01003	0.28516	0.00387	0.05074	0.01036	0.06484	0.01231	0.05396	0.00284	0.03074	0.00227	0.00133	0.01103	0.00032	0.00107	0.01092	0.28556	0.14360
3	0.00582	0.06499	0.20103	0.06266	0.04502	0.03074	0.01609	0.03363	0.16515	0.01968	0.01513	0.22116	0.01713	0.02912	0.00870	0.01473	0.02696	0.01648	0.00080	0.00498
4	0.01221	0.51891	0.10497	0.00271	0.01433	0.01082	0.17859	0.05901	0.04597	0.01344	0.00202	0.00240	0.00167	0.00106	0.00098	0.00030	0.01893	0.00958	0.00058	0.00152
5	0.01383	0.00128	0.00173	0.02857	0.00198	0.00142	0.00125	0.01054	0.00187	0.03115	0.00988	0.04466	0.01832	0.30074	0.48951	0.00133	0.03889	0.00141	0.00068	0.00095
6	0.00212	0.00199	0.00336	0.95788	0.00773	0.00249	0.00312	0.00287	0.00224	0.00287	0.00199	0.00299	0.00150	0.00112	0.00112	0.00037	0.00150	0.00100	0.00050	0.00125
7	0.00259	0.06201	0.05544	0.02907	0.01379	0.01272	0.03327	0.08736	0.02390	0.02261	0.00595	0.01784	0.00200	0.00825	0.01737	0.00031	0.11519	0.01651	0.05757	0.41626
8	0.01433	0.00119	0.00146	0.00153	0.01104	0.00110	0.00111	0.00200	0.00758	0.03736	0.16697	0.23494	0.24167	0.12555	0.02093	0.00052	0.00078	0.11919	0.00102	0.00976
9	0.00651	0.04505	0.33005	0.04292	0.01423	0.01737	0.01759	0.08175	0.07632	0.02326	0.13382	0.05127	0.07087	0.02868	0.01800	0.00041	0.02274	0.01694	0.00079	0.00143
10	0.00218	0.00126	0.00159	0.00153	0.00188	0.00112	0.00114	0.00254	0.00865	0.19880	0.23694	0.30419	0.20779	0.01665	0.00138	0.00040	0.00068	0.00895	0.00116	0.00116
11	0.01145	0.04656	0.78736	0.02850	0.01231	0.00266	0.04160	0.01627	0.00243	0.02111	0.00882	0.00256	0.00158	0.00110	0.00107	0.00035	0.00160	0.01052	0.00052	0.00163
12	0.00266	0.00217	0.00242	0.00778	0.00276	0.00244	0.01732	0.05472	0.66215	0.02771	0.04573	0.06715	0.03647	0.00660	0.02017	0.00041	0.00092	0.01600	0.02281	0.00161
13	0.40931	0.30631	0.03594	0.00196	0.00276	0.11929	0.00174	0.06717	0.01239	0.01980	0.00175	0.00198	0.00142	0.00107	0.00083	0.00031	0.01326	0.00067	0.00065	0.00138
14	0.01469	0.00133	0.01371	0.00148	0.00181	0.01637	0.00813	0.00802	0.00828	0.02686	0.43682	0.13853	0.24057	0.02002	0.00138	0.00039	0.00065	0.02725	0.01315	0.02055
15	0.00148	0.00109	0.00135	0.00140	0.00164	0.00099	0.00101	0.00182	0.00264	0.01411	0.33547	0.34380	0.27020	0.00288	0.00136	0.00040	0.00059	0.01568	0.00111	0.00099
16	0.00323	0.00839	0.01856	0.00217	0.00305	0.03647	0.02359	0.32264	0.07500	0.06986	0.04685	0.01166	0.00241	0.00121	0.00102	0.00028	0.00105	0.00096	0.00092	0.37066
17	0.10275	0.00347	0.00386	0.00309	0.00381	0.28581	0.24850	0.12414	0.06999	0.02361	0.00228	0.01395	0.00182	0.01402	0.00141	0.00036	0.09394	0.00102	0.00071	0.00145
18	0.00380	0.00204	0.00244	0.00201	0.00273	0.00206	0.00161	0.05928	0.32297	0.44447	0.02269	0.01221	0.00313	0.00145	0.00110	0.00035	0.00089	0.00119	0.09372	0.01985
19	0.00380	0.07286	0.00323	0.00252	0.00319	0.37238	0.00201	0.31350	0.03949	0.03759	0.01645	0.00274	0.00200	0.01077	0.03604	0.00038	0.03459	0.00653	0.02555	0.01438
20	0.96850	0.00217	0.00165	0.00148	0.00217	0.00252	0.00122	0.00330	0.00191	0.00503	0.00156	0.00182	0.00122	0.00104	0.00069	0.00035	0.00087	0.00061	0.00069	0.00122
21	0.00426	0.00314	0.00337	0.00258	0.00348	0.00348	0.00213	0.94983	0.00527	0.00707	0.00269	0.00269	0.00191	0.00135	0.00112	0.00034	0.00123	0.00101	0.00112	0.00191
22	0.00459	0.00194	0.00251	0.00195	0.00276	0.00177	0.00160	0.10017	0.01170	0.74506	0.00434	0.00390	0.02447	0.00141	0.00110	0.00034	0.00094	0.00114	0.08649	0.00181
23	0.00220	0.00208	0.01096	0.74710	0.06974	0.00250	0.02130	0.01175	0.00227	0.00301	0.00212	0.02265	0.00169	0.00122	0.00128	0.00038	0.06301	0.00105	0.03241	0.00128
24	0.00174	0.00115	0.00142	0.00140	0.00168	0.00104	0.00103	0.00215	0.00278	0.06147	0.44771	0.20502	0.18009	0.01173	0.00134	0.00038	0.00059	0.00220	0.07403	0.00105
25	0.01398	0.00973	0.00324	0.37532	0.20841	0.00228	0.04841	0.02614	0.05575	0.02243	0.02605	0.01060	0.00677	0.01142	0.01399	0.00038	0.00599	0.01473	0.14298	0.00138
26	0.00169	0.00118	0.00150	0.00635	0.00867	0.00113	0.00881	0.03155	0.01228	0.03170	0.03877	0.49357	0.13186	0.13680	0.01380	0.03687	0.00080	0.04073	0.00098	0.00096
27	0.43100	0.06415	0.04853	0.00187	0.00265	0.00241	0.01265	0.05933	0.01862	0.24952	0.01669	0.00617	0.00646	0.00129	0.00874	0.00035	0.02317	0.00769	0.02407	0.01465

[dist]
# distance from previous block
# <min> <max>
1	53

[block]
# block no. 3 follows, 291 sequences, length 15
# corresponding to MSA columns:
# 982-996
name=unknown_D
#
# <colnr> <probs for GDERKNQSTAVLIFYWHMCP>
#	G	D	E	R	K	N	Q	S	T	A	V	L	I	F	Y	W	H	M	C	P
0	0.00295	0.00244	0.00255	0.00226	0.00291	0.01615	0.00177	0.07190	0.80536	0.03618	0.00446	0.00412	0.01562	0.00151	0.00113	0.00037	0.00092	0.00125	0.02441	0.00175
1	0.00277	0.43437	0.24361	0.00246	0.01393	0.02582	0.04430	0.04536	0.00869	0.03261	0.02552	0.00287	0.04901	0.01852	0.00115	0.00032	0.04572	0.00089	0.00060	0.00148
2	0.00217	0.00128	0.00161	0.00146	0.00185	0.00114	0.00112	0.00262	0.00300	0.17671	0.53576	0.03884	0.20080	0.00226	0.00128	0.00036	0.00062	0.00195	0.02400	0.00119
3	0.00142	0.00106	0.00132	0.00147	0.00165	0.00097	0.00105	0.00170	0.00242	0.00315	0.12914	0.52841	0.24831	0.00316	0.00140	0.00043	0.00064	0.07030	0.00107	0.00095
4	0.02375	0.00134	0.00170	0.00152	0.00190	0.00126	0.00117	0.02192	0.02466	0.13498	0.71930	0.00738	0.03307	0.00210	0.00126	0.00035	0.00062	0.00183	0.01867	0.00121
5	0.71074	0.00211	0.00180	0.00158	0.00225	0.00239	0.00129	0.07431	0.02516	0.05913	0.01651	0.00239	0.00171	0.00124	0.01447	0.00036	0.00090	0.00075	0.07961	0.00130
6	0.00168	0.00121	0.00146	0.00138	0.00171	0.00109	0.00104	0.00220	0.02725	0.04087	0.62243	0.00879	0.27993	0.00240	0.00131	0.00036	0.00057	0.00207	0.00118	0.00108
7	0.00279	0.00267	0.00435	0.02087	0.84832	0.01524	0.00328	0.01929	0.05317	0.00374	0.00236	0.00294	0.01377	0.00106	0.00111	0.00034	0.00131	0.00103	0.00060	0.00175
8	0.01377	0.00161	0.00209	0.00177	0.00236	0.00146	0.00141	0.00399	0.04458	0.49961	0.14875	0.07122	0.06236	0.04067	0.00138	0.00039	0.00084	0.05499	0.03419	0.01258
9	0.00249	0.09160	0.77569	0.00307	0.00459	0.00277	0.03241	0.03463	0.00249	0.03720	0.00209	0.00240	0.00150	0.00107	0.00105	0.00034	0.00159	0.00084	0.00053	0.00165
10	0.00150	0.00113	0.00138	0.00144	0.00168	0.00104	0.00106	0.00190	0.01690	0.00351	0.33100	0.26126	0.25039	0.03991	0.00154	0.00043	0.00064	0.08122	0.00109	0.00099
11	0.44435	0.05832	0.21554	0.01037	0.00303	0.01187	0.01365	0.04307	0.07020	0.04590	0.04525	0.00269	0.01331	0.00119	0.00093	0.00035	0.00977	0.00085	0.00795	0.00142
12	0.00279	0.03080	0.07562	0.10511	0.27390	0.01938	0.05856	0.07520	0.14782	0.04587	0.02738	0.00968	0.01070	0.00124	0.00111	0.00034	0.00124	0.02261	0.00076	0.08989
13	0.00254	0.00207	0.01074	0.00182	0.00265	0.00182	0.00145	0.09166	0.14147	0.02902	0.04704	0.02178	0.03997	0.01379	0.00109	0.01522	0.00087	0.00100	0.00084	0.57318
14	0.02824	0.13778	0.07288	0.08287	0.08832	0.02864	0.05458	0.18513	0.03751	0.04793	0.05494	0.09710	0.00871	0.01659	0.00842	0.00036	0.01001	0.00698	0.00080	0.03220

[dist]
# distance from previous block
# <min> <max>
2	65

[block]
# block no. 4 follows, 291 sequences, length 15
# corresponding to MSA columns:
# 1067-1074,1087-1090,1093-1095
name=unknown_E
#
# <colnr> <probs for GDERKNQSTAVLIFYWHMCP>
#	G	D	E	R	K	N	Q	S	T	A	V	L	I	F	Y	W	H	M	C	P
0	0.04174	0.01282	0.01737	0.20337	0.17300	0.07301	0.06041	0.07038	0.03633	0.10489	0.02795	0.02813	0.03932	0.02249	0.01199	0.00757	0.02600	0.01726	0.01703	0.00890
1	0.25235	0.00813	0.02643	0.01216	0.01659	0.02695	0.02997	0.04583	0.01333	0.02133	0.00933	0.01504	0.00767	0.01285	0.00759	0.00028	0.01033	0.00079	0.00071	0.48235
2	0.04395	0.30181	0.15856	0.03088	0.05564	0.16132	0.02766	0.04097	0.03491	0.02948	0.01656	0.01870	0.00191	0.00585	0.01693	0.00608	0.03654	0.01018	0.00061	0.00146
3	0.05874	0.07446	0.23354	0.08305	0.12086	0.12993	0.04711	0.04064	0.04194	0.02333	0.02990	0.02515	0.00210	0.00123	0.00113	0.00034	0.02999	0.00810	0.02955	0.01891
4	0.66353	0.06203	0.03452	0.01023	0.01703	0.00263	0.02640	0.07716	0.01011	0.05298	0.02156	0.00225	0.00163	0.00111	0.00081	0.00034	0.00098	0.00074	0.01261	0.00135
5	0.00918	0.00708	0.00265	0.22799	0.15141	0.00928	0.02477	0.01097	0.02017	0.00288	0.04121	0.01883	0.02123	0.02016	0.10272	0.28325	0.00753	0.01783	0.00588	0.01499
6	0.00146	0.00110	0.00134	0.00139	0.00163	0.00099	0.00101	0.00181	0.00265	0.00352	0.35703	0.26896	0.29010	0.02567	0.00147	0.00041	0.00061	0.03677	0.00110	0.00098
7	0.00246	0.04575	0.51629	0.00833	0.02252	0.01301	0.02924	0.07655	0.04129	0.03257	0.08201	0.03306	0.03540	0.01273	0.00660	0.00038	0.02580	0.01377	0.00070	0.00154
8	0.01189	0.00115	0.00133	0.00134	0.00154	0.00110	0.00094	0.00202	0.01499	0.01944	0.14718	0.08724	0.16668	0.33556	0.00280	0.00062	0.00080	0.08004	0.12244	0.00092
9	0.02304	0.02040	0.00269	0.00223	0.00276	0.15553	0.02652	0.23522	0.13701	0.05570	0.00305	0.01279	0.00266	0.21419	0.04659	0.00058	0.04257	0.00870	0.00638	0.00139
10	0.00170	0.00119	0.00150	0.00141	0.00172	0.00109	0.00106	0.00222	0.01793	0.04155	0.72902	0.03145	0.15923	0.00236	0.00132	0.00036	0.00056	0.00206	0.00120	0.00108
11	0.00265	0.43472	0.42372	0.00256	0.00377	0.01867	0.01352	0.01855	0.01914	0.00321	0.02679	0.00231	0.00172	0.00108	0.00098	0.00031	0.02346	0.00078	0.00052	0.00153
12	0.01842	0.00116	0.00121	0.00119	0.00150	0.00113	0.00090	0.03167	0.00248	0.00383	0.03833	0.03383	0.25729	0.02976	0.03276	0.00038	0.00067	0.01234	0.53009	0.00103
13	0.00350	0.02775	0.00300	0.00223	0.00309	0.00272	0.01507	0.53458	0.03186	0.03568	0.00264	0.00285	0.00200	0.02705	0.01477	0.00033	0.00112	0.00094	0.03200	0.25682
14	0.29954	0.00209	0.00223	0.00175	0.00259	0.00199	0.00142	0.06981	0.01615	0.23045	0.01703	0.00273	0.00200	0.01324	0.00095	0.00029	0.00090	0.00082	0.00089	0.33311

[dist]
# distance from previous block
# <min> <max>
4	19

[block]
# block no. 5 follows, 291 sequences, length 16
# corresponding to MSA columns:
# 1183-1195,1200-1202
name=unknown_F
#
# <colnr> <probs for GDERKNQSTAVLIFYWHMCP>
#	G	D	E	R	K	N	Q	S	T	A	V	L	I	F	Y	W	H	M	C	P
0	0.02411	0.35692	0.42910	0.02488	0.01409	0.02904	0.02173	0.04434	0.00248	0.01243	0.00201	0.00232	0.01489	0.00108	0.00098	0.00031	0.01643	0.00079	0.00053	0.00154
1	0.00750	0.26149	0.29420	0.01415	0.02497	0.03104	0.05569	0.06258	0.03537	0.09030	0.01328	0.01779	0.00202	0.02905	0.00912	0.00035	0.00136	0.00929	0.00067	0.03980
2	0.01224	0.01099	0.00157	0.00169	0.01603	0.01270	0.00119	0.02361	0.01349	0.02656	0.04553	0.53626	0.11480	0.04405	0.02135	0.02058	0.00081	0.09453	0.00100	0.00100
3	0.21500	0.00267	0.01204	0.00211	0.01116	0.13728	0.00168	0.11614	0.14427	0.20882	0.02542	0.02615	0.00244	0.00132	0.00100	0.00033	0.00109	0.00100	0.01969	0.07042
4	0.04338	0.02125	0.06294	0.03356	0.03563	0.07877	0.02419	0.05007	0.22641	0.12625	0.14463	0.03038	0.07100	0.00720	0.01612	0.00038	0.00107	0.01164	0.01365	0.00148
5	0.04183	0.05108	0.47873	0.01919	0.01216	0.03357	0.06058	0.04603	0.04169	0.01516	0.00254	0.01082	0.01213	0.14104	0.02300	0.00049	0.00149	0.00640	0.00061	0.00145
6	0.00142	0.00107	0.00130	0.00145	0.00163	0.00098	0.00102	0.00169	0.01223	0.00296	0.02314	0.51939	0.30766	0.01897	0.04750	0.01384	0.00076	0.03098	0.01109	0.00093
7	0.07529	0.00261	0.04515	0.00942	0.02899	0.00773	0.03046	0.32419	0.11737	0.28871	0.01822	0.00343	0.01422	0.00137	0.00110	0.00035	0.00109	0.00814	0.02040	0.00176
8	0.05209	0.01805	0.04605	0.07286	0.04532	0.17193	0.19083	0.09317	0.03182	0.13370	0.02894	0.01845	0.01194	0.02802	0.00634	0.00038	0.03266	0.00860	0.00734	0.00149
9	0.01823	0.00170	0.00208	0.02842	0.00249	0.00661	0.01446	0.05972	0.17281	0.16256	0.05368	0.13740	0.09923	0.05738	0.01587	0.00046	0.00093	0.14578	0.01886	0.00134
10	0.00155	0.00105	0.00139	0.00159	0.00171	0.00099	0.00110	0.00179	0.00224	0.03677	0.03571	0.73653	0.03749	0.04688	0.01483	0.00050	0.00074	0.07516	0.00104	0.00095
11	0.03025	0.02767	0.14983	0.05026	0.02187	0.08147	0.11238	0.12801	0.14231	0.09208	0.00290	0.02188	0.00226	0.00616	0.09494	0.01469	0.00676	0.00724	0.00553	0.00154
12	0.00740	0.02238	0.19717	0.37630	0.07788	0.05009	0.04439	0.05954	0.02616	0.00994	0.01358	0.01483	0.01741	0.00143	0.02575	0.00040	0.01522	0.01846	0.02026	0.00142
13	0.01443	0.00167	0.00206	0.01495	0.00237	0.00161	0.01310	0.11417	0.03858	0.27068	0.13240	0.13989	0.13364	0.03315	0.01820	0.00041	0.00087	0.00925	0.04933	0.00925
14	0.00157	0.00113	0.00154	0.00160	0.00173	0.00115	0.02232	0.00181	0.00200	0.00275	0.03669	0.33911	0.02656	0.23553	0.24892	0.01540	0.00140	0.02869	0.02922	0.00090
15	0.02595	0.04415	0.03031	0.03325	0.07957	0.19828	0.02745	0.12121	0.05805	0.05472	0.04594	0.16809	0.00335	0.01203	0.03474	0.00041	0.01212	0.01832	0.01801	0.01405

[dist]
# distance from previous block
# <min> <max>
1	32

[block]
# block no. 6 follows, 291 sequences, length 20
# corresponding to MSA columns:
# 1262-1281
name=unknown_G
#
# <colnr> <probs for GDERKNQSTAVLIFYWHMCP>
#	G	D	E	R	K	N	Q	S	T	A	V	L	I	F	Y	W	H	M	C	P
0	0.03191	0.58727	0.08155	0.01088	0.01277	0.10448	0.00802	0.01659	0.03263	0.01672	0.00922	0.01196	0.03055	0.00113	0.00088	0.00028	0.00938	0.00481	0.00058	0.02839
1	0.00159	0.01354	0.00162	0.07008	0.00218	0.01980	0.00126	0.00193	0.03039	0.00291	0.02024	0.68303	0.01688	0.05024	0.03611	0.00695	0.00087	0.02475	0.00095	0.01466
2	0.01436	0.03016	0.08081	0.08443	0.27260	0.02956	0.02528	0.13756	0.05018	0.12104	0.04884	0.04585	0.00264	0.00133	0.00113	0.00034	0.00642	0.00974	0.00082	0.03690
3	0.05554	0.09026	0.02318	0.04339	0.12986	0.04281	0.06001	0.30521	0.04374	0.10924	0.00275	0.01962	0.01203	0.00126	0.00109	0.00033	0.01140	0.00102	0.01651	0.03077
4	0.00165	0.00125	0.00182	0.14119	0.05779	0.00127	0.00149	0.00196	0.00221	0.01890	0.01394	0.68323	0.00597	0.02402	0.00147	0.00774	0.00083	0.01455	0.01770	0.00102
5	0.04082	0.00138	0.00158	0.00165	0.03712	0.00140	0.00117	0.08498	0.02735	0.01882	0.05393	0.26916	0.03929	0.00206	0.00108	0.00035	0.00069	0.02390	0.39213	0.00115
6	0.01032	0.00118	0.00141	0.04175	0.00187	0.00111	0.00106	0.00187	0.01843	0.00327	0.22392	0.09962	0.44955	0.02293	0.04739	0.06947	0.00077	0.00211	0.00099	0.00096
7	0.00183	0.00149	0.00730	0.00851	0.00892	0.02586	0.02408	0.05353	0.03189	0.02553	0.25739	0.12862	0.39820	0.00753	0.00133	0.00038	0.00472	0.00213	0.00965	0.00111
8	0.00303	0.01888	0.14011	0.00958	0.05414	0.20421	0.00885	0.07592	0.02473	0.04617	0.00216	0.00243	0.00169	0.00104	0.00099	0.00026	0.00825	0.00079	0.00069	0.39609
9	0.48107	0.01990	0.05173	0.13945	0.05090	0.05073	0.01015	0.09097	0.00244	0.01912	0.00192	0.00239	0.00150	0.00114	0.00097	0.00035	0.03053	0.01367	0.00617	0.02489
10	0.02860	0.00699	0.12204	0.27453	0.31540	0.01844	0.08580	0.03561	0.03685	0.01382	0.01357	0.00301	0.00186	0.01456	0.00123	0.00037	0.01869	0.00650	0.00059	0.00153
11	0.00231	0.00612	0.00845	0.01115	0.05283	0.01110	0.13290	0.03656	0.05410	0.04149	0.06143	0.02991	0.03836	0.17223	0.07657	0.07720	0.16207	0.00788	0.01617	0.00118
12	0.01052	0.00151	0.00180	0.01822	0.00195	0.01639	0.00131	0.00272	0.00230	0.04009	0.08007	0.00409	0.01145	0.00171	0.02248	0.00036	0.22508	0.00112	0.55569	0.00113
13	0.00194	0.00102	0.00153	0.01311	0.01578	0.00103	0.00104	0.00152	0.00151	0.00202	0.00208	0.02187	0.00209	0.01729	0.02216	0.89092	0.00102	0.00103	0.00050	0.00054
14	0.02422	0.09466	0.01111	0.07103	0.17703	0.02861	0.00186	0.00821	0.07059	0.03395	0.25592	0.03689	0.11973	0.00176	0.00119	0.00035	0.01306	0.01559	0.03292	0.00132
15	0.00141	0.00103	0.00131	0.00147	0.00161	0.00095	0.00101	0.00166	0.00233	0.00308	0.13024	0.63182	0.15435	0.04286	0.00158	0.00046	0.00065	0.02020	0.00105	0.00093
16	0.00187	0.01282	0.00204	0.00883	0.01434	0.04487	0.00149	0.01447	0.00191	0.00266	0.00286	0.01218	0.00274	0.09601	0.67992	0.01062	0.07885	0.00120	0.00930	0.00103
17	0.00154	0.00116	0.00136	0.00132	0.00163	0.00104	0.00098	0.00197	0.01577	0.01948	0.45272	0.06629	0.41049	0.01753	0.00139	0.00038	0.00057	0.00221	0.00113	0.00102
18	0.00298	0.93272	0.03421	0.00196	0.00294	0.00438	0.00199	0.00337	0.00228	0.00267	0.00157	0.00182	0.00144	0.00096	0.00073	0.00024	0.00121	0.00061	0.00048	0.00145
19	0.09342	0.00139	0.00158	0.00144	0.00187	0.00131	0.00111	0.02080	0.01558	0.13526	0.32820	0.04469	0.31465	0.00222	0.00122	0.00036	0.00066	0.00187	0.03122	0.00117

[dist]
# distance from previous block
# <min> <max>
6	33

[block]
# block no. 7 follows, 291 sequences, length 28
# corresponding to MSA columns:
# 1328-1333,1337-1358
name=unknown_H
#
# <colnr> <probs for GDERKNQSTAVLIFYWHMCP>
#	G	D	E	R	K	N	Q	S	T	A	V	L	I	F	Y	W	H	M	C	P
0	0.75865	0.00232	0.00197	0.00169	0.00241	0.00266	0.00139	0.16250	0.02675	0.01566	0.00192	0.01453	0.00149	0.00114	0.00079	0.00035	0.00093	0.00073	0.00079	0.00135
1	0.01014	0.01069	0.00295	0.00264	0.00317	0.65440	0.00201	0.09003	0.00309	0.01168	0.00212	0.01883	0.00181	0.00226	0.13553	0.00052	0.03175	0.00087	0.01421	0.00131
2	0.00174	0.00126	0.00158	0.00156	0.00187	0.00112	0.00111	0.01493	0.01304	0.03317	0.10243	0.53084	0.05736	0.05266	0.00152	0.00042	0.00071	0.01129	0.00099	0.17039
3	0.00165	0.00117	0.00150	0.00158	0.00173	0.00116	0.00110	0.02419	0.00218	0.02354	0.03705	0.49497	0.06298	0.17740	0.09104	0.00068	0.02531	0.03018	0.00093	0.01969
4	0.02847	0.73675	0.02287	0.00190	0.00286	0.00382	0.00184	0.00334	0.01888	0.01040	0.00171	0.00195	0.00151	0.00096	0.00075	0.00024	0.00113	0.00063	0.00053	0.15944
5	0.01595	0.00170	0.00218	0.00185	0.00247	0.00156	0.00146	0.03283	0.06412	0.53788	0.06125	0.18247	0.04809	0.00193	0.00120	0.00037	0.00085	0.01291	0.02738	0.00158
6	0.00202	0.00128	0.00154	0.00151	0.00185	0.00118	0.00112	0.02262	0.03837	0.12896	0.13401	0.32477	0.27312	0.00265	0.00130	0.00039	0.00067	0.01625	0.04525	0.00113
7	0.05499	0.00267	0.00290	0.00229	0.00305	0.00291	0.00185	0.67280	0.01003	0.08576	0.02005	0.03988	0.00253	0.07559	0.00147	0.00040	0.00114	0.00810	0.00990	0.00171
8	0.00172	0.00117	0.00149	0.00156	0.00181	0.00108	0.01007	0.00202	0.00669	0.07223	0.04356	0.41057	0.26968	0.03748	0.01724	0.00820	0.00761	0.10378	0.00104	0.00101
9	0.10067	0.00202	0.00246	0.00198	0.00276	0.00195	0.00161	0.02028	0.18088	0.62661	0.03651	0.00383	0.00300	0.00141	0.00109	0.00035	0.00092	0.00113	0.00876	0.00178
10	0.00202	0.00154	0.00174	0.00163	0.00205	0.00156	0.00125	0.00958	0.26812	0.04143	0.29836	0.02532	0.26719	0.01557	0.00132	0.00038	0.00069	0.03748	0.02150	0.00126
11	0.00246	0.00232	0.00376	0.23495	0.45799	0.00263	0.00295	0.00307	0.01164	0.00329	0.02171	0.00317	0.01307	0.00782	0.02308	0.00041	0.17364	0.00850	0.02205	0.00148
12	0.06169	0.00179	0.00228	0.00189	0.00256	0.00956	0.00151	0.03883	0.02061	0.60742	0.03163	0.18995	0.00378	0.00194	0.01884	0.00040	0.00093	0.00152	0.00124	0.00162
13	0.01558	0.00192	0.00256	0.00198	0.00282	0.00170	0.00163	0.03908	0.00325	0.87044	0.01801	0.00383	0.00284	0.00139	0.00112	0.00034	0.00095	0.00113	0.02755	0.00187
14	0.00139	0.00099	0.00130	0.00154	0.00161	0.00093	0.00103	0.00158	0.00215	0.00286	0.01850	0.86359	0.02492	0.05775	0.00167	0.00049	0.00068	0.01509	0.00102	0.00090
15	0.05078	0.00188	0.02690	0.06943	0.00274	0.01064	0.03720	0.13508	0.01534	0.06706	0.02383	0.17855	0.01903	0.19581	0.07037	0.00532	0.06329	0.01798	0.00755	0.00120
16	0.01445	0.16916	0.03285	0.00643	0.00325	0.41961	0.01698	0.12782	0.09355	0.03366	0.01579	0.01477	0.02777	0.00128	0.00102	0.00031	0.00562	0.00092	0.01332	0.00146
17	0.00300	0.00218	0.00241	0.00213	0.00275	0.00241	0.00167	0.03618	0.65515	0.14028	0.04021	0.04969	0.01375	0.00165	0.00116	0.00037	0.00087	0.01193	0.03053	0.00169
18	0.06444	0.00230	0.04283	0.44237	0.17472	0.00897	0.03120	0.01937	0.07549	0.00920	0.01583	0.05770	0.00966	0.00539	0.00116	0.00037	0.01032	0.00943	0.00704	0.01220
19	0.00147	0.00117	0.00144	0.02177	0.00183	0.00108	0.01328	0.00180	0.00828	0.00319	0.14711	0.29703	0.40492	0.02272	0.01502	0.00044	0.01618	0.03927	0.00103	0.00097
20	0.00235	0.00197	0.00234	0.00171	0.00265	0.00152	0.01103	0.01984	0.00239	0.01715	0.01266	0.03829	0.00201	0.00106	0.01289	0.00021	0.00087	0.00080	0.00070	0.86758
21	0.01293	0.00249	0.01460	0.20712	0.34824	0.05518	0.01331	0.08490	0.02197	0.07174	0.02218	0.05097	0.01952	0.00135	0.00123	0.00036	0.03753	0.00985	0.02300	0.00153
22	0.00190	0.03726	0.00185	0.00168	0.01855	0.00140	0.00773	0.03408	0.06551	0.03730	0.47923	0.20803	0.07736	0.00239	0.00129	0.00037	0.00067	0.01137	0.01086	0.00115
23	0.00889	0.01047	0.10969	0.06592	0.11596	0.02885	0.06143	0.05841	0.18733	0.01121	0.07510	0.04531	0.08226	0.00486	0.01774	0.00039	0.06930	0.00603	0.00323	0.03762
24	0.03530	0.00172	0.02215	0.00172	0.00632	0.00165	0.00137	0.18830	0.01305	0.05684	0.39680	0.05601	0.15165	0.02306	0.00139	0.01396	0.00078	0.02555	0.00112	0.00126
25	0.02884	0.03448	0.19411	0.02827	0.03247	0.04021	0.08500	0.10370	0.07051	0.08838	0.08127	0.11313	0.05964	0.00176	0.01461	0.00039	0.01424	0.00669	0.00086	0.00147
26	0.11712	0.07263	0.15994	0.05120	0.07601	0.01161	0.06061	0.09244	0.04670	0.07132	0.02258	0.04499	0.02508	0.00632	0.01790	0.00037	0.01261	0.02691	0.00076	0.08290
27	0.13094	0.34430	0.08980	0.00651	0.03147	0.02419	0.00188	0.04715	0.02609	0.05731	0.06877	0.06561	0.05304	0.01589	0.01266	0.00035	0.00611	0.01581	0.00074	0.00138

[dist]
# distance from previous block
# <min> <max>
6	56

[block]
# block no. 8 follows, 291 sequences, length 15
# corresponding to MSA columns:
# 1503-1514,1523-1525
name=unknown_I
#
# <colnr> <probs for GDERKNQSTAVLIFYWHMCP>
#	G	D	E	R	K	N	Q	S	T	A	V	L	I	F	Y	W	H	M	C	P
0	0.01503	0.01368	0.01996	0.02307	0.02097	0.00174	0.03293	0.05365	0.16504	0.04822	0.28572	0.05876	0.12518	0.00876	0.00148	0.05919	0.01290	0.01066	0.01469	0.02837
1	0.04389	0.13611	0.18726	0.02785	0.09224	0.02965	0.02553	0.20714	0.04098	0.10128	0.04076	0.02284	0.00801	0.00797	0.00108	0.00034	0.00125	0.00101	0.00669	0.01811
2	0.07513	0.07631	0.03573	0.19058	0.11245	0.27521	0.02795	0.05304	0.01853	0.03200	0.00663	0.01863	0.00726	0.00127	0.00663	0.00034	0.01778	0.01935	0.01912	0.00607
3	0.00219	0.00149	0.00183	0.00158	0.00209	0.00130	0.00121	0.02566	0.01704	0.10053	0.30242	0.12032	0.06907	0.03320	0.00988	0.00036	0.00074	0.02411	0.03304	0.25197
4	0.03619	0.00203	0.00233	0.00169	0.00267	0.00159	0.00135	0.02172	0.01771	0.02234	0.00208	0.00238	0.00170	0.00087	0.00084	0.00018	0.00084	0.00069	0.00070	0.88009
5	0.00167	0.00117	0.00136	0.00136	0.00165	0.00109	0.00101	0.01316	0.02434	0.01642	0.29237	0.14849	0.29394	0.01315	0.00131	0.00038	0.00061	0.03927	0.14624	0.00103
6	0.01263	0.00165	0.00181	0.00168	0.00210	0.00940	0.00127	0.06180	0.24448	0.06427	0.08364	0.13848	0.20981	0.07528	0.00155	0.00043	0.00078	0.01100	0.07667	0.00128
7	0.00163	0.00118	0.00148	0.00150	0.00174	0.00111	0.00110	0.01431	0.03880	0.01821	0.46151	0.29585	0.11444	0.01470	0.00141	0.00040	0.00062	0.02782	0.00114	0.00105
8	0.00245	0.00201	0.00219	0.00205	0.00253	0.00226	0.00155	0.05565	0.60684	0.00426	0.00482	0.24567	0.00436	0.03553	0.00137	0.00042	0.00085	0.00175	0.02194	0.00151
9	0.00162	0.00116	0.00150	0.00154	0.00173	0.00112	0.00111	0.01561	0.01149	0.01386	0.41073	0.36395	0.03989	0.04938	0.01370	0.00045	0.02074	0.03466	0.01476	0.00101
10	0.09311	0.00223	0.00225	0.00201	0.00253	0.08796	0.00161	0.17455	0.09654	0.06621	0.02121	0.02999	0.07283	0.00205	0.03438	0.01235	0.04524	0.13477	0.10656	0.01162
11	0.00300	0.00255	0.00386	0.09521	0.42511	0.03584	0.08173	0.10418	0.05875	0.09104	0.01223	0.03167	0.03642	0.00130	0.00119	0.01108	0.00129	0.00117	0.00076	0.00164
12	0.00163	0.00120	0.00145	0.00137	0.00171	0.00106	0.01550	0.00203	0.00283	0.04532	0.42063	0.04289	0.43785	0.01784	0.00139	0.00038	0.00060	0.00217	0.00113	0.00104
13	0.78462	0.02542	0.00205	0.01366	0.02387	0.04407	0.01114	0.04222	0.01457	0.01989	0.00176	0.00950	0.00138	0.00109	0.00077	0.00034	0.00097	0.00069	0.00071	0.00128
14	0.03691	0.16092	0.09206	0.06225	0.06888	0.09399	0.05144	0.10986	0.03435	0.06683	0.00241	0.00989	0.00805	0.00160	0.04707	0.00040	0.08123	0.01531	0.01004	0.04652

[dist]
# distance from previous block
# <min> <max>
1	3

[block]
# block no. 9 follows, 291 sequences, length 15
# corresponding to MSA columns:
# 1561-1572,1577-1579
name=unknown_J
#
# <colnr> <probs for GDERKNQSTAVLIFYWHMCP>
#	G	D	E	R	K	N	Q	S	T	A	V	L	I	F	Y	W	H	M	C	P
0	0.00214	0.00173	0.00216	0.00194	0.00220	0.01305	0.00907	0.08683	0.02406	0.01624	0.05664	0.02405	0.15480	0.12388	0.18908	0.01487	0.22746	0.00144	0.04724	0.00112
1	0.00154	0.00116	0.00137	0.00135	0.00164	0.00104	0.00100	0.00196	0.01794	0.01879	0.39142	0.10151	0.38658	0.04335	0.00152	0.00041	0.00060	0.02471	0.00111	0.00101
2	0.00174	0.00117	0.00148	0.00141	0.00166	0.00108	0.00102	0.00213	0.00278	0.05283	0.59017	0.06584	0.09213	0.13752	0.02602	0.01619	0.00071	0.00199	0.00111	0.00102
3	0.00300	0.96125	0.00588	0.00192	0.00288	0.00444	0.00192	0.00336	0.00228	0.00264	0.00156	0.00180	0.00144	0.00096	0.00072	0.00024	0.00120	0.00060	0.00048	0.00144
4	0.00334	0.00180	0.00226	0.00181	0.00256	0.00156	0.00145	0.02703	0.04652	0.39067	0.03341	0.11764	0.00334	0.00154	0.00108	0.00031	0.00085	0.02484	0.04194	0.29604
5	0.01441	0.01465	0.00290	0.07283	0.00343	0.01746	0.00197	0.33312	0.45858	0.03850	0.00362	0.01842	0.00271	0.00144	0.00112	0.00036	0.00107	0.00116	0.01051	0.00175
6	0.01209	0.01139	0.01677	0.07370	0.08138	0.01173	0.05314	0.10112	0.01463	0.12606	0.03662	0.20165	0.05099	0.01733	0.06857	0.00858	0.00929	0.01234	0.00089	0.09174
7	0.06697	0.07303	0.47223	0.01513	0.04880	0.00258	0.14012	0.01740	0.00907	0.02523	0.01543	0.06202	0.00220	0.00137	0.01187	0.00038	0.00148	0.03257	0.00061	0.00152
8	0.00221	0.00549	0.89103	0.00307	0.00461	0.00250	0.00391	0.00342	0.00232	0.00346	0.00212	0.00270	0.00160	0.06519	0.00138	0.00040	0.00162	0.00088	0.00049	0.00159
9	0.00220	0.03370	0.67903	0.01458	0.05342	0.00237	0.00345	0.00326	0.01148	0.01630	0.00286	0.12795	0.01790	0.00147	0.00112	0.00037	0.00144	0.02497	0.00059	0.00153
10	0.00930	0.00974	0.03935	0.00207	0.01017	0.00188	0.02598	0.12986	0.03989	0.40929	0.02672	0.10978	0.02107	0.06576	0.00150	0.00041	0.01700	0.01328	0.05457	0.01238
11	0.00223	0.00141	0.00186	0.00184	0.06545	0.00139	0.05707	0.03472	0.01856	0.03586	0.20016	0.01337	0.02093	0.00152	0.00099	0.00030	0.00071	0.00131	0.53911	0.00119
12	0.01512	0.00211	0.00248	0.00206	0.00273	0.00216	0.01121	0.28136	0.09131	0.28307	0.03522	0.00486	0.03166	0.00163	0.00114	0.00036	0.00097	0.10428	0.12466	0.00162
13	0.01701	0.19553	0.12157	0.03962	0.01604	0.02004	0.02181	0.13739	0.05666	0.01743	0.07369	0.13952	0.01389	0.01376	0.00117	0.00036	0.00112	0.07872	0.00082	0.03386
14	0.08027	0.06612	0.00266	0.00194	0.00269	0.00213	0.00160	0.14618	0.04583	0.48173	0.07425	0.02397	0.01106	0.01346	0.00113	0.00035	0.00095	0.00116	0.04083	0.00167

[dist]
# distance from previous block
# <min> <max>
0	8

[block]
# block no. 10 follows, 291 sequences, length 8
# corresponding to MSA columns:
# 1588-1595
name=unknown_K
#
# <colnr> <probs for GDERKNQSTAVLIFYWHMCP>
#	G	D	E	R	K	N	Q	S	T	A	V	L	I	F	Y	W	H	M	C	P
0	0.03003	0.00214	0.00275	0.17402	0.07284	0.03626	0.02424	0.17006	0.03013	0.14511	0.15331	0.03966	0.03297	0.01125	0.00122	0.00036	0.01046	0.01724	0.04449	0.00145
1	0.00153	0.00114	0.00148	0.00158	0.00177	0.00106	0.01707	0.00184	0.01882	0.00322	0.15499	0.50706	0.17710	0.02708	0.00161	0.02764	0.00070	0.05228	0.00106	0.00098
2	0.00283	0.00190	0.02804	0.00194	0.00246	0.01299	0.01471	0.11473	0.11410	0.20515	0.10857	0.15410	0.08396	0.02221	0.02703	0.00043	0.02548	0.03143	0.04652	0.00141
3	0.00165	0.00118	0.00147	0.00143	0.00172	0.00110	0.00109	0.00214	0.02046	0.02581	0.52353	0.07172	0.20770	0.02238	0.02443	0.00042	0.00067	0.06558	0.02449	0.00105
4	0.18474	0.00243	0.00261	0.00208	0.00284	0.00259	0.00169	0.43362	0.02452	0.20925	0.04122	0.00342	0.02671	0.02967	0.00118	0.00036	0.00103	0.00106	0.02732	0.00166
5	0.00173	0.00121	0.00151	0.00143	0.00172	0.00113	0.00107	0.01467	0.01605	0.03616	0.63163	0.02503	0.15751	0.04752	0.01697	0.00042	0.00064	0.02530	0.01723	0.00107
6	0.05989	0.08069	0.00300	0.02228	0.02978	0.28392	0.01217	0.07283	0.19282	0.11563	0.02399	0.01608	0.02920	0.00154	0.02320	0.00036	0.00134	0.01403	0.01573	0.00150
7	0.04056	0.06649	0.12381	0.09564	0.11968	0.02450	0.05214	0.12568	0.00283	0.11130	0.01996	0.01531	0.00202	0.01023	0.00118	0.00033	0.03552	0.00097	0.00989	0.14197

[dist]
# distance from previous block
# <min> <max>
3	56

[block]
# block no. 11 follows, 291 sequences, length 6
# corresponding to MSA columns:
# 1653-1658
name=unknown_L
#
# <colnr> <probs for GDERKNQSTAVLIFYWHMCP>
#	G	D	E	R	K	N	Q	S	T	A	V	L	I	F	Y	W	H	M	C	P
0	0.05316	0.01801	0.02224	0.00178	0.00227	0.02381	0.00142	0.07027	0.21959	0.03799	0.09192	0.08907	0.02173	0.03750	0.00128	0.00037	0.01264	0.04699	0.20749	0.04046
1	0.20427	0.02520	0.00239	0.00197	0.00256	0.00236	0.00161	0.20013	0.06536	0.14698	0.00340	0.03049	0.03406	0.00190	0.04852	0.00043	0.07758	0.05834	0.09100	0.00145
2	0.00199	0.00160	0.00195	0.00201	0.04806	0.04005	0.03010	0.02286	0.06796	0.03857	0.17999	0.16902	0.21432	0.02004	0.00141	0.00041	0.00085	0.15662	0.00103	0.00116
3	0.04156	0.01374	0.03098	0.24716	0.13375	0.01968	0.14252	0.06479	0.05739	0.00363	0.03325	0.04461	0.02892	0.03249	0.02076	0.00042	0.02991	0.03015	0.02290	0.00138
4	0.00272	0.00251	0.00382	0.04107	0.53180	0.03407	0.05723	0.05664	0.08415	0.02209	0.04356	0.03220	0.04855	0.00137	0.00117	0.00035	0.00124	0.03309	0.00074	0.00161
5	0.03860	0.05947	0.07095	0.07578	0.03755	0.01948	0.01252	0.07146	0.04526	0.06772	0.14227	0.10260	0.13028	0.02968	0.01613	0.00041	0.01395	0.05144	0.01316	0.00129

[dist]
# distance from previous block
# <min> <max>
2	7

[block]
# block no. 12 follows, 291 sequences, length 11
# corresponding to MSA columns:
# 1681-1691
name=unknown_M
#
# <colnr> <probs for GDERKNQSTAVLIFYWHMCP>
#	G	D	E	R	K	N	Q	S	T	A	V	L	I	F	Y	W	H	M	C	P
0	0.00174	0.02896	0.00159	0.00154	0.00178	0.01749	0.00112	0.04018	0.00244	0.02338	0.06689	0.44807	0.19801	0.06753	0.01937	0.00048	0.01073	0.03382	0.03387	0.00101
1	0.01306	0.19864	0.06892	0.01274	0.02649	0.05146	0.06094	0.06716	0.25100	0.03777	0.00283	0.01611	0.00230	0.00137	0.00134	0.00035	0.11075	0.02800	0.00078	0.04801
2	0.05384	0.00210	0.01222	0.00198	0.01729	0.03288	0.02606	0.04390	0.04515	0.08725	0.01996	0.05280	0.02003	0.01638	0.01926	0.01162	0.03076	0.02954	0.01819	0.45877
3	0.02392	0.08965	0.14250	0.04910	0.06012	0.02180	0.05122	0.19908	0.03022	0.07163	0.01770	0.04624	0.01186	0.01761	0.00116	0.00033	0.01178	0.00105	0.00079	0.15226
4	0.28706	0.00245	0.06180	0.00204	0.00271	0.02012	0.02375	0.17258	0.15669	0.01549	0.08408	0.07154	0.03502	0.01632	0.00115	0.00037	0.01264	0.01609	0.00092	0.01718
5	0.00165	0.00121	0.00146	0.00149	0.00176	0.00113	0.00110	0.03463	0.02175	0.02641	0.22852	0.31298	0.27750	0.01548	0.02586	0.00045	0.00071	0.04379	0.00108	0.00104
6	0.01373	0.00780	0.03003	0.02618	0.04498	0.03004	0.07082	0.06274	0.06029	0.05043	0.02330	0.11423	0.07665	0.05602	0.01431	0.01127	0.02001	0.02720	0.01338	0.24661
7	0.03366	0.22499	0.27758	0.05205	0.03530	0.12084	0.03699	0.06530	0.02278	0.06052	0.00219	0.01750	0.00173	0.00133	0.02406	0.00036	0.01981	0.00088	0.00063	0.00152
8	0.02836	0.02300	0.01748	0.00215	0.01731	0.03285	0.01425	0.08903	0.04661	0.16437	0.02134	0.05416	0.04082	0.01194	0.01453	0.01309	0.00107	0.39697	0.00936	0.00133
9	0.01492	0.00163	0.03304	0.01117	0.01066	0.00994	0.00137	0.04806	0.09070	0.06045	0.06348	0.24188	0.22647	0.04438	0.00147	0.00042	0.00081	0.08583	0.01840	0.03492
10	0.02853	0.09547	0.22016	0.01377	0.14192	0.16391	0.09092	0.06929	0.04821	0.06239	0.01998	0.00269	0.00190	0.00119	0.00808	0.00034	0.01232	0.00093	0.00067	0.01734

[dist]
# distance from previous block
# <min> <max>
0	1133

# created by:
# /home/berkeley/.conda/envs/busco_data_prod/bin/msa2prfl.pl pipeline/OGs_align_augustus/2759/272245.fs
