[name]
unknown

[dist]
# distance from previous block
# <min> <max>
0	127

[block]
# block no. 0 follows, 293 sequences, length 13
# corresponding to MSA columns:
# 2564-2576
name=unknown_A
#
# <colnr> <probs for GDERKNQSTAVLIFYWHMCP>
#	G	D	E	R	K	N	Q	S	T	A	V	L	I	F	Y	W	H	M	C	P
0	0.03396	0.02121	0.02647	0.11908	0.04245	0.14613	0.03504	0.22441	0.06788	0.10131	0.01659	0.01335	0.01224	0.03399	0.02202	0.01270	0.00705	0.01044	0.00084	0.05285
1	0.09442	0.04409	0.00307	0.01300	0.01821	0.39620	0.01119	0.18430	0.05943	0.03619	0.00228	0.02882	0.00185	0.00127	0.00111	0.00031	0.03922	0.00089	0.00076	0.06340
2	0.05646	0.00194	0.00231	0.00179	0.00256	0.00172	0.00897	0.06874	0.02076	0.13632	0.05336	0.01787	0.01144	0.01302	0.00131	0.06346	0.03077	0.00950	0.00083	0.49687
3	0.00181	0.00121	0.00152	0.00157	0.00180	0.00114	0.00111	0.05449	0.00247	0.06538	0.08383	0.60142	0.08681	0.06132	0.00161	0.00045	0.00071	0.00259	0.00105	0.02772
4	0.01866	0.02925	0.05609	0.01998	0.00336	0.04456	0.06682	0.38891	0.03362	0.14893	0.06863	0.01827	0.00271	0.00182	0.06179	0.00043	0.01354	0.00112	0.00098	0.02054
5	0.02897	0.00228	0.00317	0.23165	0.17667	0.06952	0.06695	0.07436	0.02346	0.06843	0.04692	0.16254	0.02251	0.00167	0.00811	0.00038	0.00883	0.00144	0.00078	0.00139
6	0.00244	0.00228	0.00379	0.29050	0.54907	0.00244	0.00302	0.00315	0.02547	0.00339	0.04822	0.00338	0.00227	0.05432	0.00137	0.00039	0.00131	0.00108	0.00059	0.00151
7	0.00183	0.00128	0.00164	0.00179	0.04786	0.00121	0.00123	0.05457	0.00264	0.05113	0.16815	0.44701	0.16413	0.00277	0.00133	0.00040	0.00070	0.02722	0.02202	0.00109
8	0.01018	0.01441	0.05687	0.13627	0.09485	0.14496	0.03564	0.09664	0.14295	0.07156	0.01047	0.00364	0.00849	0.00184	0.06284	0.00045	0.05224	0.05344	0.00078	0.00149
9	0.04086	0.00287	0.05057	0.04957	0.47026	0.03388	0.06830	0.13332	0.03428	0.04926	0.00230	0.00277	0.00180	0.00114	0.00124	0.00035	0.05388	0.00100	0.00068	0.00167
10	0.00166	0.00130	0.00162	0.00168	0.04782	0.00121	0.01054	0.00224	0.06475	0.01579	0.36809	0.09722	0.35598	0.00245	0.00130	0.00037	0.00064	0.01296	0.01129	0.00109
11	0.00150	0.00108	0.00145	0.00159	0.00173	0.00103	0.01608	0.00180	0.02893	0.00301	0.07460	0.66474	0.05498	0.02820	0.01624	0.04727	0.00074	0.03913	0.01499	0.00093
12	0.14762	0.13378	0.27933	0.00252	0.00358	0.04286	0.03903	0.24115	0.02196	0.04969	0.00231	0.02731	0.00178	0.00120	0.00099	0.00033	0.00131	0.00090	0.00075	0.00159

[dist]
# distance from previous block
# <min> <max>
5	14

[block]
# block no. 1 follows, 293 sequences, length 13
# corresponding to MSA columns:
# 2595,2625,2626,2628-2630,2633-2639
name=unknown_B
#
# <colnr> <probs for GDERKNQSTAVLIFYWHMCP>
#	G	D	E	R	K	N	Q	S	T	A	V	L	I	F	Y	W	H	M	C	P
0	0.04515	0.25621	0.35371	0.01193	0.04877	0.02212	0.02832	0.06508	0.01188	0.10531	0.03128	0.00259	0.00191	0.00112	0.00098	0.00032	0.00134	0.00086	0.00066	0.01048
1	0.00202	0.00163	0.01515	0.00174	0.00213	0.01009	0.00134	0.03153	0.26363	0.03065	0.06888	0.23077	0.21838	0.04533	0.00148	0.00043	0.00078	0.07173	0.00106	0.00123
2	0.02150	0.00174	0.00271	0.31559	0.09004	0.00188	0.05914	0.01991	0.04044	0.03259	0.03752	0.28984	0.05312	0.01885	0.00131	0.00040	0.00109	0.01030	0.00080	0.00122
3	0.02485	0.24087	0.31946	0.01178	0.01990	0.04065	0.02189	0.05586	0.03933	0.16908	0.00256	0.02538	0.00193	0.00118	0.00099	0.00032	0.00131	0.00091	0.02016	0.00160
4	0.03824	0.00197	0.00249	0.00197	0.00275	0.00184	0.00161	0.10742	0.03862	0.67658	0.04476	0.03574	0.02191	0.00150	0.00112	0.00035	0.00093	0.00122	0.01723	0.00177
5	0.00138	0.00099	0.00130	0.00154	0.00162	0.00092	0.00104	0.00158	0.00216	0.00287	0.02436	0.87449	0.03427	0.02643	0.00152	0.00046	0.00066	0.02047	0.00103	0.00091
6	0.03104	0.06422	0.14799	0.07770	0.23084	0.07158	0.06766	0.04737	0.07229	0.07361	0.01119	0.01547	0.02453	0.00130	0.01000	0.00036	0.02358	0.00734	0.02038	0.00156
7	0.01917	0.02166	0.07723	0.00228	0.00302	0.04207	0.04391	0.07084	0.28933	0.24223	0.02282	0.05617	0.06231	0.00168	0.01262	0.00038	0.02000	0.00962	0.00104	0.00161
8	0.00152	0.00107	0.00140	0.00157	0.00170	0.00102	0.00109	0.02190	0.00229	0.01808	0.06828	0.72459	0.05387	0.02614	0.04287	0.00051	0.00077	0.02935	0.00103	0.00096
9	0.05857	0.19942	0.02801	0.00237	0.00325	0.03163	0.03025	0.51066	0.03633	0.04510	0.04210	0.00276	0.00218	0.00126	0.00102	0.00032	0.00120	0.00095	0.00093	0.00169
10	0.05214	0.05687	0.17752	0.01743	0.03065	0.01838	0.04832	0.14581	0.21974	0.07192	0.03771	0.01318	0.01228	0.00142	0.00121	0.02095	0.02167	0.02008	0.00625	0.02646
11	0.01769	0.00149	0.02125	0.14728	0.03018	0.00744	0.01037	0.01497	0.03444	0.01458	0.01937	0.14411	0.05665	0.43610	0.01700	0.00072	0.00108	0.00840	0.01590	0.00097
12	0.11299	0.02783	0.03273	0.01386	0.01881	0.02827	0.01542	0.03000	0.00759	0.02503	0.09453	0.02133	0.00347	0.20647	0.31570	0.00097	0.01918	0.00127	0.01449	0.01005

[dist]
# distance from previous block
# <min> <max>
3	70

[block]
# block no. 2 follows, 293 sequences, length 20
# corresponding to MSA columns:
# 2719-2730,2735-2737,2739,2740,2748-2750
name=unknown_C
#
# <colnr> <probs for GDERKNQSTAVLIFYWHMCP>
#	G	D	E	R	K	N	Q	S	T	A	V	L	I	F	Y	W	H	M	C	P
0	0.02764	0.01859	0.01147	0.04320	0.01742	0.05933	0.00186	0.19719	0.28615	0.13496	0.00401	0.04035	0.07177	0.00169	0.01784	0.00038	0.04951	0.00124	0.00101	0.01439
1	0.08154	0.00213	0.07787	0.03677	0.00287	0.01830	0.04372	0.02536	0.04088	0.21061	0.02177	0.23388	0.03838	0.00617	0.00116	0.00035	0.00486	0.00834	0.00094	0.14409
2	0.05192	0.05823	0.13896	0.22504	0.06473	0.02647	0.08011	0.05066	0.04205	0.08395	0.01983	0.03436	0.01482	0.00895	0.01839	0.00038	0.02370	0.02236	0.00724	0.02784
3	0.04068	0.00710	0.00256	0.02092	0.03766	0.03195	0.00174	0.10416	0.22773	0.31525	0.02903	0.07121	0.01550	0.03459	0.00139	0.00039	0.03894	0.00782	0.00980	0.00161
4	0.02046	0.01974	0.00336	0.80766	0.05203	0.00248	0.00294	0.01764	0.00231	0.02707	0.00204	0.00291	0.00154	0.00111	0.00109	0.00036	0.00142	0.00097	0.00054	0.03231
5	0.04168	0.00225	0.02752	0.61874	0.18613	0.00253	0.00855	0.03346	0.01203	0.02175	0.00213	0.01597	0.00166	0.00115	0.00115	0.00036	0.01997	0.00101	0.00056	0.00138
6	0.04179	0.06090	0.00347	0.09558	0.01242	0.47130	0.08196	0.06947	0.02323	0.04667	0.01923	0.01083	0.00186	0.02141	0.00123	0.00034	0.03535	0.00091	0.00067	0.00137
7	0.00138	0.00099	0.00129	0.00150	0.00159	0.00092	0.00100	0.00158	0.00216	0.00287	0.03869	0.80867	0.06340	0.06622	0.00169	0.00049	0.00067	0.00298	0.00102	0.00090
8	0.00227	0.03272	0.05463	0.66359	0.06931	0.00249	0.02075	0.01607	0.03281	0.02192	0.01939	0.02123	0.00194	0.00134	0.01773	0.00039	0.00829	0.01122	0.00058	0.00133
9	0.14025	0.02039	0.00288	0.14334	0.06187	0.03272	0.04271	0.18695	0.04570	0.08303	0.01098	0.13673	0.00968	0.00162	0.00969	0.00037	0.03607	0.00128	0.01321	0.02055
10	0.02289	0.46339	0.16170	0.00248	0.02851	0.03455	0.06616	0.02321	0.11776	0.01963	0.02397	0.00268	0.02052	0.00113	0.00092	0.00030	0.00126	0.00086	0.00654	0.00151
11	0.00166	0.00120	0.00142	0.00143	0.00173	0.00109	0.00106	0.00213	0.04713	0.04906	0.24140	0.23918	0.36469	0.00273	0.00133	0.00039	0.00063	0.03960	0.00110	0.00105
12	0.01392	0.05730	0.60683	0.02110	0.00483	0.03550	0.20875	0.00356	0.00244	0.02228	0.00211	0.01261	0.00156	0.00106	0.00110	0.00035	0.00165	0.00095	0.00052	0.00158
13	0.01924	0.01347	0.05970	0.22164	0.31761	0.06549	0.05507	0.05607	0.03381	0.06420	0.00873	0.04299	0.01172	0.00124	0.00117	0.00035	0.02019	0.00110	0.00467	0.00153
14	0.00253	0.04830	0.17393	0.44775	0.09793	0.02027	0.06916	0.03584	0.01017	0.04579	0.00212	0.00279	0.00160	0.00113	0.00119	0.00036	0.03616	0.00097	0.00057	0.00145
15	0.08311	0.01924	0.01524	0.00216	0.03308	0.01508	0.04037	0.18082	0.03337	0.11191	0.16730	0.20076	0.00932	0.00203	0.00121	0.00038	0.00094	0.07660	0.00570	0.00137
16	0.00204	0.01923	0.01801	0.00168	0.00207	0.00130	0.03382	0.02202	0.03578	0.13002	0.03121	0.39140	0.28512	0.00268	0.00131	0.00040	0.00076	0.01895	0.00105	0.00115
17	0.01951	0.16864	0.19379	0.04282	0.02617	0.02106	0.11313	0.09154	0.03540	0.13125	0.02240	0.05598	0.00631	0.00484	0.00115	0.00035	0.01727	0.04610	0.00077	0.00153
18	0.12981	0.01674	0.00199	0.01661	0.00231	0.03245	0.00136	0.14727	0.03389	0.13704	0.06099	0.06703	0.22582	0.00193	0.01017	0.00036	0.00087	0.01574	0.09629	0.00132
19	0.05360	0.00389	0.00291	0.00253	0.00315	0.49026	0.00196	0.21317	0.03473	0.06225	0.00911	0.03346	0.01507	0.00150	0.02149	0.00035	0.03279	0.00095	0.01538	0.00144

[dist]
# distance from previous block
# <min> <max>
0	16

[block]
# block no. 3 follows, 293 sequences, length 10
# corresponding to MSA columns:
# 2767-2776
name=unknown_D
#
# <colnr> <probs for GDERKNQSTAVLIFYWHMCP>
#	G	D	E	R	K	N	Q	S	T	A	V	L	I	F	Y	W	H	M	C	P
0	0.12552	0.04657	0.31398	0.08094	0.08044	0.03442	0.08222	0.02224	0.01969	0.06310	0.00241	0.02418	0.01624	0.00131	0.00974	0.00037	0.06129	0.01322	0.00063	0.00149
1	0.01499	0.16471	0.35988	0.05039	0.06347	0.04951	0.12381	0.04424	0.01954	0.04584	0.01222	0.00266	0.00174	0.00113	0.00113	0.00034	0.03086	0.01139	0.00059	0.00155
2	0.00169	0.00113	0.00131	0.00129	0.00141	0.00109	0.00083	0.00181	0.00195	0.03571	0.06271	0.03067	0.14247	0.64720	0.02896	0.00089	0.00100	0.03627	0.00081	0.00081
3	0.00184	0.00144	0.04540	0.00182	0.02990	0.00121	0.01765	0.01206	0.00252	0.07988	0.18280	0.43968	0.11439	0.01476	0.01442	0.00043	0.00078	0.03687	0.00104	0.00110
4	0.01889	0.08872	0.07592	0.15895	0.09862	0.03732	0.12937	0.08186	0.04029	0.08665	0.00286	0.08914	0.00357	0.00144	0.00123	0.00036	0.03938	0.03319	0.01077	0.00147
5	0.04100	0.12979	0.10094	0.00208	0.00293	0.00232	0.02370	0.12337	0.03818	0.33826	0.04422	0.01362	0.09276	0.00148	0.00107	0.00034	0.00103	0.01009	0.03123	0.00160
6	0.00200	0.00137	0.00160	0.00152	0.00168	0.00142	0.00102	0.11493	0.00221	0.02797	0.00391	0.13056	0.01981	0.59003	0.04963	0.00089	0.01830	0.02942	0.00080	0.00092
7	0.22154	0.02882	0.12233	0.08789	0.17209	0.02188	0.04772	0.08186	0.02208	0.07763	0.00266	0.03636	0.00220	0.03645	0.00139	0.00043	0.03318	0.00109	0.00080	0.00162
8	0.05512	0.06753	0.14778	0.04580	0.12078	0.02439	0.08126	0.07640	0.03194	0.11442	0.04284	0.03736	0.01125	0.00137	0.01080	0.00035	0.05525	0.00107	0.00075	0.07353
9	0.00214	0.00139	0.00177	0.00167	0.02054	0.00132	0.00124	0.01776	0.08348	0.12132	0.61698	0.07034	0.05129	0.00217	0.00128	0.00036	0.00064	0.00190	0.00120	0.00123

[dist]
# distance from previous block
# <min> <max>
0	31

[block]
# block no. 4 follows, 293 sequences, length 15
# corresponding to MSA columns:
# 2808-2811,2813-2816,2927-2931,2938,2939
name=unknown_E
#
# <colnr> <probs for GDERKNQSTAVLIFYWHMCP>
#	G	D	E	R	K	N	Q	S	T	A	V	L	I	F	Y	W	H	M	C	P
0	0.00149	0.00103	0.00134	0.00152	0.00164	0.00095	0.00104	0.00172	0.00224	0.02959	0.07732	0.75421	0.05173	0.05192	0.00162	0.00047	0.00067	0.01752	0.00104	0.00094
1	0.02113	0.34108	0.16518	0.08533	0.11684	0.05661	0.04782	0.03504	0.01982	0.03632	0.02384	0.03362	0.00198	0.00116	0.00100	0.00031	0.00990	0.00092	0.00060	0.00149
2	0.03446	0.05912	0.06965	0.18596	0.03303	0.03452	0.08466	0.16227	0.04178	0.12004	0.05164	0.02102	0.02571	0.01499	0.00125	0.00036	0.02660	0.02407	0.00737	0.00149
3	0.00154	0.00119	0.02038	0.00144	0.00171	0.00102	0.00108	0.00189	0.00260	0.02850	0.29346	0.34428	0.27029	0.00283	0.00135	0.00040	0.00062	0.02333	0.00109	0.00100
4	0.19635	0.05148	0.18067	0.03293	0.01856	0.05870	0.12114	0.05426	0.00979	0.03390	0.02392	0.01210	0.00676	0.00188	0.08946	0.00049	0.08338	0.00096	0.02188	0.00139
5	0.05232	0.12371	0.18407	0.02380	0.02535	0.09155	0.03285	0.12490	0.08375	0.17227	0.02529	0.01453	0.01653	0.00128	0.00110	0.00034	0.02294	0.00099	0.00083	0.00160
6	0.00269	0.24022	0.20932	0.02356	0.00340	0.05062	0.04170	0.04371	0.07852	0.04732	0.04133	0.03311	0.02431	0.01073	0.04429	0.00041	0.09358	0.00905	0.00068	0.00144
7	0.00152	0.00121	0.00139	0.00140	0.00167	0.02280	0.00104	0.00190	0.00274	0.00360	0.40731	0.18743	0.31612	0.00269	0.00134	0.00038	0.00062	0.04275	0.00111	0.00099
8	0.05970	0.11605	0.10921	0.02492	0.07621	0.09131	0.15277	0.07925	0.06601	0.13171	0.01722	0.02589	0.00826	0.00126	0.00114	0.00034	0.02582	0.01061	0.00077	0.00155
9	0.07212	0.08605	0.08909	0.02319	0.04029	0.02639	0.02505	0.15527	0.03716	0.28326	0.03698	0.02222	0.03845	0.01543	0.02228	0.00038	0.01376	0.01004	0.00096	0.00160
10	0.00159	0.00116	0.00155	0.00176	0.00197	0.00111	0.00141	0.00198	0.00245	0.00321	0.05933	0.33050	0.09257	0.00315	0.00147	0.00047	0.00083	0.49147	0.00104	0.00098
11	0.01529	0.06597	0.01330	0.05772	0.02609	0.31360	0.06969	0.15946	0.02773	0.09434	0.02179	0.02189	0.00204	0.00133	0.00132	0.00034	0.09577	0.00098	0.00988	0.00147
12	0.03620	0.08874	0.08658	0.05668	0.07253	0.04687	0.06987	0.19855	0.09569	0.12409	0.03445	0.03370	0.03655	0.00139	0.00110	0.00034	0.00122	0.01296	0.00088	0.00159
13	0.03671	0.01020	0.04151	0.07185	0.03833	0.03284	0.03140	0.14596	0.06443	0.06501	0.04180	0.02228	0.01121	0.00147	0.01161	0.00034	0.01000	0.01770	0.34398	0.00137
14	0.00208	0.00120	0.00127	0.00123	0.00151	0.01077	0.00092	0.02878	0.02499	0.01366	0.08390	0.01636	0.05172	0.03623	0.03637	0.00844	0.00069	0.01002	0.66881	0.00107

[dist]
# distance from previous block
# <min> <max>
0	1

[block]
# block no. 5 follows, 293 sequences, length 13
# corresponding to MSA columns:
# 2941-2953
name=unknown_F
#
# <colnr> <probs for GDERKNQSTAVLIFYWHMCP>
#	G	D	E	R	K	N	Q	S	T	A	V	L	I	F	Y	W	H	M	C	P
0	0.02195	0.22896	0.16472	0.03722	0.03975	0.08194	0.13639	0.08114	0.03606	0.07473	0.03872	0.01418	0.00941	0.00120	0.00111	0.00033	0.02899	0.00098	0.00069	0.00152
1	0.01633	0.27652	0.27010	0.06107	0.06625	0.02675	0.05919	0.02612	0.02473	0.11001	0.01338	0.00284	0.01038	0.00116	0.00103	0.00032	0.01146	0.02015	0.00065	0.00155
2	0.00196	0.00138	0.00178	0.00191	0.02077	0.00134	0.00155	0.00261	0.07191	0.06348	0.08941	0.03935	0.18840	0.00271	0.00141	0.00045	0.00087	0.50651	0.00107	0.00113
3	0.01402	0.02671	0.06110	0.18770	0.04943	0.04127	0.10761	0.07703	0.20049	0.09201	0.04015	0.02458	0.02791	0.00142	0.00118	0.00036	0.01333	0.03133	0.00084	0.00152
4	0.03442	0.09568	0.07648	0.05989	0.12282	0.11515	0.06863	0.14222	0.06595	0.15702	0.01379	0.00306	0.00956	0.00123	0.00109	0.00033	0.01117	0.01351	0.00641	0.00161
5	0.00269	0.03442	0.05118	0.31810	0.09631	0.00260	0.12974	0.03102	0.01132	0.11187	0.01487	0.00308	0.00191	0.01425	0.02669	0.00042	0.13850	0.00106	0.00852	0.00143
6	0.00139	0.00103	0.00130	0.00146	0.00160	0.00095	0.00101	0.00164	0.00229	0.00302	0.10779	0.63457	0.17600	0.02693	0.03308	0.00049	0.00071	0.00280	0.00103	0.00092
7	0.01088	0.08023	0.07973	0.05977	0.15954	0.07103	0.11537	0.17687	0.05073	0.07129	0.02284	0.01579	0.01753	0.00130	0.00121	0.00035	0.03710	0.02607	0.00077	0.00158
8	0.02585	0.02292	0.07777	0.03523	0.05190	0.05236	0.01899	0.12062	0.11690	0.33786	0.03654	0.06030	0.01634	0.00149	0.00112	0.00035	0.00110	0.00890	0.01182	0.00165
9	0.01504	0.01156	0.00235	0.02173	0.01335	0.01489	0.00157	0.05804	0.19808	0.40812	0.05943	0.07062	0.01323	0.00159	0.00111	0.00035	0.00089	0.00132	0.10512	0.00161
10	0.01263	0.01850	0.01908	0.15653	0.31434	0.15542	0.04130	0.07793	0.02396	0.03534	0.02007	0.00282	0.00189	0.00136	0.02109	0.00038	0.09421	0.00098	0.00064	0.00151
11	0.02890	0.05495	0.19594	0.07768	0.04477	0.01788	0.10461	0.12602	0.10486	0.09381	0.02629	0.04772	0.01871	0.00148	0.01495	0.00038	0.00780	0.01952	0.01218	0.00155
12	0.04956	0.02649	0.22821	0.05559	0.06167	0.00272	0.19135	0.15775	0.05990	0.07933	0.00267	0.02275	0.01182	0.00125	0.00122	0.00036	0.03592	0.00910	0.00075	0.00160

[dist]
# distance from previous block
# <min> <max>
0	2

[block]
# block no. 6 follows, 293 sequences, length 6
# corresponding to MSA columns:
# 2956-2961
name=unknown_G
#
# <colnr> <probs for GDERKNQSTAVLIFYWHMCP>
#	G	D	E	R	K	N	Q	S	T	A	V	L	I	F	Y	W	H	M	C	P
0	0.00288	0.00232	0.00240	0.00213	0.00271	0.04276	0.00165	0.08864	0.60737	0.05335	0.03428	0.00456	0.03027	0.04729	0.00134	0.00040	0.00094	0.02136	0.05172	0.00161
1	0.13057	0.01559	0.00341	0.08251	0.09904	0.02917	0.15039	0.13788	0.02805	0.15125	0.06216	0.01618	0.01418	0.01712	0.01371	0.00039	0.04493	0.00113	0.00084	0.00151
2	0.06591	0.23565	0.03312	0.02778	0.04736	0.01734	0.05142	0.08348	0.03432	0.01716	0.01351	0.01771	0.01453	0.00141	0.02458	0.01052	0.08477	0.01482	0.00067	0.20394
3	0.00163	0.00117	0.00145	0.00153	0.00174	0.00111	0.00109	0.00211	0.06568	0.03025	0.19076	0.45283	0.13911	0.05810	0.00161	0.00045	0.00068	0.04662	0.00107	0.00102
4	0.00161	0.00144	0.04706	0.01997	0.03057	0.00120	0.02313	0.00203	0.02014	0.02019	0.10584	0.36816	0.30420	0.00277	0.00134	0.00041	0.00075	0.04713	0.00100	0.00105
5	0.01539	0.12292	0.26797	0.05382	0.07910	0.10391	0.04644	0.10047	0.04249	0.04449	0.06171	0.01904	0.01902	0.00127	0.00111	0.00033	0.01726	0.00102	0.00070	0.00153

[dist]
# distance from previous block
# <min> <max>
0	1

[block]
# block no. 7 follows, 293 sequences, length 38
# corresponding to MSA columns:
# 2963-2968,2971-2986,2991-2996,3009-3018
name=unknown_H
#
# <colnr> <probs for GDERKNQSTAVLIFYWHMCP>
#	G	D	E	R	K	N	Q	S	T	A	V	L	I	F	Y	W	H	M	C	P
0	0.00254	0.03886	0.29366	0.10923	0.19363	0.00920	0.16641	0.01890	0.06194	0.02567	0.00712	0.02370	0.01104	0.00117	0.00121	0.00036	0.03213	0.00107	0.00060	0.00157
1	0.01513	0.00222	0.00254	0.00214	0.00285	0.00818	0.00171	0.07922	0.46869	0.33408	0.01645	0.01202	0.02885	0.00153	0.00115	0.00036	0.00632	0.01361	0.00120	0.00176
2	0.05129	0.05402	0.13980	0.03324	0.03963	0.10837	0.02371	0.18991	0.22657	0.08468	0.00732	0.00841	0.00836	0.00130	0.00110	0.00034	0.01114	0.00831	0.00087	0.00164
3	0.07024	0.07155	0.05091	0.11185	0.16531	0.06052	0.05436	0.15653	0.08278	0.06085	0.03886	0.01768	0.01656	0.00133	0.00754	0.00035	0.01770	0.00458	0.00078	0.00971
4	0.00143	0.00103	0.00136	0.00156	0.00167	0.00095	0.00780	0.00165	0.00217	0.01152	0.01489	0.81584	0.05330	0.03373	0.01256	0.00048	0.00070	0.02611	0.00102	0.01022
5	0.01118	0.01674	0.01243	0.14341	0.14540	0.02272	0.30655	0.00968	0.01487	0.03529	0.01442	0.11546	0.05885	0.01363	0.00135	0.00039	0.02227	0.05328	0.00071	0.00137
6	0.08911	0.03596	0.09033	0.04842	0.09320	0.08597	0.10658	0.13545	0.06128	0.18866	0.01301	0.01566	0.01160	0.00128	0.00513	0.00035	0.01451	0.00104	0.00085	0.00160
7	0.01093	0.03952	0.45959	0.05534	0.06883	0.01113	0.28062	0.01258	0.01490	0.01764	0.00217	0.01184	0.00163	0.00106	0.00115	0.00036	0.00758	0.00101	0.00054	0.00157
8	0.03539	0.00258	0.01265	0.24616	0.16219	0.10607	0.02423	0.18549	0.02154	0.01524	0.00289	0.14541	0.00575	0.00469	0.00119	0.00687	0.00489	0.01459	0.00075	0.00143
9	0.01910	0.04522	0.12212	0.07652	0.10026	0.06581	0.21004	0.09348	0.01242	0.10578	0.01500	0.02276	0.00198	0.00127	0.00140	0.00646	0.09706	0.00107	0.00070	0.00153
10	0.02501	0.06318	0.15396	0.15992	0.15183	0.02981	0.13317	0.03942	0.06813	0.05668	0.04490	0.00740	0.03758	0.00125	0.00115	0.00035	0.01483	0.00598	0.00393	0.00151
11	0.01573	0.00161	0.01221	0.00172	0.00208	0.03457	0.00130	0.03307	0.13720	0.08498	0.23600	0.28867	0.07341	0.02614	0.00139	0.00041	0.00519	0.02756	0.01554	0.00121
12	0.01297	0.07466	0.46469	0.03113	0.01248	0.02059	0.08777	0.06369	0.10151	0.05196	0.01843	0.01748	0.00842	0.00122	0.00114	0.00035	0.02413	0.00100	0.00480	0.00160
13	0.00234	0.01874	0.03524	0.04062	0.05666	0.01837	0.09517	0.01464	0.18624	0.06309	0.11504	0.10967	0.07314	0.00209	0.01221	0.00844	0.00984	0.13617	0.00095	0.00134
14	0.00250	0.00259	0.03524	0.35160	0.39667	0.02251	0.13818	0.00323	0.00243	0.00330	0.00211	0.00297	0.00169	0.00108	0.00118	0.00036	0.01669	0.01363	0.00054	0.00150
15	0.01964	0.00266	0.04846	0.07396	0.08152	0.00840	0.36990	0.08417	0.01157	0.17414	0.00288	0.06712	0.00228	0.00132	0.00132	0.00819	0.03507	0.00505	0.00078	0.00155
16	0.00949	0.05480	0.15511	0.08411	0.09542	0.02233	0.26578	0.07934	0.04371	0.05610	0.02586	0.03536	0.01590	0.00127	0.00124	0.00036	0.03358	0.01354	0.00515	0.00153
17	0.00155	0.01766	0.00148	0.00146	0.00171	0.00107	0.00892	0.00717	0.00259	0.02075	0.29481	0.36093	0.23623	0.00284	0.00139	0.01297	0.00063	0.02376	0.00108	0.00099
18	0.00264	0.00143	0.00185	0.00170	0.00211	0.00133	0.00129	0.03409	0.03630	0.28230	0.24893	0.31433	0.04312	0.00238	0.00130	0.00039	0.00882	0.01320	0.00119	0.00130
19	0.03080	0.23562	0.16600	0.01978	0.08994	0.08423	0.08228	0.13350	0.05402	0.04541	0.00793	0.02199	0.00191	0.00118	0.00105	0.00032	0.01429	0.00747	0.00069	0.00157
20	0.01542	0.00868	0.01578	0.02264	0.04055	0.03168	0.02783	0.04035	0.03072	0.52861	0.02665	0.10199	0.01691	0.00161	0.00430	0.00035	0.00098	0.00133	0.08200	0.00162
21	0.00164	0.00111	0.00127	0.00128	0.00132	0.00112	0.00076	0.00174	0.02180	0.00233	0.01870	0.03786	0.02030	0.83967	0.01755	0.00102	0.00107	0.02802	0.00072	0.00073
22	0.00195	0.00176	0.00205	0.04918	0.02789	0.09712	0.04629	0.03137	0.04197	0.00317	0.04559	0.51840	0.08602	0.02060	0.00141	0.00042	0.00945	0.00782	0.00645	0.00109
23	0.02540	0.07818	0.11393	0.08798	0.09730	0.05150	0.05546	0.18639	0.06888	0.17755	0.01114	0.00893	0.00209	0.00125	0.00114	0.00034	0.02342	0.00661	0.00085	0.00165
24	0.00263	0.07350	0.00998	0.23132	0.23053	0.01855	0.03250	0.04044	0.06745	0.01669	0.00210	0.00277	0.00173	0.00133	0.00175	0.00038	0.25341	0.00098	0.01049	0.00145
25	0.00161	0.00110	0.00131	0.00131	0.00134	0.00113	0.00079	0.00168	0.00166	0.00224	0.00347	0.02094	0.00390	0.79683	0.15516	0.00118	0.00137	0.00158	0.00067	0.00073
26	0.00242	0.00245	0.01904	0.01280	0.01525	0.00966	0.44141	0.03139	0.16986	0.01084	0.07180	0.04143	0.09594	0.01114	0.00137	0.00039	0.02073	0.03985	0.00081	0.00142
27	0.00140	0.00102	0.00131	0.00152	0.00163	0.00095	0.00103	0.00165	0.01053	0.00298	0.06985	0.76755	0.08909	0.02237	0.00149	0.00045	0.00065	0.02257	0.00104	0.00092
28	0.00351	0.01381	0.01293	0.00276	0.06478	0.03559	0.01290	0.46471	0.30698	0.00996	0.00313	0.00311	0.00233	0.00135	0.00117	0.00034	0.02489	0.00106	0.00102	0.03367
29	0.01829	0.19583	0.20265	0.01993	0.00347	0.07965	0.02738	0.10090	0.01939	0.05865	0.01187	0.00243	0.00174	0.00106	0.00096	0.00028	0.00735	0.00080	0.00067	0.24671
30	0.01574	0.22770	0.37873	0.02674	0.03579	0.01844	0.07043	0.03946	0.01418	0.11219	0.00234	0.02443	0.00181	0.00116	0.00105	0.00033	0.01460	0.00579	0.00064	0.00846
31	0.00241	0.14458	0.70699	0.00310	0.02945	0.00288	0.03532	0.02350	0.00875	0.00346	0.00202	0.01325	0.00153	0.00109	0.00107	0.00034	0.01731	0.00085	0.00050	0.00160
32	0.00197	0.02193	0.04303	0.01465	0.02639	0.00577	0.02909	0.02238	0.07217	0.05345	0.16227	0.19743	0.20378	0.01434	0.00136	0.00041	0.00083	0.12279	0.00479	0.00117
33	0.00711	0.06018	0.08410	0.06399	0.06134	0.11955	0.08543	0.06555	0.07376	0.20091	0.02010	0.05200	0.04826	0.01724	0.00122	0.00036	0.00437	0.03214	0.00087	0.00151
34	0.01188	0.00186	0.02867	0.00652	0.00780	0.01189	0.00151	0.06620	0.13021	0.31396	0.10428	0.10505	0.16083	0.00207	0.01848	0.00039	0.00089	0.01320	0.01286	0.00147
35	0.00145	0.00101	0.00132	0.00154	0.00165	0.00093	0.00105	0.00166	0.00220	0.02301	0.01621	0.84128	0.06735	0.01145	0.00145	0.00045	0.00066	0.02336	0.00104	0.00093
36	0.00721	0.00238	0.02486	0.29365	0.05074	0.01979	0.07450	0.06757	0.31206	0.01124	0.01855	0.00352	0.00947	0.00160	0.03986	0.00042	0.02973	0.00113	0.03023	0.00149
37	0.24783	0.04647	0.06408	0.01315	0.00306	0.04388	0.02198	0.35406	0.04158	0.06857	0.01390	0.01718	0.02211	0.01231	0.00352	0.00035	0.00461	0.00097	0.01882	0.00156

[dist]
# distance from previous block
# <min> <max>
0	38

[block]
# block no. 8 follows, 293 sequences, length 25
# corresponding to MSA columns:
# 3078-3086,3092-3107
name=unknown_I
#
# <colnr> <probs for GDERKNQSTAVLIFYWHMCP>
#	G	D	E	R	K	N	Q	S	T	A	V	L	I	F	Y	W	H	M	C	P
0	0.02897	0.07051	0.10375	0.02016	0.04590	0.01549	0.05267	0.03135	0.05525	0.06972	0.02649	0.00279	0.00622	0.00703	0.00852	0.00028	0.01462	0.00086	0.00072	0.43870
1	0.01278	0.02267	0.00155	0.00144	0.00174	0.00117	0.00108	0.00198	0.00921	0.00366	0.41651	0.20143	0.23655	0.00255	0.00134	0.00037	0.01934	0.02065	0.00108	0.04289
2	0.19968	0.18534	0.01491	0.00782	0.00672	0.14061	0.01173	0.11265	0.20320	0.00412	0.00257	0.00885	0.00211	0.00135	0.00549	0.00034	0.04977	0.04050	0.00078	0.00146
3	0.01077	0.20544	0.28481	0.01596	0.07691	0.04130	0.04052	0.04436	0.02772	0.07660	0.00634	0.01813	0.00187	0.01153	0.00104	0.00031	0.00131	0.00977	0.00065	0.12466
4	0.03700	0.18392	0.22185	0.08674	0.05234	0.08359	0.08392	0.05842	0.04617	0.08635	0.01388	0.02252	0.00193	0.00117	0.00104	0.00033	0.00704	0.00095	0.00067	0.01017
5	0.00161	0.00109	0.00126	0.00129	0.00131	0.00109	0.00076	0.00168	0.01202	0.00230	0.00390	0.09449	0.01478	0.81646	0.01668	0.00100	0.00106	0.02578	0.00073	0.00072
6	0.00160	0.00108	0.00124	0.00126	0.00127	0.00108	0.00073	0.00164	0.00169	0.00227	0.02491	0.06636	0.00437	0.85467	0.03058	0.00104	0.00109	0.00171	0.00071	0.00071
7	0.00997	0.10932	0.09023	0.05728	0.20166	0.06995	0.08739	0.07986	0.08624	0.12217	0.02311	0.01315	0.01460	0.00127	0.00110	0.00034	0.00131	0.02870	0.00078	0.00160
8	0.02082	0.00184	0.00860	0.00194	0.01298	0.00171	0.00154	0.04584	0.09827	0.54332	0.17854	0.03480	0.04145	0.00167	0.00117	0.00035	0.00086	0.00139	0.00126	0.00165
9	0.00143	0.00103	0.00135	0.00159	0.00170	0.00097	0.00112	0.00167	0.00222	0.00293	0.01953	0.73932	0.06260	0.02418	0.00152	0.00047	0.00070	0.13373	0.00103	0.00092
10	0.06347	0.22123	0.15900	0.05039	0.05363	0.06607	0.01662	0.11593	0.05609	0.12927	0.01847	0.01604	0.00634	0.00122	0.00104	0.00032	0.01735	0.00092	0.00502	0.00157
11	0.00235	0.03981	0.00382	0.55067	0.23793	0.00267	0.03763	0.01060	0.00230	0.00308	0.00203	0.01832	0.00166	0.00118	0.00132	0.00037	0.08132	0.00102	0.00052	0.00138
12	0.00211	0.00132	0.00166	0.00154	0.00190	0.00125	0.00117	0.01737	0.06504	0.12629	0.51003	0.13600	0.08374	0.00228	0.00127	0.00037	0.00064	0.00970	0.03514	0.00119
13	0.02211	0.01018	0.14522	0.12334	0.42912	0.00937	0.17331	0.00341	0.01116	0.01566	0.00767	0.00278	0.00172	0.00106	0.00123	0.00035	0.03913	0.00102	0.00055	0.00159
14	0.02970	0.02230	0.07950	0.13335	0.22380	0.01839	0.24760	0.08124	0.03384	0.04227	0.01286	0.01787	0.00687	0.00117	0.00125	0.00036	0.03934	0.00111	0.00564	0.00155
15	0.00140	0.00120	0.00121	0.00121	0.00157	0.01736	0.00090	0.00171	0.00261	0.00316	0.10706	0.03067	0.81125	0.00276	0.00132	0.00038	0.00059	0.01166	0.00105	0.00096
16	0.01097	0.01136	0.02479	0.20086	0.07453	0.02362	0.05298	0.01664	0.00848	0.00295	0.00192	0.00279	0.01586	0.00183	0.03720	0.00048	0.50990	0.00101	0.00053	0.00129
17	0.01127	0.07746	0.16755	0.04527	0.14429	0.10718	0.07124	0.11151	0.06717	0.13391	0.01054	0.02158	0.00675	0.00123	0.00113	0.00034	0.01818	0.00102	0.00077	0.00162
18	0.00315	0.65956	0.04938	0.01742	0.02271	0.14402	0.01679	0.02889	0.00249	0.01815	0.00170	0.00198	0.00148	0.00103	0.00089	0.00027	0.02744	0.00068	0.00053	0.00144
19	0.01079	0.00124	0.00131	0.00123	0.00156	0.00126	0.00094	0.06621	0.01788	0.03111	0.09808	0.00448	0.00958	0.00141	0.00087	0.00028	0.00059	0.00114	0.74890	0.00113
20	0.00259	0.00284	0.08920	0.20018	0.40631	0.01030	0.18957	0.01425	0.00894	0.01758	0.00215	0.00290	0.00171	0.01651	0.00129	0.00037	0.03014	0.00105	0.00056	0.00156
21	0.01523	0.02962	0.04567	0.01053	0.00220	0.01057	0.02020	0.01828	0.06567	0.09702	0.30867	0.11334	0.20211	0.02712	0.01174	0.00040	0.00080	0.01855	0.00106	0.00120
22	0.00141	0.00108	0.01666	0.00158	0.00168	0.00097	0.00109	0.00167	0.01889	0.00289	0.01832	0.88823	0.00711	0.01306	0.00151	0.01819	0.00068	0.00303	0.00102	0.00092
23	0.00154	0.00108	0.00142	0.00160	0.00175	0.00102	0.00114	0.01703	0.00233	0.02168	0.06094	0.69101	0.05631	0.01660	0.00147	0.00046	0.00070	0.11990	0.00105	0.00096
24	0.23695	0.00227	0.01652	0.34264	0.02213	0.01546	0.09369	0.07052	0.04187	0.07415	0.02258	0.02271	0.01987	0.00125	0.00106	0.00036	0.00785	0.00601	0.00073	0.00137

[dist]
# distance from previous block
# <min> <max>
7	56

[block]
# block no. 9 follows, 293 sequences, length 30
# corresponding to MSA columns:
# 3208-3218,3222-3240
name=unknown_J
#
# <colnr> <probs for GDERKNQSTAVLIFYWHMCP>
#	G	D	E	R	K	N	Q	S	T	A	V	L	I	F	Y	W	H	M	C	P
0	0.01059	0.00120	0.00163	0.01037	0.01019	0.00117	0.02673	0.01176	0.03041	0.02027	0.04812	0.65926	0.03764	0.04446	0.01289	0.00048	0.01249	0.05834	0.00100	0.00100
1	0.00255	0.24935	0.60649	0.00291	0.01008	0.01839	0.04122	0.03862	0.00246	0.00341	0.00191	0.00225	0.00145	0.00105	0.00102	0.00032	0.01363	0.00079	0.00050	0.00159
2	0.00150	0.00118	0.00130	0.00132	0.00165	0.00105	0.00098	0.00194	0.05011	0.02131	0.09547	0.19991	0.60000	0.00282	0.00133	0.00039	0.00061	0.01507	0.00106	0.00100
3	0.00169	0.00123	0.00169	0.00196	0.01929	0.00121	0.00158	0.00214	0.00938	0.00323	0.02802	0.23880	0.03619	0.01867	0.00156	0.00050	0.00091	0.62993	0.00102	0.00101
4	0.01844	0.24688	0.47241	0.01805	0.00406	0.02637	0.04978	0.04439	0.01145	0.08007	0.00220	0.01733	0.00167	0.00111	0.00099	0.00032	0.00144	0.00086	0.00060	0.00158
5	0.00862	0.01687	0.02842	0.05784	0.03258	0.02419	0.27792	0.15955	0.04066	0.07634	0.01462	0.08348	0.02555	0.03188	0.03766	0.00045	0.00758	0.07026	0.00406	0.00145
6	0.00256	0.00183	0.00217	0.00205	0.00254	0.00193	0.00169	0.11589	0.25983	0.08107	0.05516	0.02164	0.06477	0.00224	0.00131	0.00042	0.00094	0.36833	0.01224	0.00139
7	0.06109	0.01987	0.01489	0.03665	0.00950	0.01677	0.02745	0.35795	0.06151	0.35177	0.00335	0.00323	0.01195	0.00986	0.00115	0.00035	0.00872	0.00105	0.00111	0.00177
8	0.02660	0.00236	0.06044	0.06427	0.18708	0.00671	0.05886	0.15100	0.07133	0.06698	0.09223	0.17036	0.01301	0.00172	0.00122	0.00037	0.01355	0.00952	0.00089	0.00148
9	0.00237	0.01056	0.00309	0.02862	0.06368	0.08999	0.13147	0.02964	0.05302	0.01651	0.04412	0.12828	0.02802	0.02913	0.15820	0.00064	0.17036	0.00144	0.00963	0.00125
10	0.00199	0.00204	0.03660	0.05357	0.02181	0.00187	0.35891	0.00264	0.02797	0.00325	0.01525	0.40199	0.03168	0.00217	0.00134	0.00041	0.00122	0.03326	0.00080	0.00122
11	0.01852	0.10398	0.59914	0.00292	0.00421	0.20384	0.00333	0.01681	0.00256	0.02597	0.00195	0.00225	0.00145	0.00108	0.00103	0.00033	0.00777	0.00078	0.00053	0.00155
12	0.11312	0.02604	0.03615	0.00999	0.03628	0.01388	0.10819	0.09592	0.18264	0.22809	0.06443	0.06454	0.01285	0.00148	0.00112	0.00036	0.00107	0.00127	0.00100	0.00158
13	0.21081	0.00206	0.00243	0.00192	0.00274	0.00199	0.00158	0.09531	0.01198	0.63516	0.00366	0.02028	0.00243	0.00134	0.00103	0.00035	0.00095	0.00104	0.00120	0.00173
14	0.00163	0.00124	0.00170	0.00169	0.00184	0.01225	0.01206	0.00192	0.00181	0.00253	0.00347	0.08755	0.01879	0.24564	0.57841	0.00141	0.02300	0.00148	0.00066	0.00092
15	0.01245	0.08366	0.46413	0.02927	0.02987	0.01820	0.27783	0.03600	0.01378	0.02133	0.00213	0.00257	0.00157	0.00104	0.00111	0.00035	0.00163	0.00097	0.00055	0.00158
16	0.00685	0.00246	0.00410	0.35209	0.50681	0.01802	0.05127	0.02006	0.00248	0.00339	0.00787	0.00704	0.00173	0.00107	0.00114	0.00035	0.01016	0.00102	0.00055	0.00154
17	0.00141	0.00104	0.00132	0.00151	0.00165	0.00097	0.00104	0.00171	0.02784	0.00300	0.04783	0.73732	0.15020	0.00328	0.00140	0.00044	0.00064	0.01544	0.00105	0.00094
18	0.01105	0.00132	0.00175	0.00169	0.00187	0.00845	0.00125	0.01074	0.00795	0.04898	0.00319	0.02410	0.00310	0.24642	0.51290	0.00131	0.05597	0.00131	0.05567	0.00099
19	0.01796	0.00217	0.00357	0.67397	0.12829	0.01946	0.05810	0.00300	0.01937	0.00305	0.00214	0.02775	0.00172	0.00120	0.00122	0.00924	0.02487	0.00106	0.00054	0.00132
20	0.01646	0.00104	0.00150	0.00148	0.00151	0.00106	0.00100	0.01029	0.00152	0.00208	0.00205	0.00357	0.00206	0.04585	0.05140	0.84517	0.00990	0.00100	0.00051	0.00055
21	0.00979	0.00155	0.00178	0.00164	0.00207	0.00157	0.00126	0.04005	0.21380	0.10968	0.19617	0.11702	0.12667	0.00203	0.00117	0.00036	0.00071	0.01689	0.15449	0.00130
22	0.00275	0.00282	0.02350	0.01368	0.02566	0.00271	0.61860	0.11920	0.06171	0.01216	0.02998	0.01522	0.01760	0.00118	0.00129	0.00037	0.01316	0.01325	0.02363	0.00153
23	0.06141	0.00846	0.03343	0.17795	0.05065	0.13981	0.01591	0.14292	0.03095	0.10815	0.01858	0.03852	0.00533	0.13076	0.01313	0.00415	0.01659	0.00114	0.00079	0.00138
24	0.00829	0.01194	0.66817	0.03345	0.01688	0.00258	0.11391	0.01896	0.01784	0.05438	0.00232	0.00267	0.01247	0.00112	0.00115	0.00036	0.02144	0.00093	0.00954	0.00161
25	0.00787	0.00117	0.00127	0.00124	0.00143	0.00118	0.00084	0.03491	0.01739	0.02569	0.01563	0.06153	0.00996	0.36715	0.00272	0.00059	0.00078	0.00141	0.44629	0.00095
26	0.06035	0.00221	0.00362	0.55394	0.20218	0.00773	0.06763	0.02738	0.00240	0.02595	0.00220	0.03101	0.00176	0.00116	0.00111	0.00036	0.00140	0.00106	0.00517	0.00139
27	0.08146	0.00277	0.02839	0.02274	0.06198	0.07751	0.14902	0.17408	0.20481	0.06305	0.00609	0.03138	0.03094	0.00894	0.00120	0.00036	0.01327	0.02788	0.00088	0.01325
28	0.00164	0.00125	0.00156	0.01450	0.01394	0.00614	0.00120	0.01137	0.06314	0.00312	0.05256	0.50710	0.08004	0.08695	0.02028	0.00051	0.00081	0.08969	0.00098	0.04322
29	0.15603	0.19615	0.07448	0.00220	0.00657	0.13867	0.01198	0.04914	0.21011	0.03799	0.02195	0.00300	0.00503	0.03391	0.00114	0.00035	0.01345	0.00978	0.00643	0.02167

[dist]
# distance from previous block
# <min> <max>
2	19

[block]
# block no. 10 follows, 293 sequences, length 11
# corresponding to MSA columns:
# 3305-3315
name=unknown_K
#
# <colnr> <probs for GDERKNQSTAVLIFYWHMCP>
#	G	D	E	R	K	N	Q	S	T	A	V	L	I	F	Y	W	H	M	C	P
0	0.03754	0.11146	0.06588	0.01765	0.01930	0.02465	0.02077	0.15010	0.03673	0.11102	0.01215	0.03096	0.01626	0.03211	0.02848	0.00036	0.04154	0.00098	0.00080	0.24126
1	0.01039	0.01181	0.03413	0.02780	0.02923	0.02649	0.02008	0.07323	0.11653	0.08029	0.12053	0.34374	0.02608	0.02020	0.00138	0.00040	0.01593	0.02278	0.00101	0.01800
2	0.00150	0.00114	0.00150	0.00162	0.00180	0.00109	0.01901	0.00183	0.02301	0.00304	0.05127	0.54050	0.17887	0.03433	0.00158	0.00046	0.01752	0.11795	0.00101	0.00096
3	0.00941	0.00212	0.00314	0.34455	0.17815	0.00235	0.02292	0.07917	0.09476	0.04133	0.01391	0.00339	0.01446	0.01648	0.02843	0.00040	0.01909	0.00106	0.08365	0.04121
4	0.00251	0.03093	0.19684	0.20416	0.10005	0.04307	0.18304	0.02478	0.08601	0.01327	0.00262	0.03562	0.01247	0.00133	0.00960	0.00038	0.02765	0.02357	0.00063	0.00148
5	0.08034	0.00198	0.00251	0.00196	0.00278	0.00184	0.00161	0.06395	0.03535	0.75583	0.02057	0.00367	0.00274	0.00137	0.00108	0.00034	0.00094	0.00109	0.01822	0.00181
6	0.00166	0.00116	0.00149	0.00159	0.00180	0.00110	0.00120	0.00205	0.01762	0.03297	0.21228	0.30812	0.10965	0.08121	0.00175	0.00048	0.00075	0.22108	0.00106	0.00099
7	0.05114	0.01994	0.16497	0.26930	0.08627	0.00238	0.08963	0.03132	0.01349	0.12775	0.03845	0.01106	0.00221	0.03461	0.00132	0.00038	0.02704	0.00106	0.01758	0.01008
8	0.01460	0.00184	0.01457	0.17312	0.04779	0.00184	0.02576	0.03882	0.05248	0.27872	0.11478	0.03508	0.05022	0.02914	0.02991	0.01233	0.01386	0.00133	0.06237	0.00142
9	0.00141	0.00102	0.00132	0.00154	0.00164	0.00097	0.00104	0.00169	0.02726	0.00293	0.03335	0.83760	0.05181	0.02883	0.00152	0.00046	0.00066	0.00301	0.00103	0.00093
10	0.01050	0.00253	0.01461	0.15314	0.16206	0.00253	0.32017	0.08860	0.02316	0.12601	0.01390	0.01461	0.00218	0.01010	0.01187	0.00039	0.01519	0.02614	0.00074	0.00155

[dist]
# distance from previous block
# <min> <max>
1	3

[block]
# block no. 11 follows, 293 sequences, length 32
# corresponding to MSA columns:
# 3320-3328,3330,3331,3337-3344,3346,3347,3354-3364
name=unknown_L
#
# <colnr> <probs for GDERKNQSTAVLIFYWHMCP>
#	G	D	E	R	K	N	Q	S	T	A	V	L	I	F	Y	W	H	M	C	P
0	0.00224	0.01482	0.00348	0.84350	0.05401	0.00251	0.02145	0.00296	0.00227	0.02757	0.00204	0.00296	0.00154	0.00112	0.00114	0.00037	0.01322	0.00100	0.00052	0.00129
1	0.00977	0.01514	0.08002	0.00197	0.00966	0.00175	0.03675	0.02776	0.01364	0.01752	0.00211	0.01268	0.00173	0.00092	0.00090	0.00021	0.00480	0.00075	0.00067	0.76125
2	0.01213	0.09391	0.11271	0.00197	0.00266	0.00206	0.00816	0.08754	0.10027	0.15023	0.35262	0.02253	0.01949	0.00170	0.00115	0.00034	0.00091	0.00949	0.00104	0.01908
3	0.00143	0.00105	0.00146	0.00164	0.00174	0.00100	0.02385	0.00165	0.00213	0.00285	0.01121	0.82505	0.01587	0.04428	0.02637	0.00051	0.00632	0.02969	0.00099	0.00092
4	0.00158	0.00110	0.00139	0.01614	0.00155	0.00114	0.00093	0.00170	0.00177	0.00240	0.00395	0.21268	0.00449	0.56463	0.16906	0.00105	0.01104	0.00187	0.00073	0.00079
5	0.02726	0.04557	0.04899	0.11638	0.28994	0.08000	0.23677	0.05531	0.02070	0.03704	0.01684	0.00284	0.00185	0.00108	0.00116	0.00034	0.01471	0.00104	0.00063	0.00156
6	0.01120	0.04133	0.11062	0.00585	0.01200	0.07647	0.02654	0.16323	0.05213	0.03690	0.01164	0.02466	0.00242	0.00401	0.36649	0.00089	0.01918	0.00109	0.00936	0.02400
7	0.01003	0.00151	0.00169	0.00150	0.00196	0.00151	0.00117	0.04103	0.14931	0.17139	0.09929	0.00492	0.06638	0.01863	0.00108	0.00033	0.00070	0.00128	0.42496	0.00133
8	0.00277	0.00193	0.00230	0.02719	0.01512	0.00173	0.00168	0.00858	0.01540	0.06220	0.04963	0.66485	0.08775	0.00741	0.00185	0.00062	0.00109	0.04492	0.00140	0.00158
9	0.03246	0.50758	0.17670	0.00242	0.02587	0.06852	0.02932	0.02297	0.04109	0.04726	0.00206	0.00809	0.00171	0.00692	0.00094	0.00030	0.00888	0.01485	0.00059	0.00149
10	0.01063	0.04720	0.41471	0.00233	0.00327	0.02120	0.00250	0.05933	0.05372	0.04835	0.04881	0.04028	0.03405	0.16027	0.01717	0.00049	0.00129	0.00120	0.03182	0.00139
11	0.00154	0.00108	0.00136	0.00142	0.00152	0.00107	0.00094	0.00172	0.00200	0.00271	0.11073	0.24553	0.05416	0.39786	0.14673	0.01180	0.00117	0.01497	0.00084	0.00084
12	0.21882	0.00211	0.00234	0.00189	0.00263	0.01122	0.00154	0.16398	0.04535	0.41109	0.06263	0.00354	0.01271	0.00137	0.00102	0.00034	0.00093	0.00105	0.05381	0.00162
13	0.04590	0.02674	0.24882	0.01249	0.01300	0.10291	0.09925	0.10511	0.19585	0.04079	0.02934	0.01831	0.02493	0.00133	0.00118	0.00035	0.03026	0.00108	0.00078	0.00157
14	0.01113	0.00204	0.00246	0.00203	0.00271	0.01014	0.00164	0.11437	0.18045	0.45180	0.05703	0.01499	0.05263	0.00749	0.00124	0.00036	0.02575	0.03609	0.02395	0.00168
15	0.00212	0.00198	0.00331	0.92823	0.00752	0.00247	0.00305	0.01694	0.00227	0.00291	0.00206	0.01865	0.00159	0.00116	0.00112	0.00037	0.00147	0.00103	0.00051	0.00124
16	0.00254	0.01028	0.22653	0.37673	0.03096	0.01204	0.11195	0.10542	0.00262	0.01753	0.00209	0.00275	0.00157	0.00118	0.00134	0.00037	0.08407	0.00099	0.00759	0.00146
17	0.02585	0.00601	0.01301	0.04839	0.01092	0.15184	0.04769	0.23636	0.11370	0.12782	0.01275	0.01454	0.00225	0.00932	0.03139	0.00040	0.09068	0.00105	0.03865	0.01739
18	0.00779	0.00201	0.00233	0.00196	0.00258	0.02187	0.00155	0.11989	0.20099	0.33500	0.09203	0.01851	0.10390	0.02985	0.02466	0.01132	0.00928	0.01174	0.00116	0.00157
19	0.00143	0.00106	0.00135	0.00148	0.00165	0.00098	0.00104	0.00176	0.01419	0.00328	0.22296	0.56886	0.14119	0.00308	0.00138	0.00042	0.00062	0.03122	0.00108	0.00096
20	0.00818	0.00177	0.02077	0.00182	0.00225	0.00175	0.01001	0.21565	0.04555	0.04800	0.35906	0.17576	0.01593	0.07055	0.00160	0.00042	0.00975	0.00880	0.00110	0.00128
21	0.01549	0.18899	0.03875	0.37141	0.05368	0.08139	0.05344	0.07553	0.03470	0.04799	0.00213	0.00266	0.00165	0.00113	0.00110	0.00034	0.02667	0.00091	0.00062	0.00143
22	0.21486	0.00856	0.01066	0.12653	0.00670	0.02762	0.02514	0.24209	0.02973	0.20773	0.00297	0.04837	0.00228	0.00144	0.00911	0.00037	0.00113	0.02534	0.00781	0.00154
23	0.00161	0.00108	0.00123	0.00124	0.00124	0.00108	0.00070	0.00162	0.00165	0.00220	0.00363	0.05110	0.00419	0.90617	0.01606	0.00106	0.00108	0.00169	0.00069	0.00069
24	0.00170	0.00141	0.00183	0.00173	0.00202	0.01643	0.04458	0.00203	0.00234	0.02766	0.05612	0.17863	0.38829	0.01318	0.13602	0.00061	0.09291	0.03057	0.00091	0.00103
25	0.02237	0.41337	0.03424	0.00227	0.02503	0.03814	0.02705	0.12894	0.07231	0.14696	0.03708	0.01544	0.01305	0.00125	0.00098	0.00030	0.00923	0.00962	0.00080	0.00156
26	0.00494	0.00195	0.00261	0.00201	0.00287	0.00172	0.00166	0.04144	0.01564	0.90614	0.00433	0.00376	0.00273	0.00138	0.00112	0.00034	0.00096	0.00112	0.00137	0.00190
27	0.00136	0.00098	0.00129	0.00154	0.00161	0.00091	0.00102	0.00155	0.00213	0.00284	0.00619	0.92340	0.02520	0.02231	0.00150	0.00046	0.00065	0.00312	0.00103	0.00090
28	0.00281	0.00239	0.00252	0.00225	0.00289	0.00275	0.00176	0.04094	0.88735	0.01141	0.01424	0.00423	0.01637	0.00153	0.00114	0.00038	0.00089	0.00127	0.00113	0.00175
29	0.22587	0.02847	0.02592	0.44822	0.04314	0.00244	0.06229	0.02733	0.00233	0.01530	0.04483	0.03161	0.02777	0.00126	0.00106	0.00036	0.00881	0.00106	0.00064	0.00128
30	0.68044	0.00783	0.03032	0.01042	0.00752	0.01436	0.00614	0.07050	0.05505	0.06537	0.01344	0.00233	0.00736	0.00120	0.01036	0.00036	0.00096	0.00075	0.00078	0.01452
