[name]
unknown

[dist]
# distance from previous block
# <min> <max>
0	657

[block]
# block no. 0 follows, 292 sequences, length 6
# corresponding to MSA columns:
# 787-792
name=unknown_A
#
# <colnr> <probs for GDERKNQSTAVLIFYWHMCP>
#	G	D	E	R	K	N	Q	S	T	A	V	L	I	F	Y	W	H	M	C	P
0	0.00185	0.00105	0.00149	0.00151	0.00154	0.00107	0.00103	0.00156	0.00162	0.00216	0.00292	0.09035	0.03643	0.07888	0.00397	0.70077	0.03235	0.03827	0.00059	0.00060
1	0.00159	0.00128	0.03589	0.00169	0.00193	0.00108	0.03052	0.00190	0.00232	0.03937	0.06091	0.67301	0.10954	0.00310	0.00139	0.00043	0.00073	0.03128	0.00103	0.00101
2	0.03992	0.02331	0.08023	0.14274	0.04796	0.04502	0.01696	0.22065	0.11174	0.16589	0.05987	0.01645	0.02156	0.00138	0.00111	0.00035	0.00119	0.00112	0.00094	0.00161
3	0.00279	0.22079	0.12318	0.26534	0.03119	0.04247	0.06154	0.06076	0.01837	0.07491	0.02087	0.01613	0.03059	0.00120	0.00104	0.00033	0.00135	0.00099	0.00066	0.02552
4	0.02504	0.02413	0.00404	0.25405	0.35450	0.00278	0.08354	0.05164	0.03708	0.02799	0.00216	0.00283	0.00172	0.00119	0.00144	0.00037	0.12234	0.00102	0.00060	0.00153
5	0.12390	0.00230	0.00318	0.24639	0.25030	0.04175	0.01932	0.05019	0.02387	0.10734	0.02529	0.04714	0.01968	0.00131	0.00108	0.00035	0.00122	0.01383	0.00074	0.02080

[dist]
# distance from previous block
# <min> <max>
7	23

[block]
# block no. 1 follows, 292 sequences, length 6
# corresponding to MSA columns:
# 831-836
name=unknown_B
#
# <colnr> <probs for GDERKNQSTAVLIFYWHMCP>
#	G	D	E	R	K	N	Q	S	T	A	V	L	I	F	Y	W	H	M	C	P
0	0.15544	0.00200	0.04500	0.00188	0.00236	0.05986	0.05323	0.03105	0.03612	0.03293	0.12527	0.06901	0.13247	0.09351	0.11446	0.01544	0.01325	0.01473	0.00084	0.00115
1	0.04613	0.03917	0.16650	0.19170	0.03819	0.07734	0.08345	0.02390	0.03467	0.10965	0.01639	0.14753	0.00272	0.00152	0.00117	0.00037	0.01612	0.00131	0.00074	0.00142
2	0.19879	0.02183	0.07805	0.22401	0.03405	0.17239	0.05534	0.08769	0.02196	0.04710	0.00207	0.00251	0.00157	0.00117	0.00113	0.00035	0.04705	0.00088	0.00066	0.00141
3	0.10065	0.02486	0.05186	0.45983	0.04686	0.06076	0.05924	0.05228	0.05620	0.03663	0.00219	0.00280	0.00165	0.00117	0.00117	0.00036	0.03853	0.00096	0.00063	0.00139
4	0.00150	0.00123	0.00149	0.00169	0.07644	0.00110	0.00110	0.00183	0.00255	0.00325	0.17351	0.12382	0.54249	0.06105	0.00158	0.00042	0.00066	0.00225	0.00101	0.00101
5	0.00265	0.05761	0.55081	0.09566	0.00479	0.04588	0.07163	0.11706	0.03663	0.00385	0.00216	0.00252	0.00158	0.00111	0.00107	0.00035	0.00157	0.00090	0.00059	0.00161

[dist]
# distance from previous block
# <min> <max>
0	22

[block]
# block no. 2 follows, 292 sequences, length 25
# corresponding to MSA columns:
# 859-870,872-876,881-888
name=unknown_C
#
# <colnr> <probs for GDERKNQSTAVLIFYWHMCP>
#	G	D	E	R	K	N	Q	S	T	A	V	L	I	F	Y	W	H	M	C	P
0	0.02566	0.00101	0.00131	0.00154	0.00163	0.00095	0.00104	0.00162	0.00218	0.00296	0.03620	0.88152	0.03147	0.00339	0.00140	0.00045	0.00065	0.00306	0.00104	0.00092
1	0.02564	0.00111	0.00121	0.00127	0.00156	0.00098	0.00092	0.00166	0.00244	0.00308	0.05286	0.26999	0.61334	0.01704	0.00140	0.00041	0.00060	0.00251	0.00103	0.00094
2	0.00264	0.00302	0.00660	0.00471	0.00584	0.00283	0.94966	0.00358	0.00264	0.00358	0.00226	0.00302	0.00170	0.00094	0.00132	0.00038	0.00189	0.00132	0.00057	0.00151
3	0.03131	0.85314	0.03828	0.00198	0.00292	0.01439	0.00198	0.00333	0.00225	0.00274	0.00158	0.00186	0.00144	0.00106	0.00912	0.00027	0.02981	0.00062	0.00049	0.00142
4	0.00160	0.00107	0.00124	0.00126	0.00127	0.00107	0.00073	0.00162	0.00167	0.00224	0.00374	0.09625	0.00433	0.84599	0.01942	0.01225	0.00107	0.00176	0.00071	0.00070
5	0.02001	0.18635	0.55087	0.00285	0.01566	0.02706	0.02392	0.02483	0.02757	0.05507	0.00212	0.00242	0.00158	0.00121	0.01347	0.00035	0.04165	0.00083	0.00057	0.00159
6	0.00170	0.00118	0.00149	0.00161	0.00172	0.00118	0.00119	0.00194	0.00205	0.00270	0.00458	0.00963	0.00510	0.51574	0.02134	0.00084	0.00110	0.42323	0.00083	0.00084
7	0.00240	0.01297	0.12699	0.00202	0.02758	0.00174	0.00177	0.02172	0.00240	0.01522	0.00203	0.00236	0.00164	0.00088	0.00087	0.00020	0.00096	0.00070	0.00065	0.77490
8	0.06556	0.03199	0.31342	0.00253	0.00355	0.01100	0.02735	0.09193	0.30370	0.07786	0.02048	0.00349	0.03140	0.00134	0.00109	0.00036	0.00120	0.00923	0.00087	0.00165
9	0.03345	0.00178	0.00224	0.00184	0.00248	0.00167	0.00147	0.11094	0.01559	0.46837	0.26480	0.05191	0.03502	0.00177	0.00119	0.00035	0.00084	0.00148	0.00126	0.00157
10	0.01482	0.00269	0.00290	0.00228	0.00306	0.00294	0.00186	0.69889	0.03296	0.07316	0.00300	0.00303	0.00215	0.00134	0.00106	0.00033	0.00109	0.00102	0.14966	0.00176
11	0.03175	0.01807	0.00345	0.01372	0.00355	0.24400	0.16990	0.12066	0.25612	0.01818	0.01009	0.02010	0.03778	0.00143	0.00771	0.00036	0.01738	0.01062	0.01359	0.00151
12	0.02239	0.00223	0.00292	0.22585	0.19037	0.04840	0.01506	0.10549	0.09644	0.02158	0.02138	0.00335	0.00230	0.00123	0.00106	0.00033	0.01047	0.00104	0.22669	0.00144
13	0.00151	0.00114	0.00131	0.00128	0.00161	0.00100	0.00096	0.00187	0.00275	0.02723	0.33941	0.08193	0.52869	0.00266	0.00132	0.00037	0.00057	0.00227	0.00111	0.00100
14	0.00788	0.00248	0.02142	0.32502	0.42498	0.02074	0.06522	0.01465	0.04680	0.01790	0.02383	0.01980	0.00205	0.00115	0.00113	0.00035	0.00138	0.00108	0.00061	0.00153
15	0.00203	0.00151	0.00192	0.00177	0.00216	0.00150	0.03255	0.04068	0.14222	0.03986	0.42831	0.05104	0.08845	0.03697	0.01060	0.00042	0.00078	0.10945	0.00112	0.00665
16	0.00372	0.00284	0.00303	0.00245	0.00325	0.00318	0.00198	0.58228	0.35773	0.02231	0.00341	0.00326	0.00248	0.00141	0.00113	0.00035	0.00110	0.00110	0.00113	0.00185
17	0.03154	0.04999	0.11442	0.29328	0.08372	0.01575	0.01844	0.03933	0.00250	0.07231	0.00217	0.00265	0.00165	0.00104	0.00100	0.00030	0.00125	0.00086	0.00064	0.26715
18	0.00304	0.91752	0.00574	0.00196	0.00290	0.04808	0.00192	0.00340	0.00231	0.00264	0.00156	0.00180	0.00144	0.00097	0.00073	0.00024	0.00123	0.00060	0.00048	0.00143
19	0.81305	0.00234	0.01552	0.02360	0.02189	0.01683	0.05680	0.02588	0.00208	0.01128	0.00167	0.00198	0.00129	0.00105	0.00077	0.00035	0.00099	0.00068	0.00069	0.00127
20	0.00281	0.04387	0.10026	0.04747	0.04862	0.12941	0.43902	0.03809	0.01037	0.00342	0.00216	0.02494	0.00175	0.00118	0.00145	0.00037	0.10167	0.00113	0.00058	0.00146
21	0.00192	0.00145	0.00198	0.00186	0.00200	0.01302	0.01522	0.02488	0.00183	0.01404	0.00274	0.00454	0.00272	0.21948	0.41775	0.13513	0.13669	0.00122	0.00061	0.00093
22	0.00184	0.00120	0.00140	0.00135	0.00171	0.00105	0.00101	0.00218	0.00268	0.11246	0.20932	0.12289	0.47526	0.02646	0.00141	0.00039	0.00063	0.01032	0.02537	0.00107
23	0.00171	0.00116	0.00150	0.00159	0.00182	0.00110	0.00121	0.00206	0.00247	0.04302	0.16940	0.26386	0.12336	0.07050	0.04491	0.00844	0.00086	0.23390	0.02614	0.00100
24	0.02415	0.00206	0.00259	0.00203	0.00283	0.00197	0.00166	0.15347	0.06550	0.63540	0.09274	0.00404	0.00337	0.00146	0.00113	0.00035	0.00095	0.00119	0.00130	0.00180

[dist]
# distance from previous block
# <min> <max>
0	22

[block]
# block no. 3 follows, 292 sequences, length 32
# corresponding to MSA columns:
# 911-913,919,924-928,942,943,950-970
name=unknown_D
#
# <colnr> <probs for GDERKNQSTAVLIFYWHMCP>
#	G	D	E	R	K	N	Q	S	T	A	V	L	I	F	Y	W	H	M	C	P
0	0.01369	0.00226	0.00246	0.00216	0.00280	0.00251	0.00169	0.07445	0.65852	0.12429	0.03970	0.02191	0.02239	0.00157	0.00114	0.00037	0.00089	0.00130	0.02419	0.00171
1	0.96860	0.00216	0.00164	0.00147	0.00216	0.00251	0.00121	0.00329	0.00190	0.00502	0.00156	0.00182	0.00121	0.00104	0.00069	0.00035	0.00087	0.00061	0.00069	0.00121
2	0.00250	0.00213	0.01163	0.00204	0.00258	0.02632	0.00160	0.03430	0.58021	0.01474	0.14685	0.02225	0.07062	0.00198	0.02906	0.00042	0.00091	0.02928	0.01906	0.00153
3	0.00165	0.00127	0.00189	0.00186	0.00204	0.00152	0.00145	0.00203	0.00179	0.00259	0.00291	0.00433	0.00274	0.02442	0.88215	0.00171	0.06087	0.00119	0.00059	0.00101
4	0.00269	0.00252	0.00406	0.00554	0.69521	0.00241	0.02559	0.02037	0.00255	0.00371	0.00209	0.00267	0.00175	0.00096	0.00105	0.00029	0.00123	0.00093	0.00059	0.22381
5	0.00231	0.00198	0.00230	0.00166	0.00263	0.00150	0.00132	0.00284	0.01698	0.00363	0.00206	0.00244	0.00173	0.01905	0.00093	0.00019	0.00083	0.00069	0.00067	0.93425
6	0.02081	0.00243	0.00459	0.40511	0.00613	0.00259	0.40809	0.03938	0.00969	0.02282	0.00237	0.01855	0.00187	0.00118	0.00126	0.00694	0.01145	0.02806	0.00531	0.00138
7	0.00150	0.00117	0.00139	0.00141	0.00169	0.00107	0.00107	0.00189	0.01315	0.00345	0.28714	0.11943	0.39831	0.04010	0.00156	0.00042	0.01395	0.10925	0.00107	0.00099
8	0.00237	0.00227	0.00364	0.44899	0.24367	0.00277	0.00298	0.00295	0.00217	0.00303	0.00190	0.00280	0.00157	0.00132	0.00180	0.00039	0.26121	0.00099	0.01182	0.00137
9	0.00206	0.00134	0.00150	0.00142	0.00176	0.00136	0.00108	0.02647	0.13789	0.01607	0.32597	0.01569	0.03886	0.00178	0.00107	0.00032	0.00061	0.01891	0.40465	0.00118
10	0.00184	0.00147	0.00205	0.00193	0.00202	0.00181	0.00147	0.00205	0.00171	0.00248	0.00266	0.00450	0.00269	0.22217	0.43589	0.06840	0.24211	0.00122	0.00058	0.00095
11	0.00269	0.50466	0.21296	0.00227	0.00323	0.04191	0.01012	0.03085	0.01352	0.00298	0.00195	0.00245	0.00170	0.02684	0.11127	0.00048	0.02739	0.00078	0.00053	0.00142
12	0.00177	0.00134	0.00162	0.00168	0.00192	0.00854	0.00120	0.00673	0.19029	0.01257	0.20068	0.53306	0.00707	0.00761	0.00135	0.00042	0.00069	0.00716	0.01318	0.00113
13	0.03196	0.08262	0.05125	0.04598	0.02435	0.06921	0.03667	0.13458	0.02669	0.10393	0.00250	0.01210	0.00199	0.00582	0.11761	0.00049	0.05600	0.00094	0.00658	0.18874
14	0.00274	0.05591	0.17391	0.00377	0.00475	0.09817	0.46640	0.02694	0.00255	0.00339	0.00206	0.00275	0.00163	0.00116	0.00154	0.00037	0.13818	0.01171	0.00055	0.00147
15	0.00144	0.00105	0.00141	0.00170	0.01771	0.00100	0.00115	0.00172	0.01892	0.00293	0.00601	0.84978	0.00711	0.00346	0.01405	0.00047	0.00072	0.06739	0.00103	0.00095
16	0.05531	0.00289	0.00312	0.00242	0.00328	0.00317	0.00199	0.74899	0.04699	0.10143	0.00290	0.00284	0.00203	0.00134	0.00109	0.00034	0.00116	0.00101	0.01586	0.00185
17	0.00164	0.00125	0.00833	0.00188	0.00209	0.00118	0.04261	0.01967	0.00240	0.00319	0.02806	0.52589	0.02483	0.00314	0.00144	0.00046	0.00084	0.32118	0.00892	0.00100
18	0.00307	0.00273	0.00424	0.01768	0.71586	0.00283	0.00312	0.19420	0.00307	0.01416	0.00223	0.00276	0.00180	0.00110	0.00118	0.00034	0.02620	0.00100	0.00067	0.00178
19	0.00173	0.00117	0.00139	0.00137	0.00142	0.00121	0.00085	0.01095	0.01130	0.01465	0.02447	0.03139	0.00405	0.75407	0.08508	0.02076	0.02611	0.00656	0.00070	0.00077
20	0.00292	0.05621	0.59572	0.00294	0.02200	0.00255	0.03381	0.04926	0.02589	0.17728	0.00253	0.00270	0.00176	0.00118	0.00113	0.01741	0.00145	0.00091	0.00069	0.00168
21	0.00212	0.00199	0.00330	0.92094	0.00750	0.00247	0.00304	0.00292	0.02693	0.00291	0.00217	0.00311	0.01369	0.00115	0.00112	0.00037	0.00146	0.00102	0.00052	0.00125
22	0.07530	0.00209	0.00242	0.03862	0.00253	0.06615	0.00176	0.00284	0.01910	0.00344	0.06690	0.00336	0.00252	0.00183	0.03107	0.00043	0.41099	0.00103	0.26645	0.00117
23	0.00207	0.00166	0.00195	0.00189	0.00223	0.00715	0.01731	0.03573	0.32662	0.00795	0.05290	0.35733	0.03634	0.08161	0.00169	0.00047	0.01413	0.04869	0.00104	0.00125
24	0.00297	0.70383	0.04762	0.00210	0.01265	0.06024	0.00899	0.02994	0.05663	0.00737	0.01827	0.00241	0.03076	0.00110	0.00083	0.00027	0.00122	0.00076	0.00058	0.01147
25	0.01058	0.00248	0.00782	0.00877	0.00301	0.01841	0.00181	0.45116	0.05237	0.29647	0.01058	0.01015	0.00244	0.00145	0.01086	0.00035	0.00694	0.00108	0.10152	0.00176
26	0.01170	0.10484	0.57957	0.00270	0.00387	0.00725	0.02893	0.00311	0.01458	0.00332	0.01040	0.19312	0.01545	0.00159	0.00114	0.00036	0.01468	0.00132	0.00061	0.00145
27	0.02064	0.00292	0.00220	0.00201	0.00245	0.39312	0.00151	0.00323	0.00897	0.04175	0.35308	0.01722	0.09484	0.00177	0.00115	0.00032	0.00117	0.00141	0.03474	0.01549
28	0.00179	0.00163	0.05707	0.00179	0.01471	0.00141	0.03294	0.01880	0.06428	0.00849	0.59519	0.06026	0.10746	0.00223	0.00609	0.00037	0.02131	0.00192	0.00110	0.00116
29	0.00303	0.21780	0.01486	0.02719	0.20447	0.01852	0.13214	0.02717	0.25553	0.08396	0.00285	0.00303	0.00219	0.00117	0.00106	0.00033	0.00124	0.00103	0.00078	0.00165
30	0.00165	0.00113	0.00130	0.00133	0.00137	0.00113	0.00081	0.00179	0.02445	0.00239	0.01022	0.05122	0.01507	0.79066	0.01755	0.00099	0.00107	0.06867	0.00644	0.00075
31	0.00214	0.07793	0.21234	0.00846	0.04249	0.00205	0.12647	0.00289	0.03576	0.02914	0.12099	0.14702	0.11535	0.00181	0.00122	0.00036	0.01643	0.00160	0.05422	0.00132

[dist]
# distance from previous block
# <min> <max>
2	18

[block]
# block no. 4 follows, 292 sequences, length 21
# corresponding to MSA columns:
# 1009,1012-1031
name=unknown_E
#
# <colnr> <probs for GDERKNQSTAVLIFYWHMCP>
#	G	D	E	R	K	N	Q	S	T	A	V	L	I	F	Y	W	H	M	C	P
0	0.05932	0.02746	0.01602	0.00249	0.00338	0.00339	0.00208	0.83360	0.01915	0.01813	0.00263	0.00264	0.00188	0.00131	0.00108	0.00033	0.00121	0.00098	0.00107	0.00185
1	0.00308	0.47200	0.18958	0.00242	0.01330	0.01233	0.02018	0.17374	0.03941	0.02146	0.00204	0.00225	0.00163	0.00109	0.00095	0.00029	0.01706	0.00078	0.00064	0.02575
2	0.06712	0.87069	0.00549	0.00189	0.00282	0.00422	0.00186	0.00340	0.00227	0.02961	0.00164	0.00185	0.00146	0.00097	0.00073	0.00025	0.00117	0.00061	0.00052	0.00143
3	0.00172	0.00117	0.00170	0.00169	0.00185	0.00131	0.00127	0.00194	0.00178	0.01493	0.01301	0.00453	0.01846	0.06997	0.66499	0.16460	0.01340	0.00121	0.01955	0.00091
4	0.10220	0.00295	0.05183	0.02192	0.01287	0.00312	0.00210	0.54071	0.19342	0.01946	0.00290	0.00296	0.00213	0.00135	0.00115	0.00035	0.02812	0.00770	0.00101	0.00175
5	0.00277	0.00266	0.00454	0.00686	0.95372	0.00266	0.00343	0.00343	0.00255	0.00365	0.00210	0.00277	0.00177	0.00100	0.00111	0.00033	0.00133	0.00100	0.00055	0.00177
6	0.00233	0.00175	0.00202	0.00186	0.00229	0.00181	0.00714	0.24853	0.07766	0.01314	0.07352	0.27894	0.13763	0.03773	0.02836	0.00046	0.00092	0.07215	0.00105	0.01071
7	0.00200	0.00120	0.00156	0.00150	0.00180	0.00109	0.00111	0.00241	0.00283	0.13466	0.46683	0.25237	0.07944	0.00249	0.00130	0.00038	0.00062	0.01104	0.03424	0.00113
8	0.00187	0.00154	0.00199	0.00186	0.00191	0.00184	0.00138	0.00204	0.00185	0.00261	0.03216	0.10533	0.04322	0.40982	0.00397	0.00073	0.31840	0.04763	0.01891	0.00093
9	0.00137	0.00099	0.00130	0.00156	0.00163	0.00092	0.00105	0.00158	0.00216	0.00287	0.00633	0.90657	0.03833	0.00347	0.00143	0.00045	0.00066	0.02538	0.00104	0.00091
10	0.01620	0.00300	0.10002	0.03562	0.01477	0.00794	0.56179	0.02229	0.01056	0.00355	0.00234	0.03145	0.00188	0.00121	0.00154	0.00038	0.12538	0.00123	0.05740	0.00144
11	0.01120	0.07538	0.03607	0.02333	0.03390	0.09672	0.00676	0.12975	0.15907	0.14184	0.04800	0.01273	0.01563	0.00138	0.00102	0.00032	0.00104	0.00109	0.20326	0.00151
12	0.03492	0.83375	0.06024	0.00201	0.00299	0.04497	0.00203	0.00341	0.00230	0.00277	0.00159	0.00184	0.00143	0.00097	0.00075	0.00025	0.00125	0.00062	0.00049	0.00143
13	0.00211	0.00199	0.00335	0.95801	0.00770	0.00248	0.00311	0.00286	0.00224	0.00286	0.00199	0.00298	0.00149	0.00112	0.00112	0.00037	0.00149	0.00099	0.00050	0.00124
14	0.00257	0.00200	0.00248	0.05426	0.03188	0.01225	0.01201	0.22938	0.15233	0.00880	0.00310	0.01107	0.00268	0.09462	0.29597	0.05151	0.01823	0.01272	0.00081	0.00133
15	0.00144	0.00108	0.00133	0.00139	0.00161	0.00097	0.00099	0.00177	0.00261	0.00348	0.35145	0.35310	0.25608	0.01570	0.00142	0.00041	0.00059	0.00252	0.00110	0.00097
16	0.00241	0.03050	0.75655	0.01742	0.00460	0.00784	0.04280	0.01695	0.02808	0.03739	0.00958	0.00964	0.00173	0.00115	0.00110	0.00036	0.00803	0.01350	0.00876	0.00162
17	0.00164	0.00109	0.00128	0.00131	0.00137	0.00106	0.00080	0.00172	0.00185	0.02108	0.02712	0.16235	0.05709	0.68766	0.00446	0.00090	0.00097	0.02469	0.00079	0.00077
18	0.00245	0.00247	0.00355	0.00300	0.00305	0.00340	0.03888	0.00273	0.00175	0.00273	0.00150	0.00247	0.00148	0.00192	0.00358	0.00049	0.92186	0.00099	0.00049	0.00123
19	0.01561	0.00240	0.00269	0.00221	0.00295	0.02795	0.00177	0.21743	0.32002	0.32195	0.06127	0.00387	0.00319	0.00147	0.00115	0.00035	0.00956	0.00118	0.00120	0.00178
20	0.02616	0.00251	0.00465	0.05339	0.07111	0.00232	0.47831	0.01005	0.00256	0.06748	0.00251	0.03007	0.00203	0.00109	0.00116	0.00033	0.00144	0.02535	0.00067	0.21681

[dist]
# distance from previous block
# <min> <max>
0	4

[block]
# block no. 5 follows, 292 sequences, length 30
# corresponding to MSA columns:
# 1036-1061,1064,1065,1073,1074
name=unknown_F
#
# <colnr> <probs for GDERKNQSTAVLIFYWHMCP>
#	G	D	E	R	K	N	Q	S	T	A	V	L	I	F	Y	W	H	M	C	P
0	0.20680	0.00626	0.01655	0.00211	0.00261	0.02871	0.06511	0.09369	0.01261	0.09260	0.01225	0.02578	0.00256	0.11812	0.17696	0.00072	0.09064	0.03191	0.00077	0.01324
1	0.90109	0.00222	0.00178	0.00156	0.00227	0.01146	0.01160	0.02765	0.00204	0.02787	0.00166	0.00190	0.00127	0.00105	0.00072	0.00035	0.00090	0.00064	0.00072	0.00125
2	0.00241	0.00193	0.00249	0.18318	0.07050	0.04403	0.01315	0.04168	0.05752	0.04741	0.02787	0.07791	0.02707	0.07910	0.00895	0.00043	0.11575	0.01469	0.18270	0.00124
3	0.00202	0.00180	0.00257	0.00980	0.00247	0.00236	0.00189	0.00232	0.00181	0.00270	0.03222	0.02948	0.00250	0.01219	0.40566	0.01542	0.46995	0.00117	0.00058	0.00110
4	0.00189	0.01616	0.01966	0.00196	0.00218	0.00178	0.00156	0.01151	0.02201	0.02253	0.00285	0.01112	0.00269	0.08619	0.63232	0.01057	0.14361	0.00119	0.00717	0.00106
5	0.00267	0.03283	0.08950	0.34602	0.20216	0.00267	0.03293	0.10134	0.10387	0.02976	0.00246	0.00303	0.00188	0.00121	0.00117	0.01511	0.00872	0.00573	0.01540	0.00153
6	0.01133	0.00173	0.00193	0.00184	0.00226	0.00627	0.00140	0.00379	0.43307	0.02344	0.18259	0.17977	0.09775	0.01429	0.00131	0.00040	0.00076	0.03360	0.00112	0.00136
7	0.00213	0.00201	0.00339	0.92808	0.03747	0.00249	0.00312	0.00288	0.00225	0.00288	0.00199	0.00297	0.00150	0.00111	0.00112	0.00037	0.00149	0.00099	0.00050	0.00126
8	0.00142	0.00115	0.00127	0.00131	0.00162	0.00102	0.00097	0.00179	0.02588	0.00318	0.10514	0.16674	0.60908	0.02094	0.00143	0.00041	0.00062	0.05401	0.00105	0.00097
9	0.00232	0.00199	0.00232	0.00166	0.00265	0.00149	0.00133	0.00282	0.00232	0.00364	0.00199	0.00232	0.00166	0.00083	0.00083	0.00017	0.00083	0.00066	0.00066	0.96753
10	0.00252	0.00233	0.00374	0.41742	0.39819	0.01078	0.00848	0.04666	0.04341	0.00352	0.02322	0.00311	0.00869	0.00114	0.00113	0.00035	0.00813	0.00104	0.01463	0.00151
11	0.00183	0.00140	0.00199	0.00179	0.00199	0.00807	0.08149	0.01040	0.00188	0.01831	0.02045	0.01728	0.00348	0.50142	0.27905	0.00115	0.03279	0.00145	0.00067	0.01310
12	0.90425	0.00210	0.00163	0.00146	0.00213	0.00242	0.00120	0.00329	0.00195	0.02084	0.00171	0.00197	0.00132	0.00106	0.00070	0.00034	0.00085	0.00064	0.04894	0.00121
13	0.00212	0.00201	0.00341	0.90500	0.00749	0.00248	0.02946	0.00286	0.00223	0.00286	0.00201	0.00304	0.00154	0.01575	0.00123	0.00039	0.01336	0.00101	0.00050	0.00124
14	0.01240	0.69746	0.00507	0.00203	0.00294	0.00384	0.02090	0.05834	0.02865	0.13575	0.00213	0.00225	0.00172	0.00107	0.00085	0.00027	0.01181	0.00074	0.01026	0.00153
15	0.00150	0.00107	0.00139	0.00158	0.00171	0.00102	0.00114	0.00175	0.00222	0.00292	0.03271	0.53107	0.07440	0.13490	0.00203	0.00055	0.00078	0.20537	0.00099	0.00091
16	0.04389	0.01751	0.00744	0.01226	0.10456	0.01757	0.03416	0.16060	0.08879	0.33625	0.08118	0.03950	0.02729	0.00149	0.00113	0.00035	0.00103	0.00125	0.02212	0.00166
17	0.00161	0.00120	0.00179	0.00179	0.00197	0.00139	0.00138	0.00198	0.00180	0.00258	0.00304	0.02450	0.00289	0.02627	0.89478	0.01647	0.01173	0.00124	0.00061	0.00098
18	0.00270	0.16300	0.05983	0.01806	0.00307	0.05934	0.02506	0.03354	0.00222	0.05107	0.01234	0.01895	0.03657	0.01423	0.02864	0.00045	0.44451	0.01744	0.00767	0.00132
19	0.00226	0.00841	0.05651	0.19514	0.11526	0.01451	0.02623	0.03396	0.03003	0.02089	0.00253	0.00362	0.00221	0.11239	0.19943	0.00592	0.00634	0.00106	0.00063	0.16267
20	0.02539	0.03261	0.07560	0.10417	0.00966	0.02606	0.06021	0.05437	0.03001	0.05936	0.00595	0.01651	0.00968	0.06227	0.01373	0.00035	0.03408	0.00095	0.00922	0.36983
21	0.02511	0.00965	0.00318	0.00818	0.00335	0.05790	0.03181	0.58631	0.16982	0.05584	0.00308	0.02574	0.00230	0.00606	0.00115	0.00035	0.00623	0.00109	0.00106	0.00178
22	0.03988	0.00151	0.00168	0.00147	0.00196	0.00151	0.00116	0.02422	0.11897	0.23648	0.00384	0.00396	0.00283	0.00134	0.00091	0.00030	0.00070	0.00107	0.55486	0.00137
23	0.00274	0.54099	0.34299	0.00252	0.02453	0.03364	0.00274	0.00347	0.01426	0.00302	0.00875	0.00211	0.00153	0.00103	0.00090	0.00029	0.01178	0.00071	0.00049	0.00151
24	0.00267	0.00135	0.00180	0.00171	0.00209	0.00122	0.00128	0.00305	0.02290	0.32898	0.09384	0.49085	0.01861	0.00260	0.00131	0.00041	0.00075	0.02212	0.00118	0.00128
25	0.00158	0.00110	0.00148	0.00159	0.00174	0.00111	0.00113	0.00185	0.00208	0.02934	0.03058	0.46648	0.05914	0.08938	0.27330	0.00088	0.00698	0.01792	0.01138	0.00095
26	0.00158	0.00114	0.00134	0.00132	0.00156	0.00105	0.00094	0.00196	0.01699	0.01169	0.40534	0.09660	0.23912	0.16779	0.00205	0.00049	0.00065	0.00208	0.04534	0.00097
27	0.16713	0.00172	0.00195	0.00160	0.00224	0.00159	0.00127	0.03213	0.01317	0.13791	0.35096	0.00472	0.00505	0.00151	0.00104	0.00030	0.00075	0.00124	0.01857	0.25515
28	0.52420	0.00215	0.00212	0.00175	0.00251	0.00229	0.00144	0.10036	0.01411	0.31142	0.00268	0.00263	0.00185	0.00119	0.00088	0.00034	0.00092	0.00083	0.02480	0.00151
29	0.00925	0.04384	0.00605	0.00908	0.01542	0.01370	0.02086	0.19530	0.09634	0.28911	0.26245	0.01304	0.01024	0.00163	0.00117	0.00035	0.00094	0.00849	0.00117	0.00159

[dist]
# distance from previous block
# <min> <max>
1	17

[block]
# block no. 6 follows, 292 sequences, length 19
# corresponding to MSA columns:
# 1092-1110
name=unknown_G
#
# <colnr> <probs for GDERKNQSTAVLIFYWHMCP>
#	G	D	E	R	K	N	Q	S	T	A	V	L	I	F	Y	W	H	M	C	P
0	0.00248	0.09460	0.69543	0.03033	0.00472	0.04744	0.07773	0.02845	0.00249	0.00349	0.00199	0.00237	0.00146	0.00106	0.00105	0.00034	0.00163	0.00085	0.00050	0.00160
1	0.00164	0.00116	0.00145	0.00139	0.00169	0.00105	0.00104	0.00209	0.00296	0.03826	0.64597	0.06754	0.20923	0.00246	0.00132	0.00037	0.00057	0.01758	0.00118	0.00105
2	0.00164	0.00118	0.00166	0.00165	0.00179	0.00133	0.00121	0.00189	0.00175	0.00248	0.01405	0.00506	0.00312	0.23946	0.64181	0.05799	0.01912	0.00129	0.00062	0.00090
3	0.00225	0.00198	0.00332	0.91326	0.00748	0.00245	0.00304	0.00298	0.00228	0.04740	0.00210	0.00302	0.00155	0.00113	0.00112	0.00037	0.00147	0.00100	0.00054	0.00127
4	0.00140	0.00102	0.00128	0.00148	0.00158	0.00094	0.00099	0.00160	0.00217	0.00285	0.03006	0.69294	0.12428	0.10821	0.00188	0.00051	0.00069	0.02420	0.00100	0.00089
5	0.00410	0.07371	0.00337	0.00279	0.00342	0.82856	0.00214	0.06338	0.00324	0.00300	0.00178	0.00204	0.00147	0.00115	0.00099	0.00029	0.00191	0.00073	0.00060	0.00134
6	0.00137	0.00098	0.00131	0.00157	0.00164	0.00092	0.00106	0.00158	0.00215	0.00287	0.00616	0.93322	0.00737	0.00349	0.00143	0.00046	0.00066	0.02981	0.00104	0.00091
7	0.00266	0.12400	0.68955	0.00289	0.00432	0.01154	0.00351	0.04006	0.01090	0.08055	0.00218	0.00243	0.00157	0.00111	0.00107	0.00034	0.01825	0.00083	0.00058	0.00165
8	0.00240	0.01986	0.20400	0.04402	0.01183	0.00240	0.42786	0.01712	0.02494	0.03191	0.08177	0.08645	0.01772	0.00145	0.00791	0.00038	0.00651	0.00933	0.00069	0.00144
9	0.96860	0.00216	0.00164	0.00147	0.00216	0.00251	0.00121	0.00329	0.00190	0.00502	0.00156	0.00182	0.00121	0.00104	0.00069	0.00035	0.00087	0.00061	0.00069	0.00121
10	0.00220	0.00208	0.00354	0.76006	0.03547	0.00248	0.08133	0.00301	0.03154	0.00304	0.00219	0.00317	0.00168	0.00116	0.00118	0.00037	0.01961	0.01373	0.03085	0.00129
11	0.00164	0.00110	0.00131	0.00132	0.00135	0.00113	0.00081	0.00169	0.00168	0.00225	0.00351	0.00706	0.00395	0.79485	0.11992	0.02068	0.00131	0.03303	0.00068	0.00072
12	0.00180	0.00142	0.00193	0.01917	0.04676	0.02331	0.02629	0.03220	0.00250	0.00330	0.05475	0.42121	0.00633	0.00301	0.01468	0.00047	0.00094	0.33788	0.00099	0.00106
13	0.00338	0.00342	0.11364	0.07125	0.14753	0.21570	0.02904	0.09481	0.12004	0.13845	0.01923	0.00913	0.01088	0.00127	0.00110	0.00034	0.00140	0.00991	0.00081	0.00865
14	0.06847	0.02967	0.01164	0.00194	0.00289	0.00224	0.00160	0.27648	0.01118	0.03162	0.00224	0.00243	0.00173	0.00102	0.00091	0.00024	0.00097	0.00078	0.00081	0.55113
15	0.00150	0.00105	0.00139	0.00152	0.00161	0.00105	0.00103	0.00167	0.00194	0.00262	0.00489	0.46386	0.03679	0.21315	0.19108	0.05491	0.00123	0.01701	0.00084	0.00086
16	0.01300	0.04643	0.22708	0.02537	0.02773	0.04594	0.22076	0.09089	0.05190	0.05675	0.07576	0.00928	0.01245	0.00540	0.00127	0.00036	0.04287	0.01295	0.00073	0.03309
17	0.00259	0.00200	0.00216	0.00196	0.00245	0.02921	0.00151	0.11831	0.37318	0.04401	0.15722	0.11984	0.03848	0.01248	0.01071	0.00039	0.00087	0.02513	0.05603	0.00145
18	0.05034	0.31709	0.11156	0.02161	0.03185	0.06802	0.05475	0.14073	0.06219	0.03908	0.01496	0.00248	0.00183	0.00111	0.00096	0.00030	0.00639	0.00084	0.00069	0.07323

[dist]
# distance from previous block
# <min> <max>
2	26

[block]
# block no. 7 follows, 292 sequences, length 8
# corresponding to MSA columns:
# 1138-1144,1147
name=unknown_H
#
# <colnr> <probs for GDERKNQSTAVLIFYWHMCP>
#	G	D	E	R	K	N	Q	S	T	A	V	L	I	F	Y	W	H	M	C	P
0	0.05243	0.00186	0.00182	0.00169	0.00207	0.10192	0.00128	0.08291	0.02141	0.02850	0.27330	0.09976	0.20655	0.02823	0.01148	0.00040	0.02560	0.01557	0.04207	0.00115
1	0.00387	0.00472	0.04022	0.00282	0.01753	0.72799	0.00218	0.06332	0.02651	0.01838	0.00220	0.01822	0.01251	0.00136	0.01275	0.00033	0.01580	0.01619	0.01177	0.00135
2	0.00275	0.00170	0.00214	0.02718	0.07300	0.00172	0.00151	0.06908	0.13612	0.17097	0.29204	0.00514	0.00508	0.00162	0.00111	0.00033	0.00078	0.00138	0.20493	0.00142
3	0.02330	0.00129	0.00147	0.00137	0.00175	0.00123	0.00106	0.02049	0.01980	0.14626	0.11157	0.08059	0.13408	0.00186	0.00105	0.00033	0.00065	0.03262	0.41806	0.00118
4	0.07091	0.30704	0.07333	0.04355	0.03239	0.02564	0.03928	0.06678	0.01987	0.25291	0.01443	0.01326	0.00204	0.00121	0.00105	0.00032	0.03270	0.00091	0.00081	0.00158
5	0.00154	0.00123	0.00163	0.01758	0.00191	0.00113	0.05210	0.00189	0.00254	0.00331	0.25001	0.10205	0.39222	0.08805	0.01978	0.02562	0.00077	0.03469	0.00100	0.00097
6	0.02243	0.02249	0.03160	0.00256	0.00324	0.52191	0.00204	0.15724	0.00337	0.14388	0.00239	0.00252	0.00179	0.00123	0.00107	0.00031	0.02052	0.00085	0.05708	0.00148
7	0.02778	0.02836	0.15896	0.01152	0.04352	0.01792	0.04071	0.07915	0.01925	0.04797	0.00228	0.01234	0.00182	0.00104	0.00099	0.00026	0.01256	0.01289	0.00070	0.47997

[dist]
# distance from previous block
# <min> <max>
0	1

[block]
# block no. 8 follows, 292 sequences, length 10
# corresponding to MSA columns:
# 1149-1158
name=unknown_I
#
# <colnr> <probs for GDERKNQSTAVLIFYWHMCP>
#	G	D	E	R	K	N	Q	S	T	A	V	L	I	F	Y	W	H	M	C	P
0	0.00288	0.02804	0.06744	0.01938	0.00275	0.01388	0.00855	0.14547	0.09836	0.17242	0.24264	0.00513	0.04751	0.01213	0.05553	0.00044	0.01682	0.02146	0.00817	0.03102
1	0.00248	0.00250	0.00324	0.00282	0.00288	0.05904	0.00232	0.00280	0.02298	0.00274	0.00177	0.03185	0.00176	0.00228	0.05279	0.00054	0.80241	0.00105	0.00053	0.00122
2	0.23101	0.04972	0.02394	0.02155	0.00340	0.13928	0.20375	0.02429	0.00234	0.01688	0.00207	0.00277	0.00174	0.04282	0.09248	0.00052	0.10012	0.00095	0.01428	0.02610
3	0.00139	0.00100	0.00132	0.00155	0.00165	0.00093	0.00106	0.00161	0.00222	0.00294	0.03693	0.82837	0.06485	0.00340	0.00142	0.00045	0.00066	0.04628	0.00104	0.00092
4	0.00994	0.00118	0.00145	0.00146	0.00163	0.00114	0.00898	0.01096	0.02220	0.05016	0.06710	0.27947	0.09285	0.36666	0.01114	0.02707	0.00088	0.03316	0.01167	0.00091
5	0.10434	0.00190	0.00234	0.00189	0.00262	0.00180	0.00154	0.06818	0.04406	0.58456	0.07055	0.03138	0.02237	0.00155	0.00111	0.00035	0.00090	0.02863	0.02826	0.00167
6	0.00225	0.00139	0.00160	0.00150	0.00180	0.00142	0.00110	0.01319	0.13895	0.09318	0.11587	0.05451	0.02636	0.24943	0.00231	0.00053	0.01204	0.03538	0.24606	0.00114
7	0.85243	0.00209	0.00169	0.00149	0.00217	0.00237	0.00122	0.00338	0.00204	0.06765	0.02789	0.00219	0.00161	0.00110	0.00074	0.00034	0.00085	0.00069	0.02680	0.00125
8	0.18719	0.00229	0.00229	0.00204	0.00266	0.01902	0.00161	0.10661	0.49163	0.03102	0.02509	0.03760	0.01867	0.00154	0.00106	0.00037	0.00091	0.02539	0.04146	0.00156
9	0.00298	0.13054	0.24637	0.03152	0.06551	0.01337	0.03655	0.19443	0.04710	0.08479	0.03282	0.01862	0.04404	0.00145	0.01170	0.00036	0.00129	0.03415	0.00080	0.00160

[dist]
# distance from previous block
# <min> <max>
0	4

[block]
# block no. 9 follows, 292 sequences, length 13
# corresponding to MSA columns:
# 1164-1175,1178
name=unknown_J
#
# <colnr> <probs for GDERKNQSTAVLIFYWHMCP>
#	G	D	E	R	K	N	Q	S	T	A	V	L	I	F	Y	W	H	M	C	P
0	0.03940	0.30741	0.22715	0.02550	0.02314	0.06562	0.03076	0.04345	0.03809	0.03884	0.00992	0.06186	0.05922	0.00135	0.00099	0.00032	0.00127	0.00854	0.00785	0.00931
1	0.89070	0.00218	0.00174	0.00153	0.00224	0.00250	0.00126	0.03336	0.00207	0.05176	0.00173	0.00194	0.00131	0.00106	0.00073	0.00035	0.00088	0.00064	0.00074	0.00127
2	0.03645	0.00202	0.00265	0.16104	0.11507	0.01787	0.01225	0.01619	0.23455	0.05036	0.07427	0.02842	0.04342	0.08189	0.01537	0.01809	0.05780	0.00930	0.02161	0.00137
3	0.00161	0.00116	0.00145	0.00139	0.00167	0.00107	0.00104	0.00212	0.02158	0.01660	0.69542	0.06617	0.14998	0.01495	0.00137	0.00037	0.00056	0.00209	0.01834	0.00105
4	0.00231	0.02635	0.74905	0.02402	0.03300	0.01491	0.04544	0.01313	0.01126	0.00355	0.03060	0.01979	0.00185	0.00116	0.00113	0.00036	0.01903	0.00094	0.00053	0.00160
5	0.00207	0.00117	0.00136	0.00134	0.00154	0.00115	0.00093	0.00239	0.02097	0.08521	0.00415	0.08524	0.02261	0.38133	0.02708	0.00067	0.00089	0.05242	0.30651	0.00097
6	0.00188	0.00103	0.00147	0.00147	0.00148	0.00105	0.00098	0.00154	0.00154	0.00207	0.02007	0.01891	0.00251	0.14024	0.03533	0.74445	0.02175	0.00113	0.00054	0.00056
7	0.00310	0.84505	0.00551	0.00197	0.00287	0.00418	0.00192	0.00345	0.00230	0.06683	0.00174	0.00196	0.00153	0.00104	0.00090	0.00026	0.05271	0.00065	0.00054	0.00146
8	0.01135	0.00227	0.00252	0.00193	0.00280	0.04139	0.01252	0.13376	0.05270	0.02878	0.00251	0.04101	0.00212	0.00114	0.00099	0.00024	0.01553	0.01948	0.00078	0.62618
9	0.00209	0.00196	0.00325	0.84212	0.00705	0.00246	0.00295	0.00278	0.00220	0.00285	0.00218	0.05445	0.00181	0.00130	0.00131	0.00038	0.06600	0.00111	0.00053	0.00122
10	0.00361	0.08042	0.01407	0.00230	0.00305	0.06703	0.02619	0.36533	0.11731	0.15272	0.08962	0.01174	0.02007	0.00150	0.00115	0.00949	0.00112	0.02083	0.01079	0.00165
11	0.03992	0.00223	0.00338	0.62063	0.10701	0.02669	0.02877	0.02027	0.06640	0.02455	0.00222	0.00295	0.00169	0.00112	0.00109	0.00035	0.00138	0.00099	0.00060	0.04777
12	0.05593	0.02968	0.03656	0.07725	0.21671	0.14004	0.02732	0.16847	0.12282	0.07826	0.01430	0.01202	0.00211	0.00124	0.00111	0.00034	0.01242	0.00101	0.00080	0.00162

[dist]
# distance from previous block
# <min> <max>
9	46

[block]
# block no. 10 follows, 292 sequences, length 7
# corresponding to MSA columns:
# 1245-1251
name=unknown_K
#
# <colnr> <probs for GDERKNQSTAVLIFYWHMCP>
#	G	D	E	R	K	N	Q	S	T	A	V	L	I	F	Y	W	H	M	C	P
0	0.07053	0.01937	0.28982	0.00278	0.02263	0.00282	0.06182	0.33585	0.05120	0.09727	0.00261	0.00278	0.00187	0.01558	0.00114	0.00035	0.00132	0.00096	0.00085	0.01844
1	0.00172	0.00118	0.00142	0.00136	0.00169	0.00105	0.00103	0.00214	0.00286	0.06644	0.45823	0.04708	0.35710	0.00247	0.00130	0.00037	0.00059	0.02547	0.02542	0.00106
2	0.00311	0.00264	0.03122	0.04932	0.00331	0.00290	0.00197	0.25944	0.59454	0.00518	0.00382	0.00366	0.00284	0.00143	0.00112	0.00036	0.00102	0.00116	0.02922	0.00175
3	0.00443	0.00217	0.00280	0.00224	0.02279	0.00208	0.02065	0.19753	0.02702	0.60897	0.02889	0.00363	0.00273	0.00138	0.00116	0.00034	0.01875	0.00112	0.03306	0.01824
4	0.02387	0.00199	0.00229	0.00239	0.00265	0.00179	0.00164	0.00281	0.03396	0.00447	0.17202	0.61576	0.06800	0.02444	0.00199	0.00066	0.00109	0.03510	0.00146	0.00161
5	0.03466	0.03650	0.05978	0.08126	0.30059	0.01492	0.03020	0.08922	0.03927	0.24367	0.00297	0.03181	0.00226	0.00126	0.00110	0.00034	0.00121	0.01213	0.01518	0.00168
6	0.02139	0.00156	0.00185	0.00166	0.00187	0.01948	0.04761	0.11525	0.02384	0.00299	0.00336	0.03463	0.00360	0.65640	0.05914	0.00094	0.00125	0.00151	0.00074	0.00094

[dist]
# distance from previous block
# <min> <max>
1	3

[block]
# block no. 11 follows, 292 sequences, length 13
# corresponding to MSA columns:
# 1257-1269
name=unknown_L
#
# <colnr> <probs for GDERKNQSTAVLIFYWHMCP>
#	G	D	E	R	K	N	Q	S	T	A	V	L	I	F	Y	W	H	M	C	P
0	0.24394	0.27934	0.00364	0.00217	0.01299	0.06607	0.01820	0.28951	0.04293	0.01928	0.00212	0.00227	0.00165	0.00114	0.00089	0.00031	0.00117	0.00079	0.01006	0.00153
1	0.64590	0.01836	0.00203	0.00166	0.00240	0.00241	0.00137	0.08068	0.01903	0.16389	0.00236	0.00244	0.01618	0.00115	0.00082	0.00034	0.00091	0.00077	0.01226	0.02504
2	0.00141	0.00110	0.02027	0.00160	0.00172	0.00097	0.00113	0.00165	0.00216	0.00288	0.00612	0.83328	0.03477	0.01792	0.01997	0.00049	0.00074	0.04988	0.00101	0.00093
3	0.02938	0.00317	0.03396	0.02708	0.03684	0.20004	0.06291	0.14704	0.30025	0.01011	0.01333	0.02169	0.02018	0.00151	0.00941	0.00037	0.06364	0.01670	0.00086	0.00155
4	0.00165	0.00115	0.00151	0.00167	0.00184	0.00113	0.00126	0.00201	0.02141	0.01902	0.05615	0.37911	0.04455	0.12225	0.03752	0.00059	0.00091	0.29423	0.01108	0.00097
5	0.19214	0.00194	0.00235	0.00186	0.00266	0.00183	0.00153	0.02529	0.01603	0.67992	0.04184	0.00359	0.00277	0.00135	0.00104	0.00034	0.00091	0.00106	0.01981	0.00172
6	0.00214	0.00147	0.00178	0.00162	0.00201	0.00145	0.00124	0.03623	0.15531	0.08271	0.58173	0.04145	0.05197	0.01278	0.00131	0.00037	0.00066	0.00182	0.02070	0.00125
7	0.96860	0.00216	0.00164	0.00147	0.00216	0.00251	0.00121	0.00329	0.00190	0.00502	0.00156	0.00182	0.00121	0.00104	0.00069	0.00035	0.00087	0.00061	0.00069	0.00121
8	0.00297	0.03319	0.00269	0.00228	0.00292	0.03948	0.00180	0.10526	0.69893	0.02588	0.01428	0.02357	0.00337	0.00157	0.00114	0.00037	0.00097	0.03652	0.00109	0.00171
9	0.01572	0.00299	0.02866	0.01745	0.03755	0.01123	0.01143	0.67446	0.09531	0.05142	0.00293	0.00300	0.00914	0.01754	0.00123	0.00036	0.01565	0.00105	0.00105	0.00181
10	0.07586	0.04342	0.02580	0.01891	0.02202	0.14425	0.02255	0.08287	0.45886	0.05944	0.01328	0.01570	0.00270	0.00139	0.00107	0.00035	0.00115	0.00779	0.00095	0.00162
11	0.92954	0.00215	0.00168	0.00149	0.00219	0.00247	0.00123	0.00337	0.00196	0.04351	0.00167	0.00190	0.00127	0.00105	0.00071	0.00035	0.00087	0.00063	0.00072	0.00124
12	0.00226	0.00230	0.00378	0.02512	0.02413	0.05602	0.33544	0.01521	0.00243	0.00322	0.03348	0.20518	0.06912	0.01679	0.00177	0.00042	0.15757	0.04378	0.00073	0.00124

[dist]
# distance from previous block
# <min> <max>
0	10

[block]
# block no. 12 follows, 292 sequences, length 9
# corresponding to MSA columns:
# 1280-1288
name=unknown_M
#
# <colnr> <probs for GDERKNQSTAVLIFYWHMCP>
#	G	D	E	R	K	N	Q	S	T	A	V	L	I	F	Y	W	H	M	C	P
0	0.00189	0.00130	0.00158	0.00147	0.00183	0.00123	0.00113	0.00258	0.08358	0.06995	0.54201	0.00820	0.20884	0.00227	0.00128	0.00036	0.00061	0.03428	0.03445	0.00115
1	0.05082	0.00159	0.00232	0.02869	0.03049	0.01200	0.10122	0.03696	0.00241	0.04253	0.05950	0.48096	0.02152	0.00281	0.04118	0.00048	0.04425	0.03823	0.00092	0.00113
2	0.00147	0.00109	0.00140	0.01945	0.00180	0.00104	0.00112	0.00181	0.03252	0.00308	0.08898	0.67037	0.09476	0.02461	0.00149	0.00045	0.00068	0.05188	0.00104	0.00096
3	0.00165	0.00122	0.00176	0.00174	0.00190	0.00141	0.00131	0.00194	0.00175	0.00251	0.00296	0.00468	0.00288	0.14140	0.73944	0.05045	0.03822	0.00124	0.00060	0.00094
4	0.00299	0.96137	0.00586	0.00191	0.00287	0.00442	0.00191	0.00335	0.00227	0.00263	0.00155	0.00179	0.00144	0.00096	0.00072	0.00024	0.00120	0.00060	0.00048	0.00144
5	0.00139	0.00104	0.00131	0.00148	0.00165	0.00096	0.00105	0.00164	0.00230	0.00298	0.04151	0.61048	0.24231	0.00339	0.02535	0.00047	0.00071	0.05804	0.00103	0.00093
6	0.00211	0.00199	0.00335	0.95801	0.00770	0.00248	0.00311	0.00286	0.00224	0.00286	0.00199	0.00298	0.00149	0.00112	0.00112	0.00037	0.00149	0.00099	0.00050	0.00124
7	0.01678	0.00282	0.00328	0.08360	0.02319	0.04215	0.05001	0.57206	0.02599	0.08100	0.00291	0.00344	0.00221	0.00143	0.00118	0.01339	0.00126	0.05746	0.01412	0.00170
8	0.01340	0.08485	0.00323	0.06665	0.00344	0.09551	0.03298	0.27702	0.05023	0.05934	0.01317	0.00281	0.00199	0.00117	0.00104	0.00029	0.01269	0.01431	0.00083	0.26506

[dist]
# distance from previous block
# <min> <max>
0	1

[block]
# block no. 13 follows, 292 sequences, length 21
# corresponding to MSA columns:
# 1290-1310
name=unknown_N
#
# <colnr> <probs for GDERKNQSTAVLIFYWHMCP>
#	G	D	E	R	K	N	Q	S	T	A	V	L	I	F	Y	W	H	M	C	P
0	0.00262	0.00783	0.03563	0.26523	0.25258	0.06189	0.07316	0.04417	0.03859	0.04293	0.09919	0.01634	0.01906	0.00133	0.00119	0.00036	0.01451	0.01398	0.00796	0.00146
1	0.00243	0.00208	0.02199	0.00173	0.00272	0.00158	0.00142	0.01414	0.00237	0.03598	0.00207	0.00238	0.00169	0.00088	0.00090	0.00018	0.01794	0.00069	0.00069	0.88614
2	0.00162	0.00121	0.00160	0.03857	0.00201	0.00122	0.01026	0.02962	0.02214	0.00300	0.04622	0.48236	0.05983	0.12367	0.11307	0.00742	0.00708	0.04720	0.00092	0.00097
3	0.01506	0.00132	0.00173	0.01164	0.01223	0.00130	0.01085	0.01205	0.04393	0.12700	0.04905	0.51908	0.07685	0.04429	0.01634	0.00047	0.02909	0.02071	0.00589	0.00112
4	0.00209	0.00181	0.02772	0.02483	0.07561	0.00812	0.02688	0.03136	0.17800	0.01561	0.38276	0.01697	0.12110	0.02064	0.00141	0.00586	0.02531	0.02621	0.00640	0.00129
5	0.00270	0.00257	0.00439	0.05827	0.81898	0.00259	0.03252	0.01401	0.00258	0.00366	0.02599	0.00313	0.00207	0.00108	0.00113	0.00034	0.00133	0.02037	0.00058	0.00170
6	0.00299	0.79384	0.07359	0.00209	0.00306	0.02798	0.01005	0.01923	0.03041	0.01180	0.00173	0.00196	0.00152	0.00101	0.00082	0.00026	0.01501	0.00066	0.00052	0.00147
7	0.00252	0.00261	0.00437	0.00345	0.00383	0.00319	0.29708	0.02421	0.00209	0.00307	0.00184	0.02250	0.00167	0.00166	0.00284	0.00045	0.61963	0.00113	0.00054	0.00132
8	0.36212	0.02572	0.00299	0.08029	0.02280	0.04237	0.17005	0.00304	0.00219	0.00380	0.00250	0.05034	0.00233	0.02959	0.04566	0.00047	0.05877	0.09305	0.00067	0.00123
9	0.00194	0.00769	0.00197	0.00189	0.00214	0.08763	0.00145	0.03499	0.00206	0.00276	0.00311	0.03612	0.01690	0.07033	0.69009	0.00144	0.02212	0.00718	0.00064	0.00755
10	0.68520	0.08023	0.04612	0.02329	0.00269	0.04749	0.02390	0.03967	0.00218	0.01487	0.00168	0.00197	0.00132	0.00108	0.00084	0.00034	0.02448	0.00068	0.00067	0.00130
11	0.00169	0.00157	0.07838	0.00184	0.00763	0.00131	0.02460	0.01358	0.03050	0.02021	0.00969	0.51566	0.03994	0.11552	0.09281	0.00064	0.01144	0.03107	0.00090	0.00103
12	0.00246	0.01330	0.01263	0.01085	0.03474	0.00162	0.00147	0.01784	0.00240	0.03580	0.00208	0.00239	0.00169	0.00087	0.00086	0.00018	0.00087	0.00070	0.00068	0.85655
13	0.00138	0.00114	0.00122	0.00121	0.00156	0.00097	0.00092	0.00172	0.00266	0.00330	0.18813	0.02569	0.73693	0.00275	0.00133	0.00038	0.00057	0.02610	0.00107	0.00097
14	0.02677	0.00255	0.00945	0.06883	0.51287	0.04237	0.09353	0.00329	0.03036	0.00963	0.06370	0.02725	0.03524	0.00130	0.00132	0.00036	0.06781	0.00118	0.00065	0.00154
15	0.01977	0.13978	0.01183	0.01995	0.12270	0.16971	0.00215	0.27581	0.10738	0.04199	0.00814	0.00285	0.01210	0.00134	0.01388	0.00034	0.00774	0.00095	0.04001	0.00161
16	0.00154	0.00111	0.00133	0.00139	0.00165	0.00099	0.00101	0.00186	0.00256	0.03662	0.20745	0.33071	0.36575	0.00288	0.00135	0.00040	0.00061	0.02616	0.01363	0.00099
17	0.00683	0.07251	0.13158	0.06723	0.12174	0.07957	0.08044	0.06920	0.03629	0.10088	0.02109	0.02605	0.09329	0.00149	0.00471	0.00036	0.04186	0.02694	0.01645	0.00149
18	0.00178	0.00127	0.01436	0.00152	0.00156	0.00134	0.00103	0.00175	0.00164	0.00224	0.00302	0.02968	0.00336	0.56263	0.04456	0.21151	0.10125	0.01415	0.00062	0.00073
19	0.00229	0.00210	0.00756	0.01353	0.00845	0.03755	0.09327	0.00853	0.00954	0.02496	0.10214	0.16816	0.06286	0.00226	0.00843	0.00045	0.34732	0.05513	0.01696	0.02850
20	0.04197	0.13575	0.16584	0.06117	0.03487	0.09261	0.03030	0.07792	0.15744	0.02085	0.02640	0.00283	0.00210	0.00126	0.00946	0.00033	0.03201	0.00092	0.00784	0.09813

[dist]
# distance from previous block
# <min> <max>
0	24

[block]
# block no. 14 follows, 292 sequences, length 16
# corresponding to MSA columns:
# 1395-1410
name=unknown_O
#
# <colnr> <probs for GDERKNQSTAVLIFYWHMCP>
#	G	D	E	R	K	N	Q	S	T	A	V	L	I	F	Y	W	H	M	C	P
0	0.17616	0.30908	0.06573	0.04650	0.07427	0.09558	0.00819	0.04042	0.02792	0.02002	0.00196	0.01342	0.00165	0.01623	0.00100	0.00031	0.01902	0.00078	0.00062	0.08113
