[name]
unknown

[dist]
# distance from previous block
# <min> <max>
3	333

[block]
# block no. 0 follows, 238 sequences, length 10
# corresponding to MSA columns:
# 866-871,882,889-891
name=unknown_A
#
# <colnr> <probs for GDERKNQSTAVLIFYWHMCP>
#	G	D	E	R	K	N	Q	S	T	A	V	L	I	F	Y	W	H	M	C	P
0	0.03424	0.12203	0.10564	0.04369	0.06238	0.06291	0.11913	0.08752	0.03373	0.14319	0.02916	0.03096	0.03303	0.00169	0.00837	0.00043	0.06510	0.00133	0.00094	0.01454
1	0.01605	0.05686	0.01208	0.01608	0.03575	0.09589	0.04879	0.07980	0.03476	0.04553	0.06213	0.06901	0.02961	0.01620	0.00253	0.00049	0.33413	0.02504	0.01764	0.00160
2	0.00264	0.02442	0.17570	0.04727	0.04852	0.00214	0.04954	0.01668	0.01327	0.08922	0.21596	0.12423	0.13582	0.00252	0.01821	0.00048	0.01724	0.01346	0.00110	0.00158
3	0.73285	0.01366	0.00230	0.01320	0.00285	0.02868	0.00162	0.04955	0.01242	0.05019	0.00235	0.01931	0.00186	0.01168	0.00104	0.00042	0.01372	0.00089	0.02064	0.02077
4	0.00307	0.00295	0.03152	0.10898	0.20799	0.01312	0.21321	0.05561	0.09869	0.02417	0.02563	0.09920	0.01436	0.03151	0.00173	0.00048	0.03262	0.02387	0.00949	0.00177
5	0.00253	0.00171	0.00222	0.00204	0.00237	0.00177	0.00155	0.01496	0.00288	0.09710	0.21518	0.04469	0.07189	0.21131	0.08692	0.01745	0.10422	0.07176	0.00110	0.04637
6	0.02705	0.00156	0.00218	0.01412	0.01149	0.00167	0.01776	0.00268	0.02448	0.02068	0.12756	0.14252	0.01664	0.06131	0.40065	0.00125	0.01207	0.09390	0.01916	0.00126
7	0.15692	0.01200	0.04992	0.07293	0.06162	0.03551	0.02232	0.16007	0.23853	0.11523	0.01072	0.00384	0.00277	0.00157	0.00131	0.00043	0.01501	0.00972	0.01112	0.01847
8	0.00181	0.00138	0.00174	0.00177	0.00203	0.00128	0.02556	0.00213	0.00279	0.00363	0.12100	0.26708	0.28166	0.18967	0.03997	0.00072	0.00102	0.05249	0.00116	0.00111
9	0.01419	0.05839	0.04647	0.01442	0.03838	0.02315	0.02296	0.07954	0.03490	0.03196	0.01492	0.02208	0.00238	0.00125	0.00115	0.00028	0.01102	0.00100	0.00087	0.58068

[dist]
# distance from previous block
# <min> <max>
22	37

[block]
# block no. 1 follows, 238 sequences, length 18
# corresponding to MSA columns:
# 974-981,983-992
name=unknown_B
#
# <colnr> <probs for GDERKNQSTAVLIFYWHMCP>
#	G	D	E	R	K	N	Q	S	T	A	V	L	I	F	Y	W	H	M	C	P
0	0.01635	0.01530	0.00292	0.00979	0.01044	0.02092	0.01227	0.03795	0.06966	0.17714	0.01804	0.04004	0.02159	0.01131	0.02024	0.00037	0.01208	0.03061	0.02621	0.44675
1	0.09957	0.00237	0.00264	0.00772	0.00292	0.01281	0.00177	0.20340	0.01376	0.23459	0.01844	0.02190	0.00317	0.03413	0.01071	0.00044	0.05011	0.00131	0.27091	0.00733
2	0.00252	0.00189	0.00218	0.00208	0.00253	0.00195	0.00158	0.10567	0.17784	0.01549	0.15955	0.22286	0.15721	0.02887	0.00176	0.01669	0.00093	0.06643	0.03052	0.00147
3	0.00196	0.00138	0.00185	0.00206	0.00230	0.00131	0.00160	0.00241	0.00301	0.02151	0.14662	0.40871	0.05464	0.00375	0.00175	0.00055	0.00093	0.34117	0.00129	0.00120
4	0.00199	0.00148	0.00190	0.00183	0.00221	0.00137	0.02113	0.00261	0.03023	0.02355	0.48265	0.08767	0.23933	0.00307	0.00167	0.01332	0.00078	0.08057	0.00136	0.00127
5	0.00260	0.00244	0.00399	0.88985	0.00895	0.00303	0.00365	0.00369	0.06160	0.00359	0.00260	0.00370	0.00195	0.00138	0.00135	0.00045	0.00176	0.00122	0.00065	0.00154
6	0.01077	0.06703	0.16303	0.11470	0.28876	0.05440	0.12796	0.04074	0.01784	0.03557	0.01175	0.00346	0.01503	0.00139	0.00791	0.00042	0.01329	0.00121	0.00073	0.02401
7	0.00291	0.02055	0.26148	0.00301	0.02176	0.01036	0.09031	0.04140	0.01177	0.01779	0.08107	0.00371	0.01664	0.00133	0.00122	0.00033	0.00141	0.00113	0.00082	0.41098
8	0.03444	0.00274	0.00311	0.00259	0.00345	0.01158	0.00208	0.19042	0.32001	0.30199	0.02125	0.02480	0.01820	0.02111	0.01414	0.00048	0.00121	0.02289	0.00142	0.00208
9	0.00203	0.01446	0.00198	0.02938	0.03022	0.00142	0.00147	0.00251	0.01975	0.03446	0.27646	0.41560	0.09769	0.00967	0.01763	0.01114	0.00087	0.01774	0.01427	0.00126
10	0.01289	0.14867	0.47249	0.03434	0.07220	0.01916	0.09270	0.04659	0.01536	0.01226	0.01626	0.00335	0.01420	0.00146	0.01176	0.00043	0.01045	0.01285	0.00068	0.00190
11	0.00204	0.00142	0.00178	0.00186	0.00216	0.00134	0.00137	0.01190	0.03323	0.04719	0.18851	0.39829	0.18653	0.00368	0.02821	0.00055	0.00088	0.07643	0.01135	0.00126
12	0.09320	0.00189	0.00220	0.01318	0.02008	0.01310	0.00158	0.03361	0.02107	0.20580	0.09321	0.09900	0.24018	0.05229	0.00180	0.01321	0.00099	0.07669	0.01543	0.00150
13	0.04669	0.09539	0.07892	0.09057	0.16800	0.09876	0.10935	0.13398	0.06723	0.05685	0.00283	0.00327	0.00217	0.00141	0.00141	0.00041	0.03882	0.00116	0.00085	0.00191
14	0.00254	0.03553	0.06957	0.06846	0.08354	0.01262	0.04938	0.02339	0.03979	0.02658	0.04085	0.10453	0.09055	0.02378	0.20221	0.00083	0.02585	0.04258	0.05594	0.00149
15	0.00181	0.00130	0.00167	0.00187	0.00208	0.00121	0.00136	0.00215	0.00286	0.01556	0.08477	0.53298	0.16604	0.02859	0.00185	0.00055	0.00085	0.15007	0.00127	0.00115
16	0.00339	0.12933	0.18820	0.08251	0.23737	0.09049	0.10483	0.01742	0.02045	0.04148	0.01481	0.01977	0.00946	0.00139	0.00136	0.00040	0.02283	0.00119	0.00072	0.01259
17	0.10599	0.08780	0.09905	0.07399	0.09584	0.11403	0.06081	0.13842	0.05162	0.09112	0.03163	0.00339	0.00246	0.00149	0.00138	0.00793	0.02913	0.00115	0.00092	0.00186

[dist]
# distance from previous block
# <min> <max>
1	25

[block]
# block no. 2 follows, 238 sequences, length 7
# corresponding to MSA columns:
# 1053-1059
name=unknown_C
#
# <colnr> <probs for GDERKNQSTAVLIFYWHMCP>
#	G	D	E	R	K	N	Q	S	T	A	V	L	I	F	Y	W	H	M	C	P
0	0.06236	0.01804	0.01464	0.08428	0.21254	0.03456	0.03764	0.17620	0.01348	0.03186	0.01646	0.07888	0.01360	0.03730	0.01777	0.00048	0.07096	0.00143	0.01357	0.06393
1	0.04250	0.02002	0.08374	0.03078	0.11018	0.02148	0.05749	0.05539	0.05515	0.06286	0.01695	0.02819	0.01661	0.01333	0.00133	0.00036	0.01465	0.01070	0.00090	0.35741
2	0.01625	0.06073	0.03107	0.00273	0.03061	0.03545	0.04007	0.06627	0.21088	0.16240	0.10204	0.03145	0.01613	0.01359	0.00142	0.00040	0.01547	0.00144	0.01070	0.15089
3	0.00277	0.00225	0.00259	0.02609	0.02047	0.05889	0.02099	0.04037	0.14265	0.05350	0.18896	0.17240	0.07191	0.04546	0.01202	0.00050	0.02328	0.03050	0.00119	0.08322
4	0.03333	0.00256	0.00412	0.64839	0.16820	0.00300	0.00355	0.02878	0.00288	0.00393	0.03394	0.00368	0.00224	0.00139	0.00140	0.00043	0.02231	0.00122	0.00068	0.03397
5	0.01730	0.00185	0.02327	0.06967	0.05982	0.00185	0.01389	0.03409	0.01704	0.02353	0.07679	0.09975	0.12598	0.13410	0.26637	0.00106	0.00185	0.02949	0.00097	0.00132
6	0.00193	0.00137	0.00170	0.00170	0.00202	0.00124	0.00126	0.00242	0.00336	0.02994	0.45283	0.18020	0.23886	0.00317	0.00161	0.00046	0.00072	0.04522	0.02875	0.00124

[dist]
# distance from previous block
# <min> <max>
4	38

[block]
# block no. 3 follows, 238 sequences, length 16
# corresponding to MSA columns:
# 1125-1133,1138-1141,1150-1152
name=unknown_D
#
# <colnr> <probs for GDERKNQSTAVLIFYWHMCP>
#	G	D	E	R	K	N	Q	S	T	A	V	L	I	F	Y	W	H	M	C	P
0	0.00314	0.05217	0.01301	0.24128	0.24258	0.03626	0.02222	0.06042	0.01584	0.03912	0.01615	0.03845	0.02065	0.03122	0.02195	0.00047	0.01966	0.02393	0.00081	0.10066
1	0.80806	0.00263	0.00217	0.00198	0.01497	0.02381	0.00902	0.00401	0.00961	0.04025	0.01130	0.02496	0.01977	0.00144	0.00097	0.00043	0.01035	0.01187	0.00089	0.00150
2	0.02716	0.00295	0.02027	0.01032	0.00343	0.02896	0.00210	0.32292	0.23485	0.10188	0.09544	0.00478	0.01731	0.00179	0.00134	0.00041	0.00825	0.00143	0.11243	0.00197
3	0.96202	0.00262	0.00199	0.00178	0.00262	0.00303	0.00146	0.00398	0.00230	0.00607	0.00188	0.00220	0.00146	0.00126	0.00084	0.00042	0.00105	0.00073	0.00084	0.00146
4	0.00320	0.00305	0.00514	0.03034	0.84566	0.00305	0.00392	0.00398	0.00307	0.00434	0.00326	0.00419	0.05232	0.00140	0.00137	0.00041	0.00155	0.02696	0.00071	0.00205
5	0.00448	0.00340	0.00371	0.01532	0.02481	0.00379	0.00245	0.57031	0.30510	0.03287	0.01702	0.00396	0.00305	0.00170	0.00136	0.00042	0.00134	0.00134	0.00135	0.00222
6	0.00248	0.00175	0.00216	0.00214	0.00252	0.00179	0.00166	0.05841	0.11236	0.04457	0.16756	0.19476	0.04508	0.07750	0.03250	0.00062	0.01197	0.21281	0.02596	0.00140
7	0.00316	0.00237	0.00276	0.00250	0.00309	0.00256	0.02099	0.17796	0.29522	0.04687	0.03794	0.22339	0.04080	0.01753	0.00162	0.00049	0.01437	0.07016	0.03449	0.00174
8	0.01507	0.00132	0.00182	0.00202	0.00219	0.00125	0.02665	0.00213	0.00266	0.01487	0.01646	0.76980	0.02124	0.03120	0.00186	0.00057	0.00089	0.08564	0.00123	0.00114
9	0.01048	0.00173	0.00209	0.00201	0.00241	0.02459	0.01005	0.03229	0.03296	0.17599	0.02064	0.39683	0.01117	0.04650	0.01348	0.00052	0.00827	0.03059	0.17596	0.00144
10	0.01602	0.00333	0.02040	0.00433	0.00497	0.02795	0.38420	0.01358	0.00264	0.00382	0.00229	0.00331	0.00195	0.00203	0.03150	0.00057	0.46290	0.00134	0.01123	0.00163
11	0.04119	0.00197	0.00242	0.00208	0.00277	0.00185	0.00164	0.03884	0.06982	0.37436	0.20358	0.07366	0.16242	0.00240	0.00146	0.00044	0.00094	0.01496	0.00146	0.00175
12	0.01259	0.00156	0.00205	0.00206	0.00244	0.00148	0.02178	0.01328	0.02872	0.06935	0.21369	0.24568	0.13407	0.00327	0.00165	0.00051	0.00092	0.22474	0.01882	0.00133
13	0.01060	0.01620	0.02212	0.00884	0.00362	0.01529	0.02419	0.07964	0.06160	0.16566	0.01316	0.02329	0.00969	0.00209	0.00299	0.00051	0.50550	0.00131	0.03196	0.00173
14	0.01138	0.00178	0.00238	0.01123	0.01988	0.01463	0.00846	0.00827	0.04444	0.02886	0.01683	0.01834	0.01429	0.19419	0.40979	0.01374	0.07856	0.10082	0.00087	0.00126
15	0.12187	0.00198	0.00230	0.00193	0.00264	0.00192	0.00154	0.03098	0.02515	0.40672	0.00455	0.02677	0.00330	0.01708	0.01383	0.00042	0.00099	0.00132	0.33293	0.00177

[dist]
# distance from previous block
# <min> <max>
2	3

[block]
# block no. 4 follows, 238 sequences, length 11
# corresponding to MSA columns:
# 1165-1172,1180-1182
name=unknown_E
#
# <colnr> <probs for GDERKNQSTAVLIFYWHMCP>
#	G	D	E	R	K	N	Q	S	T	A	V	L	I	F	Y	W	H	M	C	P
0	0.01277	0.02846	0.06551	0.05813	0.13979	0.18184	0.23228	0.05387	0.04215	0.06414	0.00295	0.00373	0.00234	0.00152	0.01304	0.00043	0.01976	0.03247	0.00082	0.04399
1	0.31042	0.16683	0.07095	0.02893	0.17455	0.16633	0.01924	0.02994	0.00296	0.00460	0.00214	0.00259	0.00175	0.00128	0.00111	0.00039	0.01266	0.00091	0.00072	0.00172
2	0.02109	0.00130	0.00187	0.00194	0.02067	0.00133	0.00130	0.00198	0.00194	0.00268	0.00297	0.04652	0.00306	0.06606	0.04557	0.71159	0.01349	0.04006	0.01381	0.00075
3	0.00196	0.00138	0.00169	0.00178	0.00207	0.00127	0.00130	0.00241	0.02011	0.03893	0.17857	0.34979	0.24199	0.04183	0.00185	0.00053	0.00081	0.08501	0.02553	0.00121
4	0.00197	0.00150	0.00179	0.00175	0.00211	0.00141	0.00130	0.04360	0.03368	0.00470	0.43061	0.18251	0.26626	0.00315	0.00161	0.00046	0.00074	0.01820	0.00137	0.00128
5	0.00178	0.00133	0.00161	0.00169	0.00194	0.00123	0.00120	0.00220	0.01484	0.00400	0.24328	0.31948	0.25545	0.08267	0.01712	0.00058	0.00082	0.02875	0.01887	0.00115
6	0.00344	0.01220	0.00357	0.00305	0.00344	0.16927	0.01616	0.06702	0.01391	0.05118	0.00269	0.01927	0.00238	0.02059	0.12998	0.00072	0.39743	0.00123	0.03794	0.04452
7	0.00218	0.01871	0.00194	0.00182	0.01732	0.02128	0.00131	0.00275	0.04766	0.03349	0.26515	0.05698	0.28731	0.15130	0.01380	0.00059	0.00093	0.01718	0.02492	0.03337
8	0.07536	0.00247	0.01799	0.02228	0.00328	0.00207	0.01108	0.03416	0.03257	0.02478	0.03434	0.00352	0.01941	0.01898	0.00122	0.00029	0.01313	0.00100	0.02910	0.65301
9	0.01424	0.14676	0.12041	0.14327	0.02841	0.08419	0.01441	0.09168	0.04167	0.01383	0.01096	0.01441	0.00233	0.00244	0.03769	0.19873	0.00927	0.00114	0.02264	0.00152
10	0.06954	0.00216	0.00270	0.00220	0.00301	0.00200	0.00177	0.02692	0.01231	0.49076	0.08364	0.02981	0.03710	0.04368	0.00168	0.00045	0.03282	0.03013	0.03284	0.09449

[dist]
# distance from previous block
# <min> <max>
16	39

[block]
# block no. 5 follows, 238 sequences, length 21
# corresponding to MSA columns:
# 1276-1295,1298
name=unknown_F
#
# <colnr> <probs for GDERKNQSTAVLIFYWHMCP>
#	G	D	E	R	K	N	Q	S	T	A	V	L	I	F	Y	W	H	M	C	P
0	0.22150	0.05748	0.08639	0.03888	0.03646	0.03615	0.11790	0.06416	0.14771	0.02956	0.06216	0.04070	0.00847	0.00171	0.01099	0.00044	0.00555	0.00956	0.00847	0.01576
1	0.00822	0.00253	0.03189	0.28575	0.02279	0.00260	0.14579	0.05099	0.09972	0.03552	0.04101	0.13994	0.03217	0.03328	0.01678	0.00052	0.00152	0.04643	0.00096	0.00159
2	0.00193	0.00139	0.00183	0.00186	0.00204	0.00146	0.00133	0.00226	0.01486	0.00320	0.05110	0.07955	0.09512	0.27075	0.39806	0.04219	0.00213	0.02697	0.00090	0.00108
3	0.00843	0.43946	0.02287	0.00240	0.00325	0.04293	0.02780	0.06444	0.03380	0.02400	0.05756	0.06056	0.09147	0.02520	0.02651	0.00045	0.02087	0.03990	0.00648	0.00161
4	0.00293	0.01087	0.00626	0.00462	0.00564	0.00307	0.64333	0.01350	0.03689	0.00418	0.02027	0.07071	0.04605	0.04171	0.01024	0.00052	0.06909	0.00763	0.00080	0.00167
5	0.00296	0.02116	0.00321	0.02537	0.06758	0.03325	0.01409	0.02488	0.03765	0.00440	0.00287	0.00329	0.02953	0.00135	0.01887	0.00030	0.01749	0.00096	0.00082	0.68997
6	0.00319	0.04691	0.07206	0.01150	0.02785	0.04442	0.03111	0.08885	0.11433	0.11223	0.11526	0.17253	0.07386	0.01156	0.00838	0.00047	0.02356	0.02628	0.00794	0.00774
7	0.00263	0.08205	0.14429	0.04745	0.01732	0.03452	0.09450	0.00333	0.01254	0.03786	0.02201	0.11998	0.02899	0.05713	0.24573	0.00094	0.03021	0.01622	0.00082	0.00149
8	0.03225	0.00269	0.01408	0.00254	0.00348	0.00266	0.00209	0.21042	0.15213	0.45608	0.02716	0.02447	0.01817	0.00182	0.00136	0.00043	0.00118	0.01941	0.02545	0.00213
9	0.02090	0.00271	0.02198	0.01185	0.02462	0.03336	0.03875	0.19939	0.03672	0.36069	0.08039	0.08180	0.01310	0.03413	0.01643	0.00049	0.00131	0.01808	0.00135	0.00194
10	0.01678	0.03958	0.11257	0.04988	0.10956	0.07609	0.11963	0.09791	0.10097	0.12569	0.02620	0.02437	0.05632	0.02337	0.00153	0.00044	0.01125	0.00498	0.00100	0.00188
11	0.00212	0.00127	0.00173	0.00183	0.00194	0.00123	0.00126	0.00209	0.02303	0.02044	0.02823	0.34415	0.04604	0.04813	0.00355	0.43403	0.00101	0.03606	0.00095	0.00091
12	0.00169	0.00120	0.00157	0.00186	0.00197	0.00112	0.00126	0.00195	0.00264	0.00352	0.01830	0.83491	0.05507	0.01642	0.00177	0.00055	0.00080	0.03230	0.01999	0.00111
13	0.05102	0.01325	0.03270	0.11473	0.23124	0.04442	0.19666	0.11473	0.04184	0.05552	0.02174	0.03400	0.01312	0.00159	0.00965	0.00045	0.01047	0.01013	0.00088	0.00188
14	0.03320	0.01927	0.02106	0.17705	0.02649	0.18595	0.14209	0.08146	0.04620	0.06081	0.00858	0.03829	0.00250	0.02800	0.01826	0.00709	0.09985	0.00132	0.00084	0.00168
15	0.00193	0.00138	0.00153	0.00154	0.00173	0.00131	0.00100	0.00219	0.02679	0.01786	0.02318	0.09910	0.28230	0.50874	0.00441	0.00092	0.00105	0.01076	0.01128	0.00101
16	0.01754	0.00257	0.00380	0.18746	0.21453	0.01198	0.03362	0.09889	0.01154	0.12476	0.03812	0.13321	0.02455	0.00952	0.01955	0.00049	0.05204	0.00671	0.00099	0.00813
17	0.00938	0.06412	0.02707	0.06891	0.15748	0.04677	0.07256	0.08953	0.15186	0.07929	0.03964	0.06467	0.07241	0.00197	0.01126	0.00045	0.01903	0.02073	0.00104	0.00183
18	0.01360	0.00258	0.01335	0.02233	0.01308	0.01837	0.15858	0.09145	0.09360	0.27426	0.13229	0.05968	0.05304	0.00205	0.00148	0.00045	0.00130	0.04535	0.00129	0.00185
19	0.02410	0.00622	0.00379	0.00342	0.00414	0.88282	0.00258	0.03748	0.00389	0.01655	0.00217	0.00249	0.00178	0.00140	0.00122	0.00035	0.00236	0.00089	0.00074	0.00160
20	0.03432	0.02335	0.27365	0.06604	0.09479	0.02889	0.06956	0.07630	0.01980	0.12626	0.01001	0.02360	0.01184	0.00743	0.01571	0.00046	0.05391	0.01737	0.00087	0.04581

[dist]
# distance from previous block
# <min> <max>
15	26

[block]
# block no. 6 follows, 238 sequences, length 14
# corresponding to MSA columns:
# 1411,1412,1414-1419,1424,1427-1431
name=unknown_G
#
# <colnr> <probs for GDERKNQSTAVLIFYWHMCP>
#	G	D	E	R	K	N	Q	S	T	A	V	L	I	F	Y	W	H	M	C	P
0	0.00280	0.01902	0.00256	0.00227	0.00282	0.02579	0.02016	0.05932	0.29643	0.04119	0.15362	0.13889	0.11472	0.07292	0.00189	0.00052	0.00103	0.02769	0.00128	0.01507
1	0.03245	0.02349	0.23340	0.02917	0.12625	0.01081	0.09536	0.04221	0.04541	0.04531	0.00321	0.04227	0.01393	0.00167	0.02437	0.00043	0.00157	0.01865	0.01032	0.19973
2	0.03683	0.00362	0.19724	0.03374	0.13265	0.01382	0.07564	0.06157	0.01772	0.20812	0.03268	0.00397	0.03419	0.00147	0.00134	0.00040	0.01147	0.00125	0.00099	0.13131
3	0.61150	0.05058	0.01448	0.00240	0.01943	0.14765	0.02434	0.03904	0.01269	0.02393	0.00212	0.00244	0.00166	0.00131	0.00103	0.00040	0.01661	0.00083	0.00083	0.02671
4	0.03613	0.03230	0.07998	0.05652	0.04681	0.03484	0.03164	0.16412	0.21031	0.05988	0.02063	0.03038	0.06905	0.00197	0.00141	0.00044	0.00711	0.09149	0.00639	0.01858
5	0.01818	0.01244	0.02265	0.01613	0.03502	0.05223	0.00225	0.25759	0.21130	0.02095	0.00952	0.02019	0.00273	0.00150	0.00129	0.00036	0.01695	0.00118	0.00108	0.29648
6	0.00173	0.00121	0.00160	0.00185	0.00196	0.00113	0.00126	0.00194	0.00260	0.00346	0.04028	0.74500	0.05757	0.02423	0.00209	0.07107	0.00083	0.03789	0.00120	0.00107
7	0.12045	0.06848	0.01744	0.01010	0.06648	0.03541	0.01539	0.11534	0.10161	0.13545	0.02761	0.12069	0.06538	0.00903	0.05310	0.00054	0.01541	0.01926	0.00112	0.00174
8	0.01551	0.16928	0.26464	0.12140	0.03999	0.04083	0.06023	0.09243	0.02352	0.10065	0.02394	0.00333	0.00231	0.00151	0.01204	0.00043	0.02414	0.00112	0.00082	0.00189
9	0.00177	0.00130	0.00165	0.00184	0.00202	0.00123	0.00128	0.00219	0.03451	0.00380	0.13079	0.62517	0.11200	0.03623	0.00186	0.00055	0.00080	0.03856	0.00127	0.00116
10	0.00286	0.00161	0.00197	0.00178	0.00231	0.00143	0.00137	0.01521	0.00343	0.23266	0.23394	0.08479	0.33737	0.02051	0.00163	0.00046	0.00082	0.01845	0.03594	0.00147
11	0.03558	0.24474	0.29763	0.01762	0.04362	0.07298	0.05286	0.06468	0.02473	0.04361	0.03368	0.02700	0.01568	0.01107	0.00130	0.00040	0.00906	0.00115	0.00078	0.00183
12	0.00272	0.00219	0.00328	0.02348	0.01565	0.01602	0.15630	0.06500	0.01856	0.06220	0.04196	0.20959	0.07310	0.12553	0.04528	0.00068	0.06675	0.06925	0.00105	0.00143
13	0.70938	0.00252	0.00221	0.00191	0.00276	0.00279	0.00156	0.02188	0.02705	0.15957	0.00302	0.00311	0.03371	0.00143	0.00097	0.00042	0.00105	0.00095	0.02210	0.00162

[dist]
# distance from previous block
# <min> <max>
0	1

[block]
# block no. 7 follows, 238 sequences, length 10
# corresponding to MSA columns:
# 1433,1434,1452-1459
name=unknown_H
#
# <colnr> <probs for GDERKNQSTAVLIFYWHMCP>
#	G	D	E	R	K	N	Q	S	T	A	V	L	I	F	Y	W	H	M	C	P
0	0.04519	0.04159	0.09077	0.10538	0.16891	0.11204	0.04708	0.12567	0.08038	0.10960	0.00334	0.03539	0.00265	0.00157	0.00133	0.00042	0.00161	0.02420	0.00095	0.00191
1	0.00309	0.29285	0.13642	0.37455	0.03423	0.03528	0.04178	0.00393	0.01423	0.01708	0.00236	0.00313	0.00189	0.01829	0.00135	0.00041	0.01576	0.00105	0.00063	0.00168
2	0.03273	0.03640	0.02212	0.00265	0.05039	0.01833	0.06724	0.03689	0.04280	0.06078	0.16238	0.03590	0.07038	0.00965	0.00136	0.00037	0.00113	0.03844	0.00105	0.30900
3	0.01280	0.11877	0.09586	0.11311	0.28018	0.01077	0.01290	0.05329	0.06593	0.06041	0.00334	0.03134	0.01455	0.02538	0.03848	0.00051	0.02509	0.03463	0.00083	0.00185
4	0.01414	0.03630	0.02204	0.01214	0.00287	0.06485	0.02492	0.09732	0.03475	0.02705	0.10119	0.13048	0.10044	0.10596	0.12735	0.00990	0.05893	0.02059	0.00739	0.00141
5	0.00555	0.00266	0.00331	0.00257	0.00358	0.00257	0.00211	0.23328	0.05250	0.63512	0.03887	0.00450	0.00347	0.00171	0.00137	0.00042	0.00121	0.00137	0.00157	0.00226
6	0.01048	0.01240	0.00308	0.00252	0.00321	0.02368	0.03996	0.23195	0.11651	0.03903	0.05673	0.01203	0.00340	0.01164	0.01504	0.19682	0.02330	0.03517	0.03217	0.13087
7	0.02194	0.38900	0.04819	0.01635	0.02264	0.02295	0.03842	0.03055	0.05443	0.02682	0.06424	0.03281	0.00298	0.01419	0.00122	0.00034	0.01397	0.00111	0.00081	0.19702
8	0.02313	0.00157	0.00185	0.00170	0.00216	0.00146	0.00129	0.01435	0.03054	0.12028	0.37661	0.03822	0.22201	0.02286	0.00157	0.00044	0.00076	0.00219	0.13563	0.00140
9	0.01260	0.00134	0.00167	0.00173	0.00191	0.00128	0.00120	0.00225	0.00282	0.01684	0.25835	0.25148	0.07535	0.25831	0.01618	0.02241	0.00096	0.05978	0.01246	0.00110

[dist]
# distance from previous block
# <min> <max>
11	25

[block]
# block no. 8 follows, 238 sequences, length 6
# corresponding to MSA columns:
# 1501-1505,1507
name=unknown_I
#
# <colnr> <probs for GDERKNQSTAVLIFYWHMCP>
#	G	D	E	R	K	N	Q	S	T	A	V	L	I	F	Y	W	H	M	C	P
0	0.00246	0.00189	0.00230	0.01939	0.01392	0.00172	0.01262	0.01443	0.02948	0.01586	0.03526	0.04939	0.05495	0.22767	0.06604	0.00068	0.01652	0.02152	0.07993	0.33397
1	0.00326	0.00294	0.00404	0.16724	0.21872	0.02962	0.03308	0.11348	0.02657	0.00468	0.00259	0.00320	0.00207	0.00127	0.00136	0.00035	0.04065	0.00107	0.00080	0.34301
2	0.00236	0.00178	0.00204	0.00196	0.00238	0.00180	0.00148	0.08842	0.14108	0.00482	0.21125	0.21090	0.18426	0.02764	0.00168	0.00049	0.00087	0.04772	0.06566	0.00142
3	0.00231	0.00171	0.00194	0.00207	0.00231	0.06822	0.00150	0.00263	0.00283	0.06978	0.03361	0.54123	0.03250	0.07321	0.03383	0.00064	0.00112	0.12615	0.00120	0.00123
4	0.00219	0.00156	0.00193	0.00187	0.00219	0.00152	0.00137	0.06881	0.02219	0.02369	0.41946	0.21758	0.06254	0.10537	0.03340	0.00061	0.00094	0.03018	0.00131	0.00129
5	0.03272	0.00233	0.00295	0.00270	0.06969	0.01787	0.00198	0.06090	0.06391	0.48910	0.05611	0.05742	0.05139	0.02672	0.00152	0.00045	0.00113	0.01632	0.04284	0.00196

[dist]
# distance from previous block
# <min> <max>
0	7

[block]
# block no. 9 follows, 238 sequences, length 8
# corresponding to MSA columns:
# 1515-1519,1528-1530
name=unknown_J
#
# <colnr> <probs for GDERKNQSTAVLIFYWHMCP>
#	G	D	E	R	K	N	Q	S	T	A	V	L	I	F	Y	W	H	M	C	P
0	0.01847	0.00144	0.00181	0.04408	0.00238	0.00135	0.00138	0.00246	0.00313	0.04821	0.27788	0.26211	0.24518	0.03659	0.00180	0.00051	0.00083	0.04787	0.00129	0.00124
1	0.02853	0.74555	0.10028	0.02399	0.03267	0.04282	0.00266	0.00411	0.00280	0.00342	0.00198	0.00232	0.00174	0.00119	0.00095	0.00032	0.00154	0.00078	0.00059	0.00176
2	0.54197	0.07148	0.05838	0.00238	0.01694	0.06241	0.03092	0.05177	0.02831	0.03572	0.01384	0.00280	0.00198	0.00136	0.00106	0.00040	0.01863	0.00092	0.05714	0.00162
3	0.00204	0.00145	0.00178	0.00180	0.00209	0.00138	0.00130	0.00262	0.05598	0.04015	0.28508	0.26525	0.17554	0.09263	0.03937	0.00062	0.00093	0.02747	0.00129	0.00125
4	0.05672	0.03745	0.00403	0.00331	0.00413	0.56417	0.06604	0.06951	0.02789	0.09051	0.00258	0.00285	0.00201	0.00143	0.00132	0.00037	0.02809	0.00100	0.00085	0.03573
5	0.07472	0.00271	0.00327	0.01877	0.00343	0.01887	0.00220	0.18800	0.01408	0.27708	0.00372	0.02378	0.01723	0.04746	0.02973	0.00055	0.22600	0.00133	0.02904	0.01803
6	0.00210	0.00147	0.00176	0.00176	0.00205	0.00139	0.00124	0.01499	0.03083	0.04033	0.04783	0.27761	0.20456	0.20390	0.06381	0.02622	0.00111	0.01731	0.01567	0.04404
7	0.01699	0.00154	0.00196	0.00199	0.00220	0.01574	0.00148	0.00266	0.02201	0.05314	0.00461	0.04759	0.00477	0.24118	0.14180	0.18942	0.00156	0.21580	0.03250	0.00108

[dist]
# distance from previous block
# <min> <max>
8	27

[block]
# block no. 10 follows, 238 sequences, length 19
# corresponding to MSA columns:
# 1617-1619,1648-1650,1659-1671
name=unknown_K
#
# <colnr> <probs for GDERKNQSTAVLIFYWHMCP>
#	G	D	E	R	K	N	Q	S	T	A	V	L	I	F	Y	W	H	M	C	P
0	0.00265	0.00222	0.02403	0.05212	0.06888	0.01524	0.03676	0.01503	0.04133	0.04670	0.04791	0.13372	0.05653	0.09947	0.04618	0.01836	0.01995	0.03623	0.01173	0.22497
1	0.00200	0.00145	0.00172	0.00167	0.00205	0.00133	0.00125	0.02312	0.00335	0.03494	0.34756	0.09561	0.39188	0.00999	0.01242	0.01625	0.00873	0.02360	0.01984	0.00125
2	0.02799	0.09188	0.07449	0.02209	0.09400	0.03355	0.03371	0.05598	0.03048	0.05776	0.01343	0.04720	0.00256	0.00677	0.01549	0.00045	0.24131	0.00743	0.00082	0.14262
3	0.01864	0.00251	0.02403	0.00229	0.00331	0.00217	0.00778	0.11714	0.02348	0.28907	0.09454	0.01471	0.01405	0.00168	0.01460	0.00036	0.00113	0.00127	0.01186	0.35536
4	0.02645	0.11396	0.20804	0.03245	0.02569	0.05794	0.05680	0.03754	0.02307	0.02493	0.00278	0.04133	0.00246	0.03207	0.07907	0.01613	0.20180	0.00944	0.00640	0.00165
5	0.00323	0.25367	0.30289	0.05906	0.07910	0.05072	0.08703	0.01868	0.00290	0.01108	0.00789	0.00303	0.00195	0.00140	0.00155	0.00041	0.10099	0.01198	0.00063	0.00181
6	0.00174	0.00124	0.00158	0.00179	0.00193	0.00116	0.00123	0.00203	0.00272	0.00364	0.08427	0.62862	0.10103	0.08436	0.00212	0.00059	0.00082	0.04354	0.03447	0.00111
7	0.01689	0.01240	0.00335	0.03157	0.01125	0.03140	0.00225	0.25636	0.34910	0.17348	0.04604	0.01759	0.00974	0.00184	0.00662	0.00044	0.01804	0.00144	0.00813	0.00208
8	0.00192	0.00138	0.00180	0.00192	0.00217	0.00128	0.01678	0.00230	0.01183	0.02799	0.08347	0.54278	0.13401	0.03089	0.02274	0.00057	0.00091	0.07375	0.01699	0.02453
9	0.00235	0.00169	0.00202	0.00182	0.00232	0.00155	0.00137	0.01620	0.06949	0.05556	0.39600	0.06341	0.15120	0.07479	0.00189	0.00048	0.00083	0.01951	0.01249	0.12501
10	0.01044	0.03153	0.04868	0.28039	0.07313	0.04953	0.09104	0.02971	0.02405	0.01985	0.00875	0.02501	0.00743	0.01039	0.08442	0.00062	0.18342	0.01221	0.00779	0.00161
11	0.01729	0.01569	0.00331	0.01137	0.00825	0.22534	0.01461	0.06608	0.04419	0.11644	0.01416	0.11213	0.01154	0.02019	0.01906	0.01984	0.19948	0.01378	0.03510	0.03216
12	0.00183	0.00127	0.00154	0.00166	0.00173	0.00123	0.00104	0.00198	0.00234	0.00312	0.04321	0.35752	0.05052	0.48823	0.02560	0.00097	0.00111	0.01311	0.00103	0.00097
13	0.00256	0.02322	0.00332	0.20108	0.20756	0.01655	0.01340	0.02033	0.03064	0.02030	0.07217	0.25260	0.04767	0.02995	0.00165	0.00049	0.00128	0.05271	0.00098	0.00153
14	0.00881	0.16688	0.16106	0.05165	0.32904	0.05575	0.04546	0.11196	0.01566	0.01435	0.00252	0.00305	0.00201	0.00129	0.00127	0.00039	0.00785	0.00108	0.00074	0.01918
15	0.00221	0.00153	0.00207	0.00211	0.00236	0.00157	0.01192	0.01268	0.00270	0.05849	0.01685	0.34448	0.07433	0.09985	0.13971	0.00085	0.05618	0.15225	0.01664	0.00123
16	0.00226	0.00148	0.00186	0.00193	0.00221	0.00142	0.00139	0.00284	0.07352	0.08855	0.09997	0.46491	0.08831	0.10015	0.00218	0.00059	0.00090	0.06296	0.00128	0.00129
17	0.03797	0.02178	0.01993	0.08444	0.18877	0.04466	0.07360	0.27998	0.04782	0.04353	0.02772	0.03612	0.01212	0.02022	0.00152	0.00044	0.01886	0.01689	0.00877	0.01483
18	0.33219	0.01162	0.00310	0.00265	0.01087	0.27551	0.02228	0.10110	0.03312	0.06249	0.00259	0.00298	0.00205	0.03013	0.01738	0.00044	0.01172	0.00097	0.01064	0.06617

[dist]
# distance from previous block
# <min> <max>
2	59

[block]
# block no. 11 follows, 238 sequences, length 11
# corresponding to MSA columns:
# 1733,1734,1738-1741,1743-1747
name=unknown_L
#
# <colnr> <probs for GDERKNQSTAVLIFYWHMCP>
#	G	D	E	R	K	N	Q	S	T	A	V	L	I	F	Y	W	H	M	C	P
0	0.72570	0.00255	0.00223	0.00192	0.00277	0.00282	0.00157	0.04098	0.00276	0.15202	0.02690	0.00310	0.02722	0.00143	0.00098	0.00042	0.00106	0.00095	0.00102	0.00161
1	0.02199	0.00199	0.00255	0.00218	0.00288	0.00185	0.00172	0.04662	0.03863	0.46183	0.11545	0.12897	0.06733	0.03002	0.00162	0.00047	0.00102	0.05099	0.02007	0.00181
2	0.00218	0.00150	0.00180	0.00171	0.00213	0.00137	0.00130	0.01351	0.02351	0.07056	0.38499	0.04568	0.33061	0.03315	0.02822	0.00052	0.00084	0.03788	0.01722	0.00131
3	0.00193	0.00143	0.00186	0.00183	0.00215	0.00132	0.02199	0.00247	0.02078	0.02219	0.41612	0.23583	0.19481	0.02711	0.00176	0.00049	0.00078	0.04256	0.00134	0.00124
4	0.24883	0.00222	0.00231	0.00208	0.00273	0.00238	0.00163	0.04875	0.19171	0.13174	0.07901	0.06930	0.02464	0.02934	0.01758	0.00049	0.00104	0.03172	0.11088	0.00165
5	0.02147	0.00274	0.00313	0.00257	0.00345	0.00287	0.00206	0.23568	0.28899	0.29469	0.06838	0.00522	0.05884	0.00188	0.00138	0.00043	0.00115	0.00153	0.00145	0.00210
6	0.00244	0.03193	0.00226	0.00203	0.00248	0.01252	0.00155	0.00360	0.19414	0.04633	0.31541	0.21264	0.07267	0.01368	0.00159	0.00047	0.00087	0.04451	0.01666	0.02221
7	0.05218	0.23997	0.02657	0.00278	0.01383	0.04946	0.00238	0.39994	0.10073	0.03641	0.00311	0.00322	0.00237	0.00165	0.01967	0.00041	0.00147	0.00109	0.04076	0.00199
8	0.04643	0.01348	0.12102	0.06477	0.07013	0.03497	0.16432	0.09471	0.06947	0.06842	0.02797	0.02173	0.05787	0.00180	0.01988	0.00046	0.03400	0.01218	0.01319	0.06320
9	0.05402	0.00320	0.05343	0.04602	0.07252	0.04353	0.03426	0.23926	0.16770	0.04341	0.03687	0.03804	0.05987	0.00192	0.00160	0.02302	0.04494	0.01100	0.01081	0.01459
10	0.20352	0.07346	0.03938	0.01049	0.00352	0.22468	0.02046	0.06405	0.01306	0.16938	0.03795	0.04140	0.03569	0.00181	0.01471	0.00043	0.02368	0.01098	0.00101	0.01034

[dist]
# distance from previous block
# <min> <max>
38	108

[block]
# block no. 12 follows, 238 sequences, length 14
# corresponding to MSA columns:
# 1945-1948,1950-1954,1956,1959-1962
name=unknown_M
#
# <colnr> <probs for GDERKNQSTAVLIFYWHMCP>
#	G	D	E	R	K	N	Q	S	T	A	V	L	I	F	Y	W	H	M	C	P
0	0.00340	0.05053	0.25076	0.16140	0.07819	0.06664	0.02654	0.03008	0.01689	0.14498	0.00353	0.07028	0.01793	0.01796	0.03170	0.00050	0.01683	0.00920	0.00087	0.00180
1	0.21467	0.00324	0.01390	0.01147	0.00364	0.06168	0.01488	0.37862	0.03441	0.17075	0.02903	0.00399	0.03180	0.00166	0.00126	0.00042	0.00134	0.02002	0.00123	0.00196
2	0.00225	0.00145	0.00178	0.00177	0.00209	0.00141	0.02070	0.01153	0.02216	0.02697	0.13421	0.20850	0.12413	0.00284	0.00999	0.02151	0.01361	0.06492	0.32692	0.00126
3	0.02766	0.00140	0.00178	0.00190	0.00211	0.00141	0.00141	0.00228	0.00264	0.00360	0.06749	0.26105	0.11350	0.17274	0.14213	0.00091	0.00992	0.17523	0.00972	0.00112
4	0.02950	0.23405	0.31209	0.04553	0.05741	0.05068	0.09654	0.01790	0.02815	0.02840	0.00278	0.06036	0.00235	0.00147	0.00129	0.00040	0.01869	0.00120	0.00939	0.00181
5	0.00199	0.00148	0.00203	0.00202	0.00226	0.00162	0.00151	0.01923	0.02305	0.00349	0.09991	0.07747	0.02570	0.13377	0.59626	0.00165	0.00264	0.00183	0.00089	0.00119
6	0.00207	0.00139	0.00204	0.00211	0.02037	0.00152	0.00152	0.00224	0.00212	0.00298	0.00363	0.03992	0.01515	0.06533	0.54212	0.26075	0.00256	0.01527	0.01589	0.00103
7	0.01330	0.00222	0.01868	0.07121	0.06014	0.01213	0.05474	0.03913	0.03046	0.20477	0.06205	0.13384	0.10285	0.02838	0.02181	0.00053	0.03199	0.10219	0.00797	0.00163
8	0.02234	0.29265	0.16027	0.07901	0.12313	0.03608	0.06070	0.04463	0.01614	0.08589	0.00277	0.02439	0.00225	0.00151	0.01221	0.00041	0.02064	0.01234	0.00077	0.00185
9	0.04739	0.08687	0.00424	0.26976	0.11638	0.08418	0.01691	0.17157	0.02908	0.07283	0.01262	0.00361	0.00233	0.01533	0.00149	0.00043	0.04153	0.01333	0.00829	0.00181
10	0.26992	0.02775	0.00375	0.14407	0.19024	0.10722	0.03530	0.03756	0.00291	0.01676	0.00270	0.06585	0.00240	0.00161	0.00144	0.00043	0.06836	0.01929	0.00079	0.00165
11	0.01232	0.00144	0.00194	0.00187	0.00211	0.00140	0.00135	0.01603	0.01356	0.10895	0.08075	0.08728	0.05479	0.04683	0.03493	0.45698	0.00115	0.04857	0.02671	0.00104
12	0.00194	0.00142	0.00171	0.00180	0.00207	0.00134	0.00128	0.04620	0.01650	0.01602	0.10477	0.47432	0.24237	0.05136	0.00191	0.00054	0.00082	0.02153	0.01089	0.00120
13	0.00301	0.00294	0.00498	0.20454	0.02471	0.02229	0.32288	0.03114	0.10472	0.01701	0.03285	0.03488	0.00990	0.05274	0.00210	0.00051	0.10882	0.00902	0.00082	0.01016

[dist]
# distance from previous block
# <min> <max>
11	69

[block]
# block no. 13 follows, 238 sequences, length 9
# corresponding to MSA columns:
# 2063-2071
name=unknown_N
#
# <colnr> <probs for GDERKNQSTAVLIFYWHMCP>
#	G	D	E	R	K	N	Q	S	T	A	V	L	I	F	Y	W	H	M	C	P
0	0.15997	0.00313	0.02253	0.00277	0.03841	0.01546	0.00220	0.40882	0.10641	0.07881	0.02926	0.00407	0.04535	0.00166	0.00126	0.00041	0.00126	0.00127	0.05036	0.02660
1	0.26824	0.03752	0.02167	0.04621	0.01212	0.20597	0.04174	0.08520	0.04554	0.12415	0.01164	0.00347	0.00237	0.04451	0.00150	0.00045	0.02274	0.00939	0.01389	0.00170
2	0.31581	0.00256	0.00289	0.16968	0.05498	0.03477	0.00220	0.06335	0.01734	0.06212	0.00305	0.06100	0.00264	0.02626	0.04634	0.00825	0.02427	0.02217	0.01903	0.06130
3	0.00412	0.00465	0.01909	0.06041	0.01744	0.52589	0.00243	0.06506	0.05265	0.02820	0.07710	0.02525	0.06717	0.00186	0.01212	0.00041	0.01994	0.00131	0.01331	0.00160
4	0.03374	0.00212	0.00252	0.00196	0.00289	0.00173	0.00155	0.00337	0.00292	0.07989	0.09368	0.05344	0.04801	0.01663	0.05527	0.00041	0.00111	0.00131	0.00098	0.59646
5	0.20646	0.02803	0.01273	0.17105	0.06771	0.01650	0.00880	0.05485	0.02964	0.06527	0.01379	0.07396	0.00308	0.04829	0.08794	0.01231	0.01673	0.01238	0.06893	0.00154
6	0.00311	0.07701	0.33211	0.04692	0.03079	0.04843	0.10411	0.05999	0.05138	0.03248	0.01799	0.03996	0.01943	0.01508	0.02876	0.00049	0.01172	0.03209	0.04636	0.00179
7	0.00199	0.00135	0.00175	0.00186	0.00208	0.00125	0.00131	0.00228	0.00273	0.03857	0.10306	0.51233	0.05166	0.11704	0.02169	0.02478	0.00095	0.06756	0.00119	0.04456
8	0.01313	0.06659	0.30201	0.02425	0.05834	0.01433	0.02692	0.06760	0.08816	0.04697	0.05194	0.02913	0.01201	0.02974	0.07272	0.00059	0.00168	0.06808	0.02403	0.00178

[dist]
# distance from previous block
# <min> <max>
1	628

# created by:
# /home/berkeley/.conda/envs/busco_data_prod/bin/msa2prfl.pl pipeline/OGs_align_augustus/2759/274828.fs
