[name]
unknown

[dist]
# distance from previous block
# <min> <max>
0	205

[block]
# block no. 0 follows, 226 sequences, length 28
# corresponding to MSA columns:
# 423-450
name=unknown_A
#
# <colnr> <probs for GDERKNQSTAVLIFYWHMCP>
#	G	D	E	R	K	N	Q	S	T	A	V	L	I	F	Y	W	H	M	C	P
0	0.05420	0.16249	0.19787	0.05048	0.07364	0.03988	0.04904	0.11664	0.01040	0.05508	0.07248	0.01139	0.02979	0.00765	0.00455	0.00043	0.00814	0.00819	0.01555	0.03211
1	0.08943	0.15949	0.11864	0.03694	0.08746	0.02538	0.04584	0.15864	0.06744	0.05694	0.02468	0.02887	0.02596	0.01245	0.00142	0.00043	0.01574	0.01414	0.00527	0.02482
2	0.12965	0.11730	0.12531	0.05650	0.06039	0.05345	0.04634	0.14538	0.02848	0.05742	0.03251	0.01822	0.01540	0.02817	0.00154	0.00045	0.02425	0.02537	0.01278	0.02107
3	0.05598	0.16110	0.25480	0.05461	0.04236	0.02979	0.04216	0.08399	0.02453	0.03062	0.04553	0.01406	0.02165	0.00187	0.02548	0.00443	0.01949	0.03243	0.00086	0.05424
4	0.04493	0.15102	0.26389	0.05337	0.04827	0.02423	0.05754	0.12617	0.00834	0.05168	0.03866	0.01903	0.01896	0.00188	0.01950	0.00049	0.00784	0.01983	0.00095	0.04343
5	0.02289	0.27961	0.19563	0.02534	0.02999	0.02096	0.00692	0.19388	0.00737	0.04213	0.05657	0.03487	0.01583	0.01114	0.00724	0.00046	0.01138	0.01664	0.00640	0.01475
6	0.07074	0.21189	0.25374	0.01606	0.03192	0.02824	0.01423	0.16101	0.01290	0.05068	0.02715	0.00428	0.03538	0.01406	0.00744	0.00047	0.01163	0.02733	0.00097	0.01988
7	0.06880	0.25274	0.21807	0.00319	0.04695	0.02063	0.00791	0.17245	0.02980	0.03904	0.01339	0.04609	0.00269	0.01621	0.02283	0.00046	0.00163	0.00893	0.01383	0.01433
8	0.04643	0.23684	0.18432	0.00332	0.04452	0.03115	0.02134	0.27614	0.03974	0.04502	0.01016	0.01216	0.01236	0.00155	0.00127	0.00040	0.00161	0.01271	0.01021	0.00875
9	0.08153	0.20637	0.22115	0.01489	0.03079	0.01176	0.02842	0.24115	0.00390	0.03814	0.00325	0.01989	0.02618	0.00174	0.01407	0.00044	0.01607	0.02839	0.00094	0.01093
10	0.09504	0.23820	0.16636	0.02069	0.01423	0.05636	0.03205	0.18558	0.01813	0.06560	0.01931	0.03522	0.00263	0.00168	0.01039	0.00043	0.01289	0.01375	0.00094	0.01052
11	0.08887	0.29402	0.29561	0.00321	0.04126	0.02643	0.00943	0.07423	0.02117	0.01812	0.03782	0.02459	0.01122	0.01071	0.00724	0.00042	0.01342	0.00113	0.00080	0.02029
12	0.02923	0.20868	0.32202	0.01773	0.02015	0.01530	0.03459	0.14590	0.02118	0.02346	0.04780	0.02094	0.01828	0.00751	0.02171	0.00046	0.00171	0.01402	0.01280	0.01655
13	0.03604	0.33577	0.15075	0.00262	0.00371	0.02644	0.02052	0.04022	0.00979	0.08639	0.06462	0.02078	0.11344	0.03269	0.00149	0.00043	0.01248	0.01345	0.00094	0.02747
14	0.05834	0.13255	0.15528	0.00714	0.03968	0.09784	0.01519	0.03694	0.05379	0.01840	0.06075	0.02887	0.01986	0.07974	0.03019	0.00055	0.00880	0.07746	0.00092	0.07769
15	0.08197	0.24645	0.34169	0.01720	0.02829	0.02863	0.04390	0.10445	0.03514	0.02295	0.00288	0.01501	0.01375	0.00146	0.00124	0.00041	0.00173	0.01007	0.00080	0.00197
16	0.00276	0.02703	0.31470	0.00997	0.00402	0.00742	0.02028	0.05376	0.08534	0.01871	0.08434	0.06080	0.11222	0.04413	0.00178	0.00052	0.00145	0.12962	0.00105	0.02006
17	0.00190	0.00146	0.00181	0.00175	0.00212	0.00131	0.01304	0.00244	0.00365	0.00491	0.55858	0.09262	0.30276	0.00323	0.00169	0.00047	0.00072	0.00281	0.00145	0.00129
18	0.00417	0.19314	0.04900	0.00364	0.01600	0.40656	0.14762	0.02450	0.03246	0.00396	0.02254	0.01419	0.03199	0.00154	0.00134	0.00039	0.01029	0.01259	0.00079	0.02328
19	0.00244	0.00157	0.00200	0.00185	0.00228	0.00142	0.00141	0.00308	0.01219	0.10511	0.67472	0.01865	0.14080	0.00290	0.00165	0.00046	0.00075	0.02373	0.00154	0.00144
20	0.00371	0.64680	0.20961	0.00288	0.00426	0.02448	0.01108	0.04748	0.01977	0.01530	0.00229	0.00259	0.00191	0.00129	0.00106	0.00035	0.00166	0.00088	0.00067	0.00192
21	0.00204	0.00138	0.00156	0.00156	0.00158	0.00136	0.00089	0.00208	0.00216	0.00288	0.03071	0.02935	0.03164	0.87744	0.00680	0.00131	0.00133	0.00214	0.00090	0.00089
22	0.03778	0.18165	0.53120	0.00331	0.00488	0.01690	0.01255	0.00446	0.02235	0.06942	0.05250	0.02451	0.00284	0.02805	0.00145	0.00045	0.00176	0.00120	0.00079	0.00195
23	0.00311	0.00159	0.00202	0.00186	0.00214	0.00151	0.00126	0.00318	0.00259	0.22087	0.02265	0.04707	0.01841	0.48004	0.01750	0.15389	0.00129	0.00869	0.00911	0.00122
24	0.00263	0.00234	0.02881	0.02010	0.00818	0.05551	0.00764	0.03082	0.02665	0.00345	0.02750	0.01349	0.00421	0.50526	0.05412	0.00106	0.17323	0.00762	0.02616	0.00122
25	0.01672	0.52522	0.01380	0.00271	0.00382	0.08928	0.01306	0.15448	0.04666	0.06272	0.02072	0.00306	0.00735	0.00143	0.00112	0.00035	0.00155	0.00100	0.00662	0.02833
26	0.00259	0.00220	0.00265	0.00205	0.00302	0.00174	0.02766	0.00315	0.00298	0.00435	0.01235	0.03120	0.19085	0.03748	0.01524	0.00037	0.00107	0.02504	0.01502	0.61899
27	0.03005	0.09463	0.03632	0.04481	0.15853	0.07906	0.17199	0.23371	0.03994	0.04165	0.01604	0.00361	0.00247	0.00150	0.00147	0.00043	0.02445	0.00697	0.01031	0.00205

[dist]
# distance from previous block
# <min> <max>
1	2

[block]
# block no. 1 follows, 226 sequences, length 11
# corresponding to MSA columns:
# 453,458-467
name=unknown_B
#
# <colnr> <probs for GDERKNQSTAVLIFYWHMCP>
#	G	D	E	R	K	N	Q	S	T	A	V	L	I	F	Y	W	H	M	C	P
0	0.06102	0.07592	0.08947	0.04820	0.05705	0.11970	0.03348	0.06995	0.03935	0.05371	0.08945	0.02005	0.16802	0.00211	0.00699	0.00045	0.02788	0.01411	0.01421	0.00886
1	0.00370	0.82099	0.00699	0.00257	0.00368	0.02559	0.02735	0.00416	0.00286	0.00336	0.00211	0.00262	0.00196	0.02568	0.02482	0.00040	0.03793	0.00086	0.00062	0.00177
2	0.00225	0.00199	0.07429	0.00209	0.01439	0.00177	0.00157	0.02217	0.00243	0.00342	0.05003	0.00753	0.00471	0.52870	0.21360	0.00137	0.02510	0.00181	0.03965	0.00115
3	0.03465	0.06443	0.08093	0.03673	0.01946	0.06969	0.05787	0.01126	0.04377	0.03659	0.00305	0.04899	0.01998	0.04542	0.02412	0.02248	0.37675	0.00141	0.00078	0.00164
4	0.48862	0.00296	0.01645	0.00245	0.00342	0.01737	0.04289	0.12064	0.03596	0.21454	0.01545	0.00348	0.00246	0.02613	0.00131	0.00046	0.00127	0.00111	0.00115	0.00187
5	0.00192	0.00154	0.00173	0.00178	0.00212	0.02075	0.00131	0.00240	0.02133	0.00421	0.21790	0.21873	0.40595	0.03071	0.01668	0.00055	0.00087	0.04691	0.00134	0.00124
6	0.00334	0.00345	0.04964	0.09000	0.67654	0.03025	0.02963	0.00419	0.00318	0.00446	0.00319	0.00398	0.04340	0.00142	0.00147	0.00043	0.02093	0.00133	0.02710	0.00207
7	0.01665	0.00319	0.00402	0.19336	0.17251	0.12543	0.05298	0.03505	0.08577	0.05344	0.01641	0.06062	0.05529	0.01033	0.00157	0.00046	0.01862	0.04956	0.00096	0.04379
8	0.00191	0.00139	0.00183	0.00201	0.00215	0.00134	0.01492	0.02342	0.00272	0.00363	0.00709	0.67641	0.03059	0.15215	0.04633	0.00077	0.00110	0.02786	0.00121	0.00116
9	0.00192	0.00139	0.00174	0.00194	0.00213	0.00133	0.00135	0.01527	0.03768	0.00391	0.04735	0.65473	0.10292	0.05689	0.00206	0.00060	0.00087	0.03609	0.02864	0.00122
10	0.05830	0.00330	0.02749	0.15867	0.07679	0.06788	0.25928	0.03633	0.06423	0.05346	0.04258	0.05834	0.01801	0.01103	0.00168	0.00048	0.03864	0.02079	0.00092	0.00180

[dist]
# distance from previous block
# <min> <max>
5	31

[block]
# block no. 2 follows, 226 sequences, length 14
# corresponding to MSA columns:
# 535-548
name=unknown_C
#
# <colnr> <probs for GDERKNQSTAVLIFYWHMCP>
#	G	D	E	R	K	N	Q	S	T	A	V	L	I	F	Y	W	H	M	C	P
0	0.05695	0.06917	0.07406	0.00971	0.05002	0.04388	0.07945	0.07856	0.06828	0.05509	0.03388	0.17647	0.00882	0.01006	0.00726	0.00047	0.07915	0.00712	0.00102	0.09059
1	0.01822	0.03082	0.00196	0.00185	0.00208	0.00153	0.00130	0.00240	0.01817	0.00382	0.17975	0.26316	0.09101	0.22455	0.03769	0.07453	0.01000	0.02212	0.00114	0.01390
2	0.02673	0.40693	0.05718	0.00306	0.00404	0.26698	0.02516	0.04065	0.00330	0.01497	0.01184	0.01035	0.00206	0.00152	0.00150	0.01204	0.08990	0.00097	0.00072	0.02010
3	0.00272	0.00188	0.00227	0.01642	0.00273	0.00189	0.00165	0.06433	0.14623	0.08345	0.07652	0.42324	0.08703	0.01425	0.01961	0.00055	0.00101	0.01462	0.02158	0.01800
4	0.14077	0.03534	0.01256	0.03243	0.01034	0.02359	0.01336	0.47875	0.02536	0.10343	0.01799	0.00355	0.00256	0.00194	0.02903	0.00049	0.05708	0.00123	0.00122	0.00902
5	0.18866	0.09059	0.28247	0.00323	0.04163	0.01738	0.03665	0.04387	0.02249	0.20062	0.01499	0.02010	0.00250	0.00150	0.00126	0.00043	0.00156	0.00116	0.00099	0.02792
6	0.00182	0.00132	0.00169	0.00190	0.00207	0.00123	0.00132	0.00213	0.00290	0.00384	0.10996	0.60491	0.10901	0.08326	0.00224	0.00062	0.00087	0.06645	0.00130	0.00116
7	0.00452	0.00250	0.00302	0.00249	0.00334	0.00250	0.00200	0.12176	0.21188	0.38319	0.19909	0.00621	0.03309	0.00208	0.00148	0.00045	0.00110	0.00173	0.01546	0.00210
8	0.03114	0.64131	0.14038	0.00299	0.02118	0.05410	0.04034	0.02066	0.00305	0.02143	0.00221	0.00255	0.00187	0.00128	0.00108	0.00035	0.01065	0.00088	0.00066	0.00187
9	0.01722	0.01441	0.06415	0.00221	0.00264	0.00176	0.00177	0.00300	0.05615	0.07032	0.02492	0.45720	0.15328	0.02826	0.01860	0.00059	0.03921	0.04165	0.00125	0.00141
10	0.00198	0.00154	0.00172	0.00173	0.00215	0.00140	0.00130	0.00261	0.06083	0.02402	0.15508	0.14078	0.53815	0.01527	0.00176	0.00051	0.00080	0.04570	0.00137	0.00130
11	0.00195	0.03079	0.00180	0.00173	0.00209	0.00140	0.00127	0.00239	0.02119	0.01995	0.10637	0.33701	0.41787	0.00359	0.00166	0.00050	0.00079	0.00311	0.04327	0.00126
12	0.08644	0.06071	0.08519	0.03157	0.07849	0.07191	0.19044	0.16079	0.00385	0.14255	0.02286	0.00359	0.00249	0.00152	0.00155	0.00044	0.05132	0.00128	0.00099	0.00201
13	0.01095	0.01890	0.02294	0.01983	0.01591	0.05290	0.68193	0.01420	0.04117	0.02201	0.00331	0.04177	0.00271	0.00152	0.00167	0.01301	0.00216	0.03044	0.00081	0.00186

[dist]
# distance from previous block
# <min> <max>
2	12

[block]
# block no. 3 follows, 226 sequences, length 7
# corresponding to MSA columns:
# 563-569
name=unknown_D
#
# <colnr> <probs for GDERKNQSTAVLIFYWHMCP>
#	G	D	E	R	K	N	Q	S	T	A	V	L	I	F	Y	W	H	M	C	P
0	0.86321	0.00282	0.00225	0.00199	0.00288	0.00326	0.00163	0.05305	0.04871	0.00648	0.00224	0.00251	0.00172	0.00137	0.00093	0.00044	0.00112	0.00084	0.00093	0.00162
1	0.02932	0.00361	0.00377	0.03129	0.00423	0.04447	0.00252	0.47050	0.33391	0.05494	0.00423	0.00409	0.00308	0.00175	0.00141	0.00044	0.00143	0.00137	0.00138	0.00227
2	0.00261	0.00196	0.00228	0.00212	0.00261	0.00202	0.00163	0.02884	0.25057	0.02334	0.46391	0.00905	0.06179	0.04350	0.00182	0.00050	0.00089	0.05224	0.04673	0.00160
3	0.00186	0.00142	0.00164	0.00162	0.00200	0.00126	0.00120	0.00235	0.00352	0.00466	0.40610	0.07726	0.44744	0.00328	0.00166	0.00047	0.00070	0.00282	0.03749	0.00126
4	0.02165	0.00315	0.02408	0.13121	0.63993	0.00317	0.01868	0.01924	0.02463	0.00455	0.00294	0.00410	0.00251	0.04967	0.00169	0.00048	0.00165	0.01577	0.02886	0.00203
5	0.00299	0.00249	0.00381	0.00308	0.00383	0.02070	0.23582	0.02913	0.14758	0.05342	0.28056	0.03955	0.05761	0.00219	0.00156	0.00046	0.00128	0.01905	0.09320	0.00170
6	0.08642	0.24946	0.13778	0.00292	0.01896	0.03494	0.03431	0.03296	0.06258	0.24077	0.02278	0.00371	0.00275	0.00151	0.00123	0.00040	0.00148	0.01327	0.00105	0.05073

[dist]
# distance from previous block
# <min> <max>
1	47

[block]
# block no. 4 follows, 226 sequences, length 13
# corresponding to MSA columns:
# 621-633
name=unknown_E
#
# <colnr> <probs for GDERKNQSTAVLIFYWHMCP>
#	G	D	E	R	K	N	Q	S	T	A	V	L	I	F	Y	W	H	M	C	P
0	0.07028	0.57283	0.14439	0.00279	0.00405	0.04437	0.02298	0.02468	0.02696	0.03545	0.00248	0.00276	0.01199	0.00133	0.00110	0.00036	0.01205	0.00091	0.00072	0.01753
1	0.00292	0.01826	0.00264	0.00205	0.00295	0.00182	0.00162	0.00363	0.03858	0.09015	0.18235	0.04170	0.10595	0.00197	0.00133	0.00034	0.00096	0.02193	0.00116	0.47770
2	0.00203	0.00145	0.00191	0.00192	0.00209	0.00155	0.00136	0.00230	0.00236	0.00324	0.02546	0.06469	0.08580	0.32959	0.40307	0.03229	0.01303	0.01257	0.01222	0.00110
3	0.35285	0.00268	0.00291	0.00234	0.00334	0.00273	0.00193	0.11123	0.00373	0.47164	0.00401	0.00376	0.00267	0.00159	0.00121	0.00043	0.00119	0.00117	0.02653	0.00207
4	0.00198	0.00138	0.00165	0.00170	0.00181	0.00134	0.00109	0.00218	0.00259	0.00348	0.15523	0.16073	0.06929	0.53004	0.03941	0.00106	0.00122	0.02172	0.00108	0.00103
5	0.00233	0.00154	0.00190	0.00192	0.00229	0.00142	0.00142	0.00288	0.03864	0.09482	0.20174	0.30687	0.24968	0.01864	0.02022	0.00056	0.00090	0.04945	0.00140	0.00137
6	0.02277	0.00340	0.00367	0.00302	0.00397	0.00380	0.01598	0.42351	0.43953	0.02180	0.00492	0.00468	0.03870	0.00186	0.00143	0.00045	0.00132	0.00149	0.00141	0.00226
7	0.02048	0.00181	0.00230	0.00205	0.00265	0.00164	0.00160	0.00399	0.02377	0.27878	0.29992	0.11324	0.08310	0.01191	0.00161	0.00047	0.00092	0.05875	0.05325	0.03776
8	0.01860	0.00137	0.00170	0.00189	0.00210	0.00128	0.00132	0.00224	0.01822	0.00402	0.14010	0.59682	0.13887	0.03422	0.00193	0.00057	0.00083	0.03139	0.00133	0.00120
9	0.02507	0.10317	0.02111	0.02485	0.00437	0.62442	0.02462	0.04113	0.01248	0.01439	0.01774	0.00297	0.00216	0.00147	0.00128	0.00037	0.01037	0.01054	0.00079	0.05670
10	0.00197	0.00143	0.00185	0.00207	0.00222	0.00141	0.00146	0.02448	0.02012	0.00381	0.02630	0.65430	0.04540	0.06474	0.02285	0.01751	0.01950	0.08611	0.00126	0.00120
11	0.11583	0.05004	0.05581	0.05403	0.06249	0.11404	0.12495	0.04791	0.16388	0.06489	0.01379	0.00987	0.00271	0.00768	0.01533	0.00709	0.07451	0.00673	0.00654	0.00189
12	0.03764	0.01377	0.24643	0.17252	0.02115	0.01286	0.08617	0.05824	0.05744	0.06827	0.08406	0.04904	0.01117	0.00189	0.01242	0.00048	0.01799	0.01901	0.00095	0.02851

[dist]
# distance from previous block
# <min> <max>
2	29

[block]
# block no. 5 follows, 226 sequences, length 9
# corresponding to MSA columns:
# 669-671,673-676,678,679
name=unknown_F
#
# <colnr> <probs for GDERKNQSTAVLIFYWHMCP>
#	G	D	E	R	K	N	Q	S	T	A	V	L	I	F	Y	W	H	M	C	P
0	0.05432	0.00222	0.02468	0.00210	0.00277	0.00213	0.00169	0.13096	0.02658	0.16715	0.08633	0.03418	0.05188	0.03440	0.02615	0.03355	0.01224	0.00159	0.26430	0.04077
1	0.00249	0.00171	0.00206	0.01847	0.00252	0.00162	0.00151	0.05796	0.02338	0.08459	0.21388	0.14009	0.31551	0.03647	0.03555	0.00058	0.00101	0.05780	0.00137	0.00142
2	0.03438	0.05548	0.19579	0.04957	0.28372	0.01293	0.12769	0.05875	0.02860	0.07024	0.02589	0.01500	0.01601	0.00151	0.00141	0.00044	0.00174	0.01793	0.00086	0.00204
3	0.05556	0.14011	0.16073	0.00399	0.06527	0.01522	0.21063	0.09804	0.06791	0.08201	0.02680	0.02298	0.00273	0.00151	0.00142	0.00043	0.01742	0.00133	0.00093	0.02500
4	0.00182	0.00137	0.00167	0.00183	0.00207	0.00127	0.00129	0.00222	0.02378	0.00390	0.10351	0.49996	0.25193	0.05346	0.02020	0.00061	0.00088	0.02570	0.00131	0.00120
5	0.01906	0.00253	0.00365	0.12215	0.26139	0.01103	0.02166	0.02603	0.10340	0.06706	0.07516	0.07831	0.10005	0.00217	0.01097	0.00048	0.02175	0.01054	0.06080	0.00180
6	0.03357	0.12260	0.22566	0.08250	0.11979	0.06813	0.06398	0.08589	0.06915	0.07176	0.00311	0.00349	0.01307	0.00146	0.00137	0.00042	0.01564	0.00119	0.00087	0.01635
7	0.00221	0.00158	0.00223	0.00229	0.02048	0.00174	0.00167	0.01352	0.01475	0.02681	0.01718	0.13883	0.01843	0.12629	0.56007	0.02084	0.01579	0.01314	0.00091	0.00126
8	0.00193	0.00140	0.00172	0.00187	0.00211	0.00132	0.00131	0.00239	0.03640	0.01837	0.10611	0.50491	0.20276	0.05994	0.01836	0.00061	0.00089	0.02162	0.01475	0.00123

[dist]
# distance from previous block
# <min> <max>
13	34

[block]
# block no. 6 follows, 226 sequences, length 17
# corresponding to MSA columns:
# 793-802,828-834
name=unknown_G
#
# <colnr> <probs for GDERKNQSTAVLIFYWHMCP>
#	G	D	E	R	K	N	Q	S	T	A	V	L	I	F	Y	W	H	M	C	P
0	0.07078	0.06082	0.14847	0.02400	0.05703	0.05413	0.06356	0.20409	0.15404	0.03448	0.00842	0.02033	0.01068	0.00157	0.00133	0.00042	0.00158	0.00127	0.00103	0.08197
1	0.10223	0.03514	0.04757	0.01098	0.07202	0.03843	0.05369	0.16288	0.11152	0.27947	0.02379	0.01743	0.01025	0.00166	0.00136	0.00043	0.00143	0.00136	0.00654	0.02182
2	0.06351	0.02002	0.04363	0.05275	0.23568	0.04675	0.02126	0.08761	0.01502	0.11911	0.01153	0.00423	0.02987	0.01335	0.00187	0.00046	0.12878	0.02455	0.02173	0.05828
3	0.03293	0.07722	0.07126	0.08927	0.08868	0.10040	0.07764	0.04950	0.01738	0.03583	0.00264	0.00321	0.00211	0.00147	0.00772	0.00040	0.08854	0.00110	0.01227	0.24043
4	0.00251	0.00173	0.00215	0.01606	0.00253	0.00164	0.00152	0.00339	0.08089	0.08133	0.54030	0.04150	0.13428	0.00276	0.00163	0.00045	0.01054	0.01794	0.01320	0.04365
5	0.76475	0.00263	0.00219	0.00197	0.00279	0.01240	0.00160	0.01554	0.01119	0.06848	0.01403	0.04312	0.01363	0.00172	0.01034	0.01500	0.00114	0.01494	0.00098	0.00157
6	0.00192	0.00133	0.00176	0.00195	0.00211	0.00124	0.01390	0.00216	0.00274	0.02617	0.02040	0.71815	0.07649	0.08105	0.00232	0.02660	0.00090	0.00357	0.01409	0.00116
7	0.00177	0.00135	0.00161	0.00175	0.00201	0.00121	0.00123	0.00211	0.00307	0.00397	0.14488	0.44526	0.33355	0.03515	0.00192	0.00055	0.00079	0.01528	0.00134	0.00119
8	0.00183	0.00133	0.00169	0.00184	0.00203	0.00123	0.00128	0.00219	0.00308	0.00413	0.25010	0.51153	0.12082	0.07172	0.00215	0.00059	0.00082	0.01912	0.00135	0.00119
9	0.02964	0.00408	0.00395	0.00326	0.00409	0.17557	0.01205	0.43006	0.13228	0.02736	0.00334	0.00353	0.00253	0.00178	0.00181	0.00045	0.12913	0.00125	0.03176	0.00207
10	0.02005	0.02341	0.71004	0.02178	0.06531	0.01384	0.09310	0.00443	0.00302	0.00446	0.00259	0.00315	0.00190	0.00156	0.02496	0.00049	0.00211	0.00112	0.00063	0.00204
11	0.00273	0.00259	0.00430	0.84494	0.03074	0.00326	0.00388	0.00362	0.00279	0.00363	0.00247	0.00372	0.00190	0.00150	0.00169	0.00048	0.08228	0.00126	0.00063	0.00159
12	0.00217	0.00172	0.00190	0.00203	0.00223	0.06102	0.00145	0.00248	0.00292	0.00378	0.13442	0.32786	0.05968	0.20972	0.00307	0.03033	0.00112	0.14977	0.00119	0.00116
13	0.00201	0.00161	0.00185	0.01326	0.00231	0.00149	0.00137	0.01406	0.06260	0.00450	0.24925	0.10430	0.44593	0.00344	0.02486	0.00052	0.00087	0.03178	0.00135	0.03261
14	0.00513	0.00642	0.00385	0.00351	0.00421	0.88476	0.00263	0.00551	0.00395	0.00359	0.00235	0.00273	0.00194	0.00147	0.00126	0.00036	0.00244	0.00094	0.06133	0.00162
15	0.00211	0.00143	0.00183	0.00197	0.00224	0.00135	0.00149	0.00257	0.00318	0.02777	0.19088	0.30513	0.11564	0.04415	0.00196	0.00057	0.00091	0.21685	0.07670	0.00126
16	0.00312	0.00256	0.00299	0.00215	0.00340	0.00197	0.00172	0.03080	0.00308	0.03372	0.00264	0.00301	0.00215	0.00109	0.00107	0.00022	0.00107	0.00087	0.00089	0.90147

[dist]
# distance from previous block
# <min> <max>
0	1

[block]
# block no. 7 follows, 226 sequences, length 12
# corresponding to MSA columns:
# 836-847
name=unknown_H
#
# <colnr> <probs for GDERKNQSTAVLIFYWHMCP>
#	G	D	E	R	K	N	Q	S	T	A	V	L	I	F	Y	W	H	M	C	P
0	0.00318	0.05559	0.28870	0.00485	0.01796	0.00343	0.49592	0.00438	0.00318	0.02154	0.01657	0.00410	0.00247	0.03502	0.00177	0.00050	0.01309	0.02512	0.00073	0.00191
1	0.00191	0.00147	0.00176	0.00181	0.00215	0.00135	0.00132	0.00250	0.04557	0.00444	0.29158	0.30736	0.29097	0.00354	0.00170	0.00050	0.00077	0.01968	0.00139	0.01824
2	0.03690	0.00220	0.00263	0.00229	0.00297	0.03470	0.01140	0.04219	0.05004	0.32303	0.25602	0.09779	0.08270	0.00254	0.00155	0.00047	0.00106	0.04624	0.00150	0.00178
3	0.03245	0.00252	0.01627	0.00230	0.00330	0.00214	0.01714	0.08504	0.01945	0.02860	0.00372	0.15824	0.01257	0.00177	0.00131	0.00033	0.01996	0.00148	0.01570	0.57570
4	0.00310	0.00257	0.00323	0.00270	0.05486	0.00222	0.01752	0.01841	0.03624	0.04241	0.03079	0.03663	0.00297	0.00148	0.00143	0.00031	0.06582	0.02432	0.00093	0.65204
5	0.00209	0.00150	0.00204	0.00226	0.00251	0.00144	0.01637	0.02206	0.00304	0.01928	0.00781	0.53994	0.05188	0.00407	0.00184	0.00059	0.00103	0.31767	0.00131	0.00127
6	0.00246	0.00213	0.00298	0.00275	0.00293	0.01672	0.02055	0.00287	0.01232	0.00341	0.02407	0.06938	0.00370	0.06539	0.40745	0.03763	0.30546	0.01566	0.00079	0.00133
7	0.00365	0.12655	0.10970	0.13757	0.15492	0.08319	0.14055	0.07785	0.09631	0.02078	0.00302	0.01109	0.00239	0.00147	0.00143	0.00043	0.01699	0.00931	0.00083	0.00197
8	0.05799	0.00260	0.00384	0.00321	0.00399	0.02594	0.19461	0.07381	0.03608	0.16698	0.00533	0.06899	0.02266	0.04336	0.00189	0.00055	0.00903	0.25991	0.01751	0.00173
9	0.00176	0.00128	0.00165	0.00192	0.00206	0.00119	0.00131	0.00203	0.00279	0.00367	0.02567	0.76958	0.10369	0.03785	0.00199	0.00059	0.00085	0.03766	0.00130	0.00116
10	0.04272	0.00833	0.01665	0.01516	0.01797	0.01385	0.15610	0.01884	0.01378	0.04180	0.04283	0.18036	0.04028	0.27466	0.03612	0.00082	0.02993	0.04741	0.00102	0.00137
11	0.01185	0.31542	0.34327	0.00398	0.11595	0.04225	0.05631	0.02313	0.00312	0.01717	0.00261	0.00308	0.01003	0.00151	0.02002	0.00043	0.00185	0.00105	0.02504	0.00196

[dist]
# distance from previous block
# <min> <max>
0	1

[block]
# block no. 8 follows, 226 sequences, length 7
# corresponding to MSA columns:
# 849-855
name=unknown_I
#
# <colnr> <probs for GDERKNQSTAVLIFYWHMCP>
#	G	D	E	R	K	N	Q	S	T	A	V	L	I	F	Y	W	H	M	C	P
0	0.00297	0.10969	0.79350	0.00397	0.00593	0.00356	0.05242	0.00447	0.00300	0.00437	0.00250	0.00296	0.00182	0.00133	0.00132	0.00043	0.00205	0.00105	0.00061	0.00206
1	0.00197	0.00145	0.00172	0.00181	0.00215	0.00132	0.00133	0.00245	0.02926	0.03452	0.10747	0.35254	0.39446	0.00374	0.00173	0.00052	0.00081	0.05812	0.00136	0.00127
2	0.05209	0.09827	0.14611	0.02859	0.15314	0.02394	0.05578	0.08257	0.07779	0.15903	0.02766	0.03349	0.02745	0.00169	0.00137	0.00043	0.00154	0.01592	0.00104	0.01209
3	0.01795	0.07996	0.18605	0.02269	0.04478	0.02119	0.02845	0.06669	0.02909	0.09351	0.00367	0.07033	0.02697	0.00272	0.01275	0.23523	0.01763	0.01580	0.00090	0.02366
4	0.02463	0.00258	0.02280	0.00270	0.01976	0.01589	0.01858	0.07445	0.02931	0.59266	0.05522	0.04355	0.00429	0.02404	0.02575	0.00052	0.00133	0.03825	0.00154	0.00214
5	0.01781	0.05545	0.01473	0.03639	0.02947	0.05835	0.15899	0.04278	0.06628	0.07850	0.09393	0.13788	0.09257	0.00246	0.01996	0.00050	0.03941	0.01599	0.01030	0.02825
6	0.01964	0.08403	0.28551	0.13087	0.14296	0.03711	0.05726	0.04646	0.07128	0.06115	0.00311	0.01990	0.00242	0.00149	0.00136	0.00044	0.00178	0.01234	0.00083	0.02006

[dist]
# distance from previous block
# <min> <max>
0	39

[block]
# block no. 9 follows, 226 sequences, length 16
# corresponding to MSA columns:
# 912-927
name=unknown_J
#
# <colnr> <probs for GDERKNQSTAVLIFYWHMCP>
#	G	D	E	R	K	N	Q	S	T	A	V	L	I	F	Y	W	H	M	C	P
0	0.04524	0.10287	0.07787	0.11258	0.28620	0.07456	0.05684	0.04867	0.05516	0.04306	0.00291	0.00346	0.00228	0.00140	0.00135	0.00041	0.01367	0.00118	0.03951	0.03077
1	0.00226	0.00151	0.00173	0.00166	0.00186	0.00146	0.00108	0.00248	0.00242	0.01393	0.02817	0.02029	0.03315	0.59921	0.03124	0.00106	0.01149	0.03120	0.13384	0.07998
2	0.05082	0.14108	0.09270	0.01178	0.15415	0.04370	0.02441	0.17114	0.13070	0.02749	0.00320	0.01533	0.00256	0.00753	0.01988	0.00799	0.07354	0.00124	0.01878	0.00201
3	0.00299	0.01838	0.00362	0.01198	0.03519	0.03219	0.05371	0.05529	0.00267	0.03241	0.00302	0.00455	0.00280	0.06997	0.28347	0.06066	0.30939	0.00860	0.00764	0.00148
4	0.00215	0.00150	0.00206	0.00207	0.00230	0.00164	0.00153	0.00264	0.02216	0.02096	0.04549	0.10068	0.02012	0.14383	0.56206	0.00167	0.00266	0.00191	0.06132	0.00124
5	0.00180	0.00132	0.00169	0.00190	0.00209	0.00121	0.00133	0.00215	0.00304	0.00405	0.17593	0.61650	0.13369	0.00403	0.00177	0.00054	0.00080	0.04360	0.00136	0.00120
6	0.00205	0.00147	0.00183	0.01869	0.00224	0.00142	0.00138	0.00245	0.01052	0.02351	0.16736	0.23683	0.19178	0.17799	0.04791	0.00076	0.01151	0.08108	0.01803	0.00121
7	0.00199	0.00143	0.00170	0.00174	0.00206	0.00127	0.00123	0.00233	0.00307	0.03714	0.14391	0.32020	0.33919	0.09398	0.00227	0.01176	0.00084	0.00305	0.00130	0.02955
8	0.03076	0.00333	0.00364	0.00291	0.00390	0.00362	0.00237	0.54047	0.16350	0.13110	0.04011	0.00440	0.00341	0.00181	0.00141	0.00044	0.00135	0.01300	0.04623	0.00225
9	0.01992	0.00313	0.02224	0.31885	0.43796	0.00326	0.01675	0.06489	0.02491	0.00463	0.00272	0.00357	0.00216	0.00135	0.00138	0.00043	0.00170	0.00124	0.00075	0.06819
10	0.01931	0.00218	0.00243	0.01145	0.00951	0.00896	0.00172	0.03120	0.30942	0.07887	0.19734	0.03877	0.13124	0.01815	0.00157	0.00047	0.00096	0.01467	0.12006	0.00173
11	0.02581	0.00177	0.02181	0.00216	0.00246	0.00185	0.01782	0.01874	0.02643	0.00367	0.02751	0.02499	0.00421	0.23981	0.46114	0.01059	0.02240	0.01352	0.07204	0.00125
12	0.00320	0.00819	0.04375	0.11590	0.23193	0.01713	0.04407	0.08700	0.09200	0.03409	0.09270	0.06659	0.06927	0.02087	0.00175	0.00049	0.03983	0.02836	0.00104	0.00184
13	0.03077	0.11616	0.38022	0.01981	0.02592	0.03001	0.01085	0.01956	0.03738	0.10450	0.01221	0.06365	0.00958	0.00194	0.02292	0.00048	0.04029	0.02463	0.00088	0.04823
14	0.02585	0.05346	0.05074	0.01261	0.15780	0.03473	0.01414	0.07643	0.06209	0.17021	0.16476	0.04595	0.04556	0.01128	0.00155	0.00044	0.01675	0.01363	0.00120	0.04083
15	0.10877	0.06267	0.14337	0.02900	0.03437	0.07185	0.03761	0.08983	0.10073	0.14918	0.03031	0.01753	0.00294	0.00172	0.00948	0.00044	0.03513	0.01298	0.00105	0.06104

[dist]
# distance from previous block
# <min> <max>
3	71

[block]
# block no. 10 follows, 226 sequences, length 12
# corresponding to MSA columns:
# 1055-1066
name=unknown_K
#
# <colnr> <probs for GDERKNQSTAVLIFYWHMCP>
#	G	D	E	R	K	N	Q	S	T	A	V	L	I	F	Y	W	H	M	C	P
0	0.00243	0.00191	0.02043	0.01760	0.02724	0.00185	0.00182	0.01078	0.13605	0.04121	0.11924	0.29937	0.11635	0.01003	0.04766	0.00886	0.01380	0.10425	0.00129	0.01785
1	0.06095	0.01335	0.05114	0.00244	0.00297	0.01512	0.06681	0.04135	0.01279	0.02701	0.09400	0.04210	0.13101	0.17980	0.06234	0.02015	0.03955	0.11916	0.01655	0.00139
2	0.00255	0.00182	0.00236	0.00220	0.00256	0.00195	0.00165	0.06832	0.02919	0.03889	0.00420	0.04841	0.00412	0.24286	0.44132	0.00153	0.02233	0.02166	0.00093	0.06116
3	0.02605	0.01141	0.00267	0.02925	0.04142	0.00203	0.04484	0.03870	0.04698	0.09593	0.07224	0.06135	0.03350	0.37548	0.07720	0.00096	0.00937	0.01637	0.00106	0.01320
4	0.00346	0.00368	0.00434	0.09123	0.12646	0.19426	0.03538	0.00405	0.02681	0.00371	0.00257	0.03845	0.00236	0.00253	0.06064	0.00062	0.39575	0.00132	0.00071	0.00166
5	0.00331	0.01852	0.01613	0.00223	0.00315	0.00195	0.01610	0.01206	0.00993	0.16492	0.05569	0.05188	0.02202	0.10161	0.01899	0.00048	0.01372	0.03595	0.00108	0.45030
6	0.00291	0.06887	0.88181	0.00394	0.00598	0.00345	0.00506	0.00448	0.00299	0.00442	0.00251	0.00295	0.00180	0.00134	0.00132	0.00044	0.00206	0.00103	0.00060	0.00208
7	0.02818	0.69327	0.15813	0.00282	0.00414	0.03992	0.02641	0.00442	0.02480	0.00370	0.00218	0.00251	0.00188	0.00126	0.00103	0.00034	0.00165	0.00085	0.00064	0.00186
8	0.01662	0.04235	0.66668	0.00396	0.03214	0.00324	0.06855	0.01515	0.02922	0.02391	0.03111	0.00357	0.01390	0.00169	0.01834	0.02371	0.00197	0.00119	0.00071	0.00200
9	0.00219	0.00179	0.03460	0.00204	0.01908	0.00972	0.02120	0.00261	0.01006	0.03081	0.13734	0.10415	0.24472	0.25024	0.06729	0.00084	0.00125	0.03295	0.02587	0.00125
10	0.00196	0.00142	0.00171	0.00180	0.00199	0.00138	0.00123	0.00229	0.02915	0.00354	0.05621	0.24970	0.19854	0.29037	0.07031	0.03597	0.00122	0.04896	0.00113	0.00111
11	0.00364	0.00944	0.11703	0.06601	0.03964	0.01598	0.12774	0.09610	0.00339	0.16138	0.01847	0.04243	0.01105	0.03160	0.10632	0.00071	0.12115	0.01905	0.00702	0.00184

[dist]
# distance from previous block
# <min> <max>
0	5

[block]
# block no. 11 follows, 226 sequences, length 14
# corresponding to MSA columns:
# 1072-1074,1079,1083-1085,1089-1095
name=unknown_L
#
# <colnr> <probs for GDERKNQSTAVLIFYWHMCP>
#	G	D	E	R	K	N	Q	S	T	A	V	L	I	F	Y	W	H	M	C	P
0	0.02236	0.02270	0.21261	0.14044	0.29429	0.02979	0.14822	0.03232	0.01873	0.04700	0.00281	0.00349	0.00214	0.00134	0.00141	0.00044	0.00188	0.00126	0.00076	0.01601
1	0.00300	0.01135	0.03397	0.03715	0.07064	0.04113	0.06423	0.02966	0.00287	0.06067	0.03381	0.13779	0.01885	0.11768	0.08206	0.00076	0.22327	0.00185	0.02770	0.00154
2	0.02371	0.00267	0.00333	0.00259	0.00364	0.00254	0.00213	0.18459	0.03203	0.66146	0.00505	0.00455	0.00330	0.00174	0.00139	0.00043	0.00124	0.00138	0.05990	0.00233
3	0.00333	0.05814	0.11858	0.00295	0.02478	0.01165	0.03671	0.20442	0.10717	0.03796	0.10561	0.16789	0.05793	0.01167	0.00160	0.00048	0.00702	0.03906	0.00121	0.00183
4	0.05309	0.00195	0.01867	0.00885	0.00272	0.00194	0.02587	0.02803	0.00914	0.13471	0.05085	0.19167	0.04649	0.09902	0.04678	0.12701	0.07120	0.03302	0.04760	0.00139
5	0.01950	0.00309	0.02848	0.02002	0.12895	0.00327	0.01755	0.29705	0.11736	0.05180	0.09222	0.00476	0.00382	0.02565	0.06585	0.03210	0.07220	0.00682	0.00751	0.00197
6	0.18345	0.00189	0.00220	0.00208	0.01489	0.00203	0.02361	0.00306	0.01621	0.05655	0.03553	0.04642	0.02692	0.41121	0.09071	0.00103	0.04422	0.01515	0.02158	0.00126
7	0.04736	0.19414	0.00431	0.01259	0.00381	0.10358	0.03281	0.17250	0.20345	0.02194	0.05013	0.01074	0.02887	0.00184	0.00808	0.00649	0.03657	0.01219	0.01992	0.02869
8	0.00207	0.00145	0.00187	0.00187	0.00200	0.00154	0.00127	0.00234	0.01834	0.00315	0.03987	0.03198	0.03244	0.45959	0.34562	0.04857	0.00218	0.00191	0.00087	0.00105
9	0.00389	0.12255	0.10921	0.06828	0.06914	0.03471	0.03617	0.20756	0.04635	0.06041	0.01338	0.01090	0.00246	0.00146	0.00133	0.00038	0.01515	0.00116	0.00677	0.18873
10	0.01410	0.00165	0.00208	0.00202	0.00233	0.00169	0.00149	0.04374	0.02989	0.02245	0.22341	0.15740	0.06595	0.16377	0.21611	0.00104	0.01371	0.02284	0.00117	0.01316
11	0.02340	0.01879	0.04629	0.05651	0.05408	0.02033	0.16264	0.09854	0.17747	0.06512	0.01967	0.01975	0.01490	0.00163	0.00161	0.00043	0.06470	0.00140	0.00705	0.14566
12	0.03183	0.03349	0.14151	0.05987	0.14387	0.14804	0.03680	0.06223	0.11188	0.04041	0.02359	0.03672	0.01808	0.00178	0.01150	0.00046	0.05429	0.00135	0.00091	0.04139
13	0.00357	0.06549	0.25402	0.03113	0.04685	0.00310	0.16221	0.05745	0.04037	0.13041	0.03938	0.05246	0.00321	0.00166	0.00146	0.00044	0.01401	0.01681	0.00096	0.07500

[dist]
# distance from previous block
# <min> <max>
4	39

[block]
# block no. 12 follows, 226 sequences, length 15
# corresponding to MSA columns:
# 1172-1183,1185,1188,1189
name=unknown_M
#
# <colnr> <probs for GDERKNQSTAVLIFYWHMCP>
#	G	D	E	R	K	N	Q	S	T	A	V	L	I	F	Y	W	H	M	C	P
0	0.00337	0.10004	0.05741	0.14001	0.28038	0.02397	0.05026	0.04417	0.02472	0.04644	0.04506	0.04808	0.01892	0.00898	0.00152	0.00043	0.03042	0.00142	0.00717	0.06724
1	0.00299	0.02798	0.02245	0.03112	0.04439	0.01309	0.06347	0.05500	0.04428	0.02202	0.03390	0.10295	0.03143	0.03810	0.01677	0.00043	0.00129	0.03227	0.01716	0.39893
2	0.06059	0.00234	0.02407	0.06926	0.02872	0.00233	0.10834	0.05918	0.03323	0.05884	0.01268	0.15776	0.07216	0.09327	0.07218	0.00756	0.02533	0.10956	0.00107	0.00153
3	0.38511	0.00264	0.02828	0.35688	0.00552	0.00294	0.01762	0.00400	0.03619	0.03418	0.01909	0.02795	0.02053	0.00169	0.01487	0.00048	0.00145	0.00122	0.03776	0.00159
4	0.00281	0.02505	0.02688	0.20129	0.03944	0.01897	0.01496	0.04230	0.15276	0.00445	0.08906	0.15036	0.02399	0.01900	0.03507	0.00058	0.10448	0.03825	0.00867	0.00163
5	0.01611	0.00171	0.00203	0.00198	0.00234	0.02681	0.00149	0.03703	0.00366	0.03694	0.47818	0.15320	0.06929	0.04138	0.00188	0.00052	0.00089	0.09129	0.03190	0.00137
6	0.00225	0.00156	0.00204	0.00220	0.00253	0.00152	0.00178	0.00280	0.01343	0.03427	0.06653	0.11213	0.14230	0.06946	0.04582	0.00071	0.00123	0.46837	0.02779	0.00129
7	0.02371	0.00164	0.01568	0.00208	0.00244	0.00148	0.02654	0.00996	0.01022	0.09363	0.15628	0.47858	0.09302	0.03313	0.00190	0.01115	0.00093	0.01639	0.01991	0.00136
8	0.00184	0.00141	0.00166	0.00169	0.00202	0.00126	0.00124	0.00228	0.00334	0.00437	0.32149	0.16186	0.38909	0.06212	0.00205	0.00055	0.00078	0.03836	0.00137	0.00122
9	0.01036	0.05174	0.22458	0.01618	0.09227	0.04973	0.05001	0.01667	0.09072	0.02578	0.00285	0.00328	0.00224	0.00138	0.00147	0.00038	0.06224	0.00109	0.00082	0.29619
10	0.05593	0.00265	0.01386	0.08777	0.06979	0.00259	0.02984	0.10873	0.01553	0.39508	0.01305	0.02186	0.00317	0.00951	0.04335	0.03482	0.01558	0.01543	0.01982	0.04164
11	0.03630	0.24261	0.12428	0.01580	0.04836	0.07132	0.04612	0.23386	0.05027	0.08104	0.00998	0.00328	0.00236	0.00147	0.00126	0.00040	0.00165	0.00112	0.01281	0.01572
12	0.07399	0.00335	0.02701	0.12946	0.43017	0.02496	0.07549	0.09385	0.02250	0.07475	0.02224	0.00373	0.00251	0.00142	0.00139	0.00044	0.00167	0.00129	0.00773	0.00207
13	0.01156	0.00184	0.01492	0.00212	0.00243	0.02779	0.00162	0.00283	0.00893	0.06473	0.10004	0.16638	0.14530	0.18395	0.02977	0.03484	0.06708	0.13141	0.00116	0.00127
14	0.06919	0.03138	0.10845	0.05202	0.10512	0.07310	0.04321	0.08663	0.07267	0.05063	0.01649	0.01446	0.00255	0.01465	0.00142	0.00040	0.01884	0.00117	0.00092	0.23669

[dist]
# distance from previous block
# <min> <max>
4	20

[block]
# block no. 13 follows, 226 sequences, length 7
# corresponding to MSA columns:
# 1210-1216
name=unknown_N
#
# <colnr> <probs for GDERKNQSTAVLIFYWHMCP>
#	G	D	E	R	K	N	Q	S	T	A	V	L	I	F	Y	W	H	M	C	P
0	0.00194	0.00146	0.00188	0.03885	0.00250	0.00140	0.00154	0.00243	0.02343	0.00408	0.14869	0.40578	0.16331	0.04653	0.00201	0.00058	0.00093	0.15012	0.00131	0.00124
1	0.05322	0.04675	0.18500	0.02991	0.16420	0.02125	0.04836	0.10770	0.08039	0.07163	0.02161	0.02922	0.01373	0.00192	0.01408	0.00049	0.04129	0.06629	0.00098	0.00198
2	0.03677	0.12165	0.25949	0.04812	0.07850	0.05223	0.04146	0.10269	0.03472	0.07714	0.00371	0.01528	0.03924	0.00180	0.01557	0.00046	0.00171	0.04298	0.02452	0.00195
3	0.01519	0.01798	0.03694	0.00269	0.02551	0.03536	0.04644	0.03017	0.03659	0.07619	0.09674	0.15476	0.02287	0.07393	0.21820	0.00096	0.03813	0.04545	0.00107	0.02482
4	0.02552	0.00155	0.00191	0.00195	0.00223	0.00152	0.00140	0.03541	0.00307	0.03956	0.15839	0.37258	0.12136	0.09401	0.06090	0.01832	0.01755	0.02212	0.01939	0.00127
5	0.11789	0.03300	0.02779	0.03113	0.03015	0.06861	0.05640	0.19406	0.08867	0.10817	0.02984	0.02231	0.02581	0.01096	0.00145	0.00043	0.01409	0.03697	0.00113	0.10112
6	0.07697	0.04712	0.08981	0.01417	0.00359	0.04686	0.04812	0.04297	0.07388	0.08970	0.12311	0.06346	0.02590	0.02813	0.02495	0.03428	0.00138	0.02540	0.00108	0.13910

[dist]
# distance from previous block
# <min> <max>
0	783

# created by:
# /home/berkeley/.conda/envs/busco_data_prod/bin/msa2prfl.pl pipeline/OGs_align_augustus/2759/27543.fs
