[name]
unknown

[dist]
# distance from previous block
# <min> <max>
0	897

[block]
# block no. 0 follows, 293 sequences, length 18
# corresponding to MSA columns:
# 943,944,956-971
name=unknown_A
#
# <colnr> <probs for GDERKNQSTAVLIFYWHMCP>
#	G	D	E	R	K	N	Q	S	T	A	V	L	I	F	Y	W	H	M	C	P
0	0.10206	0.00168	0.00214	0.03923	0.00245	0.01592	0.01543	0.04444	0.01830	0.01358	0.09183	0.02985	0.00882	0.04215	0.35000	0.00093	0.12098	0.05109	0.03085	0.01826
1	0.03037	0.03422	0.07439	0.08422	0.19189	0.02286	0.07519	0.16133	0.01812	0.13635	0.01680	0.04910	0.05724	0.00139	0.00114	0.00035	0.00859	0.00687	0.00941	0.02019
2	0.01901	0.05704	0.59579	0.00304	0.00429	0.00271	0.08723	0.03599	0.01050	0.02673	0.01016	0.01793	0.00175	0.00129	0.01132	0.00038	0.09111	0.00718	0.01500	0.00155
3	0.00241	0.13914	0.58175	0.00278	0.00408	0.00262	0.05830	0.00343	0.01791	0.04916	0.06437	0.00337	0.04744	0.00126	0.00107	0.00034	0.00142	0.01701	0.00062	0.00154
4	0.00228	0.00240	0.00487	0.06783	0.01608	0.00230	0.61178	0.00302	0.01216	0.00330	0.01433	0.11675	0.04444	0.09117	0.00172	0.00045	0.00154	0.00159	0.00066	0.00131
5	0.01708	0.04140	0.15988	0.14391	0.05874	0.05821	0.09645	0.02204	0.07594	0.18249	0.02414	0.06537	0.02170	0.00140	0.00116	0.00036	0.01311	0.01011	0.00498	0.00152
6	0.05245	0.09640	0.25474	0.00263	0.00348	0.21758	0.05640	0.01756	0.02204	0.01964	0.00304	0.03492	0.01216	0.00160	0.00113	0.00037	0.00145	0.20035	0.00069	0.00136
7	0.00244	0.00540	0.82489	0.00319	0.00474	0.00268	0.04492	0.09210	0.00264	0.00386	0.00207	0.00241	0.00147	0.00108	0.00108	0.00035	0.00162	0.00086	0.00054	0.00166
8	0.00180	0.09117	0.01386	0.10467	0.01273	0.00154	0.00831	0.00214	0.00232	0.02988	0.06144	0.31363	0.21295	0.06335	0.01363	0.00806	0.00087	0.01382	0.00088	0.04295
9	0.02297	0.05537	0.71476	0.00284	0.00421	0.00247	0.03135	0.00335	0.00234	0.00354	0.00232	0.01291	0.00181	0.01181	0.00109	0.00035	0.00147	0.03257	0.09094	0.00153
10	0.00358	0.00181	0.00262	0.00207	0.00276	0.00165	0.09018	0.03843	0.02585	0.50044	0.27523	0.01639	0.03060	0.00166	0.00120	0.00035	0.00091	0.00145	0.00123	0.00158
11	0.00142	0.00102	0.00134	0.00156	0.00166	0.00096	0.00106	0.01948	0.00222	0.00294	0.00628	0.88389	0.04598	0.00342	0.00142	0.00045	0.00066	0.02226	0.00104	0.00093
12	0.01848	0.07435	0.46672	0.01422	0.07058	0.00271	0.20999	0.03820	0.00889	0.03825	0.00229	0.02478	0.00177	0.00123	0.01538	0.00037	0.00157	0.00805	0.00058	0.00158
13	0.00387	0.00255	0.00285	0.00228	0.00303	0.00274	0.00185	0.60461	0.04544	0.15815	0.00341	0.09261	0.00268	0.00170	0.02067	0.00038	0.00112	0.00124	0.04710	0.00174
14	0.00140	0.00121	0.00135	0.09068	0.00209	0.00109	0.00106	0.00173	0.00253	0.00305	0.04200	0.00992	0.83274	0.00265	0.00130	0.00038	0.00065	0.00221	0.00099	0.00097
15	0.00169	0.00126	0.00173	0.00170	0.00182	0.00145	0.00125	0.00196	0.00178	0.00256	0.00320	0.06086	0.00328	0.26402	0.51362	0.00133	0.09166	0.00140	0.04252	0.00093
16	0.02099	0.02682	0.05164	0.00183	0.00266	0.00174	0.00157	0.06221	0.02428	0.12078	0.02241	0.01529	0.01760	0.03271	0.01084	0.00031	0.00095	0.08179	0.02954	0.47404
17	0.13472	0.48777	0.13360	0.00219	0.00313	0.07658	0.01214	0.03268	0.08364	0.00340	0.00192	0.00214	0.00158	0.00107	0.00089	0.00029	0.01948	0.00072	0.00059	0.00146

[dist]
# distance from previous block
# <min> <max>
6	30

[block]
# block no. 1 follows, 293 sequences, length 13
# corresponding to MSA columns:
# 1037-1049
name=unknown_B
#
# <colnr> <probs for GDERKNQSTAVLIFYWHMCP>
#	G	D	E	R	K	N	Q	S	T	A	V	L	I	F	Y	W	H	M	C	P
0	0.02154	0.05050	0.04083	0.12393	0.04426	0.03597	0.04295	0.04544	0.18863	0.04673	0.02674	0.01081	0.04164	0.04057	0.06206	0.00652	0.08648	0.01247	0.01501	0.05693
1	0.02052	0.03020	0.21389	0.02087	0.07270	0.01471	0.06710	0.14974	0.06371	0.03281	0.07975	0.00389	0.02385	0.00149	0.01065	0.00037	0.05617	0.03732	0.09876	0.00149
2	0.00164	0.00109	0.00134	0.00136	0.00144	0.00109	0.00087	0.00172	0.00182	0.01508	0.03570	0.11059	0.07141	0.53730	0.13355	0.07951	0.00123	0.00174	0.00074	0.00078
3	0.00273	0.02119	0.05702	0.27070	0.10689	0.01576	0.12743	0.08145	0.15834	0.06273	0.02097	0.03282	0.00238	0.00130	0.00119	0.00036	0.01630	0.01049	0.00843	0.00152
4	0.00141	0.00115	0.00125	0.00126	0.00159	0.00101	0.00094	0.00179	0.02123	0.00325	0.15539	0.08268	0.66152	0.02188	0.00142	0.00040	0.00060	0.03920	0.00106	0.00097
5	0.01528	0.06156	0.04604	0.12559	0.06219	0.05026	0.00960	0.15315	0.20493	0.02144	0.04345	0.05412	0.05792	0.01618	0.00124	0.00036	0.02607	0.00124	0.01242	0.03697
6	0.00156	0.00117	0.00144	0.00141	0.00171	0.00106	0.01422	0.01245	0.01225	0.01457	0.36397	0.19037	0.33672	0.00264	0.00132	0.00038	0.00061	0.01803	0.02309	0.00102
7	0.00818	0.03327	0.15130	0.02006	0.13945	0.03203	0.02980	0.09109	0.18352	0.06870	0.08144	0.05205	0.00882	0.02070	0.01429	0.01150	0.00834	0.00122	0.01894	0.02528
8	0.03480	0.01392	0.00233	0.00184	0.00258	0.00190	0.00145	0.17615	0.07219	0.05936	0.02431	0.16149	0.02243	0.00153	0.00103	0.00029	0.00087	0.00128	0.01261	0.40766
9	0.01519	0.28826	0.32122	0.00269	0.02505	0.03630	0.07591	0.04957	0.01735	0.02235	0.02683	0.03371	0.01504	0.02142	0.01025	0.00035	0.02046	0.00665	0.00060	0.01081
10	0.04330	0.19993	0.19257	0.00947	0.01104	0.06128	0.03981	0.04128	0.03703	0.10215	0.10748	0.03392	0.03890	0.00951	0.00779	0.00034	0.00722	0.00110	0.00077	0.05510
11	0.12536	0.12231	0.11199	0.00227	0.02264	0.01412	0.05386	0.09766	0.06031	0.05780	0.03220	0.03683	0.02743	0.02647	0.05428	0.00042	0.02515	0.01301	0.01636	0.09954
12	0.07798	0.18126	0.23623	0.01596	0.04784	0.04622	0.03358	0.06173	0.05565	0.03308	0.03367	0.03222	0.03048	0.00754	0.00714	0.00695	0.00124	0.01232	0.00701	0.07190

[dist]
# distance from previous block
# <min> <max>
2	57

[block]
# block no. 2 follows, 293 sequences, length 17
# corresponding to MSA columns:
# 1108,1109,1124-1129,1131,1132,1136-1142
name=unknown_C
#
# <colnr> <probs for GDERKNQSTAVLIFYWHMCP>
#	G	D	E	R	K	N	Q	S	T	A	V	L	I	F	Y	W	H	M	C	P
0	0.05720	0.04097	0.04842	0.03489	0.02260	0.02292	0.04402	0.05986	0.20102	0.06146	0.01127	0.02583	0.05155	0.02379	0.01010	0.00035	0.03788	0.00730	0.00083	0.23774
1	0.00207	0.00149	0.01055	0.01267	0.00214	0.00134	0.00763	0.01577	0.02010	0.08048	0.31532	0.11757	0.04754	0.05594	0.05951	0.01101	0.01688	0.02012	0.00617	0.19570
2	0.05557	0.01032	0.11215	0.07689	0.05542	0.03730	0.12282	0.13296	0.13630	0.03809	0.04433	0.01527	0.04780	0.01281	0.01226	0.00039	0.01772	0.03965	0.01671	0.01524
3	0.00197	0.00128	0.00154	0.00154	0.00184	0.00124	0.00114	0.01266	0.08760	0.08889	0.13870	0.30600	0.15402	0.04600	0.01312	0.00044	0.00072	0.04445	0.09573	0.00112
4	0.02170	0.03418	0.03308	0.03919	0.03520	0.03504	0.02699	0.05225	0.28489	0.07590	0.04705	0.11246	0.09716	0.01322	0.04627	0.01862	0.01101	0.00653	0.00785	0.00141
5	0.00138	0.00100	0.00129	0.00150	0.00160	0.00093	0.00101	0.00159	0.00220	0.00290	0.03855	0.77289	0.10675	0.04202	0.00158	0.00047	0.00066	0.01975	0.00103	0.00091
6	0.01768	0.02868	0.02926	0.06281	0.20770	0.06447	0.19002	0.02942	0.08700	0.01697	0.06211	0.03515	0.07492	0.00154	0.01381	0.00038	0.05180	0.01301	0.01184	0.00144
7	0.00173	0.00114	0.00134	0.00130	0.00147	0.00107	0.00086	0.00196	0.00228	0.04633	0.27753	0.03071	0.12625	0.46697	0.00341	0.00071	0.00082	0.00182	0.03141	0.00089
8	0.00294	0.00278	0.08129	0.05403	0.10041	0.02091	0.05017	0.11228	0.42706	0.05757	0.00364	0.00365	0.03321	0.00140	0.00124	0.00037	0.04329	0.00116	0.00093	0.00168
9	0.00163	0.00126	0.00179	0.00177	0.00194	0.00145	0.00135	0.00196	0.00184	0.00260	0.00357	0.07259	0.04714	0.10373	0.66738	0.00145	0.07182	0.01313	0.00065	0.00097
10	0.02087	0.03334	0.00826	0.02933	0.01822	0.00978	0.00162	0.05146	0.33708	0.01227	0.14179	0.00401	0.01013	0.00137	0.00107	0.00030	0.00929	0.00848	0.00093	0.30038
11	0.00927	0.12033	0.40090	0.00260	0.03762	0.00243	0.02061	0.02425	0.01878	0.04154	0.00226	0.03917	0.00183	0.00110	0.00097	0.00029	0.00126	0.00088	0.00061	0.27331
12	0.04003	0.12580	0.05765	0.03672	0.20455	0.14068	0.02901	0.05342	0.19090	0.06312	0.00270	0.01409	0.00214	0.00130	0.01214	0.00035	0.00131	0.00858	0.00627	0.00925
13	0.00159	0.00119	0.00179	0.00179	0.00199	0.00139	0.00139	0.00199	0.00179	0.00259	0.00299	0.00438	0.00279	0.00836	0.95641	0.00179	0.00299	0.00119	0.00060	0.00100
14	0.00231	0.00198	0.00231	0.00165	0.00264	0.00149	0.00132	0.00281	0.00231	0.00363	0.00198	0.00231	0.00165	0.00083	0.00083	0.00017	0.00083	0.00066	0.00066	0.96764
15	0.00289	0.63258	0.18086	0.00220	0.00322	0.04926	0.00229	0.04828	0.02644	0.00306	0.00202	0.00229	0.02273	0.01663	0.00092	0.00029	0.00129	0.00074	0.00054	0.00147
16	0.00903	0.04060	0.54721	0.00289	0.03920	0.02844	0.01863	0.07506	0.05983	0.04701	0.09304	0.00334	0.02830	0.00128	0.00109	0.00035	0.00138	0.00103	0.00070	0.00159

[dist]
# distance from previous block
# <min> <max>
1	2

[block]
# block no. 3 follows, 293 sequences, length 10
# corresponding to MSA columns:
# 1145,1146,1148-1155
name=unknown_D
#
# <colnr> <probs for GDERKNQSTAVLIFYWHMCP>
#	G	D	E	R	K	N	Q	S	T	A	V	L	I	F	Y	W	H	M	C	P
0	0.00224	0.00191	0.00224	0.00164	0.00257	0.00144	0.00130	0.00272	0.00230	0.00358	0.00228	0.07145	0.00206	0.00102	0.00087	0.00019	0.00081	0.00084	0.00069	0.89785
1	0.00216	0.06431	0.13412	0.02457	0.02110	0.09707	0.02564	0.02515	0.03342	0.01715	0.06985	0.29442	0.11827	0.01737	0.00839	0.00040	0.01986	0.01612	0.00944	0.00121
2	0.00164	0.00111	0.00140	0.00148	0.00168	0.00105	0.00106	0.00187	0.00225	0.04438	0.06437	0.32818	0.22206	0.10568	0.08921	0.04884	0.00094	0.06926	0.01260	0.00094
3	0.01130	0.12285	0.39970	0.03946	0.07557	0.04807	0.02095	0.08937	0.05071	0.02611	0.05532	0.03336	0.00234	0.00126	0.00108	0.00034	0.00991	0.00101	0.00974	0.00156
4	0.00149	0.00113	0.00129	0.00134	0.00161	0.00101	0.00097	0.00185	0.02350	0.01888	0.13924	0.27369	0.46272	0.03056	0.00146	0.00041	0.00062	0.01627	0.02099	0.00098
5	0.00272	0.06008	0.19631	0.07421	0.05154	0.06012	0.03846	0.14754	0.07524	0.03481	0.05903	0.03601	0.04424	0.03953	0.02014	0.00041	0.03096	0.01791	0.00078	0.00997
6	0.02335	0.09095	0.07514	0.01845	0.01516	0.04741	0.01133	0.29941	0.03962	0.07809	0.04532	0.03924	0.03117	0.02132	0.05447	0.00042	0.00124	0.01259	0.01145	0.08387
7	0.01845	0.03314	0.06448	0.01521	0.00311	0.02755	0.14637	0.06870	0.06263	0.06255	0.11035	0.09736	0.07021	0.01154	0.02409	0.00038	0.01796	0.01846	0.01264	0.13483
8	0.02644	0.06997	0.39557	0.06972	0.02763	0.03002	0.05783	0.04906	0.06164	0.00368	0.02596	0.02492	0.00202	0.01090	0.01017	0.00034	0.00138	0.00095	0.00062	0.13118
9	0.29664	0.05189	0.03339	0.00234	0.01276	0.42569	0.00978	0.05711	0.01899	0.00378	0.01162	0.01042	0.01003	0.00125	0.01268	0.00033	0.01169	0.00077	0.01030	0.01853

[dist]
# distance from previous block
# <min> <max>
4	43

[block]
# block no. 4 follows, 293 sequences, length 7
# corresponding to MSA columns:
# 1205-1208,1214-1216
name=unknown_E
#
# <colnr> <probs for GDERKNQSTAVLIFYWHMCP>
#	G	D	E	R	K	N	Q	S	T	A	V	L	I	F	Y	W	H	M	C	P
0	0.01244	0.01516	0.05402	0.04970	0.12591	0.02112	0.03244	0.03053	0.04291	0.05195	0.15135	0.17132	0.11774	0.01633	0.01303	0.00040	0.02870	0.03494	0.02873	0.00127
1	0.02574	0.11017	0.24209	0.03500	0.05699	0.03380	0.05298	0.07408	0.07583	0.15113	0.03594	0.02276	0.01843	0.00131	0.00110	0.00034	0.01155	0.02038	0.00079	0.02958
2	0.02037	0.17446	0.18660	0.05445	0.11087	0.02590	0.07822	0.05971	0.06408	0.06684	0.02823	0.03365	0.01821	0.01479	0.01488	0.00037	0.01796	0.01365	0.00070	0.01605
3	0.01932	0.00111	0.00135	0.00147	0.00167	0.00104	0.00104	0.01870	0.00236	0.02557	0.06447	0.54979	0.21371	0.03477	0.00150	0.00044	0.00067	0.03885	0.02119	0.00097
4	0.00194	0.00179	0.03216	0.02237	0.12853	0.02782	0.04235	0.02307	0.07027	0.00334	0.05005	0.38678	0.10638	0.00256	0.01564	0.00043	0.01708	0.06534	0.00091	0.00119
5	0.02421	0.08837	0.16968	0.03059	0.10371	0.04560	0.05939	0.13721	0.10522	0.13002	0.02123	0.01136	0.01052	0.01048	0.01401	0.00037	0.01252	0.01018	0.00081	0.01451
6	0.06646	0.03060	0.10916	0.01677	0.10390	0.01261	0.01968	0.07132	0.02381	0.05476	0.07123	0.22390	0.04276	0.03566	0.01887	0.00043	0.04828	0.03511	0.01337	0.00131

[dist]
# distance from previous block
# <min> <max>
4	32

[block]
# block no. 5 follows, 293 sequences, length 30
# corresponding to MSA columns:
# 1257-1273,1287-1299
name=unknown_F
#
# <colnr> <probs for GDERKNQSTAVLIFYWHMCP>
#	G	D	E	R	K	N	Q	S	T	A	V	L	I	F	Y	W	H	M	C	P
0	0.09789	0.00165	0.00746	0.00169	0.00231	0.00150	0.00136	0.01419	0.00817	0.46807	0.09321	0.07615	0.17958	0.00844	0.00119	0.00037	0.00081	0.02218	0.01232	0.00146
1	0.02659	0.04439	0.49645	0.02396	0.01598	0.06312	0.12635	0.05522	0.05882	0.03888	0.00672	0.01771	0.00182	0.00120	0.00685	0.00036	0.00679	0.00657	0.00062	0.00158
2	0.00260	0.11033	0.61093	0.03230	0.02001	0.04999	0.07452	0.04137	0.01093	0.02757	0.00209	0.00875	0.00155	0.00108	0.00105	0.00034	0.00157	0.00087	0.00054	0.00160
3	0.02103	0.00402	0.00286	0.00253	0.00309	0.57471	0.01507	0.15774	0.00737	0.01076	0.00263	0.02092	0.04488	0.02423	0.04791	0.00040	0.00911	0.00096	0.04845	0.00133
4	0.00165	0.00138	0.01889	0.02589	0.00602	0.03987	0.00450	0.00200	0.02213	0.01903	0.05201	0.58818	0.13992	0.00301	0.00137	0.00043	0.00402	0.06771	0.00100	0.00100
5	0.92947	0.00230	0.04034	0.00154	0.00226	0.00250	0.00133	0.00329	0.00192	0.00494	0.00157	0.00183	0.00122	0.00104	0.00070	0.00035	0.00089	0.00061	0.00068	0.00123
6	0.00209	0.00693	0.03621	0.00215	0.00254	0.01711	0.01635	0.06776	0.03649	0.01498	0.00843	0.01051	0.03171	0.01114	0.01133	0.00049	0.00109	0.71535	0.00618	0.00115
7	0.01824	0.01022	0.01026	0.00188	0.00260	0.00162	0.03027	0.05618	0.00307	0.41135	0.24270	0.02186	0.01919	0.00155	0.00112	0.00032	0.00086	0.00131	0.00114	0.16428
8	0.00187	0.00131	0.00180	0.00197	0.00225	0.00129	0.01019	0.01682	0.00262	0.02337	0.04946	0.03194	0.05605	0.01772	0.00155	0.00050	0.00097	0.76314	0.01412	0.00105
9	0.01305	0.00123	0.00140	0.00137	0.00170	0.00114	0.00103	0.00216	0.07056	0.00375	0.39001	0.04773	0.42383	0.00251	0.00130	0.00037	0.00059	0.02744	0.00777	0.00105
10	0.00167	0.00115	0.00140	0.00138	0.00145	0.00120	0.00088	0.02029	0.00173	0.00236	0.00337	0.00651	0.00371	0.71420	0.23300	0.00124	0.00154	0.00151	0.00067	0.00078
11	0.01081	0.05281	0.05867	0.00232	0.00305	0.04174	0.01654	0.07339	0.60220	0.07281	0.02259	0.00393	0.01505	0.00971	0.00115	0.00037	0.00103	0.00910	0.00104	0.00169
12	0.00150	0.00106	0.00135	0.00149	0.00166	0.00097	0.00105	0.00178	0.00240	0.02896	0.16728	0.60276	0.14016	0.00989	0.00142	0.00043	0.00064	0.03315	0.00107	0.00096
13	0.00235	0.00141	0.00185	0.00162	0.00204	0.00132	0.02605	0.01587	0.02883	0.18555	0.49890	0.02726	0.10279	0.00207	0.00602	0.00036	0.01936	0.00175	0.07337	0.00124
14	0.02574	0.01189	0.09633	0.00255	0.00343	0.02527	0.02919	0.52115	0.18397	0.04205	0.00308	0.01177	0.00230	0.00138	0.00111	0.00035	0.00120	0.02460	0.01088	0.00176
15	0.01924	0.01063	0.05445	0.04383	0.01263	0.00229	0.02170	0.09950	0.18402	0.33970	0.04929	0.01276	0.01095	0.01037	0.01084	0.00867	0.08336	0.01081	0.01331	0.00164
16	0.01275	0.00136	0.00175	0.00164	0.00204	0.00125	0.00124	0.01767	0.02401	0.27105	0.19715	0.34733	0.08105	0.00246	0.00128	0.00039	0.00072	0.02123	0.01236	0.00126
17	0.00260	0.00259	0.00473	0.15959	0.39328	0.01357	0.30829	0.02221	0.01107	0.01162	0.01102	0.03360	0.01831	0.00113	0.00119	0.00036	0.00149	0.00120	0.00060	0.00155
18	0.00252	0.20047	0.67563	0.00294	0.00438	0.01406	0.03429	0.04723	0.00249	0.00350	0.00194	0.00227	0.00145	0.00105	0.00100	0.00033	0.00155	0.00080	0.00051	0.00161
19	0.02922	0.00197	0.04146	0.02442	0.15613	0.02335	0.02531	0.05932	0.03511	0.10331	0.00779	0.02962	0.01683	0.01857	0.01731	0.34914	0.02610	0.01233	0.02153	0.00117
20	0.00755	0.00114	0.00147	0.00158	0.00180	0.00105	0.00113	0.00213	0.00796	0.12056	0.03021	0.62458	0.11393	0.02584	0.00147	0.00045	0.00071	0.05434	0.00107	0.00104
21	0.04127	0.07454	0.18085	0.04101	0.00360	0.20525	0.05079	0.08919	0.09296	0.05686	0.03853	0.02756	0.01934	0.00141	0.00693	0.00035	0.04552	0.01562	0.00693	0.00147
22	0.02500	0.11790	0.25454	0.01497	0.03472	0.06175	0.09014	0.11282	0.08165	0.05575	0.03710	0.04163	0.00815	0.00159	0.03990	0.00040	0.01865	0.00108	0.00073	0.00154
23	0.00208	0.00188	0.00822	0.07239	0.11080	0.09787	0.00640	0.00251	0.02910	0.02861	0.03550	0.26638	0.18055	0.03369	0.04787	0.00608	0.02750	0.04055	0.00085	0.00114
24	0.00563	0.00168	0.01153	0.01728	0.00895	0.08546	0.01412	0.00253	0.02619	0.07565	0.27505	0.15428	0.15203	0.05400	0.02703	0.03160	0.00963	0.02767	0.01860	0.00110
25	0.07331	0.20295	0.15242	0.06031	0.01173	0.05154	0.05514	0.03660	0.05015	0.09090	0.08348	0.03071	0.06757	0.00147	0.00913	0.00035	0.01606	0.00398	0.00076	0.00142
26	0.02711	0.16430	0.20355	0.07801	0.08390	0.04917	0.16047	0.04603	0.03801	0.05040	0.02797	0.01888	0.00633	0.01127	0.00665	0.00035	0.00919	0.01210	0.00065	0.00565
27	0.06076	0.03761	0.03593	0.28442	0.05237	0.06189	0.03727	0.02492	0.01452	0.03735	0.04054	0.05170	0.12797	0.01658	0.01677	0.00040	0.00122	0.07443	0.00074	0.02260
28	0.00265	0.02196	0.06512	0.08174	0.22649	0.03658	0.07814	0.05276	0.04176	0.08885	0.14922	0.06103	0.03346	0.00480	0.00122	0.00036	0.01358	0.01484	0.01372	0.01172
29	0.02648	0.11709	0.20616	0.03156	0.10828	0.05133	0.08499	0.04215	0.05817	0.12641	0.03461	0.03278	0.02414	0.01208	0.00117	0.00286	0.01272	0.00901	0.00075	0.01727

[dist]
# distance from previous block
# <min> <max>
7	46

[block]
# block no. 6 follows, 293 sequences, length 31
# corresponding to MSA columns:
# 1361-1391
name=unknown_G
#
# <colnr> <probs for GDERKNQSTAVLIFYWHMCP>
#	G	D	E	R	K	N	Q	S	T	A	V	L	I	F	Y	W	H	M	C	P
0	0.00304	0.00324	0.12588	0.10986	0.23319	0.17382	0.08010	0.01176	0.00720	0.12629	0.02053	0.02648	0.02164	0.00771	0.00119	0.00035	0.01601	0.01808	0.00070	0.01290
1	0.00284	0.00766	0.06102	0.18680	0.19172	0.03420	0.06780	0.00691	0.02083	0.19076	0.09617	0.01158	0.05388	0.00148	0.01014	0.00037	0.01655	0.02142	0.00802	0.00986
2	0.00242	0.00216	0.02281	0.32807	0.36436	0.00224	0.01159	0.00309	0.01536	0.05736	0.04240	0.05985	0.03589	0.00513	0.02709	0.00040	0.00130	0.00614	0.01090	0.00144
3	0.01041	0.02762	0.01026	0.00996	0.06143	0.00165	0.01285	0.02420	0.08210	0.06141	0.00346	0.02961	0.01460	0.52633	0.03935	0.00080	0.03045	0.00757	0.00643	0.03950
4	0.00245	0.01841	0.19339	0.15031	0.05003	0.00788	0.13280	0.01029	0.04480	0.03644	0.02110	0.00964	0.02611	0.00153	0.01309	0.00041	0.26390	0.01539	0.00061	0.00141
5	0.94245	0.00213	0.00164	0.00147	0.00215	0.00247	0.00121	0.00324	0.00189	0.00494	0.00159	0.00188	0.00125	0.00123	0.02663	0.00038	0.00092	0.00062	0.00069	0.00120
6	0.00273	0.00749	0.08339	0.00238	0.01001	0.00272	0.01343	0.02061	0.79817	0.01329	0.00956	0.01448	0.01371	0.00150	0.00113	0.00037	0.00096	0.00125	0.00106	0.00173
7	0.00264	0.00202	0.01774	0.13341	0.10855	0.00180	0.04085	0.00321	0.00831	0.14564	0.07790	0.04085	0.00832	0.00126	0.00106	0.00029	0.00687	0.01974	0.00080	0.37875
8	0.00162	0.00113	0.00146	0.00139	0.00164	0.00105	0.00103	0.00212	0.00306	0.01027	0.85557	0.03080	0.01680	0.02008	0.00137	0.00036	0.00054	0.00199	0.04666	0.00105
9	0.00287	0.00254	0.00257	0.00230	0.00294	0.04241	0.00179	0.03089	0.88735	0.00465	0.00437	0.00403	0.00328	0.00149	0.00113	0.00037	0.00094	0.00123	0.00111	0.00175
10	0.00210	0.01757	0.02820	0.14298	0.09157	0.00165	0.01155	0.00776	0.02100	0.05455	0.21647	0.02055	0.20384	0.00175	0.00116	0.00033	0.00090	0.01403	0.00088	0.16114
11	0.01296	0.07609	0.72242	0.00306	0.01689	0.00264	0.05172	0.00357	0.01356	0.04557	0.00746	0.02414	0.00170	0.00112	0.00105	0.00035	0.00153	0.00091	0.00055	0.01270
12	0.00927	0.00317	0.00297	0.04286	0.02945	0.19978	0.00203	0.32118	0.31084	0.01710	0.02819	0.01875	0.00259	0.00140	0.00112	0.00034	0.00525	0.00109	0.00097	0.00165
13	0.00162	0.00108	0.00123	0.00123	0.00124	0.00109	0.00069	0.00163	0.00163	0.00217	0.00350	0.00722	0.00402	0.93673	0.02972	0.00110	0.00113	0.00161	0.00067	0.00068
14	0.00762	0.01628	0.04812	0.03743	0.07751	0.02416	0.00170	0.02287	0.04537	0.07853	0.02463	0.42479	0.03330	0.01328	0.00767	0.00043	0.00767	0.12650	0.00095	0.00120
15	0.00348	0.02305	0.21417	0.03245	0.11205	0.02566	0.02254	0.10667	0.04786	0.32592	0.02834	0.01579	0.03426	0.00133	0.00111	0.00035	0.00121	0.00110	0.00094	0.00170
16	0.00192	0.00097	0.00145	0.00146	0.00146	0.00097	0.00097	0.00146	0.00147	0.00196	0.00207	0.03329	0.00211	0.00386	0.00426	0.93734	0.00096	0.00104	0.00050	0.00050
17	0.00260	0.00247	0.00402	0.31027	0.47539	0.03734	0.06112	0.01402	0.00248	0.01975	0.01626	0.00925	0.00185	0.00117	0.00124	0.02573	0.01195	0.00103	0.00057	0.00151
18	0.00323	0.06462	0.22113	0.02561	0.11804	0.03621	0.04251	0.02566	0.06864	0.27568	0.03064	0.03899	0.01512	0.01767	0.00119	0.00036	0.00544	0.00677	0.00087	0.00163
19	0.05662	0.01234	0.06242	0.19387	0.36195	0.05206	0.04263	0.06242	0.03242	0.07540	0.01998	0.00290	0.00193	0.00114	0.00113	0.00035	0.01722	0.00099	0.00067	0.00158
20	0.00162	0.00108	0.00124	0.00125	0.00126	0.00108	0.00071	0.00163	0.00164	0.00219	0.00355	0.03692	0.00408	0.88382	0.03626	0.01753	0.00113	0.00164	0.00068	0.00069
21	0.00254	0.34580	0.22856	0.07114	0.03465	0.02828	0.02287	0.01058	0.01458	0.03665	0.03035	0.10871	0.01713	0.00779	0.01271	0.00035	0.00127	0.01563	0.00899	0.00140
22	0.00993	0.00724	0.10035	0.06551	0.21955	0.01273	0.06500	0.03924	0.01958	0.32035	0.02826	0.05615	0.03295	0.00142	0.00115	0.00036	0.00118	0.01651	0.00092	0.00164
23	0.00228	0.03660	0.83223	0.03352	0.01345	0.00264	0.04902	0.00349	0.00235	0.00347	0.00200	0.00240	0.00144	0.00107	0.00109	0.00838	0.00163	0.00085	0.00048	0.00161
24	0.01249	0.00149	0.00223	0.09195	0.03626	0.00151	0.05938	0.00245	0.01059	0.04541	0.03798	0.15910	0.08378	0.02578	0.01320	0.00048	0.01408	0.39979	0.00093	0.00112
25	0.02422	0.01260	0.14626	0.08075	0.07475	0.02077	0.05709	0.01472	0.02409	0.36550	0.01372	0.09996	0.01161	0.01782	0.00122	0.00037	0.00116	0.01474	0.00391	0.01473
26	0.01924	0.05107	0.44555	0.02312	0.02814	0.03930	0.03891	0.01087	0.00973	0.11508	0.02172	0.10571	0.04950	0.00149	0.00115	0.00036	0.01625	0.00821	0.00071	0.01390
27	0.00877	0.02256	0.14904	0.08303	0.19632	0.00785	0.02579	0.01409	0.00757	0.07849	0.03252	0.20048	0.11948	0.01590	0.00126	0.00038	0.00109	0.01941	0.00989	0.00608
28	0.01957	0.01248	0.15128	0.25988	0.35080	0.01802	0.02506	0.01008	0.02657	0.06430	0.00254	0.02238	0.01907	0.00119	0.00111	0.00035	0.00137	0.01180	0.00062	0.00155
29	0.02118	0.06683	0.10240	0.19101	0.20273	0.04144	0.05125	0.01521	0.02558	0.14207	0.02301	0.05471	0.02804	0.01079	0.00117	0.00036	0.00706	0.00944	0.00421	0.00150
30	0.00277	0.01365	0.05474	0.20243	0.39533	0.04192	0.07863	0.03662	0.01128	0.07470	0.00993	0.04456	0.01350	0.00122	0.00114	0.00035	0.00473	0.00461	0.00066	0.00724

[dist]
# distance from previous block
# <min> <max>
0	38

[block]
# block no. 7 follows, 293 sequences, length 20
# corresponding to MSA columns:
# 1441-1456,1459-1462
name=unknown_H
#
# <colnr> <probs for GDERKNQSTAVLIFYWHMCP>
#	G	D	E	R	K	N	Q	S	T	A	V	L	I	F	Y	W	H	M	C	P
0	0.03587	0.06931	0.11559	0.08107	0.18915	0.02162	0.01913	0.17276	0.02417	0.15217	0.01429	0.02005	0.02269	0.00126	0.00110	0.00033	0.01282	0.00663	0.00081	0.03915
1	0.15264	0.03602	0.08943	0.02744	0.18337	0.02271	0.01304	0.06690	0.03135	0.09597	0.07383	0.03976	0.02032	0.03636	0.01108	0.02101	0.02501	0.04495	0.00080	0.00801
2	0.03692	0.01349	0.18633	0.04883	0.27129	0.03115	0.02184	0.11127	0.02222	0.09866	0.02563	0.04234	0.01065	0.00129	0.00113	0.00034	0.01418	0.01602	0.00075	0.04567
3	0.11809	0.01100	0.04857	0.05171	0.32331	0.09292	0.00855	0.08306	0.05953	0.06432	0.06114	0.02017	0.01188	0.00595	0.00111	0.00034	0.01233	0.00105	0.00433	0.02064
4	0.02553	0.00240	0.00398	0.28548	0.57012	0.00255	0.01337	0.02690	0.00253	0.03491	0.01049	0.00297	0.01172	0.00108	0.00110	0.00034	0.00134	0.00101	0.00059	0.00159
5	0.00165	0.00138	0.02551	0.00985	0.04740	0.00123	0.01786	0.00206	0.03419	0.00311	0.02502	0.60767	0.03741	0.01879	0.00141	0.00043	0.00079	0.08350	0.00096	0.07980
6	0.00305	0.00253	0.00268	0.00233	0.00301	0.00290	0.00183	0.18678	0.77055	0.00512	0.00418	0.00388	0.00311	0.00148	0.00113	0.00037	0.00095	0.00121	0.00113	0.00179
7	0.92116	0.00214	0.00169	0.00149	0.00219	0.00246	0.00123	0.00338	0.00196	0.05184	0.00169	0.00191	0.00128	0.00105	0.00071	0.00034	0.00087	0.00063	0.00072	0.00124
8	0.00228	0.00221	0.02336	0.48206	0.33117	0.00241	0.00297	0.00293	0.00229	0.00309	0.00246	0.00342	0.03753	0.05306	0.01779	0.00042	0.02756	0.00108	0.00055	0.00138
9	0.00258	0.02782	0.22014	0.01738	0.07436	0.00267	0.53708	0.00355	0.01275	0.02847	0.00232	0.00304	0.00178	0.00104	0.00120	0.00036	0.00167	0.02333	0.00058	0.03787
10	0.04924	0.00119	0.00161	0.00181	0.03756	0.00118	0.01860	0.00181	0.00210	0.00293	0.00547	0.60905	0.07654	0.01852	0.05673	0.06900	0.01783	0.02700	0.00091	0.00095
11	0.00169	0.00111	0.00131	0.00131	0.00134	0.00112	0.00078	0.00176	0.03735	0.00226	0.00345	0.05359	0.00388	0.73223	0.01708	0.13567	0.00106	0.00159	0.00068	0.00071
12	0.00227	0.00408	0.54308	0.05012	0.04767	0.00231	0.04224	0.03909	0.03598	0.01914	0.05100	0.06572	0.01754	0.01179	0.00120	0.00038	0.00139	0.06284	0.00066	0.00150
13	0.03056	0.06748	0.04034	0.21818	0.15903	0.01041	0.10835	0.11284	0.12345	0.01766	0.01123	0.00917	0.01352	0.00127	0.00664	0.00036	0.00693	0.02402	0.00072	0.03785
14	0.24992	0.35652	0.00387	0.08629	0.06875	0.05241	0.02972	0.06046	0.00242	0.00365	0.00967	0.04601	0.00179	0.00120	0.00562	0.00032	0.01091	0.00085	0.00062	0.00901
15	0.11630	0.03317	0.04488	0.12225	0.11087	0.05174	0.04417	0.05734	0.05313	0.06224	0.01246	0.12936	0.00807	0.00162	0.00143	0.00038	0.12250	0.02598	0.00075	0.00138
16	0.05832	0.03894	0.00886	0.02138	0.02110	0.17366	0.06166	0.12296	0.11048	0.21168	0.09210	0.01028	0.01408	0.00140	0.00119	0.00034	0.03645	0.00111	0.00095	0.01307
17	0.18274	0.00184	0.03316	0.00798	0.04577	0.01927	0.02904	0.04334	0.06968	0.05101	0.02364	0.37339	0.01689	0.01219	0.00795	0.00732	0.00092	0.07175	0.00092	0.00121
18	0.12583	0.16905	0.06244	0.02104	0.09924	0.04763	0.03970	0.05134	0.02376	0.14236	0.04974	0.02511	0.06845	0.05441	0.00130	0.00037	0.00892	0.00706	0.00080	0.00143
19	0.06054	0.12011	0.08738	0.01779	0.07366	0.06555	0.01539	0.03206	0.16328	0.08752	0.12136	0.06843	0.05900	0.00815	0.00114	0.00035	0.00601	0.00994	0.00088	0.00144

[dist]
# distance from previous block
# <min> <max>
6	539

# created by:
# /home/berkeley/.conda/envs/busco_data_prod/bin/msa2prfl.pl pipeline/OGs_align_augustus/2759/277175.fs
