[name]
unknown

[dist]
# distance from previous block
# <min> <max>
0	759

[block]
# block no. 0 follows, 315 sequences, length 6
# corresponding to MSA columns:
# 886-891
name=unknown_A
#
# <colnr> <probs for GDERKNQSTAVLIFYWHMCP>
#	G	D	E	R	K	N	Q	S	T	A	V	L	I	F	Y	W	H	M	C	P
0	0.06236	0.11962	0.08602	0.04054	0.03641	0.02342	0.04891	0.11729	0.04176	0.11886	0.09465	0.02410	0.02053	0.00151	0.01545	0.01959	0.01344	0.05506	0.01778	0.04268
1	0.04316	0.05538	0.07672	0.04398	0.07032	0.03251	0.02645	0.11663	0.03462	0.13622	0.03620	0.04072	0.02716	0.00123	0.00100	0.00029	0.01457	0.01748	0.00078	0.22457
2	0.09574	0.21836	0.10690	0.01812	0.08645	0.02424	0.04822	0.06671	0.05403	0.06669	0.02146	0.03838	0.01311	0.00117	0.00091	0.00029	0.00108	0.02211	0.01476	0.10128
3	0.03398	0.01424	0.10245	0.02193	0.06614	0.01154	0.01284	0.07817	0.10273	0.08837	0.15675	0.03570	0.03544	0.02076	0.04696	0.02938	0.01565	0.00118	0.01186	0.11394
4	0.00249	0.03188	0.04630	0.06043	0.09169	0.02178	0.04872	0.12587	0.06057	0.05197	0.03554	0.06918	0.04247	0.02126	0.01397	0.00033	0.03078	0.02070	0.00075	0.22331
5	0.02095	0.01459	0.05824	0.02985	0.05888	0.00182	0.15482	0.02391	0.03916	0.03508	0.06022	0.06287	0.02381	0.02630	0.24006	0.00067	0.02866	0.00122	0.03723	0.08167

[dist]
# distance from previous block
# <min> <max>
7	42

[block]
# block no. 1 follows, 315 sequences, length 10
# corresponding to MSA columns:
# 949-952,960-965
name=unknown_B
#
# <colnr> <probs for GDERKNQSTAVLIFYWHMCP>
#	G	D	E	R	K	N	Q	S	T	A	V	L	I	F	Y	W	H	M	C	P
0	0.00172	0.00121	0.00149	0.00154	0.00172	0.00122	0.00112	0.09696	0.01295	0.00311	0.06741	0.36805	0.02281	0.17286	0.04078	0.03919	0.00087	0.13519	0.02888	0.00093
1	0.00216	0.00188	0.00232	0.03798	0.02263	0.00153	0.02230	0.00271	0.03131	0.00336	0.00204	0.02995	0.00174	0.00090	0.00087	0.00019	0.01706	0.00074	0.00063	0.81773
2	0.00238	0.00178	0.00218	0.03797	0.00255	0.00168	0.02494	0.13578	0.07819	0.07033	0.07416	0.08991	0.06070	0.06196	0.01023	0.00034	0.00087	0.02171	0.00085	0.32148
3	0.01693	0.02826	0.68361	0.00281	0.00415	0.00230	0.08403	0.00337	0.00229	0.09326	0.00241	0.00265	0.03755	0.00106	0.00100	0.00032	0.00141	0.00088	0.00056	0.03114
4	0.00178	0.00116	0.00167	0.00163	0.00185	0.00127	0.00125	0.00212	0.00185	0.09252	0.03581	0.05773	0.00317	0.07320	0.71640	0.00138	0.00229	0.00127	0.00067	0.00099
5	0.00220	0.00112	0.00124	0.00117	0.00144	0.00114	0.00090	0.00265	0.00222	0.09369	0.00342	0.03271	0.00272	0.00132	0.00093	0.00027	0.05371	0.00103	0.79508	0.00105
6	0.00246	0.02392	0.74299	0.00274	0.00409	0.00233	0.00335	0.02382	0.02823	0.12093	0.00234	0.00272	0.00169	0.00110	0.00101	0.00033	0.00140	0.03240	0.00059	0.00155
7	0.00189	0.00124	0.00157	0.00151	0.00168	0.02916	0.00108	0.00208	0.00176	0.09230	0.00300	0.00492	0.00295	0.35485	0.43992	0.05553	0.00183	0.00123	0.00065	0.00088
8	0.32138	0.03997	0.00234	0.00194	0.00245	0.02409	0.02397	0.18720	0.01298	0.00412	0.00252	0.01385	0.00231	0.02100	0.09446	0.00050	0.09923	0.14372	0.00074	0.00122
9	0.16059	0.02285	0.00240	0.00187	0.03431	0.01284	0.01382	0.12765	0.02209	0.03374	0.01410	0.00229	0.00167	0.00094	0.00085	0.00023	0.01103	0.00071	0.00070	0.53531

[dist]
# distance from previous block
# <min> <max>
7	18

[block]
# block no. 2 follows, 315 sequences, length 12
# corresponding to MSA columns:
# 997-1000,1005-1012
name=unknown_C
#
# <colnr> <probs for GDERKNQSTAVLIFYWHMCP>
#	G	D	E	R	K	N	Q	S	T	A	V	L	I	F	Y	W	H	M	C	P
0	0.03111	0.03069	0.00157	0.00143	0.00151	0.01934	0.00099	0.02129	0.00152	0.01816	0.00184	0.00304	0.00178	0.00332	0.00369	0.85586	0.00093	0.00088	0.00049	0.00056
1	0.00147	0.00104	0.00144	0.04340	0.03119	0.00100	0.00116	0.00171	0.00208	0.03145	0.02828	0.76092	0.03465	0.00298	0.00134	0.01367	0.00068	0.03969	0.00094	0.00092
2	0.00990	0.02803	0.37584	0.04763	0.11609	0.00227	0.12027	0.06397	0.00249	0.05785	0.04625	0.03696	0.06488	0.00127	0.00110	0.00033	0.01328	0.00951	0.00064	0.00143
3	0.01640	0.06935	0.19770	0.04253	0.27493	0.03696	0.05263	0.05866	0.05462	0.13440	0.02128	0.00291	0.01676	0.00111	0.00103	0.00032	0.00808	0.00813	0.00069	0.00154
4	0.00337	0.03517	0.04332	0.02601	0.04017	0.50330	0.05680	0.04008	0.03939	0.07130	0.00200	0.00238	0.00161	0.02662	0.00135	0.00033	0.10407	0.00082	0.00061	0.00131
5	0.00235	0.08255	0.00915	0.01205	0.00232	0.09351	0.01813	0.00956	0.00215	0.09482	0.05186	0.17020	0.01162	0.09622	0.03757	0.00047	0.21484	0.03369	0.03735	0.01958
6	0.01611	0.04732	0.03341	0.00189	0.04059	0.01071	0.01440	0.06488	0.00238	0.02046	0.01198	0.01200	0.02005	0.00093	0.00084	0.00020	0.00087	0.01038	0.00066	0.68994
7	0.03238	0.32892	0.21454	0.00934	0.07025	0.05736	0.04778	0.07380	0.02132	0.03823	0.03476	0.02698	0.00192	0.00114	0.00101	0.01335	0.02407	0.00085	0.00059	0.00140
8	0.00167	0.01756	0.13040	0.00198	0.03583	0.00137	0.02701	0.00975	0.02196	0.01985	0.07088	0.48073	0.03293	0.01687	0.01623	0.00962	0.01487	0.08858	0.00086	0.00105
9	0.01608	0.00134	0.01886	0.00171	0.02000	0.00143	0.01498	0.00194	0.00175	0.02251	0.02410	0.04113	0.04100	0.32177	0.34153	0.01247	0.09900	0.01686	0.00063	0.00090
10	0.03590	0.06981	0.22744	0.02793	0.04093	0.05931	0.10896	0.04991	0.01224	0.14897	0.00252	0.03326	0.01755	0.00112	0.00100	0.00030	0.00987	0.00093	0.01428	0.13778
11	0.00245	0.09661	0.09144	0.18176	0.24673	0.01570	0.12730	0.05560	0.02388	0.03100	0.01852	0.06143	0.01772	0.00120	0.00110	0.00033	0.02414	0.00108	0.00060	0.00140

[dist]
# distance from previous block
# <min> <max>
4	62

[block]
# block no. 3 follows, 315 sequences, length 6
# corresponding to MSA columns:
# 1196-1201
name=unknown_D
#
# <colnr> <probs for GDERKNQSTAVLIFYWHMCP>
#	G	D	E	R	K	N	Q	S	T	A	V	L	I	F	Y	W	H	M	C	P
0	0.22642	0.00307	0.28644	0.00271	0.12285	0.00225	0.02000	0.06357	0.05469	0.10835	0.02227	0.00292	0.01768	0.00115	0.00095	0.00032	0.00112	0.02828	0.00071	0.03427
1	0.00284	0.03365	0.02017	0.15870	0.26564	0.03455	0.03729	0.01752	0.02933	0.21307	0.04108	0.06380	0.00248	0.00132	0.00120	0.01741	0.03879	0.00111	0.00075	0.01932
2	0.19278	0.03355	0.01881	0.07730	0.21877	0.00215	0.02365	0.02159	0.05375	0.21918	0.00294	0.08352	0.02193	0.00131	0.00104	0.00033	0.02410	0.00109	0.00079	0.00143
3	0.03754	0.05627	0.17590	0.01303	0.03295	0.04200	0.09375	0.07118	0.03274	0.12767	0.03248	0.02985	0.08896	0.01454	0.00109	0.00032	0.00111	0.03924	0.00076	0.10861
4	0.13094	0.02702	0.14402	0.02947	0.13242	0.00213	0.03939	0.08325	0.02184	0.08719	0.04444	0.03752	0.09201	0.00170	0.03871	0.00039	0.03985	0.04564	0.00075	0.00134
5	0.14226	0.00222	0.02414	0.17612	0.36359	0.00226	0.03171	0.05177	0.01999	0.08311	0.02151	0.04033	0.00200	0.00112	0.00099	0.00032	0.00113	0.00098	0.00066	0.03380

[dist]
# distance from previous block
# <min> <max>
5	11

[block]
# block no. 4 follows, 315 sequences, length 20
# corresponding to MSA columns:
# 1220-1225,1229,1235-1247
name=unknown_E
#
# <colnr> <probs for GDERKNQSTAVLIFYWHMCP>
#	G	D	E	R	K	N	Q	S	T	A	V	L	I	F	Y	W	H	M	C	P
0	0.01850	0.03437	0.01755	0.04525	0.10977	0.01015	0.22615	0.21151	0.01573	0.11667	0.01487	0.02648	0.00660	0.00137	0.00136	0.08715	0.00995	0.00105	0.00075	0.04477
1	0.06412	0.10574	0.16253	0.06269	0.31816	0.04036	0.04344	0.02080	0.04997	0.01623	0.03085	0.02393	0.00944	0.00112	0.00105	0.00032	0.02998	0.00513	0.00604	0.00810
2	0.00161	0.00122	0.00143	0.00133	0.00166	0.00115	0.00101	0.08703	0.00290	0.00390	0.53567	0.04769	0.30499	0.00226	0.00122	0.00034	0.00057	0.00194	0.00107	0.00102
3	0.00917	0.00176	0.00222	0.10976	0.07734	0.02072	0.02627	0.01576	0.29491	0.01587	0.10635	0.08970	0.12836	0.00661	0.02480	0.02294	0.00091	0.00146	0.04382	0.00125
4	0.00139	0.00113	0.00125	0.00128	0.00158	0.00104	0.00095	0.00190	0.08767	0.00303	0.08160	0.20978	0.57129	0.00263	0.00124	0.00037	0.00058	0.02935	0.00099	0.00095
5	0.02399	0.00246	0.08856	0.03838	0.24682	0.00230	0.01061	0.14594	0.13218	0.16470	0.00283	0.00317	0.00927	0.02393	0.01798	0.03522	0.02997	0.01185	0.00830	0.00153
6	0.00211	0.00190	0.00298	0.41011	0.22524	0.00212	0.01708	0.02503	0.09511	0.00331	0.12925	0.04010	0.03138	0.00134	0.00109	0.00034	0.00112	0.00842	0.00068	0.00129
7	0.02190	0.01592	0.03393	0.00183	0.02449	0.00161	0.04662	0.12616	0.02156	0.16503	0.24643	0.01426	0.23922	0.01095	0.00117	0.00034	0.00080	0.01302	0.01352	0.00126
8	0.00262	0.00320	0.21813	0.00290	0.08813	0.10739	0.13107	0.07249	0.07185	0.04562	0.04939	0.01778	0.01355	0.00114	0.00102	0.00030	0.00126	0.00998	0.01454	0.14766
9	0.00203	0.00188	0.00304	0.81813	0.03452	0.00230	0.00273	0.00291	0.08748	0.00288	0.03073	0.00302	0.00181	0.00110	0.00105	0.00035	0.00131	0.00098	0.00054	0.00121
10	0.21516	0.00328	0.08842	0.00275	0.09870	0.26458	0.06368	0.05844	0.10139	0.09078	0.00222	0.00239	0.00167	0.00108	0.00094	0.00031	0.00130	0.00082	0.00070	0.00141
11	0.21057	0.00236	0.00361	0.03690	0.72032	0.00244	0.00274	0.00315	0.00223	0.00365	0.00185	0.00239	0.00153	0.00094	0.00095	0.00031	0.00115	0.00085	0.00054	0.00152
12	0.00240	0.00238	0.00361	0.45072	0.43826	0.07889	0.00296	0.00302	0.00228	0.00299	0.00188	0.00261	0.00150	0.00099	0.00103	0.00032	0.00136	0.00091	0.00049	0.00138
13	0.00256	0.00256	0.02361	0.00614	0.85249	0.00249	0.08830	0.00321	0.00238	0.00339	0.00197	0.00259	0.00164	0.00092	0.00105	0.00031	0.00129	0.00095	0.00052	0.00163
14	0.00206	0.00160	0.00232	0.13435	0.03021	0.00178	0.05762	0.07532	0.01817	0.03852	0.05150	0.00428	0.02438	0.13774	0.25399	0.00079	0.07555	0.01196	0.07676	0.00110
15	0.00161	0.00118	0.00149	0.00139	0.00171	0.00111	0.01333	0.01239	0.05094	0.03072	0.61328	0.03522	0.19251	0.00220	0.00122	0.00034	0.00057	0.03665	0.00109	0.00103
16	0.00272	0.00212	0.00228	0.00202	0.00261	0.00238	0.00158	0.02171	0.78127	0.08972	0.02504	0.00410	0.03234	0.00145	0.00106	0.00035	0.00081	0.00120	0.02361	0.00161
17	0.00709	0.00172	0.01548	0.09486	0.00265	0.00654	0.01429	0.12140	0.12554	0.09251	0.18798	0.03031	0.22357	0.02646	0.00129	0.00036	0.02416	0.00588	0.01666	0.00124
18	0.00146	0.00145	0.08699	0.00139	0.00178	0.00108	0.00119	0.00195	0.00271	0.00370	0.59356	0.02321	0.27132	0.00219	0.00121	0.00034	0.00060	0.00189	0.00103	0.00100
19	0.01359	0.00198	0.00266	0.03771	0.08817	0.00687	0.05795	0.10781	0.16586	0.12164	0.05672	0.00832	0.02468	0.02397	0.05124	0.00043	0.11448	0.02179	0.09276	0.00138

[dist]
# distance from previous block
# <min> <max>
0	4

[block]
# block no. 5 follows, 315 sequences, length 6
# corresponding to MSA columns:
# 1252-1257
name=unknown_F
#
# <colnr> <probs for GDERKNQSTAVLIFYWHMCP>
#	G	D	E	R	K	N	Q	S	T	A	V	L	I	F	Y	W	H	M	C	P
0	0.85235	0.00217	0.00167	0.00148	0.00213	0.05706	0.00120	0.00326	0.00192	0.06675	0.00163	0.00182	0.00123	0.00099	0.00069	0.00032	0.00087	0.00060	0.00068	0.00117
1	0.00144	0.00098	0.00127	0.00145	0.00159	0.00090	0.00101	0.00165	0.00211	0.04361	0.00624	0.74642	0.12256	0.00308	0.00131	0.00041	0.00063	0.06146	0.00098	0.00090
2	0.13971	0.19484	0.27566	0.03693	0.04255	0.02620	0.02138	0.03947	0.01975	0.11843	0.00203	0.00227	0.00152	0.00108	0.00108	0.00031	0.07395	0.00078	0.00062	0.00143
3	0.01964	0.03153	0.02742	0.00214	0.02050	0.03404	0.01904	0.05931	0.31938	0.24434	0.02161	0.10445	0.00317	0.01492	0.00126	0.00036	0.05333	0.02109	0.00099	0.00149
4	0.00169	0.00123	0.00156	0.00145	0.00154	0.00133	0.02808	0.02972	0.00169	0.00235	0.00302	0.00577	0.00329	0.67894	0.12164	0.00098	0.07802	0.00137	0.03556	0.00078
5	0.40971	0.21070	0.17587	0.00200	0.02270	0.03236	0.01992	0.03319	0.00214	0.01892	0.00199	0.02185	0.01963	0.00109	0.00080	0.00031	0.00107	0.02387	0.00060	0.00128

[dist]
# distance from previous block
# <min> <max>
4	97

[block]
# block no. 6 follows, 315 sequences, length 17
# corresponding to MSA columns:
# 1368-1377,1379-1385
name=unknown_G
#
# <colnr> <probs for GDERKNQSTAVLIFYWHMCP>
#	G	D	E	R	K	N	Q	S	T	A	V	L	I	F	Y	W	H	M	C	P
0	0.00262	0.21223	0.19979	0.01970	0.29689	0.00258	0.03215	0.00331	0.02182	0.10134	0.07401	0.00894	0.01148	0.00110	0.00097	0.00030	0.00118	0.00094	0.00063	0.00804
1	0.00378	0.00186	0.00221	0.00181	0.00246	0.07472	0.00146	0.00425	0.02749	0.62711	0.16874	0.01399	0.02267	0.00153	0.00109	0.00033	0.00089	0.04090	0.00118	0.00153
2	0.01588	0.00212	0.00295	0.07561	0.00335	0.00210	0.10842	0.21192	0.03480	0.46666	0.02227	0.00326	0.00235	0.00123	0.00105	0.00032	0.00105	0.00105	0.04199	0.00162
3	0.00263	0.00244	0.00400	0.11568	0.76070	0.00253	0.00305	0.08993	0.00257	0.00361	0.00200	0.00259	0.00163	0.00097	0.00103	0.00031	0.00125	0.00093	0.00056	0.00160
4	0.03437	0.05559	0.05618	0.01279	0.07861	0.00162	0.04399	0.03888	0.00216	0.05696	0.03787	0.23973	0.03690	0.21849	0.04240	0.00056	0.00857	0.03251	0.00077	0.00107
5	0.00158	0.00103	0.00126	0.00132	0.00139	0.00102	0.00087	0.00170	0.00177	0.02153	0.00403	0.16336	0.00455	0.60421	0.00385	0.01286	0.00092	0.14699	0.02502	0.00075
6	0.32806	0.00206	0.00249	0.00251	0.16545	0.00210	0.00172	0.07963	0.00262	0.39949	0.00272	0.00268	0.00187	0.00112	0.00091	0.00032	0.00094	0.00086	0.00092	0.00154
7	0.03525	0.00278	0.00412	0.03481	0.34648	0.08257	0.23006	0.16103	0.06445	0.01265	0.00219	0.00263	0.00171	0.00103	0.00109	0.00032	0.01365	0.00098	0.00065	0.00154
8	0.00234	0.00220	0.00369	0.18560	0.62679	0.00231	0.01748	0.00294	0.01158	0.00315	0.01272	0.00319	0.00195	0.07469	0.00143	0.00038	0.02568	0.01990	0.00053	0.00144
9	0.00150	0.00101	0.00115	0.00116	0.00117	0.00101	0.00066	0.00152	0.00154	0.00206	0.00339	0.05471	0.00392	0.89553	0.02477	0.00099	0.00103	0.00158	0.00065	0.00065
10	0.02739	0.00236	0.07572	0.00207	0.00294	0.00208	0.00182	0.26150	0.00341	0.60445	0.00344	0.00312	0.00223	0.00125	0.00103	0.00032	0.00100	0.00098	0.00114	0.00174
11	0.00237	0.00148	0.00156	0.00143	0.00183	0.00159	0.00111	0.03668	0.29987	0.05894	0.00367	0.00382	0.00279	0.00128	0.00086	0.00028	0.00064	0.00104	0.57750	0.00126
12	0.82494	0.00197	0.00161	0.00144	0.00205	0.00225	0.00117	0.05300	0.00198	0.02507	0.00189	0.07532	0.00163	0.00116	0.00073	0.00033	0.00081	0.00078	0.00070	0.00115
13	0.09717	0.00219	0.00252	0.00197	0.00273	0.00224	0.00162	0.36605	0.01868	0.43337	0.00320	0.00299	0.00215	0.00124	0.00099	0.00031	0.00095	0.00096	0.05700	0.00166
14	0.02613	0.00275	0.00296	0.00231	0.00311	0.00304	0.00190	0.76375	0.12630	0.05283	0.00278	0.00271	0.00198	0.00127	0.00104	0.00032	0.00108	0.00097	0.00105	0.00174
15	0.00176	0.00113	0.00146	0.00135	0.00165	0.00103	0.00102	0.00220	0.00282	0.09901	0.69754	0.03853	0.12020	0.00227	0.02305	0.00036	0.00059	0.00185	0.00112	0.00104
16	0.01160	0.00242	0.00251	0.00217	0.00275	0.09770	0.03649	0.11537	0.51557	0.03319	0.12498	0.00405	0.01288	0.00145	0.00111	0.00034	0.01589	0.01007	0.00099	0.00849

[dist]
# distance from previous block
# <min> <max>
1	15

[block]
# block no. 7 follows, 315 sequences, length 20
# corresponding to MSA columns:
# 1401-1414,1421-1426
name=unknown_H
#
# <colnr> <probs for GDERKNQSTAVLIFYWHMCP>
#	G	D	E	R	K	N	Q	S	T	A	V	L	I	F	Y	W	H	M	C	P
0	0.02126	0.49365	0.26222	0.00247	0.00353	0.01668	0.13867	0.00321	0.00221	0.02166	0.00181	0.02502	0.00152	0.00098	0.00086	0.00028	0.00131	0.00078	0.00049	0.00139
1	0.00229	0.01909	0.55895	0.00278	0.00401	0.00230	0.12491	0.04362	0.04688	0.02598	0.04124	0.00267	0.00190	0.00105	0.00100	0.00031	0.00135	0.00090	0.03020	0.08859
2	0.00137	0.00115	0.00120	0.00119	0.00154	0.00104	0.00089	0.00189	0.08809	0.00304	0.07677	0.06184	0.75125	0.00253	0.00122	0.00035	0.00056	0.00213	0.00099	0.00095
3	0.00186	0.10132	0.14699	0.00188	0.00250	0.00182	0.06701	0.00958	0.09529	0.00353	0.33397	0.02280	0.19025	0.00178	0.00115	0.00033	0.01438	0.00152	0.00087	0.00118
4	0.00146	0.08767	0.00158	0.00123	0.00158	0.00120	0.00096	0.00180	0.00253	0.00325	0.33920	0.06851	0.48067	0.00234	0.00119	0.00034	0.00057	0.00199	0.00098	0.00095
5	0.00243	0.00304	0.09177	0.00426	0.00536	0.00261	0.86773	0.00333	0.00243	0.00333	0.00209	0.00275	0.00156	0.00089	0.00121	0.00035	0.00174	0.00119	0.00052	0.00142
6	0.97075	0.00201	0.00153	0.00137	0.00201	0.00234	0.00113	0.00306	0.00177	0.00467	0.00145	0.00169	0.00113	0.00097	0.00064	0.00032	0.00081	0.00056	0.00064	0.00113
7	0.00281	0.80394	0.02767	0.00188	0.00275	0.01529	0.00183	0.04229	0.08796	0.00281	0.00175	0.00192	0.00152	0.00096	0.00073	0.00024	0.00111	0.00063	0.00053	0.00139
8	0.00157	0.00120	0.00157	0.07490	0.00200	0.01259	0.02328	0.00192	0.00234	0.00322	0.39622	0.08507	0.08463	0.21887	0.01987	0.00052	0.01492	0.01258	0.04182	0.00091
9	0.01677	0.00212	0.00767	0.02497	0.09717	0.00218	0.10237	0.21245	0.14199	0.15068	0.00889	0.03895	0.04248	0.09096	0.01263	0.00661	0.00108	0.03065	0.00794	0.00145
10	0.01655	0.45974	0.09517	0.03489	0.00290	0.01801	0.05445	0.00287	0.01384	0.02850	0.02493	0.09582	0.00234	0.01644	0.09992	0.00044	0.01482	0.00715	0.00057	0.01063
11	0.01441	0.46469	0.31177	0.01578	0.00327	0.00307	0.02513	0.00895	0.02443	0.01378	0.00224	0.08855	0.01757	0.00119	0.00087	0.00029	0.00120	0.00091	0.00053	0.00136
12	0.00140	0.00103	0.00123	0.00130	0.00152	0.00092	0.00093	0.00168	0.00231	0.02523	0.16478	0.32654	0.36090	0.05572	0.00149	0.00041	0.00060	0.05010	0.00099	0.00090
13	0.00199	0.00197	0.16089	0.02460	0.03760	0.00142	0.01349	0.00249	0.00704	0.10283	0.16709	0.07490	0.11609	0.09534	0.07466	0.02427	0.00105	0.04833	0.00583	0.03811
14	0.00262	0.41352	0.24520	0.00912	0.02612	0.01707	0.08420	0.01551	0.00227	0.05911	0.00204	0.00233	0.00877	0.00101	0.00090	0.00028	0.02012	0.00077	0.08766	0.00139
15	0.00146	0.00106	0.00812	0.01712	0.00161	0.00101	0.00101	0.00166	0.00206	0.00274	0.15413	0.23270	0.13959	0.18413	0.06995	0.09395	0.00089	0.08513	0.00084	0.00082
16	0.00142	0.00102	0.00116	0.00122	0.00146	0.00091	0.00087	0.00169	0.00226	0.02640	0.06071	0.29302	0.46199	0.03779	0.00136	0.00039	0.00058	0.01680	0.08807	0.00090
17	0.00210	0.00193	0.06065	0.07393	0.01637	0.00177	0.10169	0.01042	0.14621	0.05336	0.21451	0.13230	0.02358	0.00167	0.00122	0.00033	0.04372	0.00147	0.00825	0.10450
18	0.09590	0.20475	0.44639	0.00289	0.10758	0.00984	0.02144	0.04228	0.00897	0.03874	0.00187	0.00217	0.00142	0.00099	0.00093	0.00030	0.01078	0.00075	0.00053	0.00148
19	0.02154	0.02525	0.12839	0.05066	0.28886	0.03602	0.04935	0.09798	0.15913	0.01769	0.02509	0.00740	0.00852	0.00131	0.01879	0.00035	0.01147	0.03409	0.00070	0.01741

[dist]
# distance from previous block
# <min> <max>
4	24

[block]
# block no. 8 follows, 315 sequences, length 11
# corresponding to MSA columns:
# 1467,1468,1471-1479
name=unknown_I
#
# <colnr> <probs for GDERKNQSTAVLIFYWHMCP>
#	G	D	E	R	K	N	Q	S	T	A	V	L	I	F	Y	W	H	M	C	P
0	0.05638	0.10032	0.50709	0.01408	0.03640	0.01036	0.01066	0.02470	0.00227	0.07759	0.02329	0.00281	0.01753	0.01275	0.04782	0.00040	0.02877	0.01686	0.00058	0.00936
1	0.04677	0.53737	0.06660	0.02342	0.08563	0.05146	0.02188	0.02922	0.03063	0.04025	0.00198	0.04687	0.00175	0.00114	0.01084	0.00028	0.00117	0.00080	0.00056	0.00137
2	0.00328	0.08069	0.01448	0.06197	0.01106	0.28143	0.09111	0.17414	0.02659	0.11503	0.04174	0.02308	0.00225	0.01352	0.01795	0.00034	0.01242	0.01794	0.00960	0.00138
3	0.04663	0.00120	0.00128	0.00129	0.01631	0.00111	0.00096	0.00195	0.06258	0.00321	0.14507	0.03606	0.62384	0.00250	0.02172	0.00038	0.00062	0.01801	0.01431	0.00097
4	0.00232	0.09460	0.32664	0.02832	0.03959	0.01572	0.02358	0.06093	0.02958	0.06506	0.09986	0.00375	0.03497	0.10336	0.04688	0.00046	0.02133	0.00107	0.00067	0.00133
5	0.00198	0.22152	0.01434	0.01074	0.02747	0.00196	0.01305	0.04671	0.05076	0.00307	0.11094	0.16664	0.08861	0.14603	0.02446	0.00045	0.00090	0.01420	0.05510	0.00108
6	0.03882	0.02379	0.04050	0.00161	0.02900	0.00129	0.00785	0.01845	0.02735	0.03062	0.25752	0.22365	0.16285	0.01526	0.00121	0.00035	0.00068	0.03278	0.05183	0.03460
7	0.22406	0.11947	0.41027	0.03563	0.04368	0.04561	0.00256	0.00317	0.03099	0.00345	0.00218	0.04711	0.02547	0.00114	0.00090	0.00032	0.00123	0.00085	0.00055	0.00135
8	0.02967	0.32662	0.30554	0.04624	0.02205	0.02086	0.07342	0.03551	0.03026	0.04373	0.03559	0.00252	0.00183	0.00105	0.00093	0.00030	0.00913	0.01278	0.00056	0.00142
9	0.09727	0.01240	0.02732	0.03496	0.41992	0.00221	0.11457	0.02380	0.03482	0.03270	0.10686	0.01696	0.01126	0.00122	0.00105	0.00033	0.00112	0.04067	0.00068	0.01989
10	0.03269	0.02221	0.03077	0.04947	0.58965	0.00224	0.02256	0.02249	0.01894	0.03070	0.02081	0.02379	0.05336	0.03446	0.00117	0.00034	0.00114	0.00106	0.00061	0.04154

[dist]
# distance from previous block
# <min> <max>
0	531

# created by:
# /home/berkeley/.conda/envs/busco_data_prod/bin/msa2prfl.pl pipeline/OGs_align_augustus/2759/277199.fs
