[name]
unknown

[dist]
# distance from previous block
# <min> <max>
0	221

[block]
# block no. 0 follows, 316 sequences, length 7
# corresponding to MSA columns:
# 382-386,400,401
name=unknown_A
#
# <colnr> <probs for GDERKNQSTAVLIFYWHMCP>
#	G	D	E	R	K	N	Q	S	T	A	V	L	I	F	Y	W	H	M	C	P
0	0.01564	0.04467	0.09880	0.13929	0.16002	0.03068	0.07722	0.11647	0.04526	0.09232	0.00284	0.04668	0.02979	0.03741	0.00121	0.00035	0.00119	0.03014	0.00071	0.02931
1	0.00252	0.00227	0.00348	0.15276	0.47854	0.04349	0.04394	0.03347	0.02582	0.05010	0.01768	0.06139	0.00218	0.03062	0.00118	0.00034	0.00120	0.00108	0.00062	0.04731
2	0.00224	0.00177	0.01673	0.04634	0.04958	0.02521	0.01757	0.08103	0.17082	0.07152	0.19482	0.06211	0.16504	0.02228	0.00121	0.00035	0.00082	0.01989	0.02885	0.02182
3	0.03030	0.00161	0.00214	0.15825	0.07996	0.02773	0.01744	0.02119	0.02219	0.09839	0.27888	0.06104	0.13055	0.02956	0.00124	0.00035	0.00086	0.00150	0.00088	0.03594
4	0.00223	0.04991	0.34154	0.12936	0.03370	0.01674	0.04142	0.00296	0.00235	0.09060	0.13928	0.06581	0.01733	0.03071	0.00118	0.00035	0.00117	0.00117	0.00068	0.03152
5	0.00258	0.83658	0.00488	0.00173	0.00251	0.00368	0.00167	0.00289	0.00209	0.00247	0.00201	0.12894	0.00207	0.00120	0.00075	0.00025	0.00104	0.00087	0.00051	0.00127
6	0.00245	0.00239	0.00425	0.06377	0.72414	0.00239	0.12886	0.00308	0.00234	0.00330	0.00216	0.05211	0.00189	0.00105	0.00107	0.00032	0.00128	0.00107	0.00054	0.00154

[dist]
# distance from previous block
# <min> <max>
0	40

[block]
# block no. 1 follows, 316 sequences, length 6
# corresponding to MSA columns:
# 442-447
name=unknown_B
#
# <colnr> <probs for GDERKNQSTAVLIFYWHMCP>
#	G	D	E	R	K	N	Q	S	T	A	V	L	I	F	Y	W	H	M	C	P
0	0.00282	0.00178	0.00208	0.00187	0.00238	0.00186	0.00144	0.05027	0.39961	0.24895	0.00452	0.27010	0.00398	0.00188	0.00113	0.00036	0.00079	0.00162	0.00109	0.00146
1	0.00208	0.00172	0.00226	0.00275	0.24718	0.00182	0.00157	0.00305	0.26663	0.00302	0.00320	0.00490	0.00306	0.44893	0.00302	0.00065	0.00101	0.00127	0.00072	0.00117
2	0.45367	0.00200	0.00198	0.00169	0.00236	0.00217	0.00137	0.00424	0.24707	0.26932	0.00290	0.00276	0.00205	0.00117	0.00086	0.00033	0.00083	0.00085	0.00093	0.00144
3	0.00157	0.00126	0.00151	0.00144	0.00186	0.00106	0.00111	0.00191	0.00221	0.00298	0.00594	0.26319	0.26985	0.00232	0.00116	0.00034	0.00069	0.16869	0.00087	0.27004
4	0.00233	0.00304	0.24874	0.00415	0.44712	0.00215	0.00281	0.00305	0.00226	0.00336	0.00190	0.00236	0.00153	0.00090	0.00095	0.00027	0.00118	0.00080	0.00052	0.27056
5	0.05877	0.00363	0.00456	0.00351	0.00433	0.39268	0.51061	0.00365	0.00261	0.00308	0.00186	0.00236	0.00145	0.00096	0.00107	0.00031	0.00175	0.00096	0.00054	0.00130

[dist]
# distance from previous block
# <min> <max>
1	11

[block]
# block no. 2 follows, 316 sequences, length 21
# corresponding to MSA columns:
# 471,476-495
name=unknown_C
#
# <colnr> <probs for GDERKNQSTAVLIFYWHMCP>
#	G	D	E	R	K	N	Q	S	T	A	V	L	I	F	Y	W	H	M	C	P
0	0.02118	0.00246	0.00408	0.03450	0.86850	0.00249	0.00309	0.04498	0.00246	0.00353	0.00196	0.00256	0.00163	0.00094	0.00102	0.00031	0.00123	0.00092	0.00054	0.00163
1	0.56801	0.00235	0.00219	0.02771	0.00262	0.00268	0.00150	0.37330	0.00299	0.00534	0.00186	0.00203	0.00138	0.00108	0.00081	0.00032	0.00095	0.00072	0.00079	0.00138
2	0.15941	0.00215	0.00269	0.01512	0.17833	0.02230	0.00185	0.12034	0.03338	0.43852	0.01386	0.00295	0.00213	0.00117	0.00098	0.00032	0.00099	0.00094	0.00097	0.00161
3	0.00282	0.00254	0.00388	0.02102	0.60687	0.07734	0.08426	0.01479	0.02973	0.09644	0.04840	0.00292	0.00214	0.00104	0.00105	0.00031	0.00125	0.00100	0.00064	0.00156
4	0.02818	0.00179	0.00279	0.00221	0.00279	0.01902	0.21700	0.01243	0.05355	0.20905	0.41885	0.00526	0.00551	0.00157	0.00116	0.00033	0.00092	0.01530	0.00100	0.00130
5	0.03020	0.00274	0.00544	0.04345	0.07890	0.02985	0.73431	0.01863	0.00248	0.04036	0.00213	0.00275	0.00160	0.00092	0.00117	0.00034	0.00163	0.00114	0.00056	0.00142
6	0.01011	0.00259	0.01851	0.08575	0.69001	0.03368	0.09700	0.00328	0.00984	0.02573	0.00206	0.00268	0.00168	0.00099	0.00109	0.00033	0.01158	0.00096	0.00055	0.00159
7	0.00192	0.00186	0.07126	0.00226	0.00272	0.00849	0.20584	0.00244	0.02404	0.03962	0.02157	0.01625	0.01821	0.21108	0.32070	0.00093	0.01851	0.03062	0.00063	0.00106
8	0.00141	0.00109	0.00128	0.00128	0.01659	0.00096	0.00094	0.00178	0.00263	0.01469	0.44377	0.01923	0.47484	0.00236	0.00122	0.00034	0.00053	0.01306	0.00104	0.00095
9	0.00300	0.01426	0.09714	0.02341	0.24762	0.03290	0.31629	0.01829	0.01727	0.21564	0.00249	0.00281	0.00180	0.00101	0.00109	0.00033	0.00137	0.00103	0.00070	0.00155
10	0.01403	0.00276	0.03414	0.05369	0.03264	0.09730	0.43057	0.06835	0.09383	0.06077	0.01399	0.03040	0.02417	0.00118	0.00118	0.00034	0.02291	0.01565	0.00069	0.00140
11	0.00143	0.00107	0.00135	0.00136	0.00161	0.00096	0.01456	0.00179	0.00253	0.01675	0.40538	0.22359	0.26399	0.00253	0.00126	0.00036	0.00058	0.05695	0.00104	0.00094
12	0.00256	0.01148	0.12649	0.01329	0.17008	0.01197	0.35946	0.02153	0.17277	0.04765	0.02686	0.00300	0.00209	0.00108	0.00116	0.00034	0.02494	0.00109	0.00066	0.00151
13	0.01153	0.01199	0.01126	0.03210	0.16934	0.04979	0.28679	0.11638	0.05477	0.11928	0.03473	0.02165	0.00216	0.00118	0.00127	0.00034	0.07214	0.00109	0.00073	0.00148
14	0.01110	0.00281	0.01666	0.01516	0.00477	0.03314	0.67086	0.12847	0.03944	0.06343	0.00233	0.00280	0.00171	0.00098	0.00116	0.00034	0.00157	0.00114	0.00066	0.00147
15	0.00256	0.01286	0.02941	0.00206	0.03105	0.00157	0.10527	0.06097	0.01194	0.22915	0.45137	0.02274	0.00588	0.00172	0.00775	0.00034	0.00085	0.02016	0.00104	0.00130
16	0.01444	0.01216	0.05621	0.01478	0.28016	0.03511	0.14079	0.14027	0.03719	0.19818	0.01035	0.01560	0.00611	0.00121	0.00724	0.00033	0.00123	0.02629	0.00079	0.00157
17	0.05048	0.02684	0.02558	0.02233	0.01964	0.08791	0.11367	0.15328	0.05854	0.10837	0.03074	0.01330	0.00638	0.05471	0.06501	0.00044	0.03336	0.03801	0.00078	0.09064
18	0.29183	0.00979	0.00244	0.01283	0.07998	0.04964	0.03463	0.08717	0.03581	0.26395	0.05350	0.00310	0.02510	0.00120	0.00093	0.00031	0.00096	0.00962	0.00088	0.03633
19	0.47705	0.01878	0.00278	0.00848	0.13562	0.04742	0.12728	0.03082	0.00710	0.03755	0.01571	0.00723	0.00819	0.00101	0.00086	0.00031	0.00836	0.00079	0.00064	0.06403
20	0.02286	0.08520	0.01583	0.03105	0.28343	0.13767	0.11566	0.07943	0.13951	0.03238	0.01938	0.00665	0.00679	0.00478	0.00103	0.00031	0.00127	0.00585	0.00067	0.01024

[dist]
# distance from previous block
# <min> <max>
6	22

[block]
# block no. 3 follows, 316 sequences, length 6
# corresponding to MSA columns:
# 520-525
name=unknown_D
#
# <colnr> <probs for GDERKNQSTAVLIFYWHMCP>
#	G	D	E	R	K	N	Q	S	T	A	V	L	I	F	Y	W	H	M	C	P
0	0.04453	0.06423	0.03006	0.10845	0.31310	0.04487	0.05187	0.09177	0.04195	0.09981	0.00267	0.06659	0.02010	0.00122	0.00102	0.00032	0.00116	0.00107	0.01377	0.00146
1	0.00264	0.03149	0.28394	0.05258	0.40497	0.05031	0.03027	0.00338	0.00238	0.09974	0.00221	0.02760	0.00174	0.00105	0.00102	0.00032	0.00132	0.00093	0.00058	0.00154
2	0.00252	0.00243	0.02970	0.04422	0.78612	0.00235	0.03369	0.00313	0.00236	0.02943	0.00233	0.02852	0.02641	0.00105	0.00105	0.00032	0.00122	0.00102	0.00055	0.00158
3	0.01757	0.05822	0.29653	0.01906	0.14643	0.01371	0.02357	0.02743	0.03750	0.18681	0.01686	0.10822	0.01721	0.01296	0.00109	0.00034	0.00115	0.01312	0.00074	0.00146
4	0.00315	0.24273	0.15490	0.03311	0.06309	0.03173	0.07550	0.02276	0.00252	0.29427	0.00271	0.02840	0.00208	0.00118	0.00097	0.00031	0.00118	0.03717	0.00076	0.00149
5	0.00276	0.06116	0.24521	0.00394	0.37867	0.00231	0.02384	0.03510	0.00247	0.16176	0.00265	0.05012	0.02306	0.00116	0.00102	0.00032	0.00121	0.00102	0.00067	0.00156

[dist]
# distance from previous block
# <min> <max>
0	2

[block]
# block no. 4 follows, 316 sequences, length 6
# corresponding to MSA columns:
# 528-533
name=unknown_E
#
# <colnr> <probs for GDERKNQSTAVLIFYWHMCP>
#	G	D	E	R	K	N	Q	S	T	A	V	L	I	F	Y	W	H	M	C	P
0	0.04936	0.09535	0.06114	0.05427	0.46691	0.00244	0.08387	0.00340	0.00238	0.14555	0.00240	0.00276	0.02353	0.00102	0.00100	0.00031	0.00120	0.00093	0.00063	0.00154
1	0.04926	0.04614	0.23727	0.16796	0.11985	0.00218	0.03460	0.01971	0.02075	0.20144	0.00280	0.05580	0.02104	0.00124	0.00102	0.00033	0.00119	0.01527	0.00071	0.00144
2	0.00237	0.01841	0.12785	0.14337	0.27881	0.01529	0.04827	0.00302	0.02081	0.09425	0.01927	0.14196	0.01887	0.00140	0.00107	0.00033	0.00114	0.01487	0.00068	0.04796
3	0.00256	0.15088	0.13233	0.15828	0.24723	0.01825	0.04460	0.02570	0.01996	0.08909	0.00247	0.06446	0.00211	0.00122	0.00101	0.00032	0.00122	0.03627	0.00062	0.00142
4	0.00216	0.03525	0.76427	0.00298	0.04138	0.00235	0.04253	0.00321	0.00223	0.02979	0.00229	0.03866	0.02611	0.00111	0.00101	0.00033	0.00144	0.00091	0.00050	0.00149
5	0.00203	0.04208	0.08722	0.00187	0.01970	0.01831	0.01918	0.00259	0.07086	0.11685	0.02897	0.44108	0.05175	0.00248	0.02364	0.00041	0.00088	0.06806	0.00091	0.00114

[dist]
# distance from previous block
# <min> <max>
7	20

[block]
# block no. 5 follows, 316 sequences, length 7
# corresponding to MSA columns:
# 560-566
name=unknown_F
#
# <colnr> <probs for GDERKNQSTAVLIFYWHMCP>
#	G	D	E	R	K	N	Q	S	T	A	V	L	I	F	Y	W	H	M	C	P
0	0.00251	0.14193	0.00512	0.00358	0.06005	0.03042	0.56088	0.00332	0.04901	0.00324	0.00205	0.00256	0.00161	0.00090	0.00106	0.00030	0.00146	0.00101	0.00055	0.12843
1	0.00256	0.00230	0.00392	0.02327	0.57863	0.00229	0.14034	0.02286	0.05103	0.04789	0.06711	0.00313	0.00235	0.00106	0.00106	0.00032	0.00119	0.00105	0.04608	0.00153
2	0.00175	0.00121	0.00149	0.00135	0.00173	0.00105	0.00102	0.00217	0.00263	0.07235	0.49127	0.10374	0.14457	0.00203	0.00114	0.00031	0.00058	0.00177	0.02651	0.14134
3	0.07506	0.07178	0.04558	0.00257	0.14100	0.03064	0.00188	0.19689	0.03230	0.11119	0.00225	0.00241	0.00170	0.00101	0.00090	0.00026	0.00102	0.00079	0.00076	0.27999
4	0.00248	0.00198	0.00295	0.03809	0.43609	0.00200	0.00216	0.00331	0.14033	0.09837	0.06804	0.02571	0.02173	0.12220	0.00159	0.00041	0.00102	0.00117	0.00075	0.02962
5	0.71837	0.05692	0.00181	0.00146	0.00205	0.05850	0.00119	0.00296	0.00203	0.00434	0.13978	0.00258	0.00241	0.00113	0.00075	0.00031	0.00084	0.00076	0.00070	0.00112
6	0.00230	0.00138	0.00170	0.00150	0.00193	0.00130	0.00117	0.04742	0.06768	0.20368	0.47343	0.00682	0.15760	0.00196	0.00117	0.00033	0.00064	0.02565	0.00113	0.00121

[dist]
# distance from previous block
# <min> <max>
0	11

[block]
# block no. 6 follows, 316 sequences, length 12
# corresponding to MSA columns:
# 578-589
name=unknown_G
#
# <colnr> <probs for GDERKNQSTAVLIFYWHMCP>
#	G	D	E	R	K	N	Q	S	T	A	V	L	I	F	Y	W	H	M	C	P
0	0.00283	0.91896	0.00532	0.00182	0.00269	0.04909	0.00179	0.00316	0.00215	0.00245	0.00145	0.00168	0.00133	0.00090	0.00068	0.00022	0.00115	0.00056	0.00045	0.00133
1	0.00215	0.00185	0.00215	0.00154	0.00246	0.00138	0.00123	0.00261	0.00215	0.00338	0.00185	0.00215	0.00154	0.00077	0.00077	0.00015	0.00077	0.00062	0.00062	0.96985
2	0.00266	0.00244	0.00414	0.00618	0.91600	0.00243	0.00312	0.00327	0.00239	0.04442	0.00205	0.00261	0.00168	0.00094	0.00103	0.00031	0.00122	0.00093	0.00055	0.00165
3	0.00329	0.00256	0.00274	0.00226	0.00296	0.00287	0.00183	0.52733	0.38839	0.00550	0.00333	0.00347	0.00253	0.00139	0.00106	0.00034	0.00100	0.04444	0.00104	0.00168
4	0.00141	0.00106	0.00131	0.00126	0.00152	0.00097	0.00094	0.00181	0.00266	0.00361	0.60040	0.02628	0.26045	0.03134	0.04518	0.00042	0.00063	0.01677	0.00105	0.00094
5	0.00141	0.00103	0.00133	0.00141	0.00158	0.00098	0.00100	0.00182	0.03754	0.00332	0.39327	0.47967	0.02049	0.01825	0.01840	0.00041	0.00061	0.01551	0.00103	0.00093
6	0.00194	0.00097	0.00097	0.00097	0.00121	0.00097	0.00073	0.00242	0.00218	0.00387	0.00339	0.00387	0.00266	0.00121	0.00073	0.00024	0.00048	0.00097	0.96927	0.00097
7	0.00320	0.00256	0.19945	0.00228	0.00315	0.01699	0.11298	0.02181	0.00271	0.42809	0.09050	0.01807	0.07653	0.00140	0.00109	0.00033	0.00107	0.01532	0.00096	0.00150
8	0.00165	0.00119	0.00134	0.00132	0.00137	0.03413	0.00083	0.00172	0.00162	0.01589	0.00317	0.03469	0.00353	0.72628	0.12919	0.01448	0.02481	0.00144	0.00063	0.00072
9	0.00159	0.00108	0.00133	0.00131	0.00133	0.00115	0.00083	0.00158	0.00151	0.00206	0.00294	0.00581	0.00328	0.69103	0.10729	0.11889	0.05441	0.00136	0.00059	0.00067
10	0.00253	0.00242	0.00414	0.07348	0.89025	0.00246	0.00317	0.00315	0.00234	0.00334	0.00195	0.00258	0.00163	0.00093	0.00103	0.00031	0.00124	0.00093	0.00051	0.00161
11	0.00301	0.00240	0.00409	0.01929	0.12710	0.04514	0.36917	0.02365	0.01210	0.23989	0.06784	0.01453	0.00245	0.00118	0.00128	0.00034	0.06315	0.00115	0.00077	0.00147

[dist]
# distance from previous block
# <min> <max>
0	1

[block]
# block no. 7 follows, 316 sequences, length 6
# corresponding to MSA columns:
# 591-596
name=unknown_H
#
# <colnr> <probs for GDERKNQSTAVLIFYWHMCP>
#	G	D	E	R	K	N	Q	S	T	A	V	L	I	F	Y	W	H	M	C	P
0	0.84606	0.00216	0.00169	0.00149	0.00214	0.04323	0.00122	0.04418	0.00200	0.04584	0.00161	0.00181	0.00122	0.00099	0.00069	0.00032	0.00087	0.00060	0.00068	0.00118
1	0.01801	0.01655	0.00416	0.03247	0.07628	0.14012	0.38716	0.02807	0.05835	0.02168	0.01504	0.05267	0.02313	0.00127	0.00137	0.00035	0.10637	0.01498	0.00062	0.00133
2	0.00194	0.00097	0.00097	0.00097	0.00121	0.00097	0.00073	0.00242	0.00218	0.00387	0.00339	0.00387	0.00266	0.00121	0.00073	0.00024	0.00048	0.00097	0.96927	0.00097
3	0.03450	0.12223	0.26922	0.00256	0.02974	0.00252	0.09498	0.03646	0.19993	0.11464	0.01929	0.01648	0.01746	0.00122	0.00104	0.00033	0.01519	0.01997	0.00074	0.00150
4	0.00252	0.00241	0.00412	0.08714	0.87666	0.00245	0.00316	0.00314	0.00234	0.00333	0.00194	0.00259	0.00162	0.00093	0.00103	0.00031	0.00125	0.00093	0.00051	0.00160
5	0.82500	0.03742	0.00187	0.00162	0.03588	0.00241	0.00127	0.04465	0.00198	0.03794	0.00160	0.00182	0.00123	0.00098	0.00069	0.00032	0.00085	0.00061	0.00067	0.00120

[dist]
# distance from previous block
# <min> <max>
1	7

[block]
# block no. 8 follows, 316 sequences, length 12
# corresponding to MSA columns:
# 605,609-617,621,622
name=unknown_I
#
# <colnr> <probs for GDERKNQSTAVLIFYWHMCP>
#	G	D	E	R	K	N	Q	S	T	A	V	L	I	F	Y	W	H	M	C	P
0	0.02442	0.00244	0.00395	0.15016	0.76289	0.03178	0.00306	0.00313	0.00233	0.00328	0.00191	0.00256	0.00158	0.00095	0.00102	0.00031	0.00127	0.00091	0.00051	0.00155
1	0.00194	0.00097	0.00097	0.00097	0.00121	0.00097	0.00073	0.00242	0.00218	0.00387	0.00339	0.00387	0.00266	0.00121	0.00073	0.00024	0.00048	0.00097	0.96927	0.00097
2	0.00254	0.00244	0.00416	0.05057	0.91305	0.00246	0.00317	0.00316	0.00235	0.00336	0.00195	0.00258	0.00163	0.00093	0.00103	0.00031	0.00124	0.00093	0.00051	0.00162
3	0.00151	0.00102	0.00119	0.00119	0.00121	0.00104	0.00070	0.00155	0.00153	0.00206	0.00322	0.00649	0.00364	0.85628	0.11233	0.00108	0.00121	0.00147	0.00062	0.00066
4	0.04587	0.00269	0.00294	0.00226	0.00308	0.00292	0.00187	0.76566	0.00445	0.15368	0.00270	0.00262	0.00186	0.00124	0.00102	0.00031	0.00109	0.00094	0.00106	0.00174
5	0.00227	0.00227	0.00318	0.00273	0.00273	0.00318	0.00227	0.00250	0.00159	0.00250	0.00136	0.00227	0.00136	0.00182	0.00341	0.00045	0.96160	0.00091	0.00045	0.00114
6	0.00290	0.78549	0.03063	0.00192	0.00279	0.06811	0.00185	0.05978	0.03335	0.00278	0.00162	0.00181	0.00142	0.00094	0.00073	0.00024	0.00117	0.00061	0.00051	0.00137
7	0.00167	0.00140	0.00165	0.00182	0.04310	0.06248	0.00124	0.01047	0.01066	0.01130	0.02774	0.64446	0.03685	0.00269	0.00134	0.00039	0.04364	0.03757	0.00088	0.05863
8	0.02215	0.17904	0.08095	0.00234	0.01422	0.25553	0.01196	0.17133	0.12171	0.12739	0.00241	0.00245	0.00180	0.00113	0.00094	0.00029	0.00129	0.00082	0.00076	0.00149
9	0.00198	0.01248	0.00175	0.00166	0.03690	0.00117	0.02571	0.00238	0.00260	0.14506	0.35239	0.15759	0.17569	0.00218	0.00120	0.00035	0.00067	0.04693	0.01178	0.01956
10	0.13733	0.10593	0.50172	0.00253	0.00369	0.04811	0.05107	0.03425	0.00231	0.05497	0.01304	0.00236	0.00155	0.00103	0.00092	0.00031	0.00133	0.01380	0.00056	0.02317
11	0.02658	0.00190	0.00320	0.86622	0.05465	0.00232	0.02524	0.00271	0.00209	0.00276	0.00185	0.00273	0.00140	0.00103	0.00103	0.00034	0.00137	0.00092	0.00047	0.00118

[dist]
# distance from previous block
# <min> <max>
1	2

[block]
# block no. 9 follows, 316 sequences, length 13
# corresponding to MSA columns:
# 626-638
name=unknown_J
#
# <colnr> <probs for GDERKNQSTAVLIFYWHMCP>
#	G	D	E	R	K	N	Q	S	T	A	V	L	I	F	Y	W	H	M	C	P
0	0.15212	0.01833	0.01080	0.01199	0.00246	0.00201	0.02402	0.13237	0.17184	0.21834	0.13232	0.00383	0.02239	0.00136	0.00098	0.00032	0.00083	0.00110	0.09117	0.00142
1	0.01999	0.02528	0.60700	0.00264	0.01270	0.00941	0.03004	0.01527	0.04610	0.13002	0.03236	0.04934	0.00212	0.00119	0.00101	0.00033	0.00131	0.00097	0.00064	0.01227
2	0.00257	0.00247	0.00421	0.00637	0.95703	0.00247	0.00319	0.00319	0.00236	0.00339	0.00195	0.00257	0.00164	0.00093	0.00103	0.00031	0.00123	0.00093	0.00051	0.00164
3	0.00201	0.00180	0.00285	0.44863	0.23603	0.00197	0.00239	0.01303	0.00227	0.02421	0.02012	0.03062	0.19638	0.00144	0.00109	0.00034	0.00112	0.01186	0.00063	0.00122
4	0.04802	0.38824	0.00390	0.00213	0.00290	0.19237	0.00184	0.32334	0.00319	0.00397	0.00187	0.00203	0.00150	0.00105	0.00085	0.00027	0.00125	0.00071	0.01915	0.00144
5	0.00138	0.00100	0.00124	0.00136	0.00154	0.00091	0.00097	0.00164	0.00224	0.02316	0.13238	0.50850	0.24836	0.01871	0.00135	0.00040	0.00060	0.05239	0.00099	0.00089
6	0.00152	0.00116	0.00170	0.00168	0.00185	0.00136	0.00130	0.00186	0.00166	0.00239	0.00275	0.00416	0.00261	0.06199	0.86495	0.00158	0.04288	0.00113	0.00056	0.00092
7	0.00272	0.04499	0.11367	0.00224	0.02200	0.01347	0.04332	0.15913	0.29185	0.08800	0.11265	0.00403	0.05576	0.01122	0.00765	0.00034	0.01039	0.00117	0.01392	0.00148
8	0.00277	0.83239	0.08411	0.00188	0.00282	0.00385	0.00194	0.00324	0.02377	0.03291	0.00163	0.00182	0.00141	0.00092	0.00071	0.00024	0.00113	0.00060	0.00048	0.00137
9	0.06083	0.09790	0.07648	0.05354	0.10118	0.02602	0.03110	0.08218	0.16589	0.13697	0.02650	0.02931	0.04018	0.00139	0.00768	0.00034	0.00709	0.04188	0.00082	0.01273
10	0.01333	0.02372	0.07673	0.78480	0.02277	0.01318	0.00286	0.00282	0.00212	0.03308	0.00190	0.00269	0.00142	0.00105	0.00105	0.00034	0.01355	0.00090	0.00049	0.00121
11	0.04982	0.45749	0.19492	0.00238	0.06590	0.01961	0.02223	0.02089	0.02134	0.03179	0.00185	0.01453	0.00157	0.02035	0.00907	0.00030	0.02271	0.00074	0.00053	0.04199
12	0.09756	0.16049	0.34391	0.00246	0.03485	0.10053	0.03047	0.01561	0.03143	0.06713	0.04848	0.03317	0.01670	0.00116	0.00093	0.00031	0.00125	0.00090	0.00062	0.01205

[dist]
# distance from previous block
# <min> <max>
0	19

[block]
# block no. 10 follows, 316 sequences, length 18
# corresponding to MSA columns:
# 661-667,669-679
name=unknown_K
#
# <colnr> <probs for GDERKNQSTAVLIFYWHMCP>
#	G	D	E	R	K	N	Q	S	T	A	V	L	I	F	Y	W	H	M	C	P
0	0.05934	0.00143	0.00176	0.00187	0.00220	0.02127	0.00161	0.04893	0.00248	0.00337	0.01376	0.00997	0.03654	0.00254	0.00132	0.00044	0.00095	0.74767	0.00092	0.04164
1	0.06890	0.37939	0.33221	0.00234	0.03632	0.01176	0.00246	0.01984	0.01281	0.11063	0.01345	0.00220	0.00159	0.00100	0.00085	0.00028	0.00121	0.00073	0.00058	0.00145
2	0.03704	0.25443	0.10539	0.00277	0.12358	0.24909	0.01636	0.04835	0.07296	0.02030	0.00216	0.05917	0.00187	0.00116	0.00092	0.00029	0.00131	0.00088	0.00060	0.00138
3	0.00177	0.00091	0.00136	0.00138	0.00140	0.00091	0.00094	0.00139	0.00143	0.00191	0.00219	0.06045	0.00228	0.00356	0.00379	0.87162	0.00089	0.04083	0.00050	0.00050
4	0.00283	0.83001	0.00505	0.00185	0.00270	0.02521	0.00178	0.03626	0.08096	0.00274	0.00171	0.00188	0.00150	0.00095	0.00072	0.00024	0.00110	0.00062	0.00052	0.00137
5	0.00234	0.07082	0.42631	0.00333	0.01736	0.00252	0.36222	0.00331	0.01792	0.03634	0.02475	0.01167	0.01418	0.00102	0.00107	0.00033	0.00150	0.00101	0.00054	0.00145
6	0.00297	0.07619	0.40279	0.01489	0.12264	0.04053	0.01398	0.04596	0.04252	0.22390	0.00248	0.00260	0.00175	0.00107	0.00099	0.00031	0.00128	0.00086	0.00070	0.00158
7	0.00264	0.04641	0.07304	0.01392	0.61742	0.00248	0.06078	0.00350	0.09058	0.06004	0.00233	0.00284	0.00187	0.00102	0.00103	0.00032	0.00122	0.01635	0.00061	0.00160
8	0.00127	0.00090	0.00120	0.00145	0.00151	0.00084	0.00096	0.00145	0.00199	0.00265	0.00572	0.96283	0.00687	0.00325	0.00133	0.00042	0.00060	0.00295	0.00096	0.00084
9	0.00241	0.03699	0.45435	0.17969	0.06502	0.04359	0.04812	0.00326	0.00229	0.09390	0.00229	0.05944	0.00181	0.00115	0.00102	0.00033	0.00138	0.00097	0.00057	0.00142
10	0.00263	0.10342	0.39137	0.03007	0.17762	0.03034	0.04576	0.12235	0.01451	0.04276	0.00211	0.01809	0.00163	0.00113	0.01153	0.00033	0.00136	0.00087	0.00059	0.00153
11	0.00176	0.00113	0.00150	0.00141	0.00171	0.00105	0.00110	0.00224	0.00289	0.08467	0.77966	0.00780	0.00880	0.00213	0.00123	0.00034	0.00057	0.09783	0.00114	0.00104
12	0.00143	0.00106	0.00133	0.00126	0.00152	0.00096	0.00094	0.00187	0.00283	0.00392	0.78331	0.00817	0.18313	0.00222	0.00123	0.00033	0.00050	0.00194	0.00111	0.00096
13	0.02433	0.02565	0.26349	0.01298	0.04396	0.17517	0.02843	0.08685	0.07576	0.06163	0.01043	0.14221	0.00806	0.00147	0.00107	0.00033	0.01158	0.02450	0.00072	0.00137
14	0.01829	0.00965	0.02094	0.02396	0.40469	0.02504	0.12142	0.32553	0.01521	0.00443	0.00223	0.01982	0.00176	0.00108	0.00105	0.00032	0.00127	0.00099	0.00071	0.00161
15	0.00258	0.00251	0.00413	0.04736	0.89040	0.02828	0.00314	0.00319	0.00237	0.00334	0.00194	0.00256	0.00163	0.00093	0.00103	0.00031	0.00126	0.00092	0.00051	0.00161
16	0.05391	0.01750	0.00336	0.01761	0.06994	0.02626	0.08906	0.01659	0.00827	0.02559	0.00174	0.02253	0.00162	0.00826	0.00742	0.00042	0.61824	0.00991	0.00053	0.00122
17	0.69917	0.01829	0.02305	0.02771	0.04312	0.02526	0.02291	0.04315	0.03738	0.04066	0.00179	0.00207	0.00138	0.00102	0.00075	0.00032	0.00092	0.00912	0.00068	0.00124

[dist]
# distance from previous block
# <min> <max>
7	24

[block]
# block no. 11 follows, 316 sequences, length 22
# corresponding to MSA columns:
# 734-755
name=unknown_L
#
# <colnr> <probs for GDERKNQSTAVLIFYWHMCP>
#	G	D	E	R	K	N	Q	S	T	A	V	L	I	F	Y	W	H	M	C	P
0	0.00144	0.00106	0.00135	0.00127	0.00153	0.00097	0.00096	0.00190	0.00287	0.00399	0.83549	0.00804	0.13089	0.00219	0.00123	0.00033	0.00049	0.00192	0.00112	0.00097
1	0.00194	0.00097	0.00097	0.00097	0.00121	0.00097	0.00073	0.00242	0.00218	0.00387	0.00339	0.00387	0.00266	0.00121	0.00073	0.00024	0.00048	0.00097	0.96927	0.00097
2	0.00254	0.00243	0.00414	0.05169	0.89380	0.00247	0.00316	0.00315	0.00234	0.00334	0.00194	0.00257	0.00163	0.00095	0.00107	0.00031	0.01942	0.00092	0.00051	0.00161
3	0.00169	0.00139	0.00187	0.00177	0.00187	0.01473	0.00134	0.00193	0.00163	0.00233	0.00259	0.00438	0.00263	0.26054	0.48763	0.00121	0.20787	0.00117	0.00055	0.00090
4	0.00151	0.00101	0.00113	0.00113	0.00113	0.00101	0.00063	0.00151	0.00151	0.00201	0.00327	0.00680	0.00378	0.96351	0.00529	0.00101	0.00101	0.00151	0.00063	0.00063
5	0.00129	0.00097	0.00119	0.00134	0.00150	0.00089	0.00093	0.00154	0.01418	0.00279	0.05246	0.63040	0.26908	0.00300	0.00129	0.00040	0.00058	0.01431	0.00097	0.00087
6	0.00240	0.29370	0.52881	0.00267	0.00390	0.00964	0.07910	0.02304	0.00867	0.01389	0.00181	0.00213	0.00139	0.00104	0.01062	0.00031	0.01419	0.00075	0.00048	0.00146
7	0.00464	0.00180	0.00243	0.00186	0.00267	0.00157	0.00154	0.02984	0.00302	0.93290	0.00405	0.00351	0.00255	0.00128	0.00104	0.00032	0.00089	0.00104	0.00128	0.00177
8	0.00135	0.00107	0.00122	0.00119	0.00149	0.00094	0.00089	0.00175	0.01504	0.00342	0.42883	0.03487	0.49940	0.00241	0.00123	0.00034	0.00052	0.00206	0.00104	0.00093
9	0.00211	0.04008	0.92364	0.00292	0.00443	0.00247	0.00376	0.00328	0.00219	0.00326	0.00185	0.00217	0.00132	0.00098	0.00097	0.00032	0.00152	0.00076	0.00044	0.00153
10	0.02440	0.09593	0.06815	0.01721	0.17166	0.39162	0.02048	0.06302	0.08173	0.03235	0.00209	0.01761	0.00170	0.00110	0.00097	0.00029	0.00683	0.00083	0.00062	0.00140
11	0.22430	0.00316	0.01786	0.07799	0.11723	0.30206	0.09080	0.10225	0.00266	0.02230	0.00189	0.00231	0.00149	0.00109	0.00643	0.00032	0.00138	0.01076	0.01239	0.00132
12	0.00246	0.00238	0.00409	0.04201	0.72317	0.00239	0.09733	0.00319	0.04916	0.00336	0.00234	0.03739	0.01462	0.01028	0.00110	0.00033	0.00124	0.00106	0.00056	0.00155
13	0.00148	0.00111	0.00164	0.00164	0.00182	0.00128	0.00126	0.00184	0.00166	0.00239	0.00281	0.00421	0.00265	0.05504	0.91221	0.00164	0.00269	0.00113	0.00056	0.00091
14	0.97084	0.00201	0.00153	0.00137	0.00201	0.00233	0.00112	0.00305	0.00177	0.00466	0.00145	0.00169	0.00112	0.00096	0.00064	0.00032	0.00080	0.00056	0.00064	0.00112
15	0.00180	0.00090	0.00135	0.00135	0.00135	0.00090	0.00089	0.00136	0.00136	0.00181	0.00185	0.00326	0.00186	0.03153	0.00409	0.94161	0.00090	0.00092	0.00046	0.00046
16	0.00151	0.00102	0.00117	0.02009	0.00126	0.00103	0.00068	0.00153	0.00153	0.00204	0.00330	0.02681	0.00379	0.92432	0.00512	0.00098	0.00101	0.00153	0.00063	0.00064
17	0.00180	0.00090	0.00135	0.00135	0.00135	0.00090	0.00090	0.00135	0.00135	0.00180	0.00180	0.00316	0.00180	0.00361	0.00406	0.96979	0.00090	0.00090	0.00045	0.00045
18	0.00229	0.01700	0.27885	0.00243	0.02049	0.03833	0.09674	0.07334	0.12650	0.03502	0.24689	0.01135	0.04338	0.00144	0.00109	0.00033	0.00110	0.00124	0.00081	0.00137
19	0.00194	0.00097	0.00097	0.00097	0.00121	0.00097	0.00073	0.00242	0.00218	0.00387	0.00339	0.00387	0.00266	0.00121	0.00073	0.00024	0.00048	0.00097	0.96927	0.00097
20	0.01578	0.00187	0.00224	0.00165	0.01602	0.00143	0.01746	0.00264	0.00216	0.00340	0.00185	0.00216	0.00153	0.00078	0.00078	0.00016	0.00079	0.00063	0.00061	0.92605
21	0.16674	0.01383	0.00271	0.00241	0.01081	0.67104	0.00183	0.07006	0.00287	0.03089	0.01687	0.00203	0.00150	0.00108	0.00090	0.00028	0.00158	0.00070	0.00062	0.00125

[dist]
# distance from previous block
# <min> <max>
2	5

[block]
# block no. 12 follows, 316 sequences, length 20
# corresponding to MSA columns:
# 774-793
name=unknown_M
#
# <colnr> <probs for GDERKNQSTAVLIFYWHMCP>
#	G	D	E	R	K	N	Q	S	T	A	V	L	I	F	Y	W	H	M	C	P
0	0.02833	0.11570	0.03767	0.02336	0.33816	0.11374	0.02020	0.09709	0.10139	0.05290	0.02275	0.00769	0.02262	0.00114	0.00099	0.00031	0.00120	0.01258	0.00069	0.00150
1	0.00194	0.00097	0.00097	0.00097	0.00121	0.00097	0.00073	0.00242	0.00218	0.00387	0.00339	0.00387	0.00266	0.00121	0.00073	0.00024	0.00048	0.00097	0.96927	0.00097
2	0.00192	0.00168	0.00259	0.01094	0.20471	0.00176	0.06074	0.00239	0.00229	0.00308	0.03602	0.00753	0.13158	0.01304	0.00159	0.00041	0.12311	0.39269	0.00077	0.00114
3	0.00148	0.00111	0.00165	0.00165	0.00183	0.00129	0.00128	0.00184	0.00166	0.00240	0.00280	0.00417	0.00263	0.03933	0.92790	0.00165	0.00272	0.00113	0.00056	0.00092
4	0.00207	0.00196	0.00335	0.71847	0.18290	0.00230	0.03284	0.00275	0.00217	0.00287	0.03716	0.00292	0.00175	0.00105	0.00105	0.00034	0.00133	0.00097	0.00050	0.00125
5	0.00227	0.00227	0.00318	0.00273	0.00273	0.00318	0.00227	0.00250	0.00159	0.00250	0.00136	0.00227	0.00136	0.00182	0.00341	0.00045	0.96160	0.00091	0.00045	0.00114
6	0.01128	0.00193	0.00248	0.02700	0.02549	0.01861	0.00162	0.10612	0.01026	0.72866	0.01787	0.00342	0.00251	0.00127	0.00103	0.00032	0.00093	0.00103	0.03649	0.00169
7	0.00127	0.00090	0.00120	0.00145	0.00151	0.00084	0.00096	0.00145	0.00199	0.00265	0.00572	0.96283	0.00687	0.00325	0.00133	0.00042	0.00060	0.00295	0.00096	0.00084
8	0.00215	0.00185	0.00215	0.00154	0.00246	0.00138	0.00123	0.00261	0.00215	0.00338	0.00185	0.00215	0.00154	0.00077	0.00077	0.00015	0.00077	0.00062	0.00062	0.96985
9	0.00223	0.00189	0.01361	0.00166	0.01367	0.00143	0.01355	0.00942	0.00222	0.03279	0.01834	0.00983	0.00179	0.00085	0.00081	0.00017	0.00080	0.00841	0.00065	0.86588
10	0.92355	0.01804	0.01880	0.00142	0.00208	0.01608	0.00120	0.00307	0.00180	0.00457	0.00146	0.00170	0.00113	0.00096	0.00065	0.00032	0.00084	0.00057	0.00063	0.00114
11	0.00150	0.00103	0.00124	0.00124	0.00128	0.00106	0.00076	0.00158	0.00154	0.00209	0.00318	0.00626	0.00354	0.77469	0.19378	0.00114	0.00136	0.00143	0.00061	0.00069
12	0.00150	0.00118	0.01990	0.00141	0.01844	0.00103	0.00107	0.00198	0.00282	0.01330	0.76064	0.00791	0.13813	0.00216	0.00122	0.00033	0.00054	0.02434	0.00109	0.00100
13	0.00128	0.00092	0.00120	0.00142	0.00149	0.00086	0.00094	0.00146	0.00200	0.00266	0.02745	0.86493	0.03760	0.04860	0.00151	0.00044	0.00062	0.00283	0.00095	0.00084
14	0.00257	0.00247	0.00414	0.04633	0.85972	0.01518	0.02153	0.01916	0.00240	0.00340	0.00205	0.00265	0.01178	0.00095	0.00103	0.00031	0.00125	0.00094	0.00053	0.00161
15	0.00286	0.00247	0.01300	0.08545	0.40277	0.00263	0.00249	0.21098	0.24047	0.02226	0.00267	0.00291	0.00204	0.00113	0.00104	0.00032	0.00112	0.00099	0.00077	0.00163
16	0.00263	0.32518	0.05784	0.02987	0.32035	0.02147	0.15785	0.02735	0.00235	0.01143	0.00805	0.00245	0.00162	0.00097	0.00097	0.00029	0.01201	0.01532	0.00052	0.00146
17	0.03414	0.01984	0.19460	0.10018	0.34656	0.00790	0.08528	0.01551	0.00238	0.07125	0.02263	0.00350	0.00216	0.00118	0.00106	0.00034	0.00127	0.08815	0.00061	0.00146
18	0.00260	0.01207	0.05350	0.03321	0.55080	0.00878	0.20829	0.04060	0.04610	0.02229	0.01044	0.00271	0.00176	0.00097	0.00107	0.00032	0.00133	0.00100	0.00058	0.00157
19	0.01139	0.02031	0.06364	0.24633	0.37335	0.01496	0.02829	0.00326	0.01435	0.13484	0.00804	0.03266	0.01519	0.00113	0.00107	0.00033	0.01738	0.00101	0.00063	0.01183

[dist]
# distance from previous block
# <min> <max>
5	14

[block]
# block no. 13 follows, 316 sequences, length 14
# corresponding to MSA columns:
# 810-821,826,827
name=unknown_N
#
# <colnr> <probs for GDERKNQSTAVLIFYWHMCP>
#	G	D	E	R	K	N	Q	S	T	A	V	L	I	F	Y	W	H	M	C	P
0	0.00149	0.00129	0.01418	0.00165	0.06018	0.00114	0.01281	0.00195	0.05426	0.00302	0.07257	0.18578	0.49014	0.01566	0.00127	0.00037	0.00066	0.04926	0.00093	0.03140
1	0.00315	0.05946	0.00278	0.00209	0.00283	0.00269	0.00170	0.39681	0.31975	0.03475	0.00300	0.00293	0.00223	0.00122	0.00098	0.00030	0.00096	0.00095	0.03136	0.13006
2	0.00129	0.00098	0.00118	0.00130	0.00148	0.00088	0.00092	0.00154	0.00222	0.00285	0.10061	0.47869	0.34209	0.02770	0.00139	0.00040	0.00059	0.03205	0.00097	0.00087
3	0.00222	0.02598	0.86504	0.00286	0.00431	0.00242	0.00362	0.02999	0.00230	0.03320	0.01759	0.00232	0.00151	0.00102	0.00099	0.00033	0.00148	0.00079	0.00049	0.00153
4	0.00234	0.33792	0.59300	0.00260	0.00389	0.00301	0.03762	0.00323	0.00217	0.00300	0.00173	0.00203	0.00133	0.00095	0.00088	0.00029	0.00140	0.00071	0.00044	0.00146
5	0.00157	0.00177	0.15250	0.00171	0.00206	0.00127	0.04069	0.00193	0.01371	0.00266	0.03418	0.31044	0.08482	0.28377	0.00251	0.02854	0.01059	0.02361	0.00075	0.00092
6	0.00125	0.00101	0.00112	0.00118	0.00144	0.00087	0.00085	0.00151	0.00230	0.00285	0.06799	0.27636	0.63210	0.00277	0.00125	0.00037	0.00055	0.00238	0.00098	0.00087
7	0.00214	0.07918	0.88478	0.00287	0.00435	0.00254	0.00368	0.00327	0.00219	0.00322	0.00183	0.00215	0.00132	0.00098	0.00096	0.00032	0.00150	0.00075	0.00044	0.00152
8	0.00276	0.03990	0.19414	0.08971	0.11012	0.16251	0.03313	0.11001	0.14136	0.02661	0.03790	0.00305	0.02383	0.00120	0.00104	0.00032	0.00758	0.01269	0.00069	0.00145
9	0.00227	0.02148	0.70709	0.00330	0.05576	0.00247	0.14873	0.01910	0.00230	0.02510	0.00196	0.00233	0.00141	0.00098	0.00102	0.00033	0.00152	0.00085	0.00049	0.00153
10	0.00199	0.00187	0.00317	0.91682	0.05113	0.00231	0.00290	0.00268	0.00209	0.00269	0.00185	0.00276	0.00140	0.00103	0.00104	0.00034	0.00138	0.00092	0.00046	0.00118
11	0.02449	0.00215	0.01142	0.03641	0.07898	0.01075	0.08149	0.09158	0.00254	0.30895	0.00278	0.05241	0.00218	0.00803	0.02196	0.00040	0.25313	0.00808	0.00082	0.00144
12	0.01324	0.00249	0.04709	0.01845	0.51238	0.03859	0.04784	0.02180	0.01435	0.24302	0.00261	0.00304	0.00198	0.00109	0.00104	0.00032	0.00119	0.02714	0.00074	0.00161
13	0.00134	0.00098	0.00126	0.00142	0.00155	0.00093	0.00098	0.00166	0.03536	0.00294	0.14158	0.72721	0.07296	0.00298	0.00129	0.00040	0.00059	0.00268	0.00099	0.00089

[dist]
# distance from previous block
# <min> <max>
1	6

[block]
# block no. 14 follows, 316 sequences, length 32
# corresponding to MSA columns:
# 834-863,866,867
name=unknown_O
#
# <colnr> <probs for GDERKNQSTAVLIFYWHMCP>
#	G	D	E	R	K	N	Q	S	T	A	V	L	I	F	Y	W	H	M	C	P
0	0.02475	0.07959	0.03587	0.00263	0.06367	0.43631	0.01705	0.04019	0.15963	0.09085	0.01179	0.00255	0.00190	0.00114	0.00097	0.00029	0.00822	0.00560	0.00545	0.01152
1	0.03120	0.00149	0.00197	0.02100	0.04741	0.00810	0.04520	0.08808	0.07408	0.00354	0.18090	0.44204	0.01528	0.00663	0.00127	0.00038	0.02224	0.00206	0.00603	0.00110
2	0.00259	0.00228	0.02055	0.00211	0.00272	0.00855	0.00167	0.01135	0.89500	0.01731	0.00426	0.00393	0.02015	0.00142	0.00106	0.00035	0.00084	0.00118	0.00104	0.00163
3	0.00224	0.00203	0.00294	0.11408	0.26053	0.00182	0.03468	0.00278	0.00221	0.00329	0.00194	0.01590	0.00163	0.00088	0.00089	0.00023	0.00100	0.00079	0.00057	0.54957
4	0.00138	0.00106	0.00128	0.00127	0.00154	0.00095	0.00096	0.00177	0.00263	0.00350	0.48701	0.07451	0.34451	0.00243	0.00125	0.00035	0.00054	0.07106	0.00105	0.00093
5	0.00263	0.00234	0.00237	0.00214	0.00272	0.03993	0.00166	0.00546	0.91798	0.00427	0.00412	0.00380	0.00310	0.00140	0.00105	0.00035	0.00086	0.00115	0.00104	0.00163
6	0.01187	0.01568	0.10292	0.00866	0.05059	0.00142	0.00472	0.00611	0.04114	0.05852	0.01629	0.40294	0.00960	0.01628	0.02344	0.01731	0.00087	0.00173	0.00080	0.20912
7	0.00217	0.06723	0.82408	0.00293	0.01409	0.00251	0.03411	0.00327	0.00221	0.01458	0.01300	0.00226	0.00144	0.00100	0.00100	0.00032	0.01102	0.00079	0.00046	0.00151
8	0.00283	0.00220	0.00238	0.00204	0.00263	0.00245	0.00161	0.33822	0.41533	0.01123	0.04895	0.12020	0.01803	0.00162	0.00109	0.00034	0.00088	0.00135	0.02510	0.00153
9	0.00151	0.00101	0.00114	0.00115	0.00115	0.00101	0.00065	0.00152	0.00153	0.00203	0.00331	0.00688	0.00381	0.94691	0.00522	0.00100	0.00101	0.01790	0.00063	0.00063
10	0.00268	0.00174	0.01923	0.00660	0.03958	0.04562	0.03249	0.02257	0.08060	0.27593	0.04677	0.24732	0.05664	0.02311	0.01074	0.00039	0.00091	0.08483	0.00100	0.00129
11	0.00296	0.00275	0.17933	0.03682	0.29539	0.00842	0.10871	0.00970	0.01068	0.26816	0.02373	0.01580	0.02623	0.00115	0.00106	0.00033	0.00121	0.00524	0.00075	0.00156
12	0.00180	0.00090	0.00135	0.00135	0.00135	0.00090	0.00090	0.00135	0.00135	0.00180	0.00180	0.00316	0.00180	0.00361	0.00406	0.96979	0.00090	0.00090	0.00045	0.00045
13	0.00255	0.00245	0.00416	0.02547	0.90855	0.00249	0.00315	0.00316	0.00233	0.00335	0.00193	0.00256	0.00163	0.00095	0.00110	0.00031	0.03079	0.00092	0.00051	0.00162
14	0.00274	0.01430	0.04148	0.08395	0.54337	0.03880	0.07335	0.02870	0.01595	0.09385	0.00236	0.00293	0.01650	0.00107	0.00109	0.00032	0.01957	0.01752	0.00062	0.00154
15	0.00648	0.10256	0.16163	0.31917	0.19841	0.05358	0.04207	0.02487	0.06027	0.01352	0.00201	0.00254	0.00156	0.00103	0.00101	0.00515	0.00134	0.00087	0.00053	0.00139
16	0.00232	0.00220	0.00372	0.37413	0.56543	0.00238	0.00302	0.00297	0.01194	0.00309	0.00193	0.00267	0.00156	0.00102	0.00108	0.01639	0.00128	0.00093	0.00050	0.00144
17	0.00184	0.01756	0.02063	0.22554	0.13757	0.00168	0.02605	0.01258	0.02540	0.01059	0.05995	0.23975	0.06985	0.01192	0.00123	0.00038	0.00098	0.13460	0.00077	0.00112
18	0.00281	0.22166	0.17585	0.04574	0.10571	0.02872	0.13554	0.04949	0.02312	0.13536	0.00719	0.02005	0.02947	0.00111	0.00101	0.00031	0.01380	0.00095	0.00065	0.00146
19	0.00242	0.02651	0.43449	0.09256	0.28729	0.00809	0.04048	0.02416	0.00235	0.05414	0.00215	0.00256	0.01614	0.00101	0.00101	0.00032	0.00137	0.00088	0.00053	0.00153
20	0.00248	0.00237	0.02972	0.15349	0.64069	0.00235	0.04430	0.02398	0.00240	0.03176	0.02947	0.01829	0.01193	0.00105	0.00105	0.00032	0.00124	0.00101	0.00057	0.00152
21	0.00260	0.06152	0.20521	0.02518	0.13647	0.01140	0.06257	0.01614	0.01994	0.19736	0.06191	0.02269	0.13276	0.00145	0.00107	0.00033	0.00109	0.03810	0.00079	0.00141
22	0.00348	0.10742	0.16049	0.01485	0.07161	0.00819	0.03390	0.01448	0.03749	0.47432	0.02561	0.01719	0.02382	0.00123	0.00101	0.00032	0.00106	0.00102	0.00093	0.00159
23	0.07542	0.04339	0.34066	0.01156	0.27579	0.01718	0.05543	0.02215	0.01199	0.06986	0.00900	0.03098	0.02571	0.00111	0.00100	0.00032	0.00127	0.00510	0.00060	0.00149
24	0.01417	0.06058	0.23450	0.03760	0.00953	0.02258	0.02968	0.03774	0.00660	0.24765	0.00678	0.21391	0.01008	0.02363	0.01517	0.00038	0.01060	0.01661	0.00082	0.00136
25	0.00266	0.08729	0.33480	0.05036	0.06029	0.02189	0.06641	0.02349	0.00944	0.18834	0.03611	0.07625	0.01897	0.01085	0.00108	0.00033	0.00122	0.00807	0.00071	0.00144
26	0.01744	0.03039	0.14593	0.01289	0.12890	0.00204	0.11817	0.02920	0.02493	0.38718	0.01523	0.03342	0.01281	0.00121	0.00105	0.00032	0.00113	0.00761	0.00728	0.02286
27	0.00251	0.18079	0.17960	0.07925	0.15028	0.02438	0.08555	0.03494	0.00704	0.07975	0.01778	0.09966	0.01113	0.00134	0.00109	0.02163	0.00475	0.01653	0.00063	0.00137
28	0.00225	0.00221	0.08182	0.20073	0.19202	0.01457	0.08323	0.04472	0.02996	0.04198	0.00652	0.07153	0.03246	0.00161	0.00122	0.02168	0.00489	0.16463	0.00069	0.00129
29	0.00666	0.04159	0.26816	0.01693	0.21367	0.02773	0.01480	0.02050	0.01416	0.29670	0.00295	0.02360	0.02304	0.00120	0.00103	0.00032	0.00119	0.02341	0.00077	0.00157
30	0.00271	0.05234	0.14783	0.09007	0.42231	0.01492	0.04616	0.01149	0.01371	0.13751	0.01222	0.01205	0.00866	0.02221	0.00111	0.00033	0.00124	0.00096	0.00063	0.00153
31	0.00228	0.03128	0.10280	0.37231	0.44846	0.00244	0.00306	0.00300	0.01092	0.00307	0.00198	0.00265	0.00928	0.00099	0.00102	0.00032	0.00131	0.00091	0.00049	0.00143

[dist]
# distance from previous block
# <min> <max>
0	16

[block]
# block no. 15 follows, 316 sequences, length 8
# corresponding to MSA columns:
# 897-900,918-921
name=unknown_P
#
# <colnr> <probs for GDERKNQSTAVLIFYWHMCP>
#	G	D	E	R	K	N	Q	S	T	A	V	L	I	F	Y	W	H	M	C	P
0	0.00224	0.01274	0.01492	0.01289	0.00217	0.00152	0.00141	0.14757	0.01381	0.11196	0.09399	0.15316	0.09937	0.03893	0.10291	0.00054	0.00104	0.18672	0.00095	0.00116
1	0.00318	0.00299	0.14245	0.00227	0.00309	0.03284	0.00205	0.49070	0.19775	0.00521	0.00282	0.00286	0.00207	0.00123	0.00100	0.00031	0.00109	0.00095	0.10354	0.00160
2	0.82899	0.00185	0.00148	0.00138	0.00193	0.00211	0.00110	0.00282	0.00180	0.00437	0.00207	0.14231	0.00196	0.00130	0.00074	0.00034	0.00077	0.00091	0.00069	0.00108
3	0.00192	0.00175	0.00281	0.65398	0.07047	0.00201	0.00245	0.00251	0.00209	0.00278	0.00242	0.14315	0.00222	0.00133	0.00105	0.00033	0.00119	0.00119	0.00055	0.10380
4	0.00232	0.14866	0.36137	0.00214	0.00306	0.03277	0.01760	0.00302	0.01536	0.10110	0.14270	0.00411	0.10405	0.00149	0.00114	0.03878	0.00111	0.01719	0.00071	0.00131
5	0.00154	0.03931	0.00158	0.00151	0.00176	0.00112	0.00114	0.00183	0.00218	0.00294	0.11151	0.43820	0.05418	0.02176	0.00141	0.03143	0.00071	0.18141	0.00090	0.10357
6	0.00148	0.00099	0.00116	0.00120	0.00122	0.00098	0.00071	0.00151	0.00164	0.00220	0.04352	0.15972	0.00446	0.73812	0.00444	0.03263	0.00092	0.00174	0.00070	0.00067
7	0.00239	0.05435	0.28340	0.04230	0.00315	0.00217	0.02342	0.16648	0.07423	0.02168	0.05107	0.08022	0.00279	0.01247	0.01125	0.00034	0.00109	0.02338	0.14244	0.00136

[dist]
# distance from previous block
# <min> <max>
0	1

[block]
# block no. 16 follows, 316 sequences, length 9
# corresponding to MSA columns:
# 924-932
name=unknown_Q
#
# <colnr> <probs for GDERKNQSTAVLIFYWHMCP>
#	G	D	E	R	K	N	Q	S	T	A	V	L	I	F	Y	W	H	M	C	P
0	0.00212	0.00169	0.01782	0.05886	0.09607	0.01554	0.05254	0.11549	0.01362	0.03616	0.00307	0.09373	0.00310	0.37858	0.10642	0.00074	0.00128	0.00138	0.00070	0.00106
1	0.30111	0.13401	0.06116	0.06636	0.02359	0.25892	0.02518	0.02422	0.00234	0.05016	0.00183	0.02274	0.00149	0.00107	0.00087	0.00030	0.01230	0.00074	0.01036	0.00126
2	0.11287	0.13464	0.03407	0.00183	0.01307	0.05045	0.03019	0.01949	0.02635	0.08157	0.00240	0.03366	0.03264	0.00104	0.00084	0.00024	0.00094	0.00081	0.00068	0.42221
3	0.02794	0.15770	0.19907	0.00202	0.01369	0.04556	0.00188	0.12082	0.03523	0.00310	0.00223	0.05597	0.00204	0.06771	0.00201	0.24322	0.00113	0.00096	0.00059	0.01712
4	0.03654	0.02842	0.05867	0.09948	0.01678	0.02017	0.07132	0.02652	0.01390	0.01570	0.07876	0.36273	0.02098	0.02408	0.00145	0.04469	0.01691	0.06106	0.00079	0.00105
5	0.06920	0.06220	0.04925	0.00963	0.01287	0.01190	0.03216	0.02939	0.02529	0.21926	0.15907	0.04097	0.05264	0.14597	0.02716	0.00046	0.00095	0.01278	0.00089	0.03796
6	0.03956	0.15295	0.11081	0.01912	0.02225	0.06753	0.04538	0.16066	0.04252	0.07364	0.15745	0.04321	0.01535	0.01078	0.01681	0.00034	0.00804	0.01144	0.00080	0.00136
7	0.08901	0.39269	0.18303	0.02740	0.00313	0.02056	0.02736	0.07281	0.04243	0.05844	0.01644	0.00247	0.03252	0.00108	0.00088	0.00028	0.01363	0.00079	0.00061	0.01444
