[name]
unknown

[dist]
# distance from previous block
# <min> <max>
8	589

[block]
# block no. 0 follows, 236 sequences, length 52
# corresponding to MSA columns:
# 597-632,635-638,642-653
name=unknown_A
#
# <colnr> <probs for GDERKNQSTAVLIFYWHMCP>
#	G	D	E	R	K	N	Q	S	T	A	V	L	I	F	Y	W	H	M	C	P
0	0.82477	0.01282	0.00233	0.02300	0.04043	0.00302	0.01286	0.01414	0.00246	0.01463	0.00230	0.01259	0.01959	0.00135	0.00092	0.00042	0.00111	0.00087	0.00887	0.00152
1	0.00392	0.08572	0.19469	0.02398	0.03975	0.12742	0.04797	0.09157	0.20840	0.11646	0.00358	0.00374	0.00890	0.01802	0.00144	0.00043	0.01180	0.00122	0.00100	0.01000
2	0.00346	0.03554	0.12693	0.00325	0.02485	0.13230	0.13691	0.06016	0.08405	0.08957	0.18581	0.01580	0.01810	0.02493	0.00541	0.00045	0.01053	0.02363	0.01655	0.00175
3	0.00198	0.00148	0.01190	0.01191	0.00226	0.00137	0.00143	0.03099	0.01808	0.02254	0.13790	0.52397	0.13613	0.02632	0.00180	0.00054	0.00086	0.06604	0.00129	0.00123
4	0.00451	0.00288	0.04148	0.22625	0.04382	0.03897	0.07694	0.04281	0.01262	0.44289	0.02663	0.00422	0.00291	0.01159	0.00149	0.00044	0.01503	0.00134	0.00118	0.00199
5	0.02040	0.03597	0.30302	0.06164	0.12971	0.02317	0.07120	0.14036	0.06881	0.09982	0.01045	0.00345	0.00232	0.00144	0.00140	0.00043	0.02229	0.00120	0.00090	0.00203
6	0.00374	0.26231	0.09816	0.01664	0.01009	0.05626	0.08403	0.13098	0.09204	0.09303	0.02419	0.04995	0.03103	0.02189	0.00143	0.00845	0.00151	0.01146	0.00097	0.00185
7	0.00340	0.00738	0.05481	0.09338	0.05882	0.10799	0.32414	0.04522	0.04514	0.02492	0.01160	0.01407	0.01221	0.01178	0.00208	0.00047	0.17869	0.00138	0.00076	0.00176
8	0.00270	0.00630	0.01658	0.00943	0.00267	0.00167	0.01813	0.02000	0.08176	0.15288	0.04280	0.34872	0.16124	0.01955	0.00171	0.00052	0.00098	0.10958	0.00132	0.00147
9	0.00396	0.13375	0.17740	0.00710	0.04668	0.02782	0.09680	0.08795	0.03993	0.23402	0.08990	0.01411	0.01035	0.01164	0.00142	0.00042	0.00953	0.00418	0.00107	0.00196
10	0.00365	0.01795	0.06203	0.00429	0.04771	0.02411	0.36828	0.16696	0.01813	0.07764	0.02327	0.05473	0.00285	0.00172	0.00185	0.01876	0.09330	0.00998	0.00093	0.00187
11	0.00192	0.00137	0.00185	0.00211	0.00231	0.00132	0.00163	0.00234	0.00291	0.00385	0.07536	0.43305	0.03015	0.04076	0.00199	0.00060	0.00099	0.39305	0.00126	0.00117
12	0.00397	0.01173	0.07062	0.04739	0.21261	0.02511	0.14378	0.29035	0.07893	0.05158	0.01055	0.00357	0.00242	0.00148	0.00151	0.00043	0.03961	0.00129	0.00099	0.00208
13	0.00356	0.05719	0.13606	0.07471	0.25333	0.05472	0.04698	0.03558	0.20497	0.08146	0.00364	0.00966	0.01698	0.00152	0.00134	0.00042	0.00158	0.01336	0.00093	0.00201
14	0.00324	0.00373	0.02196	0.01576	0.00691	0.02509	0.85886	0.01225	0.01417	0.00437	0.00285	0.01896	0.00219	0.00122	0.00159	0.00046	0.00225	0.00161	0.00071	0.00183
15	0.00173	0.00123	0.00164	0.00193	0.00204	0.00116	0.00133	0.00200	0.00266	0.00354	0.02525	0.79413	0.01967	0.04429	0.00197	0.00059	0.00085	0.09162	0.00125	0.00111
16	0.03170	0.16765	0.28409	0.01537	0.00453	0.01078	0.04955	0.21526	0.00810	0.14887	0.02960	0.00357	0.02200	0.00149	0.00127	0.00040	0.00159	0.00117	0.00098	0.00201
17	0.00279	0.00224	0.01595	0.00247	0.01737	0.00228	0.02854	0.06269	0.29258	0.03707	0.28846	0.03328	0.09043	0.00251	0.00155	0.00047	0.00101	0.11526	0.00136	0.00167
18	0.00197	0.00132	0.00150	0.00150	0.00151	0.00131	0.00085	0.00199	0.00204	0.00273	0.02509	0.03870	0.00526	0.90124	0.00666	0.00128	0.00129	0.00205	0.00085	0.00084
19	0.00318	0.00312	0.00557	0.25959	0.48845	0.00325	0.18004	0.03245	0.00312	0.00430	0.00258	0.00350	0.00206	0.00125	0.00140	0.00043	0.00180	0.00129	0.00068	0.00193
20	0.02990	0.03733	0.07476	0.01501	0.01816	0.03817	0.06306	0.38300	0.26381	0.04955	0.00378	0.00384	0.00279	0.00161	0.00135	0.00043	0.00148	0.00866	0.00120	0.00213
21	0.02048	0.00399	0.01556	0.00360	0.06867	0.33223	0.08792	0.08570	0.00343	0.02849	0.01089	0.18904	0.00347	0.01191	0.01441	0.00048	0.11555	0.00167	0.00089	0.00161
22	0.00166	0.00119	0.00158	0.00190	0.00198	0.00111	0.00127	0.00190	0.00261	0.00348	0.00751	0.95121	0.00901	0.00427	0.00174	0.00055	0.00079	0.00387	0.00127	0.00111
23	0.00857	0.00581	0.65351	0.00393	0.00550	0.00329	0.10107	0.00418	0.01241	0.01762	0.02491	0.00319	0.00208	0.00149	0.00182	0.00046	0.14646	0.00114	0.00064	0.00190
24	0.00334	0.11704	0.37578	0.00394	0.04502	0.06002	0.16585	0.03821	0.04654	0.05069	0.00291	0.01873	0.00229	0.00163	0.02225	0.00046	0.02516	0.01748	0.00076	0.00191
25	0.00198	0.00132	0.00149	0.00149	0.00149	0.00132	0.00083	0.00198	0.00198	0.00264	0.00429	0.00892	0.00496	0.95210	0.00694	0.00132	0.00132	0.00198	0.00083	0.00083
26	0.00600	0.00251	0.00328	0.00252	0.00358	0.00229	0.00208	0.12631	0.00422	0.82442	0.00511	0.00446	0.00324	0.00168	0.00137	0.00042	0.00120	0.00135	0.00165	0.00232
27	0.00796	0.00268	0.02172	0.18029	0.02830	0.00276	0.09835	0.25210	0.02393	0.04371	0.07550	0.12175	0.10459	0.00219	0.00152	0.00662	0.00514	0.01806	0.00111	0.00172
28	0.00335	0.02686	0.02084	0.04273	0.61834	0.00329	0.03852	0.02383	0.17621	0.00947	0.00334	0.00386	0.02044	0.00139	0.00136	0.00042	0.00153	0.00131	0.00083	0.00209
29	0.00278	0.00269	0.00382	0.00333	0.00339	0.00368	0.01169	0.00312	0.00212	0.00327	0.00216	0.00345	0.00211	0.00391	0.18908	0.00091	0.75517	0.00125	0.00062	0.00144
30	0.05953	0.00295	0.00482	0.16229	0.48382	0.00301	0.07223	0.02291	0.00768	0.15625	0.00308	0.00365	0.00897	0.00134	0.00135	0.00042	0.00158	0.00125	0.00086	0.00201
31	0.00396	0.06145	0.02079	0.00557	0.33677	0.14936	0.21320	0.12701	0.00367	0.04580	0.00270	0.00326	0.00211	0.00132	0.00141	0.00041	0.01718	0.00123	0.00081	0.00199
32	0.00828	0.31691	0.42102	0.02434	0.04910	0.04958	0.02435	0.01536	0.04422	0.03144	0.00249	0.00284	0.00193	0.00129	0.00117	0.00038	0.00176	0.00097	0.00067	0.00191
33	0.00162	0.00138	0.00139	0.00139	0.00185	0.00115	0.00104	0.00196	0.00311	0.00370	0.02556	0.02937	0.91495	0.00346	0.00161	0.00046	0.00069	0.00289	0.00127	0.00115
34	0.00290	0.00285	0.00451	0.65128	0.20184	0.05038	0.04329	0.00945	0.00291	0.00375	0.00258	0.00362	0.01215	0.00135	0.00137	0.00044	0.00181	0.00123	0.00064	0.00167
35	0.00382	0.00336	0.00518	0.07455	0.55970	0.01277	0.06523	0.22832	0.00390	0.02580	0.00279	0.00341	0.00219	0.00133	0.00137	0.00041	0.00165	0.00124	0.00086	0.00213
36	0.00460	0.30721	0.01352	0.00313	0.00403	0.55529	0.01063	0.07961	0.00370	0.00373	0.00214	0.00245	0.00180	0.00134	0.00113	0.00034	0.00206	0.00087	0.00072	0.00170
37	0.01986	0.00255	0.00301	0.00227	0.01660	0.00213	0.00508	0.08698	0.00320	0.05773	0.01417	0.00969	0.00229	0.00119	0.00115	0.00025	0.02199	0.00093	0.00091	0.74802
38	0.00933	0.03776	0.19470	0.00358	0.02132	0.01271	0.20536	0.07328	0.14704	0.17022	0.08189	0.01881	0.01153	0.00163	0.00142	0.00043	0.00446	0.00147	0.00108	0.00198
39	0.00197	0.00132	0.00149	0.00150	0.00150	0.00132	0.00084	0.00198	0.00200	0.00266	0.00437	0.03142	0.00505	0.92946	0.00681	0.00130	0.00131	0.00203	0.00084	0.00083
40	0.00257	0.00242	0.00409	0.94883	0.00939	0.00303	0.00379	0.00348	0.00273	0.00348	0.00242	0.00363	0.00182	0.00136	0.00136	0.00045	0.00182	0.00121	0.00061	0.00151
41	0.01515	0.00248	0.01378	0.07746	0.08543	0.01408	0.04986	0.06946	0.04129	0.35118	0.17619	0.02408	0.03177	0.00200	0.01081	0.00045	0.01154	0.01211	0.00899	0.00190
42	0.00312	0.01512	0.20656	0.01405	0.05256	0.00335	0.49448	0.00418	0.00297	0.03186	0.00271	0.01181	0.00211	0.00170	0.03636	0.00053	0.11261	0.00141	0.00069	0.00183
43	0.00198	0.00132	0.00149	0.00149	0.00149	0.00132	0.00083	0.00198	0.00198	0.00264	0.00429	0.00892	0.00496	0.95210	0.00694	0.00132	0.00132	0.00198	0.00083	0.00083
44	0.00391	0.00325	0.00607	0.00449	0.00555	0.01758	0.53309	0.01434	0.00325	0.23208	0.00332	0.01910	0.00245	0.00152	0.00197	0.00047	0.14320	0.00151	0.00093	0.00189
45	0.00319	0.15039	0.26263	0.26498	0.05969	0.02648	0.01969	0.06150	0.07241	0.02957	0.01954	0.00355	0.01781	0.00142	0.00128	0.00041	0.00170	0.00116	0.00076	0.00184
46	0.00220	0.00157	0.00220	0.00251	0.00282	0.00157	0.00220	0.00282	0.00314	0.00408	0.00722	0.01537	0.00784	0.00377	0.00188	0.00063	0.00126	0.93443	0.00126	0.00126
47	0.00254	0.00127	0.00127	0.00127	0.00159	0.00127	0.00095	0.00318	0.00286	0.00508	0.00445	0.00508	0.00349	0.00159	0.00095	0.00032	0.00064	0.00127	0.95967	0.00127
48	0.02370	0.00320	0.00348	0.00278	0.00374	0.13910	0.02494	0.13646	0.05534	0.55240	0.00445	0.01851	0.00302	0.00168	0.00141	0.00042	0.02048	0.00132	0.00141	0.00214
49	0.00433	0.01472	0.00384	0.01206	0.14788	0.12513	0.03139	0.09260	0.30259	0.21428	0.01281	0.01132	0.00325	0.00166	0.00137	0.00043	0.00144	0.01560	0.00121	0.00208
50	0.00174	0.00141	0.00150	0.00148	0.00191	0.00123	0.00111	0.00223	0.02562	0.00409	0.17395	0.02776	0.70815	0.00324	0.00158	0.00045	0.00069	0.00273	0.03792	0.00120
51	0.95071	0.00263	0.00202	0.00180	0.00265	0.00305	0.00148	0.00404	0.00234	0.01694	0.00194	0.00224	0.00150	0.00127	0.00085	0.00042	0.00106	0.00075	0.00085	0.00149

[dist]
# distance from previous block
# <min> <max>
0	22

[block]
# block no. 1 follows, 236 sequences, length 7
# corresponding to MSA columns:
# 676-682
name=unknown_B
#
# <colnr> <probs for GDERKNQSTAVLIFYWHMCP>
#	G	D	E	R	K	N	Q	S	T	A	V	L	I	F	Y	W	H	M	C	P
0	0.00190	0.00138	0.00178	0.00170	0.00202	0.00127	0.00127	0.00250	0.00375	0.00526	0.83848	0.05698	0.07080	0.00290	0.00161	0.00044	0.00065	0.00256	0.00147	0.00127
1	0.00375	0.88050	0.00689	0.00242	0.00355	0.07741	0.00236	0.00419	0.00285	0.00322	0.00191	0.00221	0.00175	0.00118	0.00090	0.00030	0.00153	0.00074	0.00059	0.00174
2	0.00276	0.00234	0.00273	0.00198	0.00310	0.00178	0.00156	0.00333	0.00276	0.00431	0.00256	0.00327	0.00223	0.07054	0.00144	0.00028	0.00103	0.00089	0.00081	0.89028
3	0.00166	0.00119	0.00158	0.00190	0.00198	0.00111	0.00127	0.00190	0.00261	0.00348	0.00751	0.95121	0.00901	0.00427	0.00174	0.00055	0.00079	0.00387	0.00127	0.00111
4	0.00542	0.00228	0.00301	0.00240	0.00333	0.00206	0.00195	0.04325	0.05127	0.74732	0.03402	0.08918	0.00416	0.00196	0.00141	0.00044	0.00112	0.00163	0.00162	0.00217
5	0.12477	0.00353	0.00372	0.00290	0.00394	0.00389	0.00239	0.71460	0.04959	0.07219	0.00335	0.00332	0.00237	0.00160	0.00130	0.00041	0.00140	0.00119	0.00132	0.00221
6	0.20140	0.00392	0.00376	0.05095	0.02820	0.16151	0.02478	0.47665	0.00470	0.00662	0.00269	0.00294	0.00200	0.00150	0.00131	0.00041	0.02258	0.00108	0.00106	0.00195

[dist]
# distance from previous block
# <min> <max>
0	19

[block]
# block no. 2 follows, 236 sequences, length 7
# corresponding to MSA columns:
# 704-710
name=unknown_C
#
# <colnr> <probs for GDERKNQSTAVLIFYWHMCP>
#	G	D	E	R	K	N	Q	S	T	A	V	L	I	F	Y	W	H	M	C	P
0	0.22459	0.02847	0.00438	0.09344	0.50176	0.02843	0.00324	0.05044	0.00310	0.02472	0.02374	0.00325	0.00222	0.00131	0.00122	0.00041	0.00149	0.00111	0.00078	0.00191
1	0.61102	0.00327	0.00275	0.00231	0.00322	0.07287	0.00189	0.27809	0.00363	0.00664	0.00232	0.00254	0.00174	0.00138	0.00102	0.00041	0.00129	0.00089	0.00099	0.00173
2	0.00225	0.00154	0.00190	0.00193	0.02169	0.00155	0.00128	0.07149	0.00260	0.00346	0.04883	0.10150	0.08194	0.39300	0.07482	0.15401	0.00135	0.03286	0.00094	0.00105
3	0.00233	0.00120	0.00175	0.00175	0.00175	0.00120	0.00115	0.00179	0.00179	0.00239	0.00255	0.00459	0.00261	0.09279	0.00548	0.87120	0.00120	0.00126	0.00061	0.00061
4	0.00516	0.00294	0.00338	0.00269	0.00364	0.02642	0.00218	0.37956	0.05182	0.40619	0.00460	0.07419	0.00337	0.00186	0.00138	0.00042	0.00128	0.00149	0.02523	0.00218
5	0.07421	0.03922	0.27168	0.02403	0.10959	0.02370	0.37846	0.03057	0.02725	0.00456	0.00262	0.00325	0.00198	0.00125	0.00138	0.00043	0.00196	0.00126	0.00070	0.00190
6	0.07327	0.00162	0.00206	0.00225	0.03605	0.00159	0.00168	0.00286	0.02639	0.04196	0.19699	0.24478	0.09388	0.00326	0.00164	0.00052	0.00095	0.26565	0.00128	0.00133

[dist]
# distance from previous block
# <min> <max>
0	8

[block]
# block no. 3 follows, 236 sequences, length 43
# corresponding to MSA columns:
# 742-760,768-791
name=unknown_D
#
# <colnr> <probs for GDERKNQSTAVLIFYWHMCP>
#	G	D	E	R	K	N	Q	S	T	A	V	L	I	F	Y	W	H	M	C	P
0	0.23743	0.00189	0.02187	0.05147	0.00273	0.01006	0.00161	0.02483	0.01627	0.00429	0.00551	0.59114	0.00624	0.00317	0.00151	0.00051	0.01434	0.00275	0.00110	0.00129
1	0.55534	0.10302	0.02082	0.03346	0.00342	0.03263	0.00200	0.20488	0.02409	0.00613	0.00231	0.00257	0.00177	0.00136	0.00101	0.00041	0.00128	0.00088	0.00092	0.00172
2	0.00195	0.00158	0.03283	0.00175	0.00212	0.00134	0.00136	0.00251	0.00350	0.01348	0.62954	0.02259	0.16347	0.08442	0.00206	0.00052	0.00078	0.03156	0.00136	0.00125
3	0.65198	0.00382	0.00266	0.00237	0.00317	0.28876	0.01235	0.00444	0.00279	0.00523	0.00197	0.00231	0.00157	0.00132	0.00100	0.00040	0.01075	0.00079	0.00080	0.00151
4	0.00366	0.84037	0.05622	0.00252	0.00373	0.00518	0.02246	0.04616	0.00295	0.00353	0.00200	0.00230	0.00178	0.00119	0.00093	0.00031	0.00151	0.00078	0.00062	0.00179
5	0.00198	0.00132	0.00150	0.00150	0.00151	0.00133	0.00085	0.00199	0.00199	0.00266	0.00428	0.00883	0.00491	0.92749	0.03149	0.00134	0.00138	0.00197	0.00082	0.00084
6	0.03358	0.00150	0.00217	0.00216	0.00242	0.00174	0.00167	0.00247	0.00219	0.00325	0.00361	0.00534	0.00338	0.03344	0.89207	0.00211	0.00351	0.00145	0.00074	0.00122
7	0.00196	0.00142	0.00196	0.00197	0.00214	0.00157	0.00143	0.00229	0.00216	0.00303	0.00403	0.01978	0.00413	0.31306	0.60017	0.00184	0.00278	0.03241	0.00079	0.00109
8	0.04422	0.00632	0.76905	0.03492	0.00570	0.01546	0.02387	0.01707	0.00289	0.01761	0.00244	0.00292	0.00176	0.00136	0.00144	0.00044	0.04892	0.00103	0.00062	0.00195
9	0.00168	0.00122	0.00159	0.00185	0.00198	0.00113	0.00125	0.00197	0.00276	0.00369	0.09981	0.80770	0.06017	0.00408	0.00172	0.00054	0.00077	0.00368	0.00129	0.00113
10	0.44597	0.00253	0.00272	0.00220	0.00316	0.00258	0.01320	0.03502	0.00324	0.47134	0.00368	0.00347	0.00245	0.00148	0.00113	0.00042	0.00114	0.00108	0.00128	0.00193
11	0.00194	0.00140	0.00180	0.00172	0.00205	0.00128	0.00129	0.00255	0.00374	0.01462	0.80689	0.04149	0.08845	0.00290	0.00162	0.00044	0.00067	0.02242	0.00147	0.00128
12	0.00293	0.00310	0.00623	0.39315	0.02502	0.00322	0.51671	0.00395	0.00300	0.00399	0.00272	0.01606	0.00211	0.00130	0.00151	0.00046	0.00206	0.01011	0.00067	0.00170
13	0.00184	0.00141	0.00162	0.00158	0.00199	0.00123	0.00120	0.00231	0.00340	0.02319	0.36077	0.02607	0.52510	0.00319	0.00162	0.00046	0.00071	0.03973	0.00136	0.00123
14	0.00193	0.00143	0.00170	0.00162	0.00202	0.00128	0.00122	0.00250	0.01657	0.02799	0.55140	0.01110	0.36824	0.00300	0.00160	0.00044	0.00068	0.00258	0.00141	0.00127
15	0.00284	0.07236	0.82680	0.00379	0.00566	0.01281	0.01967	0.00428	0.00286	0.00420	0.00239	0.00284	0.00174	0.00132	0.00137	0.00043	0.03109	0.00100	0.00058	0.00197
16	0.00222	0.00155	0.01409	0.00176	0.00218	0.00137	0.00136	0.00285	0.02074	0.07320	0.59803	0.05412	0.17790	0.00284	0.00158	0.00044	0.00073	0.01559	0.02609	0.00135
17	0.01231	0.00131	0.00131	0.00131	0.00163	0.00132	0.00098	0.00323	0.01584	0.00511	0.02322	0.00515	0.00367	0.00161	0.00097	0.00032	0.00065	0.00129	0.91748	0.00128
18	0.05191	0.00182	0.00262	0.24657	0.01357	0.00196	0.02785	0.03183	0.00291	0.01046	0.04019	0.38602	0.06304	0.00299	0.00158	0.00051	0.00119	0.11058	0.00106	0.00133
19	0.00968	0.02923	0.11822	0.02448	0.02487	0.02002	0.01940	0.09403	0.00386	0.58976	0.00984	0.04362	0.00319	0.00170	0.00136	0.00042	0.00136	0.00139	0.00138	0.00216
20	0.00340	0.00287	0.00301	0.00275	0.01243	0.03681	0.00210	0.10328	0.63771	0.01878	0.00540	0.14007	0.00453	0.00229	0.01775	0.00049	0.00118	0.00181	0.00133	0.00199
21	0.00299	0.00268	0.00446	0.67446	0.13178	0.00312	0.05715	0.05543	0.01536	0.03570	0.00265	0.00363	0.00199	0.00136	0.00138	0.00044	0.00177	0.00124	0.00071	0.00170
22	0.12076	0.05678	0.09589	0.03684	0.03458	0.01748	0.02148	0.10871	0.02457	0.14958	0.01073	0.00328	0.00226	0.00169	0.01353	0.00044	0.18389	0.00111	0.00094	0.11545
23	0.00286	0.01730	0.29353	0.19028	0.05707	0.00295	0.06402	0.05129	0.03726	0.02777	0.05172	0.08732	0.02057	0.00198	0.02147	0.00049	0.06804	0.00152	0.00082	0.00175
24	0.00496	0.03710	0.00393	0.00344	0.00416	0.87063	0.00260	0.00548	0.04893	0.00345	0.00227	0.00258	0.00187	0.00142	0.00123	0.00035	0.00236	0.00090	0.00073	0.00161
25	0.93840	0.00263	0.00203	0.00181	0.00266	0.00303	0.00149	0.00407	0.00236	0.02903	0.00198	0.00227	0.00152	0.00128	0.00086	0.00042	0.00106	0.00075	0.00086	0.00150
26	0.96173	0.00264	0.00200	0.00179	0.00264	0.00306	0.00148	0.00401	0.00232	0.00612	0.00190	0.00221	0.00148	0.00127	0.00084	0.00042	0.00105	0.00074	0.00084	0.00148
27	0.00172	0.00124	0.00163	0.00190	0.00203	0.00116	0.00132	0.00200	0.00271	0.00359	0.04255	0.75616	0.06584	0.03115	0.00189	0.00057	0.00083	0.07934	0.00126	0.00112
28	0.00179	0.00143	0.00163	0.00172	0.00212	0.00128	0.00136	0.00226	0.01603	0.00386	0.04548	0.07766	0.60726	0.00354	0.00168	0.00051	0.00084	0.22710	0.00127	0.00119
29	0.19523	0.10026	0.16803	0.00279	0.00849	0.03395	0.02594	0.10586	0.14766	0.11997	0.00326	0.00752	0.00243	0.00152	0.00791	0.00041	0.00142	0.00628	0.00100	0.06005
30	0.00182	0.00130	0.00170	0.00185	0.00205	0.00121	0.00132	0.00222	0.00306	0.01246	0.29190	0.50277	0.07335	0.02737	0.00183	0.00053	0.00079	0.06998	0.00133	0.00118
31	0.12375	0.13098	0.27345	0.05606	0.07248	0.03549	0.07041	0.07465	0.05054	0.07326	0.00281	0.00968	0.00213	0.00139	0.00125	0.00041	0.00858	0.00630	0.00082	0.00556
32	0.00299	0.11088	0.71852	0.00374	0.03940	0.00334	0.00441	0.01602	0.02230	0.03596	0.02024	0.01146	0.00213	0.00136	0.00127	0.00042	0.00185	0.00106	0.00067	0.00199
33	0.00190	0.00126	0.00161	0.00177	0.00196	0.00118	0.00124	0.00229	0.00294	0.01771	0.20349	0.58290	0.03057	0.00353	0.00160	0.00049	0.00074	0.00932	0.13229	0.00119
34	0.00981	0.00230	0.00361	0.31728	0.10894	0.00263	0.06082	0.00335	0.02539	0.00397	0.04736	0.10947	0.03723	0.00741	0.00729	0.00048	0.12328	0.02627	0.10160	0.00151
35	0.00332	0.02678	0.22076	0.13881	0.11130	0.07659	0.18742	0.04630	0.05493	0.04653	0.00770	0.05061	0.00723	0.00151	0.00142	0.00043	0.01069	0.00138	0.00080	0.00548
36	0.00277	0.00248	0.02681	0.46606	0.07684	0.01172	0.06283	0.02171	0.00291	0.05584	0.01777	0.13585	0.01654	0.00234	0.05001	0.00056	0.02230	0.02226	0.00083	0.00157
37	0.00179	0.00133	0.00167	0.00171	0.00199	0.00121	0.00124	0.00226	0.00335	0.00456	0.50036	0.29941	0.16739	0.00335	0.00165	0.00047	0.00070	0.00297	0.00139	0.00121
38	0.02502	0.02162	0.06594	0.14536	0.06091	0.09118	0.08630	0.04501	0.01794	0.12929	0.01770	0.14845	0.02248	0.00212	0.00145	0.00046	0.00150	0.08672	0.02888	0.00167
39	0.01666	0.00295	0.01278	0.23194	0.46262	0.00715	0.07329	0.01799	0.03508	0.02700	0.02259	0.02347	0.01500	0.00148	0.00149	0.00044	0.03135	0.01408	0.00076	0.00189
40	0.41052	0.00269	0.00302	0.17840	0.07694	0.00822	0.01082	0.08820	0.08136	0.03417	0.00335	0.00971	0.03902	0.00160	0.00118	0.00044	0.00130	0.04645	0.00094	0.00167
41	0.01126	0.00268	0.01358	0.78711	0.08207	0.03418	0.00828	0.00367	0.01118	0.00944	0.00246	0.00356	0.00187	0.00136	0.00138	0.00044	0.01130	0.00120	0.00063	0.01233
42	0.50253	0.00279	0.01152	0.05783	0.07879	0.01322	0.03385	0.10140	0.01546	0.07210	0.01186	0.02147	0.00249	0.00157	0.00114	0.00044	0.00127	0.05956	0.00097	0.00977

[dist]
# distance from previous block
# <min> <max>
5	39

[block]
# block no. 4 follows, 236 sequences, length 23
# corresponding to MSA columns:
# 881-888,892,893,895-899,903,916-920,922,923
name=unknown_E
#
# <colnr> <probs for GDERKNQSTAVLIFYWHMCP>
#	G	D	E	R	K	N	Q	S	T	A	V	L	I	F	Y	W	H	M	C	P
0	0.02458	0.79042	0.09758	0.00252	0.00375	0.03435	0.00259	0.02466	0.00288	0.00350	0.00198	0.00229	0.00175	0.00120	0.00094	0.00031	0.00153	0.00077	0.00061	0.00178
1	0.00364	0.95292	0.00714	0.00233	0.00350	0.00539	0.00233	0.00408	0.00277	0.00321	0.00189	0.00219	0.00175	0.00117	0.00087	0.00029	0.00146	0.00073	0.00058	0.00175
2	0.00189	0.00139	0.00166	0.03671	0.00221	0.00127	0.00126	0.00234	0.00317	0.02032	0.24683	0.20789	0.38343	0.00319	0.00157	0.00046	0.00074	0.00276	0.07970	0.00122
3	0.00859	0.00225	0.09468	0.02494	0.08728	0.00183	0.04198	0.01932	0.02160	0.00415	0.13782	0.34945	0.15382	0.01503	0.00168	0.00050	0.00938	0.02317	0.00113	0.00141
4	0.00272	0.00264	0.02481	0.79620	0.03988	0.00309	0.03842	0.03059	0.02348	0.00378	0.01311	0.00370	0.00203	0.00139	0.00140	0.00045	0.00883	0.00124	0.00066	0.00159
5	0.00591	0.00256	0.00330	0.00254	0.00359	0.00237	0.00210	0.14801	0.02444	0.78246	0.00506	0.00444	0.00323	0.00168	0.00137	0.00042	0.00121	0.00135	0.00163	0.00232
6	0.00184	0.00139	0.00160	0.00157	0.00196	0.00122	0.00117	0.00229	0.00335	0.02700	0.34743	0.09899	0.49881	0.00325	0.00162	0.00046	0.00069	0.00278	0.00136	0.00122
7	0.06259	0.05066	0.09432	0.02622	0.53703	0.01710	0.02891	0.08870	0.00338	0.07426	0.00275	0.00328	0.00214	0.00130	0.00130	0.00041	0.00160	0.00116	0.00081	0.00208
8	0.01372	0.00335	0.00462	0.04042	0.46386	0.01846	0.00334	0.27958	0.10796	0.02887	0.00318	0.01032	0.00248	0.00146	0.00139	0.00042	0.01217	0.00127	0.00098	0.00215
9	0.00171	0.00127	0.00173	0.00194	0.00209	0.00118	0.02184	0.00200	0.00273	0.00362	0.05409	0.79814	0.08129	0.00406	0.00172	0.00054	0.00082	0.01683	0.00126	0.00114
10	0.04149	0.00947	0.09610	0.06153	0.54444	0.04014	0.04993	0.06101	0.01117	0.03235	0.03752	0.00356	0.00251	0.00134	0.00134	0.00041	0.00165	0.00123	0.00078	0.00202
11	0.00980	0.00201	0.00241	0.00196	0.00274	0.00174	0.00154	0.03658	0.03794	0.11073	0.33547	0.00662	0.08505	0.00198	0.00134	0.00035	0.00088	0.00168	0.01668	0.34251
12	0.00171	0.00122	0.00163	0.00193	0.00204	0.00114	0.00133	0.00199	0.00269	0.00359	0.04217	0.85332	0.00908	0.00418	0.00174	0.00055	0.00082	0.06647	0.00127	0.00112
13	0.87899	0.00469	0.02169	0.00373	0.00480	0.01737	0.00279	0.02451	0.00423	0.00862	0.00457	0.00584	0.00397	0.00298	0.00203	0.00090	0.00203	0.00165	0.00173	0.00289
14	0.14820	0.03240	0.03012	0.01244	0.04065	0.20414	0.00368	0.41649	0.04009	0.00886	0.00537	0.00651	0.00453	0.00318	0.00237	0.00087	0.00254	0.00194	0.00192	0.03370
15	0.80358	0.01308	0.00417	0.00377	0.00483	0.00466	0.00279	0.08321	0.00450	0.02169	0.00480	0.00614	0.00415	0.00305	0.00207	0.00090	0.00203	0.01497	0.01267	0.00294
16	0.00199	0.00134	0.00158	0.00159	0.00162	0.00137	0.00096	0.00206	0.00205	0.00277	0.00440	0.02854	0.01368	0.79395	0.08465	0.01565	0.00884	0.01793	0.01413	0.00088
17	0.19501	0.05398	0.13454	0.04879	0.06487	0.04828	0.07982	0.20486	0.07034	0.07700	0.00296	0.00321	0.00217	0.00142	0.00124	0.00042	0.00155	0.00112	0.00649	0.00194
18	0.00184	0.00142	0.00169	0.00172	0.00207	0.00131	0.00129	0.00243	0.03788	0.00438	0.33935	0.16592	0.35552	0.00332	0.00164	0.00048	0.00075	0.07439	0.00135	0.00124
19	0.00185	0.00152	0.01233	0.00170	0.00209	0.00135	0.00131	0.00238	0.02578	0.00418	0.23510	0.09055	0.47217	0.02825	0.00180	0.00049	0.01494	0.07330	0.01406	0.01486
20	0.00832	0.02831	0.06790	0.03643	0.20682	0.01522	0.03412	0.09388	0.15220	0.05185	0.01234	0.00397	0.00274	0.00147	0.00136	0.00038	0.02398	0.03270	0.00095	0.22504
21	0.00210	0.00153	0.00190	0.00187	0.00224	0.00143	0.00142	0.03506	0.02405	0.02250	0.41418	0.18691	0.17065	0.00315	0.00163	0.00047	0.00080	0.09879	0.00137	0.02794
22	0.78145	0.05245	0.02233	0.00198	0.00829	0.00315	0.00167	0.03782	0.01903	0.01223	0.00222	0.00817	0.01127	0.00132	0.00091	0.00041	0.00111	0.00082	0.00086	0.03251

[dist]
# distance from previous block
# <min> <max>
1	6

[block]
# block no. 5 follows, 236 sequences, length 23
# corresponding to MSA columns:
# 951-954,963-967,969,970,980,981,984-993
name=unknown_F
#
# <colnr> <probs for GDERKNQSTAVLIFYWHMCP>
#	G	D	E	R	K	N	Q	S	T	A	V	L	I	F	Y	W	H	M	C	P
0	0.02800	0.01164	0.06366	0.30764	0.27242	0.01308	0.01863	0.08295	0.11858	0.00464	0.02335	0.00405	0.03352	0.00150	0.00139	0.00043	0.01052	0.00131	0.00083	0.00187
1	0.00281	0.00778	0.01301	0.09906	0.20714	0.00269	0.14698	0.03932	0.07899	0.00417	0.01511	0.01970	0.04391	0.01530	0.22444	0.01854	0.01715	0.00148	0.00082	0.04159
2	0.00189	0.00136	0.00182	0.00204	0.00223	0.00133	0.00154	0.00228	0.00280	0.00373	0.08279	0.40588	0.04691	0.06420	0.08183	0.01246	0.00119	0.28134	0.00120	0.00115
3	0.00177	0.00138	0.00160	0.00155	0.00194	0.00122	0.00116	0.00225	0.00346	0.00455	0.46571	0.03147	0.47077	0.00315	0.00161	0.00045	0.00067	0.00270	0.00138	0.00122
4	0.00275	0.00271	0.00500	0.40008	0.05496	0.00288	0.30582	0.02525	0.00307	0.00409	0.08876	0.02338	0.02947	0.03404	0.01146	0.00050	0.00180	0.00158	0.00078	0.00161
5	0.00491	0.00362	0.00387	0.00301	0.00404	0.00401	0.00247	0.81769	0.08143	0.00818	0.00351	0.00351	0.00252	0.00165	0.00134	0.00041	0.00142	0.00125	0.04888	0.00225
6	0.00197	0.00150	0.00198	0.00183	0.00220	0.00140	0.02602	0.00270	0.03820	0.00519	0.75580	0.03958	0.11078	0.00283	0.00160	0.00044	0.00071	0.00250	0.00144	0.00131
7	0.00294	0.00242	0.00284	0.00203	0.00324	0.00182	0.00163	0.00355	0.00286	0.03831	0.00253	0.00289	0.00207	0.00103	0.00102	0.00021	0.00101	0.00083	0.00084	0.92592
8	0.11844	0.02478	0.03586	0.11247	0.29650	0.00282	0.00286	0.00451	0.10494	0.13482	0.04431	0.00467	0.05229	0.00163	0.00134	0.00043	0.01039	0.02102	0.02405	0.00187
9	0.00279	0.01903	0.88977	0.00378	0.00572	0.00312	0.00484	0.00431	0.00292	0.02212	0.02776	0.00310	0.00206	0.00134	0.00130	0.00043	0.00195	0.00105	0.00062	0.00200
10	0.00169	0.00121	0.00159	0.00188	0.00198	0.00113	0.00127	0.00193	0.00262	0.00347	0.00761	0.85315	0.04318	0.04098	0.00194	0.00058	0.00082	0.03062	0.00125	0.00110
11	0.02216	0.03003	0.00399	0.00338	0.01534	0.58633	0.00260	0.29353	0.02141	0.00506	0.00252	0.00276	0.00197	0.00147	0.00126	0.00037	0.00208	0.00100	0.00092	0.00183
12	0.02034	0.00254	0.00335	0.02250	0.10711	0.02875	0.06239	0.04034	0.23224	0.07575	0.07643	0.04764	0.01354	0.00228	0.00151	0.00048	0.00128	0.21876	0.00119	0.04158
13	0.00364	0.95292	0.00714	0.00233	0.00350	0.00539	0.00233	0.00408	0.00277	0.00321	0.00189	0.00219	0.00175	0.00117	0.00087	0.00029	0.00146	0.00073	0.00058	0.00175
14	0.00315	0.00327	0.00544	0.00449	0.05647	0.03583	0.33125	0.00385	0.02438	0.01373	0.00251	0.02986	0.00223	0.01697	0.00304	0.00053	0.45921	0.00143	0.00069	0.00166
15	0.03105	0.00351	0.00335	0.00287	0.00370	0.14612	0.00228	0.27544	0.32198	0.09902	0.00442	0.05383	0.00352	0.00189	0.00138	0.00044	0.00141	0.04049	0.00128	0.00202
16	0.03954	0.02625	0.11867	0.04718	0.05730	0.02121	0.03408	0.08755	0.24596	0.13615	0.12902	0.00502	0.00982	0.00178	0.00140	0.00043	0.00940	0.01618	0.01110	0.00194
17	0.00197	0.00140	0.00174	0.00169	0.00203	0.00126	0.00125	0.00249	0.00354	0.03627	0.59460	0.12724	0.21330	0.00308	0.00162	0.00045	0.00069	0.00269	0.00143	0.00127
18	0.00169	0.00123	0.00158	0.00183	0.00197	0.00114	0.00124	0.00196	0.00272	0.00358	0.05262	0.74369	0.11897	0.03603	0.00190	0.00056	0.00080	0.02412	0.00126	0.00111
19	0.01460	0.01892	0.35504	0.04099	0.02483	0.05912	0.25649	0.04652	0.02144	0.04381	0.02330	0.07223	0.01330	0.00157	0.00142	0.00044	0.00187	0.00146	0.00080	0.00185
20	0.00296	0.00167	0.00226	0.02712	0.01325	0.00157	0.01412	0.02822	0.00318	0.23313	0.09496	0.43016	0.06519	0.01159	0.03385	0.00055	0.00104	0.01610	0.01759	0.00149
21	0.04013	0.00218	0.00278	0.00226	0.00312	0.00198	0.00184	0.05934	0.00378	0.61747	0.03661	0.05781	0.10585	0.00212	0.00142	0.00044	0.00108	0.03910	0.01870	0.00200
22	0.03917	0.01208	0.22575	0.00503	0.08348	0.00325	0.50767	0.01783	0.00316	0.05828	0.00288	0.02371	0.00220	0.00131	0.00148	0.00045	0.00820	0.00142	0.00074	0.00191

[dist]
# distance from previous block
# <min> <max>
2	22

[block]
# block no. 6 follows, 236 sequences, length 21
# corresponding to MSA columns:
# 1072,1073,1076-1078,1093,1095-1102,1106,1109-1113,1118
name=unknown_G
#
# <colnr> <probs for GDERKNQSTAVLIFYWHMCP>
#	G	D	E	R	K	N	Q	S	T	A	V	L	I	F	Y	W	H	M	C	P
0	0.00216	0.00160	0.00196	0.00184	0.00222	0.00154	0.00139	0.02807	0.08582	0.01659	0.65838	0.04734	0.10173	0.02433	0.00171	0.00046	0.00075	0.01931	0.00144	0.00137
1	0.00379	0.01619	0.00345	0.01086	0.00378	0.06025	0.02446	0.20895	0.58960	0.00598	0.00492	0.00482	0.02876	0.01745	0.00147	0.00046	0.00129	0.01015	0.00129	0.00208
2	0.00262	0.00185	0.00239	0.02694	0.05612	0.01049	0.01355	0.04647	0.03590	0.09128	0.47454	0.03679	0.15703	0.01820	0.00165	0.00045	0.00804	0.00222	0.01198	0.00149
3	0.04401	0.05521	0.14407	0.03060	0.01611	0.01326	0.02124	0.41592	0.02689	0.07781	0.02547	0.02018	0.00263	0.00157	0.00133	0.00040	0.01300	0.00508	0.00541	0.07981
4	0.02667	0.05357	0.29811	0.01468	0.02649	0.00261	0.07229	0.04241	0.02249	0.05140	0.02658	0.05316	0.06717	0.00239	0.01845	0.01707	0.00156	0.20028	0.00095	0.00168
5	0.00193	0.00144	0.00184	0.00186	0.00217	0.00134	0.02641	0.02451	0.01565	0.01499	0.18696	0.43267	0.24298	0.00348	0.00163	0.00049	0.00080	0.00308	0.03455	0.00123
6	0.02374	0.00874	0.11254	0.13322	0.19678	0.02514	0.11769	0.03185	0.02660	0.09489	0.05556	0.03519	0.02699	0.01212	0.00152	0.00045	0.01350	0.05783	0.02384	0.00180
7	0.00997	0.16236	0.08831	0.09915	0.06050	0.02330	0.06382	0.15359	0.02743	0.12626	0.07528	0.03717	0.04744	0.00173	0.00137	0.00041	0.01350	0.00553	0.00102	0.00186
8	0.02918	0.01871	0.13415	0.07715	0.12418	0.22779	0.04436	0.16869	0.02842	0.09603	0.00740	0.00325	0.00220	0.00146	0.00139	0.00041	0.02657	0.00113	0.00561	0.00193
9	0.00189	0.00133	0.00176	0.00205	0.02201	0.00129	0.00135	0.00226	0.03698	0.02326	0.00689	0.76916	0.00805	0.08043	0.02299	0.01155	0.00094	0.00344	0.00121	0.00117
10	0.28738	0.01149	0.01970	0.04459	0.29677	0.10292	0.03205	0.12595	0.00961	0.00530	0.00862	0.00304	0.00203	0.00830	0.00129	0.00042	0.01937	0.00106	0.01829	0.00183
11	0.00237	0.00118	0.00178	0.00178	0.00178	0.00118	0.00118	0.00178	0.00178	0.00237	0.00237	0.00414	0.00237	0.00473	0.00533	0.96035	0.00118	0.00118	0.00059	0.00059
12	0.01178	0.13242	0.33927	0.01083	0.01801	0.05492	0.02845	0.14316	0.10636	0.03718	0.00317	0.01049	0.01851	0.00147	0.00130	0.00040	0.01332	0.00631	0.00087	0.06178
13	0.03422	0.06615	0.13006	0.14109	0.11316	0.04468	0.04450	0.09323	0.14078	0.04583	0.00979	0.02505	0.01473	0.00165	0.00570	0.00044	0.03656	0.02256	0.00091	0.02891
14	0.13726	0.07282	0.35377	0.00930	0.02630	0.01483	0.05411	0.00466	0.03835	0.17455	0.02163	0.00340	0.00239	0.00162	0.02666	0.00045	0.00162	0.00110	0.00089	0.05428
15	0.00257	0.00242	0.00409	0.94883	0.00939	0.00303	0.00379	0.00348	0.00273	0.00348	0.00242	0.00363	0.00182	0.00136	0.00136	0.00045	0.00182	0.00121	0.00061	0.00151
16	0.00459	0.00216	0.00271	0.00219	0.00303	0.00198	0.00177	0.07360	0.04589	0.53874	0.10716	0.00647	0.14762	0.00207	0.00141	0.00042	0.00103	0.00171	0.05348	0.00197
17	0.02616	0.04031	0.12878	0.04777	0.09634	0.09687	0.12787	0.05438	0.05269	0.02963	0.06519	0.03934	0.06096	0.00182	0.00145	0.00043	0.02382	0.04057	0.06388	0.00172
18	0.00359	0.13869	0.05689	0.06451	0.05707	0.05407	0.15075	0.04689	0.15892	0.09347	0.00360	0.04328	0.02084	0.00168	0.00167	0.00044	0.09947	0.00139	0.00093	0.00186
19	0.02085	0.00192	0.00244	0.00207	0.00273	0.00179	0.00164	0.03012	0.06118	0.35717	0.42295	0.00748	0.03804	0.00226	0.00147	0.00043	0.00090	0.01385	0.02896	0.00175
20	0.00173	0.00128	0.00163	0.00188	0.01109	0.00119	0.00128	0.00205	0.01173	0.00363	0.06323	0.67505	0.13854	0.04986	0.00196	0.00057	0.00082	0.03008	0.00125	0.00113

[dist]
# distance from previous block
# <min> <max>
1	2

[block]
# block no. 7 follows, 236 sequences, length 6
# corresponding to MSA columns:
# 1121-1126
name=unknown_H
#
# <colnr> <probs for GDERKNQSTAVLIFYWHMCP>
#	G	D	E	R	K	N	Q	S	T	A	V	L	I	F	Y	W	H	M	C	P
0	0.02484	0.33331	0.07433	0.01390	0.00350	0.04278	0.01281	0.02742	0.06223	0.08700	0.02069	0.02998	0.01373	0.09160	0.02975	0.00054	0.10525	0.01374	0.00085	0.01176
1	0.00175	0.00123	0.00162	0.00190	0.00199	0.00117	0.00129	0.00199	0.00258	0.00343	0.00709	0.75632	0.00842	0.12120	0.00239	0.00065	0.00090	0.08180	0.00121	0.00108
2	0.12043	0.00161	0.00198	0.00201	0.00235	0.00159	0.03002	0.00272	0.04179	0.02710	0.14642	0.47406	0.09119	0.00332	0.00158	0.00050	0.00088	0.04792	0.00125	0.00129
3	0.05372	0.04263	0.08530	0.05509	0.20286	0.02390	0.06727	0.07331	0.02581	0.16583	0.00407	0.02830	0.01832	0.00183	0.00140	0.00045	0.00149	0.13075	0.01579	0.00188
4	0.02057	0.23714	0.38060	0.03500	0.00475	0.00356	0.04300	0.02020	0.02348	0.12883	0.01871	0.02382	0.00238	0.00148	0.00139	0.00041	0.05084	0.00113	0.00080	0.00190
5	0.63199	0.00329	0.05202	0.00263	0.00363	0.03744	0.11751	0.12831	0.00306	0.00603	0.00222	0.00258	0.00168	0.00131	0.00104	0.00042	0.00137	0.00093	0.00087	0.00166

[dist]
# distance from previous block
# <min> <max>
0	8

[block]
# block no. 8 follows, 236 sequences, length 8
# corresponding to MSA columns:
# 1135-1142
name=unknown_I
#
# <colnr> <probs for GDERKNQSTAVLIFYWHMCP>
#	G	D	E	R	K	N	Q	S	T	A	V	L	I	F	Y	W	H	M	C	P
0	0.00186	0.00138	0.00183	0.04025	0.00245	0.00135	0.00153	0.00232	0.02344	0.00381	0.09253	0.52634	0.09094	0.02881	0.00186	0.00056	0.00092	0.17539	0.00125	0.00119
1	0.00421	0.00201	0.00266	0.00238	0.04089	0.00183	0.00179	0.02965	0.02637	0.47618	0.20935	0.09429	0.03719	0.00220	0.00144	0.00043	0.00099	0.00188	0.06239	0.00187
2	0.00231	0.00123	0.00182	0.00188	0.00192	0.00123	0.00132	0.00192	0.00200	0.00265	0.00326	0.05225	0.00342	0.00458	0.00469	0.78580	0.00117	0.12511	0.00071	0.00071
3	0.00192	0.00144	0.00176	0.02823	0.00224	0.00132	0.00131	0.00248	0.02448	0.02560	0.41009	0.17959	0.30818	0.00318	0.00162	0.00046	0.00074	0.00277	0.00136	0.00126
4	0.00364	0.95292	0.00714	0.00233	0.00350	0.00539	0.00233	0.00408	0.00277	0.00321	0.00189	0.00219	0.00175	0.00117	0.00087	0.00029	0.00146	0.00073	0.00058	0.00175
5	0.00338	0.25534	0.09476	0.06376	0.11122	0.05043	0.02062	0.08103	0.07464	0.04259	0.01297	0.11273	0.01349	0.00191	0.01297	0.00043	0.00150	0.02751	0.01694	0.00179
6	0.17416	0.02587	0.00601	0.00448	0.02663	0.02732	0.56211	0.02428	0.01847	0.03594	0.00275	0.00349	0.00211	0.00183	0.06296	0.00056	0.01712	0.00137	0.00077	0.00176
7	0.04685	0.11471	0.01947	0.00257	0.00340	0.02350	0.00218	0.08384	0.06348	0.34136	0.02902	0.00392	0.00296	0.00169	0.00170	0.00041	0.14138	0.00122	0.06578	0.05053

[dist]
# distance from previous block
# <min> <max>
0	5

[block]
# block no. 9 follows, 236 sequences, length 13
# corresponding to MSA columns:
# 1174-1186
name=unknown_J
#
# <colnr> <probs for GDERKNQSTAVLIFYWHMCP>
#	G	D	E	R	K	N	Q	S	T	A	V	L	I	F	Y	W	H	M	C	P
0	0.07775	0.02675	0.45746	0.02550	0.11915	0.01511	0.02128	0.02105	0.02290	0.00453	0.04770	0.01603	0.04981	0.00151	0.00132	0.00041	0.01240	0.00122	0.00075	0.07738
1	0.00319	0.03291	0.01101	0.22464	0.07575	0.02109	0.04001	0.01369	0.07895	0.09590	0.02757	0.00406	0.02516	0.01698	0.01056	0.05373	0.01444	0.00123	0.00089	0.24824
2	0.00319	0.01917	0.33326	0.12798	0.02384	0.02083	0.10239	0.11153	0.06049	0.04495	0.00344	0.09887	0.00290	0.00174	0.00148	0.00045	0.02526	0.01551	0.00086	0.00186
3	0.00198	0.00148	0.00215	0.00215	0.00239	0.00170	0.00165	0.00251	0.02625	0.00321	0.00387	0.03892	0.00372	0.06547	0.83360	0.00204	0.00335	0.00158	0.00077	0.00121
4	0.00246	0.00146	0.02465	0.00189	0.00200	0.00140	0.00135	0.04206	0.00203	0.00274	0.00257	0.00436	0.00253	0.04808	0.05798	0.79845	0.00136	0.00123	0.00064	0.00075
5	0.00266	0.00192	0.00214	0.00195	0.00231	0.00198	0.00138	0.21073	0.02972	0.00458	0.09631	0.12404	0.10654	0.38960	0.00373	0.00081	0.00115	0.00217	0.01499	0.00132
6	0.00288	0.00240	0.00278	0.00205	0.00319	0.00189	0.00163	0.02114	0.04313	0.01994	0.00313	0.02979	0.03301	0.00124	0.00108	0.00024	0.00101	0.00101	0.00088	0.82757
7	0.16780	0.00253	0.00285	0.00234	0.00315	0.00265	0.03474	0.23103	0.06430	0.18937	0.00425	0.04482	0.02231	0.00173	0.00122	0.00041	0.00112	0.01126	0.19963	0.01251
8	0.01876	0.00163	0.00189	0.00189	0.00217	0.02232	0.00132	0.04932	0.00293	0.07095	0.09709	0.37115	0.09363	0.21387	0.03333	0.00073	0.00108	0.00268	0.00118	0.01208
9	0.03860	0.01976	0.04189	0.01195	0.00277	0.00196	0.04825	0.06229	0.02671	0.07325	0.01339	0.05948	0.09505	0.31706	0.02191	0.02388	0.00133	0.13812	0.00104	0.00133
10	0.10612	0.05526	0.01511	0.02886	0.05117	0.05520	0.04065	0.11819	0.14190	0.05135	0.00993	0.11602	0.01701	0.01274	0.03140	0.00051	0.05828	0.04861	0.00104	0.04064
11	0.10260	0.16124	0.11541	0.02230	0.03700	0.05811	0.07766	0.08589	0.02124	0.06297	0.03541	0.04099	0.04717	0.03188	0.01151	0.00046	0.00148	0.03604	0.04201	0.00864
12	0.06899	0.04535	0.03810	0.02393	0.04138	0.06661	0.04874	0.15253	0.04719	0.07094	0.03691	0.20472	0.01728	0.05868	0.00177	0.00050	0.01277	0.02473	0.01076	0.02814

[dist]
# distance from previous block
# <min> <max>
0	195

# created by:
# /home/berkeley/.conda/envs/busco_data_prod/bin/msa2prfl.pl pipeline/OGs_align_augustus/2759/283883.fs
