[name]
unknown

[dist]
# distance from previous block
# <min> <max>
0	472

[block]
# block no. 0 follows, 306 sequences, length 11
# corresponding to MSA columns:
# 854-864
name=unknown_A
#
# <colnr> <probs for GDERKNQSTAVLIFYWHMCP>
#	G	D	E	R	K	N	Q	S	T	A	V	L	I	F	Y	W	H	M	C	P
0	0.09952	0.24943	0.16975	0.03079	0.12410	0.04351	0.04209	0.04636	0.03024	0.04598	0.02630	0.01599	0.00193	0.00847	0.01016	0.00032	0.01202	0.01142	0.00062	0.03099
1	0.09753	0.16374	0.22333	0.04592	0.07363	0.07455	0.02281	0.04815	0.04352	0.11453	0.02556	0.01439	0.00200	0.00115	0.00096	0.00031	0.00124	0.01596	0.00069	0.03004
2	0.15291	0.10248	0.10134	0.02644	0.08961	0.07220	0.07713	0.03323	0.04160	0.05839	0.07770	0.03903	0.01219	0.00125	0.00102	0.00031	0.01794	0.00900	0.00071	0.08552
3	0.10005	0.08721	0.24464	0.12097	0.02918	0.05082	0.09860	0.02428	0.04979	0.10320	0.02198	0.02334	0.00193	0.00115	0.00104	0.00033	0.01763	0.00094	0.00066	0.02227
4	0.18014	0.09706	0.04575	0.10916	0.13523	0.09106	0.07229	0.05234	0.04431	0.07726	0.02464	0.01132	0.00888	0.00113	0.00096	0.00032	0.00121	0.01248	0.00069	0.03376
5	0.20707	0.02500	0.06009	0.06929	0.06729	0.03405	0.04461	0.05351	0.06230	0.08542	0.01563	0.15310	0.00301	0.02862	0.00117	0.00037	0.00104	0.06253	0.00080	0.02509
6	0.00239	0.03079	0.12422	0.07775	0.10622	0.04670	0.02127	0.03346	0.00224	0.10485	0.00262	0.00351	0.00221	0.03386	0.37406	0.00089	0.01926	0.01175	0.00064	0.00128
7	0.00346	0.05972	0.02440	0.25086	0.02816	0.03048	0.01583	0.08591	0.04744	0.38759	0.02464	0.00336	0.02288	0.00126	0.00108	0.00033	0.00909	0.00104	0.00093	0.00155
8	0.00181	0.00095	0.00139	0.00139	0.00141	0.00096	0.00093	0.00144	0.00143	0.00191	0.00205	0.00363	0.00208	0.08525	0.06142	0.82888	0.00105	0.00100	0.00049	0.00051
9	0.06014	0.00496	0.77663	0.00293	0.00432	0.03327	0.04636	0.00331	0.00226	0.00342	0.00210	0.05173	0.00165	0.00113	0.00102	0.00034	0.00151	0.00091	0.00050	0.00150
10	0.16463	0.08329	0.07619	0.25168	0.03478	0.03432	0.03698	0.08300	0.08393	0.09503	0.04453	0.00287	0.00208	0.00116	0.00098	0.00033	0.00118	0.00093	0.00072	0.00141

[dist]
# distance from previous block
# <min> <max>
32	66

[block]
# block no. 1 follows, 306 sequences, length 23
# corresponding to MSA columns:
# 981-1003
name=unknown_B
#
# <colnr> <probs for GDERKNQSTAVLIFYWHMCP>
#	G	D	E	R	K	N	Q	S	T	A	V	L	I	F	Y	W	H	M	C	P
0	0.23945	0.01025	0.04272	0.05100	0.06083	0.02734	0.07448	0.12798	0.15422	0.11626	0.03257	0.00292	0.00650	0.00121	0.00535	0.00033	0.00108	0.00095	0.00084	0.04372
1	0.07452	0.00668	0.00313	0.12726	0.01303	0.18272	0.14003	0.04390	0.03741	0.09746	0.01617	0.01203	0.01008	0.00112	0.00103	0.00030	0.01373	0.01250	0.00623	0.20066
2	0.00148	0.00112	0.00137	0.00759	0.00164	0.00102	0.00882	0.00191	0.02157	0.01428	0.45220	0.12548	0.31397	0.03444	0.00795	0.00039	0.00059	0.00212	0.00106	0.00097
3	0.00229	0.00236	0.01888	0.50997	0.08207	0.00251	0.33672	0.00306	0.00231	0.01586	0.00203	0.00284	0.00153	0.00101	0.00116	0.00036	0.01212	0.00106	0.00051	0.00133
4	0.00182	0.00162	0.00260	0.51016	0.10339	0.00184	0.00228	0.00234	0.00215	0.00282	0.00351	0.32868	0.02876	0.00188	0.00117	0.00038	0.00111	0.00170	0.00067	0.00113
5	0.88942	0.00209	0.00166	0.00147	0.00214	0.00241	0.00121	0.02369	0.04163	0.02397	0.00169	0.00189	0.00129	0.00103	0.00070	0.00033	0.00084	0.00062	0.00070	0.00121
6	0.00148	0.00113	0.00140	0.00154	0.00181	0.00105	0.00125	0.00184	0.00241	0.00304	0.02666	0.13682	0.38609	0.00290	0.00137	0.00043	0.00075	0.42609	0.00099	0.00094
7	0.00149	0.00119	0.00146	0.00152	0.00184	0.00110	0.01603	0.00189	0.01326	0.00307	0.03950	0.03911	0.50170	0.00276	0.00137	0.00041	0.00855	0.36180	0.00099	0.00096
8	0.00202	0.00190	0.00321	0.95981	0.00737	0.00238	0.00297	0.00273	0.00214	0.00273	0.00190	0.00285	0.00143	0.00107	0.00107	0.00036	0.00143	0.00095	0.00048	0.00119
9	0.00217	0.00206	0.00286	0.01420	0.00263	0.01385	0.01149	0.01489	0.00980	0.00261	0.00187	0.00299	0.00182	0.04934	0.20866	0.00076	0.65536	0.00101	0.00051	0.00112
10	0.00153	0.00109	0.00140	0.00153	0.00170	0.00105	0.00110	0.01366	0.04856	0.01329	0.18011	0.60218	0.01344	0.00915	0.00134	0.00041	0.00065	0.07807	0.02876	0.00097
11	0.00158	0.00116	0.00155	0.00151	0.00170	0.00118	0.02234	0.00193	0.02082	0.00894	0.17289	0.08118	0.10403	0.22930	0.28540	0.00092	0.00633	0.02861	0.02773	0.00092
12	0.00137	0.00102	0.00127	0.00136	0.00154	0.00093	0.00096	0.00167	0.00242	0.00323	0.29408	0.44234	0.21045	0.02128	0.00139	0.00040	0.00058	0.01174	0.00104	0.00092
13	0.00153	0.00110	0.00135	0.00130	0.00158	0.00099	0.00097	0.00194	0.00277	0.02793	0.58636	0.06885	0.25370	0.02350	0.00135	0.00037	0.00055	0.01265	0.01024	0.00099
14	0.00135	0.00103	0.00123	0.00131	0.00153	0.00092	0.00094	0.00165	0.00242	0.00315	0.21288	0.35933	0.36926	0.00282	0.00130	0.00038	0.00057	0.02554	0.01144	0.00092
15	0.00286	0.96303	0.00561	0.00183	0.00275	0.00423	0.00183	0.00320	0.00217	0.00252	0.00149	0.00172	0.00137	0.00092	0.00069	0.00023	0.00114	0.00057	0.00046	0.00137
16	0.07695	0.00124	0.00151	0.00160	0.00183	0.00593	0.00684	0.02117	0.01633	0.04689	0.03364	0.42891	0.01048	0.06397	0.00152	0.00045	0.00077	0.20690	0.07206	0.00100
17	0.00400	0.00296	0.00317	0.00245	0.00329	0.00329	0.00202	0.90613	0.05116	0.00663	0.00266	0.00264	0.00189	0.00129	0.00107	0.00032	0.00116	0.00098	0.00107	0.00181
18	0.01044	0.03442	0.21862	0.25716	0.09786	0.02971	0.03330	0.11412	0.03175	0.03157	0.01320	0.02700	0.01861	0.03657	0.00127	0.00037	0.01575	0.02624	0.00064	0.00141
19	0.03229	0.00910	0.00895	0.00891	0.00286	0.01348	0.00172	0.28420	0.11848	0.41590	0.03730	0.00350	0.00268	0.00136	0.00110	0.00033	0.01599	0.01139	0.02875	0.00170
20	0.00211	0.00133	0.00181	0.00193	0.00225	0.00130	0.00166	0.02189	0.01119	0.11481	0.02039	0.04950	0.02317	0.00272	0.00141	0.00046	0.00095	0.73899	0.00103	0.00110
21	0.03937	0.02756	0.14959	0.06980	0.03855	0.06113	0.02095	0.12761	0.03976	0.14948	0.01085	0.16909	0.01219	0.00729	0.00114	0.00036	0.00113	0.06757	0.00517	0.00140
22	0.00259	0.38115	0.37116	0.00233	0.00840	0.02165	0.00869	0.02451	0.00236	0.05715	0.01391	0.02558	0.05169	0.00118	0.00094	0.00030	0.00913	0.00709	0.00875	0.00144

[dist]
# distance from previous block
# <min> <max>
2	3

[block]
# block no. 2 follows, 306 sequences, length 6
# corresponding to MSA columns:
# 1011,1032-1036
name=unknown_C
#
# <colnr> <probs for GDERKNQSTAVLIFYWHMCP>
#	G	D	E	R	K	N	Q	S	T	A	V	L	I	F	Y	W	H	M	C	P
0	0.00149	0.00104	0.00139	0.00152	0.00163	0.00105	0.00109	0.00170	0.00196	0.00264	0.03080	0.36368	0.03554	0.18085	0.17612	0.05306	0.00117	0.14158	0.00083	0.00084
1	0.00233	0.00215	0.00354	0.28150	0.49797	0.00232	0.00282	0.02760	0.00233	0.00321	0.00252	0.08274	0.02613	0.00134	0.00125	0.02535	0.03175	0.00116	0.00057	0.00141
2	0.00250	0.00207	0.00237	0.00172	0.00265	0.00171	0.00138	0.14429	0.00264	0.00397	0.00200	0.00227	0.00162	0.00087	0.00083	0.00018	0.00085	0.00068	0.00070	0.82470
3	0.00332	0.02628	0.00294	0.00244	0.02474	0.17641	0.00190	0.34392	0.22605	0.00468	0.03418	0.00290	0.00229	0.00130	0.00118	0.00032	0.05928	0.00096	0.00088	0.08404
4	0.00198	0.00168	0.00275	0.73169	0.00593	0.00204	0.00247	0.00247	0.00201	0.00263	0.00203	0.00314	0.00166	0.04236	0.00171	0.14481	0.00129	0.00098	0.04533	0.00105
5	0.04748	0.00136	0.00188	0.01689	0.01518	0.00144	0.04041	0.03346	0.00214	0.01943	0.01676	0.37207	0.02567	0.05525	0.09847	0.03930	0.07067	0.11925	0.02190	0.00099

[dist]
# distance from previous block
# <min> <max>
0	10

[block]
# block no. 3 follows, 306 sequences, length 28
# corresponding to MSA columns:
# 1047-1051,1053-1067,1075-1082
name=unknown_D
#
# <colnr> <probs for GDERKNQSTAVLIFYWHMCP>
#	G	D	E	R	K	N	Q	S	T	A	V	L	I	F	Y	W	H	M	C	P
0	0.02395	0.10082	0.08716	0.03856	0.02034	0.00206	0.02255	0.02032	0.15429	0.16862	0.06101	0.16087	0.06530	0.03435	0.00991	0.00039	0.02580	0.00147	0.00090	0.00136
1	0.00214	0.00129	0.00154	0.00146	0.00177	0.00127	0.00110	0.08439	0.01588	0.09116	0.23609	0.22924	0.02847	0.01057	0.00117	0.00034	0.01247	0.00882	0.26970	0.00112
2	0.00251	0.00191	0.01117	0.00191	0.00243	0.00203	0.00152	0.09396	0.42603	0.06853	0.19848	0.02782	0.03294	0.01264	0.00121	0.00037	0.00081	0.08379	0.02850	0.00144
3	0.00188	0.00127	0.00167	0.00688	0.05637	0.00120	0.00856	0.03230	0.02263	0.09361	0.06075	0.49191	0.14737	0.02042	0.00139	0.01151	0.00072	0.02657	0.01193	0.00107
4	0.02323	0.02889	0.08999	0.11737	0.42097	0.05229	0.07261	0.09053	0.03946	0.02122	0.00214	0.00267	0.00169	0.00107	0.00112	0.00033	0.02710	0.00517	0.00061	0.00156
5	0.01041	0.00142	0.02136	0.00960	0.00207	0.01298	0.02390	0.02661	0.01537	0.05718	0.03208	0.34769	0.07652	0.01135	0.24917	0.00074	0.05730	0.01414	0.02904	0.00105
6	0.00239	0.00131	0.00169	0.00161	0.00197	0.00122	0.00122	0.01889	0.04497	0.24898	0.18102	0.37580	0.03491	0.00239	0.00124	0.00038	0.00071	0.04853	0.02956	0.00120
7	0.00704	0.01972	0.45302	0.10887	0.05126	0.00242	0.14384	0.05431	0.01363	0.05196	0.02989	0.01478	0.02605	0.00116	0.00109	0.00034	0.00512	0.00539	0.00863	0.00149
8	0.04464	0.05388	0.19921	0.02237	0.08158	0.02571	0.08921	0.04151	0.06496	0.14875	0.01165	0.05983	0.02766	0.01058	0.08546	0.00047	0.01883	0.00609	0.00615	0.00144
9	0.00155	0.00105	0.00121	0.00121	0.00122	0.00106	0.00070	0.00158	0.00157	0.00211	0.00333	0.00679	0.00380	0.89082	0.07689	0.00109	0.00117	0.00153	0.00064	0.00067
10	0.00156	0.00113	0.00135	0.00129	0.00160	0.00101	0.00097	0.01183	0.00280	0.03534	0.54570	0.03889	0.34038	0.00981	0.00129	0.00035	0.00055	0.00204	0.00111	0.00100
11	0.00995	0.10166	0.19989	0.25977	0.03912	0.04009	0.01586	0.03542	0.07241	0.04842	0.04496	0.05050	0.01050	0.00754	0.02154	0.00037	0.01169	0.00922	0.00065	0.02045
12	0.00782	0.09254	0.73763	0.01975	0.02058	0.01263	0.01020	0.03159	0.01743	0.02094	0.00205	0.01271	0.00152	0.00107	0.00100	0.00033	0.00148	0.00667	0.00051	0.00155
13	0.00156	0.00108	0.00141	0.00141	0.00149	0.00116	0.00095	0.00170	0.00162	0.00224	0.00308	0.00562	0.00327	0.50754	0.40744	0.05390	0.00180	0.00135	0.00061	0.00077
14	0.00159	0.00108	0.00123	0.00121	0.00123	0.00109	0.00070	0.01057	0.00160	0.00214	0.00340	0.00687	0.01252	0.91287	0.02387	0.00103	0.01414	0.00154	0.00065	0.00068
15	0.00279	0.72044	0.17115	0.00205	0.00306	0.01676	0.00218	0.00330	0.00223	0.03952	0.00846	0.00198	0.00151	0.00110	0.01938	0.00028	0.00125	0.00065	0.00050	0.00141
16	0.02654	0.00289	0.04331	0.00410	0.00514	0.00264	0.78506	0.03962	0.03341	0.01384	0.00236	0.03166	0.00184	0.00102	0.00123	0.00036	0.00167	0.00127	0.00060	0.00145
17	0.00400	0.00510	0.00303	0.00276	0.00331	0.95809	0.00207	0.00427	0.00303	0.00262	0.00165	0.00193	0.00138	0.00110	0.00097	0.00028	0.00193	0.00069	0.00055	0.00124
18	0.00230	0.00190	0.00223	0.00160	0.00254	0.00143	0.00128	0.00278	0.00225	0.03437	0.00198	0.00227	0.00162	0.00081	0.00080	0.00016	0.00080	0.00065	0.00066	0.93759
19	0.00129	0.00104	0.00115	0.00123	0.00150	0.00090	0.00089	0.00154	0.00232	0.00285	0.00925	0.29148	0.65157	0.00291	0.00130	0.00039	0.00058	0.02594	0.00099	0.00090
20	0.10978	0.00286	0.00301	0.00233	0.00316	0.00317	0.00192	0.81969	0.00462	0.03522	0.00250	0.00251	0.00177	0.00125	0.00103	0.00032	0.00113	0.00092	0.00103	0.00175
21	0.00258	0.00283	0.00579	0.00419	0.00515	0.01125	0.80078	0.04756	0.00257	0.00350	0.00217	0.01382	0.00168	0.00103	0.00144	0.00037	0.08254	0.00123	0.00809	0.00143
22	0.00136	0.00102	0.00127	0.00143	0.00160	0.00093	0.00103	0.00163	0.00229	0.00298	0.10279	0.52852	0.24221	0.00303	0.00134	0.00041	0.00063	0.10361	0.00101	0.00090
23	0.68586	0.00216	0.00188	0.00161	0.00229	0.01416	0.00132	0.12365	0.01132	0.10553	0.00205	0.01068	0.00152	0.00110	0.00077	0.00033	0.00088	0.00072	0.03086	0.00131
24	0.00136	0.00104	0.00120	0.00125	0.00149	0.00093	0.00090	0.00163	0.00239	0.00307	0.18642	0.24138	0.46595	0.04169	0.00153	0.02440	0.00059	0.01128	0.01060	0.00090
25	0.00147	0.00113	0.00128	0.00128	0.00159	0.00101	0.00096	0.01684	0.01361	0.01854	0.23469	0.11941	0.52782	0.01487	0.00133	0.00038	0.00059	0.04120	0.00104	0.00096
26	0.22129	0.00168	0.00178	0.00159	0.00210	0.00175	0.00126	0.04209	0.15711	0.12224	0.20332	0.02397	0.13979	0.00176	0.00107	0.00035	0.00074	0.04577	0.02908	0.00127
27	0.00228	0.00185	0.00212	0.00201	0.00248	0.00202	0.01261	0.03684	0.49985	0.01877	0.01301	0.07387	0.08040	0.00206	0.00123	0.00040	0.00086	0.24489	0.00105	0.00139

[dist]
# distance from previous block
# <min> <max>
2	12

[block]
# block no. 4 follows, 306 sequences, length 9
# corresponding to MSA columns:
# 1104-1112
name=unknown_E
#
# <colnr> <probs for GDERKNQSTAVLIFYWHMCP>
#	G	D	E	R	K	N	Q	S	T	A	V	L	I	F	Y	W	H	M	C	P
0	0.54254	0.00220	0.01823	0.04471	0.25569	0.00236	0.00190	0.01972	0.00213	0.04529	0.00194	0.00248	0.00157	0.00126	0.02854	0.00037	0.00106	0.02601	0.00066	0.00134
1	0.01253	0.00169	0.02994	0.26876	0.06998	0.00985	0.02780	0.02358	0.02005	0.01228	0.19712	0.15399	0.10721	0.00213	0.03778	0.00042	0.00105	0.02190	0.00081	0.00114
2	0.08176	0.00184	0.00232	0.00182	0.00258	0.00170	0.00150	0.05102	0.02809	0.71932	0.03077	0.00359	0.00272	0.00132	0.00103	0.00033	0.00088	0.00105	0.06467	0.00169
3	0.00220	0.06324	0.47053	0.01207	0.06307	0.01834	0.03105	0.03936	0.03319	0.00347	0.09347	0.03327	0.06123	0.00152	0.02079	0.00037	0.04023	0.01055	0.00063	0.00142
4	0.00219	0.00197	0.00318	0.31634	0.32273	0.00212	0.03137	0.01951	0.02505	0.00329	0.06588	0.06606	0.02572	0.00142	0.00119	0.01905	0.01055	0.02696	0.04400	0.01144
5	0.00149	0.00120	0.00136	0.00143	0.00164	0.03757	0.00103	0.00176	0.00237	0.00304	0.17869	0.35942	0.29358	0.01735	0.01700	0.02114	0.01427	0.04377	0.00098	0.00092
6	0.05796	0.00236	0.00254	0.00211	0.00277	0.00261	0.00170	0.37852	0.30411	0.06889	0.05935	0.00382	0.03397	0.00146	0.00112	0.00034	0.02115	0.01728	0.03632	0.00161
7	0.04455	0.22445	0.42643	0.00254	0.02198	0.05741	0.01250	0.04630	0.00240	0.02665	0.01265	0.01242	0.00167	0.00122	0.02236	0.00033	0.01026	0.01045	0.00055	0.06289
8	0.00152	0.00112	0.00152	0.00166	0.00183	0.00108	0.02244	0.01818	0.01504	0.00295	0.02481	0.57214	0.03690	0.05669	0.01759	0.00049	0.00080	0.22137	0.00096	0.00093

[dist]
# distance from previous block
# <min> <max>
1	18

[block]
# block no. 5 follows, 306 sequences, length 13
# corresponding to MSA columns:
# 1131-1143
name=unknown_F
#
# <colnr> <probs for GDERKNQSTAVLIFYWHMCP>
#	G	D	E	R	K	N	Q	S	T	A	V	L	I	F	Y	W	H	M	C	P
0	0.80434	0.00225	0.00183	0.00158	0.00227	0.02736	0.00130	0.11300	0.00226	0.03332	0.00170	0.00190	0.00129	0.00104	0.00073	0.00033	0.00090	0.00064	0.00073	0.00126
1	0.00384	0.03693	0.00311	0.00263	0.00323	0.69352	0.00202	0.16639	0.02315	0.00340	0.01688	0.00218	0.00163	0.00116	0.00103	0.00029	0.02201	0.00077	0.00066	0.01516
2	0.01206	0.00206	0.03170	0.00175	0.00264	0.00164	0.01296	0.06577	0.03086	0.05699	0.01790	0.01170	0.02594	0.01184	0.00095	0.00022	0.01070	0.00081	0.00073	0.70078
3	0.00936	0.03882	0.09160	0.16114	0.20543	0.03830	0.11588	0.08571	0.04576	0.05598	0.03461	0.02793	0.01662	0.01465	0.00121	0.00035	0.02327	0.02459	0.00068	0.00810
4	0.00990	0.17836	0.11680	0.09834	0.25454	0.00910	0.03098	0.07516	0.01624	0.05666	0.04764	0.00989	0.01560	0.00138	0.02961	0.00036	0.03668	0.01065	0.00064	0.00148
5	0.00217	0.00210	0.00296	0.00256	0.00265	0.01300	0.04450	0.00250	0.01774	0.00279	0.06590	0.10128	0.01786	0.02234	0.00294	0.00045	0.68071	0.00127	0.01315	0.00113
6	0.01074	0.00140	0.00985	0.00164	0.03610	0.02530	0.01888	0.03067	0.02042	0.01222	0.15745	0.17373	0.42711	0.01031	0.00130	0.00037	0.00825	0.04012	0.01311	0.00103
7	0.03700	0.07791	0.20347	0.05809	0.21492	0.02260	0.04505	0.07131	0.08073	0.14575	0.01056	0.01339	0.01219	0.00115	0.00103	0.00033	0.00124	0.00097	0.00073	0.00158
8	0.03640	0.00199	0.02479	0.04670	0.06654	0.02152	0.01655	0.03984	0.02848	0.52360	0.04958	0.01899	0.03049	0.00970	0.01194	0.00608	0.00945	0.00704	0.04239	0.00791
9	0.00137	0.00100	0.00127	0.01567	0.00164	0.00092	0.00100	0.00160	0.00218	0.01415	0.04801	0.67803	0.18742	0.02101	0.00141	0.00043	0.00063	0.02037	0.00099	0.00090
10	0.05595	0.01041	0.05886	0.09813	0.26142	0.01503	0.19209	0.07757	0.05019	0.08388	0.00955	0.01538	0.00952	0.00120	0.00114	0.00035	0.01615	0.04097	0.00070	0.00151
11	0.12401	0.06932	0.07355	0.03559	0.22724	0.09904	0.05270	0.10116	0.02588	0.11757	0.01019	0.01713	0.02147	0.00117	0.00103	0.00032	0.01288	0.00751	0.00072	0.00150
12	0.00819	0.01368	0.01223	0.04695	0.18086	0.05756	0.01204	0.04859	0.00869	0.15927	0.01632	0.25690	0.05816	0.01390	0.01266	0.04072	0.00603	0.02812	0.01257	0.00656

[dist]
# distance from previous block
# <min> <max>
0	15

[block]
# block no. 6 follows, 306 sequences, length 20
# corresponding to MSA columns:
# 1187-1201,1203-1207
name=unknown_G
#
# <colnr> <probs for GDERKNQSTAVLIFYWHMCP>
#	G	D	E	R	K	N	Q	S	T	A	V	L	I	F	Y	W	H	M	C	P
0	0.01891	0.03732	0.02546	0.05316	0.08294	0.01632	0.06348	0.05447	0.09071	0.03024	0.06508	0.27229	0.01438	0.01765	0.01330	0.01828	0.01212	0.11181	0.00086	0.00121
1	0.04019	0.12803	0.26967	0.00237	0.03007	0.05831	0.01453	0.04536	0.11432	0.07155	0.08017	0.00846	0.01960	0.00125	0.00536	0.00031	0.01062	0.00096	0.01460	0.08425
2	0.01290	0.00887	0.00163	0.00139	0.00188	0.00133	0.00107	0.02280	0.06274	0.05652	0.06124	0.06729	0.00325	0.02237	0.00099	0.00028	0.00067	0.01773	0.40727	0.24777
3	0.06262	0.02467	0.08517	0.08616	0.14148	0.01207	0.06807	0.22305	0.07742	0.04764	0.06547	0.02757	0.02073	0.00139	0.01021	0.00035	0.03285	0.00552	0.00606	0.00150
4	0.91686	0.00208	0.00167	0.00156	0.02653	0.00240	0.00123	0.00322	0.01548	0.01901	0.00159	0.00182	0.00123	0.00100	0.00068	0.00033	0.00084	0.00061	0.00067	0.00119
5	0.00248	0.13652	0.63351	0.00275	0.00403	0.08112	0.01054	0.02345	0.00744	0.02126	0.01016	0.00699	0.00156	0.00110	0.00563	0.00032	0.01788	0.00535	0.00893	0.01899
6	0.01893	0.00185	0.00219	0.00163	0.00248	0.00149	0.00130	0.03892	0.00243	0.14308	0.01574	0.03108	0.01066	0.02467	0.00098	0.00023	0.00081	0.00084	0.01664	0.68403
7	0.00407	0.00300	0.00321	0.00246	0.00332	0.00332	0.00203	0.95214	0.00503	0.00675	0.00257	0.00257	0.00182	0.00128	0.00107	0.00032	0.00118	0.00096	0.00107	0.00182
8	0.00132	0.00095	0.00124	0.00146	0.00155	0.00089	0.00099	0.00152	0.00209	0.00276	0.01918	0.84346	0.07698	0.01530	0.01139	0.00045	0.00065	0.01597	0.00099	0.00087
9	0.00230	0.00262	0.04305	0.00388	0.01331	0.00239	0.70699	0.00310	0.00238	0.00326	0.01501	0.01944	0.00205	0.00909	0.15537	0.00059	0.00191	0.01135	0.00056	0.00135
10	0.00400	0.00510	0.00303	0.00276	0.00331	0.95809	0.00207	0.00427	0.00303	0.00262	0.00165	0.00193	0.00138	0.00110	0.00097	0.00028	0.00193	0.00069	0.00055	0.00124
11	0.07201	0.00214	0.00253	0.00198	0.00275	0.00213	0.00163	0.30046	0.01396	0.49707	0.02205	0.02325	0.02683	0.00138	0.00105	0.00033	0.00095	0.00109	0.02470	0.00169
12	0.00132	0.00095	0.00124	0.00147	0.00155	0.00088	0.00099	0.00151	0.00208	0.00276	0.01690	0.87153	0.05216	0.01961	0.00143	0.00044	0.00063	0.02068	0.00099	0.00087
13	0.01546	0.21192	0.46741	0.02716	0.03362	0.10846	0.00836	0.06710	0.01552	0.00335	0.00782	0.01601	0.00616	0.00108	0.00096	0.00031	0.00646	0.00081	0.00054	0.00148
14	0.00162	0.00114	0.00154	0.00785	0.00190	0.00112	0.01048	0.01559	0.02192	0.02390	0.04404	0.51152	0.02850	0.00303	0.01456	0.00045	0.00634	0.27785	0.02566	0.00097
15	0.02913	0.00183	0.00235	0.00184	0.00259	0.00168	0.00151	0.08115	0.01769	0.71478	0.06895	0.00383	0.00307	0.00137	0.00106	0.00033	0.00088	0.00111	0.06315	0.00169
16	0.01734	0.00641	0.03074	0.28570	0.05457	0.02144	0.01981	0.02011	0.00236	0.07578	0.04240	0.14483	0.06298	0.00995	0.00816	0.00040	0.04938	0.12638	0.02010	0.00118
17	0.14686	0.04047	0.07166	0.02376	0.05285	0.02475	0.19740	0.19026	0.05860	0.13114	0.02270	0.01383	0.00203	0.00117	0.00108	0.00034	0.01774	0.00101	0.00081	0.00153
18	0.03249	0.00778	0.02650	0.00213	0.00690	0.02576	0.01817	0.26574	0.26738	0.12175	0.02454	0.05753	0.04410	0.01256	0.04111	0.00041	0.00106	0.02395	0.01861	0.00154
19	0.00134	0.00096	0.00127	0.00151	0.00159	0.00090	0.00103	0.00154	0.00209	0.00278	0.02307	0.86490	0.01886	0.01451	0.00142	0.00044	0.00064	0.05929	0.00099	0.00088

[dist]
# distance from previous block
# <min> <max>
1	17

[block]
# block no. 7 follows, 306 sequences, length 22
# corresponding to MSA columns:
# 1230-1232,1279-1289,1291-1298
name=unknown_H
#
# <colnr> <probs for GDERKNQSTAVLIFYWHMCP>
#	G	D	E	R	K	N	Q	S	T	A	V	L	I	F	Y	W	H	M	C	P
0	0.02088	0.01576	0.00326	0.02270	0.00718	0.05219	0.07545	0.06340	0.03078	0.01096	0.01367	0.03436	0.01054	0.00787	0.02514	0.00045	0.55973	0.00722	0.00059	0.03789
1	0.00195	0.00135	0.00169	0.01854	0.00209	0.00133	0.00134	0.00988	0.12957	0.08393	0.20739	0.18597	0.11958	0.00245	0.00129	0.00040	0.00075	0.22829	0.00106	0.00113
2	0.00224	0.00193	0.00230	0.00178	0.03984	0.00147	0.00135	0.00272	0.00223	0.00349	0.00191	0.00224	0.00159	0.00080	0.00080	0.00016	0.00081	0.00065	0.00063	0.93107
3	0.13036	0.03523	0.01742	0.00235	0.04760	0.00792	0.01554	0.40800	0.11117	0.07153	0.00670	0.00798	0.01414	0.00125	0.00102	0.00032	0.01345	0.01584	0.00092	0.09125
4	0.00220	0.00201	0.00282	0.00247	0.00259	0.00266	0.01397	0.03409	0.03107	0.01235	0.00200	0.00297	0.00187	0.00364	0.28582	0.00083	0.59392	0.00101	0.00055	0.00115
5	0.43475	0.00232	0.00218	0.00184	0.00253	0.03887	0.00149	0.17291	0.15544	0.14335	0.01912	0.00267	0.00202	0.00120	0.00089	0.00033	0.00094	0.00086	0.01487	0.00146
6	0.00337	0.00262	0.00287	0.00235	0.00298	0.01751	0.00190	0.53722	0.20048	0.01965	0.00302	0.02913	0.00240	0.02747	0.00147	0.00037	0.10592	0.02415	0.01350	0.00163
7	0.00261	0.00233	0.00365	0.82884	0.10172	0.00267	0.00318	0.00317	0.00254	0.00335	0.00258	0.03303	0.00213	0.00148	0.00131	0.00045	0.00157	0.00120	0.00068	0.00151
8	0.00216	0.02847	0.93405	0.00302	0.00459	0.00253	0.00390	0.00339	0.00226	0.00337	0.00191	0.00225	0.00136	0.00101	0.00101	0.00034	0.00157	0.00079	0.00045	0.00158
9	0.00151	0.00112	0.00134	0.00129	0.00159	0.00100	0.00098	0.00194	0.01207	0.02381	0.54423	0.03469	0.34210	0.00240	0.00127	0.00035	0.00055	0.02565	0.00111	0.00099
10	0.00135	0.00101	0.00131	0.00145	0.00160	0.00093	0.01004	0.00163	0.01274	0.00297	0.11885	0.67748	0.15006	0.00307	0.00134	0.00041	0.00061	0.01123	0.00101	0.00091
11	0.00154	0.00113	0.00131	0.00128	0.00158	0.00102	0.00094	0.01958	0.00799	0.03229	0.28040	0.10973	0.44870	0.05464	0.01364	0.00041	0.00062	0.00852	0.01371	0.00097
12	0.00139	0.00109	0.00124	0.00127	0.00154	0.00097	0.00093	0.01305	0.01230	0.00325	0.22267	0.21798	0.49340	0.00269	0.00128	0.00037	0.00056	0.01005	0.01303	0.00094
13	0.00167	0.00119	0.00151	0.00154	0.00169	0.00124	0.00111	0.05195	0.00926	0.00279	0.03043	0.18467	0.02128	0.32725	0.21113	0.01077	0.00681	0.12278	0.01004	0.00089
14	0.54023	0.00236	0.00220	0.00181	0.00254	0.01678	0.00149	0.27857	0.01615	0.12553	0.00219	0.00225	0.00157	0.00113	0.00084	0.00033	0.00096	0.00076	0.00087	0.00144
15	0.02003	0.00265	0.00292	0.00226	0.00308	0.02756	0.00186	0.61153	0.00429	0.28855	0.00304	0.00289	0.00206	0.00129	0.00106	0.00032	0.00110	0.00098	0.02076	0.00178
16	0.00132	0.00095	0.00125	0.00149	0.00157	0.00089	0.00101	0.00152	0.00208	0.00276	0.00611	0.88201	0.04941	0.00331	0.00137	0.00043	0.00063	0.04001	0.00099	0.00088
17	0.00274	0.00223	0.00238	0.00211	0.00267	0.02470	0.00165	0.16344	0.55899	0.02410	0.03068	0.09814	0.00359	0.00755	0.01711	0.00039	0.01180	0.03027	0.01391	0.00155
18	0.00297	0.00245	0.00259	0.00224	0.00290	0.00281	0.00177	0.21354	0.74542	0.00498	0.00396	0.00368	0.00295	0.00142	0.00109	0.00035	0.00092	0.00116	0.00109	0.00172
19	0.00231	0.00138	0.00149	0.03698	0.00187	0.01198	0.00108	0.10325	0.04322	0.04103	0.06707	0.03386	0.00993	0.00805	0.00091	0.00029	0.00066	0.00114	0.63233	0.00115
20	0.00286	0.96303	0.00561	0.00183	0.00275	0.00423	0.00183	0.00320	0.00217	0.00252	0.00149	0.00172	0.00137	0.00092	0.00069	0.00023	0.00114	0.00057	0.00046	0.00137
21	0.00229	0.00191	0.00225	0.00162	0.00255	0.00147	0.00130	0.00276	0.00223	0.02924	0.00196	0.00226	0.00161	0.00083	0.00085	0.00017	0.01926	0.00065	0.00065	0.92416

[dist]
# distance from previous block
# <min> <max>
0	3

[block]
# block no. 8 follows, 306 sequences, length 6
# corresponding to MSA columns:
# 1302-1304,1325,1327,1328
name=unknown_I
#
# <colnr> <probs for GDERKNQSTAVLIFYWHMCP>
#	G	D	E	R	K	N	Q	S	T	A	V	L	I	F	Y	W	H	M	C	P
0	0.53650	0.02537	0.02005	0.03282	0.00258	0.02560	0.00149	0.09002	0.06063	0.13257	0.04294	0.00254	0.00196	0.00116	0.00089	0.00033	0.01958	0.00080	0.00082	0.00135
1	0.03756	0.49645	0.04152	0.03218	0.00314	0.28174	0.00200	0.06174	0.02950	0.00298	0.00171	0.00195	0.00145	0.00102	0.00083	0.00026	0.00138	0.00067	0.00055	0.00137
2	0.00132	0.00108	0.00117	0.00119	0.00151	0.00093	0.00090	0.00162	0.00248	0.00306	0.12718	0.09614	0.70841	0.00272	0.00128	0.00037	0.00057	0.04614	0.00102	0.00092
3	0.00235	0.03770	0.02565	0.02058	0.01374	0.08292	0.04751	0.07071	0.02378	0.03637	0.00317	0.08328	0.03947	0.04640	0.18850	0.00067	0.19494	0.06387	0.01721	0.00118
4	0.01321	0.30247	0.16578	0.01447	0.05560	0.01515	0.07746	0.03661	0.05018	0.08991	0.04992	0.01695	0.01280	0.02250	0.00108	0.00032	0.01464	0.00095	0.04205	0.01797
5	0.00250	0.00198	0.00215	0.00195	0.00247	0.00219	0.00150	0.08810	0.56572	0.04333	0.03153	0.14021	0.08377	0.02602	0.00126	0.00038	0.00082	0.00156	0.00107	0.00148

[dist]
# distance from previous block
# <min> <max>
5	27

[block]
# block no. 9 follows, 306 sequences, length 12
# corresponding to MSA columns:
# 1360-1371
name=unknown_J
#
# <colnr> <probs for GDERKNQSTAVLIFYWHMCP>
#	G	D	E	R	K	N	Q	S	T	A	V	L	I	F	Y	W	H	M	C	P
0	0.02757	0.07829	0.09751	0.08516	0.27107	0.03477	0.06656	0.07721	0.06477	0.12315	0.01784	0.01471	0.00771	0.00116	0.00108	0.00033	0.01468	0.00717	0.00772	0.00155
1	0.02018	0.27327	0.15593	0.00225	0.00902	0.09740	0.01659	0.07602	0.03291	0.10169	0.03676	0.08414	0.00837	0.00147	0.01548	0.00034	0.05699	0.00104	0.00877	0.00140
2	0.08303	0.00283	0.03342	0.18271	0.33260	0.15174	0.03808	0.03540	0.01297	0.02109	0.00978	0.00277	0.00173	0.00114	0.00118	0.00034	0.05847	0.02144	0.00787	0.00142
3	0.00133	0.00107	0.00119	0.00122	0.00152	0.00093	0.00091	0.00164	0.00249	0.00313	0.17495	0.13592	0.62313	0.00272	0.00129	0.00037	0.00057	0.04366	0.00103	0.00092
4	0.00210	0.00196	0.00324	0.81726	0.03599	0.00240	0.02186	0.01900	0.01816	0.00291	0.01664	0.00294	0.00163	0.00112	0.00116	0.00036	0.03401	0.00098	0.01509	0.00122
5	0.00189	0.00116	0.00138	0.00129	0.00159	0.00110	0.00098	0.01928	0.02072	0.05197	0.53435	0.00640	0.03934	0.00183	0.00108	0.00031	0.00054	0.00157	0.31215	0.00107
6	0.05128	0.00288	0.00301	0.03069	0.00327	0.04337	0.00197	0.73200	0.04279	0.02567	0.00257	0.00264	0.00186	0.00141	0.02016	0.00035	0.01475	0.00095	0.01668	0.00170
7	0.00153	0.00113	0.00137	0.00132	0.00161	0.00103	0.00100	0.00198	0.01712	0.02074	0.53445	0.00874	0.28692	0.05445	0.00150	0.00039	0.00059	0.06207	0.00108	0.00098
8	0.00136	0.00109	0.00122	0.00121	0.00152	0.00095	0.00091	0.00171	0.00262	0.00337	0.32903	0.04459	0.57776	0.00256	0.00127	0.00036	0.00054	0.02591	0.00106	0.00094
9	0.72678	0.00218	0.00194	0.00165	0.00233	0.01851	0.02319	0.07496	0.01390	0.08758	0.00190	0.00208	0.00141	0.00107	0.00081	0.00033	0.01850	0.00069	0.01892	0.00128
10	0.00134	0.00097	0.00127	0.00149	0.00159	0.00090	0.00103	0.00156	0.00211	0.00280	0.02999	0.79723	0.05670	0.02463	0.00146	0.00045	0.00065	0.07195	0.00099	0.00088
11	0.11706	0.01902	0.00267	0.00205	0.00284	0.00237	0.00169	0.35571	0.02518	0.42717	0.00325	0.00316	0.00223	0.01704	0.00110	0.00034	0.00101	0.01330	0.00112	0.00170

[dist]
# distance from previous block
# <min> <max>
3	12

[block]
# block no. 10 follows, 306 sequences, length 11
# corresponding to MSA columns:
# 1385-1395
name=unknown_K
#
# <colnr> <probs for GDERKNQSTAVLIFYWHMCP>
#	G	D	E	R	K	N	Q	S	T	A	V	L	I	F	Y	W	H	M	C	P
0	0.00245	0.01480	0.00318	0.29076	0.13772	0.00234	0.05216	0.02745	0.00221	0.09835	0.01206	0.01516	0.00203	0.06033	0.08326	0.00052	0.18075	0.00106	0.01210	0.00129
1	0.00146	0.00110	0.00127	0.00123	0.00155	0.00096	0.00092	0.00183	0.00268	0.02875	0.39384	0.05742	0.49816	0.00249	0.00126	0.00035	0.00054	0.00214	0.00108	0.00097
2	0.00194	0.00102	0.00109	0.00110	0.00133	0.00101	0.00081	0.00237	0.00218	0.02296	0.00372	0.10019	0.00324	0.05835	0.03990	0.00038	0.00065	0.00124	0.75555	0.00098
3	0.01188	0.01060	0.01354	0.31076	0.36592	0.01091	0.05020	0.02337	0.11596	0.04152	0.01103	0.00296	0.00191	0.00110	0.00109	0.00034	0.00965	0.00100	0.01478	0.00149
4	0.00238	0.04191	0.21849	0.12706	0.16200	0.02247	0.03207	0.01516	0.06750	0.05334	0.11132	0.01392	0.01155	0.01223	0.03069	0.00908	0.04556	0.02119	0.00068	0.00140
5	0.00139	0.00101	0.00124	0.00137	0.00155	0.00091	0.00096	0.00162	0.00223	0.02173	0.04824	0.55839	0.29399	0.03265	0.00145	0.00043	0.00062	0.02832	0.00100	0.00090
6	0.00298	0.00165	0.00188	0.00161	0.00213	0.00168	0.00127	0.10366	0.17018	0.23661	0.08260	0.00409	0.00333	0.00138	0.00096	0.00030	0.00073	0.00113	0.38042	0.00141
7	0.01344	0.05689	0.11919	0.17638	0.18505	0.04918	0.10251	0.08817	0.07800	0.05528	0.02233	0.02088	0.00207	0.00118	0.00110	0.00034	0.01364	0.01223	0.00067	0.00149
8	0.02201	0.10530	0.30413	0.12663	0.17259	0.00254	0.03258	0.04615	0.02115	0.04786	0.02743	0.01439	0.01973	0.00826	0.00113	0.00961	0.01498	0.02145	0.00061	0.00147
9	0.00259	0.00223	0.00236	0.00214	0.00272	0.00257	0.00166	0.00547	0.90545	0.00439	0.00443	0.05262	0.00346	0.00155	0.00110	0.00037	0.00084	0.00130	0.00108	0.00165
10	0.41786	0.01921	0.05802	0.02269	0.07800	0.22689	0.05062	0.01853	0.00231	0.01516	0.01390	0.00225	0.00153	0.00110	0.00099	0.00032	0.04532	0.01133	0.01268	0.00128

[dist]
# distance from previous block
# <min> <max>
3	20

[block]
# block no. 11 follows, 306 sequences, length 24
# corresponding to MSA columns:
# 1416-1420,1459-1469,1478,1481,1483-1488
name=unknown_L
#
# <colnr> <probs for GDERKNQSTAVLIFYWHMCP>
#	G	D	E	R	K	N	Q	S	T	A	V	L	I	F	Y	W	H	M	C	P
0	0.22973	0.01625	0.01331	0.03719	0.02028	0.09823	0.02687	0.16136	0.05749	0.07674	0.02716	0.00280	0.00887	0.02219	0.01171	0.00591	0.17640	0.00540	0.00076	0.00136
1	0.00148	0.00109	0.00138	0.00132	0.00158	0.00099	0.00099	0.00195	0.00293	0.00409	0.81848	0.03341	0.12176	0.00228	0.00127	0.00034	0.00051	0.00200	0.00115	0.00099
2	0.02390	0.00162	0.00196	0.00165	0.00225	0.00142	0.00130	0.01524	0.01351	0.45301	0.07604	0.01358	0.31136	0.00193	0.00119	0.00036	0.00079	0.00157	0.05482	0.02249
3	0.00926	0.00126	0.01222	0.01909	0.00196	0.00122	0.00839	0.03957	0.06882	0.01333	0.05849	0.59300	0.05217	0.01039	0.00135	0.00042	0.00073	0.10631	0.00099	0.00102
4	0.03271	0.54920	0.01270	0.00217	0.00294	0.26444	0.00193	0.06591	0.01643	0.00293	0.00165	0.00189	0.00143	0.00104	0.00091	0.00026	0.03893	0.00066	0.00054	0.00136
5	0.00241	0.14041	0.66913	0.01715	0.01382	0.00273	0.03514	0.03100	0.03137	0.02996	0.00203	0.00232	0.00148	0.00103	0.00098	0.00032	0.00146	0.00080	0.00052	0.01595
6	0.07941	0.04845	0.06248	0.00257	0.05741	0.04232	0.08932	0.22288	0.07349	0.07754	0.07178	0.04319	0.00267	0.00611	0.00117	0.00033	0.04512	0.00109	0.02365	0.04903
7	0.01014	0.04297	0.00330	0.00270	0.00281	0.03097	0.00225	0.01351	0.01556	0.03175	0.00158	0.00239	0.00149	0.00186	0.01596	0.00046	0.81767	0.00092	0.00052	0.00121
8	0.00150	0.00104	0.00131	0.00138	0.00146	0.00105	0.00092	0.00167	0.00183	0.00251	0.04912	0.26117	0.00486	0.43674	0.17691	0.00093	0.00122	0.03009	0.02352	0.00080
9	0.01698	0.00249	0.04479	0.30798	0.42085	0.02582	0.06613	0.00910	0.00236	0.04898	0.00211	0.01556	0.00169	0.00107	0.00114	0.00034	0.02959	0.00099	0.00056	0.00147
10	0.00261	0.37464	0.42845	0.00255	0.01812	0.01682	0.03200	0.02060	0.01332	0.04435	0.00193	0.00228	0.00153	0.02635	0.00104	0.00032	0.01033	0.00076	0.00052	0.00148
11	0.00155	0.00115	0.00149	0.00159	0.00176	0.00113	0.01599	0.04200	0.02473	0.01002	0.02855	0.71618	0.08782	0.00299	0.00138	0.00041	0.02992	0.00777	0.02258	0.00096
12	0.00138	0.00099	0.00128	0.00146	0.00156	0.00094	0.00100	0.00162	0.01437	0.00282	0.06914	0.69345	0.05437	0.09243	0.00177	0.01216	0.00067	0.04675	0.00097	0.00087
13	0.02223	0.00982	0.01092	0.02394	0.01012	0.04194	0.05842	0.04396	0.04564	0.05118	0.02455	0.22912	0.02070	0.19557	0.02063	0.00878	0.01055	0.16507	0.00582	0.00106
14	0.03137	0.09155	0.29773	0.02722	0.02217	0.04701	0.09090	0.06657	0.00637	0.15517	0.01372	0.04869	0.01989	0.01111	0.01558	0.00037	0.04298	0.00941	0.00071	0.00147
15	0.01220	0.00200	0.00274	0.00238	0.00734	0.02205	0.06647	0.02939	0.04923	0.07655	0.03726	0.10114	0.02071	0.08660	0.02363	0.00050	0.41036	0.03725	0.01101	0.00119
16	0.00227	0.00152	0.00179	0.00162	0.00205	0.00153	0.00125	0.02881	0.23335	0.13015	0.35205	0.05667	0.13905	0.00198	0.00118	0.00035	0.00067	0.00863	0.03381	0.00128
17	0.00251	0.01635	0.03437	0.04180	0.04287	0.01810	0.06762	0.11462	0.20872	0.02036	0.04814	0.02606	0.04137	0.03288	0.00122	0.00033	0.01089	0.03980	0.00083	0.23115
18	0.00228	0.00190	0.00223	0.00159	0.00254	0.00143	0.00128	0.00275	0.00224	0.02611	0.00196	0.00225	0.00161	0.00081	0.00080	0.00016	0.00080	0.00064	0.00065	0.94597
19	0.00227	0.00192	0.00227	0.00977	0.00260	0.00152	0.01505	0.04213	0.01669	0.00361	0.00215	0.04065	0.00186	0.00094	0.00084	0.00019	0.00082	0.00077	0.01506	0.83890
20	0.00250	0.00186	0.03276	0.01595	0.00251	0.00658	0.00138	0.00903	0.01376	0.16041	0.16808	0.01633	0.02859	0.00629	0.00098	0.00024	0.00080	0.00103	0.00086	0.53006
21	0.00314	0.00192	0.00970	0.00975	0.00965	0.01142	0.02955	0.09744	0.21376	0.31537	0.12743	0.06603	0.07568	0.00171	0.00115	0.00035	0.00087	0.02245	0.00112	0.00151
22	0.01039	0.00200	0.01694	0.15726	0.03259	0.01389	0.01304	0.13277	0.15045	0.12351	0.05618	0.13213	0.05676	0.00996	0.01131	0.00037	0.01582	0.00817	0.00092	0.05556
23	0.05767	0.02724	0.02617	0.04592	0.05285	0.02839	0.07374	0.21809	0.08924	0.22744	0.05207	0.01250	0.01036	0.00429	0.00496	0.00034	0.00110	0.03554	0.00407	0.02801

[dist]
# distance from previous block
# <min> <max>
1	43

[block]
# block no. 12 follows, 306 sequences, length 8
# corresponding to MSA columns:
# 1578-1585
name=unknown_M
#
# <colnr> <probs for GDERKNQSTAVLIFYWHMCP>
#	G	D	E	R	K	N	Q	S	T	A	V	L	I	F	Y	W	H	M	C	P
0	0.11670	0.07771	0.21581	0.00261	0.09054	0.07325	0.02068	0.05392	0.07708	0.08620	0.04133	0.01324	0.02133	0.02079	0.00107	0.00033	0.00117	0.01380	0.00072	0.07173
1	0.05315	0.00195	0.00238	0.06313	0.00281	0.01580	0.01287	0.14877	0.03291	0.34280	0.05406	0.00373	0.01290	0.06563	0.00142	0.00037	0.04408	0.00108	0.08403	0.05612
2	0.02183	0.20316	0.02144	0.01358	0.04891	0.14315	0.02263	0.30464	0.11021	0.05224	0.00246	0.01183	0.00191	0.01144	0.00101	0.00031	0.00123	0.00089	0.01021	0.01692
3	0.00138	0.00099	0.00129	0.00147	0.00160	0.00091	0.00101	0.00156	0.00207	0.00275	0.00598	0.76406	0.08665	0.00322	0.00148	0.04697	0.00065	0.04233	0.00096	0.03268
4	0.00155	0.00118	0.00140	0.00143	0.00171	0.00110	0.00108	0.05855	0.00262	0.00342	0.21518	0.26259	0.33399	0.00271	0.00130	0.00039	0.00064	0.10715	0.00104	0.00098
5	0.00233	0.00227	0.06786	0.20327	0.22003	0.00216	0.10399	0.06684	0.01492	0.02435	0.03048	0.03928	0.01773	0.04766	0.01064	0.00040	0.00965	0.09805	0.02338	0.01471
6	0.00167	0.00120	0.00165	0.00188	0.00211	0.00118	0.00160	0.00213	0.00246	0.00320	0.04855	0.08709	0.03787	0.00295	0.00145	0.00048	0.00092	0.79965	0.00100	0.00097
7	0.88052	0.00205	0.00166	0.00145	0.00213	0.00232	0.00120	0.00334	0.00194	0.09298	0.00174	0.00192	0.00130	0.00102	0.00070	0.00033	0.00084	0.00063	0.00072	0.00122

[dist]
# distance from previous block
# <min> <max>
19	48

[block]
# block no. 13 follows, 306 sequences, length 16
# corresponding to MSA columns:
# 1730-1741,1764,1767-1769
name=unknown_N
#
# <colnr> <probs for GDERKNQSTAVLIFYWHMCP>
#	G	D	E	R	K	N	Q	S	T	A	V	L	I	F	Y	W	H	M	C	P
0	0.38853	0.02484	0.09874	0.02136	0.04694	0.03529	0.06089	0.08052	0.04847	0.04083	0.03398	0.02730	0.02789	0.01306	0.00761	0.00035	0.01377	0.00637	0.00073	0.02254
1	0.81275	0.00201	0.00166	0.00147	0.00211	0.00229	0.00120	0.02913	0.01326	0.05650	0.03526	0.02012	0.00173	0.00111	0.00074	0.00033	0.00082	0.00072	0.01558	0.00121
2	0.00160	0.00123	0.00166	0.00164	0.00179	0.01956	0.00122	0.00189	0.00171	0.00240	0.00292	0.00476	0.00290	0.22769	0.69511	0.00150	0.02771	0.00123	0.00059	0.00090
3	0.00873	0.00169	0.03075	0.01313	0.01776	0.03932	0.02077	0.04987	0.11816	0.01702	0.05666	0.18992	0.15446	0.20140	0.05436	0.00058	0.01278	0.01069	0.00086	0.00108
4	0.00200	0.00100	0.00100	0.00100	0.00125	0.00100	0.00075	0.00249	0.00224	0.00399	0.00349	0.00399	0.00274	0.00125	0.00075	0.00025	0.00050	0.00100	0.96833	0.00100
5	0.00245	0.00206	0.00232	0.00170	0.00262	0.01945	0.00136	0.06851	0.04870	0.02311	0.00211	0.00235	0.00170	0.00088	0.00084	0.00019	0.00085	0.00069	0.00070	0.81742
6	0.00222	0.00224	0.00406	0.60526	0.01676	0.01539	0.28032	0.01599	0.01379	0.00305	0.02013	0.00303	0.01082	0.00106	0.00113	0.00036	0.00151	0.00107	0.00053	0.00128
7	0.00200	0.00100	0.00100	0.00100	0.00125	0.00100	0.00075	0.00249	0.00224	0.00399	0.00349	0.00399	0.00274	0.00125	0.00075	0.00025	0.00050	0.00100	0.96833	0.00100
8	0.10353	0.04637	0.06022	0.14321	0.23066	0.05097	0.05026	0.10748	0.01979	0.01371	0.00233	0.02655	0.01176	0.03029	0.02107	0.00039	0.05054	0.02095	0.00849	0.00140
9	0.03812	0.00226	0.00263	0.00206	0.00283	0.01016	0.00168	0.36166	0.04338	0.44156	0.03316	0.00342	0.01218	0.01286	0.00111	0.00034	0.00099	0.00106	0.02683	0.00172
10	0.00254	0.00234	0.00381	0.16748	0.63764	0.02450	0.01703	0.00316	0.01895	0.02113	0.00223	0.00295	0.01245	0.00117	0.00122	0.04764	0.00126	0.00991	0.02112	0.00151
11	0.00170	0.00122	0.00161	0.00156	0.00182	0.00126	0.00119	0.02628	0.03567	0.03312	0.30997	0.10130	0.09267	0.01469	0.33187	0.00084	0.00992	0.02148	0.01080	0.00103
12	0.02283	0.00920	0.00148	0.01919	0.01128	0.01197	0.00930	0.06948	0.07134	0.01589	0.00956	0.01001	0.00269	0.00131	0.00646	0.00028	0.00066	0.00102	0.72493	0.00114
13	0.01290	0.20991	0.50439	0.04657	0.00397	0.01373	0.01346	0.08555	0.01424	0.03673	0.00821	0.01998	0.00168	0.01675	0.00105	0.00033	0.00762	0.00085	0.00057	0.00150
14	0.00134	0.00098	0.00127	0.00144	0.00156	0.00090	0.00100	0.00159	0.00224	0.00299	0.14446	0.69837	0.10753	0.00311	0.00134	0.00041	0.00061	0.02694	0.00102	0.00090
15	0.00222	0.00190	0.00222	0.00159	0.00254	0.00143	0.00127	0.00269	0.00222	0.00349	0.00190	0.00222	0.00159	0.00079	0.00079	0.00016	0.00079	0.00063	0.00063	0.96893

[dist]
# distance from previous block
# <min> <max>
7	21

[block]
# block no. 14 follows, 306 sequences, length 28
# corresponding to MSA columns:
# 1825,1826,1831-1845,1848-1858
name=unknown_O
#
# <colnr> <probs for GDERKNQSTAVLIFYWHMCP>
#	G	D	E	R	K	N	Q	S	T	A	V	L	I	F	Y	W	H	M	C	P
0	0.00134	0.00098	0.00134	0.00153	0.00163	0.00091	0.01808	0.00154	0.00208	0.00276	0.00605	0.86760	0.05379	0.01178	0.00140	0.00044	0.00065	0.02423	0.00098	0.00088
1	0.00257	0.00208	0.00232	0.00211	0.00781	0.00730	0.01122	0.03536	0.63567	0.04224	0.05269	0.00521	0.02526	0.00166	0.00114	0.00037	0.00087	0.12217	0.00106	0.04089
2	0.00136	0.00097	0.00126	0.00145	0.00156	0.00089	0.00099	0.00159	0.00219	0.01451	0.09936	0.77878	0.08478	0.00316	0.00134	0.00042	0.00061	0.00285	0.00102	0.00090
3	0.00157	0.00111	0.00142	0.00134	0.00162	0.00101	0.00101	0.00203	0.00293	0.02871	0.78196	0.03157	0.12379	0.00227	0.00126	0.00034	0.00053	0.01338	0.00115	0.00101
4	0.00359	0.00269	0.00293	0.00235	0.00308	0.02825	0.01978	0.72232	0.01860	0.02307	0.00313	0.12866	0.00267	0.00160	0.00112	0.00034	0.00112	0.03201	0.00104	0.00164
5	0.02114	0.00246	0.00285	0.00219	0.00303	0.00252	0.00181	0.51306	0.00408	0.41327	0.00325	0.00301	0.00216	0.00129	0.00106	0.00032	0.00105	0.00100	0.00116	0.01929
6	0.00234	0.00196	0.00224	0.00171	0.00255	0.00167	0.00135	0.03661	0.15988	0.01565	0.00266	0.03548	0.01921	0.00105	0.00088	0.00021	0.00081	0.00086	0.00075	0.71214
7	0.00234	0.00233	0.00334	0.00283	0.00289	0.00318	0.03981	0.01268	0.00172	0.00266	0.00159	0.03175	0.00159	0.00187	0.00333	0.00046	0.88294	0.00101	0.00049	0.00118
8	0.00131	0.00094	0.00123	0.00147	0.00154	0.00088	0.00098	0.00149	0.00204	0.00271	0.00595	0.90204	0.03390	0.03611	0.00150	0.00045	0.00063	0.00297	0.00098	0.00086
9	0.00478	0.00185	0.00250	0.00192	0.00275	0.00162	0.00158	0.02798	0.00311	0.93362	0.00418	0.00362	0.00263	0.00132	0.00108	0.00033	0.00092	0.00107	0.00132	0.00182
10	0.00209	0.00192	0.00324	0.91105	0.03970	0.00237	0.00296	0.00280	0.00217	0.01888	0.00195	0.00286	0.00146	0.00107	0.00107	0.00035	0.00141	0.00095	0.00049	0.00122
11	0.00403	0.00295	0.00317	0.00244	0.00329	0.00326	0.00201	0.89833	0.03972	0.02589	0.00267	0.00264	0.00189	0.00129	0.00107	0.00032	0.00116	0.00097	0.00108	0.00182
