[name]
unknown

[dist]
# distance from previous block
# <min> <max>
0	129

[block]
# block no. 0 follows, 297 sequences, length 7
# corresponding to MSA columns:
# 503,506-511
name=unknown_A
#
# <colnr> <probs for GDERKNQSTAVLIFYWHMCP>
#	G	D	E	R	K	N	Q	S	T	A	V	L	I	F	Y	W	H	M	C	P
0	0.09106	0.10221	0.06827	0.01792	0.08890	0.01807	0.03177	0.07785	0.04396	0.13428	0.02563	0.11463	0.00268	0.00147	0.01101	0.00033	0.01208	0.00115	0.00081	0.15590
1	0.15781	0.02205	0.09489	0.00214	0.00279	0.06443	0.10074	0.02090	0.03234	0.04726	0.12264	0.06959	0.15736	0.00181	0.01549	0.00037	0.04944	0.00140	0.00082	0.03573
2	0.00171	0.00129	0.00154	0.00160	0.03645	0.00119	0.00114	0.02621	0.04971	0.04025	0.18601	0.18846	0.42442	0.00260	0.00130	0.00038	0.00065	0.03296	0.00106	0.00108
3	0.04024	0.02558	0.07162	0.27403	0.22477	0.01629	0.07523	0.03381	0.00259	0.16802	0.02705	0.03135	0.00216	0.00120	0.00110	0.00035	0.00130	0.00108	0.00072	0.00152
4	0.04562	0.07512	0.11380	0.06681	0.12633	0.11149	0.05921	0.04350	0.04329	0.14889	0.01412	0.00303	0.03659	0.00123	0.00119	0.00033	0.05858	0.00098	0.00074	0.04915
5	0.02626	0.01873	0.12172	0.00251	0.02487	0.17552	0.06116	0.02949	0.02020	0.30327	0.02080	0.02391	0.01234	0.04392	0.00140	0.00036	0.05219	0.00105	0.01128	0.04903
6	0.00186	0.00098	0.00142	0.00142	0.00145	0.00098	0.00095	0.00147	0.00150	0.00199	0.00239	0.00386	0.03899	0.05102	0.04184	0.84478	0.00102	0.00105	0.00051	0.00052

[dist]
# distance from previous block
# <min> <max>
3	12

[block]
# block no. 1 follows, 297 sequences, length 6
# corresponding to MSA columns:
# 533,536-540
name=unknown_B
#
# <colnr> <probs for GDERKNQSTAVLIFYWHMCP>
#	G	D	E	R	K	N	Q	S	T	A	V	L	I	F	Y	W	H	M	C	P
0	0.02735	0.02233	0.04823	0.04178	0.40734	0.02185	0.03258	0.01590	0.13284	0.04472	0.01716	0.07664	0.06200	0.01234	0.00121	0.00036	0.01202	0.02107	0.00075	0.00153
1	0.04567	0.00269	0.00292	0.12458	0.00368	0.03996	0.00202	0.41214	0.26527	0.03457	0.00299	0.00304	0.00220	0.00129	0.00107	0.00034	0.00114	0.00102	0.00097	0.05245
2	0.00191	0.00134	0.00162	0.02032	0.01699	0.01435	0.00119	0.02192	0.04966	0.04620	0.22799	0.22565	0.10567	0.05250	0.01455	0.00042	0.01579	0.03973	0.12457	0.01761
3	0.02007	0.01164	0.05112	0.11527	0.09894	0.03885	0.03686	0.05175	0.09959	0.27075	0.02703	0.02268	0.02888	0.02199	0.01114	0.01160	0.01749	0.02763	0.01270	0.02403
4	0.01636	0.03229	0.09736	0.09071	0.09904	0.03528	0.27671	0.08191	0.04041	0.03320	0.01712	0.00310	0.00201	0.00217	0.14298	0.00056	0.02558	0.00109	0.00065	0.00145
5	0.00385	0.00483	0.00314	0.12503	0.00394	0.83489	0.00225	0.00419	0.00300	0.00271	0.00173	0.00211	0.00142	0.00113	0.00101	0.00029	0.00192	0.00074	0.00056	0.00127

[dist]
# distance from previous block
# <min> <max>
0	3

[block]
# block no. 2 follows, 297 sequences, length 12
# corresponding to MSA columns:
# 544-552,554-556
name=unknown_C
#
# <colnr> <probs for GDERKNQSTAVLIFYWHMCP>
#	G	D	E	R	K	N	Q	S	T	A	V	L	I	F	Y	W	H	M	C	P
0	0.00173	0.00119	0.00166	0.00170	0.00191	0.00126	0.00129	0.00212	0.02254	0.04954	0.01805	0.20470	0.03911	0.06903	0.48821	0.00116	0.00189	0.09113	0.00080	0.00101
1	0.00329	0.01755	0.16118	0.13413	0.07843	0.02361	0.07806	0.03918	0.03908	0.32282	0.01471	0.01631	0.02048	0.00130	0.00121	0.00035	0.03829	0.00755	0.00087	0.00160
2	0.02258	0.09998	0.16888	0.23290	0.07329	0.03603	0.05952	0.05096	0.02346	0.18469	0.01518	0.00287	0.00189	0.00116	0.00111	0.00034	0.02197	0.00096	0.00072	0.00153
3	0.00192	0.00142	0.00163	0.00175	0.00198	0.06499	0.00133	0.00223	0.00240	0.06727	0.02317	0.39020	0.08231	0.05892	0.00163	0.00048	0.00088	0.29349	0.00099	0.00101
4	0.82071	0.00216	0.00188	0.00180	0.05430	0.00244	0.00137	0.02692	0.00208	0.07546	0.00180	0.00201	0.00135	0.00105	0.00075	0.00034	0.00089	0.00066	0.00073	0.00129
5	0.00139	0.00103	0.00137	0.04851	0.00187	0.00098	0.00110	0.00163	0.00217	0.00287	0.04885	0.77360	0.07539	0.03183	0.00150	0.00045	0.00068	0.00287	0.00099	0.00091
6	0.01316	0.00184	0.00949	0.05484	0.00994	0.01828	0.01172	0.10268	0.09160	0.28197	0.20193	0.12290	0.01571	0.00188	0.00123	0.01264	0.00089	0.03379	0.01205	0.00144
7	0.05010	0.01055	0.02706	0.03127	0.01478	0.01328	0.01632	0.10713	0.10321	0.15651	0.04947	0.10303	0.02178	0.06383	0.04815	0.00048	0.08676	0.03300	0.01537	0.04791
8	0.03870	0.45763	0.00440	0.08993	0.08708	0.11047	0.01105	0.07664	0.05428	0.02633	0.02256	0.00249	0.00186	0.00110	0.00090	0.00029	0.00126	0.01093	0.00063	0.00145
9	0.00221	0.00155	0.00192	0.00166	0.00221	0.00134	0.01358	0.03084	0.02893	0.10405	0.09832	0.30729	0.05087	0.00199	0.00113	0.00032	0.00075	0.00174	0.01768	0.33164
10	0.03273	0.02109	0.01689	0.01395	0.09055	0.68149	0.01853	0.02032	0.04963	0.01206	0.00193	0.00222	0.00157	0.00112	0.00100	0.00029	0.00175	0.00078	0.00061	0.03149
11	0.09793	0.02845	0.04490	0.06003	0.29237	0.03200	0.02757	0.03476	0.01541	0.17053	0.02206	0.04676	0.02456	0.00135	0.00672	0.00034	0.02236	0.01667	0.00078	0.05444

[dist]
# distance from previous block
# <min> <max>
9	204

[block]
# block no. 3 follows, 297 sequences, length 13
# corresponding to MSA columns:
# 839-848,852-854
name=unknown_D
#
# <colnr> <probs for GDERKNQSTAVLIFYWHMCP>
#	G	D	E	R	K	N	Q	S	T	A	V	L	I	F	Y	W	H	M	C	P
0	0.05696	0.09132	0.07284	0.03850	0.08508	0.03063	0.05062	0.07890	0.06343	0.07960	0.09318	0.06490	0.08794	0.02435	0.01555	0.00038	0.00901	0.00893	0.00083	0.04706
1	0.10263	0.03308	0.05540	0.02781	0.05363	0.03885	0.04290	0.05775	0.04050	0.06981	0.15733	0.10262	0.03993	0.01247	0.01600	0.00037	0.01893	0.03519	0.01086	0.08394
2	0.06634	0.02869	0.08669	0.11675	0.08825	0.02896	0.03025	0.07903	0.07433	0.09307	0.06190	0.05165	0.03089	0.04915	0.00726	0.00038	0.01186	0.00117	0.00080	0.09258
3	0.02706	0.07208	0.06850	0.05844	0.36324	0.01919	0.04856	0.06135	0.05973	0.06566	0.03163	0.01571	0.00221	0.01278	0.01058	0.00035	0.00798	0.00102	0.01229	0.06166
4	0.03762	0.04396	0.01703	0.03915	0.05074	0.05340	0.01020	0.07076	0.22604	0.05029	0.04014	0.03158	0.04746	0.01206	0.03727	0.00038	0.03760	0.00987	0.00085	0.18359
5	0.07319	0.08885	0.13073	0.01489	0.06193	0.01823	0.03498	0.08804	0.02403	0.05548	0.00249	0.00981	0.01254	0.02356	0.14679	0.00056	0.09239	0.01990	0.00068	0.10091
6	0.00191	0.04975	0.00190	0.00157	0.00193	0.00141	0.02214	0.02831	0.05059	0.05237	0.53686	0.07373	0.11480	0.03604	0.02145	0.00041	0.00072	0.00188	0.00109	0.00113
7	0.00200	0.05684	0.01668	0.01488	0.00206	0.00144	0.00994	0.03291	0.01375	0.08451	0.37275	0.15789	0.17773	0.00227	0.00127	0.00036	0.01368	0.01232	0.00106	0.02565
8	0.02387	0.13784	0.11819	0.13109	0.13377	0.10372	0.06948	0.04951	0.03791	0.07484	0.02703	0.02771	0.00882	0.00122	0.00110	0.00033	0.02452	0.00703	0.00067	0.02134
9	0.03027	0.10131	0.28293	0.02092	0.05713	0.00940	0.14243	0.04505	0.02132	0.17256	0.01190	0.03679	0.02667	0.00133	0.00885	0.00036	0.01702	0.01146	0.00074	0.00156
10	0.00140	0.00100	0.00132	0.00154	0.00164	0.00094	0.00107	0.00162	0.00215	0.00284	0.00622	0.76262	0.06203	0.04812	0.00161	0.00048	0.00069	0.10082	0.00100	0.00090
11	0.00241	0.02283	0.69027	0.03782	0.04042	0.01437	0.06537	0.03117	0.02038	0.02864	0.01418	0.00268	0.00823	0.00111	0.00109	0.00035	0.00832	0.00822	0.00055	0.00159
12	0.02342	0.05557	0.23675	0.07783	0.11535	0.03607	0.06098	0.03782	0.01576	0.21792	0.02909	0.01336	0.00785	0.00150	0.03405	0.00656	0.01233	0.01546	0.00077	0.00156

[dist]
# distance from previous block
# <min> <max>
2	11

[block]
# block no. 4 follows, 297 sequences, length 24
# corresponding to MSA columns:
# 882-884,887-907
name=unknown_E
#
# <colnr> <probs for GDERKNQSTAVLIFYWHMCP>
#	G	D	E	R	K	N	Q	S	T	A	V	L	I	F	Y	W	H	M	C	P
0	0.04720	0.00296	0.15669	0.16144	0.18752	0.02294	0.05060	0.05035	0.04631	0.04778	0.08116	0.01129	0.02372	0.00829	0.01192	0.00040	0.00501	0.00117	0.01073	0.07253
1	0.02037	0.01909	0.08685	0.06764	0.40764	0.00735	0.02292	0.00898	0.03385	0.07659	0.04242	0.03422	0.00773	0.01036	0.00110	0.00032	0.00117	0.00105	0.00068	0.14967
2	0.02118	0.08224	0.01274	0.15013	0.22485	0.04315	0.02943	0.04688	0.06034	0.04609	0.10082	0.05060	0.02451	0.00148	0.01388	0.00035	0.02575	0.00675	0.00074	0.05808
3	0.03392	0.02358	0.10671	0.08314	0.09403	0.02769	0.03684	0.09320	0.10450	0.03432	0.04208	0.04629	0.02227	0.01160	0.00114	0.00033	0.01401	0.02359	0.01149	0.18927
4	0.00237	0.00882	0.01044	0.39788	0.14144	0.06622	0.01694	0.03270	0.03967	0.02090	0.02988	0.06969	0.01628	0.04352	0.00666	0.00557	0.03332	0.02253	0.01110	0.02406
5	0.01390	0.01474	0.01358	0.13142	0.11014	0.00666	0.03245	0.06835	0.16458	0.00350	0.03452	0.01120	0.00843	0.07905	0.06844	0.02717	0.16629	0.01411	0.00071	0.03076
6	0.00213	0.00167	0.00257	0.00221	0.00267	0.00161	0.18091	0.04918	0.07019	0.06267	0.05704	0.34489	0.07803	0.03224	0.00142	0.00041	0.00096	0.05781	0.02894	0.02245
7	0.02400	0.00281	0.00302	0.00235	0.00318	0.01332	0.00192	0.68750	0.07610	0.03291	0.00277	0.00289	0.00204	0.01208	0.00114	0.00033	0.00946	0.01130	0.01059	0.10029
8	0.02366	0.06342	0.22966	0.09052	0.09682	0.02712	0.08106	0.12193	0.07677	0.04593	0.03436	0.01367	0.01403	0.01072	0.00115	0.00034	0.01685	0.00558	0.00071	0.04567
9	0.14966	0.23224	0.08676	0.13159	0.00886	0.02369	0.06973	0.05815	0.01108	0.05999	0.00676	0.02859	0.00187	0.01857	0.00933	0.00035	0.03441	0.01461	0.00065	0.05310
10	0.00217	0.09336	0.51263	0.01229	0.01577	0.01241	0.08734	0.00308	0.00905	0.00328	0.01164	0.12596	0.01745	0.01281	0.00741	0.00038	0.00702	0.05926	0.00061	0.00607
11	0.03890	0.01679	0.05382	0.12525	0.05127	0.00717	0.10566	0.02461	0.02397	0.05644	0.14879	0.05376	0.19781	0.01661	0.01809	0.00040	0.01671	0.04185	0.00085	0.00124
12	0.02680	0.13285	0.27303	0.09743	0.15337	0.01886	0.04745	0.03320	0.01570	0.04503	0.02064	0.06583	0.02707	0.00131	0.00110	0.00034	0.01649	0.01072	0.01133	0.00148
13	0.01577	0.01147	0.00628	0.00838	0.01708	0.00127	0.01164	0.00188	0.00689	0.01732	0.04664	0.05012	0.02906	0.19801	0.26972	0.28612	0.01227	0.00863	0.00065	0.00082
14	0.00166	0.00110	0.00133	0.00137	0.00162	0.00101	0.00101	0.00202	0.00250	0.04056	0.20863	0.28379	0.21566	0.01131	0.01182	0.00040	0.00064	0.05826	0.15431	0.00100
15	0.04874	0.01080	0.12012	0.12592	0.08707	0.00225	0.15929	0.02926	0.06192	0.12333	0.05745	0.02105	0.05546	0.00149	0.01376	0.00038	0.03283	0.02556	0.02188	0.00145
16	0.01662	0.04690	0.06313	0.14216	0.11805	0.01898	0.05514	0.04302	0.01810	0.08642	0.00690	0.01163	0.01159	0.00774	0.25456	0.00073	0.07351	0.01558	0.00066	0.00856
17	0.00162	0.00118	0.00149	0.00171	0.00187	0.02242	0.00130	0.00194	0.00230	0.01079	0.01364	0.51001	0.01710	0.02951	0.00152	0.00047	0.00081	0.33993	0.03942	0.00095
18	0.00152	0.00116	0.00141	0.00145	0.01130	0.00106	0.00109	0.00192	0.01087	0.01402	0.31971	0.13916	0.36948	0.00268	0.00135	0.00039	0.00688	0.11247	0.00108	0.00100
19	0.03477	0.16734	0.24600	0.13092	0.09846	0.02364	0.08154	0.04561	0.03156	0.12077	0.00805	0.00266	0.00176	0.00109	0.00102	0.00033	0.00136	0.00091	0.00066	0.00155
20	0.00282	0.00292	0.08930	0.07269	0.59111	0.06764	0.01591	0.01908	0.01871	0.05703	0.02228	0.01168	0.00204	0.00116	0.00659	0.00034	0.00623	0.01022	0.00062	0.00163
21	0.00208	0.00190	0.00271	0.00243	0.00250	0.00255	0.00198	0.00236	0.00171	0.00260	0.00203	0.00316	0.00196	0.00440	0.37013	0.02181	0.57101	0.00105	0.00052	0.00110
22	0.80789	0.01841	0.00196	0.00183	0.05084	0.05878	0.00139	0.01507	0.00206	0.02424	0.00858	0.00194	0.00134	0.00104	0.00074	0.00033	0.00095	0.00065	0.00069	0.00125
23	0.01788	0.41814	0.27656	0.02050	0.01283	0.04491	0.01285	0.03905	0.06310	0.01378	0.01459	0.02222	0.00188	0.00753	0.00098	0.00031	0.01325	0.01115	0.00058	0.00790

[dist]
# distance from previous block
# <min> <max>
3	38

[block]
# block no. 5 follows, 297 sequences, length 6
# corresponding to MSA columns:
# 961-966
name=unknown_F
#
# <colnr> <probs for GDERKNQSTAVLIFYWHMCP>
#	G	D	E	R	K	N	Q	S	T	A	V	L	I	F	Y	W	H	M	C	P
0	0.05815	0.02147	0.04258	0.04296	0.17304	0.03239	0.00212	0.05096	0.02145	0.53851	0.00336	0.00322	0.00226	0.00124	0.00107	0.00034	0.00110	0.00101	0.00104	0.00174
1	0.00204	0.00131	0.00181	0.00197	0.00228	0.00128	0.00170	0.00252	0.00259	0.09105	0.00600	0.01151	0.06132	0.00287	0.00147	0.00048	0.00098	0.80468	0.00105	0.00109
2	0.01766	0.00191	0.02651	0.02238	0.01923	0.00175	0.00161	0.07329	0.02140	0.55194	0.06092	0.00440	0.00322	0.12164	0.00177	0.01448	0.01927	0.01791	0.01713	0.00157
3	0.00213	0.00193	0.00309	0.65468	0.07726	0.01982	0.02126	0.00277	0.02008	0.00292	0.02179	0.02708	0.00212	0.00148	0.00138	0.07788	0.00134	0.04099	0.01882	0.00119
4	0.00304	0.88172	0.00555	0.00196	0.00287	0.08427	0.00190	0.00339	0.00231	0.00260	0.00154	0.00178	0.00141	0.00096	0.00073	0.00024	0.00124	0.00060	0.00048	0.00140
5	0.02089	0.01385	0.14241	0.23360	0.08698	0.01215	0.01403	0.07834	0.02774	0.01543	0.01454	0.06364	0.07282	0.02208	0.01475	0.00039	0.04973	0.05041	0.00070	0.06551

[dist]
# distance from previous block
# <min> <max>
0	1

[block]
# block no. 6 follows, 297 sequences, length 21
# corresponding to MSA columns:
# 968-988
name=unknown_G
#
# <colnr> <probs for GDERKNQSTAVLIFYWHMCP>
#	G	D	E	R	K	N	Q	S	T	A	V	L	I	F	Y	W	H	M	C	P
0	0.00696	0.01960	0.01292	0.14984	0.18672	0.00172	0.00597	0.00891	0.04953	0.01301	0.01685	0.45656	0.03503	0.00232	0.00128	0.00040	0.01316	0.01720	0.00083	0.00120
1	0.00411	0.00525	0.00312	0.00284	0.00340	0.95690	0.00213	0.00440	0.00312	0.00269	0.00170	0.00198	0.00142	0.00113	0.00099	0.00028	0.00198	0.00071	0.00057	0.00128
2	0.00212	0.01305	0.00869	0.05401	0.04926	0.01024	0.00160	0.01148	0.09460	0.02940	0.10569	0.01727	0.04201	0.00331	0.25363	0.02680	0.04097	0.00743	0.00593	0.22252
3	0.00192	0.03213	0.01873	0.03811	0.00241	0.03803	0.02875	0.01811	0.00207	0.00276	0.00336	0.02276	0.00338	0.04620	0.37018	0.13780	0.01078	0.22088	0.00068	0.00098
4	0.00259	0.00288	0.00624	0.01899	0.00562	0.00271	0.89523	0.00348	0.00259	0.01692	0.00236	0.03067	0.00184	0.00101	0.00130	0.00037	0.00180	0.00134	0.00058	0.00147
5	0.00231	0.14815	0.08959	0.07019	0.10055	0.01279	0.17385	0.00669	0.00226	0.00307	0.03726	0.09270	0.02083	0.03048	0.02745	0.03134	0.12012	0.02151	0.00757	0.00129
6	0.01078	0.00243	0.00257	0.01522	0.00295	0.01082	0.00177	0.15345	0.71090	0.03516	0.00407	0.00381	0.00303	0.00144	0.00110	0.00036	0.00093	0.00118	0.03627	0.00173
7	0.01483	0.00268	0.19144	0.00235	0.05729	0.00185	0.01295	0.04879	0.00826	0.21903	0.05754	0.00330	0.01787	0.00129	0.00115	0.03991	0.00105	0.01085	0.00083	0.30674
8	0.40960	0.01160	0.02854	0.03764	0.24022	0.01901	0.02535	0.02893	0.03730	0.13238	0.00223	0.00249	0.00167	0.00109	0.00094	0.00034	0.00887	0.00084	0.00074	0.01021
9	0.00256	0.15417	0.13774	0.02280	0.09501	0.01718	0.44247	0.00340	0.01949	0.01521	0.03499	0.03775	0.00216	0.00880	0.00117	0.00035	0.00153	0.00116	0.00059	0.00148
10	0.00136	0.00105	0.00121	0.00131	0.00154	0.00093	0.00093	0.00162	0.00236	0.00300	0.05408	0.38139	0.47836	0.01581	0.01257	0.00042	0.00063	0.01341	0.02710	0.00092
11	0.01720	0.00256	0.07965	0.38867	0.34805	0.01023	0.05086	0.01694	0.01492	0.02388	0.01988	0.01120	0.00186	0.00814	0.00113	0.00035	0.00139	0.00102	0.00057	0.00148
12	0.02235	0.00229	0.01211	0.50118	0.21407	0.03233	0.02973	0.04625	0.01148	0.04188	0.00229	0.03777	0.00186	0.00123	0.00119	0.00674	0.02533	0.00794	0.00060	0.00139
13	0.00249	0.00219	0.03799	0.22715	0.36735	0.00216	0.02235	0.02050	0.00901	0.08009	0.00315	0.11171	0.01800	0.01165	0.00121	0.00037	0.00121	0.07027	0.00969	0.00145
14	0.00862	0.01231	0.00135	0.00129	0.00162	0.00108	0.00097	0.00200	0.01233	0.03615	0.18163	0.08800	0.47108	0.02680	0.03613	0.00043	0.00069	0.02691	0.08961	0.00100
15	0.04696	0.03271	0.15371	0.09678	0.22266	0.11976	0.06438	0.02110	0.01643	0.07911	0.01895	0.04693	0.03859	0.00633	0.00115	0.00035	0.01467	0.01728	0.00068	0.00147
16	0.00995	0.00699	0.03039	0.16386	0.36707	0.02561	0.01661	0.07171	0.05201	0.04188	0.07233	0.08141	0.02684	0.00814	0.00119	0.00036	0.00773	0.01368	0.00074	0.00148
17	0.00216	0.00145	0.01775	0.00167	0.00191	0.03606	0.01223	0.01159	0.00197	0.11081	0.00324	0.06182	0.00317	0.26058	0.28333	0.14638	0.00847	0.01155	0.02291	0.00096
18	0.13982	0.01382	0.02849	0.08457	0.33422	0.04603	0.05151	0.00871	0.00240	0.05516	0.00819	0.12752	0.02214	0.01499	0.00120	0.00037	0.01405	0.04470	0.00070	0.00140
19	0.13661	0.03212	0.06182	0.12006	0.14773	0.05760	0.02232	0.08662	0.02852	0.06780	0.01130	0.07551	0.04377	0.01897	0.01266	0.00038	0.03185	0.00742	0.02683	0.01010
20	0.01425	0.01375	0.03406	0.04881	0.04161	0.04779	0.01844	0.06228	0.04391	0.06675	0.05926	0.08839	0.13280	0.12418	0.02387	0.04549	0.04073	0.02923	0.05452	0.00987

[dist]
# distance from previous block
# <min> <max>
0	227

# created by:
# /home/berkeley/.conda/envs/busco_data_prod/bin/msa2prfl.pl pipeline/OGs_align_augustus/2759/285729.fs
