[name]
unknown

[dist]
# distance from previous block
# <min> <max>
0	961

[block]
# block no. 0 follows, 376 sequences, length 13
# corresponding to MSA columns:
# 1015-1019,1047-1050,1057-1060
name=unknown_A
#
# <colnr> <probs for GDERKNQSTAVLIFYWHMCP>
#	G	D	E	R	K	N	Q	S	T	A	V	L	I	F	Y	W	H	M	C	P
0	0.08518	0.04131	0.01965	0.03197	0.09129	0.07560	0.13133	0.05944	0.14736	0.01272	0.03413	0.11979	0.09308	0.00134	0.00092	0.00029	0.00686	0.02784	0.01155	0.00836
1	0.15885	0.06594	0.00190	0.00954	0.00200	0.02452	0.00118	0.08939	0.01322	0.38124	0.01296	0.16784	0.00252	0.00131	0.00083	0.00028	0.00073	0.00106	0.06352	0.00119
2	0.03575	0.00160	0.00198	0.03742	0.06619	0.00141	0.00904	0.06741	0.01475	0.03822	0.07417	0.01463	0.00199	0.02568	0.00087	0.00020	0.01523	0.00072	0.00060	0.59214
3	0.00229	0.00160	0.00189	0.00142	0.00211	0.00136	0.00113	0.12885	0.00221	0.15062	0.00216	0.05819	0.00179	0.03451	0.00088	0.00021	0.00071	0.00075	0.00067	0.60663
4	0.07668	0.22711	0.36082	0.03545	0.00295	0.00223	0.03090	0.03270	0.02890	0.12245	0.00199	0.06254	0.00160	0.00099	0.00080	0.00026	0.00911	0.00077	0.00054	0.00121
5	0.00145	0.07802	0.03277	0.00134	0.00163	0.08061	0.02560	0.00172	0.00196	0.00246	0.15668	0.27601	0.23887	0.06323	0.01111	0.00035	0.01041	0.01423	0.00073	0.00082
6	0.00136	0.00103	0.00138	0.00146	0.05704	0.00112	0.00095	0.00153	0.00146	0.00204	0.06089	0.03108	0.01642	0.45867	0.29176	0.00090	0.06846	0.00118	0.00054	0.00072
7	0.00127	0.00092	0.00135	0.00136	0.00149	0.00105	0.00103	0.00151	0.00140	0.00200	0.00243	0.03932	0.00236	0.07283	0.79928	0.06609	0.00208	0.00101	0.00048	0.00074
8	0.06724	0.19406	0.00296	0.06627	0.00285	0.45271	0.05717	0.06479	0.06871	0.00264	0.00158	0.00181	0.00128	0.00089	0.00076	0.00024	0.00125	0.00063	0.01107	0.00110
9	0.01197	0.30670	0.28523	0.00859	0.01631	0.01096	0.02371	0.01553	0.02433	0.16707	0.08898	0.00243	0.00799	0.00096	0.00080	0.00025	0.01179	0.00075	0.00058	0.01506
10	0.07029	0.22182	0.09666	0.04692	0.10556	0.04302	0.01641	0.02631	0.13401	0.08533	0.03925	0.07419	0.01353	0.00109	0.00082	0.00026	0.00668	0.00088	0.00061	0.01638
11	0.05230	0.00372	0.69294	0.00235	0.00342	0.00192	0.06761	0.01185	0.02682	0.02603	0.01497	0.06906	0.00170	0.00103	0.00087	0.00029	0.00117	0.02027	0.00047	0.00123
12	0.00340	0.00179	0.05787	0.00170	0.00234	0.00160	0.00147	0.12161	0.01850	0.64402	0.06691	0.00299	0.00238	0.00115	0.00103	0.00028	0.06768	0.00090	0.00096	0.00140

[dist]
# distance from previous block
# <min> <max>
4	26

[block]
# block no. 1 follows, 376 sequences, length 24
# corresponding to MSA columns:
# 1091-1114
name=unknown_B
#
# <colnr> <probs for GDERKNQSTAVLIFYWHMCP>
#	G	D	E	R	K	N	Q	S	T	A	V	L	I	F	Y	W	H	M	C	P
0	0.02010	0.01953	0.00781	0.06397	0.02444	0.03444	0.18854	0.21822	0.21717	0.05362	0.01077	0.00692	0.01442	0.00468	0.01269	0.00031	0.01403	0.07955	0.00756	0.00125
1	0.01307	0.00314	0.00238	0.00204	0.00256	0.49953	0.00159	0.29051	0.00868	0.07987	0.00201	0.06505	0.00165	0.00110	0.00087	0.00025	0.01297	0.00079	0.01077	0.00118
2	0.01665	0.00227	0.00259	0.00202	0.00270	0.01208	0.06418	0.60002	0.19505	0.01238	0.00233	0.00234	0.00170	0.00103	0.00087	0.00026	0.00092	0.00082	0.00082	0.07896
3	0.00187	0.00163	0.00268	0.76183	0.08185	0.00198	0.00236	0.00241	0.00180	0.06513	0.00167	0.00235	0.00126	0.00093	0.00102	0.00030	0.06667	0.00079	0.00044	0.00104
4	0.00155	0.00116	0.00140	0.00152	0.06439	0.02482	0.00112	0.00192	0.02163	0.07923	0.08765	0.01674	0.41532	0.00205	0.00872	0.00033	0.00066	0.26809	0.00082	0.00089
5	0.00176	0.00143	0.00223	0.04284	0.02729	0.01595	0.21135	0.01342	0.02133	0.10546	0.05751	0.07989	0.35998	0.00166	0.00103	0.00030	0.00747	0.04737	0.00074	0.00098
6	0.02118	0.16660	0.28397	0.08922	0.04338	0.10146	0.05209	0.06616	0.04199	0.02595	0.01307	0.01057	0.01188	0.00643	0.00751	0.00028	0.04913	0.00748	0.00049	0.00118
7	0.00128	0.00094	0.00104	0.00101	0.00130	0.00081	0.00076	0.00156	0.01320	0.06540	0.16572	0.08424	0.65536	0.00212	0.00104	0.00030	0.00047	0.00179	0.00086	0.00081
8	0.00216	0.00238	0.00503	0.00360	0.00448	0.00226	0.89772	0.06539	0.00221	0.00300	0.00180	0.00236	0.00135	0.00076	0.00103	0.00029	0.00145	0.00102	0.00047	0.00121
9	0.01136	0.01158	0.09581	0.05261	0.01262	0.01653	0.02413	0.14606	0.18150	0.33830	0.03350	0.02493	0.00615	0.00518	0.00623	0.00029	0.01560	0.01009	0.00620	0.00134
10	0.00635	0.05576	0.26964	0.06596	0.11021	0.01107	0.19287	0.10629	0.04579	0.09934	0.00792	0.00909	0.00587	0.00091	0.00090	0.00028	0.00910	0.00082	0.00056	0.00129
11	0.00131	0.00116	0.06417	0.00150	0.00173	0.00097	0.00129	0.00167	0.00190	0.00252	0.00473	0.31823	0.05660	0.00241	0.00115	0.00037	0.00072	0.52330	0.01346	0.00081
12	0.01402	0.00197	0.00217	0.00180	0.00239	0.00216	0.00144	0.29474	0.46505	0.18154	0.00308	0.00286	0.00221	0.00113	0.00088	0.00028	0.00078	0.00091	0.01917	0.00143
13	0.02126	0.03500	0.46403	0.04017	0.02359	0.02728	0.12601	0.01239	0.01677	0.01292	0.00931	0.02760	0.01981	0.01492	0.05903	0.00037	0.08013	0.00780	0.00045	0.00116
14	0.00180	0.00164	0.00264	0.89004	0.00580	0.00202	0.00239	0.07861	0.00195	0.00251	0.00161	0.00233	0.00120	0.00089	0.00088	0.00029	0.00116	0.00078	0.00043	0.00102
15	0.00371	0.00146	0.00195	0.00152	0.00215	0.00129	0.00125	0.02076	0.01397	0.85133	0.01526	0.00305	0.00226	0.00110	0.00087	0.00027	0.00072	0.00089	0.07476	0.00144
16	0.00135	0.00088	0.00114	0.00120	0.00137	0.00081	0.00086	0.00158	0.00193	0.07913	0.17091	0.50611	0.14358	0.01868	0.03348	0.00037	0.00058	0.03436	0.00085	0.00080
17	0.00202	0.04072	0.77217	0.00243	0.00362	0.00218	0.02872	0.12054	0.00215	0.01503	0.00166	0.00190	0.00118	0.00086	0.00084	0.00027	0.00125	0.00068	0.00045	0.00132
18	0.00109	0.00078	0.00103	0.00123	0.00130	0.00073	0.00084	0.00125	0.00171	0.00227	0.00498	0.90032	0.03704	0.00273	0.00113	0.00036	0.00052	0.03917	0.00082	0.00072
19	0.07870	0.00085	0.00106	0.00124	0.00133	0.00083	0.00085	0.00136	0.00168	0.00240	0.00456	0.85695	0.00541	0.00259	0.00108	0.00035	0.00054	0.03668	0.00080	0.00074
20	0.18667	0.06685	0.03358	0.01814	0.01329	0.21233	0.02025	0.05714	0.00658	0.26539	0.01199	0.03429	0.00176	0.00109	0.00988	0.00027	0.00547	0.01346	0.04042	0.00117
21	0.00108	0.00078	0.00102	0.00122	0.00128	0.00073	0.00082	0.00124	0.00170	0.00225	0.00497	0.88734	0.04452	0.02308	0.00119	0.00037	0.00052	0.02434	0.00081	0.00072
22	0.01527	0.04108	0.03124	0.02113	0.02402	0.01481	0.01355	0.03084	0.04117	0.01050	0.00164	0.00619	0.00136	0.00080	0.00088	0.00018	0.08345	0.00060	0.00053	0.66074
23	0.01777	0.13097	0.36618	0.08824	0.03781	0.01274	0.01847	0.09909	0.02610	0.03624	0.00838	0.01395	0.00139	0.00573	0.00086	0.00399	0.01830	0.00070	0.00050	0.11260

[dist]
# distance from previous block
# <min> <max>
0	126

[block]
# block no. 2 follows, 376 sequences, length 20
# corresponding to MSA columns:
# 1241-1260
name=unknown_C
#
# <colnr> <probs for GDERKNQSTAVLIFYWHMCP>
#	G	D	E	R	K	N	Q	S	T	A	V	L	I	F	Y	W	H	M	C	P
0	0.04224	0.00176	0.01846	0.02128	0.00917	0.00666	0.01148	0.12843	0.04392	0.04219	0.01320	0.00206	0.00150	0.00080	0.00074	0.00018	0.01287	0.00063	0.01819	0.62422
1	0.06703	0.00158	0.00187	0.06874	0.04497	0.01005	0.01355	0.25012	0.00250	0.13873	0.00253	0.03590	0.00196	0.00590	0.01552	0.00028	0.01376	0.01010	0.30719	0.00772
2	0.00130	0.00091	0.00118	0.00125	0.00134	0.00093	0.00087	0.00148	0.01221	0.03060	0.01100	0.44421	0.05112	0.22683	0.12701	0.00061	0.04287	0.03665	0.00691	0.00073
3	0.00111	0.00085	0.00106	0.02968	0.00141	0.00078	0.00084	0.00134	0.00190	0.00247	0.13287	0.50525	0.29183	0.00241	0.00108	0.00033	0.00051	0.02271	0.00083	0.00075
4	0.00108	0.00078	0.00103	0.00122	0.00129	0.00072	0.00083	0.00125	0.00172	0.00230	0.03326	0.91077	0.02026	0.00272	0.00112	0.00036	0.00051	0.01724	0.00082	0.00072
5	0.00236	0.96957	0.00462	0.00151	0.00226	0.00349	0.00151	0.00264	0.00179	0.00207	0.00122	0.00141	0.00113	0.00075	0.00057	0.00019	0.00094	0.00047	0.00038	0.00113
6	0.00122	0.00094	0.00106	0.00107	0.00131	0.00082	0.00078	0.00145	0.00213	0.01567	0.22869	0.17896	0.55814	0.00226	0.00109	0.00032	0.00048	0.00193	0.00088	0.00081
7	0.97526	0.00170	0.00130	0.00116	0.00170	0.00198	0.00095	0.00259	0.00150	0.00395	0.00123	0.00143	0.00095	0.00082	0.00055	0.00027	0.00068	0.00048	0.00055	0.00095
8	0.00179	0.00093	0.00099	0.00094	0.00118	0.00093	0.00071	0.02399	0.03207	0.05299	0.05650	0.00349	0.00261	0.02410	0.00076	0.00023	0.00046	0.00088	0.79355	0.00088
9	0.97526	0.00170	0.00130	0.00116	0.00170	0.00198	0.00095	0.00259	0.00150	0.00395	0.00123	0.00143	0.00095	0.00082	0.00055	0.00027	0.00068	0.00048	0.00055	0.00095
10	0.03719	0.00234	0.00249	0.00194	0.00261	0.00259	0.00159	0.80720	0.08064	0.02594	0.00225	0.00223	0.00161	0.00106	0.00086	0.00027	0.00092	0.00080	0.02402	0.00145
11	0.92359	0.00168	0.00131	0.00117	0.00171	0.00193	0.00096	0.00263	0.00154	0.03542	0.00133	0.00152	0.00102	0.00083	0.00056	0.00027	0.00068	0.00050	0.02038	0.00097
12	0.00111	0.00080	0.00106	0.00124	0.00133	0.00075	0.00087	0.00129	0.00174	0.00229	0.00507	0.79817	0.07054	0.00276	0.01660	0.00038	0.00056	0.09192	0.00081	0.00073
13	0.00329	0.00237	0.00255	0.00196	0.00265	0.00261	0.00162	0.89453	0.00400	0.02965	0.00218	0.00219	0.00155	0.00106	0.00087	0.00026	0.00094	0.00080	0.04346	0.00147
14	0.85281	0.00176	0.00144	0.00125	0.00181	0.00201	0.00103	0.08147	0.00176	0.04609	0.00140	0.00156	0.00105	0.00085	0.00059	0.00027	0.00071	0.00052	0.00060	0.00102
15	0.01729	0.17911	0.42977	0.00213	0.00306	0.04124	0.03635	0.12910	0.01228	0.07551	0.01571	0.03576	0.00154	0.00097	0.00084	0.00026	0.01653	0.00075	0.00053	0.00126
16	0.00162	0.00118	0.01371	0.00579	0.00631	0.00115	0.00100	0.01956	0.14383	0.07677	0.30552	0.01503	0.22600	0.01849	0.10352	0.00041	0.00929	0.00725	0.04259	0.00096
17	0.00109	0.00080	0.00101	0.00116	0.00126	0.00073	0.00079	0.00127	0.00177	0.00233	0.06030	0.71880	0.15581	0.03639	0.00123	0.00036	0.00051	0.01285	0.00082	0.00072
18	0.05693	0.05472	0.17958	0.00842	0.00282	0.00240	0.03980	0.39228	0.20509	0.03271	0.00229	0.01525	0.00170	0.00103	0.00085	0.00027	0.00096	0.00081	0.00073	0.00136
19	0.00949	0.16281	0.54587	0.01659	0.02331	0.01414	0.02716	0.07676	0.00803	0.09504	0.00177	0.00196	0.00128	0.00090	0.00583	0.00027	0.00116	0.00067	0.00567	0.00129

[dist]
# distance from previous block
# <min> <max>
0	48

[block]
# block no. 3 follows, 376 sequences, length 16
# corresponding to MSA columns:
# 1323-1338
name=unknown_D
#
# <colnr> <probs for GDERKNQSTAVLIFYWHMCP>
#	G	D	E	R	K	N	Q	S	T	A	V	L	I	F	Y	W	H	M	C	P
0	0.13590	0.03782	0.22182	0.01966	0.05305	0.14275	0.09418	0.02553	0.00203	0.12543	0.00190	0.02942	0.00149	0.00111	0.02358	0.00030	0.04815	0.01068	0.00957	0.01563
1	0.72051	0.02123	0.01698	0.00136	0.01847	0.05226	0.00110	0.01857	0.00167	0.01447	0.00133	0.00154	0.00105	0.00081	0.00059	0.00025	0.00075	0.00051	0.00054	0.12602
2	0.00190	0.00188	0.00263	0.00224	0.00231	0.01738	0.02998	0.00212	0.00143	0.00219	0.01977	0.00212	0.00137	0.00179	0.06200	0.00043	0.81184	0.00079	0.00041	0.03540
3	0.00170	0.00154	0.05255	0.02898	0.00212	0.01449	0.06864	0.01664	0.08572	0.05023	0.10032	0.01469	0.14149	0.09501	0.13208	0.00692	0.11798	0.03742	0.01180	0.01967
4	0.00151	0.00078	0.00113	0.00113	0.00114	0.00077	0.00075	0.00120	0.00124	0.00168	0.04513	0.00301	0.00193	0.04487	0.00330	0.85941	0.00074	0.00083	0.02902	0.00042
5	0.00128	0.00094	0.00112	0.00107	0.00132	0.00085	0.00081	0.00167	0.02787	0.02841	0.52492	0.03684	0.33309	0.01122	0.00107	0.00029	0.00045	0.01467	0.01130	0.00083
6	0.97526	0.00170	0.00130	0.00116	0.00170	0.00198	0.00095	0.00259	0.00150	0.00395	0.00123	0.00143	0.00095	0.00082	0.00055	0.00027	0.00068	0.00048	0.00055	0.00095
7	0.00135	0.00096	0.00121	0.00128	0.00147	0.00094	0.00099	0.01261	0.05083	0.01009	0.22354	0.25441	0.08355	0.03920	0.01186	0.00036	0.00061	0.24667	0.05726	0.00082
8	0.00236	0.96957	0.00462	0.00151	0.00226	0.00349	0.00151	0.00264	0.00179	0.00207	0.00122	0.00141	0.00113	0.00075	0.00057	0.00019	0.00094	0.00047	0.00038	0.00113
9	0.00117	0.00091	0.00097	0.00095	0.00124	0.00077	0.00071	0.00141	0.00206	0.03651	0.09937	0.04502	0.80150	0.00217	0.00104	0.00030	0.00046	0.00182	0.00084	0.00078
10	0.00341	0.00237	0.00259	0.00198	0.00268	0.00259	0.00164	0.86657	0.00398	0.09981	0.00225	0.00220	0.00157	0.00106	0.00088	0.00027	0.00095	0.00080	0.00090	0.00150
11	0.03575	0.01160	0.07048	0.10442	0.06558	0.00735	0.08328	0.08281	0.06613	0.09256	0.01098	0.00693	0.00615	0.00087	0.00082	0.00023	0.00752	0.00786	0.00571	0.33298
12	0.02587	0.07553	0.00248	0.00177	0.00242	0.02173	0.00147	0.39957	0.00300	0.33814	0.00240	0.00233	0.00166	0.00107	0.00096	0.01707	0.04029	0.00077	0.00085	0.06063
13	0.00142	0.00101	0.00142	0.00162	0.00183	0.00101	0.00142	0.00183	0.00203	0.00264	0.00467	0.00994	0.00507	0.00243	0.00122	0.00041	0.00081	0.95761	0.00081	0.00081
14	0.00107	0.00077	0.00102	0.00121	0.00127	0.00072	0.00081	0.00123	0.00170	0.00226	0.00504	0.92506	0.04911	0.00274	0.00112	0.00036	0.00051	0.00248	0.00082	0.00072
15	0.04334	0.40106	0.18351	0.01594	0.01037	0.10072	0.04020	0.06710	0.01390	0.08670	0.00862	0.00183	0.00132	0.00087	0.00077	0.00024	0.02120	0.00062	0.00050	0.00120

[dist]
# distance from previous block
# <min> <max>
5	66

[block]
# block no. 4 follows, 376 sequences, length 11
# corresponding to MSA columns:
# 1447-1457
name=unknown_E
#
# <colnr> <probs for GDERKNQSTAVLIFYWHMCP>
#	G	D	E	R	K	N	Q	S	T	A	V	L	I	F	Y	W	H	M	C	P
0	0.04562	0.10853	0.49240	0.08511	0.01405	0.03349	0.02069	0.05554	0.03778	0.01271	0.00833	0.02413	0.02473	0.00943	0.00085	0.00027	0.00112	0.00075	0.00803	0.01644
1	0.78724	0.01497	0.00141	0.00122	0.00173	0.00188	0.00100	0.03084	0.00164	0.04052	0.02477	0.00181	0.00131	0.00127	0.06867	0.00035	0.00080	0.00057	0.01702	0.00098
2	0.03385	0.80357	0.06852	0.00160	0.00237	0.03065	0.00161	0.02811	0.01881	0.00230	0.00132	0.00150	0.00116	0.00078	0.00060	0.00020	0.00097	0.00050	0.00041	0.00115
3	0.00129	0.00093	0.00124	0.06937	0.00171	0.00091	0.00098	0.01633	0.01762	0.02727	0.12905	0.61535	0.04868	0.01731	0.00112	0.00034	0.00058	0.02771	0.00081	0.02140
4	0.00128	0.00092	0.00114	0.00117	0.00136	0.00086	0.01054	0.01916	0.00195	0.02112	0.16198	0.27237	0.24141	0.11306	0.02215	0.00040	0.00061	0.09478	0.03297	0.00077
5	0.00136	0.00137	0.07061	0.04591	0.01314	0.00946	0.09167	0.00167	0.00174	0.00237	0.02418	0.59584	0.01626	0.00220	0.00877	0.01232	0.07921	0.01270	0.00838	0.00085
6	0.27317	0.01358	0.00215	0.01861	0.01144	0.01885	0.06783	0.11751	0.01241	0.27464	0.02597	0.03835	0.01034	0.00118	0.01156	0.00030	0.07837	0.01355	0.00898	0.00118
7	0.00236	0.96957	0.00462	0.00151	0.00226	0.00349	0.00151	0.00264	0.00179	0.00207	0.00122	0.00141	0.00113	0.00075	0.00057	0.00019	0.00094	0.00047	0.00038	0.00113
8	0.02205	0.00102	0.00126	0.00135	0.00158	0.01252	0.00109	0.00177	0.00199	0.06321	0.04164	0.17956	0.22105	0.02155	0.00118	0.00036	0.00066	0.42451	0.00082	0.00082
9	0.90672	0.00169	0.00135	0.00119	0.00174	0.00193	0.00098	0.00271	0.00157	0.07170	0.00139	0.00154	0.00104	0.00084	0.00057	0.00027	0.00069	0.00051	0.00058	0.00099
10	0.01256	0.09094	0.06559	0.02003	0.01231	0.02956	0.51173	0.01059	0.03045	0.02331	0.00193	0.03219	0.00159	0.00111	0.02740	0.00032	0.08123	0.01680	0.02925	0.00114

[dist]
# distance from previous block
# <min> <max>
6	37

[block]
# block no. 5 follows, 376 sequences, length 7
# corresponding to MSA columns:
# 1510-1516
name=unknown_F
#
# <colnr> <probs for GDERKNQSTAVLIFYWHMCP>
#	G	D	E	R	K	N	Q	S	T	A	V	L	I	F	Y	W	H	M	C	P
0	0.76968	0.00182	0.00169	0.00142	0.00199	0.02632	0.05873	0.02729	0.00170	0.07670	0.00146	0.00164	0.00109	0.00086	0.00067	0.00028	0.02449	0.00056	0.00058	0.00103
1	0.00217	0.00167	0.00182	0.00161	0.00206	0.00183	0.00127	0.16673	0.46594	0.04047	0.12255	0.02431	0.07396	0.00139	0.00093	0.00029	0.00068	0.03940	0.04970	0.00123
2	0.00137	0.00089	0.00103	0.00102	0.00108	0.00087	0.00062	0.00143	0.00145	0.04158	0.02929	0.03086	0.07917	0.75773	0.02617	0.00076	0.00083	0.02261	0.00060	0.00062
3	0.00231	0.90005	0.07376	0.00158	0.00237	0.00338	0.00163	0.00265	0.00180	0.00212	0.00125	0.00145	0.00113	0.00076	0.00058	0.00019	0.00097	0.00048	0.00038	0.00114
4	0.73781	0.00169	0.00149	0.00128	0.00184	0.00189	0.00105	0.06041	0.00181	0.14570	0.00165	0.00178	0.00121	0.00108	0.03592	0.00031	0.00077	0.00057	0.00064	0.00106
5	0.00313	0.00129	0.00169	0.00136	0.00189	0.00114	0.00110	0.00349	0.00238	0.65026	0.10663	0.00365	0.04008	0.00120	0.00086	0.00026	0.00064	0.00099	0.17670	0.00128
6	0.00107	0.00089	0.00094	0.00096	0.00123	0.00076	0.00072	0.00132	0.00203	0.00248	0.08837	0.06581	0.79046	0.00223	0.00105	0.00030	0.00046	0.03733	0.00083	0.00075

[dist]
# distance from previous block
# <min> <max>
5	32

[block]
# block no. 6 follows, 376 sequences, length 9
# corresponding to MSA columns:
# 1574-1582
name=unknown_G
#
# <colnr> <probs for GDERKNQSTAVLIFYWHMCP>
#	G	D	E	R	K	N	Q	S	T	A	V	L	I	F	Y	W	H	M	C	P
0	0.00208	0.00238	0.00520	0.00371	0.00460	0.00223	0.96034	0.00282	0.00208	0.00282	0.00178	0.00238	0.00134	0.00074	0.00104	0.00030	0.00149	0.00104	0.00045	0.00119
1	0.00153	0.00077	0.00115	0.00115	0.00115	0.00077	0.00077	0.00115	0.00115	0.00153	0.00153	0.00268	0.00153	0.00306	0.00344	0.97436	0.00077	0.00077	0.00038	0.00038
2	0.00107	0.00077	0.00102	0.00123	0.00128	0.00072	0.00082	0.00123	0.00169	0.00225	0.00486	0.96846	0.00583	0.00276	0.00112	0.00036	0.00051	0.00250	0.00082	0.00072
3	0.00154	0.00081	0.00086	0.00089	0.00106	0.00081	0.00064	0.00190	0.00180	0.00307	0.00316	0.14240	0.00281	0.04318	0.00086	0.00026	0.00044	0.00108	0.79164	0.00079
4	0.00288	0.05210	0.00249	0.00209	0.00253	0.62369	0.01887	0.05159	0.02999	0.02936	0.03043	0.00206	0.00155	0.00155	0.09808	0.00036	0.04812	0.00068	0.00052	0.00105
5	0.05258	0.03163	0.02015	0.00163	0.00229	0.01783	0.01441	0.09653	0.02945	0.67039	0.02930	0.00297	0.02457	0.00110	0.00087	0.00027	0.00079	0.00088	0.00097	0.00141
6	0.01401	0.48573	0.21701	0.05050	0.00279	0.07387	0.01126	0.01894	0.02412	0.00241	0.01936	0.00194	0.01509	0.01229	0.02327	0.00026	0.01099	0.00062	0.00043	0.01509
7	0.01129	0.02008	0.02305	0.05496	0.38399	0.05156	0.03892	0.13046	0.15114	0.03014	0.01128	0.00236	0.00165	0.00099	0.01081	0.00028	0.02524	0.00080	0.00059	0.05042
8	0.04696	0.00239	0.05129	0.05512	0.23925	0.05264	0.01650	0.36090	0.06365	0.05451	0.01151	0.01429	0.01252	0.00105	0.00090	0.00028	0.00102	0.00084	0.00071	0.01367

[dist]
# distance from previous block
# <min> <max>
0	55

[block]
# block no. 7 follows, 376 sequences, length 17
# corresponding to MSA columns:
# 1638-1654
name=unknown_H
#
# <colnr> <probs for GDERKNQSTAVLIFYWHMCP>
#	G	D	E	R	K	N	Q	S	T	A	V	L	I	F	Y	W	H	M	C	P
0	0.00216	0.05247	0.05973	0.00214	0.00247	0.05295	0.06445	0.05205	0.04174	0.06860	0.07885	0.02853	0.00800	0.00140	0.01007	0.00034	0.47152	0.00089	0.00055	0.00107
1	0.02897	0.05307	0.09761	0.01828	0.02810	0.25029	0.01656	0.31358	0.03818	0.02514	0.04526	0.00241	0.03931	0.00106	0.00091	0.00026	0.03133	0.00078	0.00065	0.00826
2	0.00209	0.00156	0.00185	0.00134	0.00210	0.00121	0.00108	0.01785	0.00196	0.11408	0.01871	0.00205	0.00153	0.00073	0.00069	0.00015	0.00066	0.00059	0.00060	0.82915
3	0.02680	0.00173	0.05608	0.16125	0.08827	0.00158	0.10547	0.01823	0.02296	0.10603	0.06817	0.01429	0.06055	0.01441	0.06233	0.01501	0.01294	0.00775	0.00060	0.15556
4	0.12661	0.00179	0.00270	0.12015	0.36537	0.00819	0.05815	0.01544	0.04540	0.08623	0.01011	0.08896	0.00705	0.00115	0.01094	0.00030	0.04064	0.00907	0.00057	0.00119
5	0.00166	0.00157	0.00264	0.96692	0.00607	0.00196	0.00245	0.00225	0.00176	0.00225	0.00157	0.00235	0.00117	0.00088	0.00088	0.00029	0.00117	0.00078	0.00039	0.00098
6	0.00113	0.00084	0.00118	0.00132	0.00142	0.00079	0.03162	0.00132	0.00174	0.00230	0.00490	0.82945	0.04305	0.00265	0.00113	0.00036	0.00056	0.07269	0.00081	0.00074
7	0.01171	0.00173	0.00235	0.13609	0.16872	0.04209	0.03031	0.10998	0.09945	0.07388	0.00750	0.06207	0.00214	0.02647	0.17307	0.00050	0.02288	0.02729	0.00062	0.00113
8	0.00211	0.00161	0.00248	0.42961	0.15633	0.00179	0.01935	0.02342	0.08177	0.12700	0.02450	0.01150	0.00734	0.00651	0.00610	0.01157	0.01155	0.00622	0.06811	0.00113
9	0.00127	0.00086	0.00100	0.02184	0.00110	0.00087	0.00060	0.00130	0.00133	0.00177	0.00293	0.09106	0.00339	0.86245	0.00411	0.00080	0.00083	0.00138	0.00056	0.00056
10	0.00128	0.00085	0.00096	0.00096	0.00096	0.00085	0.00053	0.00128	0.00128	0.00171	0.00278	0.00577	0.00320	0.96903	0.00448	0.00085	0.00085	0.00128	0.00053	0.00053
11	0.07218	0.03627	0.08520	0.05212	0.01771	0.10805	0.10887	0.27610	0.16970	0.03452	0.00793	0.00236	0.00165	0.00099	0.00085	0.00027	0.00105	0.01106	0.01184	0.00128
12	0.15604	0.01908	0.00858	0.00176	0.00232	0.00855	0.00766	0.34175	0.33855	0.01392	0.00249	0.00253	0.00187	0.00112	0.00093	0.01718	0.03180	0.00975	0.03284	0.00130
13	0.00108	0.00077	0.00103	0.00123	0.00129	0.00072	0.00083	0.00124	0.00170	0.00226	0.00494	0.92757	0.02627	0.00274	0.00112	0.00036	0.00052	0.02279	0.00082	0.00072
14	0.00142	0.00106	0.00150	0.02745	0.00170	0.01158	0.00113	0.00170	0.00145	0.03286	0.00235	0.00359	0.00222	0.12002	0.73123	0.00121	0.05530	0.00096	0.00049	0.00080
15	0.07703	0.01307	0.00232	0.11402	0.03077	0.03586	0.03124	0.20259	0.04561	0.38175	0.01123	0.00877	0.01333	0.00108	0.00087	0.00028	0.00089	0.02713	0.00083	0.00132
16	0.01329	0.00153	0.00171	0.00141	0.00188	0.01023	0.00113	0.28660	0.02798	0.20998	0.08816	0.01262	0.01271	0.00115	0.00081	0.00025	0.00067	0.00092	0.32580	0.00118

[dist]
# distance from previous block
# <min> <max>
1	41

[block]
# block no. 8 follows, 376 sequences, length 16
# corresponding to MSA columns:
# 1696-1711
name=unknown_I
#
# <colnr> <probs for GDERKNQSTAVLIFYWHMCP>
#	G	D	E	R	K	N	Q	S	T	A	V	L	I	F	Y	W	H	M	C	P
0	0.02581	0.00958	0.00238	0.20682	0.15141	0.03557	0.01105	0.11605	0.07176	0.19753	0.11801	0.00308	0.02004	0.00112	0.00632	0.00028	0.00605	0.00092	0.01499	0.00122
1	0.00187	0.00180	0.00264	0.70844	0.06663	0.06731	0.01828	0.02025	0.01019	0.00872	0.00167	0.00236	0.00720	0.01488	0.00095	0.00029	0.01440	0.00078	0.00795	0.04341
2	0.74524	0.01262	0.01418	0.00126	0.00182	0.02312	0.00104	0.02476	0.02981	0.00377	0.00141	0.00162	0.00111	0.00083	0.00061	0.00026	0.00876	0.00052	0.03480	0.09247
3	0.22973	0.00174	0.00198	0.01820	0.00227	0.00175	0.00130	0.18665	0.02107	0.47993	0.00258	0.00241	0.00172	0.00100	0.00080	0.00027	0.00078	0.00076	0.00088	0.04418
4	0.00171	0.00174	0.04505	0.81474	0.09859	0.00196	0.00249	0.00231	0.00179	0.00234	0.00163	0.00244	0.00126	0.00090	0.00088	0.00029	0.00116	0.01727	0.00040	0.00103
5	0.01636	0.00145	0.00195	0.00152	0.00216	0.00126	0.00125	0.00396	0.00244	0.82236	0.03256	0.00329	0.00242	0.00113	0.00088	0.00027	0.00073	0.03455	0.02521	0.04425
6	0.00167	0.00106	0.00134	0.00120	0.00149	0.00099	0.00092	0.05631	0.00256	0.11353	0.74197	0.00596	0.05075	0.00169	0.00101	0.00028	0.00049	0.00147	0.01439	0.00094
7	0.00124	0.00082	0.00097	0.00106	0.00112	0.00079	0.00068	0.00138	0.00157	0.00220	0.00386	0.40478	0.03127	0.38384	0.00238	0.00053	0.00064	0.01822	0.14200	0.00066
8	0.00208	0.00238	0.00520	0.00371	0.00460	0.00223	0.96034	0.00282	0.00208	0.00282	0.00178	0.00238	0.00134	0.00074	0.00104	0.00030	0.00149	0.00104	0.00045	0.00119
9	0.00122	0.00084	0.00099	0.00104	0.00109	0.00081	0.00065	0.00130	0.00150	0.00199	0.04153	0.24629	0.06830	0.58251	0.00316	0.01437	0.00072	0.02072	0.01035	0.00061
10	0.00126	0.00094	0.00142	0.00142	0.00157	0.00110	0.00110	0.00157	0.00142	0.00205	0.00236	0.00346	0.00220	0.00661	0.96554	0.00142	0.00236	0.00094	0.00047	0.00079
11	0.00190	0.00159	0.00186	0.00134	0.00211	0.00123	0.00108	0.01913	0.00188	0.02446	0.00161	0.00186	0.00133	0.00068	0.00070	0.00014	0.01678	0.00054	0.00054	0.91925
12	0.01050	0.04229	0.58797	0.04851	0.10389	0.01560	0.02542	0.07230	0.01644	0.03233	0.00170	0.00198	0.00124	0.00085	0.00083	0.00027	0.00119	0.00069	0.00046	0.03554
13	0.05078	0.08774	0.00264	0.00219	0.03640	0.57371	0.00166	0.12676	0.08065	0.00282	0.00163	0.00180	0.00131	0.00094	0.00084	0.00024	0.02557	0.00063	0.00054	0.00113
14	0.05274	0.17360	0.09811	0.00890	0.00785	0.01871	0.04547	0.18635	0.01993	0.13128	0.03543	0.02772	0.01147	0.00104	0.00082	0.00025	0.00892	0.03805	0.00066	0.13270
15	0.04900	0.15731	0.24295	0.01514	0.03943	0.05154	0.10987	0.04337	0.02693	0.13924	0.04536	0.00924	0.01974	0.00098	0.00089	0.00027	0.02836	0.00930	0.00058	0.01050

[dist]
# distance from previous block
# <min> <max>
0	5

[block]
# block no. 9 follows, 376 sequences, length 26
# corresponding to MSA columns:
# 1717-1742
name=unknown_J
#
# <colnr> <probs for GDERKNQSTAVLIFYWHMCP>
#	G	D	E	R	K	N	Q	S	T	A	V	L	I	F	Y	W	H	M	C	P
0	0.04208	0.00986	0.01354	0.00353	0.01151	0.00223	0.86143	0.01612	0.00207	0.01312	0.00177	0.00232	0.00133	0.00077	0.00103	0.00030	0.01435	0.00100	0.00046	0.00119
1	0.00166	0.00116	0.00159	0.12919	0.07007	0.00115	0.00124	0.01643	0.02080	0.11081	0.14731	0.21094	0.21939	0.00181	0.00101	0.00030	0.00628	0.03516	0.02277	0.00094
2	0.01211	0.10157	0.38579	0.07947	0.04718	0.03694	0.05282	0.04699	0.14411	0.02521	0.02864	0.00651	0.01008	0.00096	0.00087	0.00027	0.01413	0.00457	0.00053	0.00124
3	0.00137	0.00097	0.01039	0.00608	0.00161	0.00091	0.01559	0.00695	0.00186	0.04191	0.01093	0.47321	0.02461	0.04916	0.00130	0.00039	0.00067	0.35050	0.00080	0.00079
4	0.00108	0.00089	0.00094	0.00095	0.00121	0.00076	0.00070	0.00133	0.00204	0.00252	0.11341	0.07102	0.76736	0.00220	0.00104	0.00030	0.00045	0.01300	0.01807	0.00075
5	0.03517	0.00170	0.01530	0.00171	0.00217	0.00181	0.03286	0.13077	0.42630	0.03981	0.06850	0.08742	0.01058	0.00752	0.00097	0.00031	0.00074	0.10740	0.02778	0.00120
6	0.08922	0.05844	0.02132	0.01787	0.06166	0.09126	0.09564	0.22564	0.19291	0.10333	0.00825	0.00541	0.00521	0.00547	0.00402	0.00028	0.00521	0.00418	0.00339	0.00129
7	0.00779	0.00165	0.01568	0.00195	0.00255	0.00152	0.21229	0.07585	0.02843	0.37761	0.01867	0.02095	0.12325	0.03507	0.04020	0.00035	0.00095	0.00562	0.02843	0.00122
8	0.00391	0.00156	0.00208	0.00160	0.00228	0.00139	0.00132	0.06567	0.00263	0.90263	0.00339	0.00294	0.00214	0.00109	0.00089	0.00027	0.00076	0.00088	0.00108	0.00150
9	0.00565	0.00142	0.00643	0.16000	0.03915	0.02130	0.02259	0.06086	0.09503	0.02258	0.10660	0.05625	0.07903	0.00173	0.00105	0.00033	0.00946	0.30881	0.00074	0.00098
10	0.00208	0.00193	0.00834	0.30319	0.52223	0.01852	0.04413	0.00261	0.00195	0.04673	0.00178	0.02260	0.00145	0.00091	0.00643	0.00028	0.01231	0.00083	0.00046	0.00123
11	0.00315	0.00155	0.04137	0.00149	0.00211	0.00129	0.00126	0.04404	0.00871	0.60209	0.08814	0.00315	0.00258	0.00109	0.00085	0.00025	0.00071	0.00089	0.09935	0.09593
12	0.86705	0.00169	0.00139	0.00121	0.00177	0.00192	0.00100	0.01635	0.00164	0.09731	0.00146	0.00159	0.00108	0.00085	0.00058	0.00027	0.00069	0.00052	0.00060	0.00101
13	0.00148	0.00101	0.00113	0.00107	0.00114	0.00103	0.00065	0.09453	0.00156	0.00209	0.00273	0.01881	0.00306	0.85156	0.00408	0.01077	0.00086	0.00125	0.00057	0.00063
14	0.28238	0.04766	0.02105	0.00725	0.00216	0.02560	0.02473	0.14838	0.21355	0.07170	0.11409	0.01229	0.00247	0.00596	0.01322	0.00029	0.00079	0.00085	0.00441	0.00117
15	0.61682	0.00157	0.00147	0.00126	0.00180	0.00170	0.00103	0.00294	0.03444	0.21742	0.09533	0.00237	0.00202	0.00099	0.00068	0.00027	0.00067	0.00070	0.01545	0.00108
16	0.80000	0.04927	0.09508	0.00132	0.00193	0.00203	0.00121	0.00258	0.00155	0.00368	0.00130	0.00154	0.00102	0.00101	0.03334	0.00031	0.00081	0.00051	0.00052	0.00099
17	0.00116	0.00085	0.00109	0.00119	0.00132	0.00080	0.00084	0.00144	0.02035	0.00260	0.22521	0.51346	0.12424	0.03523	0.00121	0.00035	0.00052	0.06653	0.00084	0.00076
18	0.00141	0.00103	0.00127	0.00121	0.00144	0.00100	0.00090	0.09478	0.00927	0.00338	0.59093	0.21940	0.05621	0.00195	0.00104	0.00029	0.00049	0.00172	0.01138	0.00087
19	0.00150	0.00162	0.15298	0.00139	0.00183	0.00119	0.00127	0.09497	0.00245	0.00339	0.53651	0.04519	0.14890	0.00168	0.00100	0.00028	0.00062	0.00144	0.00084	0.00095
20	0.00234	0.87551	0.00436	0.00154	0.00226	0.00336	0.00150	0.00284	0.09512	0.00223	0.00145	0.00160	0.00128	0.00080	0.00060	0.00020	0.00092	0.00052	0.00043	0.00116
21	0.04311	0.12583	0.00938	0.00130	0.00155	0.03990	0.00101	0.00908	0.00156	0.00211	0.00285	0.00405	0.09560	0.23744	0.41032	0.01111	0.00149	0.00101	0.00051	0.00079
22	0.01530	0.00163	0.02461	0.00136	0.00214	0.00121	0.00870	0.00232	0.00186	0.04478	0.00976	0.00866	0.00142	0.00070	0.00068	0.00015	0.00068	0.00057	0.00055	0.87292
23	0.13855	0.03407	0.09048	0.00202	0.00250	0.44457	0.02599	0.00284	0.00204	0.00250	0.00207	0.00233	0.09463	0.00111	0.00111	0.00027	0.15070	0.00073	0.00048	0.00101
24	0.00290	0.00222	0.00249	0.05501	0.00276	0.00253	0.00167	0.61600	0.16838	0.02069	0.00228	0.00235	0.00168	0.00112	0.00107	0.00028	0.09486	0.00083	0.01949	0.00139
25	0.04264	0.00195	0.00254	0.02202	0.27346	0.01129	0.00821	0.12725	0.28613	0.19677	0.00739	0.00265	0.00196	0.00101	0.00087	0.00027	0.00086	0.00086	0.00077	0.01110

[dist]
# distance from previous block
# <min> <max>
2	5

[block]
# block no. 10 follows, 376 sequences, length 11
# corresponding to MSA columns:
# 1748-1758
name=unknown_K
#
# <colnr> <probs for GDERKNQSTAVLIFYWHMCP>
#	G	D	E	R	K	N	Q	S	T	A	V	L	I	F	Y	W	H	M	C	P
0	0.00231	0.00213	0.00347	0.00504	0.85837	0.00216	0.00259	0.10756	0.00224	0.00317	0.00171	0.00217	0.00141	0.00081	0.00087	0.00026	0.00104	0.00079	0.00048	0.00141
1	0.00171	0.00141	0.03487	0.00181	0.08148	0.00143	0.00132	0.11287	0.01941	0.01974	0.08978	0.05320	0.03551	0.14323	0.24156	0.00796	0.06545	0.07043	0.01590	0.00093
2	0.00129	0.00089	0.00118	0.00118	0.00126	0.00094	0.00081	0.00143	0.00146	0.00203	0.10763	0.00468	0.00323	0.39720	0.39317	0.07787	0.00141	0.00114	0.00054	0.00066
3	0.00135	0.00097	0.00121	0.00130	0.00144	0.00095	0.00091	0.10629	0.00203	0.00271	0.08026	0.73083	0.02776	0.01985	0.00115	0.00035	0.00056	0.01844	0.00083	0.00081
4	0.00142	0.00087	0.00101	0.00100	0.00120	0.00084	0.00074	0.00184	0.02307	0.00323	0.37623	0.08921	0.04960	0.02006	0.00092	0.00027	0.00044	0.00133	0.42592	0.00082
5	0.00114	0.00082	0.00107	0.00123	0.00133	0.00076	0.00087	0.00136	0.00183	0.00245	0.10727	0.69559	0.05275	0.00256	0.00111	0.00035	0.00053	0.10689	0.01933	0.00074
6	0.01292	0.13582	0.00205	0.00764	0.00986	0.01325	0.02297	0.07130	0.15007	0.08247	0.02048	0.01256	0.01208	0.26052	0.02658	0.06587	0.00087	0.07781	0.01390	0.00097
7	0.00222	0.00134	0.00182	0.00152	0.00194	0.01102	0.07676	0.03485	0.08829	0.25082	0.32054	0.02741	0.01884	0.04804	0.00111	0.00030	0.00067	0.01732	0.08200	0.01318
8	0.67218	0.13933	0.03313	0.00132	0.00194	0.00215	0.00116	0.03569	0.00173	0.07948	0.00145	0.00160	0.00111	0.00084	0.00060	0.00026	0.00075	0.00053	0.00057	0.02420
9	0.25515	0.00761	0.01004	0.05154	0.00242	0.12283	0.07164	0.03356	0.05023	0.03591	0.06311	0.01182	0.00757	0.01427	0.01851	0.00027	0.01716	0.00840	0.00876	0.20918
10	0.16998	0.02427	0.12169	0.01576	0.02164	0.02840	0.04232	0.13543	0.04208	0.09151	0.03396	0.01697	0.01448	0.00101	0.00922	0.00025	0.00902	0.00636	0.01442	0.20122

[dist]
# distance from previous block
# <min> <max>
18	88

[block]
# block no. 11 follows, 376 sequences, length 11
# corresponding to MSA columns:
# 1962-1972
name=unknown_L
#
# <colnr> <probs for GDERKNQSTAVLIFYWHMCP>
#	G	D	E	R	K	N	Q	S	T	A	V	L	I	F	Y	W	H	M	C	P
0	0.15784	0.02891	0.04362	0.16606	0.29179	0.04309	0.01735	0.04347	0.03395	0.04405	0.01922	0.03505	0.00164	0.00747	0.00094	0.00028	0.04377	0.00692	0.00053	0.01407
1	0.08137	0.03825	0.08035	0.03204	0.16623	0.03713	0.03487	0.10385	0.03834	0.12415	0.05761	0.03879	0.02520	0.00110	0.00089	0.00027	0.01784	0.02815	0.00811	0.08546
2	0.09461	0.00937	0.03559	0.09438	0.17770	0.04078	0.03792	0.05336	0.03121	0.12075	0.12570	0.05275	0.02189	0.00115	0.00091	0.00834	0.01070	0.00665	0.00066	0.07557
3	0.11316	0.00731	0.05519	0.03524	0.34514	0.00936	0.01239	0.01389	0.03250	0.04926	0.11800	0.03756	0.09750	0.00877	0.00840	0.00029	0.01528	0.01137	0.00062	0.02878
4	0.16395	0.02699	0.00284	0.03075	0.44537	0.03093	0.01897	0.13365	0.06569	0.02832	0.01460	0.00224	0.01308	0.00091	0.00085	0.00027	0.01798	0.00076	0.00057	0.00128
5	0.14047	0.13456	0.00941	0.07615	0.07080	0.02459	0.01084	0.34654	0.06161	0.03630	0.02237	0.02628	0.01697	0.00103	0.00082	0.00026	0.01186	0.00079	0.00709	0.00125
6	0.00201	0.00182	0.00300	0.34920	0.44783	0.00196	0.02704	0.04134	0.01482	0.02694	0.06193	0.01454	0.00184	0.00093	0.00089	0.00028	0.00104	0.00087	0.00050	0.00120
7	0.02397	0.32760	0.32183	0.02832	0.01938	0.02640	0.03685	0.02881	0.03680	0.13037	0.00179	0.00194	0.00134	0.00087	0.00078	0.00025	0.01029	0.00065	0.00051	0.00125
8	0.00156	0.01088	0.01550	0.03824	0.03158	0.00096	0.01326	0.01495	0.00132	0.00176	0.00192	0.01364	0.04056	0.01665	0.03039	0.76421	0.00084	0.00084	0.00042	0.00052
9	0.00112	0.00092	0.00104	0.04011	0.00143	0.00082	0.00080	0.00140	0.00209	0.00261	0.20768	0.05320	0.66100	0.00212	0.00104	0.00030	0.00048	0.02025	0.00083	0.00077
10	0.00140	0.00859	0.04567	0.03242	0.05809	0.01551	0.03584	0.01601	0.01016	0.01080	0.04472	0.48822	0.08889	0.01356	0.00915	0.00035	0.01967	0.09935	0.00073	0.00086

[dist]
# distance from previous block
# <min> <max>
0	18

[block]
# block no. 12 follows, 376 sequences, length 9
# corresponding to MSA columns:
# 1991-1999
name=unknown_M
#
# <colnr> <probs for GDERKNQSTAVLIFYWHMCP>
#	G	D	E	R	K	N	Q	S	T	A	V	L	I	F	Y	W	H	M	C	P
0	0.01591	0.08800	0.13093	0.19687	0.27086	0.03504	0.05029	0.01491	0.00195	0.07805	0.00185	0.03012	0.00152	0.00097	0.00098	0.00028	0.06113	0.01867	0.00049	0.00120
1	0.00226	0.00207	0.00333	0.05381	0.79222	0.03147	0.00252	0.00281	0.02483	0.05453	0.00185	0.02107	0.00154	0.00086	0.00088	0.00027	0.00104	0.00082	0.00049	0.00136
2	0.00211	0.00203	0.00338	0.03012	0.82518	0.02070	0.02718	0.00260	0.00199	0.00280	0.00196	0.05426	0.01986	0.00092	0.00089	0.00027	0.00103	0.00090	0.00046	0.00132
3	0.01411	0.10253	0.55082	0.03617	0.00359	0.03401	0.11912	0.04164	0.01722	0.05443	0.00171	0.00198	0.00124	0.00086	0.00087	0.00027	0.01702	0.00071	0.00045	0.00126
4	0.01266	0.00179	0.03067	0.34198	0.11564	0.00184	0.19404	0.02169	0.01388	0.06618	0.01930	0.10712	0.01527	0.00114	0.00101	0.00030	0.03271	0.01281	0.00054	0.00943
5	0.01318	0.02023	0.00255	0.24367	0.01164	0.03983	0.15547	0.01990	0.01010	0.10171	0.00270	0.05342	0.00249	0.00175	0.06340	0.02138	0.02408	0.21089	0.00061	0.00101
6	0.00171	0.00196	0.14574	0.59755	0.04113	0.00182	0.01614	0.02678	0.00189	0.01669	0.03150	0.06553	0.03295	0.00109	0.00091	0.00029	0.00109	0.01371	0.00048	0.00104
7	0.02583	0.01195	0.02830	0.34302	0.23470	0.03709	0.02945	0.01426	0.02675	0.03983	0.00214	0.05061	0.02209	0.00106	0.00095	0.00028	0.03397	0.03511	0.00917	0.05346
8	0.02692	0.00196	0.00345	0.26943	0.30497	0.01833	0.24939	0.01261	0.00195	0.02934	0.00181	0.02282	0.00148	0.02883	0.01183	0.00031	0.01208	0.00089	0.00046	0.00116

[dist]
# distance from previous block
# <min> <max>
3	10

[block]
# block no. 13 follows, 376 sequences, length 13
# corresponding to MSA columns:
# 2012,2013,2017-2021,2032-2037
name=unknown_N
#
# <colnr> <probs for GDERKNQSTAVLIFYWHMCP>
#	G	D	E	R	K	N	Q	S	T	A	V	L	I	F	Y	W	H	M	C	P
0	0.00732	0.02303	0.02839	0.10602	0.03474	0.03976	0.01443	0.03680	0.02189	0.15664	0.08005	0.05213	0.01113	0.08734	0.00127	0.00030	0.05321	0.00836	0.00066	0.23652
1	0.01151	0.72455	0.01606	0.00157	0.00225	0.04569	0.00148	0.04955	0.04336	0.00237	0.00165	0.07370	0.00157	0.00095	0.00067	0.00021	0.01035	0.00067	0.00046	0.01137
2	0.00296	0.00250	0.06340	0.00201	0.00269	0.02766	0.00171	0.63694	0.24246	0.00482	0.00243	0.00238	0.00176	0.00107	0.00088	0.00027	0.00094	0.00083	0.00084	0.00145
3	0.00216	0.06331	0.00356	0.05667	0.78430	0.00214	0.03250	0.00267	0.00199	0.01668	0.01314	0.01377	0.00151	0.00083	0.00086	0.00026	0.00104	0.00080	0.00045	0.00134
4	0.00140	0.00105	0.00147	0.02729	0.00169	0.00120	0.00110	0.06229	0.00158	0.00223	0.00238	0.00365	0.00226	0.13308	0.75177	0.00124	0.00204	0.00097	0.00050	0.00080
5	0.00249	0.00204	0.00216	0.00185	0.00241	0.00233	0.00147	0.25479	0.71135	0.00417	0.00320	0.00298	0.00238	0.00116	0.00089	0.00029	0.00077	0.00094	0.00089	0.00142
6	0.67571	0.00163	0.00145	0.00126	0.00179	0.01760	0.00103	0.00284	0.01655	0.16990	0.08739	0.00231	0.00191	0.00098	0.00067	0.00027	0.00069	0.01430	0.00069	0.00104
7	0.00173	0.00189	0.08843	0.77791	0.10852	0.00198	0.00255	0.00235	0.00180	0.00237	0.00158	0.00229	0.00119	0.00087	0.00088	0.00029	0.00117	0.00077	0.00039	0.00105
8	0.00229	0.00212	0.00334	0.11884	0.62906	0.01928	0.04164	0.13616	0.00227	0.00315	0.00170	0.00218	0.00137	0.00085	0.00092	0.00027	0.02003	0.00079	0.00049	0.01326
9	0.00161	0.00151	0.00249	0.88086	0.00563	0.00185	0.00229	0.00216	0.00178	0.00226	0.00222	0.00290	0.08688	0.00100	0.00090	0.00029	0.00111	0.00088	0.00043	0.00096
10	0.09089	0.00188	0.00268	0.32254	0.28260	0.02360	0.01368	0.06264	0.09226	0.02117	0.00183	0.00226	0.00142	0.00089	0.00085	0.00027	0.01041	0.00076	0.01149	0.05587
11	0.08743	0.07281	0.00193	0.02132	0.02549	0.01297	0.01140	0.04439	0.04955	0.06497	0.05655	0.15730	0.06047	0.00791	0.00087	0.00025	0.01201	0.01139	0.00067	0.30031
12	0.01560	0.00174	0.00268	0.27393	0.26045	0.00959	0.03220	0.01371	0.01914	0.10302	0.02814	0.09025	0.02276	0.00128	0.00950	0.00032	0.08548	0.00906	0.00594	0.01522

[dist]
# distance from previous block
# <min> <max>
0	75

# created by:
# /home/berkeley/.conda/envs/busco_data_prod/bin/msa2prfl.pl pipeline/OGs_align_augustus/2759/2877.fs
