[name]
unknown

[dist]
# distance from previous block
# <min> <max>
0	138

[block]
# block no. 0 follows, 285 sequences, length 13
# corresponding to MSA columns:
# 384-396
name=unknown_A
#
# <colnr> <probs for GDERKNQSTAVLIFYWHMCP>
#	G	D	E	R	K	N	Q	S	T	A	V	L	I	F	Y	W	H	M	C	P
0	0.07028	0.00191	0.01089	0.00196	0.01255	0.00849	0.00930	0.18707	0.04873	0.06257	0.20134	0.07299	0.06755	0.09456	0.00177	0.00046	0.03499	0.09048	0.00931	0.01282
1	0.07908	0.00253	0.00847	0.11885	0.04752	0.12784	0.11571	0.01823	0.03629	0.04243	0.02094	0.09177	0.00260	0.00751	0.01323	0.00037	0.06409	0.00698	0.08006	0.11551
2	0.00273	0.08007	0.00464	0.25769	0.04241	0.00279	0.33981	0.09232	0.04791	0.03037	0.08550	0.00349	0.00259	0.00121	0.00120	0.00036	0.00148	0.00121	0.00072	0.00150
3	0.00225	0.08077	0.00353	0.42088	0.15197	0.00239	0.06022	0.00287	0.01045	0.01314	0.01270	0.11815	0.08561	0.00157	0.00120	0.00037	0.01094	0.00140	0.00066	0.01892
4	0.00302	0.10419	0.12208	0.00247	0.01836	0.14208	0.05238	0.05316	0.10664	0.10129	0.04237	0.09089	0.02671	0.01594	0.00117	0.00034	0.00125	0.00738	0.00084	0.10744
5	0.00261	0.08091	0.00322	0.00255	0.00276	0.00295	0.00210	0.00306	0.05323	0.08605	0.00251	0.08035	0.00238	0.01423	0.09745	0.00060	0.55985	0.00121	0.00067	0.00130
6	0.08727	0.08120	0.00385	0.32997	0.25221	0.01061	0.02763	0.13086	0.00277	0.01211	0.00216	0.01625	0.00173	0.00118	0.00115	0.00035	0.02798	0.00099	0.00064	0.00909
7	0.00267	0.00504	0.74232	0.08656	0.00493	0.00252	0.00379	0.00383	0.00252	0.13176	0.00238	0.00267	0.00164	0.00114	0.00110	0.00036	0.00158	0.00090	0.00061	0.00169
8	0.00240	0.08085	0.00354	0.66636	0.05762	0.00267	0.00283	0.07950	0.00264	0.00344	0.08519	0.00339	0.00238	0.00125	0.00113	0.00036	0.00138	0.00108	0.00063	0.00135
9	0.10294	0.01374	0.08094	0.00224	0.00307	0.00248	0.01352	0.27315	0.00329	0.21041	0.00282	0.00318	0.00213	0.07887	0.00160	0.00040	0.06457	0.00100	0.00094	0.13871
10	0.00275	0.00275	0.00524	0.00398	0.02180	0.00271	0.60952	0.00417	0.21476	0.03771	0.00322	0.00417	0.00256	0.00129	0.00132	0.00040	0.00158	0.07771	0.00078	0.00158
11	0.00222	0.00185	0.00217	0.00173	0.00250	0.00153	0.00134	0.01848	0.08033	0.00372	0.02636	0.20482	0.00331	0.00153	0.00102	0.00026	0.00081	0.00131	0.00082	0.64390
12	0.09085	0.08148	0.10295	0.01374	0.03949	0.01687	0.04732	0.16171	0.08768	0.18993	0.02581	0.06779	0.01843	0.00150	0.00124	0.00036	0.04910	0.00119	0.00094	0.00162

[dist]
# distance from previous block
# <min> <max>
1	4

[block]
# block no. 1 follows, 285 sequences, length 7
# corresponding to MSA columns:
# 405-407,425-427,437
name=unknown_B
#
# <colnr> <probs for GDERKNQSTAVLIFYWHMCP>
#	G	D	E	R	K	N	Q	S	T	A	V	L	I	F	Y	W	H	M	C	P
0	0.10366	0.01696	0.16585	0.12723	0.22414	0.06276	0.02416	0.01609	0.01438	0.00349	0.00196	0.00265	0.00162	0.01452	0.00174	0.01755	0.19828	0.00094	0.00056	0.00147
1	0.00242	0.00146	0.00197	0.08957	0.00259	0.00148	0.00146	0.07308	0.00253	0.16544	0.01953	0.41903	0.00490	0.07506	0.03094	0.07454	0.01544	0.01639	0.00099	0.00117
2	0.73077	0.00194	0.00157	0.00145	0.00206	0.00217	0.00116	0.00294	0.00208	0.00462	0.00365	0.07480	0.16409	0.00156	0.00087	0.00037	0.00082	0.00112	0.00079	0.00117
3	0.00198	0.00178	0.01491	0.00230	0.00257	0.01267	0.10410	0.01283	0.01301	0.01535	0.02057	0.41555	0.05387	0.04316	0.01350	0.00049	0.21083	0.03564	0.00085	0.02406
4	0.00155	0.00123	0.00191	0.00193	0.00212	0.00120	0.08821	0.00186	0.00218	0.00294	0.00538	0.70819	0.00623	0.00420	0.16431	0.00069	0.00119	0.00273	0.00094	0.00100
5	0.09141	0.00499	0.56800	0.00295	0.00424	0.16522	0.03213	0.00367	0.00250	0.00361	0.00195	0.00232	0.00147	0.00110	0.00110	0.00034	0.02577	0.00081	0.00054	0.08587
6	0.00268	0.00256	0.00437	0.22217	0.73870	0.00268	0.00344	0.00338	0.00253	0.00355	0.00212	0.00288	0.00175	0.00105	0.00114	0.00035	0.00140	0.00102	0.00055	0.00169

[dist]
# distance from previous block
# <min> <max>
1	10

[block]
# block no. 2 follows, 285 sequences, length 40
# corresponding to MSA columns:
# 448-487
name=unknown_C
#
# <colnr> <probs for GDERKNQSTAVLIFYWHMCP>
#	G	D	E	R	K	N	Q	S	T	A	V	L	I	F	Y	W	H	M	C	P
0	0.00300	0.92660	0.00583	0.00194	0.00289	0.00440	0.00193	0.00336	0.00232	0.00270	0.00176	0.03564	0.00168	0.00107	0.00076	0.00025	0.00120	0.00070	0.00051	0.00145
1	0.00171	0.02586	0.00202	0.00189	0.00211	0.00160	0.00149	0.00211	0.00185	0.00266	0.00296	0.00434	0.00277	0.00810	0.88951	0.00174	0.04445	0.00120	0.00060	0.00104
2	0.00266	0.00232	0.02774	0.07335	0.34711	0.00229	0.04391	0.12585	0.02768	0.03540	0.23154	0.02420	0.01454	0.00157	0.00122	0.00036	0.00114	0.03469	0.00088	0.00155
3	0.00196	0.03557	0.05095	0.02766	0.09275	0.00160	0.06615	0.01487	0.00813	0.03906	0.07395	0.54082	0.02991	0.00264	0.00136	0.00042	0.00770	0.00239	0.00094	0.00119
4	0.00214	0.00198	0.00329	0.89880	0.00748	0.00245	0.00303	0.00287	0.00227	0.00293	0.00213	0.00324	0.00165	0.03501	0.00130	0.00040	0.00148	0.00104	0.02525	0.00125
5	0.03898	0.00210	0.02701	0.00207	0.00296	0.00181	0.00175	0.03852	0.01478	0.84470	0.01050	0.00378	0.00277	0.00140	0.00113	0.00035	0.00100	0.00113	0.00135	0.00191
6	0.00284	0.11303	0.05655	0.23802	0.24208	0.05384	0.06734	0.04561	0.02779	0.06414	0.02663	0.01267	0.03907	0.00126	0.00407	0.00035	0.00139	0.00109	0.00068	0.00154
7	0.00328	0.68376	0.04464	0.01396	0.00316	0.05590	0.00737	0.05202	0.00259	0.07713	0.00596	0.00216	0.00164	0.00110	0.00096	0.00028	0.04126	0.00072	0.00060	0.00152
8	0.00190	0.01641	0.00207	0.01754	0.00216	0.00171	0.01033	0.00223	0.01103	0.02939	0.00299	0.00481	0.00292	0.21741	0.54520	0.01028	0.11866	0.00128	0.00064	0.00102
9	0.00860	0.00319	0.01013	0.05261	0.04995	0.20520	0.12214	0.00343	0.00233	0.04410	0.00185	0.00258	0.00160	0.00157	0.00246	0.00042	0.48492	0.00099	0.00057	0.00137
10	0.00298	0.02050	0.08559	0.14553	0.38150	0.01996	0.02982	0.09255	0.05184	0.09172	0.02212	0.03802	0.00233	0.00912	0.00119	0.00036	0.00133	0.00114	0.00075	0.00167
11	0.00282	0.00272	0.00472	0.02178	0.89678	0.00272	0.04455	0.00351	0.00260	0.00372	0.00216	0.00285	0.00180	0.00102	0.00114	0.00034	0.00139	0.00103	0.00057	0.00179
12	0.01805	0.01854	0.13712	0.11514	0.24201	0.01856	0.39761	0.00355	0.00798	0.01256	0.00855	0.01094	0.00180	0.00106	0.00121	0.00037	0.00165	0.00114	0.00057	0.00159
13	0.01514	0.20213	0.11134	0.05174	0.14457	0.24127	0.04062	0.03470	0.02997	0.11049	0.00652	0.00258	0.00180	0.00114	0.00103	0.00032	0.00151	0.00088	0.00068	0.00158
14	0.00283	0.00224	0.00761	0.19748	0.16265	0.01216	0.03096	0.01492	0.25586	0.12749	0.06005	0.00912	0.02741	0.01812	0.03225	0.00043	0.03050	0.00544	0.00089	0.00157
15	0.00139	0.00105	0.00129	0.00147	0.00164	0.00095	0.00102	0.00163	0.00233	0.00300	0.02262	0.66243	0.27555	0.00336	0.00143	0.00044	0.00064	0.01575	0.00107	0.00094
16	0.01276	0.00265	0.02125	0.29649	0.40095	0.04700	0.04726	0.05283	0.02493	0.04236	0.00840	0.01947	0.00195	0.00118	0.00118	0.00036	0.01212	0.00463	0.00064	0.00159
17	0.00902	0.00515	0.02923	0.15139	0.11514	0.02016	0.02431	0.08864	0.03945	0.30740	0.06640	0.05881	0.04414	0.00969	0.01304	0.00039	0.01372	0.00133	0.00100	0.00160
18	0.00140	0.00100	0.00134	0.00161	0.00168	0.00094	0.00108	0.00161	0.00220	0.00293	0.00630	0.93593	0.00754	0.00357	0.00146	0.00047	0.00067	0.02627	0.00106	0.00093
19	0.00641	0.00244	0.01567	0.48550	0.26068	0.00264	0.12980	0.03295	0.01078	0.01923	0.00227	0.00307	0.01047	0.00114	0.00120	0.00462	0.00799	0.00108	0.00058	0.00149
20	0.00260	0.02266	0.20857	0.12563	0.29636	0.01242	0.20309	0.01952	0.01064	0.01738	0.02636	0.03805	0.00214	0.00119	0.00120	0.00036	0.00848	0.00115	0.00060	0.00160
21	0.00283	0.00266	0.00452	0.05622	0.83491	0.00268	0.02591	0.01835	0.00264	0.01918	0.00231	0.01000	0.01045	0.00107	0.00114	0.00034	0.00136	0.00106	0.00059	0.00177
22	0.00494	0.00192	0.00260	0.00201	0.00287	0.00168	0.00166	0.00544	0.01958	0.89584	0.04574	0.00410	0.00319	0.00146	0.00116	0.00035	0.00095	0.00119	0.00140	0.00191
23	0.01040	0.00186	0.04496	0.06392	0.03002	0.00167	0.03047	0.07544	0.01268	0.26019	0.00476	0.40759	0.00469	0.00574	0.00528	0.00042	0.00098	0.03646	0.00107	0.00140
24	0.01852	0.28728	0.30036	0.00250	0.00349	0.16138	0.01772	0.01686	0.01800	0.01422	0.00235	0.05400	0.00214	0.08430	0.00141	0.00039	0.00147	0.01159	0.00059	0.00143
25	0.00245	0.00233	0.00393	0.51675	0.42106	0.00261	0.00328	0.00316	0.00241	0.00327	0.00210	0.00301	0.00169	0.01425	0.00123	0.00037	0.01304	0.00103	0.00054	0.00150
26	0.00424	0.00540	0.00325	0.00295	0.00353	0.93780	0.00222	0.00453	0.00321	0.00280	0.00176	0.00207	0.00147	0.00119	0.00108	0.00030	0.01954	0.00074	0.00059	0.00132
27	0.00243	0.01027	0.07906	0.00768	0.08812	0.00179	0.01405	0.01215	0.00244	0.00375	0.01184	0.00249	0.00178	0.00091	0.00091	0.00021	0.00098	0.00075	0.00066	0.75774
28	0.00305	0.90910	0.03955	0.00202	0.00302	0.02192	0.00204	0.00345	0.00234	0.00273	0.00161	0.00186	0.00147	0.00099	0.00075	0.00025	0.00126	0.00062	0.00049	0.00147
29	0.00229	0.00592	0.95387	0.00326	0.00495	0.00266	0.00423	0.00362	0.00242	0.00362	0.00205	0.00242	0.00145	0.00109	0.00109	0.00036	0.00169	0.00085	0.00048	0.00169
30	0.00166	0.00112	0.00128	0.00128	0.00129	0.00113	0.00073	0.00168	0.00167	0.00224	0.00358	0.00733	0.00409	0.90970	0.05582	0.00115	0.00121	0.00164	0.00069	0.00071
31	0.00209	0.00852	0.00212	0.00198	0.00227	0.02015	0.00156	0.03863	0.03287	0.05583	0.00306	0.00420	0.00273	0.00701	0.74271	0.00151	0.06080	0.00119	0.00961	0.00116
32	0.00174	0.00126	0.00158	0.02932	0.00172	0.00138	0.00103	0.00187	0.00709	0.00238	0.00337	0.01933	0.00373	0.68136	0.14678	0.01213	0.07271	0.00974	0.00067	0.00081
33	0.30830	0.00277	0.00732	0.03834	0.29441	0.09554	0.01041	0.04601	0.01822	0.04463	0.00202	0.00248	0.00162	0.00122	0.00132	0.00036	0.12195	0.00088	0.00067	0.00150
34	0.00184	0.00132	0.00184	0.00211	0.00237	0.00132	0.00184	0.00237	0.00263	0.00342	0.00606	0.01290	0.00658	0.00316	0.00158	0.00053	0.00105	0.94496	0.00105	0.00105
35	0.00185	0.00160	0.01357	0.00184	0.02685	0.02756	0.02218	0.01582	0.09952	0.00968	0.18242	0.11994	0.35565	0.00258	0.00528	0.00041	0.01235	0.09869	0.00106	0.00116
36	0.01634	0.00341	0.00349	0.21453	0.14775	0.27909	0.00785	0.22432	0.01852	0.01409	0.01410	0.00274	0.00183	0.00133	0.01298	0.00036	0.03406	0.00096	0.00072	0.00154
37	0.06043	0.03558	0.02990	0.05666	0.02992	0.02681	0.04191	0.32664	0.20831	0.13003	0.03992	0.00337	0.00262	0.00137	0.00112	0.00036	0.00117	0.00110	0.00103	0.00174
38	0.03160	0.00292	0.11408	0.23090	0.37632	0.00590	0.10963	0.03620	0.01302	0.02507	0.01383	0.00302	0.01182	0.00113	0.00119	0.00036	0.01683	0.00106	0.00061	0.00453
39	0.06329	0.00182	0.00216	0.01225	0.05236	0.01173	0.02142	0.02043	0.31492	0.00946	0.05323	0.30988	0.06040	0.02177	0.00136	0.00042	0.00087	0.03985	0.00103	0.00134

[dist]
# distance from previous block
# <min> <max>
3	19

[block]
# block no. 3 follows, 285 sequences, length 6
# corresponding to MSA columns:
# 508-513
name=unknown_D
#
# <colnr> <probs for GDERKNQSTAVLIFYWHMCP>
#	G	D	E	R	K	N	Q	S	T	A	V	L	I	F	Y	W	H	M	C	P
0	0.04433	0.00211	0.08957	0.04233	0.03795	0.01578	0.05777	0.01825	0.09026	0.04740	0.44904	0.02420	0.04083	0.00191	0.00126	0.00037	0.00092	0.03336	0.00104	0.00132
1	0.02251	0.00251	0.02736	0.02481	0.08502	0.03480	0.02487	0.00297	0.02684	0.01734	0.08547	0.02897	0.01611	0.00185	0.00273	0.00044	0.57627	0.00117	0.00064	0.01733
2	0.05327	0.01842	0.02344	0.07667	0.09948	0.02063	0.06342	0.01597	0.03567	0.02157	0.23042	0.04902	0.14989	0.03019	0.01408	0.01860	0.06067	0.01645	0.00088	0.00125
3	0.12187	0.02404	0.13227	0.04092	0.06972	0.00212	0.09264	0.02565	0.02547	0.12743	0.02948	0.10489	0.05039	0.02865	0.00140	0.03187	0.01388	0.01448	0.01331	0.04952
4	0.05331	0.23596	0.09145	0.10763	0.21404	0.01625	0.02987	0.02863	0.02135	0.03212	0.02105	0.06321	0.02285	0.01334	0.03302	0.00039	0.00132	0.00110	0.00065	0.01245
5	0.02321	0.06749	0.10468	0.29195	0.09546	0.04931	0.05205	0.06019	0.03792	0.01854	0.02423	0.01679	0.06292	0.01228	0.00123	0.00036	0.02409	0.00112	0.02155	0.03463

[dist]
# distance from previous block
# <min> <max>
1	42

[block]
# block no. 4 follows, 285 sequences, length 41
# corresponding to MSA columns:
# 559-575,578-583,587-590,612,616-621,632-638
name=unknown_E
#
# <colnr> <probs for GDERKNQSTAVLIFYWHMCP>
#	G	D	E	R	K	N	Q	S	T	A	V	L	I	F	Y	W	H	M	C	P
0	0.03125	0.08964	0.20881	0.04141	0.17807	0.11124	0.07074	0.03390	0.03556	0.05975	0.05693	0.00297	0.00226	0.00117	0.00107	0.00033	0.00141	0.00098	0.00068	0.07185
1	0.02123	0.01668	0.20654	0.01141	0.09866	0.02073	0.04955	0.08508	0.03918	0.17331	0.12553	0.00717	0.00981	0.03033	0.00136	0.00037	0.03002	0.00695	0.00088	0.06520
2	0.00182	0.04328	0.01812	0.02764	0.00227	0.00597	0.01765	0.00224	0.02753	0.02084	0.08153	0.39330	0.03444	0.04142	0.12941	0.00065	0.06355	0.08093	0.00091	0.00650
3	0.02855	0.09828	0.00312	0.00225	0.00307	0.01143	0.00185	0.30923	0.33836	0.03140	0.03189	0.00332	0.00268	0.00135	0.00107	0.00033	0.00104	0.00106	0.00102	0.12872
4	0.01161	0.06268	0.15930	0.01360	0.05709	0.04977	0.15607	0.01290	0.06867	0.06537	0.10052	0.02063	0.01746	0.00144	0.00626	0.00036	0.05848	0.02700	0.00076	0.11003
5	0.00277	0.41441	0.39798	0.02795	0.01451	0.00808	0.00944	0.02406	0.02235	0.03418	0.00847	0.01850	0.00173	0.00112	0.00095	0.00031	0.00140	0.00083	0.00056	0.01042
6	0.00256	0.00265	0.13821	0.00296	0.00380	0.00212	0.30421	0.00354	0.09113	0.11437	0.13684	0.08022	0.03709	0.01888	0.03017	0.00044	0.00134	0.02712	0.00088	0.00146
7	0.00190	0.00152	0.01375	0.01776	0.10389	0.00141	0.04590	0.00980	0.01771	0.03437	0.38075	0.23117	0.09493	0.01795	0.00141	0.00040	0.00080	0.02235	0.00106	0.00118
8	0.00269	0.00248	0.01962	0.19354	0.54507	0.00994	0.04003	0.01837	0.00261	0.04430	0.00970	0.03662	0.00238	0.00131	0.00119	0.00037	0.00136	0.06615	0.00066	0.00161
9	0.01749	0.00117	0.00149	0.01709	0.00188	0.00112	0.00116	0.00706	0.03397	0.03255	0.11654	0.59933	0.11450	0.00955	0.00143	0.00044	0.00070	0.04040	0.00108	0.00103
10	0.01800	0.00117	0.00156	0.00178	0.00195	0.00113	0.00136	0.00201	0.00236	0.02414	0.00605	0.50339	0.02390	0.03438	0.01504	0.00052	0.00087	0.35834	0.00104	0.00100
11	0.00513	0.01087	0.06388	0.12904	0.60857	0.01647	0.06688	0.01947	0.00261	0.03466	0.00226	0.00752	0.00184	0.01320	0.00601	0.00037	0.00496	0.00105	0.00354	0.00169
12	0.00978	0.00261	0.01819	0.02693	0.00321	0.00292	0.00194	0.18209	0.69427	0.01474	0.00417	0.02003	0.00315	0.00153	0.00118	0.00038	0.00869	0.00125	0.00112	0.00180
13	0.00275	0.00306	0.01535	0.01994	0.03270	0.00285	0.87705	0.00369	0.00270	0.02465	0.00235	0.00309	0.00176	0.00098	0.00133	0.00038	0.00188	0.00133	0.00059	0.00156
14	0.00310	0.93158	0.00592	0.00198	0.00295	0.00450	0.00196	0.03197	0.00242	0.00283	0.00163	0.00186	0.00148	0.00099	0.00075	0.00025	0.00122	0.00062	0.00051	0.00148
15	0.01037	0.00191	0.05665	0.03489	0.02563	0.00752	0.07747	0.02016	0.01551	0.22179	0.07541	0.21836	0.15719	0.00648	0.00135	0.00040	0.01442	0.05209	0.00104	0.00135
16	0.37175	0.00818	0.03997	0.12566	0.15482	0.15104	0.00587	0.04312	0.00884	0.07796	0.00208	0.00244	0.00158	0.00113	0.00096	0.00035	0.00129	0.00083	0.00071	0.00146
17	0.00164	0.00123	0.00184	0.00188	0.01354	0.00142	0.00142	0.00203	0.00186	0.00267	0.00318	0.04208	0.00305	0.02386	0.88137	0.01110	0.00290	0.00131	0.00063	0.00102
18	0.00153	0.00113	0.00138	0.00140	0.00166	0.00102	0.00101	0.00190	0.00278	0.01642	0.41362	0.23743	0.29821	0.01348	0.00142	0.00040	0.00059	0.00244	0.00115	0.00102
19	0.01183	0.00878	0.13436	0.40766	0.09027	0.10550	0.04076	0.01696	0.04313	0.02204	0.01202	0.06527	0.00805	0.01164	0.00710	0.00039	0.00149	0.01074	0.00063	0.00141
20	0.00904	0.00194	0.00248	0.01352	0.01033	0.01402	0.05870	0.05438	0.29019	0.02123	0.06072	0.07550	0.01403	0.03694	0.07297	0.03377	0.03542	0.18791	0.00554	0.00135
21	0.00247	0.00226	0.00844	0.06864	0.38939	0.00227	0.14149	0.00315	0.01148	0.02919	0.09435	0.03176	0.01635	0.00170	0.01018	0.00041	0.03560	0.14865	0.00075	0.00149
22	0.06430	0.00184	0.01599	0.39915	0.03881	0.00198	0.00920	0.01302	0.00247	0.11950	0.03348	0.18262	0.07890	0.00184	0.00124	0.00039	0.01503	0.01387	0.00507	0.00129
23	0.01435	0.00978	0.02233	0.05679	0.01100	0.11048	0.26192	0.07665	0.11590	0.09332	0.11519	0.02301	0.01726	0.00868	0.03008	0.00042	0.00713	0.02332	0.00088	0.00149
24	0.00691	0.00232	0.03947	0.05031	0.14279	0.01242	0.06934	0.13130	0.06887	0.18522	0.11943	0.04023	0.07660	0.01329	0.00128	0.00038	0.00111	0.03617	0.00100	0.00157
25	0.04896	0.08557	0.53343	0.00272	0.00397	0.06125	0.00310	0.00391	0.09499	0.07265	0.05934	0.00838	0.01435	0.00126	0.00107	0.00035	0.00142	0.00098	0.00069	0.00161
26	0.00909	0.00231	0.03420	0.26122	0.16648	0.01252	0.09449	0.05608	0.02075	0.15194	0.01492	0.09918	0.02199	0.00713	0.00125	0.00039	0.00607	0.03768	0.00081	0.00150
27	0.01377	0.00274	0.00424	0.13499	0.68679	0.05658	0.01044	0.02940	0.00573	0.01702	0.00234	0.00852	0.01723	0.00111	0.00114	0.00035	0.00430	0.00104	0.00060	0.00169
28	0.00266	0.01364	0.19158	0.09590	0.59069	0.00266	0.04358	0.00348	0.00254	0.01764	0.00225	0.01579	0.00184	0.00110	0.00114	0.00035	0.00144	0.00944	0.00057	0.00171
29	0.00165	0.00137	0.01095	0.11752	0.00876	0.00129	0.00132	0.00906	0.02364	0.01990	0.17820	0.06943	0.52353	0.00254	0.00133	0.00039	0.00074	0.02626	0.00103	0.00108
30	0.01031	0.14207	0.51554	0.06389	0.04537	0.05474	0.01429	0.02074	0.01585	0.06430	0.00881	0.01439	0.01024	0.00118	0.00108	0.00034	0.00915	0.00550	0.00060	0.00161
31	0.02368	0.00786	0.06595	0.37618	0.32460	0.06167	0.02577	0.03508	0.00261	0.04642	0.00220	0.00291	0.00171	0.00113	0.00116	0.00036	0.01326	0.00532	0.00060	0.00154
32	0.00153	0.00109	0.00145	0.02837	0.00191	0.00104	0.00118	0.00181	0.01157	0.01842	0.03912	0.78558	0.03578	0.00337	0.00144	0.00046	0.00071	0.06314	0.00106	0.00098
33	0.00265	0.02462	0.23688	0.10440	0.35920	0.01681	0.11763	0.03696	0.02791	0.01131	0.02679	0.00308	0.01825	0.00115	0.00117	0.00036	0.00752	0.00106	0.00061	0.00165
34	0.11448	0.02506	0.17207	0.02670	0.00954	0.02711	0.10028	0.24568	0.02301	0.20417	0.00692	0.00774	0.01236	0.00129	0.00110	0.00036	0.00130	0.01201	0.00714	0.00170
35	0.05611	0.02285	0.30650	0.08991	0.03737	0.03799	0.13541	0.11386	0.07433	0.04686	0.02838	0.00905	0.00217	0.00779	0.00119	0.00037	0.01016	0.01738	0.00072	0.00160
36	0.01288	0.00128	0.00151	0.00163	0.00182	0.02990	0.00115	0.01964	0.00691	0.03719	0.07274	0.58940	0.09559	0.05344	0.01928	0.00921	0.00080	0.04359	0.00104	0.00101
37	0.02869	0.01667	0.02413	0.02579	0.01240	0.00910	0.07129	0.05064	0.04937	0.09487	0.06704	0.04591	0.03130	0.00186	0.00241	0.00043	0.44934	0.01659	0.00077	0.00138
38	0.06594	0.00154	0.00624	0.01941	0.00216	0.01833	0.00816	0.06861	0.02822	0.03221	0.07744	0.39217	0.04490	0.09891	0.01046	0.00049	0.00088	0.07329	0.00750	0.04314
39	0.06336	0.01311	0.01392	0.01654	0.01099	0.01176	0.02890	0.02654	0.04136	0.07275	0.08158	0.36228	0.17914	0.02593	0.00797	0.00479	0.00716	0.02033	0.00102	0.01058
40	0.11110	0.35660	0.10905	0.02231	0.02652	0.05558	0.01970	0.02590	0.03230	0.08132	0.06192	0.05197	0.02456	0.00551	0.00100	0.00032	0.00648	0.00103	0.00073	0.00610

[dist]
# distance from previous block
# <min> <max>
1	92

[block]
# block no. 5 follows, 285 sequences, length 8
# corresponding to MSA columns:
# 770-777
name=unknown_F
#
# <colnr> <probs for GDERKNQSTAVLIFYWHMCP>
#	G	D	E	R	K	N	Q	S	T	A	V	L	I	F	Y	W	H	M	C	P
0	0.10750	0.06329	0.06021	0.10359	0.16351	0.02776	0.09450	0.14600	0.02004	0.02984	0.03291	0.00325	0.01189	0.01468	0.00114	0.00035	0.00128	0.02442	0.00074	0.09311
1	0.22009	0.00345	0.05694	0.03299	0.03330	0.30212	0.02195	0.08341	0.02302	0.05867	0.02374	0.00263	0.00190	0.00157	0.04695	0.01061	0.01195	0.00086	0.00073	0.06311
2	0.05693	0.00269	0.02800	0.14925	0.40946	0.04643	0.05472	0.04193	0.04490	0.05290	0.00245	0.02139	0.00199	0.00118	0.00115	0.00035	0.01538	0.01074	0.00068	0.05747
3	0.00262	0.00256	0.00358	0.09619	0.17320	0.04889	0.00266	0.00301	0.00207	0.02322	0.00190	0.02751	0.00177	0.00186	0.02079	0.00047	0.58471	0.00106	0.00055	0.00136
4	0.04859	0.00182	0.00206	0.01763	0.04633	0.00194	0.00151	0.00373	0.38244	0.00418	0.18628	0.05418	0.20446	0.00209	0.00125	0.00039	0.00079	0.03786	0.00109	0.00138
5	0.00177	0.00126	0.00164	0.03737	0.02715	0.00122	0.00117	0.00215	0.00261	0.03599	0.42430	0.03412	0.11012	0.22040	0.07734	0.00065	0.00096	0.01775	0.00101	0.00103
6	0.00168	0.00111	0.00133	0.00132	0.00135	0.00113	0.00079	0.00171	0.00175	0.00236	0.05249	0.00703	0.00425	0.76829	0.08166	0.06750	0.00123	0.00160	0.00070	0.00073
7	0.01323	0.04866	0.06239	0.00181	0.02121	0.00157	0.00147	0.01694	0.04232	0.11489	0.48736	0.04640	0.03842	0.05370	0.00149	0.00040	0.00079	0.02087	0.02481	0.00127

[dist]
# distance from previous block
# <min> <max>
1	1

[block]
# block no. 6 follows, 285 sequences, length 8
# corresponding to MSA columns:
# 780-783,785,805,809,810
name=unknown_G
#
# <colnr> <probs for GDERKNQSTAVLIFYWHMCP>
#	G	D	E	R	K	N	Q	S	T	A	V	L	I	F	Y	W	H	M	C	P
0	0.07562	0.33681	0.07653	0.00241	0.02078	0.07026	0.00216	0.19636	0.14539	0.01871	0.00245	0.00266	0.00195	0.00124	0.00104	0.00032	0.02953	0.01338	0.00077	0.00161
1	0.07709	0.05589	0.10812	0.10032	0.23483	0.04158	0.04624	0.02447	0.03319	0.04224	0.06958	0.04477	0.03308	0.00143	0.01325	0.00036	0.00126	0.00116	0.00072	0.07043
2	0.03646	0.12289	0.29824	0.04762	0.18969	0.03854	0.06070	0.04483	0.01938	0.05347	0.01667	0.02732	0.01290	0.00123	0.00112	0.00035	0.01615	0.01018	0.00065	0.00161
3	0.03304	0.11069	0.51336	0.00318	0.04605	0.00277	0.10639	0.01699	0.01534	0.04817	0.01803	0.01688	0.00185	0.00114	0.00111	0.00034	0.01618	0.00095	0.00060	0.04693
4	0.02517	0.03341	0.04594	0.07853	0.03420	0.00186	0.12704	0.00333	0.01306	0.21038	0.23375	0.07522	0.03397	0.02178	0.02065	0.00042	0.00110	0.02798	0.01085	0.00140
5	0.01724	0.05424	0.11903	0.11453	0.20262	0.04333	0.09871	0.03739	0.04243	0.05722	0.02389	0.07259	0.01904	0.00148	0.00951	0.00038	0.03753	0.01466	0.01524	0.01893
6	0.05103	0.06470	0.13553	0.04467	0.10148	0.07532	0.09764	0.13679	0.05389	0.09896	0.03487	0.04475	0.00250	0.01334	0.00126	0.00037	0.02880	0.01169	0.00081	0.00159
7	0.05506	0.01521	0.03766	0.01752	0.03235	0.00158	0.02336	0.02834	0.00216	0.04628	0.04194	0.06762	0.04170	0.35207	0.15701	0.01806	0.01340	0.01891	0.00918	0.02060

[dist]
# distance from previous block
# <min> <max>
4	171

[block]
# block no. 7 follows, 285 sequences, length 37
# corresponding to MSA columns:
# 1009-1024,1033-1053
name=unknown_H
#
# <colnr> <probs for GDERKNQSTAVLIFYWHMCP>
#	G	D	E	R	K	N	Q	S	T	A	V	L	I	F	Y	W	H	M	C	P
0	0.01117	0.05714	0.11197	0.14964	0.30808	0.03880	0.08200	0.06531	0.02563	0.05173	0.01032	0.01675	0.01091	0.00121	0.00118	0.00035	0.01932	0.01242	0.00067	0.02541
1	0.02025	0.05150	0.07208	0.14860	0.29303	0.03364	0.07657	0.04340	0.03382	0.06142	0.01351	0.05577	0.03699	0.00666	0.00125	0.00037	0.03062	0.00729	0.00070	0.01254
2	0.03417	0.03309	0.01858	0.12125	0.06834	0.02409	0.02129	0.04729	0.01733	0.16338	0.03368	0.16252	0.16493	0.02027	0.00535	0.00040	0.02945	0.02400	0.00094	0.00965
3	0.02991	0.02554	0.10760	0.10377	0.13366	0.02804	0.10523	0.07250	0.05020	0.24903	0.01888	0.01266	0.01769	0.00807	0.00119	0.00036	0.00458	0.01078	0.00088	0.01943
4	0.00902	0.01454	0.05472	0.28202	0.31390	0.00855	0.05706	0.03627	0.02341	0.04905	0.04890	0.02540	0.02638	0.00133	0.00125	0.00491	0.02749	0.00906	0.00068	0.00605
5	0.02382	0.01420	0.16828	0.08665	0.13133	0.03203	0.14141	0.02128	0.04803	0.12346	0.01276	0.04826	0.00886	0.00150	0.01373	0.00546	0.10128	0.00809	0.00802	0.00155
6	0.00484	0.00945	0.00749	0.39043	0.10631	0.00883	0.09670	0.03366	0.07667	0.05371	0.01949	0.10224	0.02024	0.00864	0.00132	0.01157	0.01593	0.02058	0.00074	0.01116
7	0.03100	0.04188	0.26059	0.04798	0.16455	0.01615	0.07942	0.07477	0.04071	0.13115	0.01101	0.03198	0.01364	0.00131	0.00124	0.00886	0.03087	0.00336	0.00075	0.00879
8	0.02023	0.00251	0.02836	0.15526	0.23055	0.02833	0.06996	0.08261	0.05298	0.13723	0.04677	0.01602	0.01454	0.00927	0.02785	0.00042	0.06560	0.00912	0.00080	0.00158
9	0.01107	0.01485	0.02025	0.13915	0.10942	0.01855	0.14372	0.11980	0.01332	0.06844	0.01459	0.26245	0.01908	0.00192	0.00128	0.00039	0.00620	0.02857	0.00554	0.00141
10	0.00195	0.00171	0.04361	0.09439	0.05029	0.00171	0.03882	0.02459	0.02277	0.02648	0.03278	0.15482	0.02316	0.00522	0.46464	0.00110	0.00849	0.00155	0.00074	0.00118
11	0.01106	0.03258	0.04034	0.23886	0.23641	0.07929	0.02208	0.09415	0.06469	0.06867	0.02811	0.04483	0.00878	0.00134	0.00117	0.00036	0.01121	0.00797	0.00075	0.00735
12	0.00227	0.00395	0.47304	0.14509	0.12162	0.00708	0.03392	0.01037	0.00816	0.00862	0.01864	0.07165	0.03766	0.00149	0.01285	0.00039	0.01569	0.01272	0.01325	0.00152
13	0.00152	0.00104	0.00138	0.00160	0.00171	0.00096	0.00109	0.00174	0.00226	0.03129	0.02176	0.87222	0.03221	0.00347	0.00145	0.00046	0.00068	0.02114	0.00108	0.00097
14	0.02625	0.04835	0.26413	0.06247	0.11891	0.02054	0.05898	0.16570	0.02753	0.13852	0.01671	0.01910	0.01045	0.00127	0.00115	0.00036	0.01123	0.00586	0.00080	0.00169
15	0.02401	0.02847	0.05303	0.04366	0.11836	0.02396	0.19386	0.06945	0.02427	0.34947	0.00335	0.02469	0.01515	0.00132	0.00120	0.00036	0.01159	0.01112	0.00095	0.00171
16	0.00232	0.00193	0.01548	0.62033	0.00593	0.00222	0.00260	0.02177	0.02363	0.07639	0.02773	0.14613	0.00870	0.00711	0.00129	0.00040	0.02408	0.00994	0.00072	0.00129
17	0.00216	0.00212	0.04815	0.11335	0.24025	0.02095	0.05083	0.02014	0.02280	0.01699	0.05944	0.12898	0.23952	0.00206	0.01382	0.00040	0.00111	0.01476	0.00083	0.00134
18	0.02595	0.14703	0.28102	0.02768	0.17447	0.03106	0.05375	0.05209	0.03598	0.06773	0.02878	0.02455	0.00610	0.00931	0.00116	0.00035	0.01415	0.01651	0.00068	0.00161
19	0.00225	0.00216	0.00361	0.85040	0.07537	0.01549	0.02873	0.00301	0.00233	0.00300	0.00205	0.00302	0.00155	0.00113	0.00115	0.00038	0.00153	0.00102	0.00052	0.00132
20	0.00241	0.08291	0.42483	0.01140	0.02249	0.00228	0.04461	0.01079	0.01503	0.08078	0.07371	0.18639	0.00874	0.00177	0.00959	0.00039	0.01251	0.00145	0.00644	0.00148
21	0.01051	0.05468	0.08926	0.14639	0.35487	0.06406	0.08139	0.05496	0.03599	0.06374	0.00641	0.00852	0.00191	0.00118	0.00517	0.00036	0.01292	0.00539	0.00066	0.00164
22	0.00960	0.07984	0.19728	0.01268	0.19037	0.02179	0.19428	0.03985	0.03434	0.10462	0.04212	0.03011	0.01078	0.00127	0.00120	0.00036	0.01843	0.00871	0.00073	0.00163
23	0.00146	0.00105	0.00139	0.00163	0.00174	0.00099	0.00115	0.00171	0.00229	0.00302	0.02316	0.74983	0.06500	0.01301	0.00151	0.00047	0.00071	0.12787	0.00106	0.00095
24	0.01360	0.02580	0.12771	0.12935	0.07685	0.02474	0.07967	0.07033	0.09800	0.09400	0.02697	0.04880	0.01168	0.11879	0.00738	0.00565	0.01060	0.02780	0.00080	0.00146
25	0.00260	0.03767	0.03392	0.05005	0.14623	0.01548	0.05710	0.06390	0.05179	0.11058	0.17691	0.04194	0.13139	0.00221	0.06187	0.00046	0.00592	0.00760	0.00094	0.00143
26	0.00304	0.01047	0.01043	0.00174	0.00229	0.00145	0.00138	0.00364	0.06323	0.38143	0.18157	0.10877	0.19136	0.00217	0.00127	0.00038	0.00079	0.03191	0.00124	0.00144
27	0.01903	0.02309	0.34438	0.02372	0.00373	0.00227	0.05824	0.08846	0.02025	0.17814	0.03835	0.08853	0.01686	0.01332	0.05899	0.00047	0.00570	0.01408	0.00084	0.00157
28	0.01000	0.06005	0.10118	0.21762	0.03786	0.04170	0.25052	0.05420	0.04181	0.03908	0.00797	0.02889	0.00234	0.00903	0.00626	0.00039	0.01790	0.07104	0.00069	0.00147
29	0.01841	0.05977	0.35379	0.05631	0.33912	0.00274	0.04377	0.00368	0.02691	0.05830	0.00227	0.00274	0.00174	0.00117	0.00977	0.00036	0.01592	0.00096	0.00059	0.00169
30	0.00156	0.00114	0.00150	0.00168	0.00187	0.00107	0.00731	0.00188	0.00241	0.01182	0.04361	0.48074	0.15593	0.02123	0.01032	0.00049	0.00079	0.25262	0.00106	0.00098
31	0.02819	0.12794	0.40656	0.01628	0.00445	0.01367	0.20188	0.02265	0.03046	0.09594	0.00974	0.01049	0.01962	0.00120	0.00576	0.00036	0.00153	0.00102	0.00066	0.00162
32	0.00674	0.02531	0.03007	0.01638	0.01528	0.02896	0.01415	0.02121	0.14021	0.04982	0.05538	0.31005	0.07310	0.02057	0.02446	0.00047	0.01060	0.15500	0.00101	0.00123
33	0.00260	0.01579	0.01373	0.15623	0.14942	0.00967	0.53639	0.01017	0.02649	0.00360	0.03528	0.00816	0.01008	0.00111	0.00130	0.00038	0.01620	0.00126	0.00061	0.00152
34	0.00247	0.00236	0.00391	0.44242	0.39835	0.01258	0.03483	0.01037	0.02112	0.00337	0.00250	0.01622	0.02346	0.00121	0.00116	0.00037	0.00142	0.01979	0.00058	0.00150
35	0.01434	0.13691	0.08713	0.00242	0.01568	0.06272	0.04653	0.03152	0.02691	0.33681	0.01212	0.09479	0.02236	0.00164	0.00574	0.00037	0.08423	0.01526	0.00095	0.00158
36	0.00189	0.00151	0.00229	0.13220	0.15477	0.00154	0.01133	0.00967	0.00960	0.02664	0.03191	0.53636	0.03681	0.00265	0.00136	0.00042	0.00748	0.02946	0.00091	0.00117

[dist]
# distance from previous block
# <min> <max>
9	60

[block]
# block no. 8 follows, 285 sequences, length 7
# corresponding to MSA columns:
# 1169-1175
name=unknown_I
#
# <colnr> <probs for GDERKNQSTAVLIFYWHMCP>
#	G	D	E	R	K	N	Q	S	T	A	V	L	I	F	Y	W	H	M	C	P
0	0.05846	0.08272	0.06241	0.05960	0.23479	0.06998	0.03318	0.11076	0.09580	0.01822	0.02486	0.02066	0.02228	0.00164	0.03301	0.03018	0.01586	0.01440	0.00074	0.01046
1	0.10260	0.01835	0.02053	0.11782	0.13985	0.10588	0.03355	0.13200	0.06699	0.15591	0.01218	0.00299	0.00206	0.00135	0.01183	0.01031	0.02652	0.00099	0.01002	0.02828
2	0.32932	0.02328	0.06259	0.03893	0.06708	0.02937	0.02071	0.02462	0.02083	0.12651	0.02821	0.04030	0.00218	0.00122	0.00095	0.00032	0.00105	0.00094	0.00080	0.18078
3	0.01759	0.01106	0.02067	0.09575	0.15148	0.03078	0.01768	0.02489	0.02386	0.20443	0.09115	0.01461	0.05232	0.01041	0.02195	0.00037	0.02605	0.00988	0.00089	0.17421
4	0.00214	0.00190	0.01511	0.04800	0.22860	0.01387	0.04327	0.02482	0.04017	0.01548	0.29840	0.06375	0.15270	0.00199	0.00132	0.00037	0.01868	0.02714	0.00094	0.00133
5	0.02854	0.00134	0.00188	0.00198	0.05062	0.00148	0.00138	0.01775	0.00193	0.00276	0.01940	0.03261	0.02535	0.15650	0.46365	0.13679	0.03016	0.02425	0.00066	0.00096
6	0.01802	0.00254	0.01530	0.08108	0.67350	0.00255	0.02142	0.02960	0.02152	0.03057	0.02402	0.01562	0.00230	0.01842	0.00123	0.00037	0.00131	0.02699	0.01195	0.00168

[dist]
# distance from previous block
# <min> <max>
0	1

[block]
# block no. 9 follows, 285 sequences, length 6
# corresponding to MSA columns:
# 1177-1182
name=unknown_J
#
# <colnr> <probs for GDERKNQSTAVLIFYWHMCP>
#	G	D	E	R	K	N	Q	S	T	A	V	L	I	F	Y	W	H	M	C	P
0	0.01689	0.01443	0.05990	0.09752	0.17961	0.01166	0.07392	0.06277	0.04894	0.06079	0.08398	0.12248	0.07128	0.02012	0.01312	0.00041	0.01319	0.01308	0.02396	0.01195
1	0.02103	0.00223	0.00296	0.18658	0.10927	0.02689	0.02243	0.16787	0.02655	0.11374	0.01457	0.03020	0.02562	0.09525	0.04779	0.00050	0.02358	0.03043	0.00084	0.05168
2	0.01765	0.02462	0.40656	0.07627	0.11777	0.00255	0.09781	0.05360	0.01710	0.02728	0.06635	0.01514	0.01596	0.00125	0.00117	0.00036	0.01595	0.00108	0.01722	0.02431
3	0.00241	0.00217	0.00343	0.84645	0.00738	0.00266	0.00306	0.11254	0.00265	0.00342	0.00212	0.00301	0.00157	0.00117	0.00114	0.00038	0.00149	0.00102	0.00058	0.00135
4	0.00265	0.00240	0.00396	0.06042	0.56030	0.00243	0.07742	0.02395	0.05711	0.02612	0.00278	0.05862	0.00252	0.11232	0.00172	0.00045	0.00131	0.00127	0.00067	0.00158
5	0.03960	0.00246	0.04674	0.48496	0.23631	0.00273	0.00310	0.00318	0.02978	0.00327	0.00205	0.00288	0.00163	0.00124	0.00149	0.00039	0.13521	0.00100	0.00055	0.00143

[dist]
# distance from previous block
# <min> <max>
0	484

# created by:
# /home/berkeley/.conda/envs/busco_data_prod/bin/msa2prfl.pl pipeline/OGs_align_augustus/2759/29058.fs
