[name]
unknown

[dist]
# distance from previous block
# <min> <max>
0	1171

[block]
# block no. 0 follows, 315 sequences, length 11
# corresponding to MSA columns:
# 1251,1254-1263
name=unknown_A
#
# <colnr> <probs for GDERKNQSTAVLIFYWHMCP>
#	G	D	E	R	K	N	Q	S	T	A	V	L	I	F	Y	W	H	M	C	P
0	0.12461	0.05668	0.05137	0.06721	0.23168	0.01354	0.09521	0.02697	0.01294	0.19478	0.00280	0.05374	0.03304	0.00122	0.00104	0.00032	0.01678	0.00105	0.00073	0.01430
1	0.00157	0.00116	0.00163	0.00161	0.00180	0.00131	0.00122	0.02285	0.02239	0.00254	0.00299	0.03766	0.00289	0.12037	0.75118	0.00146	0.00238	0.00122	0.02084	0.00093
2	0.00232	0.02832	0.05926	0.25656	0.21876	0.03745	0.05814	0.03706	0.08092	0.01127	0.01829	0.05489	0.04079	0.00127	0.00115	0.00033	0.04236	0.00111	0.02260	0.02716
3	0.01732	0.08871	0.09120	0.03140	0.07860	0.05060	0.14363	0.16675	0.07312	0.12463	0.01638	0.03357	0.00899	0.01356	0.00123	0.00034	0.05670	0.00104	0.00076	0.00148
4	0.00158	0.00113	0.00143	0.00145	0.00169	0.00107	0.01353	0.00198	0.04577	0.05678	0.13295	0.40822	0.25048	0.01511	0.04694	0.00045	0.01520	0.00227	0.00098	0.00097
5	0.00134	0.00100	0.00135	0.00150	0.00162	0.00095	0.02067	0.00163	0.02946	0.00276	0.03490	0.79354	0.06453	0.01941	0.01964	0.00045	0.00067	0.00273	0.00095	0.00088
6	0.02327	0.17557	0.18064	0.04192	0.04951	0.08334	0.06256	0.10954	0.06662	0.09837	0.01768	0.03032	0.01193	0.00123	0.00712	0.00032	0.01732	0.00730	0.00749	0.00796
7	0.03446	0.06475	0.19068	0.06247	0.10134	0.08699	0.07435	0.14220	0.07748	0.05385	0.02805	0.02770	0.01418	0.01046	0.01664	0.00035	0.01089	0.00099	0.00070	0.00145
8	0.00182	0.00124	0.00141	0.00136	0.00170	0.01080	0.00102	0.01305	0.03992	0.11193	0.13152	0.16759	0.43532	0.02708	0.00134	0.00037	0.01383	0.01717	0.02050	0.00103
9	0.01527	0.00123	0.00157	0.01435	0.03268	0.00983	0.02174	0.01448	0.03210	0.03591	0.08973	0.40150	0.18096	0.08068	0.00834	0.00044	0.00073	0.02419	0.02056	0.01371
10	0.02963	0.03255	0.07422	0.00299	0.12209	0.05356	0.13356	0.23916	0.07369	0.11356	0.01575	0.03066	0.01706	0.02274	0.00117	0.00034	0.01315	0.00710	0.00731	0.00971

[dist]
# distance from previous block
# <min> <max>
3	17

[block]
# block no. 1 follows, 315 sequences, length 10
# corresponding to MSA columns:
# 1290-1298,1300
name=unknown_B
#
# <colnr> <probs for GDERKNQSTAVLIFYWHMCP>
#	G	D	E	R	K	N	Q	S	T	A	V	L	I	F	Y	W	H	M	C	P
0	0.08995	0.26506	0.03755	0.01574	0.02521	0.18428	0.05354	0.07110	0.01813	0.11331	0.03199	0.03427	0.00203	0.00762	0.00098	0.00030	0.02290	0.00087	0.01640	0.00878
1	0.01308	0.00112	0.00139	0.00147	0.00167	0.00107	0.00104	0.02612	0.04296	0.06712	0.05205	0.59793	0.10151	0.01871	0.01213	0.00041	0.00067	0.01575	0.04280	0.00098
2	0.01290	0.00246	0.04306	0.07886	0.32316	0.06359	0.09006	0.06331	0.04375	0.04540	0.05104	0.01411	0.08052	0.00130	0.00119	0.00033	0.04958	0.01382	0.02013	0.00141
3	0.02139	0.01250	0.10698	0.04462	0.07643	0.01917	0.01500	0.06816	0.09465	0.35014	0.06883	0.03864	0.02542	0.01125	0.00810	0.00035	0.00875	0.00927	0.01172	0.00864
4	0.00148	0.00104	0.00125	0.00127	0.00137	0.00104	0.00083	0.00167	0.02316	0.00244	0.05947	0.12777	0.11225	0.49851	0.12760	0.02075	0.00109	0.00172	0.01450	0.00077
5	0.02168	0.00113	0.00136	0.00133	0.00162	0.00104	0.00098	0.02066	0.00253	0.07963	0.31995	0.24433	0.25191	0.02526	0.00131	0.00037	0.00059	0.00209	0.02122	0.00100
6	0.00275	0.45994	0.16336	0.01630	0.01601	0.04116	0.04653	0.07485	0.04883	0.04137	0.01157	0.01231	0.02088	0.00108	0.00090	0.00028	0.01608	0.00080	0.02361	0.00141
7	0.01697	0.01274	0.01766	0.00225	0.00279	0.04720	0.02093	0.15823	0.07293	0.30862	0.03300	0.01981	0.01303	0.01092	0.01158	0.00038	0.24753	0.00105	0.00091	0.00148
8	0.00182	0.00121	0.00148	0.00146	0.00179	0.00113	0.00114	0.02298	0.03318	0.09778	0.22149	0.13624	0.28873	0.01805	0.00132	0.00039	0.00067	0.16709	0.00104	0.00104
9	0.01455	0.00117	0.00143	0.00142	0.00167	0.00113	0.00103	0.02266	0.06776	0.03567	0.36066	0.30101	0.10043	0.06791	0.00151	0.00041	0.00063	0.01694	0.00103	0.00100

[dist]
# distance from previous block
# <min> <max>
1	14

[block]
# block no. 2 follows, 315 sequences, length 19
# corresponding to MSA columns:
# 1315-1320,1323-1330,1332-1336
name=unknown_C
#
# <colnr> <probs for GDERKNQSTAVLIFYWHMCP>
#	G	D	E	R	K	N	Q	S	T	A	V	L	I	F	Y	W	H	M	C	P
0	0.07387	0.10124	0.04947	0.02167	0.02839	0.19820	0.03947	0.27063	0.05154	0.05887	0.02749	0.00248	0.00186	0.00113	0.00099	0.00029	0.01647	0.00085	0.00076	0.05431
1	0.05977	0.00125	0.00147	0.00144	0.00168	0.01567	0.00106	0.02421	0.02842	0.01103	0.46149	0.24988	0.05079	0.05251	0.00147	0.00039	0.02345	0.01204	0.00100	0.00098
2	0.43442	0.00232	0.00221	0.00184	0.01572	0.03708	0.00983	0.27472	0.01290	0.01434	0.03914	0.01071	0.00181	0.00110	0.00083	0.00030	0.00094	0.00078	0.00078	0.13824
3	0.00143	0.00113	0.00154	0.01121	0.00182	0.00105	0.05224	0.00861	0.01866	0.00992	0.07939	0.57766	0.20959	0.00280	0.00130	0.00039	0.00973	0.00251	0.00095	0.00807
4	0.00159	0.00111	0.00142	0.00134	0.00160	0.00103	0.00101	0.02106	0.00285	0.02579	0.76436	0.02428	0.08052	0.02807	0.00138	0.01545	0.00055	0.02449	0.00110	0.00099
5	0.03320	0.02086	0.00178	0.00889	0.00201	0.03679	0.01047	0.02979	0.06324	0.15817	0.28061	0.02767	0.29754	0.00197	0.00114	0.00033	0.00071	0.01062	0.00103	0.01320
6	0.09743	0.00255	0.00276	0.00218	0.00295	0.00278	0.01216	0.58699	0.12609	0.11923	0.01284	0.01414	0.01056	0.00129	0.00102	0.00032	0.00103	0.00099	0.00103	0.00166
7	0.00197	0.00185	0.00311	0.90705	0.03758	0.00228	0.00286	0.00265	0.00209	0.00268	0.00195	0.02593	0.00153	0.00109	0.00105	0.00035	0.00136	0.00097	0.00048	0.00117
8	0.01846	0.03070	0.00444	0.01226	0.00415	0.01670	0.49718	0.08856	0.06753	0.03645	0.00234	0.01052	0.00744	0.00098	0.00107	0.00030	0.00136	0.00105	0.00066	0.19786
9	0.00157	0.00106	0.00135	0.00141	0.00162	0.00097	0.00101	0.00191	0.01840	0.06142	0.27008	0.45826	0.13353	0.01229	0.00131	0.00039	0.00060	0.03084	0.00103	0.00096
10	0.00135	0.00097	0.00125	0.00144	0.00155	0.00090	0.00099	0.00160	0.01481	0.01438	0.03850	0.77175	0.08594	0.01633	0.01552	0.00044	0.00065	0.02980	0.00097	0.00088
11	0.04254	0.02811	0.01584	0.00246	0.01984	0.05197	0.11748	0.19681	0.30343	0.09954	0.02175	0.04380	0.01436	0.00708	0.00115	0.00034	0.02993	0.00114	0.00091	0.00152
12	0.01555	0.25417	0.15651	0.00223	0.01050	0.03767	0.03458	0.12212	0.06913	0.12447	0.00893	0.03970	0.01836	0.03694	0.01403	0.00035	0.04542	0.00722	0.00072	0.00143
13	0.00151	0.00103	0.00123	0.00128	0.00135	0.00101	0.00081	0.00168	0.02091	0.01471	0.06321	0.25460	0.02661	0.54793	0.03576	0.00079	0.00091	0.00983	0.01407	0.00077
14	0.03520	0.01822	0.01878	0.00150	0.00195	0.00143	0.00121	0.05702	0.04741	0.18157	0.32253	0.03038	0.10621	0.01134	0.00115	0.00033	0.01504	0.00844	0.13908	0.00121
15	0.03678	0.10056	0.16249	0.01706	0.05775	0.09643	0.10440	0.11789	0.12270	0.10553	0.01285	0.01650	0.00951	0.00117	0.00107	0.00032	0.02842	0.00095	0.00613	0.00149
16	0.03958	0.02060	0.09063	0.05688	0.08729	0.02514	0.04645	0.10035	0.06085	0.16248	0.05180	0.05415	0.03508	0.01322	0.00970	0.00037	0.13149	0.00712	0.00542	0.00140
17	0.00138	0.00101	0.00127	0.00140	0.00153	0.00096	0.00096	0.01329	0.02075	0.00281	0.08041	0.60824	0.10887	0.10460	0.03251	0.00051	0.00072	0.01698	0.00093	0.00087
18	0.09262	0.06124	0.04149	0.12669	0.12677	0.01325	0.04546	0.10860	0.07082	0.07854	0.02367	0.02138	0.02118	0.01040	0.00100	0.00030	0.00107	0.00593	0.00072	0.14886

[dist]
# distance from previous block
# <min> <max>
13	53

[block]
# block no. 3 follows, 315 sequences, length 7
# corresponding to MSA columns:
# 1413-1419
name=unknown_D
#
# <colnr> <probs for GDERKNQSTAVLIFYWHMCP>
#	G	D	E	R	K	N	Q	S	T	A	V	L	I	F	Y	W	H	M	C	P
0	0.03931	0.00171	0.00203	0.00174	0.00231	0.00170	0.00138	0.05458	0.21162	0.36636	0.06739	0.09398	0.07657	0.02011	0.00116	0.00035	0.00079	0.02002	0.03544	0.00145
1	0.00136	0.00101	0.00126	0.00143	0.00156	0.00096	0.00098	0.00172	0.05465	0.00285	0.06698	0.71597	0.10977	0.03252	0.00142	0.00042	0.00061	0.00267	0.00097	0.00090
2	0.01653	0.17144	0.32254	0.05182	0.00363	0.06762	0.02843	0.08945	0.03275	0.13079	0.01359	0.00270	0.01920	0.00113	0.00099	0.00031	0.01566	0.01129	0.00067	0.01949
3	0.00250	0.00217	0.02616	0.10137	0.27649	0.04323	0.07738	0.02800	0.06081	0.10962	0.05108	0.09688	0.08578	0.00150	0.00115	0.00034	0.01908	0.01432	0.00076	0.00138
4	0.00150	0.00107	0.00131	0.00138	0.00161	0.00099	0.00101	0.00186	0.03175	0.04121	0.12848	0.37820	0.29690	0.02839	0.00138	0.00040	0.00062	0.08000	0.00100	0.00094
5	0.03316	0.01676	0.03825	0.04155	0.05785	0.04015	0.49393	0.05522	0.06042	0.05793	0.00225	0.00275	0.00170	0.00116	0.01647	0.00037	0.07697	0.00108	0.00062	0.00142
6	0.02736	0.01874	0.00263	0.01828	0.00285	0.04033	0.05567	0.16928	0.06750	0.06391	0.02481	0.01631	0.02165	0.00108	0.00096	0.00025	0.01513	0.00088	0.00077	0.45162

[dist]
# distance from previous block
# <min> <max>
1	7

[block]
# block no. 4 follows, 315 sequences, length 37
# corresponding to MSA columns:
# 1452-1457,1475,1482-1484,1517-1524,1526,1527,1530-1538,1541-1548
name=unknown_E
#
# <colnr> <probs for GDERKNQSTAVLIFYWHMCP>
#	G	D	E	R	K	N	Q	S	T	A	V	L	I	F	Y	W	H	M	C	P
0	0.00880	0.00145	0.00175	0.00155	0.00196	0.00141	0.01961	0.10386	0.08335	0.07321	0.39911	0.07660	0.21198	0.00206	0.00118	0.00034	0.00066	0.00178	0.00107	0.00827
1	0.00386	0.00282	0.00306	0.00237	0.00318	0.02920	0.02091	0.76803	0.06429	0.07508	0.01497	0.00272	0.00201	0.00126	0.00105	0.00032	0.00113	0.00097	0.00104	0.00173
2	0.00156	0.00103	0.00122	0.00122	0.00126	0.00105	0.00074	0.00162	0.00158	0.01819	0.01013	0.03455	0.00376	0.80014	0.11684	0.00105	0.00120	0.00151	0.00065	0.00069
3	0.00212	0.02837	0.77995	0.00275	0.00411	0.00229	0.01734	0.00317	0.00223	0.02504	0.04110	0.04249	0.00194	0.00113	0.00102	0.00033	0.00958	0.00091	0.00052	0.03358
4	0.00226	0.18181	0.74512	0.00273	0.00411	0.00270	0.01303	0.00328	0.00221	0.01923	0.01348	0.00220	0.00145	0.00099	0.00094	0.00031	0.00144	0.00075	0.00046	0.00150
5	0.00248	0.00276	0.02354	0.00408	0.00508	0.00256	0.82235	0.02249	0.01013	0.01566	0.00217	0.01190	0.00166	0.00101	0.01106	0.00036	0.02190	0.00120	0.00056	0.03707
6	0.00230	0.25496	0.01806	0.00158	0.00211	0.01646	0.00135	0.02072	0.02603	0.11393	0.38574	0.01466	0.08812	0.01036	0.00109	0.00031	0.00078	0.03255	0.00769	0.00120
7	0.03237	0.00210	0.00236	0.00679	0.00262	0.03734	0.00156	0.20204	0.18236	0.35488	0.08633	0.04400	0.01267	0.00646	0.00108	0.00033	0.00091	0.00119	0.02106	0.00157
8	0.02701	0.01785	0.01606	0.04526	0.03317	0.04129	0.07541	0.21237	0.08940	0.20445	0.05959	0.04883	0.05862	0.01400	0.00117	0.00034	0.01497	0.02743	0.01131	0.00145
9	0.00135	0.00103	0.00119	0.00126	0.00149	0.00093	0.00090	0.00165	0.01935	0.01357	0.07815	0.33202	0.47001	0.03976	0.01532	0.00042	0.00062	0.01235	0.00775	0.00089
10	0.00201	0.00186	0.00314	0.80507	0.09501	0.00225	0.01167	0.00268	0.00211	0.00277	0.00200	0.02227	0.00158	0.00116	0.01179	0.00036	0.00135	0.00097	0.02877	0.00119
11	0.02497	0.03620	0.47283	0.00968	0.02542	0.00502	0.20716	0.00970	0.02098	0.00787	0.00665	0.08099	0.02063	0.03181	0.00954	0.00038	0.01347	0.01478	0.00056	0.00138
12	0.01775	0.00874	0.00871	0.01348	0.11057	0.04876	0.09484	0.01915	0.03803	0.04417	0.03828	0.14278	0.12738	0.01591	0.01990	0.00041	0.23030	0.01304	0.00660	0.00119
13	0.00140	0.00098	0.00128	0.00146	0.00157	0.00093	0.00101	0.00169	0.02317	0.02036	0.06563	0.76789	0.04307	0.00310	0.01442	0.00043	0.00064	0.02948	0.02062	0.00090
14	0.00453	0.00183	0.00242	0.00186	0.00265	0.00164	0.00154	0.07402	0.00309	0.85688	0.00397	0.00348	0.00252	0.00128	0.00104	0.00032	0.00089	0.00104	0.03325	0.00175
15	0.04222	0.34077	0.12031	0.01753	0.03377	0.02781	0.02895	0.09800	0.19388	0.05649	0.02178	0.00634	0.00569	0.00112	0.00090	0.00029	0.00112	0.00086	0.00071	0.00148
16	0.02575	0.00133	0.00165	0.00149	0.00193	0.00119	0.01234	0.01042	0.01758	0.29793	0.07096	0.18610	0.30858	0.01116	0.00121	0.00036	0.00070	0.02741	0.02070	0.00119
17	0.00157	0.00125	0.00174	0.00173	0.00185	0.01070	0.00131	0.00186	0.00172	0.00244	0.00317	0.17357	0.00331	0.09490	0.57396	0.00123	0.12071	0.00145	0.00062	0.00092
18	0.00209	0.00506	0.86301	0.00298	0.00444	0.00238	0.05359	0.00326	0.00838	0.00330	0.00943	0.00258	0.01438	0.00105	0.00102	0.00033	0.00151	0.01925	0.00047	0.00151
19	0.03294	0.08301	0.12614	0.12514	0.10483	0.04658	0.05301	0.09300	0.03703	0.23565	0.00881	0.01847	0.00635	0.00116	0.00106	0.00032	0.02326	0.00095	0.00077	0.00151
20	0.00680	0.06494	0.54867	0.01149	0.04240	0.10576	0.11516	0.03181	0.01273	0.01005	0.00203	0.02598	0.00158	0.00106	0.00102	0.00032	0.00543	0.00654	0.00476	0.00146
21	0.07146	0.04131	0.62853	0.00626	0.03261	0.02534	0.11506	0.02217	0.00530	0.01003	0.00189	0.00514	0.00140	0.00101	0.00104	0.00033	0.02273	0.00082	0.00611	0.00147
22	0.00267	0.46168	0.22699	0.02366	0.02374	0.05024	0.08800	0.05588	0.00238	0.01681	0.00494	0.01584	0.00512	0.00100	0.00086	0.00028	0.00129	0.00077	0.01644	0.00140
23	0.00183	0.00117	0.00152	0.00148	0.00155	0.03288	0.00103	0.00169	0.00154	0.01724	0.00232	0.01130	0.00235	0.18819	0.17404	0.50837	0.04264	0.00107	0.00715	0.00065
24	0.00249	0.00207	0.02026	0.20584	0.04929	0.01878	0.03490	0.19728	0.10183	0.04922	0.08244	0.10502	0.07428	0.00159	0.00119	0.00034	0.03520	0.00135	0.00672	0.00990
25	0.04993	0.09991	0.35612	0.02757	0.06743	0.10899	0.02780	0.06840	0.00628	0.15479	0.00228	0.01666	0.00169	0.00109	0.00097	0.00031	0.00133	0.00630	0.00066	0.00150
26	0.00459	0.00190	0.00250	0.00191	0.00272	0.00172	0.00158	0.11315	0.00320	0.84924	0.00393	0.00343	0.00249	0.00128	0.00105	0.00032	0.00092	0.00103	0.00126	0.00177
27	0.00467	0.00177	0.00242	0.00185	0.00266	0.00153	0.00153	0.00508	0.00298	0.95762	0.00411	0.00355	0.00258	0.00129	0.00105	0.00032	0.00089	0.00105	0.00129	0.00177
28	0.01253	0.00808	0.08549	0.21847	0.33329	0.06617	0.18783	0.01833	0.01733	0.01595	0.00701	0.00825	0.00167	0.00102	0.00107	0.00033	0.00505	0.01016	0.00054	0.00143
29	0.00199	0.00143	0.01783	0.01918	0.00206	0.00135	0.01639	0.02832	0.10541	0.09015	0.49467	0.00703	0.10649	0.00198	0.00119	0.00034	0.00068	0.07728	0.02509	0.00115
30	0.00127	0.00091	0.00121	0.00145	0.00151	0.00085	0.00097	0.00145	0.00199	0.00266	0.00574	0.96272	0.00689	0.00326	0.00133	0.00042	0.00060	0.00296	0.00097	0.00085
31	0.02163	0.00764	0.03383	0.01057	0.00333	0.00195	0.28957	0.09408	0.02302	0.17710	0.17050	0.00924	0.01586	0.00150	0.00116	0.00035	0.00112	0.10997	0.02622	0.00136
32	0.59863	0.02675	0.06831	0.01071	0.01728	0.01036	0.01007	0.04112	0.06002	0.09986	0.00212	0.02430	0.00165	0.00111	0.00079	0.00032	0.00091	0.01105	0.00074	0.01389
33	0.00129	0.00106	0.00110	0.00110	0.00144	0.00090	0.00083	0.00157	0.00238	0.01669	0.02283	0.03480	0.88612	0.00263	0.00124	0.00036	0.00054	0.02127	0.00097	0.00089
34	0.00251	0.08119	0.00304	0.01826	0.01169	0.06358	0.10614	0.05922	0.06696	0.01253	0.00210	0.00239	0.00729	0.00092	0.00091	0.00022	0.01651	0.00077	0.00065	0.54313
35	0.00135	0.00097	0.00127	0.00146	0.00155	0.00092	0.00099	0.01632	0.00940	0.00275	0.02451	0.82621	0.02780	0.04303	0.00917	0.00045	0.00065	0.02032	0.00095	0.00991
36	0.01168	0.49572	0.42579	0.00230	0.00345	0.01165	0.00267	0.00317	0.00217	0.00287	0.01413	0.01693	0.00152	0.00099	0.00083	0.00028	0.00129	0.00071	0.00046	0.00141

[dist]
# distance from previous block
# <min> <max>
2	17

[block]
# block no. 5 follows, 315 sequences, length 19
# corresponding to MSA columns:
# 1578-1596
name=unknown_F
#
# <colnr> <probs for GDERKNQSTAVLIFYWHMCP>
#	G	D	E	R	K	N	Q	S	T	A	V	L	I	F	Y	W	H	M	C	P
0	0.02550	0.18983	0.04275	0.00220	0.01105	0.07743	0.01731	0.32191	0.13056	0.05953	0.01039	0.00252	0.00189	0.00112	0.00093	0.00028	0.00111	0.00084	0.00081	0.10203
1	0.00280	0.42190	0.06933	0.00198	0.01693	0.09860	0.00897	0.01253	0.02916	0.10455	0.13454	0.01550	0.00733	0.00119	0.00089	0.00027	0.00613	0.00090	0.00069	0.06581
2	0.00279	0.36674	0.21441	0.01051	0.02268	0.02920	0.01940	0.05381	0.09020	0.10375	0.02201	0.02907	0.01438	0.00119	0.00679	0.00030	0.00979	0.00088	0.00066	0.00145
3	0.00203	0.13984	0.13177	0.00203	0.02643	0.00751	0.03490	0.01206	0.00937	0.05252	0.02895	0.00951	0.00258	0.11425	0.40974	0.00097	0.00187	0.01193	0.00060	0.00113
4	0.00247	0.00236	0.00402	0.12817	0.77816	0.00242	0.02210	0.00312	0.01309	0.00330	0.00215	0.00286	0.01519	0.00100	0.00105	0.00032	0.00125	0.01491	0.00053	0.00156
5	0.01067	0.00115	0.00150	0.00152	0.00177	0.00107	0.00110	0.00234	0.03706	0.16913	0.14906	0.54635	0.03414	0.01325	0.00129	0.00039	0.00066	0.02543	0.00105	0.00106
6	0.02301	0.07724	0.23347	0.18956	0.22804	0.02805	0.03188	0.08793	0.02840	0.05963	0.00210	0.00251	0.00158	0.00103	0.00099	0.00032	0.00131	0.00087	0.00059	0.00149
7	0.00194	0.00169	0.00215	0.00244	0.16582	0.00173	0.01594	0.00311	0.28719	0.00354	0.12128	0.06783	0.27059	0.01079	0.00122	0.00036	0.00945	0.03075	0.00092	0.00126
8	0.00171	0.00114	0.00152	0.00151	0.00165	0.02368	0.00112	0.00183	0.00167	0.00241	0.00259	0.02074	0.00244	0.04057	0.46773	0.28715	0.01912	0.00107	0.11956	0.00079
9	0.00134	0.00104	0.00122	0.00126	0.00151	0.00093	0.00092	0.00168	0.01451	0.00317	0.26528	0.23827	0.43185	0.00264	0.00126	0.00037	0.00055	0.03027	0.00102	0.00091
10	0.00223	0.00215	0.00368	0.44632	0.33583	0.00242	0.07505	0.00288	0.01196	0.00296	0.00195	0.01513	0.00159	0.00113	0.00129	0.01703	0.07361	0.00098	0.00050	0.00133
11	0.00124	0.00106	0.00107	0.00107	0.00141	0.00088	0.00080	0.00152	0.00240	0.00288	0.05523	0.00992	0.91176	0.00261	0.00123	0.00035	0.00053	0.00218	0.00098	0.00088
12	0.01134	0.00150	0.00194	0.00162	0.00217	0.00137	0.00129	0.02374	0.04128	0.46774	0.33190	0.02022	0.03003	0.00167	0.00111	0.00033	0.00072	0.01515	0.04349	0.00141
13	0.00205	0.00201	0.02799	0.70196	0.02451	0.00228	0.07816	0.01236	0.05957	0.00292	0.00229	0.01968	0.00185	0.00118	0.00108	0.00035	0.00134	0.04860	0.00862	0.00122
14	0.00171	0.02856	0.00153	0.00157	0.00173	0.12029	0.00110	0.00194	0.00214	0.00277	0.00486	0.70518	0.00559	0.00271	0.00120	0.00038	0.00077	0.01411	0.10092	0.00092
15	0.00146	0.00110	0.00156	0.00160	0.00174	0.00122	0.00120	0.00176	0.00175	0.00245	0.00362	0.18822	0.02944	0.09076	0.62534	0.00129	0.02637	0.01757	0.00066	0.00089
16	0.00127	0.00091	0.00121	0.00143	0.00151	0.00085	0.00096	0.00146	0.00203	0.00270	0.02538	0.91057	0.03942	0.00322	0.00132	0.00042	0.00060	0.00291	0.00097	0.00085
17	0.00221	0.00503	0.84133	0.00312	0.03117	0.00240	0.06231	0.00336	0.00225	0.03452	0.00196	0.00229	0.00139	0.00099	0.00101	0.00033	0.00152	0.00081	0.00048	0.00154
18	0.02173	0.47030	0.24311	0.00207	0.00301	0.04515	0.00219	0.01790	0.02818	0.04187	0.08297	0.00265	0.01828	0.00110	0.00085	0.00027	0.00116	0.00080	0.01504	0.00137

[dist]
# distance from previous block
# <min> <max>
0	1

[block]
# block no. 6 follows, 315 sequences, length 17
# corresponding to MSA columns:
# 1601-1617
name=unknown_G
#
# <colnr> <probs for GDERKNQSTAVLIFYWHMCP>
#	G	D	E	R	K	N	Q	S	T	A	V	L	I	F	Y	W	H	M	C	P
0	0.00270	0.74323	0.14164	0.01774	0.03935	0.01934	0.00216	0.01867	0.00220	0.00268	0.00155	0.00182	0.00135	0.00092	0.00074	0.00025	0.00120	0.00062	0.00046	0.00138
1	0.01140	0.00216	0.00863	0.00197	0.01161	0.02900	0.00157	0.16265	0.17639	0.21649	0.03104	0.00307	0.00237	0.01039	0.00117	0.02404	0.03473	0.00094	0.00092	0.26946
2	0.04330	0.03835	0.02933	0.00166	0.00214	0.01840	0.00134	0.02797	0.24537	0.06229	0.43228	0.01405	0.05522	0.00178	0.00671	0.00034	0.00073	0.00147	0.00664	0.01064
3	0.03011	0.03190	0.02581	0.01148	0.03743	0.15090	0.26610	0.20313	0.04344	0.10809	0.03877	0.01733	0.00216	0.00117	0.00110	0.00032	0.01255	0.00922	0.00077	0.00823
4	0.03902	0.00178	0.00239	0.00184	0.00264	0.00156	0.00152	0.00500	0.00294	0.92374	0.00401	0.00348	0.00253	0.00128	0.00103	0.00032	0.00088	0.00103	0.00127	0.00175
5	0.01079	0.08738	0.69963	0.00264	0.00390	0.01078	0.00321	0.01811	0.03781	0.00327	0.01399	0.05661	0.00199	0.01504	0.00106	0.00034	0.00138	0.03008	0.00053	0.00145
6	0.06763	0.00204	0.00234	0.01757	0.00267	0.02181	0.01925	0.09520	0.31093	0.29141	0.03477	0.02957	0.05174	0.00148	0.00105	0.00034	0.00089	0.02976	0.00105	0.01850
7	0.00166	0.00120	0.00160	0.00157	0.00175	0.01951	0.00117	0.01143	0.00175	0.02889	0.01475	0.00465	0.00291	0.21650	0.66257	0.01230	0.00224	0.00120	0.01146	0.00090
8	0.00130	0.00100	0.00124	0.00135	0.00154	0.00091	0.01113	0.00153	0.00214	0.00274	0.02830	0.49498	0.35556	0.02043	0.05523	0.00048	0.00072	0.01761	0.00094	0.00087
9	0.00371	0.00451	0.00305	0.00295	0.08178	0.78166	0.00210	0.05082	0.03922	0.00289	0.00178	0.00205	0.00146	0.00109	0.00100	0.00028	0.01706	0.00073	0.00058	0.00129
10	0.00211	0.00200	0.00338	0.71819	0.22459	0.00237	0.00295	0.00278	0.00214	0.00283	0.00186	0.00272	0.00145	0.00103	0.00110	0.00034	0.02548	0.00093	0.00047	0.00127
11	0.00382	0.00161	0.00213	0.00172	0.00238	0.00142	0.00139	0.01821	0.01561	0.69688	0.08521	0.07591	0.07586	0.01144	0.00114	0.00034	0.00081	0.00135	0.00122	0.00156
12	0.03455	0.00250	0.00333	0.01304	0.32535	0.00261	0.01611	0.39059	0.02333	0.15965	0.01702	0.00279	0.00199	0.00115	0.00103	0.00032	0.00112	0.00096	0.00088	0.00168
13	0.02904	0.00966	0.00781	0.03023	0.00242	0.25525	0.01273	0.06391	0.01126	0.06117	0.01343	0.31213	0.05152	0.08107	0.00151	0.00041	0.01866	0.03588	0.00081	0.00109
14	0.00147	0.00791	0.00137	0.00145	0.00746	0.00104	0.00102	0.02049	0.03854	0.01312	0.16151	0.54997	0.13112	0.02943	0.00865	0.00041	0.00064	0.01312	0.01034	0.00094
15	0.00175	0.00159	0.02056	0.00200	0.00246	0.01292	0.18705	0.01368	0.00246	0.02270	0.18058	0.14361	0.27433	0.01632	0.00133	0.00037	0.01355	0.07861	0.00089	0.02324
16	0.05634	0.00228	0.00259	0.01183	0.02389	0.10241	0.00876	0.07771	0.03059	0.11168	0.01126	0.02373	0.00208	0.07246	0.08323	0.00051	0.30665	0.00099	0.00069	0.07033

[dist]
# distance from previous block
# <min> <max>
3	63

[block]
# block no. 7 follows, 315 sequences, length 8
# corresponding to MSA columns:
# 1681-1688
name=unknown_H
#
# <colnr> <probs for GDERKNQSTAVLIFYWHMCP>
#	G	D	E	R	K	N	Q	S	T	A	V	L	I	F	Y	W	H	M	C	P
0	0.01394	0.04734	0.24504	0.10352	0.12510	0.03042	0.12518	0.01437	0.03388	0.04785	0.02026	0.02686	0.01130	0.00113	0.00109	0.02087	0.00930	0.00095	0.00059	0.12101
1	0.05029	0.07197	0.24414	0.01077	0.03135	0.05780	0.10407	0.05948	0.06560	0.05210	0.11429	0.06835	0.02558	0.01016	0.00110	0.00033	0.00948	0.01133	0.00073	0.01109
2	0.00171	0.01325	0.00167	0.00170	0.01454	0.02506	0.02364	0.02789	0.09148	0.03100	0.04815	0.63686	0.05398	0.00272	0.00126	0.00039	0.00072	0.02199	0.00096	0.00102
3	0.01915	0.01771	0.03141	0.10224	0.11310	0.19313	0.26212	0.03277	0.02411	0.02238	0.03033	0.04692	0.02769	0.00126	0.00121	0.00034	0.04749	0.02472	0.00062	0.00131
4	0.00136	0.00102	0.00128	0.00142	0.00157	0.00097	0.00100	0.00164	0.02535	0.00284	0.07716	0.60992	0.19135	0.00297	0.00140	0.01899	0.02262	0.03527	0.00096	0.00089
5	0.00225	0.00213	0.01224	0.08851	0.02324	0.01911	0.18859	0.01685	0.07312	0.03314	0.01549	0.07355	0.03075	0.00190	0.03711	0.00044	0.29199	0.07808	0.00066	0.01085
6	0.00153	0.00112	0.00149	0.00148	0.00156	0.00124	0.00104	0.00172	0.00162	0.00226	0.00310	0.05813	0.00330	0.42842	0.43869	0.00125	0.04927	0.00138	0.00061	0.00080
7	0.00257	0.00259	0.04157	0.04825	0.59078	0.02589	0.13485	0.02394	0.02819	0.02803	0.00223	0.04090	0.00188	0.00107	0.00112	0.00033	0.02264	0.00105	0.00058	0.00154

[dist]
# distance from previous block
# <min> <max>
0	22

[block]
# block no. 8 follows, 315 sequences, length 25
# corresponding to MSA columns:
# 1711-1735
name=unknown_I
#
# <colnr> <probs for GDERKNQSTAVLIFYWHMCP>
#	G	D	E	R	K	N	Q	S	T	A	V	L	I	F	Y	W	H	M	C	P
0	0.00180	0.00845	0.00157	0.05395	0.00201	0.00115	0.00118	0.01625	0.02314	0.09675	0.22859	0.44056	0.03219	0.04702	0.00143	0.00041	0.00070	0.04084	0.00100	0.00102
1	0.01151	0.00184	0.00190	0.00159	0.00210	0.02703	0.00127	0.34845	0.00324	0.06343	0.00305	0.00329	0.00229	0.00123	0.00087	0.00027	0.00079	0.00095	0.52359	0.00132
2	0.00221	0.00221	0.00405	0.01699	0.01421	0.04218	0.47486	0.02632	0.00222	0.01639	0.00239	0.00337	0.00203	0.04734	0.32182	0.00082	0.01764	0.00116	0.00056	0.00121
3	0.02187	0.00176	0.00238	0.00183	0.00262	0.00153	0.00151	0.00497	0.00296	0.91930	0.02532	0.00361	0.00271	0.00130	0.00104	0.00032	0.00088	0.00106	0.00127	0.00174
4	0.00208	0.00202	0.00327	0.84378	0.06677	0.03351	0.02853	0.00276	0.00214	0.00272	0.00186	0.00274	0.00141	0.00103	0.00104	0.00034	0.00140	0.00093	0.00047	0.00120
5	0.00136	0.00107	0.00119	0.00119	0.00149	0.00094	0.00090	0.00173	0.01116	0.00324	0.25274	0.03245	0.58619	0.00246	0.00122	0.00035	0.00055	0.05602	0.04283	0.00092
6	0.00176	0.00135	0.00179	0.00177	0.00198	0.02516	0.05000	0.07050	0.00224	0.02659	0.00469	0.58635	0.00531	0.05619	0.06181	0.00824	0.02752	0.06489	0.00088	0.00098
7	0.00278	0.96402	0.00546	0.00178	0.00267	0.00412	0.00178	0.00312	0.00212	0.00245	0.00145	0.00167	0.00134	0.00089	0.00067	0.00022	0.00111	0.00056	0.00045	0.00134
8	0.01501	0.00163	0.00200	0.00175	0.00217	0.01758	0.00135	0.16635	0.00257	0.23254	0.00332	0.07021	0.00293	0.15824	0.30956	0.00087	0.00156	0.00827	0.00086	0.00123
9	0.02059	0.00244	0.01114	0.31342	0.40253	0.04421	0.12919	0.02953	0.00750	0.01522	0.00197	0.00264	0.00155	0.00099	0.00108	0.00033	0.01277	0.00095	0.00053	0.00143
10	0.03358	0.00191	0.00314	0.85375	0.02413	0.01033	0.02844	0.00271	0.00209	0.00277	0.00186	0.00274	0.00141	0.00104	0.00106	0.00034	0.01242	0.00092	0.01418	0.00117
11	0.00262	0.03440	0.03946	0.17193	0.43081	0.05222	0.11579	0.08653	0.00258	0.01410	0.00213	0.00291	0.00174	0.00106	0.00105	0.00032	0.00134	0.03695	0.00058	0.00148
12	0.00151	0.00102	0.00117	0.00117	0.00118	0.00103	0.00067	0.00154	0.00152	0.00204	0.00325	0.00665	0.00372	0.90579	0.06281	0.00105	0.00112	0.00149	0.00063	0.00065
13	0.00154	0.00106	0.00134	0.00144	0.00164	0.00098	0.00636	0.01672	0.01514	0.05725	0.03017	0.63906	0.19481	0.00296	0.00857	0.00041	0.00064	0.01799	0.00099	0.00094
14	0.00952	0.21012	0.47967	0.00282	0.04476	0.03917	0.07771	0.02528	0.00235	0.06675	0.00198	0.01030	0.00150	0.00100	0.00094	0.00030	0.00138	0.00080	0.00054	0.02311
15	0.00456	0.00179	0.00241	0.00186	0.00265	0.00157	0.00153	0.03678	0.00304	0.89933	0.03043	0.00363	0.00275	0.00131	0.00105	0.00032	0.00088	0.00107	0.00128	0.00175
16	0.01727	0.00199	0.00246	0.00191	0.00267	0.00192	0.00157	0.24530	0.00338	0.61830	0.00360	0.00329	0.00236	0.00127	0.00101	0.00031	0.00092	0.00101	0.08779	0.00169
17	0.00956	0.00237	0.00384	0.04465	0.02041	0.02554	0.36609	0.18788	0.04371	0.06881	0.02344	0.07535	0.04558	0.00143	0.00120	0.00035	0.01571	0.05619	0.00079	0.00712
18	0.03335	0.00213	0.02609	0.46392	0.21145	0.00231	0.01224	0.05755	0.01733	0.10889	0.01969	0.00291	0.00948	0.00111	0.00110	0.00034	0.02716	0.00096	0.00063	0.00138
19	0.00150	0.00113	0.00168	0.00167	0.00185	0.00132	0.00130	0.00186	0.00167	0.00241	0.00278	0.00415	0.00262	0.03988	0.91072	0.00163	0.01922	0.00113	0.00056	0.00092
20	0.00225	0.00229	0.00253	0.00227	0.00247	0.16958	0.02446	0.01796	0.00200	0.00260	0.00273	0.07818	0.06064	0.02674	0.22462	0.00071	0.37515	0.00118	0.00058	0.00107
21	0.01369	0.16450	0.55340	0.00271	0.01473	0.03642	0.03899	0.03836	0.03858	0.03849	0.00207	0.00239	0.00888	0.00106	0.00103	0.00032	0.03402	0.00834	0.00054	0.00148
22	0.00131	0.00098	0.00120	0.00133	0.00149	0.00089	0.00092	0.00156	0.01082	0.00284	0.09834	0.57307	0.24568	0.04365	0.00146	0.00042	0.00060	0.01160	0.00097	0.00087
23	0.00396	0.00292	0.00313	0.00240	0.00323	0.00323	0.00198	0.95343	0.00490	0.00656	0.00250	0.00250	0.00177	0.00125	0.00104	0.00031	0.00115	0.00094	0.00104	0.00177
24	0.00191	0.00168	0.00233	0.00205	0.00236	0.06846	0.13481	0.03912	0.01902	0.00272	0.00302	0.10642	0.00301	0.16406	0.38311	0.02836	0.01402	0.01472	0.00783	0.00099

[dist]
# distance from previous block
# <min> <max>
4	25

[block]
# block no. 9 follows, 315 sequences, length 37
# corresponding to MSA columns:
# 1764-1766,1769-1773,1786-1793,1830-1833,1835-1846,1875-1879
name=unknown_J
#
# <colnr> <probs for GDERKNQSTAVLIFYWHMCP>
#	G	D	E	R	K	N	Q	S	T	A	V	L	I	F	Y	W	H	M	C	P
0	0.06717	0.24309	0.39364	0.00827	0.01423	0.01098	0.01949	0.13759	0.07087	0.01726	0.00718	0.00226	0.00158	0.00104	0.00091	0.00030	0.00127	0.00078	0.00060	0.00150
1	0.00236	0.15379	0.72473	0.00268	0.00405	0.00262	0.00332	0.01686	0.00227	0.05780	0.00979	0.01170	0.00152	0.00103	0.00095	0.00031	0.00141	0.00079	0.00051	0.00151
2	0.00193	0.00180	0.00305	0.78881	0.03488	0.00216	0.03675	0.00257	0.00210	0.00272	0.00229	0.10450	0.00200	0.00127	0.00108	0.00035	0.00131	0.00115	0.00815	0.00115
3	0.00527	0.01452	0.08423	0.06046	0.00701	0.03086	0.05228	0.02385	0.03799	0.02839	0.01704	0.41627	0.07342	0.00247	0.01399	0.00041	0.00094	0.12868	0.00085	0.00107
4	0.00973	0.01631	0.19249	0.05969	0.03675	0.02568	0.23659	0.01768	0.08405	0.01641	0.00609	0.05832	0.00975	0.01675	0.01583	0.00040	0.12590	0.06964	0.00062	0.00133
5	0.01361	0.00169	0.00647	0.00176	0.00239	0.00158	0.00144	0.04567	0.09995	0.53694	0.01340	0.03507	0.02675	0.00153	0.00105	0.00033	0.00083	0.08665	0.12134	0.00152
6	0.00127	0.00091	0.00121	0.00145	0.00151	0.00085	0.00097	0.00145	0.00199	0.00266	0.00574	0.96272	0.00689	0.00326	0.00133	0.00042	0.00060	0.00296	0.00097	0.00085
7	0.04118	0.00681	0.01904	0.04609	0.24745	0.05241	0.02274	0.42547	0.03353	0.03257	0.01689	0.00302	0.01819	0.00121	0.00104	0.00032	0.00118	0.02844	0.00082	0.00159
8	0.00333	0.01501	0.01692	0.00928	0.07080	0.11332	0.09016	0.06684	0.00267	0.31945	0.00295	0.00365	0.00230	0.01227	0.00905	0.00036	0.14458	0.08070	0.03488	0.00144
9	0.00462	0.00186	0.00247	0.00189	0.00270	0.00166	0.00156	0.07699	0.00313	0.88550	0.00399	0.00347	0.00252	0.00129	0.00105	0.00032	0.00091	0.00104	0.00127	0.00177
10	0.00141	0.00104	0.00127	0.00131	0.00155	0.00094	0.00096	0.00174	0.00249	0.01868	0.34757	0.25198	0.31005	0.00261	0.00126	0.00037	0.00056	0.05225	0.00104	0.00093
11	0.00217	0.00200	0.00231	0.01518	0.09910	0.05067	0.01318	0.00348	0.35355	0.00348	0.06706	0.01806	0.24328	0.00551	0.00140	0.00036	0.11033	0.00669	0.00087	0.00130
12	0.00214	0.00106	0.00110	0.00106	0.00135	0.00105	0.00080	0.01557	0.01372	0.06175	0.00344	0.00384	0.00266	0.00122	0.00076	0.00025	0.00052	0.00098	0.88569	0.00104
13	0.01815	0.00200	0.00241	0.00196	0.00268	0.00202	0.00158	0.06884	0.34132	0.52312	0.01118	0.00360	0.00277	0.00133	0.00104	0.00033	0.00087	0.00108	0.01197	0.00170
14	0.00137	0.00107	0.00123	0.00120	0.00150	0.00095	0.00090	0.00177	0.01329	0.00344	0.42021	0.01471	0.49583	0.00239	0.00122	0.00034	0.00052	0.02040	0.01671	0.00094
15	0.00127	0.00091	0.00121	0.00145	0.00151	0.00085	0.00097	0.00145	0.00199	0.00266	0.00574	0.96272	0.00689	0.00326	0.00133	0.00042	0.00060	0.00296	0.00097	0.00085
16	0.03624	0.01483	0.00247	0.00187	0.00267	0.00171	0.00155	0.06312	0.01757	0.84066	0.00389	0.00340	0.00247	0.00127	0.00103	0.00032	0.00090	0.00102	0.00124	0.00174
17	0.08320	0.00234	0.02059	0.00195	0.01562	0.03422	0.01044	0.26281	0.00299	0.09866	0.00221	0.00235	0.00166	0.00099	0.00088	0.00024	0.00096	0.00076	0.00079	0.45633
18	0.00467	0.00177	0.00242	0.00185	0.00266	0.00153	0.00153	0.00508	0.00298	0.95762	0.00411	0.00355	0.00258	0.00129	0.00105	0.00032	0.00089	0.00105	0.00129	0.00177
19	0.97075	0.00201	0.00153	0.00137	0.00201	0.00234	0.00113	0.00306	0.00177	0.00467	0.00145	0.00169	0.00113	0.00097	0.00064	0.00032	0.00081	0.00056	0.00064	0.00113
20	0.00224	0.00212	0.00328	0.00242	0.02440	0.00175	0.26123	0.00282	0.00226	0.00339	0.01519	0.00242	0.00167	0.00082	0.00091	0.00021	0.00105	0.00081	0.00060	0.67040
21	0.00261	0.00266	0.00919	0.00797	0.00837	0.06024	0.62533	0.04164	0.02481	0.05829	0.00263	0.07198	0.01677	0.00118	0.00125	0.00035	0.03164	0.00558	0.00064	0.02687
22	0.00197	0.00185	0.00312	0.96089	0.00717	0.00231	0.00289	0.00266	0.00208	0.00266	0.00185	0.00278	0.00139	0.00104	0.00104	0.00035	0.00139	0.00093	0.00046	0.00116
23	0.02941	0.00275	0.00298	0.00231	0.00312	0.00302	0.00190	0.79692	0.04508	0.09783	0.00270	0.00264	0.00189	0.00125	0.00103	0.00032	0.00110	0.00095	0.00106	0.00175
24	0.00207	0.00190	0.00321	0.85427	0.06346	0.00230	0.02046	0.00275	0.00214	0.02482	0.01182	0.00284	0.00152	0.00105	0.00105	0.00034	0.00137	0.00094	0.00049	0.00120
25	0.00810	0.00137	0.00183	0.00179	0.00215	0.00564	0.03719	0.01157	0.08317	0.09328	0.14387	0.09992	0.11597	0.00659	0.00130	0.00041	0.00082	0.38291	0.00101	0.00110
26	0.00127	0.00091	0.00121	0.00145	0.00151	0.00085	0.00097	0.00145	0.00199	0.00266	0.00574	0.96272	0.00689	0.00326	0.00133	0.00042	0.00060	0.00296	0.00097	0.00085
27	0.12113	0.00194	0.00240	0.00193	0.01860	0.00834	0.00155	0.08580	0.01654	0.72534	0.00360	0.00321	0.00232	0.00124	0.00100	0.00032	0.00091	0.00098	0.00117	0.00169
28	0.00260	0.00227	0.00275	0.17021	0.09649	0.03048	0.01432	0.07505	0.52655	0.01993	0.00354	0.00369	0.02599	0.00133	0.00106	0.00034	0.00103	0.01995	0.00088	0.00153
29	0.00127	0.00091	0.00120	0.00144	0.00150	0.00085	0.00096	0.00145	0.00199	0.00265	0.00578	0.93190	0.02214	0.01878	0.00139	0.00043	0.00061	0.00293	0.00096	0.00084
30	0.00152	0.00111	0.00148	0.00148	0.00161	0.00811	0.00107	0.00177	0.00168	0.00236	0.02228	0.01036	0.01509	0.32643	0.56246	0.00134	0.00767	0.01289	0.01842	0.00083
31	0.00250	0.00242	0.00403	0.15459	0.79342	0.01846	0.00313	0.00313	0.00234	0.00327	0.00194	0.00260	0.00160	0.00095	0.00103	0.00031	0.00127	0.00092	0.00051	0.00157
32	0.00281	0.94492	0.00541	0.00179	0.00268	0.00410	0.00179	0.02200	0.00217	0.00253	0.00147	0.00169	0.00135	0.00090	0.00068	0.00022	0.00111	0.00056	0.00046	0.00135
33	0.01667	0.11987	0.82988	0.00280	0.00425	0.00262	0.00356	0.00327	0.00218	0.00322	0.00181	0.00213	0.00132	0.00098	0.00095	0.00032	0.00148	0.00074	0.00044	0.00151
34	0.00200	0.00191	0.00312	0.94431	0.00711	0.01887	0.00288	0.00269	0.00210	0.00266	0.00185	0.00276	0.00139	0.00104	0.00104	0.00035	0.00140	0.00092	0.00046	0.00116
35	0.00293	0.00168	0.00189	0.00160	0.00212	0.00173	0.00127	0.16409	0.15298	0.20715	0.06935	0.00390	0.01147	0.00134	0.00094	0.00030	0.00074	0.00109	0.37205	0.00138
36	0.00864	0.00925	0.00390	0.09608	0.02873	0.00244	0.32457	0.20349	0.05904	0.13399	0.03318	0.01148	0.00218	0.00115	0.00114	0.00033	0.01687	0.00952	0.00514	0.04887

[dist]
# distance from previous block
# <min> <max>
5	11

[block]
# block no. 10 follows, 315 sequences, length 33
# corresponding to MSA columns:
# 1907-1926,1932-1940,1964-1966,1968
name=unknown_K
#
# <colnr> <probs for GDERKNQSTAVLIFYWHMCP>
#	G	D	E	R	K	N	Q	S	T	A	V	L	I	F	Y	W	H	M	C	P
0	0.33981	0.00746	0.01741	0.00209	0.04386	0.11909	0.00860	0.16892	0.06632	0.07028	0.00223	0.00237	0.01196	0.00109	0.00090	0.00030	0.01656	0.00078	0.01793	0.10205
1	0.00128	0.00106	0.00111	0.00112	0.00144	0.00091	0.00084	0.00155	0.00235	0.00285	0.05176	0.02325	0.80007	0.05158	0.00145	0.00039	0.00058	0.05457	0.00096	0.00088
2	0.00128	0.00092	0.00122	0.00147	0.00153	0.00086	0.00099	0.00147	0.00201	0.00267	0.00573	0.93169	0.00686	0.00325	0.00133	0.00042	0.00062	0.03386	0.00097	0.00085
3	0.00232	0.00470	0.71024	0.01006	0.02523	0.01238	0.07974	0.07754	0.05523	0.00360	0.00206	0.00237	0.00149	0.00103	0.00103	0.00033	0.00770	0.00085	0.00053	0.00155
4	0.00259	0.00249	0.00418	0.02419	0.92058	0.01213	0.00317	0.01208	0.00240	0.00341	0.00196	0.00257	0.00164	0.00093	0.00103	0.00031	0.00125	0.00093	0.00052	0.00164
5	0.00162	0.00118	0.00159	0.00174	0.00200	0.00116	0.00148	0.00213	0.01973	0.00330	0.17263	0.01076	0.08925	0.00270	0.00138	0.00044	0.00084	0.68414	0.00099	0.00097
6	0.00152	0.00112	0.00153	0.00151	0.00163	0.00126	0.00109	0.00176	0.00161	0.00228	0.00292	0.00502	0.00299	0.35439	0.58107	0.00139	0.03424	0.00125	0.00058	0.00083
7	0.00135	0.00098	0.00128	0.01584	0.00164	0.00998	0.00104	0.00155	0.00201	0.00265	0.00550	0.82387	0.00653	0.05421	0.00154	0.00046	0.00067	0.06713	0.00094	0.00085
8	0.02598	0.66944	0.24274	0.00212	0.00316	0.02391	0.01425	0.00319	0.00215	0.00273	0.00156	0.00182	0.00133	0.00092	0.00076	0.00025	0.00124	0.00062	0.00045	0.00138
9	0.00207	0.00202	0.00334	0.79687	0.03355	0.02335	0.05989	0.00274	0.00210	0.00271	0.00183	0.00272	0.00140	0.00108	0.00120	0.00035	0.06018	0.00094	0.00047	0.00119
10	0.00130	0.00103	0.00116	0.00121	0.00148	0.00091	0.00088	0.00160	0.01034	0.00301	0.16008	0.22607	0.56928	0.00269	0.00125	0.00037	0.00055	0.01491	0.00100	0.00090
11	0.00126	0.00098	0.00115	0.00126	0.00146	0.00087	0.00089	0.00150	0.00222	0.00281	0.05546	0.47051	0.45009	0.00291	0.00128	0.00038	0.00056	0.00255	0.00098	0.00087
12	0.02039	0.01175	0.02109	0.58576	0.08304	0.00879	0.01447	0.16079	0.02057	0.04009	0.00215	0.00281	0.00554	0.00111	0.00106	0.00034	0.01024	0.00807	0.00062	0.00134
13	0.11534	0.00212	0.00276	0.15302	0.14409	0.00615	0.02321	0.10959	0.01439	0.04152	0.00204	0.00891	0.00161	0.00097	0.00092	0.00026	0.00968	0.00080	0.00066	0.36197
14	0.03645	0.09444	0.09502	0.00250	0.05672	0.15614	0.02570	0.18235	0.03207	0.15742	0.01245	0.00259	0.00913	0.00664	0.00109	0.00030	0.04373	0.00086	0.00077	0.08365
15	0.00222	0.10240	0.72744	0.00303	0.00443	0.01100	0.12874	0.00329	0.00223	0.00321	0.00186	0.00222	0.00136	0.00097	0.00099	0.00032	0.00153	0.00081	0.00045	0.00150
16	0.00149	0.00105	0.00133	0.00136	0.00158	0.00096	0.00099	0.00187	0.01495	0.03442	0.42099	0.33222	0.15302	0.00257	0.00126	0.00037	0.00056	0.02697	0.00106	0.00095
17	0.01436	0.16712	0.15791	0.01390	0.14668	0.00654	0.22239	0.03968	0.03061	0.12025	0.04925	0.00923	0.00707	0.00108	0.00104	0.00031	0.00943	0.00099	0.00066	0.00148
18	0.02582	0.06648	0.37452	0.04742	0.06952	0.00810	0.05914	0.03201	0.03469	0.21789	0.00260	0.04167	0.00194	0.00117	0.00104	0.00033	0.01245	0.00097	0.00071	0.00153
19	0.00151	0.00101	0.00114	0.00114	0.00115	0.00101	0.00064	0.00151	0.00154	0.00204	0.00343	0.02381	0.01718	0.93292	0.00517	0.00099	0.00100	0.00155	0.00064	0.00064
20	0.01287	0.01980	0.18874	0.01771	0.00328	0.01397	0.03485	0.15543	0.01339	0.52431	0.00321	0.00301	0.00211	0.00120	0.00103	0.00032	0.00111	0.00096	0.00101	0.00168
21	0.05089	0.03304	0.20762	0.02974	0.11519	0.03137	0.08195	0.10662	0.05445	0.26660	0.00711	0.00281	0.00561	0.00112	0.00101	0.00032	0.00121	0.00094	0.00081	0.00158
22	0.09272	0.01048	0.06351	0.01113	0.13287	0.03262	0.01764	0.03836	0.13099	0.00346	0.00387	0.21467	0.01430	0.01095	0.00560	0.00039	0.01744	0.19209	0.00567	0.00122
23	0.00128	0.00092	0.00121	0.00144	0.00152	0.00085	0.00097	0.00147	0.00203	0.00269	0.02232	0.90769	0.03377	0.00322	0.00133	0.00042	0.00060	0.01445	0.00097	0.00085
24	0.02134	0.00221	0.01027	0.03601	0.24404	0.00213	0.24030	0.06301	0.00263	0.18396	0.01018	0.03880	0.00696	0.00133	0.00114	0.00034	0.00451	0.10738	0.00077	0.02267
25	0.01997	0.03394	0.04484	0.00813	0.01442	0.00168	0.02674	0.02785	0.02885	0.04910	0.00205	0.00618	0.00164	0.00086	0.00082	0.00019	0.00087	0.00070	0.00066	0.73052
26	0.00228	0.00228	0.00319	0.00273	0.00273	0.00319	0.00228	0.00251	0.00160	0.00251	0.00137	0.00228	0.00137	0.00182	0.00342	0.00046	0.96149	0.00091	0.00046	0.00114
27	0.00244	0.00277	0.00590	0.00425	0.00522	0.00268	0.87355	0.00327	0.00239	0.00327	0.00205	0.00277	0.00156	0.00096	0.00141	0.00036	0.08207	0.00120	0.00052	0.00138
28	0.00198	0.00175	0.00283	0.05055	0.39281	0.00176	0.04327	0.01493	0.01123	0.00313	0.03186	0.36903	0.00964	0.00197	0.00120	0.00037	0.01289	0.03936	0.00819	0.00125
29	0.03262	0.00179	0.00238	0.00184	0.00263	0.00160	0.00152	0.00500	0.04632	0.87395	0.01656	0.00356	0.00266	0.00130	0.00104	0.00032	0.00088	0.00105	0.00126	0.00174
30	0.00230	0.00203	0.00727	0.09205	0.18252	0.00213	0.08986	0.06585	0.26958	0.01513	0.05227	0.10573	0.08730	0.00157	0.00112	0.00035	0.00100	0.01011	0.00657	0.00525
31	0.00207	0.00175	0.00199	0.02908	0.03601	0.01091	0.00147	0.00376	0.50570	0.00363	0.02651	0.28018	0.07131	0.00204	0.00116	0.00037	0.00078	0.01897	0.00099	0.00132
32	0.03500	0.03135	0.03264	0.00199	0.00691	0.00209	0.00598	0.22634	0.05054	0.44634	0.02924	0.00319	0.00804	0.00123	0.00100	0.00030	0.00095	0.00559	0.00106	0.11022

[dist]
# distance from previous block
# <min> <max>
1	56

[block]
# block no. 11 follows, 315 sequences, length 34
# corresponding to MSA columns:
# 2025-2057,2059
name=unknown_L
#
# <colnr> <probs for GDERKNQSTAVLIFYWHMCP>
#	G	D	E	R	K	N	Q	S	T	A	V	L	I	F	Y	W	H	M	C	P
0	0.03603	0.00264	0.01279	0.01258	0.00296	0.04018	0.00973	0.59350	0.12803	0.04547	0.00613	0.01168	0.00217	0.07289	0.00699	0.01154	0.00111	0.00102	0.00096	0.00158
1	0.00279	0.00237	0.00247	0.00215	0.00278	0.01871	0.00169	0.14087	0.76920	0.00461	0.00386	0.00359	0.00289	0.00136	0.00104	0.00034	0.00089	0.00111	0.00103	0.03625
