[name]
unknown

[dist]
# distance from previous block
# <min> <max>
9	218

[block]
# block no. 0 follows, 251 sequences, length 10
# corresponding to MSA columns:
# 282-284,288,289,298-302
name=unknown_A
#
# <colnr> <probs for GDERKNQSTAVLIFYWHMCP>
#	G	D	E	R	K	N	Q	S	T	A	V	L	I	F	Y	W	H	M	C	P
0	0.02874	0.00252	0.03785	0.01103	0.03627	0.03341	0.02423	0.03771	0.08089	0.52820	0.04515	0.06135	0.02578	0.00176	0.00133	0.00040	0.00976	0.00147	0.01231	0.01984
1	0.01847	0.00228	0.00288	0.01848	0.03454	0.00194	0.02533	0.04802	0.01246	0.17418	0.02028	0.05884	0.02851	0.00150	0.01076	0.00031	0.00908	0.00118	0.00098	0.52998
2	0.00231	0.00161	0.00196	0.00198	0.00233	0.00160	0.00143	0.03725	0.15803	0.07272	0.03882	0.58382	0.05412	0.00320	0.00152	0.00048	0.00084	0.00285	0.00124	0.03190
3	0.05469	0.06524	0.03255	0.00255	0.00333	0.03287	0.02577	0.25420	0.27373	0.01860	0.07184	0.07498	0.05437	0.00194	0.00131	0.00041	0.00118	0.02750	0.00116	0.00179
4	0.01697	0.22084	0.28930	0.02227	0.01292	0.01473	0.04444	0.04543	0.05752	0.11815	0.05190	0.04283	0.01145	0.00150	0.00120	0.00038	0.00795	0.00120	0.02873	0.01028
5	0.00281	0.04432	0.05830	0.25332	0.09838	0.01916	0.09643	0.04629	0.05545	0.04697	0.04840	0.08775	0.01475	0.01883	0.06554	0.00054	0.01220	0.00149	0.00083	0.02822
6	0.03021	0.00343	0.10233	0.19458	0.03644	0.01922	0.52024	0.00391	0.00288	0.02906	0.00269	0.03098	0.00212	0.01433	0.00147	0.00044	0.00192	0.00140	0.00067	0.00167
7	0.01079	0.02159	0.03454	0.10366	0.12270	0.04011	0.08351	0.05035	0.07297	0.19677	0.05589	0.08046	0.04783	0.00195	0.01850	0.00044	0.01086	0.01703	0.02834	0.00172
8	0.01082	0.22093	0.08827	0.06663	0.19403	0.05587	0.12360	0.02442	0.01376	0.11354	0.01342	0.02904	0.01059	0.00143	0.00984	0.00039	0.01968	0.00117	0.00077	0.00178
9	0.06570	0.00288	0.00310	0.01865	0.00343	0.02987	0.00205	0.47539	0.05033	0.14395	0.03128	0.07750	0.03565	0.02467	0.00143	0.00043	0.00124	0.02014	0.01042	0.00188

[dist]
# distance from previous block
# <min> <max>
6	23

[block]
# block no. 1 follows, 251 sequences, length 7
# corresponding to MSA columns:
# 326,327,329-333
name=unknown_B
#
# <colnr> <probs for GDERKNQSTAVLIFYWHMCP>
#	G	D	E	R	K	N	Q	S	T	A	V	L	I	F	Y	W	H	M	C	P
0	0.03427	0.00228	0.03710	0.03227	0.02281	0.02369	0.02384	0.03449	0.05739	0.33777	0.11089	0.09062	0.06895	0.02333	0.04527	0.00051	0.02586	0.01202	0.00122	0.01541
1	0.02274	0.05337	0.02412	0.02073	0.02174	0.01402	0.00174	0.07314	0.03691	0.22405	0.21864	0.03346	0.05615	0.01760	0.03496	0.00046	0.00108	0.02238	0.09026	0.03244
2	0.07776	0.04100	0.15211	0.08953	0.05599	0.07544	0.03896	0.14382	0.05557	0.09441	0.03010	0.03322	0.01967	0.02223	0.00139	0.00042	0.01048	0.02465	0.00092	0.03234
3	0.02310	0.08101	0.15042	0.09739	0.04069	0.10981	0.04781	0.09872	0.07872	0.11909	0.01985	0.00355	0.01668	0.01068	0.01335	0.00998	0.02724	0.00114	0.01934	0.03144
4	0.00251	0.00224	0.02417	0.28028	0.05720	0.00235	0.05226	0.03842	0.05208	0.02292	0.06622	0.13809	0.04691	0.02158	0.02165	0.00972	0.05919	0.02200	0.01533	0.06487
5	0.00279	0.03585	0.00294	0.04971	0.00333	0.02995	0.04202	0.05637	0.03627	0.04801	0.01786	0.13073	0.06179	0.00203	0.03332	0.00039	0.02099	0.01790	0.00092	0.40683
6	0.01780	0.03880	0.01777	0.03878	0.07004	0.03992	0.00173	0.03206	0.03667	0.03071	0.09909	0.22731	0.09644	0.10680	0.01578	0.00054	0.02543	0.02492	0.04411	0.03530

[dist]
# distance from previous block
# <min> <max>
19	96

[block]
# block no. 2 follows, 251 sequences, length 12
# corresponding to MSA columns:
# 489-492,496-498,500-504
name=unknown_C
#
# <colnr> <probs for GDERKNQSTAVLIFYWHMCP>
#	G	D	E	R	K	N	Q	S	T	A	V	L	I	F	Y	W	H	M	C	P
0	0.00208	0.00146	0.02100	0.00176	0.03072	0.00138	0.00110	0.00221	0.00209	0.04814	0.00441	0.07928	0.02526	0.70590	0.06698	0.00114	0.00136	0.00192	0.00084	0.00096
1	0.10583	0.03679	0.03408	0.03438	0.00277	0.01695	0.04091	0.03052	0.01007	0.03492	0.02586	0.16146	0.05628	0.18570	0.15640	0.00086	0.04998	0.01409	0.00088	0.00126
2	0.03217	0.12738	0.09157	0.03179	0.14181	0.04083	0.08998	0.18140	0.06315	0.07275	0.01266	0.02017	0.00261	0.00844	0.00132	0.00040	0.01337	0.03950	0.02687	0.00183
3	0.00237	0.03303	0.00224	0.04316	0.00235	0.01744	0.02679	0.01276	0.00196	0.00261	0.00252	0.05755	0.00252	0.00382	0.00414	0.71351	0.02935	0.00125	0.01032	0.03031
4	0.02247	0.04066	0.00226	0.00208	0.03114	0.00194	0.00146	0.04712	0.04324	0.00334	0.01876	0.06294	0.01378	0.38714	0.23366	0.00116	0.05743	0.01423	0.01404	0.00115
5	0.16080	0.06999	0.05689	0.04324	0.04136	0.05017	0.01381	0.16116	0.05756	0.22053	0.02716	0.01377	0.00256	0.00159	0.00925	0.00041	0.06577	0.00113	0.00104	0.00182
6	0.10704	0.21384	0.13789	0.08190	0.12861	0.02865	0.07767	0.04983	0.01610	0.03558	0.01066	0.06394	0.00987	0.00834	0.00127	0.00039	0.02481	0.00119	0.00074	0.00169
7	0.00189	0.00133	0.00167	0.00177	0.01493	0.00123	0.00124	0.00232	0.02518	0.04485	0.23801	0.39871	0.19866	0.04221	0.00176	0.00050	0.00075	0.02056	0.00124	0.00117
8	0.01688	0.10869	0.48492	0.01753	0.02828	0.04431	0.10406	0.06807	0.01589	0.01923	0.00268	0.04192	0.00216	0.00140	0.00127	0.00040	0.01325	0.01530	0.01197	0.00179
9	0.02110	0.12041	0.23624	0.04851	0.03776	0.03713	0.02692	0.11713	0.08399	0.14006	0.02804	0.02934	0.00951	0.00694	0.00132	0.00638	0.01632	0.00119	0.01536	0.01636
10	0.06551	0.09886	0.21861	0.03579	0.04923	0.05525	0.10943	0.10953	0.01487	0.12141	0.01103	0.01165	0.00812	0.00912	0.00145	0.00041	0.05893	0.01817	0.00084	0.00179
11	0.00217	0.04073	0.03118	0.03243	0.04359	0.01798	0.00181	0.00264	0.00903	0.03022	0.03938	0.28919	0.08045	0.05769	0.00957	0.00055	0.01197	0.26705	0.03112	0.00124

[dist]
# distance from previous block
# <min> <max>
7	31

[block]
# block no. 3 follows, 251 sequences, length 27
# corresponding to MSA columns:
# 580-583,586-601,607,608,610-613,618
name=unknown_D
#
# <colnr> <probs for GDERKNQSTAVLIFYWHMCP>
#	G	D	E	R	K	N	Q	S	T	A	V	L	I	F	Y	W	H	M	C	P
0	0.00910	0.02825	0.11218	0.06642	0.07014	0.10613	0.11966	0.07293	0.03489	0.11445	0.01444	0.08998	0.02608	0.00903	0.00638	0.01349	0.07899	0.00143	0.01712	0.00888
1	0.00215	0.00176	0.00244	0.00231	0.00255	0.00774	0.01227	0.00278	0.06727	0.00326	0.01062	0.03249	0.00348	0.06651	0.55244	0.00146	0.15932	0.04331	0.01733	0.00854
2	0.00234	0.00175	0.00882	0.14665	0.00804	0.00179	0.04812	0.02981	0.02377	0.07263	0.11098	0.32049	0.08081	0.01231	0.03554	0.00053	0.02652	0.03158	0.03619	0.00133
3	0.03328	0.32886	0.22315	0.02421	0.03686	0.06920	0.01973	0.06479	0.02075	0.12478	0.00270	0.02836	0.00213	0.00135	0.00112	0.00036	0.00756	0.00101	0.00801	0.00179
4	0.00755	0.04657	0.11957	0.02844	0.02760	0.04420	0.26305	0.07636	0.16157	0.02345	0.04309	0.03017	0.00861	0.00590	0.06514	0.00053	0.03426	0.00833	0.00386	0.00173
5	0.00162	0.00117	0.00154	0.00176	0.00189	0.00109	0.00121	0.00192	0.00266	0.00357	0.14527	0.72745	0.04957	0.01839	0.01053	0.00053	0.00077	0.02678	0.00122	0.00107
6	0.02483	0.05119	0.11679	0.03831	0.10158	0.05234	0.06867	0.16256	0.11302	0.03653	0.04182	0.02463	0.02674	0.00200	0.04488	0.00048	0.03908	0.02509	0.02772	0.00176
7	0.16013	0.03355	0.15315	0.02246	0.04838	0.03063	0.05591	0.07727	0.05260	0.07105	0.01522	0.13276	0.01352	0.01565	0.00145	0.00043	0.04520	0.02526	0.04375	0.00161
8	0.00280	0.00230	0.00320	0.10594	0.00373	0.01452	0.04985	0.09166	0.05150	0.03253	0.00321	0.01521	0.00286	0.06209	0.34308	0.01711	0.18587	0.00138	0.00969	0.00147
9	0.01716	0.01349	0.04444	0.26678	0.06524	0.00859	0.22678	0.04590	0.01307	0.02684	0.03690	0.11814	0.06935	0.00195	0.01261	0.00047	0.01202	0.00859	0.01011	0.00159
10	0.05226	0.14033	0.26994	0.01728	0.06085	0.02601	0.11886	0.14740	0.02633	0.06499	0.01330	0.01648	0.00226	0.00809	0.01104	0.00041	0.00161	0.01183	0.00890	0.00183
11	0.01622	0.01925	0.09960	0.01838	0.02133	0.01736	0.22987	0.05716	0.14967	0.08249	0.01176	0.03011	0.02096	0.01025	0.04694	0.00053	0.15434	0.01117	0.00088	0.00172
12	0.00247	0.00142	0.00153	0.00151	0.00184	0.00868	0.00113	0.03987	0.04685	0.02502	0.01405	0.15312	0.01289	0.00217	0.02509	0.00040	0.00078	0.01288	0.64704	0.00128
13	0.02638	0.58577	0.06110	0.01904	0.03142	0.02084	0.03739	0.06630	0.01394	0.03117	0.00243	0.02812	0.01219	0.01626	0.00118	0.00034	0.03206	0.00096	0.01142	0.00168
14	0.07737	0.08370	0.07243	0.03827	0.07540	0.05209	0.06327	0.20805	0.07034	0.14004	0.01858	0.02744	0.01298	0.00173	0.02255	0.00043	0.01359	0.01889	0.00100	0.00184
15	0.00164	0.00125	0.00150	0.00161	0.00186	0.00113	0.00114	0.00201	0.01243	0.00370	0.17776	0.39112	0.32640	0.03961	0.00177	0.00050	0.00072	0.03153	0.00122	0.00109
16	0.02072	0.00151	0.01295	0.00196	0.00220	0.01158	0.02418	0.03945	0.02821	0.01364	0.04507	0.68908	0.05492	0.02161	0.00167	0.00051	0.00086	0.02212	0.00659	0.00118
17	0.07250	0.10338	0.16377	0.02428	0.07307	0.12384	0.08298	0.11965	0.05217	0.05487	0.04422	0.01099	0.01340	0.00729	0.00705	0.00041	0.03330	0.01026	0.00084	0.00175
18	0.01974	0.20659	0.14695	0.08680	0.05369	0.06284	0.22263	0.05084	0.02710	0.01008	0.01091	0.04052	0.01510	0.00142	0.00131	0.00528	0.01691	0.01248	0.00715	0.00168
19	0.00219	0.00160	0.00189	0.00178	0.00220	0.00156	0.00135	0.02714	0.13896	0.04638	0.41796	0.09844	0.22904	0.00272	0.00148	0.00043	0.00074	0.01510	0.00768	0.00136
20	0.02660	0.28356	0.08363	0.01778	0.01185	0.18586	0.02841	0.16440	0.11085	0.02450	0.00274	0.01349	0.00565	0.00138	0.00116	0.00036	0.01522	0.00101	0.01979	0.00176
21	0.04808	0.10794	0.14938	0.03547	0.03423	0.07218	0.03791	0.21632	0.09965	0.11602	0.01671	0.02970	0.00907	0.00923	0.00130	0.00040	0.01238	0.00119	0.00098	0.00186
22	0.04618	0.00249	0.00281	0.00236	0.00316	0.01797	0.00188	0.08848	0.35651	0.33581	0.05244	0.01479	0.03972	0.00176	0.00129	0.00041	0.00105	0.00144	0.02750	0.00196
23	0.00192	0.02681	0.06144	0.02748	0.01127	0.00150	0.02441	0.02500	0.00269	0.01708	0.04528	0.68357	0.03905	0.00342	0.00156	0.00049	0.00093	0.02378	0.00112	0.00121
24	0.10803	0.23687	0.11447	0.04075	0.04496	0.04662	0.10054	0.09601	0.06767	0.05938	0.02442	0.00929	0.00905	0.00583	0.01610	0.00040	0.01210	0.00108	0.00469	0.00174
25	0.00744	0.07115	0.09453	0.02384	0.02077	0.02783	0.07568	0.02691	0.01715	0.02619	0.03011	0.25370	0.06822	0.02234	0.04290	0.00055	0.17093	0.00993	0.00841	0.00141
26	0.00170	0.00121	0.00155	0.00173	0.00183	0.00115	0.00115	0.01672	0.00255	0.00343	0.10856	0.65875	0.01870	0.16139	0.01275	0.00064	0.00085	0.00314	0.00115	0.00104

[dist]
# distance from previous block
# <min> <max>
0	33

[block]
# block no. 4 follows, 251 sequences, length 28
# corresponding to MSA columns:
# 652-656,659-670,674-676,679-686
name=unknown_E
#
# <colnr> <probs for GDERKNQSTAVLIFYWHMCP>
#	G	D	E	R	K	N	Q	S	T	A	V	L	I	F	Y	W	H	M	C	P
0	0.03701	0.25095	0.11700	0.04229	0.02298	0.10305	0.03241	0.17828	0.08128	0.07672	0.02235	0.00316	0.00234	0.00139	0.00118	0.00037	0.01130	0.00770	0.00644	0.00181
1	0.09483	0.13129	0.14483	0.01304	0.03859	0.04126	0.02052	0.30349	0.05003	0.06019	0.02267	0.04288	0.01128	0.00153	0.00122	0.00039	0.01121	0.00118	0.00773	0.00185
2	0.00167	0.00122	0.00165	0.00188	0.00203	0.00115	0.01276	0.00199	0.00265	0.00351	0.06924	0.69446	0.06352	0.00379	0.00165	0.00052	0.00081	0.13322	0.00120	0.00109
3	0.01517	0.01106	0.10903	0.03616	0.06089	0.01275	0.24342	0.18648	0.07073	0.03151	0.03458	0.09977	0.04431	0.00177	0.00146	0.00043	0.02342	0.01437	0.00094	0.00175
4	0.08324	0.09060	0.19220	0.02030	0.12655	0.05694	0.03582	0.09031	0.07487	0.09745	0.02723	0.06045	0.00891	0.00165	0.01288	0.00042	0.01140	0.00610	0.00089	0.00179
5	0.03358	0.04944	0.08649	0.05422	0.04378	0.08377	0.31856	0.17927	0.01306	0.01687	0.00281	0.03087	0.00228	0.02504	0.00152	0.00043	0.02486	0.01293	0.01847	0.00174
6	0.00215	0.00167	0.00239	0.01334	0.00245	0.00652	0.03435	0.00240	0.00205	0.01643	0.00329	0.03169	0.00332	0.23643	0.40127	0.08213	0.15481	0.00150	0.00070	0.00109
7	0.00863	0.01599	0.08268	0.10708	0.22171	0.05783	0.10666	0.02167	0.04607	0.02848	0.07971	0.14289	0.03084	0.00187	0.00149	0.00043	0.04181	0.00167	0.00085	0.00163
8	0.05617	0.00812	0.01074	0.02655	0.02215	0.07425	0.01518	0.13880	0.06000	0.17841	0.02778	0.04918	0.03673	0.22090	0.01801	0.01831	0.02817	0.00796	0.00105	0.00153
9	0.00191	0.00133	0.00174	0.00164	0.00195	0.00122	0.00123	0.00250	0.00360	0.02846	0.88025	0.03912	0.02485	0.00266	0.00152	0.00041	0.00062	0.00235	0.00141	0.00123
10	0.01043	0.04186	0.33150	0.03395	0.00448	0.01215	0.02222	0.30546	0.03752	0.13193	0.03847	0.00343	0.00253	0.00145	0.00125	0.00039	0.00151	0.00114	0.01636	0.00197
11	0.05159	0.04485	0.21772	0.00316	0.04742	0.08075	0.04346	0.08793	0.22781	0.11656	0.02515	0.01352	0.01264	0.00914	0.00131	0.00041	0.00960	0.00411	0.00099	0.00188
12	0.05973	0.00317	0.00515	0.14752	0.43448	0.04314	0.20329	0.08012	0.00314	0.00442	0.00244	0.00318	0.00193	0.00120	0.00130	0.00040	0.00169	0.00119	0.00069	0.00183
13	0.10176	0.00282	0.00291	0.00256	0.00333	0.00323	0.00201	0.10851	0.72618	0.02524	0.00465	0.00433	0.00347	0.00167	0.00125	0.00043	0.00106	0.00134	0.00126	0.00199
14	0.09079	0.00364	0.05303	0.13120	0.11645	0.18361	0.07528	0.10065	0.14182	0.03595	0.01665	0.00344	0.00993	0.00143	0.00132	0.00040	0.02583	0.00598	0.00086	0.00174
15	0.03362	0.00277	0.01626	0.04167	0.00373	0.02589	0.03158	0.20743	0.20815	0.34447	0.04067	0.00944	0.01289	0.00174	0.01337	0.00043	0.00125	0.00134	0.00131	0.00200
16	0.00165	0.00116	0.00149	0.00169	0.00177	0.00110	0.00110	0.00185	0.00241	0.00322	0.05888	0.68792	0.01802	0.20822	0.00269	0.00067	0.00085	0.00319	0.00112	0.00100
17	0.00296	0.02745	0.02878	0.10906	0.05037	0.04220	0.25289	0.01694	0.00253	0.00354	0.00210	0.00306	0.00180	0.00175	0.01183	0.00050	0.43886	0.00121	0.00061	0.00156
18	0.06611	0.18410	0.29442	0.01469	0.07014	0.06218	0.02042	0.03484	0.05630	0.07184	0.04076	0.02767	0.03306	0.00147	0.00122	0.00038	0.01670	0.00115	0.00079	0.00175
19	0.01822	0.02775	0.01756	0.03550	0.00424	0.00262	0.19610	0.08135	0.06269	0.44142	0.02040	0.01655	0.00315	0.01142	0.00150	0.00044	0.02563	0.03024	0.00123	0.00197
20	0.04426	0.00156	0.00158	0.00146	0.00188	0.00162	0.00113	0.09053	0.03459	0.02890	0.00405	0.00451	0.00313	0.00150	0.00096	0.00032	0.00072	0.00119	0.77476	0.00135
21	0.00273	0.07562	0.69557	0.03292	0.02470	0.00320	0.11041	0.01133	0.00276	0.00399	0.00230	0.00279	0.00169	0.00123	0.00130	0.00040	0.02364	0.00101	0.00057	0.00184
22	0.10180	0.06099	0.03779	0.19063	0.09139	0.05975	0.20261	0.04838	0.06845	0.02946	0.01361	0.00323	0.00209	0.00136	0.00150	0.00042	0.08296	0.00116	0.00074	0.00168
23	0.00170	0.00121	0.00158	0.00181	0.00195	0.00114	0.00126	0.01726	0.00260	0.01143	0.02591	0.77083	0.05576	0.03367	0.00179	0.00054	0.00080	0.06648	0.00119	0.00108
24	0.00187	0.00131	0.00167	0.00182	0.00202	0.00125	0.00129	0.02132	0.02864	0.02886	0.13627	0.59245	0.08033	0.03337	0.00175	0.00052	0.00079	0.06210	0.00123	0.00115
25	0.01727	0.06330	0.11415	0.05223	0.11980	0.01941	0.13498	0.09608	0.04866	0.19927	0.02322	0.02536	0.04256	0.00158	0.00134	0.00041	0.00961	0.02796	0.00098	0.00184
26	0.00937	0.15691	0.70214	0.00346	0.01712	0.00328	0.03870	0.00403	0.01211	0.01361	0.00257	0.00293	0.02576	0.00126	0.00118	0.00039	0.00177	0.00098	0.00059	0.00184
27	0.00294	0.00345	0.07078	0.14065	0.12457	0.00316	0.59931	0.00401	0.01797	0.00402	0.00255	0.00339	0.00194	0.00116	0.00147	0.00043	0.01445	0.00137	0.00064	0.00174

[dist]
# distance from previous block
# <min> <max>
0	27

[block]
# block no. 5 follows, 251 sequences, length 25
# corresponding to MSA columns:
# 714-737,750
name=unknown_F
#
# <colnr> <probs for GDERKNQSTAVLIFYWHMCP>
#	G	D	E	R	K	N	Q	S	T	A	V	L	I	F	Y	W	H	M	C	P
0	0.02258	0.06947	0.08577	0.06944	0.12075	0.09363	0.11132	0.11917	0.20714	0.02524	0.00332	0.02538	0.00267	0.00151	0.00130	0.00041	0.00694	0.03124	0.00090	0.00183
1	0.01386	0.01982	0.11891	0.29114	0.20091	0.01241	0.12026	0.06325	0.02118	0.05090	0.00258	0.00335	0.00198	0.00134	0.00149	0.00042	0.06541	0.00831	0.00071	0.00175
2	0.00174	0.00131	0.00162	0.00184	0.00198	0.01169	0.00126	0.02172	0.02660	0.00349	0.02916	0.79242	0.06539	0.01252	0.00168	0.00052	0.00938	0.01338	0.00119	0.00111
3	0.02016	0.01183	0.07140	0.02213	0.04882	0.03784	0.03279	0.18624	0.11099	0.04418	0.20033	0.04915	0.08366	0.01354	0.00147	0.00043	0.00796	0.05430	0.00114	0.00164
4	0.05621	0.13105	0.17907	0.04857	0.09943	0.13005	0.12182	0.04593	0.06274	0.04889	0.00267	0.02093	0.00212	0.00151	0.02067	0.00042	0.02434	0.00111	0.00075	0.00175
5	0.01169	0.00170	0.00212	0.02221	0.06094	0.02779	0.01239	0.01027	0.06960	0.03911	0.07656	0.37238	0.10976	0.09781	0.01786	0.00057	0.00884	0.03610	0.02104	0.00127
6	0.01775	0.00251	0.00995	0.00260	0.04532	0.04178	0.00201	0.09574	0.06001	0.58341	0.06901	0.00466	0.02240	0.01493	0.01111	0.00043	0.01164	0.00136	0.00140	0.00201
7	0.01663	0.30039	0.35778	0.01179	0.01771	0.05966	0.05362	0.06058	0.03709	0.06976	0.00249	0.00275	0.00188	0.00125	0.00112	0.00036	0.00164	0.00095	0.00071	0.00182
8	0.02939	0.13775	0.16416	0.03180	0.01599	0.09096	0.06264	0.14966	0.04558	0.16301	0.01029	0.02842	0.04183	0.00153	0.00127	0.00039	0.01683	0.00121	0.00547	0.00182
9	0.00159	0.00125	0.00143	0.00153	0.00183	0.00110	0.00111	0.00192	0.00284	0.00358	0.10018	0.30712	0.51833	0.01383	0.00162	0.00047	0.00070	0.03726	0.00121	0.00109
10	0.10715	0.04681	0.14223	0.10760	0.05821	0.06536	0.12000	0.16992	0.05301	0.08107	0.01157	0.00317	0.00213	0.00136	0.00130	0.00040	0.02491	0.00112	0.00087	0.00181
11	0.02697	0.05939	0.20604	0.04870	0.04467	0.09653	0.17575	0.14140	0.03528	0.06519	0.01488	0.01880	0.00227	0.01247	0.00145	0.00041	0.03868	0.00119	0.00815	0.00179
12	0.01005	0.00919	0.02738	0.22912	0.36383	0.20234	0.00321	0.02355	0.00305	0.00382	0.03230	0.00360	0.03541	0.00156	0.02575	0.00042	0.00172	0.00116	0.00069	0.02186
13	0.00176	0.00124	0.00162	0.00185	0.00199	0.00119	0.00127	0.02125	0.02692	0.01671	0.02453	0.84473	0.01706	0.00384	0.00162	0.00051	0.00078	0.02878	0.00121	0.00112
14	0.01600	0.03614	0.11067	0.08365	0.16900	0.09035	0.13634	0.19928	0.02749	0.06011	0.01160	0.00351	0.00228	0.00772	0.00139	0.00784	0.01136	0.02257	0.00085	0.00184
15	0.00197	0.00154	0.00222	0.00220	0.01774	0.00182	0.00165	0.00235	0.00207	0.00299	0.01948	0.00534	0.00340	0.13962	0.68960	0.00174	0.10100	0.00143	0.00070	0.00114
16	0.00186	0.00128	0.00159	0.00159	0.00165	0.00135	0.00101	0.00199	0.00193	0.00263	0.00389	0.00751	0.00428	0.69700	0.26376	0.00147	0.00185	0.00174	0.00076	0.00088
17	0.01554	0.18156	0.01351	0.02605	0.03613	0.29533	0.04748	0.04592	0.16155	0.03474	0.03895	0.06932	0.02530	0.00163	0.00121	0.00037	0.00156	0.00129	0.00088	0.00165
18	0.00263	0.02507	0.46537	0.00314	0.00434	0.03835	0.07444	0.02008	0.03673	0.02347	0.02061	0.02264	0.01895	0.05008	0.16612	0.00074	0.01383	0.00125	0.01053	0.00164
19	0.00193	0.00134	0.00172	0.00186	0.00205	0.00130	0.00130	0.06038	0.00280	0.02642	0.09057	0.69311	0.02093	0.03680	0.03781	0.00058	0.00091	0.01583	0.00120	0.00116
20	0.00289	0.20176	0.63359	0.02664	0.00501	0.02781	0.01736	0.01531	0.00278	0.02023	0.00236	0.00273	0.01101	0.00122	0.00114	0.00037	0.00175	0.00093	0.00059	0.02450
21	0.00319	0.01192	0.00351	0.11844	0.10483	0.12796	0.03212	0.10487	0.07781	0.00766	0.03846	0.03535	0.00677	0.02624	0.01845	0.00041	0.05852	0.00121	0.00084	0.22145
22	0.00210	0.00141	0.00164	0.00159	0.00201	0.00125	0.00121	0.00254	0.01618	0.10248	0.15976	0.10526	0.50295	0.00870	0.02092	0.00048	0.00079	0.04359	0.02394	0.00124
23	0.03751	0.00342	0.05553	0.00959	0.01040	0.12776	0.08200	0.18583	0.26990	0.09154	0.03553	0.02774	0.01426	0.00175	0.00834	0.00042	0.00143	0.03408	0.00111	0.00185
24	0.00781	0.04751	0.02678	0.23537	0.13729	0.00312	0.14716	0.08677	0.15112	0.08117	0.00313	0.00367	0.00237	0.00139	0.00138	0.00041	0.02874	0.01194	0.00087	0.02199

[dist]
# distance from previous block
# <min> <max>
9	63

[block]
# block no. 6 follows, 251 sequences, length 19
# corresponding to MSA columns:
# 849-852,854-868
name=unknown_G
#
# <colnr> <probs for GDERKNQSTAVLIFYWHMCP>
#	G	D	E	R	K	N	Q	S	T	A	V	L	I	F	Y	W	H	M	C	P
0	0.03762	0.19478	0.36387	0.02175	0.10056	0.00325	0.04366	0.02788	0.04565	0.03769	0.03076	0.00881	0.00969	0.00629	0.00118	0.00037	0.00153	0.00104	0.00071	0.06289
1	0.14757	0.12082	0.19042	0.04533	0.05052	0.05237	0.08151	0.10575	0.08090	0.04426	0.03230	0.01133	0.00236	0.00138	0.00123	0.00039	0.02047	0.00109	0.00083	0.00918
2	0.00186	0.00126	0.00145	0.00147	0.00150	0.00126	0.00087	0.00191	0.00196	0.00261	0.00445	0.03312	0.03143	0.83575	0.04353	0.00122	0.00130	0.03142	0.00081	0.00082
3	0.01266	0.00178	0.00221	0.02070	0.03807	0.00177	0.01509	0.12290	0.03202	0.03208	0.15756	0.21267	0.21505	0.05355	0.03291	0.00054	0.00101	0.02997	0.00117	0.01631
4	0.01383	0.13682	0.18615	0.00973	0.02163	0.04112	0.02220	0.03554	0.02344	0.03695	0.00943	0.00755	0.00206	0.00150	0.03874	0.00036	0.00870	0.00092	0.00074	0.40257
5	0.00225	0.00167	0.00217	0.00226	0.00897	0.00162	0.02163	0.02214	0.05759	0.01938	0.07430	0.15365	0.16493	0.01088	0.00173	0.00055	0.00105	0.44076	0.01112	0.00133
6	0.00165	0.00119	0.00155	0.00179	0.00190	0.00113	0.00121	0.00200	0.03247	0.00347	0.07652	0.80781	0.02473	0.03380	0.00178	0.00053	0.00076	0.00342	0.00120	0.00108
7	0.03364	0.14502	0.14082	0.06115	0.08669	0.04871	0.02195	0.19544	0.05155	0.13997	0.01189	0.01849	0.00236	0.00786	0.00132	0.00039	0.02880	0.00112	0.00093	0.00187
8	0.00324	0.01396	0.00443	0.38019	0.27206	0.12235	0.06352	0.01876	0.02115	0.03357	0.00273	0.02361	0.00223	0.00142	0.00137	0.00042	0.01259	0.01081	0.00987	0.00172
9	0.01614	0.00121	0.00150	0.00169	0.00187	0.00111	0.00118	0.00192	0.00268	0.00356	0.09849	0.63313	0.20138	0.00369	0.00160	0.00049	0.00073	0.02535	0.00121	0.00108
10	0.00338	0.88795	0.07379	0.00231	0.00347	0.00494	0.00238	0.00387	0.00262	0.00310	0.00183	0.00211	0.00165	0.00111	0.00085	0.00028	0.00141	0.00071	0.00055	0.00167
11	0.00732	0.15746	0.37693	0.02864	0.06127	0.04958	0.03280	0.08300	0.03861	0.02330	0.04983	0.02728	0.03242	0.00149	0.00127	0.00039	0.01920	0.00668	0.00076	0.00177
12	0.02314	0.00173	0.00170	0.00154	0.00198	0.03176	0.00119	0.12676	0.00319	0.03411	0.00396	0.00443	0.00306	0.00150	0.00097	0.00032	0.00079	0.00118	0.75533	0.00137
13	0.00157	0.00126	0.00141	0.00151	0.00183	0.00110	0.00111	0.00190	0.00283	0.00349	0.03735	0.27450	0.60592	0.00347	0.00157	0.00047	0.00071	0.05570	0.00120	0.00108
14	0.01353	0.13834	0.26861	0.02150	0.01727	0.03617	0.03625	0.12767	0.07405	0.12609	0.01788	0.06582	0.02542	0.00162	0.00130	0.00040	0.01914	0.00621	0.00092	0.00182
15	0.00187	0.00137	0.00190	0.00188	0.00203	0.00155	0.00137	0.00218	0.00200	0.00283	0.00361	0.00611	0.00366	0.31974	0.61700	0.00176	0.02585	0.00154	0.00072	0.00103
16	0.00194	0.00147	0.00177	0.00189	0.00217	0.02135	0.00146	0.00247	0.03113	0.01121	0.20200	0.22182	0.15826	0.04531	0.00182	0.00053	0.00090	0.27801	0.01334	0.00117
17	0.02320	0.00383	0.19243	0.07321	0.11831	0.04752	0.14999	0.18715	0.04404	0.06233	0.02029	0.03271	0.00757	0.00148	0.00136	0.00041	0.01480	0.01663	0.00088	0.00185
18	0.05296	0.01272	0.06709	0.04250	0.06349	0.08708	0.03311	0.32796	0.03316	0.18628	0.02826	0.03628	0.00274	0.00157	0.00132	0.00040	0.01880	0.00125	0.00111	0.00192

[dist]
# distance from previous block
# <min> <max>
2	16

[block]
# block no. 7 follows, 251 sequences, length 43
# corresponding to MSA columns:
# 888-892,917-937,942-958
name=unknown_H
#
# <colnr> <probs for GDERKNQSTAVLIFYWHMCP>
#	G	D	E	R	K	N	Q	S	T	A	V	L	I	F	Y	W	H	M	C	P
0	0.03371	0.07189	0.02534	0.07153	0.05524	0.23821	0.22969	0.10913	0.02710	0.01255	0.00248	0.02060	0.00201	0.00144	0.00536	0.00041	0.08974	0.00116	0.00074	0.00167
1	0.00201	0.00156	0.00222	0.00206	0.00222	0.00176	0.04246	0.00228	0.00202	0.00285	0.00347	0.00612	0.00359	0.39358	0.40739	0.01480	0.09820	0.00156	0.00879	0.00104
2	0.00337	0.00274	0.00448	0.19284	0.53205	0.01179	0.02467	0.01350	0.00301	0.13832	0.01597	0.01558	0.00249	0.00137	0.00133	0.00040	0.00793	0.02550	0.00080	0.00188
3	0.00294	0.34409	0.56712	0.00320	0.00479	0.00374	0.04041	0.00402	0.00270	0.01302	0.00216	0.00253	0.00167	0.00118	0.00109	0.00036	0.00172	0.00088	0.00056	0.00181
4	0.00455	0.00290	0.00330	0.00262	0.00350	0.01573	0.00214	0.52466	0.02519	0.23178	0.00368	0.00381	0.00266	0.01627	0.13692	0.00064	0.00162	0.00124	0.01480	0.00199
5	0.06018	0.05085	0.19871	0.02693	0.03180	0.02597	0.06010	0.17714	0.02682	0.09854	0.00916	0.01404	0.00219	0.00506	0.00123	0.00036	0.01395	0.00106	0.00089	0.19504
6	0.00255	0.01290	0.01073	0.00218	0.02699	0.00193	0.01115	0.05887	0.19673	0.06563	0.35509	0.13351	0.09928	0.00249	0.00145	0.00043	0.00086	0.01443	0.00130	0.00151
7	0.00184	0.00137	0.00203	0.00203	0.00224	0.00159	0.00156	0.00227	0.00206	0.00296	0.00349	0.00527	0.00331	0.07014	0.88929	0.00202	0.00331	0.00141	0.00070	0.00113
8	0.03963	0.00164	0.00237	0.10748	0.04279	0.00534	0.05136	0.01212	0.01211	0.04644	0.02456	0.57806	0.02150	0.01065	0.00155	0.00049	0.00101	0.02318	0.01647	0.00126
9	0.01319	0.00241	0.01811	0.00239	0.00308	0.02752	0.02623	0.18882	0.10553	0.20449	0.14489	0.09572	0.07150	0.00223	0.00145	0.00043	0.01462	0.07438	0.00129	0.00171
10	0.00287	0.00277	0.00483	0.39042	0.50305	0.00299	0.06705	0.00369	0.00279	0.00383	0.00238	0.00331	0.00190	0.00120	0.00130	0.00040	0.00165	0.00117	0.00061	0.00177
11	0.00204	0.00142	0.00186	0.00179	0.00194	0.00152	0.01457	0.02455	0.00212	0.02125	0.00388	0.02098	0.00411	0.53117	0.33207	0.00145	0.01463	0.01687	0.00078	0.00100
12	0.00283	0.00278	0.01970	0.44066	0.29512	0.02148	0.09199	0.00370	0.02109	0.01870	0.02691	0.00357	0.00220	0.00132	0.00142	0.00042	0.03737	0.00640	0.00066	0.00167
13	0.00293	0.03343	0.02367	0.02358	0.00492	0.00839	0.47165	0.03098	0.02425	0.05042	0.02467	0.10551	0.00835	0.02669	0.03656	0.00053	0.11116	0.00990	0.00080	0.00159
14	0.00231	0.00129	0.00149	0.00153	0.00180	0.00127	0.00111	0.02478	0.00272	0.04851	0.00530	0.33021	0.01511	0.02717	0.00740	0.00042	0.00705	0.01112	0.50821	0.00121
15	0.00193	0.00162	0.00271	0.01428	0.00292	0.00156	0.16829	0.00235	0.00260	0.00348	0.00605	0.62465	0.00694	0.02803	0.00180	0.00053	0.01469	0.11332	0.00107	0.00119
16	0.02352	0.00329	0.00335	0.02122	0.00370	0.07884	0.00224	0.42208	0.30785	0.05161	0.00381	0.02159	0.00287	0.00182	0.01940	0.00972	0.01448	0.00128	0.00536	0.00198
17	0.00273	0.00264	0.01213	0.57917	0.25183	0.01385	0.04832	0.01460	0.03970	0.00374	0.01758	0.00350	0.00207	0.00128	0.00130	0.00042	0.00165	0.00119	0.00064	0.00164
18	0.11930	0.00228	0.00286	0.00224	0.00318	0.00212	0.00184	0.06542	0.00366	0.73789	0.04261	0.00424	0.00327	0.00159	0.00124	0.00040	0.00108	0.00126	0.00147	0.00206
19	0.00168	0.00122	0.00161	0.00672	0.00205	0.00115	0.00136	0.00201	0.00264	0.00349	0.04218	0.65478	0.07602	0.00380	0.00165	0.00052	0.00082	0.18572	0.00949	0.00109
20	0.19726	0.01423	0.01239	0.00281	0.01836	0.09961	0.04726	0.11128	0.25477	0.04971	0.00330	0.03832	0.00265	0.00180	0.01802	0.00046	0.12386	0.00122	0.00098	0.00172
21	0.01588	0.00149	0.00196	0.00208	0.00230	0.00152	0.01318	0.05317	0.01999	0.01332	0.02018	0.55760	0.01065	0.04487	0.00802	0.00056	0.03702	0.19386	0.00115	0.00119
22	0.00172	0.00135	0.00157	0.00161	0.00198	0.00121	0.00126	0.00219	0.01139	0.00398	0.24112	0.03447	0.50724	0.00317	0.00157	0.00046	0.00075	0.18059	0.00125	0.00114
23	0.00284	0.00273	0.00449	0.44600	0.43859	0.02137	0.01688	0.00368	0.01766	0.00375	0.00241	0.00334	0.00193	0.00137	0.01655	0.00043	0.01249	0.00115	0.00062	0.00172
24	0.03285	0.05294	0.02759	0.00255	0.00324	0.05409	0.02780	0.18036	0.23757	0.03348	0.09322	0.05773	0.04444	0.00522	0.00455	0.00044	0.03112	0.09989	0.00922	0.00169
25	0.01421	0.01122	0.00886	0.03472	0.02845	0.05662	0.02248	0.03232	0.01062	0.00926	0.00257	0.00385	0.00239	0.03572	0.33482	0.02273	0.36593	0.00123	0.00066	0.00135
26	0.00202	0.00147	0.00173	0.00163	0.00195	0.00142	0.00117	0.01171	0.08798	0.02301	0.45165	0.01518	0.16413	0.21972	0.00264	0.00060	0.00082	0.00218	0.00779	0.00120
27	0.02911	0.00192	0.00231	0.00222	0.03391	0.03211	0.03302	0.03444	0.14511	0.02039	0.39013	0.11403	0.08413	0.02738	0.00976	0.00046	0.00093	0.02275	0.01449	0.00140
28	0.05569	0.02548	0.00721	0.04205	0.04783	0.29825	0.07299	0.23769	0.06285	0.06164	0.00280	0.01569	0.00219	0.01504	0.00145	0.00571	0.04165	0.00111	0.00092	0.00176
29	0.01058	0.00243	0.02306	0.01188	0.02148	0.03281	0.00186	0.12762	0.24446	0.12007	0.14029	0.05771	0.15515	0.00218	0.00141	0.00042	0.01378	0.01529	0.01583	0.00169
30	0.00163	0.00117	0.00152	0.00176	0.00188	0.00110	0.00121	0.00188	0.00252	0.00333	0.02488	0.72537	0.08619	0.06841	0.00197	0.00057	0.00080	0.07159	0.00117	0.00104
31	0.00960	0.03146	0.12096	0.24337	0.21478	0.02421	0.24937	0.01673	0.00821	0.00392	0.01775	0.01256	0.01511	0.00132	0.00439	0.00042	0.02221	0.00126	0.00065	0.00171
32	0.04090	0.05288	0.12581	0.06506	0.05056	0.19493	0.05307	0.11626	0.06066	0.09746	0.02464	0.01982	0.02689	0.00161	0.01118	0.00041	0.05405	0.00118	0.00088	0.00174
33	0.01906	0.00192	0.00234	0.00209	0.00270	0.00186	0.00162	0.04854	0.15236	0.33016	0.02557	0.27185	0.10748	0.00252	0.00142	0.00044	0.00094	0.01342	0.01204	0.00167
34	0.03852	0.00662	0.00297	0.00257	0.01848	0.00284	0.01921	0.13322	0.48329	0.14907	0.04096	0.01983	0.04837	0.00179	0.00130	0.00042	0.00107	0.00148	0.02608	0.00194
35	0.01881	0.00361	0.06334	0.00921	0.07082	0.13543	0.21372	0.19201	0.03450	0.13718	0.01323	0.01448	0.01153	0.00796	0.01318	0.00704	0.01456	0.03661	0.00097	0.00183
36	0.00775	0.18176	0.16219	0.00410	0.03409	0.01831	0.41296	0.03169	0.02257	0.06653	0.00783	0.00323	0.01150	0.00124	0.00138	0.00040	0.02876	0.00122	0.00072	0.00178
37	0.00214	0.00139	0.00175	0.00170	0.00204	0.00128	0.00125	0.02385	0.00328	0.08842	0.44541	0.23890	0.16150	0.01053	0.00156	0.00044	0.00072	0.00258	0.00999	0.00126
38	0.00867	0.00244	0.01321	0.02284	0.03591	0.01165	0.17362	0.12405	0.15993	0.05475	0.02733	0.23026	0.05552	0.00245	0.02012	0.00048	0.00130	0.05275	0.00110	0.00162
39	0.02633	0.01197	0.09881	0.04965	0.30193	0.04864	0.02288	0.07438	0.05525	0.12421	0.01877	0.04078	0.00614	0.00142	0.00126	0.00038	0.00648	0.00122	0.00089	0.10861
40	0.02044	0.00260	0.00384	0.36138	0.14910	0.02340	0.04497	0.08513	0.03617	0.15449	0.00956	0.04850	0.00252	0.00147	0.00129	0.00040	0.00147	0.00129	0.00089	0.05110
41	0.01762	0.16493	0.03701	0.02956	0.12358	0.04518	0.03636	0.03347	0.03088	0.03169	0.06610	0.05988	0.20265	0.00200	0.00134	0.00039	0.01969	0.03342	0.01081	0.05342
42	0.06014	0.16525	0.04181	0.07125	0.06118	0.03022	0.04685	0.06813	0.04526	0.19400	0.03946	0.02488	0.00622	0.00140	0.00116	0.00035	0.00130	0.00114	0.00095	0.13904

[dist]
# distance from previous block
# <min> <max>
4	62

[block]
# block no. 8 follows, 251 sequences, length 13
# corresponding to MSA columns:
# 1029-1041
name=unknown_I
#
# <colnr> <probs for GDERKNQSTAVLIFYWHMCP>
#	G	D	E	R	K	N	Q	S	T	A	V	L	I	F	Y	W	H	M	C	P
0	0.01020	0.09675	0.00972	0.02763	0.01000	0.21108	0.03998	0.07511	0.14732	0.14149	0.12192	0.05039	0.00972	0.00184	0.01149	0.00040	0.00142	0.01596	0.00106	0.01653
1	0.01000	0.02068	0.18935	0.01471	0.00411	0.01353	0.15064	0.04762	0.01341	0.26582	0.09094	0.04814	0.01886	0.00185	0.00143	0.00043	0.01388	0.09177	0.00108	0.00176
2	0.00297	0.01622	0.00909	0.01808	0.01679	0.02054	0.00165	0.10447	0.11148	0.10761	0.03426	0.02320	0.02733	0.37182	0.01787	0.00077	0.07764	0.02974	0.00100	0.00746
3	0.02742	0.00272	0.00329	0.00267	0.00350	0.00291	0.04387	0.19999	0.29520	0.25198	0.01877	0.01551	0.02899	0.00171	0.00149	0.00042	0.06389	0.00137	0.00127	0.03301
4	0.00204	0.00154	0.02680	0.01942	0.00240	0.00140	0.02571	0.00254	0.04457	0.06426	0.08135	0.62440	0.04230	0.01863	0.01631	0.00053	0.00979	0.01361	0.00118	0.00123
5	0.00199	0.00138	0.00173	0.00178	0.00199	0.00138	0.00125	0.04395	0.00255	0.03247	0.01781	0.37929	0.10959	0.18461	0.17034	0.00091	0.01193	0.00251	0.03144	0.00112
6	0.00203	0.00165	0.00216	0.00212	0.00237	0.04385	0.00163	0.00255	0.03114	0.00304	0.00345	0.00510	0.00324	0.06871	0.80185	0.00186	0.01998	0.00138	0.00071	0.00117
7	0.24956	0.00213	0.00214	0.00189	0.00251	0.04279	0.00149	0.03590	0.07714	0.13493	0.30149	0.02342	0.11562	0.00206	0.00127	0.00041	0.00092	0.00166	0.00121	0.00149
8	0.00302	0.02530	0.00478	0.28286	0.59453	0.03660	0.00372	0.00378	0.00282	0.00385	0.00233	0.00319	0.00191	0.00122	0.00134	0.00040	0.02479	0.00112	0.00062	0.00182
9	0.00187	0.00125	0.00143	0.00143	0.00144	0.00126	0.00081	0.00189	0.00188	0.00252	0.00403	0.00829	0.00462	0.91637	0.04486	0.00128	0.00134	0.00185	0.00078	0.00080
10	0.00283	0.00272	0.01943	0.54124	0.16851	0.01432	0.10692	0.04783	0.03716	0.01691	0.00265	0.01782	0.00209	0.00134	0.00132	0.00042	0.00168	0.01248	0.00068	0.00164
11	0.00462	0.00248	0.00308	0.00247	0.00333	0.01307	0.02597	0.17203	0.14084	0.47915	0.09781	0.02037	0.00411	0.01122	0.00139	0.00042	0.00113	0.01309	0.00143	0.00201
12	0.08674	0.00812	0.01032	0.00872	0.00289	0.05055	0.01781	0.10068	0.02753	0.27682	0.08459	0.12470	0.05666	0.05336	0.01279	0.00047	0.01989	0.00168	0.02899	0.02668

[dist]
# distance from previous block
# <min> <max>
1	17

[block]
# block no. 9 follows, 251 sequences, length 9
# corresponding to MSA columns:
# 1066-1074
name=unknown_J
#
# <colnr> <probs for GDERKNQSTAVLIFYWHMCP>
#	G	D	E	R	K	N	Q	S	T	A	V	L	I	F	Y	W	H	M	C	P
0	0.03112	0.02472	0.04492	0.00230	0.01835	0.03347	0.01735	0.08863	0.03325	0.05929	0.03030	0.00340	0.01737	0.02605	0.01638	0.00033	0.00117	0.00099	0.00088	0.54972
1	0.01653	0.05043	0.20011	0.14905	0.37873	0.02022	0.04167	0.02404	0.03697	0.01602	0.01186	0.01595	0.00213	0.00128	0.00128	0.00039	0.01059	0.00114	0.00067	0.02094
2	0.00166	0.00123	0.00156	0.00170	0.00192	0.00113	0.00122	0.00203	0.00290	0.00386	0.25806	0.46768	0.17679	0.00349	0.00160	0.00048	0.00072	0.06960	0.00125	0.00111
3	0.02081	0.00287	0.00454	0.27722	0.48692	0.03223	0.03509	0.04187	0.00295	0.02551	0.00254	0.01674	0.00206	0.00129	0.00134	0.00040	0.02359	0.00118	0.01906	0.00179
4	0.07234	0.01735	0.04824	0.03785	0.08065	0.02412	0.08157	0.08944	0.07273	0.07913	0.07928	0.01150	0.04789	0.01380	0.00134	0.00037	0.01788	0.00833	0.00095	0.21524
5	0.00182	0.00136	0.00173	0.01878	0.00216	0.00130	0.00133	0.03124	0.03027	0.00389	0.17026	0.54941	0.10609	0.00342	0.00157	0.00048	0.00079	0.05014	0.00122	0.02271
6	0.10803	0.00156	0.00180	0.00190	0.02763	0.00152	0.00140	0.00269	0.03367	0.05584	0.08645	0.20517	0.29344	0.02751	0.00160	0.00048	0.00086	0.13347	0.01374	0.00125
7	0.08235	0.01268	0.25964	0.02608	0.03278	0.04476	0.09521	0.05245	0.05630	0.10360	0.02838	0.05300	0.03418	0.02788	0.02818	0.00049	0.01034	0.04912	0.00090	0.00169
8	0.02917	0.02662	0.44676	0.01631	0.00506	0.01979	0.23135	0.00395	0.04194	0.02077	0.02880	0.03863	0.05628	0.00149	0.00136	0.00042	0.01478	0.00135	0.01344	0.00173

[dist]
# distance from previous block
# <min> <max>
4	60

[block]
# block no. 10 follows, 251 sequences, length 32
# corresponding to MSA columns:
# 1142-1154,1158,1161-1175,1177-1179
name=unknown_K
#
# <colnr> <probs for GDERKNQSTAVLIFYWHMCP>
#	G	D	E	R	K	N	Q	S	T	A	V	L	I	F	Y	W	H	M	C	P
0	0.01363	0.05350	0.80197	0.01941	0.00528	0.00303	0.00867	0.00398	0.01029	0.00401	0.00239	0.01909	0.00180	0.00138	0.01321	0.00042	0.01278	0.00100	0.00057	0.02361
1	0.00191	0.00144	0.00214	0.00211	0.00235	0.00165	0.01464	0.02107	0.00219	0.00312	0.00373	0.08268	0.00363	0.03109	0.80867	0.00185	0.01226	0.00157	0.00074	0.00116
2	0.05056	0.01902	0.08907	0.03491	0.03027	0.03852	0.26138	0.11635	0.01827	0.12733	0.03196	0.03876	0.01196	0.02097	0.02694	0.00048	0.06271	0.01166	0.00091	0.00798
3	0.03458	0.01783	0.06231	0.05881	0.02857	0.06259	0.24861	0.25546	0.04816	0.08169	0.04523	0.01853	0.01234	0.00148	0.00138	0.00041	0.01788	0.00133	0.00097	0.00183
4	0.00174	0.00119	0.00154	0.00175	0.00190	0.00110	0.00119	0.00200	0.00258	0.03339	0.05843	0.73157	0.08239	0.04439	0.01107	0.00055	0.00079	0.01324	0.00809	0.00109
5	0.00166	0.00120	0.00162	0.00188	0.00200	0.00113	0.00797	0.00195	0.00255	0.00340	0.03536	0.76307	0.00827	0.02652	0.01493	0.00057	0.00086	0.12281	0.00118	0.00107
6	0.05408	0.11176	0.04794	0.02204	0.02340	0.21297	0.05898	0.12664	0.05221	0.13056	0.01250	0.04573	0.00835	0.01109	0.02542	0.00044	0.02869	0.02456	0.00093	0.00171
7	0.00307	0.47124	0.46364	0.00293	0.00441	0.01596	0.00344	0.00401	0.00269	0.01509	0.00209	0.00241	0.00166	0.00117	0.00103	0.00034	0.00164	0.00083	0.00056	0.00178
8	0.00217	0.00126	0.00136	0.00139	0.00170	0.00120	0.00103	0.00269	0.01429	0.02567	0.03045	0.15564	0.18235	0.00231	0.00118	0.00037	0.00066	0.02218	0.55090	0.00119
9	0.00254	0.00256	0.02616	0.05915	0.00397	0.00301	0.17152	0.00305	0.00226	0.00329	0.00266	0.02774	0.01393	0.04838	0.19163	0.00086	0.42534	0.00136	0.00920	0.00138
10	0.00771	0.01142	0.03980	0.07730	0.07578	0.09783	0.36017	0.10289	0.11159	0.03832	0.00803	0.01436	0.00244	0.00140	0.00144	0.00042	0.02393	0.02255	0.00084	0.00178
11	0.01158	0.01808	0.01794	0.00200	0.01210	0.02341	0.00156	0.14478	0.03178	0.17205	0.03395	0.08312	0.07757	0.05292	0.01641	0.00045	0.00760	0.00721	0.28395	0.00154
12	0.00187	0.00138	0.00204	0.00203	0.00223	0.00160	0.00155	0.00226	0.00204	0.00293	0.00342	0.00521	0.00326	0.07060	0.84360	0.03547	0.01532	0.00140	0.00069	0.00111
13	0.00255	0.00163	0.00188	0.00177	0.00208	0.00165	0.00125	0.13237	0.01668	0.06373	0.03844	0.23146	0.04092	0.31177	0.00306	0.00069	0.00491	0.00623	0.13569	0.00124
14	0.03769	0.15997	0.15487	0.01230	0.02642	0.03433	0.08820	0.15700	0.07454	0.17270	0.02095	0.00698	0.00250	0.01753	0.01249	0.00042	0.01714	0.00115	0.00096	0.00187
15	0.00322	0.00302	0.02755	0.02537	0.06625	0.02425	0.44664	0.02348	0.11746	0.09839	0.10144	0.00448	0.02053	0.00146	0.00143	0.00042	0.00792	0.00152	0.02340	0.00176
16	0.00243	0.00229	0.00386	0.95166	0.00887	0.00286	0.00358	0.00329	0.00257	0.00329	0.00229	0.00343	0.00172	0.00129	0.00129	0.00043	0.00172	0.00114	0.00057	0.00143
17	0.16352	0.03010	0.20712	0.06754	0.06994	0.01352	0.09630	0.03807	0.00670	0.05426	0.01510	0.15710	0.01685	0.00202	0.02575	0.01663	0.01556	0.00151	0.00082	0.00158
18	0.03971	0.00285	0.04999	0.13308	0.06238	0.02512	0.19419	0.10426	0.08964	0.06688	0.01353	0.10549	0.04289	0.00947	0.00677	0.00044	0.00570	0.01109	0.02271	0.01380
19	0.00160	0.00117	0.00153	0.00177	0.00188	0.00109	0.00120	0.00187	0.00259	0.00346	0.08937	0.81365	0.05572	0.00385	0.00166	0.00051	0.01134	0.00347	0.00121	0.00107
20	0.00179	0.00125	0.00163	0.00993	0.00204	0.00116	0.00130	0.00214	0.00280	0.03188	0.16278	0.56093	0.11493	0.00357	0.00161	0.00050	0.00078	0.09661	0.00124	0.00113
21	0.17682	0.00258	0.02458	0.04568	0.08834	0.02461	0.02069	0.17218	0.05900	0.10975	0.04015	0.11852	0.05816	0.00210	0.02027	0.01148	0.00123	0.01656	0.00564	0.00166
22	0.12762	0.02038	0.01997	0.01423	0.01858	0.01429	0.01556	0.04378	0.01514	0.04446	0.00250	0.00297	0.00203	0.00112	0.00101	0.00026	0.00107	0.01956	0.00083	0.63464
23	0.02251	0.00237	0.00273	0.04961	0.00988	0.00527	0.00887	0.34592	0.03433	0.05910	0.06645	0.09468	0.16448	0.02583	0.03343	0.00049	0.00698	0.01750	0.02817	0.02139
24	0.00182	0.00135	0.00161	0.00157	0.00193	0.00122	0.00117	0.00873	0.02043	0.02442	0.44738	0.10892	0.35729	0.00298	0.00153	0.00043	0.00067	0.01405	0.00131	0.00119
25	0.03057	0.01263	0.03915	0.12596	0.04005	0.01539	0.12395	0.09439	0.16339	0.15227	0.05037	0.01275	0.02336	0.00184	0.01970	0.01819	0.03981	0.02242	0.01204	0.00176
26	0.03255	0.03638	0.09199	0.05445	0.15360	0.02923	0.08842	0.20835	0.05427	0.16095	0.01521	0.01085	0.00260	0.00147	0.00130	0.00040	0.00709	0.02568	0.02329	0.00191
27	0.02806	0.00308	0.09436	0.13236	0.16087	0.01908	0.01923	0.04573	0.19217	0.18132	0.00346	0.00381	0.00258	0.00157	0.00158	0.01446	0.08007	0.01338	0.00097	0.00186
28	0.00169	0.00131	0.00154	0.00156	0.00189	0.00118	0.00117	0.00214	0.01090	0.00401	0.30799	0.10776	0.43860	0.03333	0.00171	0.00047	0.00071	0.07966	0.00125	0.00113
29	0.07663	0.03090	0.01975	0.06862	0.07077	0.05121	0.10912	0.14725	0.22346	0.13166	0.01832	0.01522	0.01248	0.00580	0.00555	0.00042	0.00139	0.00855	0.00106	0.00186
30	0.06150	0.20197	0.40674	0.04758	0.02787	0.01840	0.02829	0.08198	0.04056	0.03963	0.00251	0.00292	0.00192	0.02041	0.01217	0.00041	0.00163	0.00098	0.00071	0.00180
31	0.00186	0.00134	0.01514	0.00176	0.00199	0.00120	0.00128	0.00215	0.00259	0.04885	0.02004	0.50426	0.18047	0.10121	0.04429	0.00065	0.00096	0.06772	0.00114	0.00111

[dist]
# distance from previous block
# <min> <max>
7	40

[block]
# block no. 11 follows, 251 sequences, length 25
# corresponding to MSA columns:
# 1248-1252,1254-1273
name=unknown_L
#
# <colnr> <probs for GDERKNQSTAVLIFYWHMCP>
#	G	D	E	R	K	N	Q	S	T	A	V	L	I	F	Y	W	H	M	C	P
