[name]
unknown

[dist]
# distance from previous block
# <min> <max>
0	530

[block]
# block no. 0 follows, 332 sequences, length 13
# corresponding to MSA columns:
# 714-717,719,722-729
name=unknown_A
#
# <colnr> <probs for GDERKNQSTAVLIFYWHMCP>
#	G	D	E	R	K	N	Q	S	T	A	V	L	I	F	Y	W	H	M	C	P
0	0.00381	0.00174	0.00233	0.00189	0.00252	0.00169	0.00158	0.06847	0.00275	0.67723	0.00370	0.00415	0.00269	0.00147	0.00128	0.00034	0.10034	0.11940	0.00109	0.00153
1	0.06396	0.00195	0.00256	0.00209	0.00253	0.00223	0.00173	0.06562	0.00236	0.42707	0.03011	0.00283	0.00205	0.00143	0.00188	0.00036	0.38608	0.00093	0.00085	0.00139
2	0.00206	0.10152	0.00308	0.68014	0.03055	0.04993	0.00244	0.00277	0.06175	0.00263	0.00205	0.05315	0.00170	0.00111	0.00096	0.00032	0.00124	0.00095	0.00050	0.00115
3	0.00252	0.00240	0.00223	0.00172	0.00251	0.20818	0.00135	0.00292	0.00226	0.04886	0.00182	0.00206	0.00147	0.00082	0.00078	0.00018	0.00097	0.00062	0.00060	0.71574
4	0.00272	0.10174	0.00280	0.00211	0.00275	0.01878	0.06406	0.00482	0.67270	0.11104	0.00357	0.00334	0.00265	0.00124	0.00098	0.00032	0.00089	0.00104	0.00093	0.00153
5	0.10184	0.00103	0.00122	0.00121	0.00130	0.00105	0.00079	0.00155	0.00147	0.00218	0.00281	0.03233	0.05008	0.38908	0.04263	0.36615	0.00094	0.00119	0.00056	0.00061
6	0.00273	0.21295	0.14934	0.00227	0.00296	0.11745	0.06162	0.01414	0.06350	0.13700	0.02588	0.01778	0.00193	0.02217	0.01820	0.00034	0.14693	0.00087	0.00063	0.00131
7	0.00225	0.00220	0.10111	0.00169	0.00260	0.01813	0.00149	0.02605	0.04569	0.04804	0.00198	0.00220	0.00157	0.00082	0.00079	0.00019	0.00084	0.00065	0.00063	0.74108
8	0.00396	0.00166	0.00226	0.00192	0.05272	0.00146	0.00147	0.00439	0.02288	0.79030	0.00444	0.00397	0.10123	0.00134	0.00101	0.00031	0.00082	0.00111	0.00115	0.00159
9	0.00209	0.00181	0.02276	0.24652	0.13406	0.00186	0.11394	0.00264	0.01567	0.08575	0.11212	0.11046	0.05949	0.00151	0.00124	0.00034	0.06859	0.01728	0.00069	0.00119
10	0.86769	0.00189	0.00155	0.00135	0.00198	0.00214	0.00111	0.00312	0.00181	0.10758	0.00165	0.00180	0.00122	0.00095	0.00065	0.00031	0.00078	0.00059	0.00068	0.00114
11	0.45031	0.00236	0.00243	0.17345	0.11858	0.12464	0.02671	0.04527	0.02057	0.01568	0.00167	0.00205	0.00130	0.00097	0.00083	0.00030	0.01039	0.00071	0.00058	0.00120
12	0.01599	0.17606	0.11280	0.14038	0.03993	0.05315	0.05986	0.08332	0.08022	0.11592	0.00229	0.00274	0.00180	0.05781	0.00120	0.00033	0.01937	0.00834	0.00065	0.02785

[dist]
# distance from previous block
# <min> <max>
2	12

[block]
# block no. 1 follows, 332 sequences, length 28
# corresponding to MSA columns:
# 754-770,773,784-793
name=unknown_B
#
# <colnr> <probs for GDERKNQSTAVLIFYWHMCP>
#	G	D	E	R	K	N	Q	S	T	A	V	L	I	F	Y	W	H	M	C	P
0	0.08228	0.00163	0.00203	0.13288	0.05751	0.03206	0.01381	0.02219	0.00210	0.01184	0.03104	0.25415	0.04154	0.00168	0.00699	0.00031	0.01533	0.03604	0.00070	0.25390
1	0.14613	0.00250	0.00267	0.01682	0.02193	0.00278	0.01509	0.61886	0.13482	0.00546	0.00250	0.02174	0.00187	0.00120	0.00095	0.00031	0.00100	0.00091	0.00091	0.00155
2	0.01157	0.00860	0.01829	0.17680	0.29635	0.00216	0.10075	0.02976	0.03827	0.04668	0.01332	0.03461	0.00779	0.01135	0.00123	0.00823	0.07834	0.00513	0.00058	0.11016
3	0.00258	0.00226	0.00418	0.01965	0.10411	0.01062	0.48147	0.04472	0.01810	0.14074	0.03679	0.01496	0.05660	0.00117	0.00117	0.00033	0.02619	0.03232	0.00069	0.00136
4	0.00157	0.00118	0.00160	0.00159	0.01571	0.00131	0.00118	0.00210	0.08451	0.01729	0.11317	0.00477	0.04351	0.12233	0.55841	0.00921	0.01774	0.00123	0.00067	0.00094
5	0.02352	0.00250	0.00282	0.03053	0.00297	0.01888	0.00186	0.62088	0.00372	0.08824	0.00231	0.00252	0.00171	0.02223	0.00143	0.00033	0.15757	0.00090	0.01356	0.00152
6	0.00343	0.00235	0.00320	0.00256	0.04684	0.01852	0.16296	0.40161	0.01598	0.24698	0.07094	0.00305	0.00240	0.00118	0.00103	0.00030	0.00109	0.00102	0.00094	0.01361
7	0.00194	0.00183	0.00309	0.70591	0.11055	0.00216	0.04887	0.01712	0.00206	0.00270	0.00214	0.06014	0.01733	0.00114	0.00106	0.00033	0.01895	0.00103	0.00049	0.00115
8	0.00250	0.64338	0.04855	0.00187	0.00262	0.02130	0.04283	0.02677	0.01774	0.03273	0.00214	0.12397	0.00208	0.00121	0.00083	0.00026	0.01481	0.01261	0.00055	0.00124
9	0.00145	0.01702	0.00944	0.00163	0.00184	0.00106	0.06239	0.00175	0.00709	0.02477	0.02325	0.61870	0.06496	0.00284	0.02212	0.00042	0.00075	0.13672	0.00088	0.00090
10	0.00265	0.00185	0.00222	0.00168	0.01290	0.02081	0.01524	0.02385	0.03465	0.20558	0.00235	0.00252	0.00179	0.00090	0.00083	0.00020	0.00081	0.01315	0.00075	0.65527
11	0.12868	0.00219	0.00250	0.00194	0.00270	0.01441	0.01169	0.37195	0.01469	0.43472	0.00294	0.00274	0.00196	0.00117	0.00095	0.00030	0.00095	0.00090	0.00104	0.00160
12	0.00213	0.00213	0.00311	0.02900	0.00284	0.01516	0.07809	0.00241	0.00162	0.00244	0.00151	0.00244	0.00145	0.02628	0.06448	0.00051	0.76196	0.00092	0.00045	0.00108
13	0.00238	0.00208	0.00236	0.02502	0.08016	0.01265	0.00751	0.00471	0.76719	0.00390	0.00387	0.05009	0.00309	0.00142	0.00103	0.00034	0.00084	0.02894	0.00094	0.00150
14	0.00240	0.00619	0.01854	0.04858	0.55430	0.01235	0.07289	0.02823	0.14863	0.01011	0.04419	0.01319	0.00767	0.00477	0.00107	0.00031	0.01905	0.00544	0.00062	0.00147
15	0.00127	0.00094	0.00118	0.00138	0.00148	0.01071	0.00095	0.00911	0.00198	0.00259	0.00586	0.81112	0.10375	0.00299	0.00125	0.00040	0.00060	0.04069	0.00092	0.00082
16	0.00245	0.00236	0.00402	0.00608	0.95898	0.00236	0.00304	0.00304	0.00226	0.00324	0.00186	0.00245	0.00157	0.00088	0.00098	0.00029	0.00118	0.00088	0.00049	0.00157
17	0.00164	0.00128	0.00175	0.01221	0.01525	0.00137	0.03868	0.01647	0.07845	0.00263	0.06676	0.08461	0.00788	0.28426	0.30164	0.00091	0.03307	0.00134	0.00066	0.04914
18	0.00187	0.00176	0.00297	0.96278	0.00683	0.00220	0.00275	0.00253	0.00198	0.00253	0.00176	0.00264	0.00132	0.00099	0.00099	0.00033	0.00132	0.00088	0.00044	0.00110
19	0.01079	0.01623	0.05325	0.03485	0.13722	0.01821	0.59077	0.00663	0.01836	0.07887	0.00862	0.00749	0.00166	0.00093	0.00112	0.00032	0.01166	0.00107	0.00057	0.00139
20	0.00229	0.05220	0.14604	0.01056	0.02122	0.00175	0.01541	0.02605	0.05692	0.09334	0.05922	0.04492	0.00812	0.01712	0.00433	0.00026	0.02341	0.00090	0.00069	0.41525
21	0.71325	0.00203	0.02085	0.02987	0.01122	0.01279	0.01493	0.01035	0.09056	0.06207	0.00183	0.00199	0.00138	0.00098	0.00071	0.00031	0.00083	0.00065	0.00068	0.02272
22	0.00233	0.00259	0.00548	0.00394	0.00490	0.00244	0.86593	0.02213	0.02354	0.00324	0.00229	0.00288	0.02974	0.00090	0.00115	0.00033	0.00158	0.00118	0.00054	0.02287
23	0.43224	0.19033	0.03089	0.00173	0.00239	0.11652	0.01162	0.04042	0.08419	0.02750	0.00795	0.00214	0.02226	0.00107	0.00699	0.00030	0.01893	0.00069	0.00063	0.00121
24	0.19134	0.03054	0.00227	0.00800	0.00601	0.04827	0.00149	0.16148	0.28631	0.16148	0.02123	0.02762	0.00236	0.00134	0.01704	0.00033	0.00809	0.00096	0.02243	0.00142
25	0.00263	0.07956	0.07192	0.00852	0.03984	0.04213	0.13177	0.11709	0.07900	0.11736	0.07751	0.01613	0.05478	0.00119	0.00098	0.00028	0.00748	0.00102	0.00076	0.15003
26	0.02700	0.17666	0.28264	0.00579	0.02379	0.02813	0.02743	0.08971	0.07949	0.16699	0.02677	0.02852	0.01666	0.00114	0.00094	0.00030	0.01102	0.00090	0.00071	0.00542
27	0.06777	0.26345	0.57069	0.00239	0.00359	0.00274	0.01411	0.03789	0.00216	0.02433	0.00172	0.00197	0.00129	0.00093	0.00084	0.00029	0.00128	0.00068	0.00047	0.00140

[dist]
# distance from previous block
# <min> <max>
1	15

[block]
# block no. 2 follows, 332 sequences, length 20
# corresponding to MSA columns:
# 810-817,821-832
name=unknown_C
#
# <colnr> <probs for GDERKNQSTAVLIFYWHMCP>
#	G	D	E	R	K	N	Q	S	T	A	V	L	I	F	Y	W	H	M	C	P
0	0.00200	0.04218	0.06021	0.59926	0.14868	0.01618	0.01019	0.00262	0.00208	0.00934	0.02937	0.02225	0.03947	0.00111	0.00101	0.00032	0.01108	0.00097	0.00050	0.00119
1	0.02182	0.73828	0.04463	0.01333	0.00273	0.07235	0.02380	0.00959	0.00212	0.03801	0.00162	0.02487	0.00145	0.00094	0.00071	0.00023	0.00112	0.00064	0.00048	0.00127
2	0.00133	0.00093	0.00118	0.01755	0.00142	0.00091	0.00086	0.00147	0.00177	0.00236	0.03407	0.50161	0.01808	0.36028	0.01585	0.00062	0.00077	0.03739	0.00079	0.00074
3	0.00201	0.00183	0.00307	0.66118	0.19949	0.00212	0.01359	0.00263	0.00210	0.02456	0.04288	0.01687	0.02136	0.00108	0.00101	0.00032	0.00122	0.00098	0.00051	0.00120
4	0.00260	0.04387	0.13204	0.30439	0.09586	0.00213	0.04211	0.03438	0.04487	0.20692	0.01670	0.04318	0.00203	0.00116	0.00103	0.00032	0.01821	0.00612	0.00069	0.00136
5	0.00211	0.09764	0.70303	0.03524	0.05319	0.00244	0.06272	0.00310	0.00212	0.01286	0.01568	0.00221	0.00142	0.00094	0.00093	0.00030	0.00140	0.00077	0.00045	0.00143
6	0.06273	0.00093	0.00118	0.00137	0.00147	0.00090	0.00093	0.00149	0.00191	0.00270	0.03473	0.87386	0.00630	0.00293	0.00122	0.00039	0.00058	0.00264	0.00091	0.00083
7	0.00191	0.04111	0.47710	0.03204	0.02277	0.02146	0.01686	0.01043	0.00946	0.02794	0.06677	0.17532	0.01477	0.01020	0.04517	0.00039	0.00122	0.02321	0.00061	0.00124
8	0.00900	0.17061	0.34447	0.08473	0.07832	0.00238	0.07679	0.01257	0.00222	0.08413	0.00718	0.02016	0.02656	0.00109	0.00094	0.00030	0.00121	0.01393	0.06202	0.00137
9	0.01885	0.02414	0.00292	0.40313	0.14988	0.00204	0.00225	0.04130	0.00243	0.33942	0.00254	0.00282	0.00177	0.00106	0.00098	0.00031	0.00111	0.00091	0.00075	0.00141
10	0.00198	0.00491	0.89940	0.06364	0.00445	0.00230	0.00360	0.00310	0.00209	0.00310	0.00178	0.00213	0.00126	0.00094	0.00094	0.00031	0.00146	0.00074	0.00042	0.00144
11	0.04383	0.00952	0.04875	0.43356	0.11213	0.00201	0.02728	0.01903	0.00223	0.15855	0.06284	0.03408	0.00222	0.00123	0.00684	0.01221	0.02076	0.00100	0.00065	0.00125
12	0.01143	0.05868	0.21195	0.12088	0.13136	0.03385	0.01730	0.03232	0.03273	0.15526	0.08476	0.01274	0.02353	0.00637	0.00098	0.00030	0.00108	0.00098	0.06214	0.00135
13	0.01401	0.02676	0.00782	0.00203	0.02340	0.00864	0.00162	0.04917	0.01750	0.24854	0.14958	0.02568	0.01968	0.00216	0.09745	0.00047	0.29341	0.00112	0.00081	0.01016
14	0.00950	0.02087	0.03105	0.15789	0.09167	0.01103	0.02094	0.03566	0.02212	0.10403	0.05475	0.06817	0.00636	0.23287	0.06243	0.00055	0.00565	0.00122	0.06214	0.00108
15	0.01906	0.12201	0.16508	0.13519	0.04834	0.06127	0.04252	0.07125	0.01320	0.20666	0.01366	0.03479	0.00188	0.00114	0.00551	0.00030	0.01986	0.00090	0.00069	0.03670
16	0.01943	0.03842	0.20908	0.04195	0.35358	0.03396	0.02327	0.09937	0.03128	0.02915	0.00737	0.00259	0.01766	0.00100	0.00094	0.00029	0.00116	0.00086	0.06204	0.02660
17	0.02735	0.00951	0.01200	0.11751	0.45236	0.00797	0.05902	0.05489	0.04714	0.03564	0.09032	0.03673	0.01776	0.00115	0.00101	0.00031	0.00108	0.00106	0.00064	0.02654
18	0.09087	0.11387	0.05106	0.19760	0.13837	0.12491	0.04521	0.05885	0.04774	0.03880	0.00202	0.03375	0.00165	0.00105	0.00093	0.00029	0.01177	0.00085	0.00058	0.03983
19	0.17648	0.03230	0.02151	0.18103	0.26500	0.00873	0.00946	0.06111	0.03483	0.05546	0.07871	0.01094	0.01633	0.00111	0.00095	0.00030	0.01430	0.00092	0.00065	0.02990

[dist]
# distance from previous block
# <min> <max>
11	111

[block]
# block no. 3 follows, 332 sequences, length 8
# corresponding to MSA columns:
# 979-986
name=unknown_D
#
# <colnr> <probs for GDERKNQSTAVLIFYWHMCP>
#	G	D	E	R	K	N	Q	S	T	A	V	L	I	F	Y	W	H	M	C	P
0	0.01170	0.05061	0.02248	0.22111	0.11275	0.06506	0.04561	0.10645	0.02511	0.19535	0.02738	0.04666	0.02002	0.01968	0.00109	0.00032	0.01033	0.00868	0.00074	0.00887
1	0.05489	0.11409	0.10482	0.02572	0.05467	0.22035	0.01778	0.08666	0.03428	0.07319	0.00222	0.04351	0.00187	0.01591	0.11472	0.00045	0.01353	0.00088	0.00063	0.01984
2	0.00176	0.10798	0.08277	0.01628	0.00206	0.01800	0.00135	0.05660	0.00222	0.02554	0.05524	0.44714	0.11107	0.00226	0.00115	0.01714	0.00077	0.02372	0.00081	0.02614
3	0.00270	0.76106	0.07462	0.00194	0.00282	0.04787	0.03664	0.05762	0.00222	0.00265	0.00149	0.00172	0.00130	0.00088	0.00071	0.00023	0.00115	0.00059	0.00046	0.00131
4	0.03267	0.01654	0.02476	0.06827	0.07272	0.00173	0.00168	0.05856	0.04625	0.54905	0.06709	0.03722	0.00280	0.00128	0.00099	0.00031	0.00089	0.00106	0.00102	0.01510
5	0.04737	0.72088	0.09749	0.00179	0.00265	0.00343	0.00182	0.02803	0.00214	0.04115	0.04420	0.00199	0.00168	0.00094	0.00071	0.00024	0.00105	0.00063	0.00051	0.00129
6	0.00269	0.63198	0.11330	0.03576	0.00294	0.00341	0.00196	0.11048	0.04214	0.02653	0.00175	0.00195	0.00144	0.00106	0.01867	0.00027	0.00113	0.00065	0.00053	0.00135
7	0.02703	0.19087	0.13840	0.00206	0.02727	0.04490	0.00187	0.19159	0.02444	0.07299	0.02676	0.00245	0.00181	0.01203	0.00090	0.00026	0.00104	0.01175	0.00068	0.22092

[dist]
# distance from previous block
# <min> <max>
8	60

[block]
# block no. 4 follows, 332 sequences, length 51
# corresponding to MSA columns:
# 1051-1084,1092-1094,1096-1109
name=unknown_E
#
# <colnr> <probs for GDERKNQSTAVLIFYWHMCP>
#	G	D	E	R	K	N	Q	S	T	A	V	L	I	F	Y	W	H	M	C	P
0	0.00267	0.55376	0.19580	0.00203	0.00295	0.02287	0.00209	0.15814	0.00927	0.00315	0.00180	0.03810	0.00155	0.00101	0.00079	0.00026	0.00114	0.00072	0.00054	0.00136
1	0.00244	0.34223	0.51566	0.00236	0.00353	0.00293	0.00276	0.09303	0.00232	0.02179	0.00174	0.00197	0.00133	0.00094	0.00084	0.00028	0.00128	0.00068	0.00049	0.00142
2	0.00260	0.82546	0.10806	0.00188	0.00279	0.01714	0.01889	0.00909	0.00206	0.00246	0.00144	0.00167	0.00128	0.00086	0.00068	0.00023	0.00112	0.00057	0.00043	0.00129
3	0.00246	0.60966	0.32716	0.00210	0.00315	0.02711	0.00237	0.01124	0.00208	0.00264	0.00153	0.00177	0.00127	0.00089	0.00075	0.00025	0.00121	0.00060	0.00043	0.00134
4	0.00250	0.04530	0.18357	0.01935	0.00308	0.04086	0.03251	0.01285	0.60853	0.03575	0.00327	0.00315	0.00243	0.00121	0.00098	0.00032	0.00101	0.00099	0.00083	0.00151
5	0.00385	0.00211	0.12499	0.00195	0.00277	0.00158	0.02293	0.00438	0.01519	0.73680	0.01115	0.00344	0.00242	0.00146	0.03717	0.00036	0.00101	0.02378	0.00107	0.00159
6	0.00283	0.04068	0.48377	0.00237	0.00345	0.03812	0.03172	0.00761	0.00238	0.30901	0.01436	0.04471	0.00785	0.00116	0.00097	0.00031	0.00121	0.00530	0.00072	0.00147
7	0.00125	0.00093	0.00133	0.00149	0.00158	0.00087	0.03687	0.00145	0.00191	0.00255	0.00533	0.92829	0.00637	0.00302	0.00126	0.00040	0.00062	0.00276	0.00090	0.00083
8	0.00151	0.03758	0.02979	0.02379	0.01317	0.00125	0.07519	0.00186	0.00205	0.00272	0.01005	0.50991	0.01024	0.00710	0.01763	0.00042	0.00085	0.25314	0.00083	0.00093
9	0.00336	0.03808	0.01438	0.33002	0.04318	0.00185	0.00200	0.00386	0.00247	0.53885	0.00298	0.01021	0.00200	0.00113	0.00098	0.00031	0.00103	0.00095	0.00089	0.00146
10	0.00202	0.04124	0.90169	0.00280	0.00422	0.00237	0.01763	0.00315	0.01035	0.00312	0.00179	0.00210	0.00128	0.00094	0.00093	0.00031	0.00145	0.00073	0.00043	0.00146
11	0.03778	0.00091	0.00117	0.00138	0.00146	0.00086	0.00093	0.00145	0.00189	0.00261	0.00531	0.91816	0.00634	0.00302	0.00124	0.00040	0.00059	0.01279	0.00091	0.00082
12	0.00625	0.01533	0.60364	0.01023	0.00921	0.09762	0.07648	0.01832	0.00567	0.13682	0.00211	0.00237	0.00150	0.00100	0.00096	0.00031	0.00140	0.00875	0.00056	0.00145
13	0.00226	0.00220	0.01158	0.26802	0.59555	0.01147	0.04115	0.00287	0.00218	0.00301	0.00197	0.00756	0.00166	0.00100	0.00103	0.00031	0.01108	0.03323	0.00049	0.00140
14	0.00139	0.00115	0.00118	0.00117	0.00151	0.00097	0.00087	0.00161	0.00243	0.00296	0.06685	0.00968	0.88691	0.00261	0.00126	0.00037	0.00058	0.01456	0.00100	0.00095
15	0.00275	0.00249	0.00405	0.17939	0.76344	0.00252	0.00312	0.00326	0.00246	0.02211	0.00225	0.00299	0.00188	0.00115	0.00114	0.00037	0.00132	0.00101	0.00062	0.00168
16	0.00236	0.00223	0.02774	0.31835	0.51172	0.00743	0.05908	0.00299	0.00220	0.05357	0.00194	0.00256	0.00152	0.00094	0.00099	0.00031	0.00125	0.00090	0.00051	0.00140
17	0.00200	0.01722	0.93273	0.00283	0.00428	0.00233	0.01884	0.00314	0.00210	0.00313	0.00178	0.00210	0.00126	0.00094	0.00094	0.00031	0.00146	0.00074	0.00042	0.00146
18	0.00192	0.00183	0.00302	0.90946	0.04716	0.01494	0.00275	0.00257	0.00200	0.00256	0.00176	0.00262	0.00133	0.00099	0.00099	0.00033	0.00132	0.00088	0.00044	0.00112
19	0.00391	0.00217	0.13205	0.00198	0.00713	0.00161	0.02313	0.01318	0.01347	0.74777	0.00770	0.01964	0.00576	0.00124	0.00100	0.00031	0.00094	0.01432	0.00108	0.00162
20	0.00230	0.00874	0.65486	0.03805	0.02030	0.01262	0.04732	0.01160	0.00828	0.12038	0.02046	0.03786	0.01061	0.00109	0.00098	0.00032	0.00132	0.00090	0.00057	0.00143
21	0.01109	0.02046	0.74485	0.02655	0.05501	0.00229	0.06861	0.00318	0.00215	0.04486	0.01093	0.00226	0.00142	0.00095	0.00096	0.00031	0.00141	0.00079	0.00047	0.00145
22	0.00259	0.00248	0.09988	0.17238	0.30508	0.02009	0.17479	0.00622	0.01180	0.15613	0.00628	0.02023	0.00702	0.00103	0.00103	0.00032	0.00656	0.00406	0.00062	0.00142
23	0.00315	0.02197	0.21787	0.00878	0.06209	0.00923	0.02697	0.02550	0.00579	0.45583	0.01693	0.10349	0.01306	0.00546	0.00104	0.00032	0.00101	0.01914	0.00090	0.00147
24	0.00209	0.00201	0.02043	0.58390	0.30951	0.00222	0.01940	0.00273	0.00209	0.01800	0.00191	0.02409	0.00154	0.00101	0.00101	0.00032	0.00509	0.00093	0.00048	0.00126
25	0.00214	0.00260	0.16942	0.07474	0.41169	0.00211	0.13542	0.00829	0.00220	0.01192	0.01347	0.10445	0.02747	0.00124	0.00106	0.00032	0.00895	0.02058	0.00056	0.00136
26	0.00225	0.07863	0.69042	0.02928	0.01840	0.00230	0.02187	0.00321	0.01096	0.08913	0.00218	0.01956	0.01293	0.00104	0.00094	0.00031	0.00133	0.01330	0.00052	0.00143
27	0.00273	0.02722	0.10627	0.26067	0.04404	0.00853	0.17644	0.01944	0.01034	0.26359	0.01148	0.02179	0.00961	0.00114	0.00103	0.00032	0.00121	0.03206	0.00071	0.00137
28	0.00206	0.01884	0.76985	0.00288	0.03713	0.00223	0.05868	0.00744	0.00214	0.02934	0.00212	0.04940	0.01137	0.00106	0.00097	0.00032	0.00139	0.00088	0.00048	0.00143
29	0.00235	0.03717	0.11075	0.21753	0.25801	0.02751	0.23557	0.00859	0.00773	0.04779	0.00208	0.02490	0.00537	0.00099	0.00103	0.00032	0.00628	0.00417	0.00053	0.00136
30	0.00287	0.00227	0.04195	0.13993	0.31280	0.03335	0.10170	0.04056	0.01062	0.24205	0.00607	0.02270	0.01181	0.00111	0.00107	0.01132	0.01101	0.00466	0.00071	0.00145
31	0.00310	0.01696	0.25517	0.05553	0.04551	0.00713	0.06937	0.01781	0.01441	0.41937	0.06065	0.01666	0.00799	0.00118	0.00100	0.00031	0.00109	0.00441	0.00085	0.00149
32	0.00619	0.02476	0.46954	0.01878	0.07428	0.01481	0.08404	0.03371	0.01754	0.13374	0.04703	0.02462	0.02527	0.00118	0.00626	0.00032	0.00125	0.01462	0.00063	0.00142
33	0.00230	0.11065	0.67237	0.01090	0.03168	0.02089	0.02275	0.02241	0.01849	0.06138	0.01094	0.00222	0.00146	0.00097	0.00093	0.00030	0.00663	0.00076	0.00050	0.00145
34	0.02662	0.04241	0.52268	0.01314	0.00764	0.01103	0.09735	0.01212	0.01962	0.14482	0.00250	0.07102	0.00693	0.00117	0.00099	0.00032	0.00127	0.01636	0.00062	0.00141
35	0.00629	0.02535	0.17335	0.33735	0.16056	0.00926	0.04087	0.01483	0.04884	0.09656	0.01220	0.03274	0.02796	0.00113	0.00100	0.00032	0.00120	0.00829	0.00060	0.00132
36	0.00837	0.03561	0.12121	0.02407	0.05786	0.02101	0.11381	0.02437	0.01649	0.13019	0.04635	0.02589	0.35996	0.00167	0.00107	0.00032	0.00093	0.00883	0.00080	0.00119
37	0.00207	0.00189	0.00304	0.69837	0.13669	0.01964	0.00876	0.00267	0.00206	0.03479	0.00808	0.01466	0.00972	0.00107	0.00109	0.00033	0.03992	0.00858	0.00541	0.00118
38	0.00206	0.03412	0.37732	0.07010	0.02654	0.00202	0.05219	0.01648	0.09043	0.03413	0.02303	0.01377	0.00284	0.00149	0.00109	0.00035	0.00726	0.24281	0.00066	0.00129
39	0.00233	0.08931	0.54364	0.06848	0.01856	0.00479	0.01315	0.02425	0.02215	0.10577	0.03519	0.00266	0.00443	0.02671	0.00706	0.00033	0.02284	0.00638	0.00057	0.00139
40	0.00736	0.15012	0.25848	0.00735	0.02473	0.37531	0.04669	0.03260	0.00562	0.06199	0.00189	0.00877	0.01023	0.00101	0.00090	0.00028	0.00408	0.00074	0.00054	0.00132
41	0.00148	0.00105	0.00118	0.00116	0.00149	0.00090	0.00088	0.00176	0.00231	0.08326	0.09017	0.13217	0.64406	0.00244	0.00117	0.00034	0.00055	0.03174	0.00096	0.00092
42	0.00226	0.00120	0.00864	0.00157	0.01170	0.00107	0.00118	0.00255	0.00227	0.29897	0.01692	0.48119	0.07777	0.00239	0.00118	0.00037	0.00069	0.08598	0.00101	0.00110
43	0.01631	0.00212	0.00960	0.22479	0.14220	0.00583	0.02043	0.26635	0.11844	0.01556	0.01571	0.08326	0.00237	0.00791	0.01309	0.00035	0.02690	0.02667	0.00075	0.00136
44	0.88760	0.00193	0.00156	0.01766	0.00206	0.00222	0.00114	0.03449	0.00183	0.04010	0.00151	0.00172	0.00115	0.00094	0.00065	0.00031	0.00079	0.00057	0.00065	0.00112
45	0.00369	0.00470	0.00280	0.00255	0.00306	0.95101	0.00191	0.00397	0.01294	0.00244	0.00156	0.00181	0.00130	0.00102	0.00089	0.00026	0.00178	0.00064	0.00052	0.00115
46	0.00202	0.00173	0.00201	0.00145	0.00231	0.00130	0.00116	0.00246	0.00207	0.00323	0.02019	0.00235	0.02636	0.00080	0.00075	0.00015	0.00072	0.00065	0.00061	0.92767
47	0.00122	0.00088	0.00118	0.00140	0.00146	0.00082	0.00776	0.00139	0.00190	0.00254	0.00549	0.94766	0.01645	0.00308	0.00126	0.00040	0.00058	0.00280	0.00092	0.00081
48	0.00127	0.00093	0.00120	0.00140	0.00150	0.00088	0.00096	0.00155	0.03351	0.00262	0.01149	0.80695	0.06513	0.01561	0.00131	0.00041	0.00060	0.05095	0.00092	0.00084
49	0.04113	0.02799	0.01711	0.01429	0.02941	0.66989	0.05146	0.02201	0.04211	0.03517	0.00545	0.00206	0.00146	0.00105	0.00098	0.00028	0.03239	0.00397	0.00056	0.00122
50	0.02864	0.00956	0.03409	0.00803	0.05547	0.11772	0.06906	0.09898	0.00924	0.05084	0.01491	0.25171	0.04709	0.04266	0.02653	0.00038	0.01004	0.02006	0.00075	0.10425

[dist]
# distance from previous block
# <min> <max>
0	25

[block]
# block no. 5 follows, 332 sequences, length 23
# corresponding to MSA columns:
# 1135-1138,1153-1171
name=unknown_F
#
# <colnr> <probs for GDERKNQSTAVLIFYWHMCP>
#	G	D	E	R	K	N	Q	S	T	A	V	L	I	F	Y	W	H	M	C	P
0	0.12634	0.05094	0.01943	0.01101	0.09981	0.06052	0.04106	0.19067	0.11923	0.18789	0.02955	0.01015	0.00664	0.00119	0.00667	0.00031	0.00102	0.00937	0.00083	0.02737
1	0.06441	0.36649	0.06306	0.00202	0.00280	0.12031	0.01016	0.18932	0.11789	0.04131	0.00209	0.00218	0.00671	0.00103	0.00082	0.00027	0.00112	0.00073	0.00066	0.00662
2	0.03004	0.00121	0.01278	0.00128	0.00142	0.00121	0.00084	0.04442	0.04966	0.04242	0.00322	0.03092	0.00346	0.72311	0.02109	0.00083	0.00097	0.02965	0.00068	0.00079
3	0.06249	0.01482	0.03911	0.06974	0.26346	0.12407	0.06423	0.15357	0.07650	0.08667	0.01177	0.00885	0.00180	0.00109	0.00100	0.01192	0.00119	0.00560	0.00069	0.00143
4	0.00145	0.00105	0.00134	0.00127	0.00153	0.00097	0.00096	0.01143	0.01299	0.01393	0.74476	0.05531	0.10643	0.00211	0.00117	0.00032	0.00051	0.02824	0.00105	0.01319
5	0.00244	0.00233	0.00396	0.05533	0.87647	0.00236	0.01501	0.01419	0.01243	0.00325	0.00189	0.00248	0.00157	0.00090	0.00098	0.00030	0.00119	0.00089	0.00050	0.00154
6	0.00194	0.00184	0.00309	0.83715	0.11635	0.00223	0.00278	0.00259	0.00201	0.00261	0.00177	0.00261	0.00135	0.00099	0.00103	0.00033	0.01686	0.00088	0.00045	0.00115
7	0.00193	0.00185	0.00302	0.89998	0.05069	0.02084	0.00275	0.00258	0.00201	0.00256	0.00176	0.00262	0.00133	0.00099	0.00099	0.00033	0.00132	0.00088	0.00044	0.00112
8	0.00172	0.00086	0.00129	0.00129	0.00129	0.00086	0.00086	0.00129	0.00129	0.00172	0.00172	0.00301	0.00172	0.00344	0.00387	0.97116	0.00086	0.00086	0.00043	0.00043
9	0.01562	0.82546	0.00479	0.00177	0.00256	0.09878	0.00169	0.00303	0.00207	0.00237	0.00144	0.00169	0.00131	0.00109	0.03265	0.00026	0.00118	0.00056	0.00044	0.00124
10	0.00258	0.85092	0.08145	0.00182	0.00269	0.00376	0.00187	0.00296	0.00200	0.00240	0.00141	0.00165	0.00127	0.00089	0.00076	0.00023	0.03908	0.00056	0.00042	0.00128
11	0.01460	0.90900	0.01660	0.00179	0.00265	0.00383	0.03475	0.00298	0.00202	0.00240	0.00140	0.00163	0.00128	0.00085	0.00066	0.00022	0.00108	0.00055	0.00043	0.00127
12	0.00147	0.00107	0.00137	0.00130	0.00154	0.00102	0.00097	0.01944	0.03583	0.00390	0.82992	0.08547	0.00876	0.00208	0.00117	0.00032	0.00050	0.00184	0.00107	0.00096
13	0.00135	0.00101	0.00125	0.00120	0.00145	0.00091	0.00090	0.00176	0.00267	0.00366	0.73397	0.02963	0.21228	0.00215	0.00117	0.00032	0.00048	0.00188	0.00105	0.00091
14	0.00144	0.00096	0.00108	0.00108	0.00108	0.00096	0.00060	0.00144	0.00144	0.00192	0.00312	0.00649	0.00360	0.96516	0.00505	0.00096	0.00096	0.00144	0.00060	0.00060
15	0.00240	0.00230	0.00393	0.08864	0.87681	0.00234	0.00302	0.00300	0.00223	0.00318	0.00186	0.00247	0.00155	0.00089	0.00098	0.00030	0.00119	0.00088	0.00049	0.00153
16	0.02617	0.02109	0.00282	0.00251	0.00303	0.92255	0.00189	0.00392	0.00277	0.00247	0.00153	0.00178	0.00127	0.00102	0.00088	0.00026	0.00175	0.00063	0.00051	0.00115
17	0.00215	0.00198	0.00385	0.00287	0.00356	0.00189	0.56198	0.00290	0.02701	0.00340	0.00253	0.00309	0.00194	0.00097	0.00098	0.00029	0.00118	0.00107	0.37516	0.00118
18	0.02293	0.00183	0.00236	0.00184	0.00257	0.00172	0.00151	0.08715	0.06643	0.77016	0.00367	0.00324	0.00237	0.00124	0.00105	0.00031	0.02582	0.00098	0.00116	0.00165
19	0.01158	0.00203	0.01925	0.45256	0.34866	0.00878	0.01365	0.01653	0.01537	0.03645	0.02000	0.00920	0.01530	0.00106	0.00100	0.00032	0.00120	0.02521	0.00054	0.00130
20	0.60044	0.05372	0.01683	0.00168	0.01119	0.06374	0.01895	0.06724	0.08676	0.06135	0.00905	0.00204	0.00147	0.00100	0.00074	0.00030	0.00090	0.00067	0.00069	0.00123
21	0.01851	0.05680	0.32511	0.00211	0.00742	0.02866	0.02907	0.03402	0.14475	0.04252	0.19338	0.03133	0.06200	0.00760	0.00104	0.00032	0.00101	0.01229	0.00075	0.00129
22	0.03452	0.28716	0.18750	0.02406	0.01808	0.02063	0.02871	0.04895	0.02922	0.02834	0.03104	0.02834	0.01045	0.00686	0.00085	0.00025	0.00105	0.00445	0.00058	0.20898

[dist]
# distance from previous block
# <min> <max>
0	8

[block]
# block no. 6 follows, 332 sequences, length 23
# corresponding to MSA columns:
# 1187,1188,1194-1214
name=unknown_G
#
# <colnr> <probs for GDERKNQSTAVLIFYWHMCP>
#	G	D	E	R	K	N	Q	S	T	A	V	L	I	F	Y	W	H	M	C	P
0	0.04599	0.10649	0.10385	0.02227	0.46555	0.02531	0.04706	0.03222	0.02378	0.03060	0.02088	0.00726	0.00170	0.00095	0.00094	0.00028	0.00736	0.00084	0.00055	0.05610
1	0.04052	0.01968	0.00801	0.07411	0.65378	0.02427	0.01337	0.02329	0.02486	0.04250	0.01224	0.00283	0.00642	0.00116	0.01398	0.00035	0.00123	0.00094	0.00062	0.03584
2	0.08530	0.00319	0.35925	0.28597	0.02088	0.01748	0.04861	0.05166	0.03468	0.01347	0.01306	0.01373	0.00153	0.00104	0.00103	0.00032	0.03466	0.00085	0.00052	0.01277
3	0.00144	0.00096	0.00110	0.00110	0.00110	0.00097	0.00062	0.00145	0.00145	0.00193	0.00311	0.00641	0.00357	0.93534	0.03482	0.00098	0.00101	0.00143	0.00060	0.00061
4	0.00132	0.00101	0.00120	0.00116	0.00143	0.00090	0.00087	0.00170	0.00260	0.00348	0.59927	0.00821	0.36885	0.00221	0.00117	0.00032	0.00048	0.00191	0.00103	0.00090
5	0.00370	0.00472	0.00281	0.00255	0.00306	0.96118	0.00192	0.00396	0.00281	0.00243	0.00153	0.00179	0.00128	0.00102	0.00089	0.00026	0.00179	0.00064	0.00051	0.00115
6	0.00248	0.83327	0.00466	0.00163	0.00240	0.00351	0.00159	0.00282	0.00212	0.00256	0.13282	0.00239	0.00238	0.00101	0.00071	0.00023	0.00098	0.00070	0.00052	0.00123
7	0.00212	0.00169	0.00204	0.13376	0.00282	0.00188	0.00155	0.09636	0.36425	0.02464	0.00973	0.29002	0.00966	0.00188	0.00110	0.00036	0.00083	0.04547	0.00861	0.00125
8	0.00163	0.00122	0.00147	0.00149	0.00173	0.00121	0.00928	0.13265	0.04347	0.00319	0.04290	0.60500	0.14568	0.00262	0.00120	0.00037	0.00065	0.00232	0.00094	0.00097
9	0.00197	0.00184	0.00295	0.80528	0.00620	0.00225	0.02799	0.00293	0.13317	0.00277	0.00208	0.00279	0.00156	0.00104	0.00100	0.00033	0.00126	0.00092	0.00052	0.00117
10	0.00345	0.00283	0.00278	0.00225	0.00295	0.10700	0.00181	0.62278	0.23449	0.00532	0.00269	0.00263	0.00196	0.00121	0.00099	0.00030	0.00109	0.00092	0.00094	0.00160
11	0.00928	0.40952	0.36092	0.00211	0.00309	0.03314	0.01171	0.01303	0.01028	0.00294	0.13301	0.00262	0.00240	0.00106	0.00084	0.00027	0.00115	0.00080	0.00053	0.00130
12	0.13475	0.00110	0.00115	0.00113	0.00122	0.00114	0.00069	0.00165	0.00148	0.00228	0.00287	0.00573	0.00322	0.80245	0.03468	0.00089	0.00099	0.00131	0.00060	0.00067
13	0.00204	0.00199	0.00278	0.00243	0.00244	0.00273	0.00200	0.00225	0.00157	0.00241	0.00187	0.13433	0.00202	0.00192	0.00298	0.00043	0.83113	0.00114	0.00050	0.00105
14	0.00219	0.00206	0.00338	0.31191	0.47332	0.00214	0.02183	0.00281	0.01523	0.00302	0.01002	0.01119	0.00161	0.00093	0.00096	0.00029	0.00116	0.00088	0.00050	0.13457
15	0.00234	0.00224	0.00391	0.29072	0.49339	0.01216	0.14021	0.01290	0.00223	0.02758	0.00191	0.00256	0.00151	0.00092	0.00101	0.00031	0.00129	0.00092	0.00050	0.00140
16	0.00157	0.00115	0.00149	0.00178	0.13264	0.00115	0.00094	0.00166	0.00157	0.00212	0.00301	0.03051	0.00340	0.80806	0.00439	0.00086	0.00098	0.00140	0.00059	0.00074
17	0.00145	0.00106	0.00141	0.00160	0.00180	0.00102	0.00131	0.00181	0.00221	0.00286	0.03137	0.22174	0.13685	0.00277	0.00131	0.00042	0.00077	0.58643	0.00092	0.00088
18	0.02641	0.08783	0.23976	0.05223	0.07964	0.07436	0.07166	0.08047	0.01441	0.04125	0.04208	0.00678	0.00179	0.00124	0.01426	0.00034	0.16273	0.00086	0.00056	0.00133
19	0.01787	0.00207	0.00333	0.15987	0.59489	0.00962	0.00257	0.02922	0.00233	0.00330	0.13324	0.00320	0.00262	0.01505	0.00106	0.00031	0.00109	0.00100	0.00058	0.01677
20	0.00160	0.00133	0.00216	0.00190	0.00218	0.00144	0.13221	0.00201	0.01535	0.00246	0.01647	0.00404	0.00255	0.13329	0.61770	0.00122	0.03256	0.00112	0.01618	0.01223
21	0.00138	0.00113	0.00129	0.00124	0.00155	0.01467	0.01605	0.01706	0.00245	0.00313	0.28483	0.03079	0.53036	0.01343	0.00122	0.00034	0.00057	0.06103	0.00095	0.01653
22	0.03298	0.00215	0.00345	0.30072	0.46237	0.01885	0.04143	0.03184	0.01761	0.01760	0.00204	0.00857	0.01673	0.00104	0.00108	0.01769	0.02108	0.00092	0.00052	0.00135

[dist]
# distance from previous block
# <min> <max>
0	362

# created by:
# /home/berkeley/.conda/envs/busco_data_prod/bin/msa2prfl.pl pipeline/OGs_align_augustus/2759/30179.fs
