[name]
unknown

[dist]
# distance from previous block
# <min> <max>
0	189

[block]
# block no. 0 follows, 239 sequences, length 28
# corresponding to MSA columns:
# 251-263,272-277,285,286,294-300
name=unknown_A
#
# <colnr> <probs for GDERKNQSTAVLIFYWHMCP>
#	G	D	E	R	K	N	Q	S	T	A	V	L	I	F	Y	W	H	M	C	P
0	0.23739	0.01535	0.06576	0.04252	0.12045	0.02297	0.02805	0.15720	0.07076	0.09448	0.03021	0.02465	0.00271	0.00530	0.00127	0.00890	0.00134	0.01060	0.00100	0.05908
1	0.17315	0.01797	0.01949	0.00299	0.07523	0.03078	0.03786	0.14594	0.14124	0.21105	0.04386	0.00911	0.00888	0.01889	0.00137	0.00043	0.00127	0.02021	0.01085	0.02942
2	0.15012	0.02586	0.01257	0.11391	0.17358	0.05096	0.01420	0.13978	0.04720	0.07592	0.08889	0.00975	0.00325	0.01011	0.01851	0.00045	0.00907	0.00927	0.00098	0.04561
3	0.02715	0.25496	0.03577	0.00278	0.06400	0.08901	0.00759	0.09136	0.01519	0.06666	0.11392	0.01244	0.03422	0.00160	0.00626	0.00036	0.01183	0.00121	0.01758	0.14613
4	0.07606	0.21070	0.07601	0.00268	0.01177	0.15289	0.00232	0.01901	0.22331	0.04343	0.03694	0.05284	0.00324	0.00676	0.00125	0.00039	0.00666	0.01733	0.00095	0.05546
5	0.07455	0.46542	0.01284	0.00242	0.00341	0.05302	0.00217	0.15453	0.05685	0.02172	0.03478	0.01135	0.01914	0.02621	0.00123	0.00037	0.00674	0.00103	0.00086	0.05136
6	0.03694	0.00964	0.06589	0.00237	0.00264	0.01150	0.00189	0.04027	0.01040	0.01573	0.02493	0.00595	0.00359	0.44704	0.03969	0.00094	0.26881	0.00155	0.00078	0.00943
7	0.00258	0.00239	0.00397	0.90627	0.00898	0.00297	0.00365	0.01997	0.00278	0.00358	0.01952	0.00372	0.00202	0.00138	0.00135	0.00045	0.00176	0.00122	0.00996	0.00150
8	0.00274	0.00261	0.00446	0.71323	0.22119	0.00305	0.02645	0.00362	0.00279	0.00368	0.00243	0.00353	0.00188	0.00131	0.00135	0.00044	0.00176	0.00121	0.00062	0.00165
9	0.00341	0.00937	0.02500	0.04413	0.55392	0.02547	0.00345	0.02724	0.27225	0.01695	0.00341	0.00380	0.00269	0.00141	0.00134	0.00042	0.00147	0.00128	0.00089	0.00209
10	0.00231	0.00121	0.00181	0.01689	0.00190	0.00123	0.00123	0.00182	0.00180	0.00240	0.00244	0.00424	0.00243	0.02344	0.05377	0.87733	0.00131	0.00120	0.00060	0.00064
11	0.03859	0.84834	0.00663	0.00237	0.00348	0.07539	0.00230	0.00413	0.00280	0.00328	0.00189	0.00218	0.00172	0.00117	0.00089	0.00030	0.00150	0.00073	0.00059	0.00171
12	0.00311	0.01799	0.00431	0.29800	0.37429	0.00293	0.01373	0.02432	0.07766	0.05384	0.03444	0.05861	0.01197	0.00158	0.00139	0.00043	0.00878	0.00143	0.00083	0.01034
13	0.02834	0.28881	0.38650	0.01141	0.01258	0.01150	0.01212	0.10451	0.01101	0.10565	0.01424	0.00297	0.00211	0.00134	0.00117	0.00038	0.00163	0.00100	0.00080	0.00195
14	0.00295	0.02039	0.68062	0.03830	0.05749	0.00308	0.01397	0.00432	0.02534	0.06289	0.00273	0.01422	0.00202	0.00160	0.02334	0.00047	0.04255	0.00110	0.00068	0.00195
15	0.00204	0.00164	0.03641	0.00212	0.00242	0.00167	0.00168	0.00249	0.00223	0.02156	0.01829	0.00576	0.01819	0.11645	0.74076	0.01971	0.00310	0.00152	0.00076	0.00120
16	0.02800	0.03955	0.52624	0.02225	0.01632	0.00289	0.02140	0.02521	0.03356	0.22355	0.01174	0.02442	0.00718	0.00150	0.00130	0.00042	0.00165	0.00991	0.00091	0.00200
17	0.01477	0.00355	0.14028	0.21220	0.28472	0.03270	0.06917	0.04592	0.01077	0.14012	0.02133	0.00362	0.00237	0.00138	0.00138	0.00042	0.01132	0.00123	0.00084	0.00193
18	0.04914	0.00225	0.00343	0.14700	0.32423	0.00232	0.01144	0.02697	0.00292	0.01201	0.01024	0.28992	0.07401	0.00241	0.00147	0.00047	0.00127	0.03598	0.00093	0.00158
19	0.04684	0.00230	0.00304	0.00236	0.00337	0.00205	0.00195	0.02840	0.00382	0.84148	0.01433	0.00482	0.02095	0.00172	0.00135	0.00042	0.00114	0.01584	0.00161	0.00221
20	0.00333	0.02098	0.09833	0.23496	0.21202	0.00302	0.14729	0.06701	0.01820	0.09829	0.00328	0.05633	0.00903	0.00154	0.00142	0.00044	0.00895	0.01290	0.00084	0.00185
21	0.00344	0.09608	0.37058	0.01120	0.22091	0.00324	0.05376	0.06773	0.00854	0.10395	0.01143	0.02206	0.00239	0.00142	0.00130	0.00041	0.00168	0.01705	0.00080	0.00200
22	0.02059	0.00272	0.03964	0.76961	0.11054	0.01232	0.01861	0.00359	0.00275	0.00364	0.00240	0.00350	0.00183	0.00132	0.00134	0.00044	0.00178	0.00118	0.00061	0.00159
23	0.00274	0.16839	0.26699	0.00262	0.01377	0.00264	0.00815	0.03322	0.01258	0.06344	0.00523	0.28114	0.10460	0.00238	0.00137	0.00043	0.00130	0.00201	0.00095	0.02605
24	0.00362	0.06628	0.17643	0.09251	0.09459	0.02716	0.07316	0.07418	0.08198	0.16605	0.01078	0.04256	0.02309	0.00166	0.00135	0.00042	0.00153	0.03533	0.00099	0.02634
25	0.06382	0.09507	0.40429	0.05091	0.10087	0.01858	0.02957	0.02747	0.00304	0.10924	0.02544	0.01381	0.00233	0.01066	0.00134	0.00042	0.01492	0.00112	0.00078	0.02633
26	0.05968	0.07778	0.56448	0.01596	0.01457	0.01110	0.03799	0.01855	0.01937	0.06390	0.00297	0.05218	0.01030	0.00152	0.00761	0.00043	0.00172	0.00118	0.00074	0.03797
27	0.00301	0.07676	0.06940	0.31956	0.15808	0.01470	0.05101	0.02676	0.00293	0.06568	0.00332	0.09663	0.01598	0.03633	0.00888	0.00047	0.02215	0.00147	0.00079	0.02610

[dist]
# distance from previous block
# <min> <max>
6	55

[block]
# block no. 1 follows, 239 sequences, length 6
# corresponding to MSA columns:
# 377-382
name=unknown_B
#
# <colnr> <probs for GDERKNQSTAVLIFYWHMCP>
#	G	D	E	R	K	N	Q	S	T	A	V	L	I	F	Y	W	H	M	C	P
0	0.16028	0.04349	0.08321	0.00314	0.12470	0.02589	0.03734	0.06464	0.02061	0.05181	0.18239	0.05346	0.04123	0.00185	0.00130	0.00041	0.00122	0.02048	0.00102	0.08153
1	0.03246	0.18914	0.13228	0.03198	0.15127	0.03612	0.05220	0.07187	0.02163	0.03975	0.00254	0.00294	0.00201	0.00122	0.00115	0.00034	0.00150	0.00099	0.00077	0.22784
2	0.06566	0.03375	0.14467	0.26951	0.05176	0.00306	0.02157	0.06753	0.15553	0.06140	0.02026	0.04067	0.00276	0.00157	0.00136	0.00043	0.01948	0.00130	0.00090	0.03681
3	0.05784	0.06146	0.29205	0.04400	0.05704	0.00318	0.08726	0.07473	0.07717	0.10755	0.03941	0.02910	0.00279	0.00157	0.00150	0.00043	0.05885	0.00128	0.00090	0.00190
4	0.00257	0.07100	0.02050	0.00231	0.01621	0.01412	0.00177	0.02368	0.08088	0.06627	0.01803	0.34955	0.00585	0.10321	0.06177	0.00069	0.04923	0.09641	0.00110	0.01485
5	0.03596	0.00184	0.00215	0.00216	0.00257	0.00191	0.00162	0.05998	0.20181	0.04524	0.00698	0.45466	0.08616	0.00323	0.00158	0.00051	0.00094	0.08796	0.00128	0.00147

[dist]
# distance from previous block
# <min> <max>
2	2

[block]
# block no. 2 follows, 239 sequences, length 6
# corresponding to MSA columns:
# 389-394
name=unknown_C
#
# <colnr> <probs for GDERKNQSTAVLIFYWHMCP>
#	G	D	E	R	K	N	Q	S	T	A	V	L	I	F	Y	W	H	M	C	P
0	0.00261	0.00252	0.00444	0.85201	0.00905	0.00304	0.10031	0.00353	0.00274	0.00353	0.00243	0.00360	0.00182	0.00133	0.00137	0.00045	0.00184	0.00124	0.00061	0.00153
1	0.00392	0.21556	0.16755	0.09674	0.04712	0.05951	0.01785	0.13388	0.04890	0.14742	0.02682	0.00338	0.00247	0.00145	0.00130	0.00039	0.02178	0.00112	0.00092	0.00193
2	0.06627	0.04550	0.15553	0.03944	0.01851	0.02356	0.03567	0.05057	0.04779	0.15681	0.00323	0.00388	0.00255	0.01877	0.21089	0.00084	0.11634	0.00123	0.00089	0.00173
3	0.10217	0.04439	0.02479	0.16105	0.24351	0.00287	0.01646	0.06686	0.05805	0.05281	0.08864	0.00432	0.04198	0.00153	0.00128	0.00040	0.00135	0.00130	0.00091	0.08533
4	0.00192	0.00149	0.00203	0.00208	0.02306	0.00141	0.03604	0.00251	0.03934	0.00435	0.36566	0.34260	0.10907	0.02995	0.00178	0.00050	0.00083	0.03284	0.00130	0.00125
5	0.05105	0.59014	0.12395	0.02193	0.02301	0.03126	0.00263	0.02152	0.00289	0.04017	0.03034	0.00270	0.00213	0.00128	0.00108	0.00033	0.02261	0.00088	0.00068	0.02941

[dist]
# distance from previous block
# <min> <max>
0	1

[block]
# block no. 3 follows, 239 sequences, length 13
# corresponding to MSA columns:
# 398-406,429-432
name=unknown_D
#
# <colnr> <probs for GDERKNQSTAVLIFYWHMCP>
#	G	D	E	R	K	N	Q	S	T	A	V	L	I	F	Y	W	H	M	C	P
0	0.00195	0.00133	0.00168	0.00182	0.00199	0.00126	0.00124	0.00234	0.03489	0.04123	0.12193	0.57870	0.05574	0.14442	0.00243	0.00063	0.00086	0.00315	0.00124	0.00116
1	0.00359	0.33823	0.30096	0.00318	0.04184	0.00394	0.01600	0.14345	0.04041	0.05706	0.00271	0.00310	0.00213	0.03630	0.00136	0.00041	0.00160	0.00102	0.00079	0.00193
2	0.04538	0.01568	0.02316	0.02368	0.20728	0.00333	0.00278	0.37342	0.02556	0.21176	0.02045	0.00365	0.00263	0.00155	0.00142	0.00041	0.03327	0.00124	0.00118	0.00214
3	0.01522	0.10646	0.00475	0.12309	0.22001	0.30763	0.07234	0.03979	0.01043	0.00389	0.00257	0.02943	0.00222	0.00158	0.01521	0.00042	0.02485	0.01767	0.00072	0.00173
4	0.00196	0.00150	0.01973	0.00195	0.00227	0.00132	0.03418	0.00243	0.00318	0.03591	0.37659	0.41603	0.09116	0.00332	0.00163	0.00048	0.00080	0.00298	0.00132	0.00125
5	0.82979	0.00313	0.00223	0.00201	0.00282	0.13362	0.00162	0.00416	0.00250	0.00566	0.00190	0.00222	0.00150	0.00127	0.00089	0.00041	0.00123	0.00075	0.00081	0.00147
6	0.00341	0.00317	0.00504	0.03223	0.74720	0.00327	0.00378	0.05574	0.12376	0.00476	0.00295	0.00355	0.00239	0.00131	0.00134	0.00041	0.00153	0.00124	0.00079	0.00213
7	0.00345	0.00280	0.00312	0.03754	0.01820	0.01134	0.00218	0.19904	0.45891	0.02505	0.09085	0.00572	0.07452	0.00201	0.00153	0.00045	0.03902	0.02101	0.00129	0.00194
8	0.00265	0.00259	0.04255	0.07084	0.04096	0.00239	0.28164	0.01735	0.07138	0.02903	0.09924	0.06868	0.14457	0.00958	0.00160	0.00048	0.00144	0.10385	0.00760	0.00158
9	0.00188	0.00141	0.00191	0.00194	0.00224	0.00131	0.02602	0.00239	0.00328	0.00444	0.41693	0.25209	0.11583	0.00332	0.00167	0.00049	0.00082	0.15946	0.00134	0.00122
10	0.00182	0.00144	0.00185	0.00175	0.00214	0.00129	0.03335	0.00234	0.00341	0.00453	0.46918	0.07790	0.35548	0.00308	0.00161	0.00045	0.00074	0.03508	0.00134	0.00123
11	0.00378	0.09782	0.02263	0.00322	0.04866	0.05223	0.10677	0.07131	0.31043	0.11469	0.00378	0.00380	0.00283	0.00146	0.00127	0.00038	0.00138	0.00124	0.00107	0.15125
12	0.08293	0.05493	0.00376	0.01335	0.24007	0.08582	0.01119	0.06219	0.01716	0.22708	0.05002	0.10536	0.00358	0.00176	0.00131	0.00041	0.00135	0.00148	0.00107	0.03518

[dist]
# distance from previous block
# <min> <max>
0	20

[block]
# block no. 4 follows, 239 sequences, length 61
# corresponding to MSA columns:
# 464-496,498,500-505,510,512-531
name=unknown_E
#
# <colnr> <probs for GDERKNQSTAVLIFYWHMCP>
#	G	D	E	R	K	N	Q	S	T	A	V	L	I	F	Y	W	H	M	C	P
0	0.28444	0.00658	0.00342	0.02699	0.05407	0.02702	0.05462	0.27001	0.00386	0.14713	0.00310	0.03137	0.00234	0.00446	0.00121	0.00040	0.00133	0.00115	0.00470	0.07181
1	0.13296	0.03871	0.16948	0.23388	0.15592	0.00317	0.09633	0.02681	0.06765	0.01814	0.00288	0.00790	0.01972	0.00137	0.00130	0.00043	0.00901	0.00119	0.00335	0.00981
2	0.38185	0.00278	0.00382	0.03131	0.02450	0.00293	0.22737	0.07707	0.03168	0.05598	0.02037	0.00471	0.00288	0.00164	0.00127	0.00045	0.00143	0.11927	0.00703	0.00166
3	0.29671	0.00240	0.00273	0.00215	0.00312	0.00226	0.02957	0.00452	0.01995	0.28446	0.03775	0.03385	0.00288	0.00146	0.00112	0.00036	0.00107	0.00114	0.00111	0.27138
4	0.96217	0.00261	0.00198	0.00177	0.00261	0.00302	0.00146	0.00396	0.00229	0.00604	0.00188	0.00219	0.00146	0.00125	0.00083	0.00042	0.00104	0.00073	0.00083	0.00146
5	0.00197	0.00135	0.00178	0.00178	0.00188	0.00145	0.00121	0.00213	0.00203	0.00281	0.00384	0.00699	0.00407	0.48858	0.40037	0.07209	0.00226	0.00169	0.00076	0.00096
6	0.00203	0.00157	0.00232	0.03254	0.00263	0.00186	0.00178	0.00245	0.00215	0.00309	0.00342	0.00521	0.00325	0.05876	0.76555	0.03635	0.07171	0.00143	0.00071	0.00119
7	0.00251	0.00126	0.00126	0.00126	0.00157	0.00126	0.00094	0.00314	0.00283	0.00502	0.00439	0.00502	0.00345	0.00157	0.00094	0.00031	0.00063	0.00126	0.96013	0.00126
8	0.01286	0.08493	0.39027	0.00400	0.10540	0.24429	0.04136	0.01156	0.00320	0.05822	0.00248	0.00286	0.00188	0.00130	0.00124	0.00039	0.00194	0.00100	0.00069	0.03015
9	0.00308	0.01924	0.04052	0.00211	0.01085	0.00173	0.00170	0.01707	0.04879	0.23391	0.45870	0.09846	0.02738	0.00256	0.00712	0.01291	0.00092	0.00994	0.00141	0.00159
10	0.00254	0.00131	0.00131	0.00130	0.00163	0.00132	0.00098	0.00327	0.03288	0.00504	0.00443	0.00502	0.00347	0.00158	0.00096	0.00032	0.00064	0.00126	0.92944	0.00128
11	0.03907	0.66512	0.02915	0.05826	0.04002	0.09599	0.03041	0.01533	0.00967	0.00349	0.00203	0.00241	0.00177	0.00121	0.00098	0.00032	0.00158	0.00083	0.00062	0.00172
12	0.00237	0.00173	0.01579	0.21904	0.06388	0.00180	0.00195	0.01247	0.00282	0.00427	0.03458	0.22975	0.00458	0.00218	0.00128	0.00041	0.00103	0.00910	0.38960	0.00135
13	0.01065	0.00232	0.00251	0.00229	0.00283	0.04587	0.01928	0.00466	0.41614	0.00510	0.33402	0.04811	0.06103	0.03708	0.00167	0.00047	0.00098	0.00200	0.00133	0.00164
14	0.00197	0.00140	0.00176	0.00176	0.00193	0.00141	0.00123	0.01311	0.00279	0.00388	0.28476	0.17849	0.03408	0.29193	0.08385	0.00087	0.02949	0.02260	0.04159	0.00111
15	0.00328	0.00313	0.00526	0.06946	0.83776	0.00319	0.00401	0.00424	0.04838	0.00440	0.00267	0.00343	0.00221	0.00124	0.00134	0.00041	0.00159	0.00122	0.00070	0.00209
16	0.00365	0.92238	0.00695	0.00234	0.00348	0.03625	0.00231	0.00408	0.00277	0.00317	0.00188	0.00217	0.00173	0.00116	0.00088	0.00029	0.00147	0.00073	0.00058	0.00172
17	0.00504	0.00449	0.00395	0.00319	0.00415	0.26769	0.00256	0.65137	0.03300	0.00696	0.00298	0.00306	0.00219	0.00156	0.00131	0.00039	0.00173	0.00113	0.00117	0.00208
18	0.01531	0.00178	0.00217	0.00231	0.07102	0.01170	0.00158	0.03953	0.03106	0.06749	0.14954	0.20552	0.35186	0.00301	0.00163	0.00047	0.02724	0.01414	0.00125	0.00139
19	0.10200	0.00435	0.03532	0.01631	0.00461	0.32232	0.20068	0.11340	0.03808	0.14570	0.00295	0.00320	0.00216	0.00140	0.00130	0.00040	0.00188	0.00115	0.00095	0.00183
20	0.00202	0.00134	0.00186	0.00187	0.00198	0.00145	0.00131	0.00213	0.00203	0.00282	0.00362	0.01850	0.00373	0.28993	0.43726	0.20988	0.00232	0.01424	0.00073	0.00095
21	0.00171	0.00123	0.00163	0.00185	0.00199	0.00115	0.00128	0.00204	0.00285	0.00384	0.18594	0.70657	0.03788	0.00390	0.00170	0.00052	0.00077	0.04071	0.00129	0.00114
22	0.00340	0.69278	0.22667	0.00278	0.00413	0.01566	0.03082	0.00411	0.00279	0.00346	0.00203	0.00237	0.00173	0.00118	0.00099	0.00033	0.00161	0.00081	0.00058	0.00179
23	0.00295	0.00295	0.00413	0.00354	0.00354	0.00413	0.00295	0.00324	0.00206	0.00324	0.00177	0.00295	0.00177	0.00236	0.00442	0.00059	0.95019	0.00118	0.00059	0.00147
24	0.00176	0.00169	0.05543	0.00167	0.00214	0.00131	0.00134	0.00224	0.02380	0.01221	0.05966	0.20784	0.61736	0.00337	0.00159	0.00047	0.00079	0.00288	0.00123	0.00122
25	0.00503	0.00642	0.00382	0.00347	0.00416	0.94725	0.00260	0.00538	0.00382	0.00330	0.00208	0.00243	0.00174	0.00139	0.00121	0.00035	0.00243	0.00087	0.00069	0.00156
26	0.61294	0.00299	0.00268	0.00224	0.00314	0.00340	0.00184	0.29742	0.05184	0.00679	0.00249	0.00266	0.00186	0.00140	0.00102	0.00041	0.00118	0.00092	0.00102	0.00175
27	0.00290	0.00267	0.00443	0.31193	0.44554	0.00284	0.02111	0.00373	0.01312	0.01217	0.03124	0.00495	0.02532	0.00158	0.00140	0.00043	0.00157	0.08615	0.00075	0.02616
28	0.04010	0.01167	0.00545	0.05064	0.43263	0.01428	0.24581	0.05020	0.00327	0.06190	0.02317	0.00410	0.00262	0.00901	0.00145	0.00043	0.00170	0.03881	0.00081	0.00194
29	0.00295	0.00297	0.00425	0.00361	0.00365	0.00410	0.03292	0.00328	0.00210	0.00328	0.00180	0.00297	0.00178	0.00232	0.00433	0.00059	0.91984	0.00119	0.00059	0.00148
30	0.01308	0.00251	0.00496	0.00389	0.00467	0.00235	0.49513	0.00326	0.00292	0.01730	0.00486	0.41541	0.00512	0.00252	0.00164	0.00050	0.00158	0.01586	0.00095	0.00150
31	0.00840	0.00251	0.00395	0.59277	0.06947	0.00293	0.02974	0.08812	0.00317	0.04868	0.05703	0.00442	0.02499	0.00165	0.00891	0.00046	0.02899	0.02141	0.00081	0.00163
32	0.00456	0.00404	0.00391	0.11938	0.14168	0.37109	0.02418	0.00511	0.00353	0.25399	0.00333	0.00398	0.00255	0.00155	0.00133	0.00040	0.00182	0.05078	0.00097	0.00182
33	0.00195	0.00150	0.00182	0.00198	0.00225	0.00149	0.00144	0.00278	0.14482	0.00390	0.03044	0.56533	0.14300	0.00366	0.00166	0.00052	0.00085	0.08806	0.00127	0.00128
34	0.93835	0.00267	0.00203	0.00181	0.00264	0.01519	0.00149	0.01522	0.00236	0.00604	0.00189	0.00220	0.00147	0.00126	0.00084	0.00042	0.00107	0.00074	0.00084	0.00147
35	0.00273	0.00283	0.04615	0.02870	0.00459	0.04829	0.33406	0.01677	0.00308	0.00405	0.01946	0.01568	0.01739	0.05330	0.02769	0.00060	0.02453	0.34768	0.00092	0.00149
36	0.00439	0.00358	0.02140	0.00316	0.03281	0.03164	0.00250	0.53566	0.33741	0.00712	0.00396	0.00384	0.00290	0.00167	0.00135	0.00042	0.00138	0.00131	0.00130	0.00220
37	0.18091	0.01974	0.00244	0.00240	0.00293	0.01349	0.00201	0.00405	0.20950	0.01768	0.00562	0.03452	0.00557	0.00276	0.00153	0.00053	0.00117	0.49048	0.00118	0.00150
38	0.00297	0.01567	0.16639	0.35612	0.19611	0.01580	0.09226	0.01857	0.02205	0.03210	0.05080	0.00375	0.00253	0.00140	0.00141	0.00043	0.01787	0.00126	0.00072	0.00178
39	0.00189	0.00143	0.00188	0.00175	0.00210	0.00131	0.02141	0.00251	0.00980	0.00509	0.76863	0.03140	0.14006	0.00284	0.00159	0.00043	0.00068	0.00250	0.00143	0.00127
40	0.02411	0.02524	0.46622	0.12570	0.13975	0.00304	0.04530	0.02027	0.00303	0.07837	0.04316	0.00347	0.00240	0.00138	0.00135	0.00042	0.01298	0.00116	0.00074	0.00191
41	0.00273	0.00251	0.00422	0.78046	0.12259	0.00298	0.01639	0.00361	0.00277	0.02474	0.00248	0.00357	0.00188	0.00133	0.00134	0.00044	0.00175	0.00120	0.00064	0.02241
42	0.00533	0.00319	0.00366	0.00281	0.00385	0.00333	0.00232	0.58926	0.00540	0.32980	0.03434	0.00392	0.00299	0.00167	0.00136	0.00041	0.00134	0.00130	0.00146	0.00226
43	0.03487	0.01535	0.00336	0.00282	0.00368	0.01942	0.00224	0.27219	0.61770	0.00639	0.00462	0.00434	0.00344	0.00173	0.00134	0.00044	0.00121	0.00139	0.00133	0.00214
44	0.00235	0.00145	0.00193	0.00200	0.01887	0.00134	0.00141	0.00282	0.02086	0.12433	0.29971	0.47275	0.03234	0.00924	0.00165	0.00049	0.00080	0.00295	0.00137	0.00134
45	0.01475	0.34624	0.46869	0.00316	0.00471	0.02346	0.01470	0.04760	0.00304	0.05866	0.00242	0.00271	0.00184	0.00127	0.00114	0.00037	0.00172	0.00093	0.00068	0.00191
46	0.00319	0.11429	0.28001	0.00449	0.00596	0.00347	0.47973	0.01928	0.01353	0.03393	0.00277	0.00358	0.00213	0.00128	0.00141	0.00043	0.00201	0.02594	0.00070	0.00187
47	0.00190	0.00137	0.00179	0.00169	0.00201	0.00127	0.00127	0.00252	0.00378	0.00535	0.91676	0.02677	0.02287	0.00279	0.00159	0.00043	0.00064	0.00247	0.00148	0.00127
48	0.00293	0.00281	0.01505	0.46389	0.37422	0.00314	0.00973	0.02136	0.00288	0.00393	0.00253	0.00369	0.00207	0.00141	0.00156	0.00044	0.06449	0.02146	0.00065	0.00176
49	0.05768	0.08860	0.20404	0.02272	0.18066	0.01702	0.09545	0.03659	0.01660	0.25451	0.00327	0.01169	0.00236	0.00139	0.00129	0.00041	0.00158	0.00119	0.00095	0.00202
50	0.00273	0.00243	0.00405	0.78845	0.09316	0.00291	0.00363	0.00360	0.00280	0.04115	0.02038	0.00398	0.00222	0.00142	0.00136	0.00045	0.00172	0.02131	0.00068	0.00158
51	0.00173	0.00130	0.00146	0.00155	0.00175	0.00118	0.00103	0.00194	0.00260	0.00330	0.02912	0.26537	0.37029	0.30308	0.00329	0.00075	0.00091	0.00719	0.00112	0.00103
52	0.00366	0.12608	0.36256	0.06328	0.02509	0.00628	0.07943	0.01870	0.03357	0.22301	0.00348	0.01328	0.01983	0.00147	0.00130	0.00041	0.00164	0.01406	0.00091	0.00196
53	0.02099	0.04430	0.10366	0.07584	0.02667	0.00761	0.03240	0.03778	0.01098	0.12070	0.13507	0.11359	0.01797	0.04958	0.03531	0.04475	0.00504	0.11518	0.00107	0.00152
54	0.00294	0.00284	0.01556	0.03873	0.03033	0.23876	0.00195	0.00330	0.00302	0.06133	0.02921	0.45234	0.03914	0.00296	0.00168	0.00872	0.04205	0.02272	0.00106	0.00136
55	0.01213	0.00253	0.00414	0.26557	0.40754	0.00269	0.01503	0.00366	0.03640	0.02949	0.04982	0.02190	0.00284	0.00190	0.00190	0.13359	0.00150	0.00495	0.00074	0.00167
56	0.01136	0.00400	0.25429	0.22431	0.28068	0.00310	0.08691	0.04154	0.00311	0.07390	0.00272	0.00337	0.00202	0.00130	0.00134	0.00042	0.00177	0.00119	0.00073	0.00193
57	0.00307	0.00316	0.05684	0.21268	0.52061	0.00307	0.07856	0.01661	0.02320	0.00904	0.00288	0.03200	0.00244	0.00142	0.00138	0.00043	0.00167	0.02833	0.00071	0.00191
58	0.00285	0.01296	0.00926	0.17630	0.25096	0.00636	0.05410	0.03318	0.12478	0.01695	0.01470	0.10565	0.03263	0.00213	0.00149	0.00047	0.00142	0.15113	0.00096	0.00171
59	0.00299	0.05451	0.40713	0.04692	0.13867	0.00786	0.08406	0.01244	0.00725	0.06117	0.02230	0.05750	0.00276	0.00194	0.04011	0.00847	0.01938	0.02193	0.00075	0.00184
60	0.02391	0.09884	0.50841	0.05292	0.02677	0.01598	0.07722	0.03822	0.01616	0.09762	0.01487	0.00321	0.00494	0.00134	0.00127	0.00041	0.00178	0.00110	0.00075	0.01429

[dist]
# distance from previous block
# <min> <max>
0	55

[block]
# block no. 5 follows, 239 sequences, length 22
# corresponding to MSA columns:
# 587-602,610-615
name=unknown_F
#
# <colnr> <probs for GDERKNQSTAVLIFYWHMCP>
#	G	D	E	R	K	N	Q	S	T	A	V	L	I	F	Y	W	H	M	C	P
0	0.03478	0.02812	0.06252	0.03275	0.46808	0.01233	0.06081	0.01605	0.02132	0.13084	0.02800	0.04292	0.01788	0.00153	0.00135	0.00042	0.00149	0.01829	0.01018	0.01036
1	0.02131	0.10438	0.25582	0.03251	0.05506	0.02950	0.03325	0.04490	0.06773	0.12695	0.08101	0.02000	0.00989	0.01394	0.00136	0.00041	0.00147	0.02978	0.00095	0.06977
2	0.02130	0.02042	0.05466	0.01794	0.01169	0.00203	0.00982	0.00335	0.11215	0.04987	0.12420	0.01579	0.00463	0.08597	0.45853	0.00134	0.00234	0.00159	0.00094	0.00142
3	0.08436	0.58669	0.03729	0.00260	0.01175	0.06134	0.01824	0.09116	0.08789	0.00420	0.00238	0.00260	0.00198	0.00128	0.00100	0.00034	0.00147	0.00088	0.00075	0.00180
4	0.00198	0.00130	0.00161	0.00172	0.00182	0.00125	0.00111	0.00213	0.00238	0.04063	0.02038	0.41162	0.03546	0.40929	0.03282	0.01948	0.00111	0.01184	0.00106	0.00102
5	0.03873	0.22226	0.45163	0.00359	0.05049	0.02586	0.06402	0.03805	0.00855	0.06358	0.00257	0.01262	0.00196	0.00132	0.00123	0.00039	0.00951	0.00103	0.00070	0.00191
6	0.02696	0.08262	0.43557	0.02114	0.11291	0.00328	0.09433	0.05711	0.04076	0.10843	0.00289	0.00322	0.00209	0.00133	0.00129	0.00041	0.00174	0.00112	0.00080	0.00200
7	0.00252	0.00236	0.00396	0.81589	0.05056	0.00286	0.01593	0.00338	0.00274	0.00352	0.00307	0.02444	0.03964	0.00153	0.00138	0.00045	0.00172	0.02190	0.00066	0.00150
8	0.00179	0.00132	0.00170	0.00190	0.00211	0.00124	0.00139	0.00223	0.01842	0.00389	0.14663	0.50568	0.13978	0.00377	0.00170	0.00053	0.00083	0.16264	0.00129	0.00117
9	0.00373	0.00378	0.21079	0.13189	0.29741	0.02044	0.06894	0.00469	0.01159	0.22242	0.00948	0.00362	0.00235	0.00136	0.00135	0.00042	0.00166	0.00122	0.00088	0.00202
10	0.02031	0.02237	0.40836	0.04894	0.06953	0.02345	0.07372	0.00397	0.00303	0.09027	0.05303	0.08018	0.06455	0.00183	0.00139	0.00044	0.00161	0.03037	0.00086	0.00178
11	0.00267	0.00185	0.00276	0.19530	0.04477	0.00187	0.03664	0.00321	0.00303	0.14267	0.08243	0.26177	0.14391	0.00272	0.00158	0.00048	0.01310	0.05661	0.00114	0.00146
12	0.01844	0.04465	0.14849	0.26195	0.28037	0.00306	0.08767	0.00412	0.00300	0.09014	0.02310	0.00369	0.01690	0.00136	0.00135	0.00042	0.00743	0.00124	0.00075	0.00186
13	0.00316	0.05910	0.53506	0.05861	0.10223	0.00310	0.07338	0.00441	0.01652	0.09793	0.02141	0.00342	0.01297	0.00136	0.00131	0.00042	0.00179	0.00115	0.00074	0.00196
14	0.00290	0.04432	0.48248	0.04007	0.11207	0.01608	0.11130	0.00409	0.01564	0.03437	0.01821	0.03956	0.01607	0.00183	0.03905	0.00050	0.00188	0.01701	0.00071	0.00186
15	0.02184	0.05348	0.73228	0.02113	0.01288	0.01440	0.02326	0.01497	0.02592	0.04342	0.02267	0.00311	0.00208	0.00134	0.00127	0.00042	0.00186	0.00105	0.00067	0.00195
16	0.00329	0.14654	0.52105	0.02780	0.02386	0.00329	0.07036	0.00447	0.01707	0.12375	0.02030	0.01447	0.00228	0.00139	0.00131	0.00041	0.01456	0.00112	0.00076	0.00194
17	0.01070	0.01632	0.15270	0.23579	0.34905	0.01191	0.02218	0.00437	0.04644	0.10823	0.00295	0.01408	0.00226	0.00138	0.00138	0.00042	0.01589	0.00122	0.00078	0.00193
18	0.01025	0.05381	0.34721	0.09754	0.03044	0.00263	0.04824	0.01377	0.00303	0.12873	0.04613	0.12413	0.04810	0.00199	0.00694	0.00045	0.00734	0.02660	0.00091	0.00175
19	0.00306	0.00299	0.04230	0.40597	0.46207	0.00307	0.02122	0.00393	0.00293	0.03594	0.00257	0.00347	0.00201	0.00128	0.00134	0.00042	0.00170	0.00120	0.00067	0.00186
20	0.02073	0.01569	0.43947	0.11785	0.03086	0.00273	0.04876	0.01027	0.00305	0.20297	0.00350	0.09212	0.00276	0.00164	0.00135	0.00044	0.00165	0.00139	0.00089	0.00190
21	0.00287	0.03464	0.32152	0.08832	0.07635	0.00271	0.07869	0.00384	0.00890	0.08268	0.01831	0.04301	0.00277	0.00339	0.20754	0.00081	0.01981	0.00134	0.00076	0.00173

[dist]
# distance from previous block
# <min> <max>
2	5

[block]
# block no. 6 follows, 239 sequences, length 9
# corresponding to MSA columns:
# 656-664
name=unknown_G
#
# <colnr> <probs for GDERKNQSTAVLIFYWHMCP>
#	G	D	E	R	K	N	Q	S	T	A	V	L	I	F	Y	W	H	M	C	P
0	0.01645	0.05568	0.47905	0.14409	0.03041	0.03442	0.04759	0.01394	0.00300	0.07048	0.03372	0.03681	0.02554	0.00151	0.00131	0.00042	0.00175	0.00126	0.00075	0.00183
1	0.01919	0.01952	0.03871	0.17837	0.51620	0.02287	0.04767	0.02665	0.01531	0.04878	0.00282	0.00382	0.00232	0.03017	0.00151	0.00044	0.00164	0.02137	0.00074	0.00192
2	0.00295	0.00290	0.02364	0.39741	0.37767	0.00306	0.09065	0.02813	0.00299	0.00406	0.00286	0.02322	0.01764	0.00140	0.00138	0.00043	0.00171	0.01542	0.00069	0.00179
3	0.00303	0.00294	0.02474	0.29433	0.43813	0.00302	0.09915	0.02639	0.00304	0.01730	0.01835	0.04261	0.00258	0.00145	0.00139	0.00043	0.00167	0.01688	0.00072	0.00184
4	0.00333	0.06288	0.48945	0.11836	0.02092	0.02756	0.04691	0.00445	0.00305	0.15744	0.02339	0.01867	0.01480	0.00145	0.00131	0.00042	0.00175	0.00119	0.00080	0.00191
5	0.01503	0.02099	0.05501	0.24662	0.33855	0.00283	0.03111	0.01680	0.00306	0.11727	0.02446	0.04914	0.02454	0.00154	0.00139	0.00042	0.01351	0.00138	0.00084	0.03553
6	0.00327	0.01886	0.03190	0.15480	0.60613	0.00299	0.01868	0.00407	0.00304	0.06279	0.01822	0.01658	0.01635	0.00134	0.00133	0.00040	0.00156	0.00127	0.00075	0.03566
7	0.02365	0.06380	0.23670	0.34906	0.07347	0.00308	0.09231	0.01761	0.00290	0.03741	0.00277	0.03746	0.00223	0.00143	0.00132	0.00043	0.00174	0.01652	0.00070	0.03543
8	0.03100	0.05282	0.09038	0.26001	0.30246	0.02282	0.04673	0.01422	0.00304	0.10411	0.00310	0.01444	0.02873	0.00139	0.00131	0.00041	0.00162	0.00124	0.00078	0.01939

[dist]
# distance from previous block
# <min> <max>
2	53

[block]
# block no. 7 follows, 239 sequences, length 14
# corresponding to MSA columns:
# 773-782,785-788
name=unknown_H
#
# <colnr> <probs for GDERKNQSTAVLIFYWHMCP>
#	G	D	E	R	K	N	Q	S	T	A	V	L	I	F	Y	W	H	M	C	P
0	0.13983	0.14190	0.16355	0.00283	0.02888	0.04161	0.02947	0.06379	0.08809	0.12371	0.05839	0.02131	0.01057	0.00172	0.00892	0.01184	0.00141	0.03465	0.00098	0.02652
1	0.07757	0.14002	0.20205	0.03250	0.01758	0.04063	0.08120	0.10093	0.02054	0.01692	0.04916	0.03606	0.00893	0.10598	0.01152	0.00053	0.00861	0.03681	0.00085	0.01161
2	0.14317	0.17245	0.23360	0.00288	0.01821	0.04518	0.02110	0.02464	0.01619	0.06185	0.07625	0.02167	0.00287	0.00163	0.00996	0.00042	0.08918	0.00113	0.00081	0.05682
3	0.06979	0.16912	0.27436	0.00281	0.01300	0.01644	0.03732	0.01521	0.00310	0.13570	0.09068	0.03021	0.04919	0.00944	0.00133	0.00042	0.00143	0.05996	0.00094	0.01954
4	0.03810	0.46553	0.22027	0.00280	0.00406	0.05141	0.04282	0.00419	0.02001	0.04517	0.00289	0.00314	0.05082	0.00135	0.00111	0.00035	0.01031	0.00099	0.00070	0.03396
5	0.00354	0.37436	0.08263	0.02807	0.02114	0.03897	0.05113	0.06939	0.03694	0.05374	0.01523	0.01397	0.00225	0.00129	0.00110	0.00032	0.00144	0.00099	0.00079	0.20272
6	0.01934	0.35364	0.36706	0.00325	0.02454	0.01524	0.04336	0.02213	0.00294	0.07599	0.00249	0.00294	0.00196	0.00135	0.00129	0.00038	0.04571	0.01382	0.00069	0.00187
7	0.02543	0.04573	0.00230	0.00228	0.00265	0.00170	0.00193	0.00286	0.00305	0.03860	0.05244	0.09558	0.05483	0.02881	0.00187	0.00059	0.00115	0.63572	0.00122	0.00128
8	0.01710	0.00242	0.05828	0.00259	0.01305	0.01289	0.00224	0.04603	0.01411	0.46450	0.00561	0.04633	0.00479	0.00239	0.00152	0.00049	0.00124	0.30115	0.00140	0.00187
9	0.01701	0.00277	0.04542	0.06176	0.08959	0.01295	0.02729	0.07596	0.00379	0.62464	0.00449	0.02172	0.00301	0.00161	0.00135	0.00042	0.00133	0.00134	0.00138	0.00216
10	0.00275	0.00171	0.00228	0.00228	0.01650	0.00163	0.01099	0.03425	0.01772	0.15075	0.16570	0.12680	0.10621	0.00311	0.00166	0.00051	0.00103	0.35135	0.00134	0.00145
11	0.00233	0.00157	0.00219	0.00246	0.00279	0.00156	0.00213	0.00294	0.00312	0.04769	0.00706	0.04642	0.00759	0.00364	0.00183	0.00061	0.00122	0.86031	0.00126	0.00128
12	0.96217	0.00261	0.00198	0.00177	0.00261	0.00302	0.00146	0.00396	0.00229	0.00604	0.00188	0.00219	0.00146	0.00125	0.00083	0.00042	0.00104	0.00073	0.00083	0.00146
13	0.00192	0.00130	0.00147	0.00149	0.00152	0.00128	0.00085	0.00195	0.00207	0.00273	0.00505	0.06237	0.06717	0.83632	0.00622	0.00121	0.00124	0.00212	0.00087	0.00085

[dist]
# distance from previous block
# <min> <max>
1	2

[block]
# block no. 8 follows, 239 sequences, length 6
# corresponding to MSA columns:
# 795-800
name=unknown_I
#
# <colnr> <probs for GDERKNQSTAVLIFYWHMCP>
#	G	D	E	R	K	N	Q	S	T	A	V	L	I	F	Y	W	H	M	C	P
0	0.71474	0.02167	0.02075	0.02368	0.02863	0.02142	0.00183	0.10105	0.02834	0.02424	0.00223	0.00250	0.00169	0.00131	0.00095	0.00041	0.00118	0.00084	0.00089	0.00162
1	0.00191	0.00129	0.00148	0.00153	0.00154	0.00127	0.00088	0.00195	0.00205	0.00273	0.00471	0.14778	0.00549	0.81288	0.00610	0.00119	0.00123	0.00223	0.00088	0.00086
2	0.63111	0.00267	0.00273	0.00304	0.17567	0.00296	0.00200	0.02826	0.04490	0.02929	0.04030	0.00300	0.00228	0.00136	0.00101	0.00041	0.00113	0.00096	0.02528	0.00164
3	0.15549	0.00366	0.00368	0.00322	0.05702	0.14257	0.03648	0.32222	0.14637	0.09072	0.00329	0.00336	0.00242	0.00154	0.00133	0.00041	0.02197	0.00116	0.00112	0.00198
4	0.09893	0.00305	0.00342	0.05655	0.07269	0.02079	0.00233	0.31482	0.18209	0.03769	0.00345	0.00386	0.00268	0.03216	0.00143	0.00042	0.00131	0.01790	0.00111	0.14331
5	0.07670	0.00281	0.00421	0.04398	0.55249	0.02394	0.00315	0.03117	0.00305	0.02432	0.02438	0.14315	0.00332	0.00170	0.00134	0.00041	0.00139	0.00155	0.00083	0.05610

[dist]
# distance from previous block
# <min> <max>
0	69

# created by:
# /home/berkeley/.conda/envs/busco_data_prod/bin/msa2prfl.pl pipeline/OGs_align_augustus/2759/30343.fs
