[name]
unknown

[dist]
# distance from previous block
# <min> <max>
4	187

[block]
# block no. 0 follows, 239 sequences, length 13
# corresponding to MSA columns:
# 955-957,962,966-974
name=unknown_A
#
# <colnr> <probs for GDERKNQSTAVLIFYWHMCP>
#	G	D	E	R	K	N	Q	S	T	A	V	L	I	F	Y	W	H	M	C	P
0	0.08890	0.00215	0.00254	0.00212	0.00284	0.00209	0.00167	0.08339	0.07955	0.30628	0.20819	0.03047	0.03613	0.06988	0.00174	0.00047	0.00102	0.00166	0.01960	0.05931
1	0.67639	0.00262	0.00236	0.04336	0.00305	0.00305	0.00174	0.05598	0.05754	0.00568	0.00299	0.00327	0.06650	0.00154	0.00122	0.00043	0.06887	0.00100	0.00089	0.00153
2	0.05967	0.00275	0.00323	0.05947	0.00376	0.00307	0.04301	0.26999	0.29440	0.01737	0.00387	0.00419	0.00298	0.01140	0.06919	0.06660	0.00143	0.00132	0.08047	0.00183
3	0.00259	0.00207	0.00290	0.05519	0.00334	0.02370	0.06638	0.13431	0.00293	0.00410	0.00351	0.02312	0.00311	0.00698	0.60014	0.00152	0.00286	0.00143	0.05838	0.00142
4	0.04526	0.15672	0.45778	0.11534	0.00531	0.02164	0.01257	0.01525	0.01791	0.13603	0.00276	0.00308	0.00199	0.00133	0.00122	0.00040	0.00171	0.00103	0.00076	0.00191
5	0.08698	0.05885	0.08680	0.21294	0.07636	0.02058	0.14720	0.09770	0.00325	0.09791	0.00303	0.06022	0.00245	0.00155	0.00144	0.00043	0.03832	0.00134	0.00085	0.00178
6	0.06682	0.01705	0.12236	0.00235	0.01787	0.00952	0.00201	0.04854	0.14152	0.02724	0.17855	0.12218	0.11126	0.07462	0.03331	0.00057	0.01035	0.01123	0.00113	0.00153
7	0.07093	0.00172	0.00212	0.06723	0.01280	0.00955	0.00164	0.00988	0.08884	0.08095	0.03061	0.52270	0.04737	0.00318	0.00154	0.00050	0.00096	0.03090	0.01522	0.00138
8	0.00240	0.00220	0.06978	0.00932	0.01704	0.00206	0.01411	0.05470	0.00262	0.00367	0.03634	0.07626	0.09424	0.15347	0.14687	0.10039	0.12129	0.00759	0.01838	0.06724
9	0.58657	0.00239	0.00252	0.00246	0.06998	0.00260	0.05647	0.00372	0.00262	0.03693	0.06756	0.10156	0.00326	0.00168	0.00108	0.00043	0.00108	0.00130	0.05429	0.00149
10	0.05562	0.00156	0.00202	0.05873	0.00259	0.00163	0.00151	0.00268	0.01270	0.07069	0.03627	0.15043	0.11004	0.16092	0.27874	0.04039	0.00180	0.00950	0.00097	0.00121
11	0.12922	0.05104	0.08909	0.17282	0.04325	0.04308	0.02676	0.09038	0.09284	0.04358	0.03571	0.00995	0.02794	0.06750	0.06176	0.00059	0.01063	0.00130	0.00090	0.00167
12	0.03127	0.05756	0.00276	0.12235	0.00345	0.00207	0.00185	0.01734	0.01866	0.19119	0.24461	0.09985	0.05170	0.01665	0.01301	0.00045	0.01951	0.00184	0.03837	0.06550

[dist]
# distance from previous block
# <min> <max>
3	90

[block]
# block no. 1 follows, 239 sequences, length 21
# corresponding to MSA columns:
# 1077-1082,1084,1085,1087-1097,1105,1106
name=unknown_B
#
# <colnr> <probs for GDERKNQSTAVLIFYWHMCP>
#	G	D	E	R	K	N	Q	S	T	A	V	L	I	F	Y	W	H	M	C	P
0	0.00253	0.01556	0.00224	0.01197	0.00240	0.01031	0.02211	0.03959	0.02107	0.06335	0.15682	0.15212	0.03352	0.09393	0.06692	0.22912	0.01103	0.00194	0.02355	0.03992
1	0.01518	0.04170	0.09216	0.05975	0.11777	0.03354	0.08652	0.15224	0.23479	0.04481	0.03942	0.02195	0.01017	0.00580	0.00140	0.00043	0.00928	0.00620	0.00103	0.02587
2	0.00229	0.00152	0.00184	0.00182	0.00207	0.00933	0.00125	0.01026	0.01090	0.08269	0.05319	0.33899	0.06965	0.32006	0.00339	0.00076	0.01720	0.01738	0.00111	0.05431
3	0.00372	0.03295	0.13798	0.03355	0.14169	0.06350	0.02715	0.16306	0.09158	0.12118	0.10691	0.03012	0.01887	0.01548	0.00144	0.00043	0.00145	0.00595	0.00107	0.00192
4	0.00351	0.17950	0.01785	0.00257	0.01824	0.01528	0.06367	0.03479	0.05984	0.16213	0.00989	0.06013	0.04849	0.00164	0.00122	0.00035	0.00123	0.03156	0.00101	0.28711
5	0.00327	0.17449	0.00891	0.04612	0.05294	0.03524	0.00941	0.12120	0.18697	0.04729	0.08659	0.05463	0.11983	0.00974	0.00689	0.00043	0.00940	0.01738	0.00753	0.00174
6	0.00196	0.00132	0.00153	0.00153	0.00155	0.00134	0.00089	0.00200	0.00198	0.00266	0.00419	0.00851	0.00477	0.87181	0.08753	0.00138	0.00150	0.00191	0.00081	0.00085
7	0.09122	0.00230	0.00256	0.00236	0.01350	0.00244	0.00800	0.06242	0.34294	0.11959	0.03693	0.18031	0.10842	0.00241	0.00142	0.00046	0.00101	0.01864	0.00131	0.00175
8	0.00275	0.11110	0.04414	0.00240	0.00275	0.08917	0.00193	0.01242	0.00242	0.01918	0.00330	0.03693	0.01041	0.33271	0.12212	0.00096	0.19382	0.00150	0.00872	0.00128
9	0.00903	0.02375	0.06296	0.03288	0.04805	0.13988	0.01968	0.05679	0.02444	0.03386	0.02115	0.00324	0.00222	0.00173	0.00239	0.00044	0.34749	0.00992	0.00076	0.15933
10	0.03343	0.00272	0.01555	0.00252	0.00354	0.01655	0.00210	0.21490	0.01276	0.59925	0.03899	0.00431	0.00331	0.00165	0.00133	0.00041	0.00122	0.00132	0.01208	0.03208
11	0.00296	0.00298	0.00431	0.00364	0.00371	0.00409	0.04884	0.00329	0.00212	0.00329	0.00182	0.00298	0.00178	0.00230	0.00428	0.00058	0.90373	0.00120	0.00059	0.00149
12	0.01579	0.00262	0.00297	0.01422	0.00963	0.01445	0.02090	0.19276	0.32343	0.08557	0.08570	0.06711	0.09167	0.00213	0.00144	0.00044	0.00877	0.01961	0.01974	0.02107
13	0.25696	0.00315	0.03907	0.00262	0.01208	0.02365	0.00930	0.31019	0.01344	0.31140	0.00351	0.00339	0.00239	0.00151	0.00121	0.00041	0.00130	0.00112	0.00126	0.00204
14	0.03084	0.00251	0.00287	0.00232	0.00310	0.00262	0.02479	0.36798	0.00433	0.14870	0.01425	0.03181	0.01787	0.00185	0.01930	0.00041	0.00116	0.00135	0.30203	0.01989
15	0.00169	0.00134	0.00153	0.00157	0.00192	0.00117	0.00115	0.00210	0.00317	0.00406	0.25108	0.18511	0.51194	0.00340	0.00162	0.00047	0.00070	0.02350	0.00131	0.00117
16	0.00333	0.00292	0.00440	0.37680	0.32374	0.00326	0.00349	0.18313	0.05080	0.00487	0.00285	0.01517	0.00223	0.00141	0.00134	0.00042	0.00160	0.00125	0.01508	0.00189
17	0.00438	0.00238	0.00285	0.00237	0.01749	0.01627	0.01990	0.18844	0.05635	0.34443	0.04263	0.00467	0.01006	0.00168	0.00127	0.00039	0.00800	0.00136	0.27316	0.00191
18	0.00199	0.00135	0.00173	0.00178	0.00205	0.00124	0.00130	0.00245	0.00325	0.04476	0.42378	0.34847	0.09106	0.00330	0.00162	0.00048	0.00074	0.03924	0.02819	0.00124
19	0.04610	0.00235	0.00304	0.00237	0.00336	0.00214	0.00195	0.05476	0.02932	0.78010	0.03814	0.00463	0.00356	0.00169	0.00133	0.00042	0.00113	0.00136	0.02008	0.00220
20	0.02272	0.00202	0.00232	0.00207	0.00263	0.02612	0.00159	0.09052	0.07227	0.19978	0.21950	0.15371	0.14365	0.02882	0.00164	0.00047	0.00096	0.01184	0.01577	0.00159

[dist]
# distance from previous block
# <min> <max>
2	16

[block]
# block no. 2 follows, 239 sequences, length 6
# corresponding to MSA columns:
# 1129-1134
name=unknown_C
#
# <colnr> <probs for GDERKNQSTAVLIFYWHMCP>
#	G	D	E	R	K	N	Q	S	T	A	V	L	I	F	Y	W	H	M	C	P
0	0.04462	0.00316	0.08600	0.17836	0.32983	0.04282	0.03784	0.01525	0.01772	0.01622	0.07937	0.02546	0.04533	0.00158	0.00142	0.00042	0.02687	0.00139	0.01341	0.03293
1	0.00217	0.00167	0.00206	0.00200	0.00225	0.00181	0.00147	0.00281	0.12103	0.00352	0.04845	0.08174	0.18074	0.17360	0.14160	0.11469	0.08425	0.03196	0.00098	0.00119
2	0.03025	0.00131	0.00168	0.00186	0.00206	0.00123	0.00132	0.00223	0.00286	0.03188	0.14320	0.63097	0.08243	0.00375	0.00166	0.00052	0.00080	0.05753	0.00128	0.00118
3	0.00396	0.00180	0.00237	0.00200	0.00266	0.00160	0.00158	0.00450	0.00364	0.46784	0.29660	0.06398	0.05391	0.00224	0.00143	0.00042	0.00090	0.00191	0.08490	0.00176
4	0.00399	0.00323	0.00378	0.00304	0.00397	0.00354	0.08328	0.43413	0.35003	0.00666	0.00492	0.00477	0.08480	0.00181	0.00140	0.00043	0.00133	0.00150	0.00129	0.00209
5	0.77578	0.00255	0.00212	0.00186	0.00264	0.00290	0.00150	0.06438	0.00259	0.04667	0.00232	0.00293	0.00189	0.08357	0.00141	0.00049	0.00110	0.00089	0.00090	0.00149

[dist]
# distance from previous block
# <min> <max>
0	5

[block]
# block no. 3 follows, 239 sequences, length 12
# corresponding to MSA columns:
# 1140,1142-1152
name=unknown_D
#
# <colnr> <probs for GDERKNQSTAVLIFYWHMCP>
#	G	D	E	R	K	N	Q	S	T	A	V	L	I	F	Y	W	H	M	C	P
0	0.26044	0.00321	0.00328	0.00262	0.00359	0.00355	0.00215	0.51547	0.07853	0.09116	0.00326	0.00325	0.00233	0.00154	0.00121	0.00041	0.00129	0.00112	0.01956	0.00204
1	0.10905	0.02331	0.01757	0.04850	0.11877	0.03198	0.00240	0.12611	0.33037	0.07896	0.04450	0.00448	0.03916	0.00168	0.00130	0.00042	0.00125	0.00136	0.00115	0.01769
2	0.00379	0.81529	0.04534	0.00241	0.00357	0.02922	0.00240	0.00428	0.00286	0.07730	0.00217	0.00239	0.00185	0.00120	0.00093	0.00031	0.00147	0.00079	0.00066	0.00178
3	0.00281	0.05744	0.76109	0.00359	0.00536	0.00311	0.02836	0.02201	0.00301	0.02203	0.07647	0.00344	0.00262	0.00140	0.00129	0.00042	0.00184	0.00112	0.00068	0.00193
4	0.00288	0.00246	0.00315	0.17676	0.02801	0.02159	0.03395	0.05328	0.31873	0.01755	0.07422	0.04218	0.05889	0.02007	0.09303	0.00064	0.01703	0.03281	0.00108	0.00169
5	0.00173	0.00135	0.00144	0.00143	0.00183	0.00117	0.00107	0.00215	0.00315	0.00406	0.16879	0.04835	0.66349	0.00316	0.00154	0.00044	0.00067	0.00267	0.09035	0.00117
6	0.00342	0.00367	0.00489	0.10000	0.25968	0.21129	0.18413	0.00410	0.00309	0.00386	0.00278	0.00418	0.00244	0.00176	0.01753	0.01804	0.08798	0.07465	0.01080	0.00170
7	0.00170	0.00128	0.00157	0.00171	0.00195	0.00115	0.00121	0.00206	0.00300	0.00393	0.21271	0.46555	0.26954	0.00367	0.00166	0.00050	0.00073	0.02363	0.00130	0.00115
8	0.00199	0.00141	0.00203	0.00203	0.00220	0.00159	0.00151	0.00226	0.00211	0.00298	0.00377	0.02659	0.02345	0.11646	0.64834	0.13790	0.02004	0.00154	0.00073	0.00107
9	0.00413	0.44152	0.00544	0.00295	0.00386	0.31383	0.02878	0.08169	0.03153	0.00376	0.00218	0.00252	0.00186	0.00137	0.00131	0.00035	0.06959	0.00089	0.00071	0.00172
10	0.00182	0.00134	0.00173	0.00194	0.00215	0.00127	0.00144	0.00228	0.02521	0.00388	0.12447	0.52156	0.10798	0.00379	0.00171	0.00053	0.00085	0.19360	0.00128	0.00118
11	0.01602	0.09694	0.02037	0.20457	0.25675	0.02780	0.01600	0.23108	0.01118	0.02752	0.03197	0.02608	0.00261	0.00157	0.00893	0.00042	0.00976	0.00767	0.00088	0.00190

[dist]
# distance from previous block
# <min> <max>
1	35

[block]
# block no. 4 follows, 239 sequences, length 11
# corresponding to MSA columns:
# 1190-1193,1218-1221,1223-1225
name=unknown_E
#
# <colnr> <probs for GDERKNQSTAVLIFYWHMCP>
#	G	D	E	R	K	N	Q	S	T	A	V	L	I	F	Y	W	H	M	C	P
0	0.02649	0.00323	0.00397	0.38084	0.16188	0.18285	0.02845	0.02368	0.00303	0.00377	0.00290	0.00464	0.00257	0.05761	0.00175	0.00049	0.02322	0.08632	0.00072	0.00158
1	0.00290	0.01147	0.00404	0.23188	0.33118	0.03200	0.03769	0.02003	0.06515	0.01686	0.12496	0.02164	0.07425	0.00172	0.00139	0.00042	0.00143	0.00155	0.01771	0.00173
2	0.00299	0.08478	0.58615	0.00380	0.03439	0.00324	0.08495	0.05567	0.00309	0.02381	0.00293	0.01590	0.00239	0.00153	0.00137	0.00043	0.01488	0.07509	0.00071	0.00190
3	0.00209	0.00173	0.01364	0.01351	0.01249	0.00181	0.01204	0.01772	0.01923	0.00394	0.19941	0.26908	0.10982	0.09199	0.02945	0.00063	0.13213	0.06693	0.00113	0.00125
4	0.89277	0.00288	0.00211	0.00189	0.00272	0.07149	0.00154	0.00406	0.00240	0.00585	0.00189	0.00221	0.00148	0.00126	0.00086	0.00041	0.00114	0.00074	0.00082	0.00147
5	0.03751	0.00306	0.07227	0.00276	0.01707	0.01801	0.01764	0.26998	0.16480	0.12999	0.11386	0.01829	0.01225	0.03847	0.00173	0.02085	0.01964	0.02837	0.01155	0.00190
6	0.00167	0.00122	0.00157	0.00182	0.00197	0.00112	0.00125	0.00195	0.00273	0.00360	0.06330	0.75735	0.11934	0.00402	0.00170	0.00053	0.00078	0.03170	0.00126	0.00111
7	0.08880	0.08104	0.07229	0.00243	0.00302	0.02537	0.04195	0.01184	0.08137	0.01225	0.09717	0.22474	0.07581	0.00265	0.00164	0.00928	0.05179	0.10341	0.01171	0.00145
8	0.05996	0.00336	0.08275	0.05956	0.05284	0.04010	0.16020	0.05678	0.01288	0.01407	0.00251	0.01649	0.00213	0.00244	0.08244	0.00063	0.32534	0.00126	0.00941	0.01487
9	0.02501	0.02820	0.00449	0.00363	0.00386	0.00401	0.09150	0.02296	0.00233	0.02971	0.00199	0.00303	0.00184	0.00215	0.00383	0.00056	0.76752	0.00120	0.00065	0.00155
10	0.01515	0.16779	0.19774	0.01228	0.03504	0.11929	0.06361	0.14266	0.07496	0.04421	0.01493	0.05920	0.00274	0.02803	0.00147	0.00043	0.01648	0.00128	0.00088	0.00184

[dist]
# distance from previous block
# <min> <max>
2	36

[block]
# block no. 5 follows, 239 sequences, length 15
# corresponding to MSA columns:
# 1343-1357
name=unknown_F
#
# <colnr> <probs for GDERKNQSTAVLIFYWHMCP>
#	G	D	E	R	K	N	Q	S	T	A	V	L	I	F	Y	W	H	M	C	P
0	0.10935	0.03050	0.00365	0.05606	0.03276	0.10107	0.00242	0.40456	0.14376	0.04906	0.01674	0.01602	0.00875	0.00162	0.00133	0.00041	0.01758	0.00122	0.00114	0.00198
1	0.00282	0.00268	0.00398	0.01674	0.21190	0.01548	0.03028	0.00334	0.01504	0.00357	0.00286	0.00453	0.01532	0.05107	0.12366	0.00077	0.43795	0.05574	0.00070	0.00155
2	0.00181	0.00126	0.00169	0.00196	0.00210	0.00118	0.00140	0.00212	0.00274	0.02050	0.05224	0.75506	0.00883	0.00403	0.00173	0.00055	0.00085	0.13755	0.00127	0.00115
3	0.00174	0.00126	0.00159	0.00178	0.00193	0.00119	0.00123	0.00200	0.00262	0.00344	0.03853	0.53198	0.15545	0.15048	0.03444	0.00071	0.00097	0.06643	0.00117	0.00108
4	0.00472	0.00340	0.00368	0.00290	0.00388	0.00375	0.00237	0.69195	0.14494	0.05640	0.02285	0.00379	0.00288	0.00167	0.00134	0.00041	0.00135	0.00129	0.04423	0.00220
5	0.26275	0.00257	0.00284	0.00231	0.00324	0.00264	0.00189	0.09743	0.13655	0.43368	0.01756	0.00396	0.00297	0.00159	0.00121	0.00042	0.00112	0.00121	0.02204	0.00201
6	0.14517	0.03822	0.00351	0.00266	0.00365	0.02743	0.00219	0.46229	0.05122	0.21907	0.00357	0.00346	0.00249	0.00156	0.00124	0.00040	0.00132	0.00116	0.02727	0.00209
7	0.02926	0.08098	0.54426	0.00346	0.00502	0.00335	0.04936	0.10290	0.08033	0.05594	0.01339	0.01169	0.00225	0.00142	0.00131	0.00042	0.01075	0.00112	0.00081	0.00199
8	0.00370	0.79670	0.02789	0.00264	0.02758	0.02696	0.02780	0.02625	0.01597	0.03100	0.00211	0.00239	0.00184	0.00120	0.00095	0.00031	0.00149	0.00081	0.00065	0.00178
9	0.48941	0.00347	0.00289	0.01620	0.01972	0.16905	0.00202	0.16602	0.01616	0.05079	0.00241	0.00267	0.00183	0.00141	0.00118	0.00041	0.03887	0.00092	0.01289	0.00168
10	0.02481	0.02705	0.02904	0.03546	0.03272	0.04725	0.03078	0.09416	0.39642	0.01793	0.05148	0.16494	0.01080	0.00218	0.00146	0.00046	0.01631	0.01375	0.00119	0.00182
11	0.00165	0.00133	0.00147	0.00153	0.00189	0.00116	0.00112	0.00200	0.00302	0.00375	0.08986	0.19751	0.63676	0.01744	0.00170	0.00049	0.00073	0.03419	0.00126	0.00114
12	0.04402	0.00221	0.00236	0.02531	0.00280	0.06070	0.00162	0.07204	0.03769	0.27872	0.02623	0.02067	0.00343	0.00181	0.01878	0.00041	0.00107	0.00132	0.39712	0.00169
13	0.00174	0.00133	0.00160	0.00165	0.00195	0.00119	0.00121	0.00217	0.00319	0.00421	0.34345	0.25378	0.32472	0.01748	0.00171	0.00049	0.00072	0.03491	0.00133	0.00117
14	0.00252	0.00160	0.00207	0.00198	0.00221	0.00171	0.00141	0.03184	0.14382	0.02473	0.03510	0.02616	0.00363	0.13603	0.14917	0.43107	0.00153	0.00148	0.00085	0.00107

[dist]
# distance from previous block
# <min> <max>
2	4

[block]
# block no. 6 follows, 239 sequences, length 9
# corresponding to MSA columns:
# 1381-1387,1392,1393
name=unknown_G
#
# <colnr> <probs for GDERKNQSTAVLIFYWHMCP>
#	G	D	E	R	K	N	Q	S	T	A	V	L	I	F	Y	W	H	M	C	P
0	0.03312	0.51303	0.00563	0.04660	0.13452	0.02729	0.00258	0.10570	0.08004	0.00427	0.01842	0.00306	0.01793	0.00135	0.00108	0.00035	0.00144	0.00100	0.00078	0.00184
1	0.03071	0.00123	0.00175	0.00176	0.00179	0.00124	0.00118	0.00186	0.00184	0.00254	0.00272	0.03504	0.00281	0.06440	0.00504	0.81849	0.00116	0.02312	0.00064	0.00066
2	0.00343	0.02705	0.35472	0.00340	0.04096	0.08550	0.04697	0.09394	0.12059	0.07750	0.05639	0.00433	0.04264	0.03480	0.00153	0.00045	0.00163	0.00132	0.00094	0.00190
3	0.00237	0.00152	0.00179	0.01769	0.01718	0.01367	0.00133	0.00303	0.04108	0.03314	0.20514	0.23269	0.00669	0.00247	0.00133	0.00041	0.00078	0.01540	0.36784	0.03447
4	0.00202	0.00213	0.10825	0.00235	0.00280	0.00165	0.05493	0.02959	0.01710	0.00395	0.08475	0.57973	0.06478	0.00339	0.00167	0.00051	0.01427	0.02366	0.00116	0.00131
5	0.01634	0.00302	0.00443	0.13483	0.40847	0.00325	0.01727	0.19579	0.05462	0.02958	0.01830	0.00403	0.04160	0.01456	0.00158	0.00044	0.04771	0.00132	0.00090	0.00196
6	0.00352	0.00280	0.00331	0.00286	0.01938	0.01295	0.05904	0.22689	0.37869	0.03861	0.07437	0.02403	0.06004	0.00222	0.02878	0.00049	0.00127	0.03392	0.02487	0.00193
7	0.00175	0.00132	0.00159	0.00179	0.02215	0.00120	0.00121	0.00199	0.00271	0.00345	0.02820	0.39128	0.36385	0.09186	0.00233	0.05276	0.00084	0.02748	0.00117	0.00109
8	0.04048	0.00294	0.00469	0.13534	0.59804	0.01410	0.01453	0.00405	0.02782	0.03708	0.00281	0.02778	0.00239	0.03100	0.00162	0.00045	0.03880	0.00128	0.00074	0.01408

[dist]
# distance from previous block
# <min> <max>
2	44

[block]
# block no. 7 follows, 239 sequences, length 19
# corresponding to MSA columns:
# 1447-1456,1458-1466
name=unknown_H
#
# <colnr> <probs for GDERKNQSTAVLIFYWHMCP>
#	G	D	E	R	K	N	Q	S	T	A	V	L	I	F	Y	W	H	M	C	P
0	0.47787	0.02819	0.03211	0.01240	0.00901	0.02535	0.01252	0.11825	0.01902	0.21565	0.01602	0.00959	0.00232	0.00153	0.00882	0.00043	0.00123	0.00686	0.00108	0.00178
1	0.33046	0.00278	0.03686	0.11866	0.02289	0.00291	0.01963	0.06201	0.01495	0.09547	0.00267	0.00836	0.00906	0.01356	0.01044	0.00044	0.11165	0.00104	0.00088	0.13529
2	0.00208	0.00178	0.00186	0.00177	0.00214	0.07879	0.00132	0.00261	0.00360	0.00476	0.62306	0.03952	0.22601	0.00284	0.00156	0.00043	0.00080	0.00244	0.00136	0.00126
3	0.00433	0.02051	0.00364	0.06099	0.00422	0.58118	0.00252	0.04805	0.19100	0.00402	0.00317	0.02713	0.01602	0.00162	0.00133	0.00039	0.01779	0.00952	0.00088	0.00169
4	0.01925	0.26021	0.00425	0.01978	0.00351	0.01775	0.00215	0.34844	0.00418	0.12607	0.00321	0.00347	0.00245	0.02136	0.00953	0.01882	0.01157	0.00111	0.12103	0.00189
5	0.00192	0.00131	0.00159	0.00163	0.00182	0.00122	0.00111	0.00214	0.00271	0.01912	0.19468	0.21607	0.18221	0.25825	0.00332	0.07943	0.00091	0.01191	0.01760	0.00105
6	0.01460	0.05541	0.00383	0.00312	0.08080	0.01430	0.00237	0.33064	0.02097	0.43739	0.02022	0.00393	0.00292	0.00160	0.00132	0.00040	0.00132	0.00127	0.00139	0.00221
7	0.00218	0.00148	0.00185	0.00175	0.00216	0.00133	0.00134	0.00272	0.00350	0.07211	0.52253	0.03743	0.21942	0.01489	0.00165	0.00045	0.00076	0.07890	0.00139	0.03217
8	0.00289	0.00287	0.00407	0.08105	0.00398	0.00398	0.00298	0.00324	0.00212	0.00326	0.00186	0.00305	0.00181	0.00245	0.02576	0.00061	0.85076	0.00119	0.00059	0.00147
9	0.00293	0.08041	0.00318	0.00205	0.00324	0.00216	0.00168	0.03109	0.00289	0.00441	0.00238	0.00275	0.00198	0.00103	0.00100	0.00021	0.00105	0.00080	0.00080	0.85395
10	0.02982	0.01684	0.08110	0.00307	0.00417	0.03306	0.00267	0.70568	0.07214	0.02250	0.00328	0.00330	0.00236	0.00158	0.00132	0.00041	0.00150	0.00119	0.01182	0.00219
11	0.59654	0.00258	0.00244	0.01316	0.01899	0.01341	0.01584	0.10689	0.00296	0.03038	0.00316	0.03843	0.00287	0.00179	0.00112	0.00045	0.00117	0.14530	0.00098	0.00154
12	0.00329	0.00306	0.00513	0.17455	0.73447	0.00317	0.00398	0.03240	0.00311	0.02021	0.00258	0.00340	0.00210	0.00125	0.00134	0.00041	0.00162	0.00120	0.00069	0.00203
13	0.00171	0.00124	0.00161	0.00185	0.00199	0.00116	0.00127	0.00205	0.01546	0.00370	0.10880	0.73431	0.07242	0.01569	0.00176	0.00054	0.00078	0.03124	0.00127	0.00113
14	0.01524	0.00196	0.00266	0.00231	0.00305	0.00177	0.00190	0.00502	0.00351	0.57705	0.02515	0.10123	0.00508	0.00241	0.00149	0.00047	0.00111	0.21744	0.02928	0.00187
15	0.00171	0.00124	0.00156	0.00175	0.00190	0.00115	0.00119	0.00198	0.00270	0.00357	0.09662	0.59678	0.14280	0.11742	0.00231	0.00061	0.00083	0.02159	0.00122	0.00109
16	0.00483	0.00363	0.00388	0.00304	0.00407	0.00404	0.00249	0.78667	0.15990	0.00802	0.00360	0.00353	0.00259	0.00165	0.00135	0.00041	0.00141	0.00126	0.00135	0.00226
17	0.00230	0.00149	0.00192	0.00177	0.00217	0.00138	0.00134	0.00299	0.02987	0.09059	0.74142	0.04325	0.05816	0.00270	0.00156	0.00043	0.00070	0.00237	0.01220	0.00137
18	0.68786	0.02019	0.00254	0.00209	0.00298	0.00322	0.00172	0.17236	0.03171	0.06108	0.00243	0.00260	0.00180	0.00136	0.00097	0.00041	0.00114	0.00088	0.00099	0.00168

[dist]
# distance from previous block
# <min> <max>
7	8

[block]
# block no. 8 follows, 239 sequences, length 7
# corresponding to MSA columns:
# 1575-1579,1583,1584
name=unknown_I
#
# <colnr> <probs for GDERKNQSTAVLIFYWHMCP>
#	G	D	E	R	K	N	Q	S	T	A	V	L	I	F	Y	W	H	M	C	P
0	0.00234	0.00117	0.00176	0.00176	0.00176	0.00117	0.00117	0.00176	0.00176	0.00234	0.00234	0.00410	0.00234	0.00468	0.00527	0.96080	0.00117	0.00117	0.00059	0.00059
1	0.00447	0.37618	0.00508	0.00302	0.00389	0.57949	0.00249	0.00485	0.00340	0.00325	0.00200	0.00232	0.00173	0.00130	0.00108	0.00032	0.00204	0.00081	0.00065	0.00163
2	0.00168	0.00122	0.00157	0.00183	0.00196	0.00113	0.00125	0.00194	0.00267	0.00352	0.03803	0.76393	0.09927	0.03452	0.00187	0.00056	0.00080	0.03992	0.00124	0.00110
3	0.00214	0.00179	0.04859	0.00204	0.00247	0.00154	0.00168	0.02218	0.04892	0.03145	0.24876	0.21151	0.17495	0.00321	0.00164	0.00050	0.00092	0.19309	0.00129	0.00133
4	0.09607	0.05004	0.08811	0.20124	0.08716	0.07379	0.01655	0.02406	0.29615	0.03062	0.00347	0.02132	0.00269	0.00153	0.00127	0.00043	0.00149	0.00125	0.00093	0.00184
5	0.78649	0.00266	0.00241	0.00247	0.09376	0.00300	0.00177	0.00423	0.03854	0.05115	0.00224	0.00252	0.00172	0.00129	0.00093	0.00042	0.00110	0.00084	0.00088	0.00159
6	0.09574	0.00290	0.02075	0.37371	0.34547	0.02340	0.02410	0.00394	0.04132	0.00422	0.03210	0.00358	0.00233	0.00136	0.00136	0.00043	0.01964	0.00120	0.00071	0.00176

[dist]
# distance from previous block
# <min> <max>
0	6

[block]
# block no. 9 follows, 239 sequences, length 9
# corresponding to MSA columns:
# 1591-1599
name=unknown_J
#
# <colnr> <probs for GDERKNQSTAVLIFYWHMCP>
#	G	D	E	R	K	N	Q	S	T	A	V	L	I	F	Y	W	H	M	C	P
0	0.10977	0.00274	0.00375	0.07241	0.25198	0.00286	0.04191	0.17434	0.01344	0.10227	0.02069	0.00389	0.01901	0.00160	0.01581	0.00043	0.01209	0.00124	0.12300	0.02677
1	0.04740	0.00244	0.00325	0.00251	0.00351	0.00226	0.03902	0.08962	0.02345	0.70011	0.05108	0.00461	0.00359	0.00168	0.00134	0.00042	0.00118	0.00138	0.01899	0.00216
2	0.15232	0.00202	0.00241	0.01885	0.02973	0.00214	0.00167	0.06865	0.03860	0.17099	0.00397	0.01950	0.00357	0.24771	0.20050	0.00102	0.00173	0.03212	0.00102	0.00148
3	0.00325	0.00230	0.00263	0.00233	0.02347	0.00235	0.00179	0.22416	0.13704	0.09225	0.24162	0.00752	0.19218	0.00231	0.00145	0.00043	0.00099	0.01993	0.02256	0.01944
4	0.00290	0.00237	0.00297	0.05251	0.12713	0.01620	0.00222	0.08183	0.28131	0.02341	0.05289	0.25596	0.00550	0.02210	0.00161	0.00049	0.00115	0.06458	0.00119	0.00170
5	0.03127	0.01342	0.01335	0.18672	0.21300	0.34129	0.01363	0.02400	0.03462	0.01979	0.00269	0.00327	0.02278	0.00143	0.00140	0.00040	0.04191	0.00110	0.00074	0.03321
6	0.00189	0.00140	0.00166	0.00176	0.00198	0.00134	0.00122	0.03913	0.01863	0.00363	0.04001	0.42527	0.21678	0.18756	0.02983	0.00071	0.00098	0.02394	0.00117	0.00113
7	0.26458	0.03811	0.08972	0.02325	0.23299	0.01064	0.01218	0.06865	0.03067	0.02537	0.02364	0.00391	0.03335	0.00159	0.01235	0.00042	0.01101	0.03803	0.00086	0.07869
8	0.04100	0.02163	0.05914	0.23309	0.17413	0.02248	0.14161	0.05692	0.01880	0.08203	0.01629	0.02068	0.01942	0.01370	0.01670	0.00047	0.03648	0.01415	0.00083	0.01045

[dist]
# distance from previous block
# <min> <max>
2	20

[block]
# block no. 10 follows, 239 sequences, length 7
# corresponding to MSA columns:
# 1654-1660
name=unknown_K
#
# <colnr> <probs for GDERKNQSTAVLIFYWHMCP>
#	G	D	E	R	K	N	Q	S	T	A	V	L	I	F	Y	W	H	M	C	P
0	0.01849	0.11063	0.19595	0.25506	0.02544	0.04191	0.05297	0.07377	0.04545	0.00414	0.00279	0.06261	0.00237	0.00163	0.00162	0.00044	0.10099	0.00128	0.00073	0.00172
1	0.01525	0.03448	0.01155	0.13063	0.14179	0.01234	0.05939	0.03771	0.01936	0.02223	0.03085	0.14739	0.14609	0.06932	0.01494	0.00936	0.03470	0.02845	0.03268	0.00148
2	0.00205	0.00144	0.00177	0.00169	0.00206	0.00132	0.00127	0.00270	0.03191	0.04022	0.61460	0.07105	0.18343	0.00286	0.00156	0.00043	0.00069	0.00249	0.03516	0.00130
3	0.02227	0.01319	0.07684	0.13823	0.08191	0.00222	0.05041	0.02374	0.01258	0.13883	0.16526	0.10687	0.02916	0.03373	0.01301	0.01797	0.01019	0.04414	0.01786	0.00159
4	0.00227	0.00119	0.00172	0.00174	0.00178	0.00118	0.00118	0.00185	0.00192	0.00258	0.00321	0.05553	0.02912	0.04599	0.00481	0.78310	0.00113	0.02783	0.03120	0.00068
5	0.10706	0.11212	0.00403	0.00286	0.00382	0.15396	0.00237	0.49950	0.00480	0.04866	0.00284	0.00297	0.00211	0.00151	0.00128	0.00039	0.02428	0.00106	0.02242	0.00198
6	0.04669	0.01634	0.02431	0.01562	0.05038	0.05241	0.09442	0.09852	0.07046	0.03696	0.02402	0.02141	0.01286	0.01321	0.00136	0.00035	0.02237	0.01750	0.01089	0.36993

[dist]
# distance from previous block
# <min> <max>
1	15

[block]
# block no. 11 follows, 239 sequences, length 15
# corresponding to MSA columns:
# 1677-1682,1689-1691,1702-1707
name=unknown_L
#
# <colnr> <probs for GDERKNQSTAVLIFYWHMCP>
#	G	D	E	R	K	N	Q	S	T	A	V	L	I	F	Y	W	H	M	C	P
0	0.02316	0.00341	0.17294	0.18138	0.19125	0.03053	0.04298	0.03076	0.02869	0.03222	0.03451	0.06208	0.00901	0.02838	0.02892	0.00052	0.04711	0.03518	0.01526	0.00171
1	0.00195	0.00138	0.00189	0.00190	0.00205	0.00152	0.00135	0.00221	0.00209	0.00293	0.00388	0.03316	0.00401	0.33176	0.56122	0.04058	0.00264	0.00168	0.00076	0.00104
2	0.01935	0.00173	0.00218	0.00193	0.00248	0.00158	0.00149	0.02116	0.02290	0.29692	0.30223	0.10633	0.12677	0.01834	0.00165	0.02053	0.00088	0.01191	0.03808	0.00157
3	0.00195	0.00143	0.00178	0.00172	0.00206	0.00133	0.00128	0.00263	0.04118	0.01894	0.65469	0.11680	0.14323	0.00296	0.00159	0.00044	0.00068	0.00260	0.00142	0.00128
4	0.11270	0.00191	0.00253	0.00228	0.01977	0.00188	0.06887	0.04547	0.01563	0.10548	0.33352	0.12852	0.05840	0.01231	0.01069	0.00047	0.00100	0.03744	0.03966	0.00148
5	0.01552	0.03354	0.00243	0.01922	0.01168	0.00201	0.02245	0.07935	0.06353	0.07772	0.09002	0.03333	0.13909	0.31171	0.01695	0.00075	0.01651	0.04319	0.01964	0.00136
6	0.13866	0.13889	0.15716	0.07335	0.01052	0.20193	0.04555	0.02682	0.04063	0.03682	0.01068	0.02029	0.00817	0.00718	0.03383	0.00046	0.01944	0.01263	0.00821	0.00877
7	0.02127	0.08746	0.01665	0.21791	0.09047	0.22519	0.03001	0.09127	0.07186	0.05145	0.00279	0.01309	0.00220	0.00152	0.00832	0.01048	0.01379	0.00112	0.00083	0.04232
8	0.17999	0.04261	0.05879	0.07226	0.20989	0.04237	0.07322	0.02138	0.07522	0.05630	0.02536	0.01813	0.00938	0.01132	0.00150	0.00044	0.05708	0.02479	0.01823	0.00177
9	0.02860	0.00150	0.00180	0.00171	0.00214	0.00135	0.00129	0.00286	0.00327	0.13281	0.29986	0.15660	0.27991	0.02957	0.00169	0.00047	0.00078	0.01601	0.03644	0.00134
10	0.02344	0.29009	0.12423	0.03783	0.00382	0.08085	0.04047	0.06327	0.03228	0.02671	0.11882	0.04110	0.05293	0.01556	0.00135	0.00040	0.00667	0.02966	0.00888	0.00165
11	0.00183	0.00138	0.00164	0.00161	0.00197	0.00124	0.00120	0.00234	0.01742	0.01528	0.41874	0.11364	0.38157	0.01870	0.00169	0.00047	0.00070	0.01602	0.00135	0.00122
12	0.00198	0.00147	0.00205	0.02588	0.00232	0.00166	0.00150	0.00232	0.00215	0.00304	0.02552	0.00636	0.00396	0.29523	0.59000	0.00178	0.02931	0.00161	0.00076	0.00110
13	0.20278	0.16399	0.03234	0.05434	0.08764	0.07632	0.04078	0.18490	0.03465	0.04608	0.00907	0.03428	0.00231	0.00148	0.00121	0.00040	0.01494	0.00112	0.00957	0.00181
14	0.00251	0.00189	0.02779	0.00219	0.00266	0.00178	0.01527	0.02126	0.15789	0.08207	0.15768	0.29193	0.09900	0.00306	0.00160	0.00050	0.00095	0.12717	0.00132	0.00147

[dist]
# distance from previous block
# <min> <max>
11	23

[block]
# block no. 12 follows, 239 sequences, length 10
# corresponding to MSA columns:
# 1787-1792,1795-1798
name=unknown_M
#
# <colnr> <probs for GDERKNQSTAVLIFYWHMCP>
#	G	D	E	R	K	N	Q	S	T	A	V	L	I	F	Y	W	H	M	C	P
0	0.08516	0.00304	0.02852	0.07652	0.20189	0.01284	0.01494	0.17602	0.20812	0.04997	0.04389	0.01641	0.00316	0.00164	0.00143	0.00043	0.03819	0.00948	0.02639	0.00194
1	0.00300	0.00272	0.00444	0.51272	0.32411	0.00309	0.00369	0.03706	0.03462	0.02414	0.00265	0.00358	0.00207	0.00150	0.01807	0.00046	0.01839	0.00122	0.00070	0.00177
2	0.00191	0.00143	0.00164	0.00161	0.00199	0.00130	0.00118	0.01308	0.02184	0.02343	0.19753	0.11932	0.45361	0.06905	0.04049	0.01204	0.00088	0.00260	0.01743	0.01761
3	0.03545	0.00356	0.01516	0.00316	0.00368	0.17887	0.04357	0.18374	0.02762	0.01777	0.01152	0.06312	0.03368	0.00974	0.01195	0.00050	0.32781	0.00138	0.02608	0.00165
4	0.03232	0.17624	0.04026	0.01460	0.02434	0.01135	0.13039	0.24013	0.06042	0.11058	0.01313	0.00362	0.00256	0.01045	0.00138	0.00936	0.01735	0.00121	0.09841	0.00190
5	0.00258	0.00155	0.00195	0.00187	0.00229	0.00143	0.00143	0.01781	0.01505	0.15349	0.27060	0.17846	0.17675	0.04070	0.00178	0.00050	0.00086	0.09517	0.03437	0.00138
6	0.00324	0.01110	0.06894	0.19704	0.11578	0.00982	0.03997	0.03822	0.05004	0.14559	0.10448	0.05977	0.01958	0.00191	0.01171	0.00045	0.05159	0.00155	0.06747	0.00173
7	0.00199	0.00136	0.00172	0.00171	0.00177	0.00144	0.00111	0.00208	0.00201	0.00275	0.00399	0.03215	0.00440	0.61745	0.23152	0.06665	0.02239	0.00181	0.00078	0.00091
8	0.01098	0.02365	0.00203	0.00189	0.00225	0.00153	0.02138	0.00269	0.03557	0.06379	0.13405	0.30469	0.22132	0.05094	0.05913	0.00062	0.01497	0.01258	0.03465	0.00128
9	0.02885	0.07987	0.03284	0.04473	0.05716	0.13227	0.05846	0.16226	0.19794	0.04336	0.01305	0.02314	0.01665	0.00921	0.01979	0.00044	0.01270	0.01062	0.00101	0.05563

[dist]
# distance from previous block
# <min> <max>
1	20

[block]
# block no. 13 follows, 239 sequences, length 21
# corresponding to MSA columns:
# 1832-1845,1851-1857
name=unknown_N
#
# <colnr> <probs for GDERKNQSTAVLIFYWHMCP>
#	G	D	E	R	K	N	Q	S	T	A	V	L	I	F	Y	W	H	M	C	P
0	0.01678	0.16537	0.22280	0.04563	0.02687	0.09409	0.02606	0.21091	0.05952	0.02990	0.02379	0.00325	0.00235	0.00162	0.02049	0.00043	0.02072	0.00110	0.01333	0.01500
1	0.00211	0.01189	0.01180	0.01149	0.00230	0.00157	0.00144	0.00277	0.06890	0.04027	0.23713	0.19758	0.23440	0.04627	0.07091	0.00063	0.02442	0.02674	0.00608	0.00130
2	0.00171	0.00123	0.00158	0.00180	0.00195	0.00114	0.00124	0.00200	0.00276	0.00367	0.11163	0.65784	0.11139	0.04113	0.00193	0.01048	0.00079	0.03298	0.01165	0.00111
3	0.01132	0.00182	0.00240	0.00206	0.00271	0.00162	0.00160	0.00450	0.00343	0.49776	0.13529	0.18374	0.06159	0.04325	0.00169	0.00048	0.00097	0.00992	0.03211	0.00175
4	0.00229	0.00156	0.00192	0.00181	0.00220	0.00150	0.00136	0.00309	0.08675	0.07164	0.47079	0.08466	0.13314	0.04705	0.04472	0.00056	0.00090	0.01007	0.03262	0.00136
5	0.33592	0.00273	0.00291	0.00233	0.00329	0.00286	0.00192	0.21364	0.03159	0.37123	0.00366	0.00348	0.00248	0.00152	0.00117	0.00041	0.00118	0.00111	0.01459	0.00199
6	0.43910	0.02438	0.02079	0.00222	0.00303	0.01658	0.00182	0.03270	0.26637	0.08587	0.00350	0.02486	0.00270	0.00175	0.02307	0.00046	0.00921	0.00114	0.03871	0.00174
7	0.03600	0.28683	0.59619	0.00327	0.00492	0.00377	0.00395	0.02585	0.00286	0.00408	0.00228	0.00267	0.00175	0.00141	0.01853	0.00042	0.00181	0.00092	0.00060	0.00189
8	0.11664	0.55354	0.10481	0.00261	0.02013	0.04222	0.00252	0.07936	0.01708	0.01773	0.01140	0.00271	0.00201	0.01171	0.00106	0.00035	0.00148	0.01016	0.00072	0.00177
9	0.47523	0.01588	0.20802	0.02342	0.14690	0.01162	0.01061	0.01859	0.01125	0.00520	0.00220	0.00263	0.00170	0.00126	0.00108	0.00040	0.00890	0.00090	0.00075	0.05346
10	0.01348	0.02868	0.03172	0.21023	0.16831	0.03972	0.02358	0.02872	0.09559	0.04212	0.11149	0.01313	0.06188	0.02297	0.00560	0.00047	0.04456	0.05068	0.00541	0.00167
11	0.00187	0.00139	0.00167	0.00166	0.00201	0.00126	0.00123	0.00242	0.02348	0.02265	0.44112	0.15670	0.32160	0.00317	0.00160	0.00046	0.00070	0.01241	0.00137	0.00124
12	0.01960	0.01127	0.07348	0.26031	0.03709	0.01460	0.04429	0.08046	0.03931	0.03983	0.04644	0.10707	0.08424	0.01826	0.07407	0.00060	0.01867	0.02059	0.00826	0.00157
13	0.02421	0.00139	0.00163	0.00164	0.00186	0.00133	0.00112	0.01148	0.01162	0.01760	0.22314	0.18387	0.15590	0.33918	0.00346	0.00077	0.00095	0.01663	0.00115	0.00109
14	0.00216	0.00158	0.00217	0.00210	0.00227	0.00183	0.00157	0.00862	0.00224	0.01340	0.02955	0.05027	0.01136	0.18167	0.45000	0.06590	0.11658	0.00163	0.05395	0.00114
15	0.01440	0.36958	0.04956	0.05126	0.04665	0.07904	0.01060	0.26487	0.02308	0.03805	0.00808	0.00944	0.00214	0.00140	0.00117	0.00036	0.00996	0.00102	0.01027	0.00907
16	0.00246	0.00180	0.00211	0.00200	0.00247	0.00180	0.01209	0.01380	0.22055	0.04783	0.18001	0.20977	0.15351	0.01213	0.00154	0.00046	0.00085	0.01915	0.08517	0.03051
17	0.06819	0.16265	0.09642	0.04466	0.06825	0.04965	0.02900	0.14328	0.13355	0.05105	0.03228	0.00395	0.02867	0.00155	0.00127	0.00039	0.01152	0.01922	0.00704	0.04741
18	0.10293	0.05330	0.10902	0.04678	0.09232	0.02252	0.04475	0.20092	0.11528	0.04660	0.03175	0.02180	0.03099	0.00158	0.00127	0.00040	0.00141	0.01024	0.00100	0.06514
19	0.10152	0.10039	0.13851	0.02377	0.09610	0.05420	0.10424	0.09521	0.04213	0.05095	0.02049	0.06368	0.00952	0.00529	0.00689	0.00041	0.00854	0.00548	0.00889	0.06379
20	0.01599	0.08781	0.07672	0.04127	0.23867	0.01618	0.03084	0.09426	0.14197	0.06125	0.03865	0.03573	0.02581	0.01036	0.01065	0.00043	0.01017	0.00931	0.02597	0.02795

[dist]
# distance from previous block
# <min> <max>
9	68

[block]
# block no. 14 follows, 239 sequences, length 11
# corresponding to MSA columns:
# 1953-1963
name=unknown_O
#
# <colnr> <probs for GDERKNQSTAVLIFYWHMCP>
#	G	D	E	R	K	N	Q	S	T	A	V	L	I	F	Y	W	H	M	C	P
0	0.12318	0.01717	0.00338	0.01746	0.06319	0.35795	0.00232	0.07610	0.17009	0.05979	0.02913	0.01985	0.02187	0.00161	0.00125	0.00040	0.00163	0.00985	0.01139	0.01240
1	0.00254	0.00239	0.00404	0.94942	0.00928	0.00299	0.00374	0.00344	0.00269	0.00344	0.00239	0.00359	0.00180	0.00135	0.00135	0.00045	0.00180	0.00120	0.00060	0.00150
2	0.00206	0.00158	0.00183	0.00171	0.00214	0.00148	0.00130	0.07002	0.02878	0.00495	0.49394	0.03755	0.34178	0.00292	0.00157	0.00044	0.00073	0.00251	0.00138	0.00132
3	0.00307	0.00291	0.00492	0.19513	0.69019	0.00302	0.00385	0.00388	0.00305	0.00428	0.07037	0.00387	0.00283	0.00134	0.00135	0.00041	0.00157	0.00129	0.00071	0.00194
4	0.10838	0.30708	0.01303	0.01065	0.00319	0.01539	0.00198	0.11334	0.02099	0.19795	0.02004	0.00387	0.00277	0.07007	0.00155	0.00043	0.01469	0.01091	0.08190	0.00176
5	0.00208	0.07003	0.00204	0.00176	0.00208	0.00155	0.00131	0.00242	0.00286	0.03943	0.13710	0.22818	0.23160	0.18036	0.00257	0.00063	0.00094	0.09070	0.00117	0.00118
6	0.01601	0.23605	0.12924	0.03033	0.04511	0.00339	0.05901	0.08844	0.07542	0.05270	0.04196	0.01752	0.01024	0.01927	0.06846	0.00053	0.03782	0.00124	0.06548	0.00176
7	0.01494	0.00233	0.00275	0.00276	0.09562	0.01736	0.00191	0.21862	0.06644	0.02445	0.15349	0.08097	0.12311	0.06624	0.02221	0.00053	0.01867	0.01735	0.06865	0.00162
8	0.01122	0.00179	0.02328	0.00215	0.03054	0.00172	0.01721	0.02237	0.11893	0.00392	0.09936	0.25488	0.10131	0.26125	0.00302	0.00071	0.00955	0.02179	0.01372	0.00127
9	0.02719	0.03829	0.18564	0.05645	0.07293	0.03173	0.14921	0.05657	0.07302	0.02607	0.04526	0.01514	0.02345	0.00778	0.01813	0.00044	0.02616	0.02104	0.01771	0.10779
10	0.03238	0.04465	0.01055	0.04921	0.04603	0.02603	0.02356	0.04645	0.04784	0.04663	0.17162	0.12729	0.06504	0.02211	0.00846	0.01290	0.01594	0.07821	0.01414	0.11096

[dist]
# distance from previous block
# <min> <max>
0	45

[block]
# block no. 15 follows, 239 sequences, length 22
# corresponding to MSA columns:
# 2175-2185,2188-2198
name=unknown_P
#
# <colnr> <probs for GDERKNQSTAVLIFYWHMCP>
#	G	D	E	R	K	N	Q	S	T	A	V	L	I	F	Y	W	H	M	C	P
0	0.03820	0.05318	0.04658	0.05050	0.03692	0.02649	0.05933	0.12854	0.13025	0.08792	0.05184	0.07822	0.02095	0.01940	0.04861	0.00053	0.06392	0.00621	0.02282	0.02958
1	0.02588	0.02415	0.01865	0.02852	0.01864	0.02302	0.02458	0.05312	0.11036	0.02050	0.06161	0.15842	0.03886	0.06650	0.04428	0.01623	0.09418	0.02157	0.07202	0.07891
2	0.00206	0.00148	0.00196	0.01165	0.00225	0.00144	0.02322	0.01588	0.01455	0.02855	0.25466	0.18995	0.16747	0.08481	0.11310	0.05856	0.00830	0.01118	0.00774	0.00119
3	0.00205	0.00137	0.00169	0.00174	0.00203	0.00125	0.00124	0.00244	0.01323	0.06799	0.18821	0.37656	0.21826	0.08145	0.00205	0.00055	0.00081	0.02306	0.01280	0.00121
4	0.01023	0.00164	0.00199	0.00184	0.00228	0.00158	0.00139	0.02738	0.08092	0.09114	0.48827	0.06796	0.10792	0.04203	0.00173	0.00047	0.00079	0.01405	0.04866	0.00773
5	0.02320	0.00296	0.00317	0.00270	0.00353	0.01242	0.00214	0.23360	0.52857	0.09449	0.02135	0.03653	0.01641	0.00186	0.00137	0.00044	0.00116	0.00152	0.01048	0.00210
6	0.19276	0.00220	0.00255	0.00209	0.00292	0.00211	0.00169	0.04416	0.02186	0.47049	0.11541	0.00554	0.09593	0.00188	0.00129	0.00042	0.00102	0.00150	0.03233	0.00186
7	0.06918	0.03937	0.00385	0.00289	0.00390	0.00395	0.00239	0.72189	0.06248	0.02793	0.00329	0.00331	0.00238	0.00160	0.00133	0.00040	0.01510	0.00118	0.03142	0.00216
8	0.02739	0.00402	0.00393	0.00310	0.00411	0.11207	0.00252	0.77665	0.04037	0.00773	0.00315	0.00318	0.00227	0.00159	0.00132	0.00040	0.00157	0.00117	0.00126	0.00218
9	0.01117	0.79446	0.02772	0.00246	0.01366	0.04207	0.00236	0.03755	0.02815	0.00350	0.00211	0.00244	0.00188	0.01484	0.00101	0.00032	0.00147	0.00080	0.01028	0.00174
10	0.90495	0.00267	0.00212	0.00187	0.00270	0.01547	0.01192	0.01722	0.00238	0.00598	0.00193	0.00226	0.00150	0.00127	0.00090	0.00042	0.01225	0.00076	0.00994	0.00147
11	0.02559	0.02639	0.00303	0.03140	0.12966	0.01865	0.01862	0.05207	0.09718	0.11639	0.03255	0.05723	0.02883	0.19402	0.08692	0.01165	0.01922	0.02953	0.01949	0.00157
12	0.00176	0.00138	0.00155	0.00156	0.00194	0.00122	0.00116	0.00221	0.01345	0.01265	0.24180	0.09822	0.56061	0.01984	0.00170	0.00048	0.00072	0.03527	0.00131	0.00119
13	0.01595	0.00306	0.01792	0.31084	0.37379	0.06309	0.06835	0.00385	0.00290	0.01241	0.00262	0.02307	0.00218	0.01376	0.00161	0.01343	0.04509	0.00126	0.02307	0.00175
14	0.00213	0.00144	0.00182	0.00186	0.00218	0.00134	0.00140	0.00268	0.02978	0.06449	0.30205	0.27172	0.15173	0.02752	0.00177	0.00051	0.00082	0.12247	0.01101	0.00128
15	0.00226	0.00126	0.00183	0.00182	0.00185	0.00132	0.00124	0.00191	0.00185	0.00253	0.00271	0.00471	0.00273	0.09687	0.13734	0.70293	0.02082	0.00129	0.01202	0.00072
16	0.01675	0.19346	0.06647	0.09897	0.19784	0.09017	0.02841	0.11810	0.03345	0.03534	0.01747	0.02801	0.01949	0.00157	0.00746	0.00040	0.00645	0.01883	0.01951	0.00183
17	0.00903	0.01479	0.00178	0.00181	0.00206	0.00135	0.00129	0.01064	0.02616	0.02168	0.20085	0.47909	0.13542	0.04228	0.00661	0.00054	0.00767	0.01760	0.01815	0.00120
18	0.05005	0.15632	0.05826	0.02743	0.04629	0.10571	0.04326	0.14319	0.07252	0.09862	0.00707	0.03858	0.02208	0.02310	0.00601	0.00043	0.04899	0.01355	0.00459	0.03395
19	0.01244	0.08016	0.05930	0.02999	0.04721	0.01012	0.06587	0.08512	0.09193	0.08376	0.04065	0.16332	0.05057	0.03003	0.00164	0.00045	0.03156	0.02349	0.02462	0.06777
20	0.03797	0.13642	0.11841	0.01567	0.07555	0.06427	0.02001	0.10494	0.05088	0.06262	0.04955	0.08947	0.06909	0.04211	0.00156	0.00044	0.00864	0.00810	0.00866	0.03565
21	0.02364	0.12477	0.22535	0.00985	0.14275	0.04512	0.07702	0.08326	0.03697	0.03893	0.04542	0.05545	0.02046	0.01586	0.00138	0.00041	0.00157	0.00905	0.00085	0.04189

[dist]
# distance from previous block
# <min> <max>
1	86

[block]
# block no. 16 follows, 239 sequences, length 8
# corresponding to MSA columns:
# 2285-2290,2292,2293
name=unknown_Q
#
# <colnr> <probs for GDERKNQSTAVLIFYWHMCP>
#	G	D	E	R	K	N	Q	S	T	A	V	L	I	F	Y	W	H	M	C	P
0	0.01181	0.02801	0.16661	0.07994	0.10957	0.01611	0.07451	0.11932	0.10544	0.02761	0.11589	0.05113	0.02782	0.01127	0.00152	0.00044	0.02665	0.00153	0.01011	0.01472
1	0.00284	0.03363	0.02165	0.01480	0.01592	0.00197	0.01446	0.09262	0.01717	0.09797	0.00526	0.39490	0.01640	0.04034	0.00172	0.00048	0.02278	0.02341	0.04334	0.13834
2	0.00231	0.02180	0.00222	0.00217	0.02930	0.01346	0.01414	0.06274	0.05196	0.02275	0.15457	0.34043	0.17424	0.00311	0.00166	0.01458	0.01877	0.02226	0.04619	0.00135
3	0.31787	0.01502	0.01678	0.00226	0.01468	0.00264	0.00181	0.05435	0.14593	0.22288	0.04128	0.05331	0.00336	0.00172	0.00125	0.00042	0.02408	0.00131	0.07727	0.00178
4	0.02367	0.05415	0.20867	0.05457	0.07976	0.01329	0.05486	0.18531	0.12078	0.03298	0.07733	0.01336	0.01572	0.01104	0.00146	0.00043	0.02104	0.01753	0.01214	0.00190
5	0.00216	0.00169	0.00249	0.01365	0.02666	0.00181	0.04732	0.00264	0.00273	0.02213	0.22499	0.09301	0.05334	0.05888	0.33595	0.01410	0.07885	0.00196	0.01436	0.00128
6	0.03460	0.30218	0.19520	0.01339	0.04362	0.21877	0.00288	0.01899	0.01498	0.01496	0.02251	0.07100	0.00258	0.00172	0.02053	0.00041	0.01812	0.00114	0.00072	0.00170
7	0.06449	0.00287	0.00296	0.00258	0.00335	0.03229	0.00204	0.13140	0.55241	0.05899	0.03053	0.00499	0.04409	0.00210	0.03276	0.00049	0.00121	0.00147	0.02698	0.00198

[dist]
# distance from previous block
# <min> <max>
0	1

[block]
# block no. 17 follows, 239 sequences, length 23
# corresponding to MSA columns:
# 2295-2299,2302-2319
name=unknown_R
#
# <colnr> <probs for GDERKNQSTAVLIFYWHMCP>
#	G	D	E	R	K	N	Q	S	T	A	V	L	I	F	Y	W	H	M	C	P
