[name]
unknown

[dist]
# distance from previous block
# <min> <max>
0	230

[block]
# block no. 0 follows, 221 sequences, length 12
# corresponding to MSA columns:
# 587-598
name=unknown_A
#
# <colnr> <probs for GDERKNQSTAVLIFYWHMCP>
#	G	D	E	R	K	N	Q	S	T	A	V	L	I	F	Y	W	H	M	C	P
0	0.10110	0.02267	0.01876	0.12643	0.16008	0.09790	0.06057	0.14850	0.04072	0.06906	0.01072	0.00399	0.00887	0.02993	0.01016	0.00598	0.03460	0.01072	0.01633	0.02289
1	0.01119	0.02010	0.03682	0.02091	0.04436	0.03425	0.01236	0.08464	0.04495	0.04857	0.45515	0.03126	0.09677	0.00251	0.00160	0.00045	0.00850	0.00215	0.00957	0.03387
2	0.00278	0.00162	0.00208	0.00208	0.00246	0.00151	0.00153	0.01730	0.02747	0.16473	0.16605	0.45392	0.07861	0.00350	0.00170	0.00052	0.00090	0.03162	0.03812	0.00149
3	0.00208	0.00143	0.00187	0.00200	0.00220	0.00137	0.00141	0.00243	0.00307	0.04002	0.19822	0.53454	0.07520	0.05620	0.01664	0.01438	0.02559	0.01875	0.00135	0.00126
4	0.00278	0.00173	0.00216	0.00203	0.00250	0.00161	0.00153	0.03904	0.03444	0.14280	0.37166	0.22016	0.15103	0.00319	0.00169	0.00049	0.00087	0.01726	0.00152	0.00154
5	0.05863	0.00156	0.00202	0.02656	0.00237	0.00157	0.00144	0.01244	0.02637	0.04108	0.09211	0.11325	0.09428	0.01693	0.03092	0.45476	0.00118	0.00189	0.01956	0.00107
6	0.13481	0.18681	0.01259	0.01359	0.02404	0.06637	0.00236	0.13080	0.18307	0.07136	0.02282	0.00395	0.02730	0.00178	0.00980	0.00044	0.05523	0.00123	0.01431	0.03732
7	0.12355	0.20795	0.04655	0.03436	0.04308	0.04212	0.06670	0.17224	0.02685	0.07604	0.01121	0.01500	0.00867	0.00155	0.00137	0.00041	0.03459	0.00774	0.00978	0.07023
8	0.07345	0.08986	0.03655	0.00307	0.02266	0.03774	0.06126	0.24523	0.02444	0.03765	0.01465	0.09807	0.00332	0.01401	0.00938	0.00045	0.04066	0.02495	0.00107	0.16156
9	0.01655	0.03895	0.01961	0.00293	0.01256	0.00308	0.05349	0.29283	0.06804	0.22681	0.10323	0.03239	0.04108	0.00197	0.00151	0.00044	0.01440	0.00163	0.03060	0.03790
10	0.02147	0.08122	0.02000	0.00886	0.01435	0.06022	0.03597	0.15054	0.10789	0.11662	0.10758	0.02820	0.03680	0.01813	0.01729	0.00046	0.00139	0.01769	0.00121	0.15411
11	0.02346	0.01776	0.02540	0.01624	0.01224	0.01416	0.04411	0.05754	0.07931	0.18589	0.14640	0.11120	0.00528	0.01353	0.01098	0.00044	0.00122	0.00819	0.00127	0.22538

[dist]
# distance from previous block
# <min> <max>
4	30

[block]
# block no. 1 follows, 221 sequences, length 8
# corresponding to MSA columns:
# 636-643
name=unknown_B
#
# <colnr> <probs for GDERKNQSTAVLIFYWHMCP>
#	G	D	E	R	K	N	Q	S	T	A	V	L	I	F	Y	W	H	M	C	P
0	0.40035	0.05219	0.09418	0.04639	0.04335	0.03596	0.01561	0.11286	0.02786	0.07929	0.03325	0.00342	0.01141	0.00153	0.00121	0.00044	0.00997	0.00110	0.00986	0.01976
1	0.09495	0.02648	0.07713	0.15465	0.10925	0.06506	0.11735	0.07183	0.05116	0.06186	0.03340	0.05207	0.00304	0.01053	0.01089	0.00049	0.04509	0.00146	0.00093	0.01239
2	0.00251	0.02398	0.04677	0.01758	0.03384	0.02782	0.02516	0.02765	0.00378	0.02983	0.52256	0.06567	0.09412	0.02648	0.00177	0.00048	0.00100	0.01306	0.03444	0.00149
3	0.02555	0.17428	0.08817	0.02976	0.03652	0.05650	0.06584	0.13759	0.04799	0.09960	0.04607	0.03032	0.03257	0.04273	0.04016	0.00055	0.02015	0.01435	0.00938	0.00191
4	0.00263	0.02819	0.02864	0.03728	0.02530	0.00190	0.02020	0.02282	0.01906	0.05878	0.28307	0.19166	0.01694	0.09421	0.00217	0.00056	0.00110	0.06492	0.00126	0.09930
5	0.00310	0.02876	0.44611	0.02895	0.03938	0.02166	0.10335	0.04028	0.02915	0.03143	0.02641	0.08817	0.03840	0.00204	0.01761	0.00051	0.03932	0.01258	0.00085	0.00194
6	0.00367	0.03182	0.00381	0.00319	0.00386	0.29296	0.09042	0.06224	0.02199	0.01629	0.13299	0.03028	0.09802	0.00231	0.00180	0.00046	0.07778	0.09805	0.00106	0.02699
7	0.00248	0.01108	0.01209	0.01927	0.01420	0.00174	0.02259	0.04335	0.01743	0.06783	0.17955	0.19643	0.30246	0.03251	0.00192	0.00054	0.01430	0.05744	0.00135	0.00145

[dist]
# distance from previous block
# <min> <max>
3	10

[block]
# block no. 2 follows, 221 sequences, length 12
# corresponding to MSA columns:
# 700-702,704,705,708-711,713-715
name=unknown_C
#
# <colnr> <probs for GDERKNQSTAVLIFYWHMCP>
#	G	D	E	R	K	N	Q	S	T	A	V	L	I	F	Y	W	H	M	C	P
0	0.04085	0.03652	0.06507	0.01372	0.04740	0.08228	0.02341	0.22410	0.07120	0.12045	0.02132	0.01329	0.03596	0.02239	0.00148	0.00042	0.00149	0.00132	0.00978	0.16755
1	0.02346	0.00222	0.01303	0.02189	0.00322	0.00250	0.05185	0.01786	0.00284	0.03480	0.08425	0.32545	0.01751	0.04717	0.04661	0.00068	0.26743	0.02088	0.00106	0.01528
2	0.04107	0.05493	0.16228	0.04944	0.06718	0.04125	0.02118	0.08440	0.04436	0.17779	0.05101	0.01105	0.00322	0.01871	0.00146	0.00043	0.00152	0.01519	0.00108	0.15245
3	0.05195	0.06181	0.12172	0.02209	0.06384	0.04527	0.04241	0.24493	0.02558	0.11025	0.04371	0.03267	0.00307	0.00165	0.00139	0.00041	0.00973	0.00133	0.00111	0.11508
4	0.02215	0.00389	0.02465	0.00347	0.04101	0.05757	0.03176	0.59495	0.02153	0.13110	0.00369	0.01496	0.00268	0.01115	0.00157	0.01773	0.00161	0.00134	0.00135	0.01183
5	0.00452	0.00372	0.03734	0.03478	0.05962	0.02685	0.04970	0.47746	0.15339	0.04252	0.04954	0.00434	0.01090	0.00202	0.02645	0.00050	0.01138	0.00145	0.00129	0.00224
6	0.00220	0.00155	0.00195	0.02270	0.00222	0.00163	0.00134	0.00254	0.03144	0.01280	0.04924	0.04431	0.07238	0.45094	0.22155	0.03516	0.01367	0.01738	0.01389	0.00112
7	0.01457	0.52127	0.03962	0.00285	0.01460	0.09316	0.02429	0.04069	0.03918	0.09056	0.03959	0.01517	0.01498	0.00154	0.00125	0.00037	0.02762	0.00110	0.00087	0.01671
8	0.00311	0.06912	0.00302	0.02052	0.01975	0.01316	0.01180	0.12289	0.04156	0.06056	0.26561	0.06377	0.07569	0.05877	0.01173	0.06604	0.04303	0.01773	0.03056	0.00158
9	0.00244	0.00161	0.00204	0.04951	0.00263	0.00149	0.00148	0.00301	0.00371	0.09730	0.47076	0.04725	0.26088	0.01812	0.00175	0.00048	0.00083	0.00257	0.03072	0.00143
10	0.00248	0.00189	0.00240	0.00241	0.03123	0.01549	0.00985	0.05378	0.00330	0.04280	0.15813	0.30628	0.16871	0.04308	0.05976	0.00067	0.08106	0.01398	0.00126	0.00142
11	0.00400	0.00285	0.00319	0.00267	0.00343	0.00307	0.00211	0.46502	0.06150	0.03945	0.10407	0.13647	0.02683	0.03838	0.04863	0.00059	0.00139	0.00195	0.05246	0.00195

[dist]
# distance from previous block
# <min> <max>
1	12

[block]
# block no. 3 follows, 221 sequences, length 24
# corresponding to MSA columns:
# 754,755,757-760,763-780
name=unknown_D
#
# <colnr> <probs for GDERKNQSTAVLIFYWHMCP>
#	G	D	E	R	K	N	Q	S	T	A	V	L	I	F	Y	W	H	M	C	P
0	0.01966	0.01469	0.00374	0.03294	0.01261	0.05059	0.02067	0.02420	0.01547	0.03367	0.03341	0.08905	0.03433	0.02456	0.02691	0.00060	0.45053	0.01425	0.00087	0.09724
1	0.08012	0.04068	0.05883	0.00649	0.00407	0.09487	0.01002	0.34485	0.16157	0.02421	0.01991	0.04173	0.01203	0.00185	0.00145	0.00044	0.01939	0.01996	0.00615	0.05139
2	0.02598	0.16624	0.07535	0.00976	0.02508	0.02810	0.01845	0.20478	0.06707	0.08837	0.04125	0.07110	0.02899	0.02818	0.00156	0.00045	0.00878	0.02286	0.00113	0.08651
3	0.01552	0.18828	0.24272	0.01961	0.05044	0.02410	0.10444	0.11151	0.03035	0.06967	0.04599	0.04027	0.00306	0.01326	0.00143	0.00044	0.00171	0.00135	0.00093	0.03491
4	0.00669	0.00216	0.02128	0.01001	0.00287	0.03658	0.02639	0.04471	0.10733	0.06108	0.15543	0.32143	0.12162	0.01467	0.00185	0.02289	0.00668	0.02135	0.01344	0.00153
5	0.00190	0.02280	0.00183	0.00196	0.00209	0.00134	0.00133	0.00214	0.00272	0.00362	0.02542	0.69355	0.03594	0.12479	0.02608	0.01994	0.00101	0.02109	0.00929	0.00115
6	0.12327	0.00342	0.09217	0.01745	0.03112	0.03018	0.02997	0.15200	0.06472	0.35236	0.01671	0.00433	0.01394	0.02841	0.00154	0.00047	0.00144	0.00134	0.00132	0.03384
7	0.02148	0.02413	0.43843	0.01713	0.11555	0.01777	0.06779	0.04645	0.00333	0.06540	0.01754	0.05830	0.04316	0.00195	0.02137	0.00050	0.01613	0.01217	0.00942	0.00200
8	0.00191	0.00145	0.00173	0.00183	0.00213	0.00134	0.00134	0.00235	0.01495	0.00410	0.13596	0.26214	0.34659	0.07433	0.03762	0.00066	0.00098	0.08952	0.01782	0.00123
9	0.00889	0.02372	0.03119	0.00233	0.00294	0.00219	0.00186	0.11025	0.00364	0.23648	0.09723	0.15264	0.04418	0.11982	0.03651	0.00066	0.03747	0.01818	0.06811	0.00171
10	0.01851	0.00326	0.04543	0.46912	0.15563	0.05053	0.03032	0.05642	0.04253	0.06716	0.00306	0.01743	0.00234	0.00151	0.00143	0.00046	0.00180	0.00132	0.00084	0.03091
11	0.05773	0.00197	0.00231	0.00207	0.00265	0.00191	0.00159	0.08971	0.03372	0.15431	0.31291	0.12446	0.17741	0.01374	0.00166	0.00048	0.00093	0.00241	0.01639	0.00163
12	0.00199	0.00139	0.00181	0.00207	0.00223	0.00131	0.00143	0.01534	0.01634	0.02712	0.01972	0.80632	0.04465	0.00431	0.00183	0.00058	0.00088	0.04806	0.00136	0.00125
13	0.00374	0.00330	0.03833	0.09709	0.58872	0.00320	0.02814	0.02624	0.03734	0.10257	0.00350	0.01415	0.02149	0.01596	0.00154	0.00046	0.00166	0.00140	0.00901	0.00217
14	0.00318	0.02103	0.00310	0.00232	0.02109	0.00207	0.00181	0.01652	0.01918	0.05597	0.03586	0.02871	0.00289	0.00146	0.01628	0.00029	0.00114	0.00108	0.00096	0.76505
15	0.49255	0.04271	0.03591	0.02240	0.02220	0.13843	0.00853	0.10215	0.01764	0.04593	0.00282	0.05786	0.00235	0.00162	0.00115	0.00044	0.00146	0.00113	0.00097	0.00175
16	0.84518	0.00280	0.00228	0.00199	0.00290	0.00319	0.00164	0.04012	0.00275	0.06615	0.00236	0.00261	0.00177	0.00139	0.00095	0.00045	0.00114	0.00086	0.01783	0.00166
17	0.02021	0.00316	0.03629	0.13962	0.17257	0.02301	0.05259	0.08504	0.23430	0.03625	0.04748	0.02721	0.02874	0.00201	0.01816	0.00050	0.02614	0.01426	0.03047	0.00199
18	0.00194	0.00140	0.00171	0.00184	0.00206	0.00129	0.00127	0.00231	0.01561	0.01702	0.16590	0.46796	0.18622	0.12357	0.00249	0.00065	0.00087	0.00334	0.00134	0.00121
19	0.00257	0.00231	0.04676	0.02948	0.01185	0.00949	0.04186	0.03369	0.04096	0.02570	0.13741	0.21216	0.07510	0.07238	0.09072	0.00076	0.12544	0.01749	0.01920	0.00468
20	0.02148	0.00145	0.00177	0.00186	0.00214	0.00135	0.00133	0.00242	0.01587	0.01509	0.22962	0.38599	0.21996	0.04845	0.02092	0.00060	0.00089	0.02616	0.00137	0.00126
21	0.02552	0.03245	0.08087	0.12923	0.16506	0.01064	0.09568	0.07156	0.05569	0.02941	0.03757	0.05979	0.02157	0.03732	0.03443	0.00057	0.07111	0.00160	0.03811	0.00184
22	0.03226	0.03201	0.41818	0.01262	0.07967	0.06581	0.07557	0.05855	0.03684	0.00475	0.01211	0.06652	0.02449	0.01297	0.01718	0.00050	0.02410	0.00144	0.02248	0.00195
23	0.01113	0.03108	0.03106	0.03210	0.03192	0.03167	0.01607	0.12123	0.03070	0.09307	0.05236	0.09804	0.04744	0.02783	0.00153	0.00041	0.00126	0.01425	0.01762	0.30922

[dist]
# distance from previous block
# <min> <max>
1	34

[block]
# block no. 4 follows, 221 sequences, length 16
# corresponding to MSA columns:
# 821-836
name=unknown_E
#
# <colnr> <probs for GDERKNQSTAVLIFYWHMCP>
#	G	D	E	R	K	N	Q	S	T	A	V	L	I	F	Y	W	H	M	C	P
0	0.03665	0.09347	0.04161	0.07486	0.25940	0.07471	0.07049	0.11410	0.04615	0.10585	0.00332	0.00377	0.01465	0.00174	0.01923	0.02044	0.00175	0.00127	0.00095	0.01558
1	0.01018	0.00153	0.00191	0.00204	0.00228	0.00148	0.00144	0.03452	0.03210	0.03278	0.06856	0.60345	0.10806	0.05170	0.00213	0.01143	0.00963	0.02215	0.00134	0.00130
2	0.00902	0.00344	0.16997	0.01438	0.12778	0.00871	0.03167	0.08784	0.06890	0.05634	0.08702	0.05478	0.08222	0.01113	0.02150	0.00049	0.00146	0.03302	0.02641	0.10391
3	0.04792	0.02590	0.00393	0.12468	0.03951	0.01088	0.00268	0.45000	0.05737	0.08594	0.00393	0.07889	0.00317	0.00198	0.00856	0.00047	0.01133	0.01154	0.00892	0.02240
4	0.02137	0.04333	0.11931	0.03278	0.12930	0.05673	0.05435	0.05227	0.07810	0.23462	0.03497	0.05331	0.01187	0.00186	0.00166	0.00046	0.06051	0.00999	0.00113	0.00207
5	0.00210	0.00139	0.00184	0.00205	0.00225	0.00128	0.00142	0.00241	0.00291	0.05561	0.03719	0.75841	0.02115	0.03438	0.00198	0.00059	0.00090	0.04285	0.00135	0.02793
6	0.00314	0.00275	0.01691	0.05151	0.39957	0.00277	0.00305	0.01718	0.16299	0.03739	0.02454	0.20945	0.04112	0.01044	0.00160	0.00049	0.00136	0.01072	0.00107	0.00194
7	0.00191	0.00139	0.00178	0.00203	0.00220	0.00132	0.00144	0.00231	0.02271	0.00386	0.03142	0.61772	0.10110	0.05968	0.01603	0.00065	0.00097	0.11709	0.01318	0.00121
8	0.02821	0.00325	0.00356	0.00282	0.00384	0.06688	0.00230	0.32894	0.03281	0.41942	0.03111	0.01671	0.00343	0.00181	0.00142	0.00044	0.00140	0.00142	0.04795	0.00228
9	0.95935	0.00280	0.00213	0.00190	0.00280	0.00325	0.00157	0.00426	0.00246	0.00650	0.00202	0.00235	0.00157	0.00134	0.00090	0.00045	0.00112	0.00078	0.00090	0.00157
10	0.00214	0.00154	0.00170	0.00175	0.00181	0.02764	0.00107	0.00221	0.00232	0.00303	0.00534	0.15400	0.03757	0.68360	0.03852	0.02023	0.00141	0.01219	0.00096	0.00097
11	0.00274	0.00983	0.00257	0.00236	0.01091	0.02893	0.01487	0.08922	0.11685	0.02007	0.36281	0.11268	0.12627	0.00292	0.00173	0.00049	0.02431	0.05798	0.01088	0.00159
12	0.03630	0.24956	0.22470	0.00324	0.03010	0.11568	0.01197	0.11685	0.04151	0.02775	0.07015	0.01131	0.04545	0.00168	0.00132	0.00041	0.00789	0.00127	0.00092	0.00194
13	0.01009	0.02181	0.02761	0.00231	0.02584	0.00191	0.02149	0.02212	0.07589	0.10160	0.34688	0.08392	0.18580	0.01607	0.00169	0.00048	0.00096	0.01449	0.02426	0.01477
14	0.01724	0.04119	0.07578	0.03002	0.12484	0.04368	0.14429	0.17333	0.14710	0.04809	0.03338	0.01470	0.01604	0.02145	0.00167	0.00047	0.02758	0.00788	0.00893	0.02234
15	0.01124	0.02807	0.27600	0.01643	0.07502	0.02150	0.07181	0.10873	0.03934	0.05660	0.14158	0.03833	0.03410	0.00907	0.00154	0.00045	0.01141	0.00159	0.00840	0.04877

[dist]
# distance from previous block
# <min> <max>
2	75

[block]
# block no. 5 follows, 221 sequences, length 12
# corresponding to MSA columns:
# 913-920,922-924,929
name=unknown_F
#
# <colnr> <probs for GDERKNQSTAVLIFYWHMCP>
#	G	D	E	R	K	N	Q	S	T	A	V	L	I	F	Y	W	H	M	C	P
0	0.01298	0.00154	0.00184	0.00185	0.00218	0.00147	0.00137	0.00255	0.02464	0.02106	0.21195	0.17957	0.32911	0.05605	0.01215	0.04867	0.02601	0.04612	0.01761	0.00126
1	0.00945	0.00873	0.05866	0.04458	0.07756	0.01181	0.03643	0.17349	0.11996	0.00544	0.08761	0.11042	0.18602	0.01523	0.00165	0.00049	0.00716	0.00975	0.03377	0.00178
2	0.12049	0.00231	0.00280	0.04143	0.00340	0.00226	0.00191	0.05097	0.03397	0.46541	0.03396	0.06456	0.00396	0.00192	0.00135	0.00044	0.00113	0.00155	0.16418	0.00201
3	0.00373	0.00370	0.09031	0.07474	0.25555	0.02056	0.16977	0.13773	0.06643	0.05503	0.03157	0.03460	0.01557	0.01541	0.00941	0.00049	0.01081	0.00154	0.00097	0.00208
4	0.00355	0.00335	0.00549	0.08867	0.78028	0.01911	0.00419	0.00447	0.02765	0.01958	0.00288	0.00382	0.00241	0.02651	0.00159	0.00046	0.00172	0.00132	0.00075	0.00219
5	0.00321	0.03782	0.00336	0.03141	0.03403	0.00228	0.00196	0.03361	0.02332	0.02283	0.00272	0.00313	0.00222	0.00115	0.00112	0.00025	0.00116	0.00092	0.00089	0.79262
6	0.05316	0.07974	0.02124	0.00338	0.06931	0.18749	0.01818	0.22495	0.03317	0.16089	0.06354	0.00437	0.04332	0.00175	0.00140	0.00042	0.01011	0.00135	0.00118	0.02105
7	0.00270	0.00193	0.00270	0.03737	0.00295	0.00204	0.05519	0.06123	0.02233	0.03740	0.04389	0.04547	0.00432	0.28621	0.18414	0.14939	0.04000	0.00178	0.00092	0.01801
8	0.00367	0.05336	0.44616	0.00374	0.05810	0.04982	0.01259	0.05185	0.04659	0.12961	0.04376	0.01714	0.00299	0.01245	0.04056	0.00053	0.00188	0.00129	0.00093	0.02299
9	0.04531	0.00219	0.03307	0.00219	0.00281	0.01798	0.02477	0.04304	0.04720	0.00536	0.44707	0.05786	0.10569	0.01610	0.00166	0.00046	0.00098	0.03593	0.00134	0.10898
10	0.62697	0.00315	0.03259	0.00229	0.00324	0.03810	0.00193	0.09687	0.04594	0.09222	0.04276	0.00323	0.00251	0.00153	0.00109	0.00045	0.00125	0.00103	0.00107	0.00179
11	0.00454	0.00359	0.05922	0.00349	0.08013	0.02664	0.01397	0.40929	0.05635	0.12181	0.04095	0.04340	0.01940	0.00194	0.01294	0.00045	0.00881	0.00148	0.00129	0.09033

[dist]
# distance from previous block
# <min> <max>
13	61

[block]
# block no. 6 follows, 221 sequences, length 6
# corresponding to MSA columns:
# 1076-1081
name=unknown_G
#
# <colnr> <probs for GDERKNQSTAVLIFYWHMCP>
#	G	D	E	R	K	N	Q	S	T	A	V	L	I	F	Y	W	H	M	C	P
0	0.05068	0.48550	0.11621	0.00296	0.00417	0.08619	0.02321	0.10014	0.03007	0.03944	0.00257	0.00288	0.00210	0.00166	0.02644	0.00043	0.02163	0.00098	0.00080	0.00194
1	0.08477	0.14537	0.05706	0.00251	0.00331	0.02479	0.02754	0.04959	0.09101	0.06709	0.21615	0.02845	0.08490	0.01620	0.00156	0.00047	0.00123	0.09506	0.00122	0.00171
2	0.03090	0.48845	0.22182	0.00283	0.00422	0.02815	0.00299	0.02669	0.00314	0.04204	0.00286	0.00313	0.03609	0.00139	0.00112	0.00035	0.00161	0.00098	0.00075	0.10051
3	0.03697	0.00170	0.00210	0.02763	0.00264	0.01555	0.01728	0.02999	0.04733	0.00415	0.02709	0.64637	0.06852	0.02466	0.00186	0.00057	0.00099	0.02501	0.00128	0.01828
4	0.00194	0.00211	0.10513	0.00192	0.00249	0.00150	0.00166	0.00246	0.00322	0.00412	0.11654	0.11508	0.52440	0.07011	0.00210	0.00056	0.00097	0.04112	0.00126	0.00131
5	0.00396	0.73749	0.04976	0.00294	0.00419	0.10779	0.06838	0.00453	0.00311	0.00356	0.00213	0.00250	0.00188	0.00127	0.00105	0.00034	0.00175	0.00087	0.00064	0.00186

[dist]
# distance from previous block
# <min> <max>
2	4

[block]
# block no. 7 follows, 221 sequences, length 14
# corresponding to MSA columns:
# 1087-1100
name=unknown_H
#
# <colnr> <probs for GDERKNQSTAVLIFYWHMCP>
#	G	D	E	R	K	N	Q	S	T	A	V	L	I	F	Y	W	H	M	C	P
0	0.02700	0.09829	0.25784	0.00351	0.01914	0.02171	0.07446	0.16564	0.07611	0.18901	0.00382	0.01848	0.00286	0.00168	0.00141	0.00045	0.00169	0.03364	0.00111	0.00217
1	0.00180	0.00128	0.00171	0.00202	0.00211	0.00122	0.00136	0.00206	0.00274	0.00366	0.00769	0.85865	0.00917	0.04394	0.03368	0.00068	0.00098	0.02277	0.00131	0.00117
2	0.00178	0.00128	0.00168	0.00198	0.00210	0.00119	0.00133	0.00206	0.00287	0.00382	0.05759	0.85444	0.05370	0.00441	0.00183	0.00058	0.00083	0.00399	0.00136	0.00119
3	0.00386	0.57605	0.08801	0.00289	0.00410	0.02227	0.02081	0.07433	0.16116	0.00441	0.00285	0.00305	0.00234	0.00145	0.00122	0.00038	0.02697	0.00102	0.00083	0.00199
4	0.00371	0.13665	0.49267	0.00380	0.03190	0.00360	0.05945	0.08701	0.00351	0.10555	0.00295	0.00326	0.00213	0.00140	0.00133	0.00042	0.00186	0.00112	0.00084	0.05683
5	0.00400	0.19520	0.37655	0.00341	0.02399	0.02388	0.01989	0.07677	0.01472	0.18051	0.04628	0.01338	0.00295	0.00159	0.00134	0.00043	0.00172	0.01031	0.00098	0.00211
6	0.00367	0.83354	0.05326	0.00251	0.00372	0.00528	0.00253	0.00418	0.00295	0.00349	0.00262	0.05267	0.02174	0.00147	0.00102	0.00034	0.00152	0.00101	0.00067	0.00182
7	0.00215	0.00167	0.00241	0.10183	0.10325	0.00168	0.00192	0.00255	0.00287	0.00387	0.04560	0.52841	0.04610	0.08893	0.00228	0.01266	0.00110	0.02255	0.02686	0.00132
8	0.00385	0.00316	0.05600	0.02297	0.41243	0.03323	0.00327	0.01291	0.04631	0.18683	0.07373	0.03005	0.04799	0.00192	0.00151	0.00046	0.00148	0.05872	0.00111	0.00208
9	0.08338	0.00298	0.00460	0.10218	0.53447	0.01454	0.00353	0.00432	0.01090	0.07081	0.06225	0.03230	0.00353	0.00169	0.00144	0.00045	0.00154	0.04784	0.00091	0.01633
10	0.03785	0.03374	0.00318	0.00238	0.03373	0.00214	0.00183	0.00388	0.00311	0.06287	0.04867	0.00348	0.00277	0.00123	0.00113	0.00026	0.00110	0.00099	0.00094	0.75471
11	0.00383	0.34240	0.03286	0.00291	0.01343	0.07847	0.05749	0.13926	0.05116	0.03431	0.05963	0.03862	0.07923	0.00181	0.00132	0.00039	0.00799	0.00142	0.00099	0.05249
12	0.00360	0.00248	0.00311	0.01324	0.04654	0.01627	0.01940	0.03455	0.06837	0.18448	0.10144	0.09672	0.03512	0.00196	0.00139	0.00038	0.00114	0.01036	0.00123	0.35822
13	0.00454	0.01456	0.07252	0.02510	0.03107	0.00269	0.01320	0.15563	0.08168	0.33876	0.11005	0.04591	0.01401	0.00194	0.00146	0.00044	0.00130	0.00162	0.00141	0.08210

[dist]
# distance from previous block
# <min> <max>
6	22

[block]
# block no. 8 follows, 221 sequences, length 19
# corresponding to MSA columns:
# 1142-1151,1153-1161
name=unknown_I
#
# <colnr> <probs for GDERKNQSTAVLIFYWHMCP>
#	G	D	E	R	K	N	Q	S	T	A	V	L	I	F	Y	W	H	M	C	P
0	0.02120	0.00323	0.00508	0.06795	0.63099	0.00330	0.01333	0.03022	0.10677	0.00500	0.03869	0.00402	0.00292	0.00144	0.00142	0.00043	0.00158	0.00135	0.00086	0.06022
1	0.00319	0.00299	0.00509	0.48727	0.43749	0.00331	0.01763	0.00410	0.00311	0.01821	0.00269	0.00375	0.00213	0.00138	0.00144	0.00046	0.00183	0.00130	0.00070	0.00194
2	0.00352	0.00337	0.00571	0.07392	0.85359	0.00343	0.00436	0.00447	0.02500	0.00469	0.00279	0.00364	0.00232	0.00132	0.00144	0.00044	0.00172	0.00130	0.00073	0.00225
3	0.00615	0.00246	0.00341	0.00284	0.04228	0.00216	0.00223	0.00673	0.00406	0.85135	0.00570	0.00549	0.00379	0.00189	0.00148	0.00046	0.00126	0.05214	0.00172	0.00240
4	0.00270	0.00135	0.00135	0.00135	0.00169	0.00135	0.00101	0.00337	0.00304	0.00540	0.00472	0.00540	0.00371	0.00169	0.00101	0.00034	0.00067	0.00135	0.95716	0.00135
5	0.00358	0.00335	0.00570	0.04276	0.87118	0.00337	0.00433	0.00444	0.00331	0.02331	0.01918	0.00375	0.00250	0.00133	0.00144	0.00043	0.00170	0.00132	0.00075	0.00226
6	0.03358	0.11418	0.00441	0.00350	0.00431	0.76800	0.00270	0.00565	0.04401	0.00372	0.00236	0.00269	0.00196	0.00148	0.00126	0.00037	0.00238	0.00094	0.00077	0.00172
7	0.00268	0.00134	0.00140	0.00140	0.00170	0.00134	0.00103	0.00324	0.00293	0.00514	0.00453	0.00531	0.00360	0.00198	0.00142	0.08534	0.00073	0.00134	0.87224	0.00129
8	0.00417	0.00335	0.00357	0.00302	0.00393	0.00379	0.00240	0.32232	0.57752	0.00705	0.03267	0.00506	0.02063	0.00195	0.00148	0.00047	0.00128	0.00158	0.00147	0.00230
9	0.00264	0.00136	0.00140	0.00139	0.00173	0.00135	0.00104	0.00332	0.00313	0.00543	0.08769	0.00588	0.00459	0.00180	0.00107	0.00035	0.00068	0.00146	0.87233	0.00135
10	0.82209	0.00259	0.00210	0.00194	0.00273	0.00299	0.00156	0.00397	0.00248	0.00608	0.00265	0.08650	0.00239	0.00215	0.05242	0.00056	0.00125	0.00112	0.00093	0.00152
11	0.00198	0.00153	0.00220	0.16595	0.00352	0.00159	0.00187	0.00239	0.00279	0.00369	0.00676	0.67068	0.00782	0.02742	0.04236	0.00067	0.00120	0.05313	0.00119	0.00126
12	0.09051	0.04355	0.04231	0.03417	0.03218	0.00269	0.00241	0.07449	0.01143	0.64411	0.00474	0.00433	0.00309	0.00168	0.00138	0.00044	0.00134	0.00133	0.00152	0.00231
13	0.00349	0.09665	0.62609	0.00412	0.05670	0.00379	0.01765	0.16553	0.00371	0.00527	0.00271	0.00310	0.00198	0.00142	0.00135	0.00044	0.00197	0.00110	0.00076	0.00217
14	0.01596	0.06367	0.51892	0.00385	0.01484	0.00323	0.10444	0.00447	0.00317	0.08671	0.01314	0.03642	0.03445	0.00177	0.00159	0.00047	0.04245	0.04764	0.00083	0.00199
15	0.12669	0.01485	0.22892	0.00269	0.01583	0.00213	0.02162	0.00311	0.00286	0.01471	0.00578	0.51302	0.02687	0.00315	0.00158	0.00053	0.00125	0.01181	0.00108	0.00152
16	0.01468	0.07602	0.49887	0.06062	0.02849	0.02290	0.02689	0.03550	0.00968	0.07989	0.01835	0.11515	0.00314	0.00181	0.00142	0.00046	0.00180	0.00150	0.00086	0.00198
17	0.10829	0.12472	0.07664	0.02210	0.20379	0.02422	0.16399	0.01949	0.01631	0.11047	0.06854	0.00971	0.00310	0.00149	0.00136	0.00043	0.00164	0.00133	0.00093	0.04143
18	0.07467	0.08923	0.45445	0.01969	0.03078	0.00311	0.02735	0.01556	0.01811	0.06445	0.08314	0.01244	0.09018	0.00177	0.00138	0.00045	0.00165	0.00142	0.00090	0.00928

[dist]
# distance from previous block
# <min> <max>
3	62

[block]
# block no. 9 follows, 221 sequences, length 8
# corresponding to MSA columns:
# 1240,1242-1247,1252
name=unknown_J
#
# <colnr> <probs for GDERKNQSTAVLIFYWHMCP>
#	G	D	E	R	K	N	Q	S	T	A	V	L	I	F	Y	W	H	M	C	P
0	0.06811	0.01856	0.24396	0.00399	0.08203	0.07185	0.13081	0.03659	0.05828	0.10559	0.02210	0.05544	0.00315	0.00171	0.00143	0.00045	0.00174	0.03101	0.00097	0.06223
1	0.01661	0.00264	0.00333	0.00295	0.09333	0.01604	0.02475	0.02070	0.02863	0.09131	0.09904	0.02024	0.00370	0.01416	0.00134	0.00033	0.00118	0.00126	0.00104	0.55745
2	0.00326	0.00287	0.01817	0.01827	0.26664	0.04136	0.04618	0.04479	0.16294	0.04659	0.07499	0.22815	0.02282	0.00239	0.00157	0.00048	0.00136	0.00215	0.00115	0.01386
3	0.08195	0.00477	0.22594	0.00340	0.00477	0.00412	0.00327	0.63984	0.00557	0.00784	0.00315	0.00329	0.00224	0.00162	0.00139	0.00044	0.00168	0.00121	0.00121	0.00231
4	0.08232	0.00313	0.00348	0.00268	0.00382	0.03499	0.00219	0.27262	0.00450	0.34429	0.00391	0.00377	0.00270	0.00156	0.00131	0.00039	0.00134	0.00120	0.00136	0.22845
5	0.00255	0.00138	0.00149	0.00146	0.00180	0.00135	0.00110	0.00322	0.00329	0.00549	0.22586	0.00668	0.00607	0.00199	0.00118	0.00037	0.00068	0.00165	0.73106	0.00135
6	0.73304	0.00391	0.22443	0.00243	0.00362	0.00327	0.00246	0.00433	0.00260	0.00604	0.00215	0.00252	0.00163	0.00135	0.00101	0.00045	0.00136	0.00085	0.00083	0.00170
7	0.00500	0.22874	0.00499	0.00324	0.00427	0.30135	0.00268	0.38109	0.04541	0.00587	0.00284	0.00301	0.00222	0.00155	0.00128	0.00039	0.00188	0.00108	0.00103	0.00206

[dist]
# distance from previous block
# <min> <max>
0	12

[block]
# block no. 10 follows, 221 sequences, length 6
# corresponding to MSA columns:
# 1265-1270
name=unknown_K
#
# <colnr> <probs for GDERKNQSTAVLIFYWHMCP>
#	G	D	E	R	K	N	Q	S	T	A	V	L	I	F	Y	W	H	M	C	P
0	0.00299	0.00193	0.00198	0.00187	0.00237	0.00209	0.00143	0.00479	0.30873	0.00561	0.00511	0.00540	0.00394	0.00178	0.00116	0.00039	0.00083	0.00144	0.64451	0.00166
1	0.07836	0.31218	0.00415	0.00239	0.00309	0.02495	0.00204	0.03101	0.02424	0.02940	0.00320	0.00432	0.00289	0.04569	0.42462	0.00129	0.00256	0.00124	0.00080	0.00158
2	0.00185	0.00145	0.00185	0.00223	0.05605	0.00132	0.00144	0.00218	0.00297	0.00383	0.00986	0.58817	0.31337	0.00406	0.00178	0.00055	0.00086	0.00361	0.00131	0.00126
3	0.64662	0.00316	0.00423	0.00328	0.00436	0.00338	0.30688	0.00438	0.00278	0.00589	0.00231	0.00286	0.00177	0.00130	0.00116	0.00046	0.00155	0.00109	0.00084	0.00169
4	0.00387	0.94999	0.00759	0.00248	0.00372	0.00573	0.00248	0.00434	0.00294	0.00341	0.00201	0.00232	0.00186	0.00124	0.00093	0.00031	0.00155	0.00077	0.00062	0.00186
5	0.00617	0.00298	0.00368	0.00282	0.00396	0.00290	0.00233	0.31071	0.00502	0.63620	0.00498	0.00445	0.00322	0.00177	0.00145	0.00044	0.00135	0.00141	0.00168	0.00246

[dist]
# distance from previous block
# <min> <max>
0	2

[block]
# block no. 11 follows, 221 sequences, length 11
# corresponding to MSA columns:
# 1273-1283
name=unknown_L
#
# <colnr> <probs for GDERKNQSTAVLIFYWHMCP>
#	G	D	E	R	K	N	Q	S	T	A	V	L	I	F	Y	W	H	M	C	P
0	0.00204	0.00138	0.00164	0.00171	0.00174	0.00138	0.00102	0.00211	0.00225	0.00301	0.00519	0.19151	0.00601	0.71332	0.05859	0.00130	0.00143	0.00246	0.00096	0.00096
1	0.00273	0.00234	0.00376	0.76231	0.00836	0.00285	0.00344	0.00364	0.00292	0.00403	0.00299	0.00416	0.00228	0.00149	0.00136	0.00045	0.00169	0.00130	0.18635	0.00156
2	0.00274	0.00254	0.18390	0.00189	0.00258	0.00174	0.00185	0.00361	0.00304	0.00524	0.00431	0.00494	0.00335	0.00163	0.00108	0.00036	0.00096	0.00130	0.77145	0.00150
3	0.08098	0.01928	0.01582	0.00271	0.01747	0.01465	0.00221	0.17789	0.03130	0.43152	0.00421	0.00398	0.00287	0.00159	0.00132	0.00040	0.00130	0.00124	0.00140	0.18787
4	0.11044	0.00380	0.05611	0.00309	0.00416	0.00400	0.00261	0.47394	0.31329	0.00757	0.00406	0.00396	0.00297	0.00175	0.00139	0.00046	0.00142	0.00134	0.00135	0.00229
5	0.00270	0.00135	0.00135	0.00135	0.00169	0.00135	0.00101	0.00337	0.00304	0.00540	0.00472	0.00540	0.00371	0.00169	0.00101	0.00034	0.00067	0.00135	0.95716	0.00135
6	0.00283	0.00235	0.00273	0.00203	0.00307	0.00183	0.00155	0.00335	0.00283	0.00435	0.00296	0.00426	0.00275	0.18513	0.00229	0.00045	0.00114	0.00110	0.00086	0.77215
7	0.00227	0.00166	0.00242	0.00237	0.00265	0.00193	0.00184	0.02211	0.00245	0.02475	0.00388	0.00568	0.00360	0.03983	0.84882	0.00217	0.02786	0.00155	0.00081	0.00134
8	0.00242	0.00187	0.00271	0.13045	0.08799	0.00193	0.00231	0.02347	0.02062	0.02247	0.01786	0.40038	0.02396	0.00348	0.00177	0.00057	0.00123	0.25184	0.00121	0.00145
9	0.95935	0.00280	0.00213	0.00190	0.00280	0.00325	0.00157	0.00426	0.00246	0.00650	0.00202	0.00235	0.00157	0.00134	0.00090	0.00045	0.00112	0.00078	0.00090	0.00157
10	0.00237	0.00187	0.00274	0.18586	0.04928	0.00200	0.00247	0.00312	0.04237	0.00410	0.00639	0.26647	0.00692	0.02024	0.00190	0.00060	0.00133	0.39738	0.00117	0.00142

[dist]
# distance from previous block
# <min> <max>
0	4

[block]
# block no. 12 follows, 221 sequences, length 13
# corresponding to MSA columns:
# 1288-1300
name=unknown_M
#
# <colnr> <probs for GDERKNQSTAVLIFYWHMCP>
#	G	D	E	R	K	N	Q	S	T	A	V	L	I	F	Y	W	H	M	C	P
0	0.00310	0.00322	0.12641	0.00242	0.00381	0.00212	0.00221	0.00388	0.00305	0.03517	0.00268	0.00307	0.00215	0.00114	0.00112	0.00025	0.00122	0.00091	0.00086	0.80122
1	0.00512	0.00244	0.00318	0.00254	0.01778	0.00214	0.00200	0.05358	0.01978	0.55004	0.00450	0.00438	0.00309	0.00206	0.00193	0.12627	0.00123	0.00130	0.00141	0.19522
2	0.00210	0.00142	0.00168	0.00168	0.00171	0.00146	0.00100	0.00217	0.00213	0.00288	0.00447	0.00898	0.00505	0.82577	0.13042	0.00152	0.00173	0.00203	0.00086	0.00093
3	0.00365	0.00380	0.07385	0.02196	0.63329	0.03170	0.04635	0.02298	0.12619	0.01730	0.00318	0.00379	0.00254	0.00141	0.00144	0.00044	0.00173	0.00133	0.00084	0.00224
4	0.00293	0.00256	0.02313	0.00233	0.01373	0.00195	0.01371	0.01705	0.00308	0.01443	0.01541	0.09586	0.00321	0.00155	0.00121	0.00028	0.00111	0.02738	0.00094	0.75815
5	0.95935	0.00280	0.00213	0.00190	0.00280	0.00325	0.00157	0.00426	0.00246	0.00650	0.00202	0.00235	0.00157	0.00134	0.00090	0.00045	0.00112	0.00078	0.00090	0.00157
6	0.00301	0.04001	0.77609	0.00435	0.00636	0.00349	0.13754	0.00458	0.00310	0.00455	0.00262	0.00315	0.00189	0.00135	0.00141	0.00046	0.00216	0.00115	0.00063	0.00210
7	0.12917	0.00354	0.04420	0.03226	0.61736	0.01683	0.07777	0.00449	0.02724	0.00495	0.01452	0.00355	0.00235	0.00134	0.00138	0.00044	0.00170	0.00126	0.00077	0.01488
8	0.00219	0.00176	0.00209	0.00211	0.03356	0.00169	0.00153	0.00322	0.12647	0.00509	0.43142	0.01113	0.33629	0.00305	0.00168	0.00048	0.00082	0.03250	0.00145	0.00147
9	0.00365	0.00273	0.05692	0.01654	0.04787	0.00251	0.05373	0.10383	0.14330	0.18427	0.12159	0.20550	0.01432	0.01202	0.01116	0.00052	0.00128	0.01500	0.00137	0.00191
10	0.00206	0.00159	0.00198	0.03249	0.00258	0.00159	0.00155	0.00289	0.12582	0.00420	0.07741	0.60618	0.10960	0.00388	0.00176	0.00055	0.00090	0.02025	0.00136	0.00136
11	0.05673	0.12081	0.01930	0.00327	0.04733	0.05030	0.01327	0.29151	0.03635	0.06894	0.01629	0.03487	0.00272	0.00176	0.00176	0.00043	0.12572	0.00127	0.00108	0.10632
12	0.19052	0.09724	0.12016	0.02030	0.04637	0.10080	0.02336	0.06210	0.04493	0.04217	0.02145	0.02390	0.00318	0.14087	0.00217	0.00058	0.00158	0.03547	0.00093	0.02191

[dist]
# distance from previous block
# <min> <max>
0	495

# created by:
# /home/berkeley/.conda/envs/busco_data_prod/bin/msa2prfl.pl pipeline/OGs_align_augustus/2759/311633.fs
