[name]
unknown

[dist]
# distance from previous block
# <min> <max>
0	1077

[block]
# block no. 0 follows, 291 sequences, length 10
# corresponding to MSA columns:
# 1214,1223-1230,1235
name=unknown_A
#
# <colnr> <probs for GDERKNQSTAVLIFYWHMCP>
#	G	D	E	R	K	N	Q	S	T	A	V	L	I	F	Y	W	H	M	C	P
0	0.00154	0.00105	0.00124	0.00133	0.00136	0.00103	0.00080	0.00161	0.00183	0.00242	0.00464	0.30421	0.03886	0.62836	0.00422	0.00087	0.00093	0.00214	0.00081	0.00076
1	0.00392	0.01557	0.00349	0.00293	0.05809	0.17004	0.06047	0.50836	0.02930	0.06776	0.00263	0.01335	0.00197	0.00132	0.00120	0.00034	0.03457	0.00101	0.02199	0.00171
2	0.03260	0.05255	0.00336	0.08488	0.00379	0.62498	0.01781	0.12452	0.02000	0.00342	0.00192	0.00224	0.00154	0.00118	0.00107	0.00031	0.02100	0.00080	0.00065	0.00139
3	0.00139	0.00100	0.00131	0.00153	0.00163	0.00093	0.00104	0.00162	0.00226	0.00303	0.09709	0.82877	0.04752	0.00337	0.00142	0.00044	0.00064	0.00304	0.00106	0.00093
4	0.00175	0.00115	0.00138	0.00142	0.00168	0.00105	0.00101	0.00208	0.00226	0.01598	0.01889	0.48489	0.03542	0.02029	0.01479	0.00039	0.00068	0.00215	0.26881	0.12395
5	0.84553	0.00215	0.00187	0.12318	0.00288	0.00251	0.00146	0.00324	0.00195	0.00476	0.00162	0.00197	0.00125	0.00105	0.00075	0.00035	0.00095	0.00066	0.00067	0.00122
6	0.00336	0.00247	0.00315	0.00254	0.00331	0.00264	0.12237	0.18859	0.43950	0.15630	0.03080	0.00381	0.00299	0.00141	0.00115	0.00036	0.00107	0.00122	0.03119	0.00175
7	0.00233	0.00144	0.00183	0.00160	0.00204	0.00133	0.00124	0.05340	0.00313	0.15281	0.59507	0.00691	0.02145	0.03307	0.02207	0.00040	0.00074	0.02254	0.00117	0.07545
8	0.00171	0.00182	0.12308	0.00198	0.00234	0.00160	0.00174	0.00220	0.00186	0.00270	0.00287	0.00428	0.00267	0.06979	0.74239	0.00153	0.03260	0.00118	0.00059	0.00107
9	0.06090	0.00226	0.02243	0.35459	0.10197	0.02829	0.04805	0.09766	0.04055	0.01687	0.12771	0.00367	0.00294	0.00139	0.00981	0.00037	0.01983	0.00113	0.05818	0.00138

[dist]
# distance from previous block
# <min> <max>
1	16

[block]
# block no. 1 follows, 291 sequences, length 8
# corresponding to MSA columns:
# 1255,1256,1259,1260,1263-1266
name=unknown_B
#
# <colnr> <probs for GDERKNQSTAVLIFYWHMCP>
#	G	D	E	R	K	N	Q	S	T	A	V	L	I	F	Y	W	H	M	C	P
0	0.86160	0.00221	0.00180	0.00156	0.00228	0.00252	0.00129	0.05432	0.00216	0.05938	0.00179	0.00198	0.00134	0.00108	0.00074	0.00035	0.00089	0.00066	0.00076	0.00129
1	0.00399	0.04528	0.00322	0.00277	0.00338	0.82469	0.00210	0.00446	0.05897	0.00289	0.00190	0.00215	0.00157	0.00116	0.00100	0.00029	0.00188	0.00075	0.00061	0.03694
2	0.00188	0.00122	0.00152	0.00154	0.00182	0.00112	0.00111	0.00234	0.05017	0.10625	0.21570	0.42832	0.17714	0.00279	0.00134	0.00040	0.00065	0.00247	0.00113	0.00110
3	0.00209	0.01364	0.01323	0.00169	0.00203	0.08863	0.00128	0.04724	0.02938	0.03703	0.32409	0.24228	0.12415	0.00238	0.00131	0.00037	0.01851	0.00204	0.04752	0.00113
4	0.00158	0.00111	0.00133	0.00136	0.00145	0.00110	0.00088	0.00173	0.00193	0.00258	0.07032	0.10159	0.08631	0.57421	0.10124	0.00096	0.00115	0.04758	0.00079	0.00080
5	0.00312	0.04789	0.00282	0.01722	0.00297	0.04180	0.00182	0.23920	0.39916	0.04446	0.06466	0.04705	0.00335	0.00169	0.01789	0.00038	0.03495	0.00125	0.01413	0.01418
6	0.13736	0.05572	0.04670	0.05989	0.09313	0.06820	0.02434	0.11598	0.01471	0.02679	0.00212	0.00249	0.00168	0.01043	0.00101	0.00029	0.01271	0.00081	0.01640	0.30924
7	0.01628	0.52831	0.04316	0.00225	0.01558	0.17270	0.00203	0.06552	0.02359	0.00317	0.00187	0.01405	0.00163	0.00110	0.00093	0.00027	0.02985	0.00073	0.01381	0.06319

[dist]
# distance from previous block
# <min> <max>
1	11

[block]
# block no. 2 follows, 291 sequences, length 16
# corresponding to MSA columns:
# 1289-1292,1296,1315-1320,1323-1325,1327,1328
name=unknown_C
#
# <colnr> <probs for GDERKNQSTAVLIFYWHMCP>
#	G	D	E	R	K	N	Q	S	T	A	V	L	I	F	Y	W	H	M	C	P
0	0.00155	0.00108	0.00139	0.00149	0.00167	0.00099	0.00105	0.00187	0.00255	0.03378	0.31559	0.53826	0.08854	0.00299	0.00138	0.00041	0.00061	0.00268	0.00112	0.00099
1	0.00140	0.00107	0.00128	0.00139	0.00159	0.00097	0.00098	0.00167	0.00237	0.00305	0.10425	0.41211	0.35728	0.05395	0.04015	0.00051	0.00073	0.01330	0.00102	0.00093
2	0.00411	0.00303	0.00325	0.00253	0.00340	0.00335	0.00208	0.81616	0.11551	0.03053	0.00296	0.00290	0.00211	0.00137	0.00112	0.00034	0.00119	0.00104	0.00113	0.00189
3	0.02031	0.00205	0.00236	0.00173	0.00268	0.00165	0.00139	0.06610	0.01528	0.04438	0.00245	0.00268	0.03002	0.00096	0.00088	0.00020	0.00086	0.00077	0.00074	0.80250
4	0.00168	0.00124	0.00155	0.00145	0.00175	0.00118	0.00109	0.03035	0.03561	0.00440	0.77463	0.02866	0.10750	0.00232	0.00131	0.00036	0.00057	0.00203	0.00120	0.00109
5	0.87484	0.00223	0.00179	0.00157	0.00228	0.00256	0.00129	0.06889	0.00218	0.03168	0.00172	0.00194	0.00131	0.00107	0.00074	0.00035	0.00090	0.00065	0.00074	0.00128
6	0.00419	0.00528	0.00319	0.00288	0.00347	0.92509	0.00217	0.03522	0.00325	0.00289	0.00177	0.00204	0.00146	0.00116	0.00102	0.00029	0.00200	0.00073	0.00060	0.00132
7	0.00215	0.00203	0.00345	0.86657	0.06477	0.00248	0.01924	0.00289	0.00227	0.00293	0.00208	0.02053	0.00162	0.00116	0.00113	0.00037	0.00148	0.00104	0.00051	0.00128
8	0.00159	0.00115	0.00139	0.00134	0.00164	0.00103	0.00100	0.00200	0.00287	0.02916	0.54400	0.06393	0.30903	0.03310	0.00147	0.00039	0.00058	0.00217	0.00115	0.00103
9	0.03216	0.00278	0.00316	0.02011	0.00341	0.01878	0.05822	0.47667	0.29713	0.03267	0.00337	0.01979	0.00255	0.00144	0.00114	0.00036	0.00115	0.02228	0.00107	0.00176
10	0.00178	0.00143	0.02594	0.00687	0.00851	0.00682	0.02632	0.02331	0.01346	0.02906	0.49691	0.11433	0.18364	0.00240	0.00140	0.01693	0.01655	0.00929	0.01395	0.00110
11	0.00173	0.00125	0.00145	0.00143	0.00157	0.00129	0.00093	0.00221	0.11142	0.00284	0.11396	0.05124	0.04813	0.57371	0.08138	0.00092	0.00111	0.00171	0.00082	0.00090
12	0.00312	0.75442	0.05024	0.00215	0.00306	0.13812	0.00207	0.00351	0.00239	0.00270	0.00160	0.00188	0.00144	0.00102	0.00086	0.00026	0.02860	0.00064	0.00049	0.00142
13	0.00139	0.00099	0.00132	0.00156	0.00163	0.00093	0.00105	0.00160	0.00218	0.00292	0.03882	0.89443	0.00746	0.01943	0.00150	0.00046	0.00066	0.01971	0.00104	0.00091
14	0.00231	0.00199	0.01783	0.04461	0.27197	0.00788	0.03538	0.02748	0.09028	0.03756	0.29737	0.06785	0.05458	0.00793	0.00131	0.00037	0.02149	0.00950	0.00092	0.00140
15	0.01360	0.02626	0.05586	0.03174	0.07569	0.47714	0.05976	0.05186	0.08777	0.03267	0.00228	0.00273	0.00184	0.00126	0.00121	0.00033	0.05384	0.02203	0.00067	0.00145

[dist]
# distance from previous block
# <min> <max>
0	18

[block]
# block no. 3 follows, 291 sequences, length 6
# corresponding to MSA columns:
# 1347-1352
name=unknown_D
#
# <colnr> <probs for GDERKNQSTAVLIFYWHMCP>
#	G	D	E	R	K	N	Q	S	T	A	V	L	I	F	Y	W	H	M	C	P
0	0.03895	0.03355	0.00340	0.00281	0.00342	0.51714	0.03455	0.22214	0.00338	0.00385	0.00193	0.00225	0.00156	0.00129	0.00137	0.00033	0.12513	0.00083	0.00069	0.00144
1	0.00295	0.01999	0.05744	0.09557	0.37979	0.04032	0.05229	0.06434	0.16762	0.06502	0.01888	0.00313	0.00221	0.00120	0.00118	0.00035	0.02424	0.00106	0.00075	0.00167
2	0.04191	0.00266	0.00282	0.00226	0.00303	0.02758	0.00184	0.50677	0.16852	0.11874	0.03235	0.00333	0.00258	0.00139	0.00109	0.00034	0.00107	0.00108	0.07893	0.00175
3	0.00242	0.01976	0.20635	0.11718	0.07670	0.01923	0.02823	0.13966	0.02426	0.00377	0.04728	0.04144	0.07567	0.04925	0.07684	0.01460	0.04279	0.00125	0.01194	0.00139
4	0.00297	0.00235	0.00251	0.00222	0.00287	0.00267	0.00174	0.04946	0.80353	0.06667	0.00443	0.00409	0.00329	0.00150	0.00112	0.00037	0.00089	0.00124	0.04431	0.00176
5	0.00147	0.00106	0.00138	0.00157	0.00168	0.00100	0.00107	0.00168	0.00211	0.00283	0.00557	0.71695	0.00657	0.11217	0.04290	0.00058	0.00083	0.06004	0.00097	0.03758

[dist]
# distance from previous block
# <min> <max>
0	1

[block]
# block no. 4 follows, 291 sequences, length 15
# corresponding to MSA columns:
# 1355-1366,1375-1377
name=unknown_E
#
# <colnr> <probs for GDERKNQSTAVLIFYWHMCP>
#	G	D	E	R	K	N	Q	S	T	A	V	L	I	F	Y	W	H	M	C	P
0	0.00268	0.01525	0.01898	0.00903	0.00287	0.01155	0.01269	0.10372	0.01463	0.04472	0.01145	0.00252	0.00183	0.00095	0.00090	0.00021	0.00093	0.00075	0.00075	0.74360
1	0.00172	0.01174	0.00142	0.00136	0.00152	0.00118	0.00091	0.02369	0.01111	0.00993	0.18218	0.10663	0.07698	0.46488	0.02028	0.00074	0.00090	0.01438	0.05746	0.01101
2	0.00306	0.02971	0.45830	0.00308	0.00434	0.02396	0.15301	0.08743	0.01869	0.17639	0.00259	0.00281	0.00181	0.00128	0.01842	0.00038	0.01134	0.00098	0.00073	0.00167
3	0.02401	0.00302	0.00298	0.00250	0.00311	0.16369	0.00993	0.30282	0.19576	0.07152	0.00299	0.03076	0.00236	0.00152	0.00148	0.00037	0.14138	0.01220	0.02601	0.00160
4	0.01511	0.00238	0.03142	0.47512	0.05067	0.02386	0.04409	0.14278	0.04047	0.04912	0.00751	0.03579	0.00206	0.02218	0.00126	0.00038	0.01269	0.00838	0.00070	0.03403
5	0.00257	0.00215	0.00318	0.11064	0.30432	0.00233	0.02065	0.09982	0.08689	0.02859	0.03374	0.03487	0.00281	0.08354	0.09599	0.00057	0.04625	0.02318	0.01648	0.00145
6	0.00394	0.07725	0.01528	0.00282	0.00347	0.78047	0.03048	0.01452	0.02248	0.00289	0.00182	0.00210	0.00151	0.00113	0.00100	0.00029	0.00188	0.00074	0.00059	0.03535
7	0.00138	0.00113	0.00122	0.00122	0.00155	0.00099	0.00091	0.00168	0.00253	0.00312	0.10348	0.05053	0.73211	0.03526	0.05744	0.00049	0.00073	0.00228	0.00102	0.00095
8	0.00334	0.02168	0.04160	0.12095	0.04791	0.03123	0.01808	0.19387	0.17477	0.20029	0.06896	0.00391	0.03198	0.00144	0.00116	0.00035	0.01161	0.00687	0.01836	0.00164
9	0.00245	0.00178	0.00247	0.32859	0.02351	0.01439	0.02094	0.04895	0.05072	0.07370	0.04430	0.05735	0.00288	0.02238	0.00691	0.00037	0.03047	0.00122	0.26535	0.00127
10	0.00154	0.00118	0.00139	0.00143	0.00170	0.00109	0.00106	0.02595	0.02149	0.00346	0.22452	0.27537	0.35287	0.02432	0.00146	0.00042	0.00064	0.05803	0.00108	0.00100
11	0.16923	0.11151	0.02170	0.00192	0.00274	0.00218	0.01352	0.02475	0.03056	0.53971	0.00348	0.01433	0.00238	0.00129	0.00099	0.00033	0.00097	0.00100	0.05577	0.00166
12	0.00171	0.00117	0.00154	0.00161	0.00183	0.00108	0.01939	0.01662	0.01196	0.05760	0.13745	0.59045	0.10929	0.00300	0.00137	0.00042	0.00068	0.02324	0.01856	0.00103
13	0.00410	0.01315	0.00326	0.00254	0.00336	0.08052	0.00208	0.75324	0.04566	0.03036	0.00273	0.00276	0.00197	0.00135	0.00116	0.00034	0.02219	0.00100	0.02643	0.00181
14	0.00249	0.00212	0.00246	0.01326	0.00279	0.01260	0.00146	0.05442	0.01332	0.01497	0.00207	0.00239	0.00170	0.00093	0.00097	0.00020	0.03927	0.00071	0.00069	0.83120

[dist]
# distance from previous block
# <min> <max>
1	2

[block]
# block no. 5 follows, 291 sequences, length 20
# corresponding to MSA columns:
# 1382-1389,1392,1410-1419,1421
name=unknown_F
#
# <colnr> <probs for GDERKNQSTAVLIFYWHMCP>
#	G	D	E	R	K	N	Q	S	T	A	V	L	I	F	Y	W	H	M	C	P
0	0.75216	0.03755	0.00207	0.00678	0.02143	0.02642	0.00992	0.04170	0.00218	0.03863	0.00183	0.00963	0.00144	0.00109	0.00077	0.00034	0.00094	0.00626	0.00861	0.03025
1	0.01125	0.03262	0.00295	0.15353	0.01101	0.25496	0.03703	0.07668	0.07482	0.07688	0.05498	0.02532	0.00639	0.02141	0.01908	0.00753	0.04327	0.01657	0.07236	0.00136
2	0.00163	0.00124	0.00150	0.01221	0.00181	0.00124	0.00111	0.01649	0.09933	0.00312	0.05024	0.50360	0.12128	0.14589	0.00204	0.00053	0.01254	0.02221	0.00100	0.00100
3	0.00945	0.00117	0.00153	0.00161	0.00184	0.00107	0.00115	0.00228	0.00239	0.15995	0.04372	0.65645	0.05285	0.01868	0.00143	0.00044	0.00071	0.03083	0.01137	0.00109
4	0.00146	0.00109	0.00128	0.00138	0.00161	0.00097	0.00098	0.00173	0.00242	0.02402	0.09017	0.42065	0.39780	0.03547	0.00152	0.00043	0.00063	0.01439	0.00105	0.00095
5	0.02331	0.00199	0.00232	0.00195	0.00256	0.00203	0.00154	0.23423	0.12876	0.23375	0.17293	0.10193	0.06257	0.01641	0.00126	0.00037	0.00088	0.00156	0.00118	0.00846
6	0.01469	0.00123	0.00148	0.00138	0.00172	0.00112	0.00104	0.01644	0.00297	0.05925	0.56580	0.00854	0.27672	0.02689	0.00141	0.00038	0.00059	0.00201	0.01528	0.00108
7	0.01212	0.78625	0.00533	0.00204	0.00293	0.11584	0.00193	0.02321	0.02069	0.00283	0.00170	0.00193	0.00151	0.00101	0.00077	0.00025	0.00128	0.00064	0.01632	0.00143
8	0.00812	0.11633	0.64455	0.01430	0.02158	0.01536	0.03537	0.02551	0.03681	0.01171	0.04568	0.00881	0.00203	0.00116	0.00105	0.00034	0.00150	0.00764	0.00057	0.00159
9	0.05993	0.43645	0.16487	0.02716	0.03615	0.11247	0.02726	0.03203	0.01934	0.03858	0.01332	0.01724	0.00175	0.00111	0.00092	0.00030	0.00825	0.00080	0.00059	0.00148
10	0.83061	0.01693	0.00192	0.01346	0.00240	0.06132	0.00955	0.02448	0.00209	0.01695	0.00166	0.00193	0.00129	0.00113	0.01033	0.00036	0.00099	0.00065	0.00070	0.00125
11	0.03235	0.02473	0.13887	0.40285	0.06223	0.01121	0.02611	0.01102	0.00237	0.11678	0.00713	0.00314	0.02156	0.00584	0.04317	0.00044	0.08713	0.00102	0.00064	0.00141
12	0.05617	0.00182	0.00229	0.00184	0.00256	0.00169	0.00150	0.04713	0.03469	0.62858	0.03892	0.02003	0.02420	0.00148	0.00108	0.00034	0.00088	0.01259	0.12053	0.00168
13	0.00165	0.01206	0.00176	0.00940	0.00200	0.01259	0.03026	0.00202	0.02604	0.01386	0.08178	0.48430	0.16217	0.00857	0.05390	0.00051	0.05668	0.03848	0.00097	0.00102
14	0.00143	0.00102	0.00133	0.00152	0.00161	0.00097	0.00103	0.00164	0.00216	0.00288	0.04743	0.69426	0.05688	0.11459	0.02740	0.00056	0.00077	0.04062	0.00100	0.00090
15	0.00862	0.00137	0.00158	0.00148	0.00186	0.00131	0.00113	0.02658	0.09585	0.07010	0.32828	0.04613	0.28221	0.01822	0.02271	0.00041	0.00070	0.01286	0.07743	0.00116
16	0.00399	0.04820	0.00334	0.00271	0.00336	0.49758	0.00214	0.31258	0.00370	0.01818	0.00218	0.01084	0.01004	0.00131	0.00125	0.00032	0.07516	0.00087	0.00076	0.00150
17	0.00163	0.00117	0.00152	0.02117	0.01447	0.00115	0.00114	0.01030	0.03210	0.01605	0.10948	0.49362	0.02709	0.17684	0.02989	0.00059	0.00085	0.04477	0.00097	0.01521
18	0.00226	0.00206	0.02706	0.14870	0.06624	0.04397	0.05026	0.01615	0.04435	0.04728	0.10860	0.08176	0.14888	0.00191	0.01896	0.00038	0.05318	0.02230	0.00083	0.11487
19	0.03258	0.00223	0.00312	0.49571	0.05167	0.01324	0.01050	0.16491	0.08171	0.03711	0.00260	0.01380	0.00200	0.00131	0.00673	0.00037	0.00946	0.01435	0.05518	0.00143

[dist]
# distance from previous block
# <min> <max>
0	5

[block]
# block no. 6 follows, 291 sequences, length 13
# corresponding to MSA columns:
# 1427-1433,1435-1440
name=unknown_G
#
# <colnr> <probs for GDERKNQSTAVLIFYWHMCP>
#	G	D	E	R	K	N	Q	S	T	A	V	L	I	F	Y	W	H	M	C	P
0	0.05751	0.00232	0.00365	0.54117	0.20526	0.02870	0.05707	0.01887	0.01632	0.01420	0.00213	0.01703	0.00169	0.00115	0.00118	0.00037	0.02840	0.00102	0.00057	0.00139
1	0.00238	0.00170	0.00779	0.03051	0.01359	0.00170	0.00141	0.10586	0.14952	0.09235	0.22579	0.04737	0.20666	0.02686	0.02751	0.00042	0.00085	0.00957	0.03263	0.01550
2	0.01058	0.00141	0.01085	0.00175	0.03753	0.00129	0.00127	0.01780	0.03600	0.09954	0.56100	0.12012	0.07266	0.00224	0.00128	0.00036	0.00066	0.00197	0.00116	0.02055
3	0.00142	0.00107	0.00132	0.00148	0.00164	0.00099	0.00102	0.00175	0.03223	0.00305	0.06999	0.65048	0.20280	0.02334	0.00148	0.00044	0.00064	0.00285	0.00105	0.00095
4	0.03774	0.03667	0.00316	0.00261	0.00281	0.03429	0.01514	0.02508	0.00201	0.07479	0.00200	0.00288	0.00181	0.02281	0.13258	0.00064	0.60009	0.00101	0.00060	0.00127
5	0.01332	0.00239	0.01772	0.22549	0.05289	0.01237	0.07892	0.03543	0.06896	0.01083	0.00232	0.01186	0.02165	0.02799	0.02213	0.00047	0.39221	0.00110	0.00060	0.00133
6	0.00170	0.00129	0.00158	0.00153	0.00164	0.01299	0.01609	0.00187	0.00192	0.00258	0.04447	0.04353	0.10275	0.52631	0.11646	0.00095	0.06468	0.04218	0.01464	0.00085
7	0.00328	0.01161	0.00330	0.16392	0.05006	0.20595	0.01017	0.25180	0.08368	0.01286	0.00237	0.00289	0.00189	0.00158	0.02804	0.00040	0.14951	0.01442	0.00075	0.00150
8	0.00168	0.00115	0.00131	0.00132	0.00136	0.00115	0.00079	0.01347	0.02646	0.00245	0.03785	0.06503	0.00449	0.79873	0.00501	0.01417	0.00104	0.02105	0.00074	0.00076
9	0.05376	0.03717	0.00405	0.08500	0.53881	0.07658	0.01995	0.00336	0.00241	0.01472	0.00199	0.00269	0.00169	0.01635	0.00151	0.00037	0.13653	0.00096	0.00056	0.00156
10	0.17454	0.01337	0.03852	0.11494	0.19844	0.01605	0.06532	0.19212	0.04184	0.04512	0.00237	0.01656	0.00186	0.01374	0.01380	0.00038	0.04773	0.00100	0.00075	0.00155
11	0.00282	0.05684	0.03267	0.03254	0.14936	0.01931	0.03144	0.06663	0.03721	0.08082	0.00242	0.00946	0.00916	0.00105	0.00103	0.00026	0.02212	0.00087	0.00073	0.44326
12	0.00177	0.00126	0.00157	0.00145	0.00178	0.00116	0.00109	0.03622	0.00312	0.02793	0.73315	0.03234	0.09658	0.00225	0.00129	0.00035	0.00058	0.00197	0.02372	0.03043

[dist]
# distance from previous block
# <min> <max>
0	12

[block]
# block no. 7 follows, 291 sequences, length 10
# corresponding to MSA columns:
# 1468-1477
name=unknown_H
#
# <colnr> <probs for GDERKNQSTAVLIFYWHMCP>
#	G	D	E	R	K	N	Q	S	T	A	V	L	I	F	Y	W	H	M	C	P
0	0.05290	0.01422	0.02000	0.21623	0.04920	0.05799	0.02485	0.18329	0.13915	0.02920	0.01028	0.01553	0.00209	0.00158	0.03130	0.00041	0.11714	0.00104	0.00806	0.02554
1	0.01309	0.12960	0.01493	0.00207	0.00287	0.01553	0.01564	0.13947	0.02718	0.48966	0.03733	0.00350	0.00269	0.00148	0.01847	0.00036	0.01898	0.00106	0.06441	0.00170
2	0.00173	0.00115	0.00143	0.00144	0.00173	0.00104	0.00107	0.00209	0.00267	0.07440	0.28965	0.28671	0.25994	0.00274	0.00134	0.00039	0.00063	0.04229	0.02652	0.00105
3	0.00301	0.00271	0.07905	0.13117	0.24931	0.02813	0.10590	0.13276	0.01430	0.11702	0.04176	0.02163	0.02252	0.00127	0.00114	0.00035	0.00130	0.00115	0.04394	0.00159
4	0.00163	0.00109	0.00126	0.00126	0.00127	0.00111	0.00072	0.00165	0.00164	0.00220	0.00350	0.00717	0.00400	0.90399	0.06218	0.00113	0.00120	0.00161	0.00068	0.00070
5	0.00428	0.00302	0.00328	0.00252	0.00341	0.00330	0.00208	0.83952	0.03760	0.08513	0.00290	0.00284	0.00203	0.00136	0.00112	0.00034	0.00120	0.00103	0.00114	0.00190
6	0.00238	0.00209	0.00240	0.02006	0.00278	0.02553	0.00144	0.01999	0.00236	0.00361	0.00202	0.00241	0.00169	0.00115	0.03377	0.00024	0.03151	0.00071	0.00066	0.84320
7	0.00325	0.60969	0.00479	0.00212	0.00296	0.11120	0.00193	0.14203	0.03544	0.00345	0.00196	0.00218	0.00165	0.00110	0.00089	0.00027	0.02239	0.00073	0.05052	0.00148
8	0.80419	0.04589	0.00203	0.00163	0.00235	0.04084	0.00135	0.05542	0.00220	0.03337	0.00172	0.00194	0.00132	0.00107	0.00074	0.00034	0.00095	0.00065	0.00072	0.00129
9	0.01196	0.01093	0.01799	0.31359	0.41412	0.02513	0.04216	0.04699	0.01605	0.03339	0.01152	0.01580	0.00190	0.00114	0.00116	0.00035	0.01641	0.00104	0.01681	0.00154

[dist]
# distance from previous block
# <min> <max>
6	10

[block]
# block no. 8 follows, 291 sequences, length 12
# corresponding to MSA columns:
# 1529,1530,1532-1541
name=unknown_I
#
# <colnr> <probs for GDERKNQSTAVLIFYWHMCP>
#	G	D	E	R	K	N	Q	S	T	A	V	L	I	F	Y	W	H	M	C	P
0	0.55649	0.13592	0.15822	0.03814	0.01851	0.01390	0.01465	0.00339	0.00213	0.02807	0.01089	0.00211	0.00144	0.00107	0.00084	0.00034	0.01120	0.00071	0.00064	0.00135
1	0.00315	0.01325	0.01945	0.29500	0.13597	0.31200	0.01460	0.08170	0.01562	0.03362	0.00226	0.03881	0.00186	0.00135	0.01486	0.00036	0.01307	0.00100	0.00064	0.00142
2	0.02745	0.00811	0.03288	0.07023	0.07144	0.05896	0.08818	0.01463	0.04249	0.01486	0.14755	0.14198	0.04809	0.07294	0.00995	0.00045	0.11953	0.01195	0.01710	0.00122
3	0.00207	0.00127	0.00159	0.00148	0.00184	0.00116	0.00112	0.00256	0.02612	0.14346	0.47473	0.09243	0.18744	0.02088	0.00138	0.00038	0.00064	0.01448	0.02384	0.00116
4	0.00231	0.01375	0.23430	0.02407	0.03233	0.00236	0.35907	0.03880	0.00247	0.00342	0.00288	0.11720	0.00268	0.08949	0.02691	0.00049	0.02029	0.02517	0.00064	0.00139
5	0.00168	0.00119	0.00149	0.00147	0.00176	0.00110	0.00113	0.00217	0.01796	0.03123	0.53175	0.08738	0.18286	0.00253	0.00134	0.00038	0.00062	0.10885	0.02207	0.00106
6	0.00184	0.00108	0.00159	0.03767	0.00182	0.00114	0.00115	0.00167	0.00163	0.00220	0.00256	0.00426	0.01895	0.07704	0.21317	0.60564	0.00144	0.02393	0.00055	0.00066
7	0.00246	0.00239	0.01782	0.28660	0.18779	0.02391	0.03867	0.00315	0.05383	0.01550	0.01242	0.01650	0.00194	0.00161	0.02567	0.00044	0.28815	0.00826	0.01152	0.00138
8	0.00340	0.00215	0.00247	0.01622	0.00282	0.00226	0.00167	0.13371	0.38507	0.26754	0.07670	0.00458	0.06136	0.00159	0.00115	0.00036	0.00090	0.00131	0.03306	0.00169
9	0.00242	0.00205	0.00238	0.00171	0.00270	0.00159	0.00137	0.04986	0.00247	0.00383	0.00203	0.00234	0.00167	0.00086	0.00085	0.00017	0.00085	0.00068	0.00069	0.91948
10	0.43417	0.00269	0.01498	0.00206	0.01639	0.08193	0.00847	0.27745	0.03143	0.02748	0.02529	0.01782	0.00976	0.01689	0.00100	0.00035	0.00108	0.00089	0.01392	0.01594
11	0.02361	0.00199	0.00837	0.03810	0.13974	0.01112	0.01877	0.02352	0.13731	0.10588	0.01971	0.10748	0.06102	0.09299	0.03891	0.00050	0.11260	0.01426	0.00085	0.04327

[dist]
# distance from previous block
# <min> <max>
0	18

[block]
# block no. 9 follows, 291 sequences, length 28
# corresponding to MSA columns:
# 1560-1569,1572-1576,1586,1589-1592,1595-1602
name=unknown_J
#
# <colnr> <probs for GDERKNQSTAVLIFYWHMCP>
#	G	D	E	R	K	N	Q	S	T	A	V	L	I	F	Y	W	H	M	C	P
0	0.04958	0.09483	0.11974	0.13793	0.10833	0.03974	0.05972	0.04042	0.12596	0.05180	0.04759	0.02137	0.03966	0.00144	0.00947	0.00037	0.03528	0.01453	0.00074	0.00149
1	0.07701	0.00203	0.00312	0.41576	0.23363	0.00897	0.00260	0.00828	0.01312	0.00902	0.01292	0.13205	0.01647	0.00731	0.00123	0.00038	0.02331	0.02347	0.00065	0.00867
2	0.00244	0.06879	0.67551	0.00331	0.01782	0.01375	0.12560	0.01036	0.03571	0.01081	0.00211	0.00250	0.00155	0.00109	0.00114	0.00035	0.02411	0.00090	0.00052	0.00162
3	0.00171	0.00114	0.00135	0.00133	0.00141	0.00115	0.00083	0.00182	0.00991	0.02475	0.03732	0.01990	0.02844	0.74171	0.10913	0.00108	0.00125	0.01427	0.00073	0.00078
4	0.01855	0.00279	0.00272	0.01071	0.01891	0.22141	0.00956	0.12110	0.02735	0.39330	0.01183	0.00376	0.00256	0.11314	0.00170	0.00043	0.02354	0.01406	0.00101	0.00157
5	0.02031	0.00203	0.00243	0.00179	0.00273	0.00164	0.01269	0.04210	0.01594	0.13836	0.00248	0.02140	0.00196	0.00100	0.00090	0.00021	0.00088	0.00081	0.00080	0.72954
6	0.00164	0.00111	0.00131	0.00136	0.00140	0.00111	0.00084	0.00175	0.01480	0.00239	0.00403	0.10722	0.00462	0.74630	0.00479	0.01248	0.00103	0.09032	0.00075	0.00075
7	0.01964	0.00237	0.16204	0.03119	0.02387	0.01479	0.08155	0.01410	0.05277	0.02273	0.41575	0.01525	0.10085	0.00186	0.00132	0.00036	0.03184	0.00550	0.00095	0.00128
8	0.00700	0.00131	0.00190	0.13671	0.06516	0.00135	0.00157	0.00198	0.00225	0.00301	0.02524	0.60561	0.04362	0.00286	0.00141	0.00043	0.02308	0.06685	0.00092	0.00773
9	0.00218	0.10413	0.06890	0.00253	0.04103	0.00261	0.01668	0.00257	0.00207	0.00295	0.07711	0.05437	0.05723	0.03415	0.12772	0.00062	0.38864	0.01265	0.00064	0.00121
10	0.00236	0.00218	0.00352	0.62911	0.19671	0.01308	0.00301	0.00304	0.00999	0.02301	0.00209	0.00302	0.00166	0.02003	0.00140	0.00039	0.07392	0.00101	0.00912	0.00136
11	0.00267	0.01531	0.07048	0.02571	0.04005	0.00970	0.01267	0.13037	0.41995	0.01562	0.19046	0.01260	0.03777	0.00164	0.00119	0.00036	0.00947	0.00137	0.00104	0.00158
12	0.00177	0.00139	0.00178	0.00175	0.00190	0.02391	0.00129	0.01479	0.02183	0.00266	0.00342	0.09388	0.01424	0.24396	0.48428	0.00128	0.07110	0.00148	0.01232	0.00096
13	0.10334	0.00203	0.00245	0.03865	0.06474	0.01323	0.00520	0.06875	0.19581	0.15961	0.04571	0.06635	0.00325	0.04906	0.09149	0.00054	0.03994	0.01919	0.00094	0.02972
14	0.65850	0.09174	0.01509	0.03244	0.02027	0.00819	0.05134	0.04851	0.00223	0.03316	0.00178	0.00206	0.00138	0.00105	0.00080	0.00033	0.00102	0.00070	0.00070	0.02870
15	0.01015	0.00202	0.00266	0.00224	0.00255	0.00241	0.01068	0.03245	0.01766	0.12065	0.00256	0.01656	0.00220	0.06278	0.00252	0.00043	0.44276	0.00777	0.15170	0.10725
16	0.00644	0.06389	0.00255	0.02215	0.00248	0.04486	0.02389	0.04452	0.01633	0.04000	0.01752	0.02728	0.00966	0.15712	0.32701	0.00098	0.16976	0.01736	0.00506	0.00114
17	0.08573	0.71676	0.01121	0.00195	0.00286	0.03346	0.00186	0.02976	0.01516	0.08261	0.00891	0.00209	0.00164	0.00104	0.00078	0.00027	0.00117	0.00068	0.00061	0.00147
18	0.01265	0.40299	0.24247	0.00940	0.08221	0.02526	0.01622	0.01694	0.09777	0.03977	0.01485	0.01655	0.00695	0.00115	0.00095	0.00031	0.00129	0.00475	0.00063	0.00693
19	0.00194	0.00152	0.00175	0.00167	0.01747	0.00939	0.00125	0.00302	0.22664	0.02776	0.44699	0.02027	0.22659	0.00221	0.00127	0.00037	0.00066	0.00685	0.00115	0.00123
20	0.00247	0.01278	0.00587	0.02882	0.03121	0.03043	0.07870	0.01062	0.52340	0.00411	0.07645	0.09866	0.05169	0.00182	0.00499	0.00830	0.00541	0.01525	0.00752	0.00151
21	0.02771	0.01789	0.01680	0.00781	0.01040	0.03691	0.01013	0.33258	0.02103	0.08797	0.00997	0.00334	0.00234	0.01097	0.00910	0.00419	0.06937	0.00102	0.31898	0.00148
22	0.00137	0.00109	0.00122	0.00128	0.00156	0.00095	0.00092	0.00165	0.00249	0.00311	0.10150	0.27831	0.57829	0.01927	0.00143	0.00041	0.00060	0.00255	0.00105	0.00094
23	0.00762	0.36372	0.18474	0.01146	0.00357	0.06517	0.07988	0.06906	0.09183	0.05728	0.00885	0.00256	0.00185	0.00114	0.00102	0.00031	0.02167	0.00086	0.02586	0.00155
24	0.00194	0.00098	0.00146	0.00146	0.00146	0.00098	0.00097	0.00147	0.00147	0.00195	0.00198	0.00349	0.00199	0.02394	0.00441	0.94711	0.00098	0.00099	0.00049	0.00049
25	0.00394	0.00295	0.00316	0.01193	0.00337	0.01022	0.00204	0.72039	0.18606	0.02676	0.00309	0.00306	0.00224	0.01403	0.00119	0.00036	0.00117	0.00107	0.00112	0.00186
26	0.07247	0.12801	0.04610	0.03037	0.06152	0.01867	0.00522	0.20023	0.03580	0.06063	0.01077	0.02141	0.00206	0.01535	0.02494	0.00034	0.02628	0.01051	0.00079	0.22852
27	0.00298	0.86529	0.00550	0.00193	0.00990	0.01505	0.00187	0.02025	0.01055	0.00283	0.00173	0.00198	0.00155	0.00099	0.00074	0.00025	0.00117	0.00064	0.05336	0.00143

[dist]
# distance from previous block
# <min> <max>
1	3

[block]
# block no. 10 follows, 291 sequences, length 19
# corresponding to MSA columns:
# 1611,1620-1637
name=unknown_K
#
# <colnr> <probs for GDERKNQSTAVLIFYWHMCP>
#	G	D	E	R	K	N	Q	S	T	A	V	L	I	F	Y	W	H	M	C	P
0	0.00885	0.01524	0.03162	0.41708	0.21162	0.04885	0.05964	0.08084	0.02217	0.02679	0.00233	0.01140	0.00185	0.01408	0.01209	0.00038	0.00144	0.01076	0.02153	0.00146
1	0.01487	0.00131	0.00156	0.00149	0.00167	0.01710	0.00105	0.02113	0.00211	0.03532	0.10316	0.02234	0.02468	0.33801	0.16618	0.06321	0.04039	0.00143	0.14207	0.00093
2	0.00155	0.00111	0.00129	0.00133	0.00145	0.00105	0.00086	0.01636	0.00213	0.00280	0.09633	0.24922	0.16893	0.44675	0.00338	0.00072	0.00084	0.00218	0.00089	0.00084
3	0.00222	0.00124	0.00160	0.00158	0.00189	0.00113	0.00117	0.00963	0.00260	0.19552	0.14738	0.40797	0.09997	0.02181	0.00140	0.00041	0.00071	0.04622	0.05437	0.00115
4	0.00299	0.00193	0.00226	0.00193	0.00251	0.00200	0.00152	0.14529	0.25766	0.19381	0.33517	0.00558	0.03893	0.00178	0.00121	0.00036	0.00082	0.00151	0.00122	0.00154
5	0.53968	0.00223	0.00208	0.00177	0.00248	0.00247	0.00144	0.11064	0.13868	0.14136	0.00262	0.00270	0.00193	0.01427	0.00094	0.00036	0.00092	0.00085	0.03112	0.00146
6	0.06978	0.00296	0.00314	0.00243	0.00329	0.01568	0.00200	0.78082	0.00480	0.07690	0.00276	0.00274	0.00194	0.00133	0.00108	0.00034	0.00118	0.00099	0.02402	0.00183
7	0.00269	0.00273	0.07125	0.12646	0.66687	0.00854	0.00968	0.00345	0.02585	0.03222	0.00234	0.02206	0.00194	0.00118	0.01004	0.00036	0.00136	0.00870	0.00060	0.00167
8	0.00307	0.92829	0.00577	0.00192	0.00288	0.00434	0.00191	0.00343	0.00231	0.03534	0.00166	0.00187	0.00149	0.00097	0.00073	0.00024	0.00119	0.00062	0.00051	0.00146
9	0.06562	0.00141	0.00180	0.02844	0.00230	0.01553	0.01766	0.01379	0.01837	0.02235	0.00539	0.33600	0.01983	0.01171	0.00145	0.00047	0.00911	0.41014	0.01758	0.00106
10	0.00318	0.00261	0.00276	0.02897	0.00315	0.04488	0.01305	0.21525	0.55861	0.04090	0.01348	0.00384	0.02090	0.00148	0.00117	0.00036	0.01707	0.00119	0.02542	0.00172
11	0.01483	0.00181	0.00219	0.00185	0.00246	0.00178	0.00147	0.04008	0.22228	0.36245	0.24734	0.01624	0.03141	0.00171	0.00117	0.00035	0.00081	0.00143	0.04676	0.00157
12	0.02901	0.00193	0.00319	0.67485	0.09135	0.00230	0.02054	0.00276	0.00217	0.00294	0.00203	0.00302	0.00161	0.00146	0.00153	0.11783	0.01186	0.00099	0.02743	0.00120
13	0.00145	0.00110	0.00133	0.00139	0.00162	0.00099	0.00101	0.00180	0.00263	0.00347	0.32743	0.27701	0.30660	0.02946	0.00149	0.00042	0.00061	0.03814	0.00110	0.00097
14	0.00172	0.00116	0.00154	0.00153	0.00159	0.00126	0.00105	0.00176	0.00170	0.00235	0.00324	0.05184	0.01396	0.40545	0.24154	0.19048	0.05164	0.01507	0.01035	0.00077
15	0.16187	0.00249	0.01183	0.01375	0.00291	0.00269	0.00174	0.39625	0.16311	0.06464	0.00298	0.00310	0.00222	0.01833	0.03295	0.00040	0.00109	0.00100	0.07064	0.04601
16	0.00216	0.00134	0.00169	0.02335	0.00208	0.01699	0.00126	0.01087	0.02902	0.15966	0.18207	0.46350	0.05263	0.01135	0.00137	0.00042	0.00075	0.03723	0.00111	0.00115
17	0.01771	0.29483	0.19668	0.03393	0.09451	0.10187	0.03825	0.01589	0.01131	0.00321	0.03897	0.00261	0.00194	0.00975	0.03425	0.00037	0.05606	0.00086	0.00056	0.04644
18	0.01473	0.05552	0.01188	0.21703	0.10244	0.01548	0.00211	0.06135	0.07853	0.03307	0.00914	0.03083	0.01292	0.00122	0.00964	0.00030	0.00983	0.00097	0.00071	0.33233

[dist]
# distance from previous block
# <min> <max>
5	23

[block]
# block no. 11 follows, 291 sequences, length 17
# corresponding to MSA columns:
# 1688-1704
name=unknown_L
#
# <colnr> <probs for GDERKNQSTAVLIFYWHMCP>
#	G	D	E	R	K	N	Q	S	T	A	V	L	I	F	Y	W	H	M	C	P
0	0.00294	0.00224	0.00251	0.01214	0.00912	0.01620	0.00621	0.21847	0.35106	0.06507	0.11330	0.09068	0.01278	0.00180	0.00131	0.01620	0.02784	0.01876	0.00993	0.02145
1	0.00144	0.00102	0.00132	0.00151	0.00159	0.00097	0.00101	0.00163	0.00210	0.00279	0.01928	0.67361	0.04609	0.17779	0.01286	0.00058	0.00077	0.05176	0.00097	0.00088
2	0.32439	0.00213	0.00224	0.00187	0.00257	0.00223	0.00151	0.17651	0.05235	0.25296	0.03940	0.08587	0.00285	0.00925	0.00105	0.00036	0.00093	0.01183	0.00103	0.02866
3	0.85242	0.00228	0.00183	0.00159	0.00231	0.01824	0.00131	0.06861	0.00221	0.03843	0.00174	0.00196	0.00132	0.00108	0.00074	0.00035	0.00092	0.00066	0.00075	0.00129
4	0.00243	0.00242	0.00338	0.00292	0.00293	0.00337	0.00243	0.00269	0.00175	0.00272	0.00161	0.00278	0.00163	0.00200	0.00361	0.00049	0.92820	0.03091	0.00051	0.00122
5	0.01773	0.00239	0.00362	0.43085	0.28554	0.02278	0.01318	0.07066	0.07886	0.04773	0.00238	0.00300	0.00182	0.00115	0.00115	0.00036	0.01360	0.00102	0.00066	0.00153
6	0.01923	0.53443	0.14872	0.03300	0.01466	0.02813	0.07353	0.03575	0.02341	0.02939	0.02863	0.00239	0.00182	0.00114	0.00893	0.00031	0.01367	0.00080	0.00058	0.00149
7	0.08728	0.00691	0.03939	0.01958	0.01552	0.00203	0.02549	0.10637	0.09092	0.28227	0.11343	0.01261	0.05354	0.00927	0.00688	0.00036	0.02337	0.00502	0.02857	0.07119
8	0.00157	0.00122	0.00143	0.00138	0.00171	0.00109	0.00104	0.01628	0.01686	0.00379	0.43340	0.09634	0.35316	0.00254	0.00131	0.00037	0.00059	0.02268	0.00112	0.04212
9	0.00168	0.00139	0.02845	0.03041	0.01382	0.00125	0.01689	0.00221	0.01676	0.01323	0.53274	0.10316	0.15136	0.00241	0.00931	0.00039	0.02104	0.02591	0.02650	0.00109
10	0.57948	0.01017	0.00212	0.02623	0.00865	0.05498	0.00148	0.04163	0.01919	0.19957	0.00233	0.00245	0.00169	0.00132	0.02222	0.00038	0.01073	0.00078	0.01320	0.00140
11	0.01804	0.00158	0.00195	0.00163	0.00220	0.00147	0.00130	0.04496	0.02269	0.41440	0.19499	0.00485	0.01623	0.00156	0.00107	0.00033	0.00075	0.00129	0.26723	0.00147
12	0.00183	0.00119	0.00149	0.00145	0.00151	0.00125	0.00094	0.02294	0.00174	0.01917	0.00312	0.00592	0.00338	0.59065	0.14167	0.16622	0.03271	0.00141	0.00065	0.00076
13	0.00163	0.00109	0.00125	0.00127	0.00129	0.00108	0.00074	0.00164	0.00169	0.00224	0.00379	0.04484	0.02157	0.84080	0.00529	0.03736	0.00106	0.02995	0.00070	0.00070
14	0.07633	0.02340	0.33948	0.02094	0.00377	0.00275	0.01644	0.30010	0.04160	0.08490	0.01563	0.01172	0.01980	0.00135	0.01073	0.00036	0.01142	0.00099	0.00723	0.01106
15	0.05219	0.03149	0.09099	0.01874	0.29146	0.03692	0.06199	0.11970	0.02679	0.11438	0.05902	0.01157	0.01064	0.00132	0.01083	0.00035	0.01078	0.00937	0.00079	0.04068
16	0.03317	0.47273	0.04819	0.02382	0.03842	0.23071	0.01077	0.04353	0.01754	0.03240	0.00201	0.00226	0.01592	0.00112	0.00570	0.00029	0.00141	0.00075	0.00558	0.01367

[dist]
# distance from previous block
# <min> <max>
2	105

[block]
# block no. 12 follows, 291 sequences, length 16
# corresponding to MSA columns:
# 1810-1825
name=unknown_M
#
# <colnr> <probs for GDERKNQSTAVLIFYWHMCP>
#	G	D	E	R	K	N	Q	S	T	A	V	L	I	F	Y	W	H	M	C	P
0	0.00163	0.00114	0.00136	0.00138	0.00166	0.00102	0.00101	0.00197	0.00261	0.05023	0.23959	0.24700	0.35734	0.02099	0.00141	0.00040	0.00062	0.02903	0.03860	0.00101
1	0.00165	0.00124	0.00175	0.00174	0.00195	0.00140	0.00134	0.01704	0.01558	0.00277	0.02955	0.03041	0.06091	0.05943	0.73609	0.01170	0.00962	0.01417	0.00068	0.00100
2	0.00305	0.00252	0.00266	0.00230	0.00298	0.00286	0.00181	0.21612	0.69877	0.00515	0.00445	0.00415	0.04501	0.00154	0.00115	0.00037	0.00095	0.00126	0.00113	0.00177
3	0.00162	0.00115	0.00140	0.00137	0.00167	0.00103	0.00102	0.00203	0.00283	0.03793	0.46798	0.12352	0.30744	0.00258	0.00132	0.00037	0.00058	0.02191	0.02122	0.00104
4	0.05961	0.02304	0.00303	0.00232	0.00315	0.00304	0.00191	0.65411	0.05661	0.11270	0.00297	0.00293	0.00210	0.00133	0.00107	0.00033	0.00111	0.00101	0.06583	0.00179
5	0.01468	0.01593	0.03169	0.44138	0.25899	0.01163	0.13373	0.01333	0.01022	0.03554	0.00949	0.00295	0.00173	0.00109	0.00117	0.00036	0.01299	0.00104	0.00057	0.00147
6	0.04984	0.68609	0.00504	0.04026	0.01611	0.13354	0.00199	0.02780	0.00246	0.00292	0.00166	0.00195	0.00146	0.00102	0.00083	0.00026	0.01474	0.00066	0.00996	0.00141
7	0.79139	0.00211	0.00177	0.02216	0.00233	0.00239	0.00129	0.02629	0.00213	0.08281	0.00195	0.00216	0.00146	0.00109	0.00075	0.00034	0.00088	0.00069	0.05472	0.00128
8	0.03367	0.02206	0.01585	0.02865	0.04893	0.00206	0.04082	0.02557	0.07584	0.48082	0.04481	0.02368	0.00861	0.01357	0.04962	0.00044	0.07378	0.00119	0.00839	0.00164
9	0.00159	0.00108	0.00137	0.00149	0.00167	0.00099	0.00105	0.00190	0.00248	0.03709	0.21423	0.54196	0.11348	0.00298	0.00136	0.00041	0.00063	0.02743	0.04581	0.00099
10	0.00206	0.00147	0.00158	0.00934	0.00174	0.04142	0.00807	0.05842	0.01981	0.01604	0.07970	0.03565	0.04738	0.39857	0.05052	0.00071	0.01741	0.00149	0.20762	0.00098
11	0.01373	0.01462	0.09114	0.05488	0.03328	0.00198	0.03762	0.10872	0.09753	0.04808	0.28918	0.03501	0.09420	0.00217	0.05053	0.00044	0.01745	0.00710	0.00097	0.00136
12	0.00195	0.00103	0.00156	0.05400	0.00180	0.00106	0.00109	0.00154	0.00151	0.00200	0.00199	0.00348	0.00197	0.02635	0.00424	0.89140	0.00101	0.00099	0.00049	0.00053
13	0.09577	0.04374	0.24757	0.09831	0.12835	0.05782	0.14176	0.04079	0.04766	0.04750	0.02198	0.00281	0.00188	0.00685	0.00113	0.00035	0.01255	0.00098	0.00064	0.00154
14	0.01273	0.01148	0.01162	0.02193	0.01680	0.00890	0.00647	0.07070	0.00632	0.08227	0.01593	0.02358	0.01856	0.10511	0.20058	0.02001	0.03732	0.00673	0.30266	0.02029
15	0.01392	0.27858	0.05875	0.03726	0.14913	0.07387	0.03107	0.12361	0.04131	0.03187	0.05623	0.02145	0.01440	0.00143	0.02127	0.00035	0.01559	0.01732	0.00071	0.01188

[dist]
# distance from previous block
# <min> <max>
0	182

[block]
# block no. 13 follows, 291 sequences, length 13
# corresponding to MSA columns:
# 2048-2050,2053,2059-2067
name=unknown_N
#
# <colnr> <probs for GDERKNQSTAVLIFYWHMCP>
#	G	D	E	R	K	N	Q	S	T	A	V	L	I	F	Y	W	H	M	C	P
0	0.12645	0.00781	0.06811	0.02729	0.02321	0.00181	0.01925	0.02692	0.11243	0.06528	0.23585	0.07941	0.09047	0.02255	0.01967	0.00042	0.01629	0.04700	0.00848	0.00128
1	0.04076	0.00234	0.02050	0.31234	0.22768	0.02886	0.09466	0.04850	0.02225	0.00353	0.05061	0.02155	0.02463	0.04281	0.01613	0.00042	0.01593	0.01433	0.01080	0.00139
2	0.00182	0.00108	0.00160	0.02784	0.00179	0.00116	0.00115	0.00168	0.00160	0.00219	0.00239	0.00398	0.00235	0.07058	0.29991	0.57494	0.00163	0.00109	0.00054	0.00068
3	0.10867	0.02307	0.08390	0.21478	0.22864	0.00946	0.02066	0.12847	0.05351	0.00400	0.00865	0.01737	0.01074	0.02296	0.02125	0.00876	0.01488	0.01805	0.00068	0.00149
4	0.02852	0.00173	0.00255	0.19215	0.09473	0.00181	0.07054	0.00270	0.08542	0.01184	0.06800	0.16137	0.22201	0.01928	0.00136	0.00040	0.01475	0.01210	0.00753	0.00122
5	0.00250	0.00210	0.06730	0.04797	0.08291	0.00794	0.02635	0.08232	0.07853	0.10425	0.10932	0.19975	0.04546	0.00953	0.00136	0.00039	0.03591	0.05937	0.01067	0.02607
6	0.08283	0.03795	0.10841	0.05769	0.14585	0.05276	0.07412	0.16250	0.01965	0.21845	0.01620	0.00293	0.00204	0.00120	0.00111	0.00034	0.01246	0.00099	0.00086	0.00167
7	0.00248	0.00248	0.03436	0.40115	0.50664	0.00261	0.00330	0.00319	0.00240	0.00331	0.00204	0.00284	0.00164	0.00108	0.00118	0.00035	0.02588	0.00099	0.00053	0.00154
8	0.00243	0.08441	0.04814	0.02157	0.00298	0.05642	0.01657	0.00277	0.00196	0.00278	0.02178	0.00304	0.01827	0.03200	0.10766	0.00060	0.56614	0.00102	0.00823	0.00122
9	0.01980	0.01021	0.00182	0.03219	0.00205	0.05589	0.00127	0.02566	0.01639	0.00275	0.03443	0.01523	0.01523	0.33362	0.39666	0.00120	0.02156	0.00135	0.01172	0.00096
10	0.00166	0.00112	0.00133	0.00134	0.00140	0.00113	0.00083	0.00175	0.00180	0.01800	0.01805	0.12198	0.03191	0.68568	0.07564	0.00100	0.01433	0.00179	0.01848	0.00078
11	0.03134	0.03946	0.01950	0.02799	0.12119	0.34412	0.03689	0.05208	0.00825	0.03162	0.00291	0.04079	0.00850	0.02569	0.00802	0.00038	0.02859	0.14519	0.02084	0.00665
12	0.00266	0.09116	0.04885	0.03408	0.19571	0.01285	0.42165	0.02314	0.02048	0.02420	0.01125	0.02553	0.02047	0.00124	0.00121	0.00036	0.00152	0.06146	0.00065	0.00152

[dist]
# distance from previous block
# <min> <max>
1	13

[block]
# block no. 14 follows, 291 sequences, length 9
# corresponding to MSA columns:
# 2081-2089
name=unknown_O
#
# <colnr> <probs for GDERKNQSTAVLIFYWHMCP>
#	G	D	E	R	K	N	Q	S	T	A	V	L	I	F	Y	W	H	M	C	P
0	0.01270	0.07405	0.00384	0.13024	0.42039	0.08900	0.02000	0.03461	0.04821	0.01366	0.02888	0.04100	0.01389	0.00142	0.01660	0.01552	0.03270	0.00110	0.00064	0.00152
1	0.00162	0.00114	0.00147	0.00151	0.00173	0.00107	0.00110	0.00208	0.02928	0.02568	0.48236	0.34808	0.06042	0.00274	0.00136	0.00040	0.00061	0.03515	0.00115	0.00104
2	0.01172	0.01629	0.05301	0.03465	0.09196	0.03417	0.04439	0.09967	0.40111	0.01504	0.11273	0.02721	0.01930	0.00153	0.00119	0.00036	0.01666	0.00130	0.01610	0.00159
3	0.02015	0.01944	0.00222	0.00177	0.00238	0.00205	0.00143	0.29107	0.03487	0.19278	0.02384	0.00366	0.00269	0.00135	0.00098	0.00031	0.00085	0.00106	0.39558	0.00151
4	0.01846	0.00177	0.00222	0.00182	0.00248	0.00167	0.00146	0.05410	0.08790	0.51297	0.14556	0.02333	0.03453	0.00161	0.00113	0.00034	0.00083	0.00133	0.10488	0.00162
5	0.00374	0.16052	0.02626	0.00213	0.00293	0.03082	0.01352	0.10026	0.20577	0.35449	0.05358	0.00364	0.00295	0.01272	0.00112	0.00034	0.00104	0.00109	0.02137	0.00170
6	0.00162	0.00114	0.00148	0.00150	0.00160	0.00121	0.00104	0.00180	0.00178	0.00244	0.00369	0.03942	0.02352	0.47441	0.36144	0.02443	0.00177	0.05420	0.00069	0.00083
7	0.00267	0.02767	0.00353	0.00290	0.00308	0.04755	0.04963	0.03821	0.00205	0.03110	0.00179	0.00270	0.00165	0.00194	0.02178	0.00048	0.72953	0.01398	0.01648	0.00129
8	0.01272	0.01332	0.06253	0.08304	0.23057	0.00225	0.06383	0.05343	0.02470	0.21074	0.01986	0.01107	0.01102	0.00125	0.00935	0.00034	0.02385	0.00103	0.00959	0.15551

[dist]
# distance from previous block
# <min> <max>
0	7

[block]
# block no. 15 follows, 291 sequences, length 16
# corresponding to MSA columns:
# 2097-2106,2108-2113
name=unknown_P
#
# <colnr> <probs for GDERKNQSTAVLIFYWHMCP>
#	G	D	E	R	K	N	Q	S	T	A	V	L	I	F	Y	W	H	M	C	P
0	0.12501	0.07584	0.01711	0.06090	0.09902	0.24099	0.04377	0.09986	0.00271	0.02580	0.00189	0.00236	0.00155	0.00129	0.00154	0.00035	0.19708	0.00086	0.00063	0.00142
1	0.00145	0.00109	0.00138	0.02156	0.00181	0.00102	0.00112	0.00175	0.01330	0.00304	0.04535	0.55246	0.23624	0.01288	0.00145	0.00044	0.00069	0.10099	0.00103	0.00095
2	0.00145	0.00102	0.00135	0.00156	0.00167	0.00094	0.00107	0.00169	0.00226	0.01824	0.07238	0.83237	0.02595	0.00337	0.00142	0.00045	0.00066	0.03015	0.00106	0.00094
3	0.00177	0.00125	0.00156	0.00146	0.00177	0.00117	0.00110	0.01445	0.04601	0.03370	0.75798	0.02706	0.07935	0.00226	0.00130	0.00036	0.00057	0.00198	0.02379	0.00112
4	0.02890	0.00171	0.00200	0.00177	0.00226	0.00175	0.00138	0.04386	0.26903	0.12543	0.44585	0.02384	0.04373	0.00193	0.00122	0.00036	0.00073	0.00165	0.00120	0.00140
5	0.88998	0.00213	0.00169	0.00149	0.00219	0.00243	0.00123	0.00340	0.00199	0.05876	0.00178	0.00199	0.00134	0.00107	0.00072	0.00035	0.00086	0.00065	0.02470	0.00125
6	0.00164	0.00112	0.00131	0.00131	0.00133	0.00115	0.00078	0.00168	0.00166	0.00224	0.00355	0.04173	0.00406	0.83907	0.07107	0.00110	0.02213	0.00164	0.00068	0.00072
