[name]
unknown

[dist]
# distance from previous block
# <min> <max>
0	1074

[block]
# block no. 0 follows, 260 sequences, length 12
# corresponding to MSA columns:
# 1585-1596
name=unknown_A
#
# <colnr> <probs for GDERKNQSTAVLIFYWHMCP>
#	G	D	E	R	K	N	Q	S	T	A	V	L	I	F	Y	W	H	M	C	P
0	0.00278	0.06396	0.00285	0.00206	0.00294	0.02778	0.00167	0.02056	0.04070	0.04774	0.00302	0.07705	0.00276	0.00146	0.00121	0.00028	0.04914	0.05683	0.00084	0.59438
1	0.04904	0.09052	0.13298	0.09506	0.05441	0.02467	0.11582	0.07545	0.05686	0.07579	0.01178	0.02556	0.00226	0.01318	0.01525	0.00041	0.05535	0.00113	0.00079	0.10369
2	0.06406	0.00186	0.05763	0.00199	0.00238	0.00167	0.02064	0.07991	0.00234	0.12291	0.00258	0.00361	0.00220	0.00336	0.01698	0.61182	0.00119	0.00108	0.00074	0.00103
3	0.00183	0.00161	0.06374	0.03460	0.00248	0.00133	0.01761	0.00224	0.00260	0.02878	0.07248	0.54505	0.07224	0.01660	0.01599	0.00052	0.00094	0.11708	0.00110	0.00115
4	0.01886	0.03530	0.04860	0.16090	0.01492	0.00252	0.01144	0.13254	0.09829	0.37093	0.03194	0.01885	0.04614	0.00159	0.00125	0.00039	0.00122	0.00131	0.00117	0.00184
5	0.01810	0.14404	0.11092	0.02832	0.07329	0.12036	0.13219	0.10823	0.04231	0.08766	0.01813	0.03268	0.00984	0.00156	0.01587	0.00756	0.04526	0.00116	0.00081	0.00170
6	0.02209	0.00245	0.00309	0.02190	0.07639	0.02643	0.03979	0.03612	0.01450	0.16271	0.00274	0.00297	0.00208	0.00110	0.00105	0.00026	0.00110	0.00091	0.00088	0.58144
7	0.01247	0.08652	0.08637	0.09712	0.04176	0.02811	0.03488	0.11779	0.14158	0.02880	0.14026	0.06844	0.07765	0.01355	0.00136	0.00041	0.00741	0.01295	0.00099	0.00158
8	0.01408	0.08766	0.01650	0.03556	0.03604	0.00193	0.01046	0.02035	0.08005	0.04635	0.20118	0.12671	0.15385	0.08161	0.01869	0.00613	0.00721	0.01237	0.02738	0.01590
9	0.01245	0.00156	0.02556	0.00173	0.01330	0.00139	0.00134	0.00265	0.00313	0.09711	0.44107	0.04237	0.25200	0.02627	0.00164	0.00043	0.03912	0.00214	0.03348	0.00126
10	0.06919	0.19912	0.06958	0.01498	0.03258	0.03956	0.06925	0.21495	0.07495	0.03959	0.00997	0.00874	0.00218	0.02597	0.00840	0.00039	0.04950	0.00104	0.00085	0.06922
11	0.01698	0.01490	0.04542	0.06514	0.15148	0.04537	0.05517	0.15765	0.07323	0.11526	0.01995	0.03083	0.01012	0.00140	0.00125	0.00036	0.01817	0.00118	0.01603	0.16011

[dist]
# distance from previous block
# <min> <max>
21	76

[block]
# block no. 1 follows, 260 sequences, length 8
# corresponding to MSA columns:
# 1705-1712
name=unknown_B
#
# <colnr> <probs for GDERKNQSTAVLIFYWHMCP>
#	G	D	E	R	K	N	Q	S	T	A	V	L	I	F	Y	W	H	M	C	P
0	0.00300	0.02024	0.01523	0.08765	0.12839	0.19906	0.05763	0.02069	0.03494	0.03024	0.00387	0.10414	0.03119	0.01170	0.00162	0.00044	0.07852	0.15418	0.01582	0.00146
1	0.70118	0.02879	0.02337	0.02697	0.03967	0.04022	0.01539	0.04096	0.01243	0.01646	0.00197	0.00236	0.00155	0.01771	0.00101	0.00039	0.01491	0.00078	0.00077	0.01312
2	0.00164	0.00127	0.00149	0.00149	0.00180	0.00119	0.00111	0.00200	0.00269	0.00350	0.17194	0.04438	0.45688	0.09148	0.17212	0.00078	0.00118	0.02270	0.01930	0.00106
3	0.01639	0.05009	0.08864	0.04878	0.05499	0.08390	0.09382	0.20458	0.10637	0.04643	0.02617	0.01747	0.04504	0.00169	0.01765	0.00042	0.05569	0.01494	0.00091	0.02604
4	0.01694	0.09748	0.20037	0.04092	0.04827	0.05664	0.03445	0.25451	0.01807	0.02249	0.01278	0.00303	0.00204	0.01640	0.03899	0.00047	0.13256	0.00106	0.00079	0.00173
5	0.00265	0.00147	0.00185	0.00176	0.00208	0.00139	0.00124	0.01752	0.02906	0.21014	0.01927	0.30428	0.02040	0.27862	0.04525	0.01969	0.00108	0.00216	0.02178	0.01830
6	0.00198	0.00137	0.00156	0.00153	0.00161	0.00141	0.00093	0.04019	0.05205	0.00285	0.00412	0.06885	0.00459	0.77784	0.03318	0.00111	0.00123	0.00186	0.00083	0.00090
7	0.00350	0.00248	0.05301	0.00216	0.00327	0.00189	0.02655	0.03498	0.00298	0.26726	0.00300	0.00308	0.00219	0.00113	0.00105	0.00026	0.00106	0.00092	0.00096	0.58826

[dist]
# distance from previous block
# <min> <max>
0	4

[block]
# block no. 2 follows, 260 sequences, length 12
# corresponding to MSA columns:
# 1717-1724,1735-1738
name=unknown_C
#
# <colnr> <probs for GDERKNQSTAVLIFYWHMCP>
#	G	D	E	R	K	N	Q	S	T	A	V	L	I	F	Y	W	H	M	C	P
0	0.00173	0.00127	0.00162	0.00153	0.00184	0.00116	0.00115	0.00229	0.00345	0.00480	0.83748	0.00962	0.12218	0.00262	0.00147	0.00040	0.00059	0.00230	0.00135	0.00116
1	0.00294	0.00336	0.00735	0.00525	0.00651	0.00315	0.94391	0.00399	0.00294	0.00399	0.00252	0.00336	0.00189	0.00105	0.00147	0.00042	0.00210	0.00147	0.00063	0.00168
2	0.00385	0.01441	0.04635	0.01698	0.04887	0.02487	0.03278	0.13553	0.11426	0.31192	0.10466	0.02203	0.01706	0.00186	0.01332	0.01006	0.03026	0.03106	0.01806	0.00180
3	0.03579	0.01177	0.14365	0.01435	0.03434	0.00248	0.10658	0.07458	0.05930	0.40327	0.06029	0.00396	0.00306	0.00148	0.00133	0.00039	0.02771	0.00125	0.01253	0.00189
4	0.00186	0.00130	0.00167	0.00163	0.00192	0.00121	0.00121	0.00242	0.02193	0.03562	0.65637	0.17659	0.05430	0.01742	0.00156	0.00043	0.00066	0.01942	0.00131	0.00118
5	0.00161	0.00120	0.00138	0.00143	0.00171	0.00106	0.00102	0.00179	0.00259	0.00323	0.06768	0.19333	0.55179	0.00346	0.00206	0.15937	0.00072	0.00253	0.00107	0.00097
6	0.00270	0.00253	0.02794	0.02324	0.00352	0.02509	0.10068	0.00339	0.02777	0.01865	0.00247	0.02803	0.00207	0.00109	0.00108	0.00025	0.01666	0.00094	0.00075	0.71113
7	0.00284	0.00263	0.18311	0.03155	0.03814	0.00195	0.01527	0.02234	0.03211	0.17925	0.06209	0.12757	0.02539	0.04768	0.04475	0.08078	0.02391	0.06231	0.01488	0.00147
8	0.00180	0.00141	0.00166	0.00176	0.00204	0.00138	0.00128	0.00259	0.14350	0.00371	0.08838	0.43270	0.22795	0.01965	0.00159	0.00048	0.00077	0.06499	0.00118	0.00118
9	0.00180	0.00137	0.00171	0.01315	0.00209	0.02437	0.01280	0.01192	0.00261	0.02382	0.06064	0.63435	0.12260	0.02132	0.00168	0.00050	0.01765	0.04340	0.00113	0.00109
10	0.16856	0.06937	0.13163	0.03990	0.07253	0.05102	0.10798	0.07057	0.00290	0.07432	0.00247	0.01121	0.00191	0.00133	0.01774	0.00037	0.00143	0.00098	0.01109	0.16270
11	0.14142	0.05090	0.05407	0.03209	0.01965	0.02507	0.05581	0.25772	0.04711	0.02784	0.01885	0.03912	0.01310	0.00958	0.00737	0.00037	0.01198	0.01384	0.03226	0.14186

[dist]
# distance from previous block
# <min> <max>
1	23

[block]
# block no. 3 follows, 260 sequences, length 26
# corresponding to MSA columns:
# 1763-1781,1787-1792,1795
name=unknown_D
#
# <colnr> <probs for GDERKNQSTAVLIFYWHMCP>
#	G	D	E	R	K	N	Q	S	T	A	V	L	I	F	Y	W	H	M	C	P
0	0.01135	0.00226	0.01739	0.37495	0.04308	0.00245	0.03661	0.04124	0.01379	0.02888	0.00265	0.01408	0.00644	0.07941	0.03422	0.04072	0.08693	0.01357	0.00441	0.14557
1	0.00265	0.02604	0.08725	0.01186	0.01053	0.01535	0.11203	0.01810	0.02105	0.02889	0.01680	0.07373	0.02159	0.00635	0.01259	0.00032	0.01784	0.01620	0.01612	0.48471
2	0.24285	0.00265	0.01442	0.35581	0.06988	0.03480	0.01305	0.10817	0.01015	0.01120	0.00811	0.00292	0.00178	0.00131	0.00131	0.00040	0.06759	0.00099	0.02258	0.03003
3	0.00316	0.86528	0.00604	0.00209	0.00306	0.00455	0.00204	0.00354	0.00252	0.00296	0.00222	0.09344	0.00224	0.00134	0.00088	0.00029	0.00127	0.00094	0.00059	0.00154
4	0.00161	0.00122	0.00145	0.00154	0.00180	0.00110	0.00110	0.00196	0.01276	0.01186	0.13949	0.36651	0.39072	0.02617	0.01296	0.00049	0.00073	0.02429	0.00118	0.00107
5	0.00220	0.00117	0.00119	0.00120	0.00149	0.00114	0.00089	0.00274	0.00262	0.00445	0.00503	0.05482	0.09407	0.00174	0.00097	0.00031	0.00059	0.00143	0.82081	0.00114
6	0.09414	0.00139	0.00159	0.00150	0.00188	0.00131	0.00114	0.00240	0.00320	0.01652	0.59663	0.02022	0.22718	0.00253	0.00139	0.00040	0.00064	0.00217	0.02260	0.00117
7	0.00440	0.00359	0.01528	0.00307	0.00404	0.10037	0.11205	0.64369	0.00499	0.04057	0.00295	0.00309	0.00213	0.00142	0.00124	0.00037	0.00150	0.00113	0.05219	0.00195
8	0.09746	0.00235	0.00291	0.00226	0.00320	0.00223	0.00186	0.13919	0.01603	0.71269	0.00434	0.00386	0.00279	0.00150	0.00121	0.00038	0.00109	0.00118	0.00142	0.00204
9	0.09527	0.00226	0.00259	0.01151	0.00300	0.00189	0.00155	0.03525	0.01493	0.10213	0.00256	0.01203	0.00202	0.00107	0.00097	0.00024	0.00096	0.00084	0.00085	0.70808
10	0.00310	0.00270	0.00303	0.00303	0.09390	0.00309	0.00215	0.00635	0.85570	0.00510	0.00481	0.00450	0.00363	0.00163	0.00126	0.00042	0.00103	0.00138	0.00121	0.00197
11	0.87274	0.00250	0.00236	0.00199	0.00280	0.00283	0.09175	0.00369	0.00220	0.00544	0.00181	0.00215	0.00140	0.00115	0.00084	0.00039	0.00107	0.00075	0.00076	0.00138
12	0.00469	0.00347	0.00371	0.00286	0.00385	0.00384	0.00236	0.91744	0.03277	0.00778	0.00305	0.00304	0.00217	0.00150	0.00125	0.00038	0.00136	0.00113	0.00125	0.00211
13	0.96501	0.00241	0.00183	0.00164	0.00241	0.00280	0.00135	0.00366	0.00212	0.00559	0.00174	0.00202	0.00135	0.00116	0.00077	0.00039	0.00096	0.00067	0.00077	0.00135
14	0.00308	0.00296	0.00506	0.00765	0.94843	0.00296	0.00382	0.00382	0.00284	0.00407	0.00234	0.00308	0.00197	0.00111	0.00123	0.00037	0.00148	0.00111	0.00062	0.00197
15	0.00310	0.00268	0.00282	0.00254	0.00324	0.00310	0.00197	0.00662	0.94618	0.00521	0.00507	0.00465	0.00380	0.00169	0.00127	0.00042	0.00099	0.00141	0.00127	0.00197
16	0.00154	0.00110	0.00146	0.00173	0.00181	0.00103	0.00116	0.00176	0.00238	0.00317	0.00681	0.89712	0.01693	0.02815	0.01079	0.00054	0.00077	0.01961	0.00114	0.00101
17	0.01676	0.00237	0.00299	0.00232	0.00326	0.00224	0.00191	0.17662	0.03786	0.70804	0.02162	0.00410	0.00307	0.00155	0.00125	0.00038	0.00110	0.00125	0.00922	0.00208
18	0.00179	0.00128	0.00173	0.00173	0.00186	0.00141	0.00122	0.00205	0.00192	0.00269	0.00358	0.00626	0.00371	0.40620	0.55522	0.00167	0.00245	0.00154	0.00070	0.00096
19	0.01542	0.00154	0.00198	0.00176	0.00222	0.00143	0.00136	0.02455	0.01814	0.21545	0.60251	0.03997	0.04850	0.00234	0.00141	0.00040	0.00073	0.01113	0.00774	0.00141
20	0.00153	0.00117	0.00141	0.00155	0.00178	0.00105	0.00109	0.00183	0.00267	0.00343	0.09860	0.50068	0.35679	0.00349	0.00154	0.00046	0.00068	0.01800	0.00118	0.00104
21	0.00258	0.00221	0.00258	0.00185	0.00295	0.00166	0.00148	0.00314	0.00258	0.00406	0.00221	0.00258	0.00185	0.00092	0.00092	0.00018	0.00092	0.00074	0.00074	0.96382
22	0.00163	0.00128	0.00148	0.00149	0.00184	0.00114	0.00113	0.00208	0.01413	0.00390	0.30132	0.09371	0.49279	0.00304	0.00150	0.00043	0.00067	0.07412	0.00122	0.00110
23	0.00171	0.01273	0.00159	0.00150	0.00184	0.00121	0.00112	0.00224	0.02353	0.00430	0.52743	0.08335	0.31297	0.00280	0.00146	0.00041	0.00063	0.00242	0.01560	0.00115
24	0.00290	0.01879	0.27473	0.00456	0.00594	0.01068	0.60518	0.00402	0.00285	0.03236	0.00252	0.00323	0.00187	0.00114	0.00141	0.00041	0.01575	0.00929	0.00063	0.00173
25	0.04241	0.01860	0.00263	0.03977	0.02427	0.01209	0.01526	0.11427	0.04873	0.24975	0.24884	0.04653	0.04448	0.00204	0.00135	0.00040	0.00660	0.06368	0.01666	0.00161

[dist]
# distance from previous block
# <min> <max>
8	29

[block]
# block no. 4 follows, 260 sequences, length 14
# corresponding to MSA columns:
# 1874-1885,1902,1903
name=unknown_E
#
# <colnr> <probs for GDERKNQSTAVLIFYWHMCP>
#	G	D	E	R	K	N	Q	S	T	A	V	L	I	F	Y	W	H	M	C	P
0	0.00173	0.00132	0.00165	0.03374	0.00212	0.00127	0.00125	0.00231	0.06558	0.00390	0.29908	0.37432	0.18025	0.02364	0.00160	0.00046	0.00072	0.00272	0.00120	0.00114
1	0.00255	0.00240	0.01788	0.78060	0.00778	0.00283	0.03827	0.06635	0.03448	0.00360	0.00241	0.00338	0.00181	0.00150	0.02879	0.00046	0.00169	0.00114	0.00063	0.00146
2	0.09561	0.00206	0.00263	0.00207	0.00294	0.00187	0.00170	0.01979	0.00340	0.73320	0.05075	0.00443	0.02204	0.00158	0.00120	0.00038	0.00100	0.00127	0.05014	0.00193
3	0.00167	0.00115	0.00150	0.00172	0.00186	0.00106	0.00118	0.00193	0.00252	0.03521	0.05313	0.79095	0.07723	0.00369	0.00157	0.00049	0.00073	0.02015	0.00118	0.00106
4	0.00226	0.00140	0.00175	0.00159	0.00201	0.00124	0.00122	0.00276	0.00336	0.14510	0.57278	0.00923	0.24542	0.00255	0.00144	0.00040	0.00067	0.00220	0.00134	0.00129
5	0.00171	0.00127	0.00160	0.00155	0.00185	0.00115	0.00117	0.00223	0.00332	0.00456	0.69760	0.07159	0.16660	0.00277	0.00149	0.00041	0.00062	0.03606	0.00131	0.00114
6	0.00174	0.00125	0.00161	0.00175	0.00192	0.00119	0.00122	0.04809	0.00284	0.00387	0.24407	0.67002	0.00883	0.00344	0.00154	0.00047	0.00072	0.00310	0.00122	0.00111
7	0.00258	0.00221	0.00258	0.00185	0.00295	0.00166	0.00148	0.00314	0.00258	0.00406	0.00221	0.00258	0.00185	0.00092	0.00092	0.00018	0.00092	0.00074	0.00074	0.96382
8	0.00303	0.00250	0.00267	0.00238	0.00303	0.01799	0.00185	0.05470	0.68637	0.02846	0.17739	0.00537	0.00512	0.00183	0.00130	0.00041	0.00096	0.00153	0.00128	0.00183
9	0.01224	0.00263	0.03555	0.48449	0.30051	0.00282	0.06358	0.00340	0.00260	0.00355	0.01353	0.00341	0.00197	0.02538	0.01202	0.00044	0.02854	0.00115	0.00060	0.00158
10	0.00288	0.33937	0.51106	0.00298	0.00442	0.02081	0.02283	0.02697	0.01940	0.00370	0.01780	0.00273	0.01761	0.00121	0.00107	0.00035	0.00161	0.00090	0.00059	0.00173
11	0.00152	0.00108	0.00145	0.00174	0.00181	0.00101	0.00116	0.00174	0.00239	0.00318	0.00687	0.95539	0.00824	0.00390	0.00159	0.00051	0.00072	0.00354	0.00116	0.00101
12	0.00447	0.00195	0.00258	0.00206	0.00284	0.00175	0.00167	0.05100	0.00365	0.63887	0.24974	0.00565	0.02442	0.00183	0.00131	0.00039	0.00094	0.00153	0.00148	0.00185
13	0.02064	0.02990	0.03434	0.01855	0.03235	0.01934	0.25684	0.08709	0.16343	0.11926	0.06270	0.06282	0.06976	0.00172	0.00134	0.00041	0.00135	0.01544	0.00102	0.00169

[dist]
# distance from previous block
# <min> <max>
0	5

[block]
# block no. 5 follows, 260 sequences, length 10
# corresponding to MSA columns:
# 1909-1918
name=unknown_F
#
# <colnr> <probs for GDERKNQSTAVLIFYWHMCP>
#	G	D	E	R	K	N	Q	S	T	A	V	L	I	F	Y	W	H	M	C	P
0	0.00294	0.00336	0.00735	0.00525	0.00651	0.00315	0.94391	0.00399	0.00294	0.00399	0.00252	0.00336	0.00189	0.00105	0.00147	0.00042	0.00210	0.00147	0.00063	0.00168
1	0.00234	0.00144	0.00186	0.00168	0.00208	0.00132	0.00128	0.00299	0.03077	0.14161	0.74218	0.00856	0.05217	0.00240	0.00143	0.00039	0.00067	0.00210	0.00138	0.00133
2	0.01698	0.00227	0.01411	0.24687	0.17988	0.01093	0.02701	0.08330	0.00273	0.01866	0.01226	0.01790	0.01924	0.09133	0.12554	0.01505	0.05378	0.00128	0.05943	0.00145
3	0.01493	0.09060	0.29943	0.05751	0.30376	0.01932	0.04964	0.03829	0.03432	0.05268	0.01303	0.00302	0.00201	0.00122	0.00123	0.00038	0.01507	0.00105	0.00068	0.00183
4	0.00221	0.00174	0.02062	0.00184	0.00230	0.00168	0.00145	0.02212	0.20136	0.03338	0.59358	0.00822	0.08294	0.00235	0.00142	0.00040	0.00074	0.01893	0.00132	0.00139
5	0.00205	0.00126	0.00149	0.00149	0.00161	0.00123	0.00095	0.00220	0.00218	0.06473	0.03864	0.12807	0.03763	0.60551	0.01898	0.00094	0.00108	0.02435	0.06468	0.00094
6	0.00321	0.11744	0.27910	0.03933	0.07110	0.11918	0.06743	0.06861	0.03641	0.05675	0.01622	0.02751	0.01826	0.00154	0.01515	0.00040	0.03026	0.01611	0.01431	0.00169
7	0.00314	0.02810	0.03760	0.02514	0.04166	0.01186	0.07433	0.14803	0.10287	0.13230	0.04206	0.13987	0.06911	0.01148	0.00915	0.00044	0.01347	0.07531	0.01118	0.02290
8	0.00186	0.00126	0.00160	0.00163	0.00185	0.00131	0.00119	0.00231	0.01883	0.00349	0.07126	0.15772	0.06602	0.11216	0.33722	0.00105	0.00166	0.00185	0.21465	0.00108
9	0.07318	0.00210	0.00239	0.00209	0.01642	0.01440	0.00163	0.08288	0.15484	0.30059	0.08656	0.02228	0.03149	0.00173	0.00119	0.00038	0.00094	0.02364	0.17959	0.00170

[dist]
# distance from previous block
# <min> <max>
4	11

[block]
# block no. 6 follows, 260 sequences, length 6
# corresponding to MSA columns:
# 1953-1955,1957,1958,1961
name=unknown_G
#
# <colnr> <probs for GDERKNQSTAVLIFYWHMCP>
#	G	D	E	R	K	N	Q	S	T	A	V	L	I	F	Y	W	H	M	C	P
0	0.00212	0.00145	0.00176	0.00161	0.00201	0.00135	0.00122	0.03524	0.02936	0.05872	0.56827	0.02862	0.16388	0.02116	0.00150	0.00040	0.00068	0.00212	0.05445	0.02408
1	0.23999	0.00193	0.00221	0.00190	0.00253	0.00193	0.02099	0.03940	0.02408	0.26972	0.18642	0.09022	0.04280	0.04165	0.00142	0.00043	0.00092	0.00159	0.02837	0.00151
2	0.03579	0.00167	0.00200	0.00203	0.01649	0.02151	0.01991	0.02762	0.11986	0.04760	0.06582	0.41808	0.10575	0.00292	0.00144	0.00046	0.00088	0.07237	0.03652	0.00129
3	0.00287	0.00164	0.00196	0.00182	0.00231	0.00150	0.00139	0.04199	0.02426	0.22321	0.10787	0.18001	0.25613	0.00266	0.00143	0.00044	0.00084	0.04415	0.10207	0.00145
4	0.07000	0.00235	0.00251	0.00221	0.00284	0.05253	0.01628	0.06256	0.31787	0.13566	0.10685	0.01914	0.07806	0.01590	0.03454	0.01738	0.00111	0.03119	0.02939	0.00163
5	0.73041	0.00248	0.00233	0.00233	0.09650	0.00275	0.00167	0.04236	0.00246	0.06813	0.00208	0.00234	0.00158	0.00118	0.00087	0.00038	0.00104	0.00078	0.00083	0.03752

[dist]
# distance from previous block
# <min> <max>
3	4

[block]
# block no. 7 follows, 260 sequences, length 11
# corresponding to MSA columns:
# 1985,1986,1994-2002
name=unknown_H
#
# <colnr> <probs for GDERKNQSTAVLIFYWHMCP>
#	G	D	E	R	K	N	Q	S	T	A	V	L	I	F	Y	W	H	M	C	P
0	0.00170	0.00119	0.00141	0.00148	0.00157	0.00115	0.00093	0.00184	0.00221	0.00291	0.06908	0.24407	0.10789	0.53071	0.00420	0.00088	0.00098	0.02396	0.00095	0.00089
1	0.03947	0.01411	0.09983	0.02058	0.08999	0.01159	0.05043	0.08727	0.04075	0.38904	0.08242	0.02063	0.00336	0.00165	0.01488	0.00041	0.01500	0.00129	0.00114	0.01614
2	0.01295	0.09665	0.10274	0.02998	0.12960	0.03759	0.06255	0.04554	0.04430	0.21261	0.03691	0.02818	0.03648	0.01381	0.00158	0.00041	0.09493	0.01053	0.00092	0.00173
3	0.00255	0.05997	0.89664	0.00347	0.00527	0.00301	0.00446	0.00393	0.00263	0.00389	0.00221	0.00260	0.00158	0.00118	0.00116	0.00039	0.00181	0.00091	0.00053	0.00183
4	0.00300	0.00304	0.02155	0.04583	0.02258	0.00281	0.68626	0.00397	0.01698	0.08181	0.03681	0.00419	0.06227	0.00130	0.00143	0.00041	0.00182	0.00152	0.00077	0.00166
5	0.03063	0.06717	0.18595	0.03748	0.04484	0.04349	0.11063	0.15990	0.04068	0.19775	0.01651	0.01951	0.00244	0.00143	0.00130	0.00039	0.02466	0.01247	0.00094	0.00183
6	0.01731	0.01699	0.09699	0.02196	0.03786	0.02281	0.17536	0.21474	0.04633	0.10338	0.01947	0.10366	0.01277	0.00180	0.00146	0.00042	0.04384	0.06014	0.00098	0.00172
7	0.00155	0.00113	0.00145	0.00168	0.00181	0.00104	0.00115	0.00179	0.00248	0.00326	0.03855	0.74624	0.12677	0.03057	0.00171	0.00051	0.00074	0.03540	0.00115	0.00102
8	0.01222	0.00149	0.00177	0.00166	0.00203	0.00145	0.00126	0.06173	0.03505	0.01430	0.50244	0.04754	0.21536	0.02475	0.01218	0.00044	0.01405	0.02070	0.02835	0.00123
9	0.08260	0.03885	0.16532	0.15797	0.15615	0.03469	0.10802	0.03926	0.01538	0.04695	0.02295	0.02287	0.00994	0.01997	0.00723	0.00661	0.02800	0.00823	0.00863	0.02038
10	0.03173	0.10126	0.05927	0.07758	0.24720	0.06452	0.04818	0.04341	0.06007	0.02229	0.01648	0.04655	0.02241	0.03243	0.01166	0.00775	0.08123	0.01140	0.00738	0.00721

[dist]
# distance from previous block
# <min> <max>
1	50

[block]
# block no. 8 follows, 260 sequences, length 21
# corresponding to MSA columns:
# 2087-2103,2106-2109
name=unknown_I
#
# <colnr> <probs for GDERKNQSTAVLIFYWHMCP>
#	G	D	E	R	K	N	Q	S	T	A	V	L	I	F	Y	W	H	M	C	P
0	0.14314	0.00188	0.00225	0.04354	0.00999	0.01931	0.01711	0.06720	0.03288	0.01571	0.00800	0.07577	0.01476	0.12684	0.28562	0.04718	0.02220	0.01705	0.00983	0.03974
1	0.01274	0.04340	0.07160	0.14373	0.02854	0.04315	0.06600	0.10173	0.04297	0.07453	0.05979	0.01926	0.04415	0.00175	0.01611	0.00042	0.12432	0.00129	0.10296	0.00156
2	0.02342	0.02398	0.00343	0.00265	0.00354	0.02507	0.00217	0.67825	0.07094	0.03578	0.00322	0.00337	0.00237	0.00152	0.00124	0.00037	0.01319	0.01569	0.07122	0.01856
3	0.01943	0.00216	0.00830	0.02536	0.18188	0.05494	0.02904	0.05836	0.01355	0.06318	0.01945	0.41761	0.00503	0.00246	0.00137	0.00042	0.00110	0.02131	0.01753	0.05751
4	0.01371	0.00167	0.00217	0.00187	0.00915	0.00152	0.00145	0.01543	0.01160	0.32547	0.40591	0.02159	0.09273	0.00237	0.03145	0.00044	0.00796	0.00181	0.00907	0.04262
5	0.00340	0.89118	0.02931	0.00218	0.00326	0.01817	0.00219	0.00383	0.00258	0.03191	0.00184	0.00209	0.00164	0.00109	0.00083	0.00027	0.00135	0.00069	0.00057	0.00162
6	0.00151	0.00126	0.00132	0.00133	0.00172	0.00107	0.00100	0.00185	0.00288	0.00350	0.08883	0.05348	0.80925	0.00315	0.00148	0.00043	0.00064	0.02308	0.00117	0.00106
7	0.00166	0.00120	0.00152	0.00160	0.00182	0.00110	0.00114	0.00203	0.00287	0.01538	0.34050	0.42004	0.16468	0.02593	0.00164	0.00047	0.00068	0.01343	0.00123	0.00109
8	0.00167	0.00127	0.00153	0.00147	0.00180	0.00113	0.00110	0.00216	0.00329	0.00444	0.63152	0.02650	0.31204	0.00277	0.00147	0.00040	0.00060	0.00240	0.00130	0.00113
9	0.00446	0.00198	0.00247	0.00200	0.00277	0.00186	0.00162	0.04253	0.09437	0.57523	0.01532	0.00439	0.00324	0.00154	0.00116	0.00037	0.00094	0.00125	0.24063	0.00186
10	0.00314	0.00270	0.00284	0.00254	0.00326	0.00312	0.00198	0.03176	0.92098	0.00528	0.00502	0.00460	0.00376	0.00169	0.00127	0.00042	0.00100	0.00140	0.00127	0.00198
11	0.02274	0.00223	0.00262	0.01461	0.01606	0.00172	0.00154	0.00322	0.00260	0.02478	0.00227	0.00263	0.00186	0.00095	0.00094	0.00020	0.00094	0.00076	0.00075	0.89660
12	0.96501	0.00241	0.00183	0.00164	0.00241	0.00280	0.00135	0.00366	0.00212	0.00559	0.00174	0.00202	0.00135	0.00116	0.00077	0.00039	0.00096	0.00067	0.00077	0.00135
13	0.00238	0.00224	0.00378	0.92054	0.04105	0.00278	0.00347	0.00321	0.00250	0.00321	0.00222	0.00331	0.00167	0.00124	0.00125	0.00041	0.00165	0.00111	0.00056	0.00140
14	0.00152	0.00109	0.00144	0.00172	0.00180	0.00101	0.00115	0.00174	0.00240	0.00319	0.00704	0.92673	0.03679	0.00388	0.00159	0.00050	0.00072	0.00351	0.00116	0.00101
15	0.00192	0.00139	0.00176	0.00173	0.00206	0.00133	0.00134	0.01203	0.05163	0.02213	0.56225	0.07927	0.11213	0.00277	0.00150	0.00043	0.00072	0.14110	0.00130	0.00121
16	0.00330	0.75081	0.14447	0.00237	0.00352	0.00446	0.00249	0.00385	0.00258	0.04688	0.00195	0.00221	0.00167	0.00113	0.00096	0.00030	0.02407	0.00074	0.00058	0.00165
17	0.00278	0.00281	0.00381	0.00327	0.00329	0.02958	0.00272	0.00305	0.00195	0.00300	0.00164	0.00271	0.00163	0.00216	0.00401	0.00054	0.92804	0.00108	0.00055	0.00137
18	0.00157	0.00122	0.00139	0.00150	0.00179	0.00108	0.00108	0.00189	0.01174	0.01303	0.04044	0.38438	0.50890	0.00341	0.00152	0.00046	0.00068	0.02170	0.00117	0.00106
19	0.00347	0.08193	0.06942	0.12236	0.09599	0.21456	0.07269	0.12633	0.06238	0.02170	0.00273	0.00324	0.01663	0.02140	0.01747	0.00042	0.03414	0.00108	0.03042	0.00164
20	0.10214	0.04520	0.02031	0.04244	0.15518	0.04659	0.15283	0.17696	0.07022	0.02432	0.00304	0.05876	0.00259	0.02687	0.02125	0.01102	0.00858	0.01850	0.01153	0.00167

[dist]
# distance from previous block
# <min> <max>
1	1

[block]
# block no. 9 follows, 260 sequences, length 11
# corresponding to MSA columns:
# 2139-2149
name=unknown_J
#
# <colnr> <probs for GDERKNQSTAVLIFYWHMCP>
#	G	D	E	R	K	N	Q	S	T	A	V	L	I	F	Y	W	H	M	C	P
0	0.00301	0.04866	0.07868	0.07230	0.15201	0.05644	0.01680	0.07797	0.03442	0.02690	0.02344	0.01579	0.01896	0.00124	0.00113	0.00031	0.01013	0.00102	0.00077	0.36002
1	0.77882	0.02043	0.04009	0.00193	0.00272	0.03556	0.01564	0.02018	0.00229	0.01816	0.00189	0.01335	0.00151	0.00125	0.00098	0.00039	0.04187	0.00077	0.00076	0.00140
2	0.00190	0.00122	0.00142	0.00143	0.00147	0.00121	0.00083	0.00194	0.00193	0.03242	0.00429	0.11573	0.00491	0.81777	0.00564	0.00110	0.00115	0.00199	0.00083	0.00083
3	0.00369	0.10063	0.01298	0.01560	0.01547	0.12282	0.00217	0.27484	0.32401	0.00527	0.00345	0.00350	0.00264	0.00167	0.02258	0.00041	0.02528	0.00114	0.06004	0.00182
4	0.00154	0.00111	0.00146	0.00172	0.00181	0.00104	0.00116	0.00177	0.00239	0.00317	0.00692	0.85737	0.03704	0.04195	0.00178	0.00053	0.00075	0.03433	0.00114	0.00101
5	0.01078	0.14940	0.18096	0.06481	0.05488	0.03025	0.22505	0.11405	0.04526	0.02368	0.00255	0.01090	0.00201	0.00142	0.01319	0.00703	0.05179	0.00957	0.00072	0.00172
6	0.01128	0.09446	0.05632	0.01951	0.03502	0.04455	0.08481	0.03455	0.00239	0.02573	0.00212	0.02713	0.00194	0.01143	0.02749	0.00051	0.51749	0.00114	0.00063	0.00149
7	0.00155	0.00112	0.00147	0.00169	0.00181	0.00104	0.00115	0.00183	0.00258	0.00347	0.15301	0.77456	0.04275	0.00367	0.00157	0.00049	0.00070	0.00331	0.00119	0.00104
8	0.00261	0.02429	0.09027	0.51914	0.10387	0.00287	0.14589	0.02841	0.00269	0.00363	0.00236	0.00327	0.00181	0.00136	0.01809	0.00043	0.01251	0.00114	0.03381	0.00154
9	0.00185	0.00122	0.00158	0.00158	0.00166	0.00126	0.00104	0.00188	0.00187	0.00254	0.00379	0.03079	0.03363	0.47490	0.25022	0.18534	0.00170	0.00162	0.00071	0.00082
10	0.00156	0.00111	0.00146	0.00173	0.00181	0.00104	0.00116	0.00178	0.00240	0.00320	0.03037	0.84506	0.00807	0.06073	0.00188	0.00055	0.00076	0.03320	0.00114	0.00101

[dist]
# distance from previous block
# <min> <max>
0	6

[block]
# block no. 10 follows, 260 sequences, length 9
# corresponding to MSA columns:
# 2159-2167
name=unknown_K
#
# <colnr> <probs for GDERKNQSTAVLIFYWHMCP>
#	G	D	E	R	K	N	Q	S	T	A	V	L	I	F	Y	W	H	M	C	P
0	0.00185	0.00130	0.00163	0.00153	0.00188	0.00118	0.00116	0.00238	0.00339	0.04077	0.72690	0.00965	0.19647	0.00263	0.00146	0.00040	0.00061	0.00229	0.00134	0.00119
1	0.00175	0.00148	0.00195	0.22387	0.00336	0.00149	0.00162	0.00224	0.00287	0.00363	0.18238	0.05342	0.48171	0.00264	0.00143	0.00042	0.00088	0.03065	0.00106	0.00115
2	0.00314	0.73479	0.22699	0.00246	0.00371	0.00445	0.00271	0.00378	0.00256	0.00317	0.00185	0.00215	0.00159	0.00109	0.00089	0.00030	0.00145	0.00073	0.00053	0.00166
3	0.00260	0.00572	0.72948	0.00395	0.00565	0.00295	0.22415	0.00396	0.00270	0.00396	0.00230	0.00280	0.00165	0.00115	0.00125	0.00040	0.00190	0.00105	0.00055	0.00180
4	0.00455	0.00318	0.22418	0.00255	0.00368	0.00220	0.00248	0.02759	0.07332	0.60908	0.03129	0.00401	0.00301	0.00150	0.00124	0.00039	0.00123	0.00121	0.00127	0.00202
5	0.00310	0.73380	0.00588	0.22443	0.00446	0.00443	0.00244	0.00360	0.00252	0.00299	0.00185	0.00231	0.00161	0.00111	0.00090	0.00030	0.00141	0.00077	0.00054	0.00155
6	0.00250	0.00335	0.22489	0.58980	0.02190	0.02636	0.02854	0.01560	0.01435	0.00347	0.00241	0.00330	0.01395	0.01450	0.00139	0.00042	0.03006	0.00110	0.00058	0.00151
7	0.00206	0.00159	0.00233	0.22436	0.00377	0.00170	0.01580	0.01879	0.02303	0.02114	0.06236	0.30736	0.02423	0.01553	0.00158	0.00050	0.00110	0.27053	0.00102	0.00122
8	0.00162	0.00126	0.00148	0.00161	0.00189	0.00115	0.00119	0.00202	0.02806	0.00343	0.03750	0.35430	0.41048	0.02295	0.00164	0.00049	0.00075	0.12595	0.00116	0.00107

[dist]
# distance from previous block
# <min> <max>
0	6

[block]
# block no. 11 follows, 260 sequences, length 13
# corresponding to MSA columns:
# 2193-2200,2203-2207
name=unknown_L
#
# <colnr> <probs for GDERKNQSTAVLIFYWHMCP>
#	G	D	E	R	K	N	Q	S	T	A	V	L	I	F	Y	W	H	M	C	P
0	0.06243	0.37583	0.12632	0.01252	0.00378	0.11047	0.04512	0.13881	0.02754	0.02921	0.00225	0.00253	0.00180	0.00905	0.00106	0.00033	0.00149	0.00087	0.00072	0.04787
1	0.00217	0.00114	0.00164	0.00161	0.00168	0.00111	0.00109	0.00176	0.00174	0.00241	0.00242	0.02846	0.00241	0.02610	0.00444	0.82387	0.00104	0.00115	0.04694	0.04682
2	0.00174	0.00123	0.00157	0.00173	0.00191	0.00116	0.00121	0.01295	0.02508	0.02696	0.11954	0.64502	0.09630	0.01424	0.03167	0.00053	0.00081	0.01407	0.00118	0.00110
3	0.01806	0.09865	0.04627	0.08451	0.04677	0.12628	0.02318	0.11454	0.04051	0.04323	0.00951	0.01139	0.00763	0.00927	0.03451	0.00684	0.04804	0.00747	0.00079	0.22256
4	0.00260	0.04836	0.03633	0.08710	0.06211	0.01531	0.20191	0.01436	0.10817	0.01586	0.12853	0.06648	0.05218	0.00951	0.02328	0.00047	0.10814	0.01693	0.00086	0.00151
5	0.00184	0.00134	0.00168	0.00163	0.00195	0.00123	0.00120	0.01860	0.01362	0.01687	0.53561	0.20534	0.11892	0.01567	0.00153	0.00042	0.00068	0.01324	0.00126	0.04736
6	0.05550	0.01573	0.21979	0.01033	0.01304	0.01875	0.00224	0.01498	0.05056	0.00396	0.12280	0.23168	0.05235	0.00265	0.03169	0.00049	0.02330	0.10598	0.00096	0.02323
7	0.04679	0.04037	0.06645	0.05704	0.21765	0.04305	0.11064	0.07953	0.04035	0.12373	0.00316	0.05396	0.01561	0.00143	0.00127	0.00038	0.01580	0.00787	0.00085	0.07409
8	0.01667	0.00235	0.02013	0.01265	0.03535	0.01150	0.01625	0.08420	0.02474	0.50286	0.01514	0.06189	0.00905	0.00967	0.01322	0.00042	0.06511	0.01274	0.01620	0.06989
9	0.00256	0.00165	0.00202	0.00188	0.00230	0.00163	0.00142	0.06317	0.08997	0.14314	0.22061	0.25404	0.13601	0.03112	0.00165	0.00046	0.02247	0.02127	0.00125	0.00138
10	0.02165	0.04224	0.15382	0.06938	0.07615	0.02756	0.05989	0.02497	0.01014	0.03003	0.01434	0.02234	0.00290	0.20628	0.16993	0.02361	0.02393	0.00132	0.01816	0.00136
11	0.06580	0.03514	0.01300	0.12327	0.10410	0.02430	0.08583	0.13319	0.04680	0.07637	0.03016	0.01830	0.01381	0.00162	0.02011	0.00575	0.05220	0.01449	0.05473	0.08102
12	0.07193	0.08122	0.05988	0.03243	0.06008	0.05444	0.04766	0.12468	0.07190	0.04766	0.09130	0.07198	0.00904	0.00168	0.00695	0.00038	0.03032	0.01357	0.00699	0.11592

[dist]
# distance from previous block
# <min> <max>
4	70

[block]
# block no. 12 follows, 260 sequences, length 6
# corresponding to MSA columns:
# 2354,2356-2360
name=unknown_M
#
# <colnr> <probs for GDERKNQSTAVLIFYWHMCP>
#	G	D	E	R	K	N	Q	S	T	A	V	L	I	F	Y	W	H	M	C	P
0	0.02153	0.04463	0.02139	0.04784	0.00321	0.03796	0.02134	0.08521	0.22870	0.09659	0.05100	0.11203	0.03637	0.02232	0.01435	0.02426	0.02653	0.04239	0.01643	0.04595
1	0.03257	0.05389	0.08777	0.03043	0.07587	0.01482	0.03765	0.13100	0.05531	0.15032	0.07608	0.05777	0.04090	0.01277	0.02385	0.02023	0.02255	0.03095	0.00100	0.04428
2	0.02927	0.06478	0.06560	0.11605	0.04827	0.04525	0.04869	0.06143	0.04321	0.14803	0.03453	0.08588	0.03638	0.01545	0.02368	0.01436	0.02777	0.06014	0.02969	0.00156
3	0.13684	0.06005	0.01536	0.03323	0.03606	0.06721	0.03962	0.16830	0.03491	0.02986	0.03022	0.09455	0.05112	0.07087	0.02869	0.02394	0.02605	0.01419	0.01319	0.02575
4	0.02639	0.09562	0.01824	0.04521	0.02227	0.01217	0.03607	0.07988	0.07268	0.06440	0.05469	0.10434	0.02743	0.07488	0.05743	0.01213	0.06733	0.03093	0.06674	0.03118
5	0.04165	0.04884	0.09518	0.08620	0.06704	0.03511	0.07058	0.11150	0.04370	0.03848	0.03417	0.07101	0.03773	0.01022	0.01998	0.01572	0.03740	0.01577	0.04648	0.07324

[dist]
# distance from previous block
# <min> <max>
0	1

[block]
# block no. 13 follows, 260 sequences, length 37
# corresponding to MSA columns:
# 2362-2381,2383,2386-2401
name=unknown_N
#
# <colnr> <probs for GDERKNQSTAVLIFYWHMCP>
#	G	D	E	R	K	N	Q	S	T	A	V	L	I	F	Y	W	H	M	C	P
0	0.01641	0.00760	0.01122	0.22104	0.17136	0.02020	0.04126	0.02602	0.04516	0.03597	0.03651	0.04406	0.02748	0.02073	0.04298	0.00311	0.03479	0.01963	0.02627	0.14822
1	0.01252	0.03045	0.04991	0.05420	0.07011	0.02334	0.01702	0.06589	0.02404	0.04952	0.01951	0.12088	0.09030	0.01412	0.00501	0.00037	0.04028	0.02406	0.02207	0.26639
2	0.00854	0.01116	0.04947	0.14706	0.07677	0.02475	0.29820	0.07524	0.01196	0.04117	0.02281	0.03435	0.01348	0.02724	0.07650	0.00055	0.04808	0.00136	0.00691	0.02440
3	0.00743	0.01341	0.02417	0.15278	0.04253	0.02047	0.01047	0.06250	0.08663	0.01484	0.01961	0.04572	0.16499	0.00207	0.01024	0.00041	0.01688	0.11808	0.02211	0.16467
4	0.01784	0.01839	0.02430	0.15108	0.02511	0.02406	0.05182	0.11955	0.02721	0.03270	0.00829	0.00307	0.00736	0.01311	0.00837	0.00033	0.03627	0.00098	0.00079	0.42938
5	0.00182	0.00127	0.00160	0.00167	0.00192	0.00117	0.00119	0.00222	0.01679	0.02280	0.16385	0.51706	0.05580	0.03100	0.01049	0.00048	0.00076	0.02400	0.07486	0.06927
6	0.00279	0.00291	0.00575	0.10131	0.02497	0.00731	0.60758	0.00389	0.06608	0.02008	0.06949	0.01251	0.02071	0.00138	0.00149	0.00042	0.02164	0.02730	0.00076	0.00161
7	0.00304	0.00291	0.00497	0.07060	0.88587	0.00295	0.00380	0.00378	0.00281	0.00401	0.00234	0.00310	0.00195	0.00112	0.00123	0.00037	0.00149	0.00111	0.00061	0.00193
8	0.00160	0.00117	0.00150	0.00168	0.00185	0.00108	0.00119	0.00191	0.00266	0.00353	0.16374	0.57541	0.13618	0.02588	0.00168	0.00050	0.00073	0.07550	0.00118	0.00105
9	0.00157	0.00116	0.00147	0.00165	0.00181	0.00106	0.00114	0.00189	0.01177	0.00351	0.15483	0.66245	0.14399	0.00356	0.00155	0.00048	0.00069	0.00319	0.00119	0.00105
10	0.00181	0.00119	0.00145	0.00153	0.00159	0.00117	0.00095	0.00193	0.00210	0.02529	0.02660	0.32164	0.00586	0.55640	0.02593	0.00094	0.00107	0.00791	0.01375	0.00090
11	0.00474	0.00349	0.00374	0.00287	0.00386	0.00386	0.00237	0.94428	0.00586	0.00785	0.00299	0.00299	0.00212	0.00150	0.00125	0.00037	0.00137	0.00112	0.00125	0.00212
12	0.08362	0.00214	0.00281	0.00217	0.00312	0.00191	0.00179	0.00588	0.00345	0.87255	0.00466	0.00406	0.00294	0.00151	0.00121	0.00039	0.00105	0.00121	0.00148	0.00206
13	0.00323	0.00294	0.00288	0.00259	0.00329	0.08020	0.00201	0.00649	0.86952	0.00504	0.00482	0.00445	0.00363	0.00166	0.00126	0.00041	0.00109	0.00136	0.00122	0.00193
14	0.00194	0.00124	0.00167	0.00187	0.00206	0.00116	0.00136	0.00225	0.00257	0.08022	0.00669	0.68440	0.01731	0.01259	0.00163	0.00051	0.00083	0.17739	0.00118	0.00113
15	0.00328	0.00271	0.00291	0.00257	0.01413	0.00308	0.00200	0.17035	0.69408	0.00564	0.08134	0.00472	0.00413	0.00172	0.00128	0.00041	0.00103	0.00142	0.00127	0.00193
16	0.00339	0.02257	0.01763	0.35963	0.07618	0.02337	0.29442	0.09489	0.00329	0.00828	0.00284	0.00387	0.00227	0.00165	0.01109	0.00051	0.06293	0.00450	0.00082	0.00587
17	0.00370	0.56944	0.08226	0.00259	0.00359	0.29672	0.00242	0.02068	0.00291	0.00314	0.00186	0.00214	0.00161	0.00115	0.00094	0.00030	0.00166	0.00074	0.00058	0.00158
18	0.00250	0.00206	0.00240	0.00182	0.00276	0.00162	0.00143	0.03073	0.00274	0.02034	0.04434	0.07132	0.07436	0.00140	0.00105	0.00024	0.00089	0.00117	0.00086	0.73597
19	0.08192	0.02732	0.38187	0.12655	0.00492	0.01369	0.02473	0.18326	0.03175	0.10140	0.00269	0.00296	0.00190	0.00129	0.00117	0.00039	0.00154	0.00102	0.00082	0.00881
20	0.00298	0.00316	0.08170	0.04301	0.75024	0.00287	0.02605	0.00963	0.00991	0.01052	0.00856	0.00813	0.01996	0.00119	0.00124	0.00037	0.00149	0.00115	0.00064	0.01720
21	0.00186	0.00121	0.00155	0.00171	0.00191	0.00110	0.00119	0.00212	0.00257	0.08019	0.02516	0.69116	0.15056	0.01299	0.00159	0.00049	0.00075	0.01959	0.00119	0.00111
22	0.02867	0.02902	0.05552	0.01380	0.05417	0.02345	0.23728	0.14909	0.02927	0.29944	0.01185	0.01247	0.01621	0.00148	0.00748	0.00041	0.01328	0.01420	0.00105	0.00186
23	0.02436	0.00290	0.02454	0.05676	0.03820	0.00882	0.33664	0.11847	0.05184	0.25919	0.01987	0.01490	0.00255	0.00136	0.00136	0.00040	0.01648	0.00132	0.00100	0.01905
24	0.00157	0.00111	0.00146	0.00171	0.00181	0.00104	0.00115	0.00179	0.00243	0.00943	0.02543	0.83002	0.05996	0.02977	0.00173	0.00694	0.00074	0.01973	0.00115	0.00102
25	0.23117	0.09613	0.03864	0.10187	0.23264	0.12803	0.03148	0.03336	0.00276	0.02672	0.00620	0.00272	0.00178	0.00124	0.00120	0.00037	0.04233	0.00621	0.00069	0.01447
26	0.00167	0.00123	0.00158	0.00183	0.00196	0.00120	0.00126	0.00217	0.07916	0.00337	0.00671	0.83224	0.00783	0.00370	0.00157	0.00050	0.00077	0.04897	0.00117	0.00110
27	0.00235	0.00483	0.00276	0.19049	0.02122	0.02063	0.00919	0.05111	0.00748	0.00337	0.07971	0.00506	0.00911	0.21754	0.16240	0.00087	0.18744	0.00140	0.00975	0.01330
28	0.00290	0.04437	0.02345	0.18440	0.04342	0.10367	0.25650	0.02218	0.00272	0.00360	0.00247	0.03275	0.00211	0.02553	0.00176	0.00042	0.12961	0.00911	0.02926	0.07976
29	0.00304	0.00220	0.00263	0.00190	0.00299	0.00169	0.00153	0.00358	0.00273	0.14764	0.00263	0.00284	0.00203	0.00102	0.00097	0.00022	0.00094	0.00082	0.00086	0.81774
30	0.00270	0.00265	0.05260	0.26245	0.24817	0.00265	0.08408	0.07987	0.03221	0.01263	0.01855	0.11115	0.05389	0.00167	0.00138	0.00041	0.02314	0.00152	0.00668	0.00160
31	0.00158	0.00115	0.00152	0.00172	0.00185	0.00112	0.00119	0.00184	0.00233	0.00311	0.00658	0.65101	0.08360	0.06688	0.15102	0.00078	0.00117	0.01946	0.00105	0.00102
32	0.00176	0.00128	0.00149	0.00149	0.00167	0.00123	0.00099	0.00212	0.03661	0.00341	0.23702	0.09949	0.17245	0.41164	0.01354	0.00078	0.00092	0.01009	0.00104	0.00099
33	0.00310	0.00234	0.00974	0.00963	0.03029	0.00916	0.00186	0.16476	0.33610	0.08012	0.15339	0.03596	0.05676	0.00254	0.07857	0.00054	0.00119	0.01181	0.01042	0.00171
34	0.00302	0.01106	0.00247	0.00211	0.00269	0.00220	0.00165	0.25946	0.11604	0.08456	0.24024	0.15499	0.07264	0.01217	0.00143	0.00042	0.00094	0.01448	0.00126	0.01615
35	0.19505	0.05261	0.09072	0.03469	0.02746	0.05973	0.06526	0.03928	0.08223	0.05130	0.14428	0.01058	0.03625	0.00156	0.00116	0.00038	0.00877	0.00126	0.09203	0.00540
36	0.05038	0.10460	0.04038	0.05325	0.04550	0.05902	0.04241	0.10540	0.05086	0.07826	0.07685	0.04119	0.02658	0.00509	0.05895	0.00437	0.05048	0.00759	0.07916	0.01967

[dist]
# distance from previous block
# <min> <max>
0	62

[block]
# block no. 14 follows, 260 sequences, length 16
# corresponding to MSA columns:
# 2486-2497,2501-2504
name=unknown_O
#
# <colnr> <probs for GDERKNQSTAVLIFYWHMCP>
#	G	D	E	R	K	N	Q	S	T	A	V	L	I	F	Y	W	H	M	C	P
0	0.24677	0.10561	0.15735	0.07275	0.08537	0.03116	0.03665	0.04035	0.03869	0.05607	0.01214	0.03552	0.02038	0.00868	0.00123	0.00039	0.03060	0.01792	0.00077	0.00160
1	0.01967	0.01098	0.02378	0.24902	0.35163	0.02602	0.05809	0.04392	0.04115	0.03900	0.04097	0.03936	0.01873	0.00143	0.00134	0.00040	0.02554	0.00129	0.00599	0.00168
2	0.00186	0.00146	0.01908	0.00177	0.00194	0.01669	0.00128	0.00215	0.00210	0.00291	0.05673	0.04722	0.02201	0.36042	0.42209	0.00141	0.01759	0.00166	0.01863	0.00100
3	0.04671	0.06626	0.08581	0.02961	0.04079	0.04379	0.04592	0.10323	0.26875	0.11702	0.05689	0.02156	0.03705	0.00162	0.00131	0.00040	0.02915	0.00131	0.00104	0.00178
4	0.00202	0.00150	0.00180	0.01356	0.00218	0.00153	0.00134	0.01100	0.17814	0.02630	0.06366	0.43392	0.07564	0.13158	0.00215	0.00057	0.00087	0.04988	0.00114	0.00122
5	0.00270	0.00221	0.00260	0.00186	0.00296	0.00167	0.00149	0.00325	0.00262	0.03924	0.00232	0.00265	0.00189	0.00095	0.00094	0.00019	0.00093	0.00076	0.00077	0.92804
6	0.01261	0.02149	0.24280	0.01315	0.03271	0.01081	0.08088	0.08001	0.07027	0.24729	0.03217	0.00910	0.00267	0.01121	0.00130	0.00038	0.01308	0.00627	0.01858	0.09322
7	0.23788	0.00341	0.13649	0.02214	0.04140	0.05720	0.08554	0.09828	0.24089	0.01685	0.00309	0.02940	0.00240	0.00142	0.00117	0.00040	0.00903	0.00114	0.01017	0.00171
8	0.00152	0.00109	0.00144	0.00172	0.00180	0.00101	0.00115	0.00174	0.00240	0.00319	0.00711	0.91650	0.04698	0.00387	0.00159	0.00050	0.00072	0.00350	0.00116	0.00101
9	0.00319	0.02919	0.17682	0.04844	0.15798	0.02658	0.06407	0.13498	0.24768	0.02603	0.03152	0.01817	0.00278	0.00145	0.00129	0.00040	0.01571	0.00123	0.01065	0.00185
10	0.00278	0.01516	0.68496	0.00356	0.00512	0.01504	0.08640	0.09133	0.01526	0.00425	0.00242	0.02043	0.00181	0.00130	0.00135	0.00040	0.04495	0.00105	0.00063	0.00181
11	0.00230	0.00193	0.01924	0.05852	0.06075	0.01329	0.02942	0.03858	0.00886	0.01018	0.02925	0.02755	0.03005	0.11839	0.29061	0.04699	0.13319	0.01642	0.06323	0.00123
12	0.00983	0.00170	0.00245	0.03088	0.07999	0.00174	0.00934	0.00326	0.02854	0.17938	0.03886	0.02235	0.01895	0.07863	0.29614	0.02604	0.00769	0.15410	0.00876	0.00137
13	0.00179	0.00131	0.00160	0.00159	0.00191	0.00122	0.00119	0.00235	0.03862	0.01953	0.42459	0.15205	0.25395	0.01170	0.01975	0.00046	0.00073	0.04571	0.01879	0.00116
14	0.00244	0.01952	0.06399	0.01117	0.02524	0.01199	0.02704	0.04008	0.04411	0.02598	0.19606	0.04091	0.13805	0.01471	0.00131	0.00034	0.00901	0.00154	0.00586	0.32067
15	0.00229	0.00136	0.00149	0.00143	0.00178	0.00135	0.00109	0.03379	0.04487	0.02231	0.20461	0.02287	0.07703	0.00191	0.00111	0.00034	0.00065	0.02227	0.55620	0.00124

[dist]
# distance from previous block
# <min> <max>
2	3

[block]
# block no. 15 follows, 260 sequences, length 13
# corresponding to MSA columns:
# 2525-2532,2540-2544
name=unknown_P
#
# <colnr> <probs for GDERKNQSTAVLIFYWHMCP>
#	G	D	E	R	K	N	Q	S	T	A	V	L	I	F	Y	W	H	M	C	P
0	0.08147	0.04483	0.12776	0.03741	0.08391	0.11892	0.00259	0.27081	0.03814	0.08671	0.01438	0.02147	0.01349	0.01418	0.01198	0.00041	0.01214	0.01672	0.00093	0.00177
1	0.01082	0.09056	0.14714	0.02572	0.10619	0.04278	0.08692	0.11516	0.04771	0.02602	0.03419	0.10232	0.02597	0.00951	0.03037	0.00640	0.06272	0.02706	0.00083	0.00162
2	0.00303	0.00291	0.00496	0.07482	0.88167	0.00295	0.00380	0.00378	0.00281	0.00401	0.00233	0.00310	0.00195	0.00112	0.00123	0.00037	0.00149	0.00111	0.00061	0.00193
3	0.00268	0.00218	0.00256	0.00185	0.00292	0.00165	0.00148	0.00323	0.00266	0.04356	0.03656	0.00290	0.00226	0.00101	0.00096	0.00020	0.00092	0.00081	0.00079	0.88882
4	0.00158	0.00116	0.00158	0.01319	0.00197	0.00108	0.01401	0.00183	0.00244	0.00326	0.03399	0.84352	0.03013	0.01831	0.00164	0.00051	0.00076	0.01378	0.00114	0.01413
5	0.00225	0.00155	0.00191	0.00186	0.00215	0.02754	0.00139	0.00267	0.01844	0.10130	0.15922	0.19291	0.10534	0.10048	0.17221	0.00080	0.04113	0.05149	0.01418	0.00120
6	0.00166	0.00119	0.00150	0.00166	0.00185	0.00110	0.00116	0.00199	0.01865	0.02227	0.09857	0.63474	0.16831	0.02092	0.00164	0.00049	0.00072	0.01933	0.00118	0.00107
