[name]
unknown

[dist]
# distance from previous block
# <min> <max>
1	474

[block]
# block no. 0 follows, 301 sequences, length 16
# corresponding to MSA columns:
# 650-665
name=unknown_A
#
# <colnr> <probs for GDERKNQSTAVLIFYWHMCP>
#	G	D	E	R	K	N	Q	S	T	A	V	L	I	F	Y	W	H	M	C	P
0	0.05424	0.12234	0.20024	0.04050	0.00323	0.01857	0.03784	0.11460	0.05128	0.04753	0.05087	0.09007	0.01522	0.03056	0.01753	0.00531	0.00943	0.00599	0.01714	0.06752
1	0.07744	0.09090	0.09729	0.04916	0.03523	0.04397	0.03660	0.06631	0.06217	0.08877	0.08370	0.05983	0.04424	0.02129	0.01040	0.00035	0.01611	0.01818	0.01707	0.08099
2	0.04798	0.08929	0.09729	0.03770	0.01023	0.03724	0.02133	0.04131	0.06685	0.10407	0.07528	0.12041	0.09335	0.00898	0.00872	0.00536	0.01031	0.05369	0.00086	0.06975
3	0.05651	0.09608	0.08077	0.03544	0.01032	0.01144	0.07138	0.09706	0.22224	0.07075	0.02801	0.06089	0.01556	0.01344	0.04499	0.00042	0.02436	0.01809	0.00084	0.04140
4	0.04168	0.07905	0.12596	0.11198	0.01981	0.01730	0.02814	0.09900	0.05199	0.10813	0.04612	0.05021	0.03379	0.00815	0.00106	0.00032	0.00110	0.01059	0.00079	0.16485
5	0.06197	0.04024	0.13966	0.06425	0.03909	0.08185	0.04594	0.06933	0.09555	0.16255	0.01687	0.05695	0.02627	0.03301	0.01225	0.00038	0.01445	0.01000	0.01121	0.01820
6	0.02912	0.06944	0.18855	0.05896	0.02886	0.07019	0.07470	0.14863	0.12434	0.01901	0.01001	0.06378	0.00908	0.00143	0.01190	0.00035	0.01899	0.01510	0.03026	0.02730
7	0.00863	0.37758	0.02674	0.03474	0.00810	0.02414	0.00958	0.02145	0.01864	0.04801	0.12436	0.18127	0.02877	0.01733	0.00112	0.00032	0.01722	0.00137	0.01188	0.03874
8	0.02323	0.00131	0.00766	0.00160	0.00190	0.00941	0.03740	0.00927	0.00833	0.05074	0.23450	0.24117	0.19423	0.03891	0.07934	0.00052	0.02255	0.01927	0.01762	0.00103
9	0.01987	0.06956	0.17874	0.10425	0.08349	0.01865	0.17987	0.06126	0.02936	0.07193	0.02614	0.01001	0.00888	0.00130	0.00806	0.01128	0.02998	0.03530	0.03478	0.01730
10	0.02683	0.02889	0.07699	0.11238	0.16969	0.00961	0.10285	0.12757	0.04491	0.08541	0.01094	0.13513	0.02929	0.00152	0.00116	0.00036	0.01017	0.01715	0.00079	0.00838
11	0.00151	0.00107	0.00147	0.01941	0.01689	0.00102	0.01247	0.00175	0.00216	0.02620	0.02695	0.72389	0.03505	0.05456	0.00159	0.00047	0.00072	0.07090	0.00098	0.00093
12	0.00837	0.00258	0.14473	0.09478	0.19628	0.01775	0.03572	0.01808	0.17950	0.03040	0.02187	0.05740	0.08948	0.01934	0.01214	0.00039	0.01016	0.04729	0.01231	0.00143
13	0.00642	0.02392	0.10922	0.37251	0.08830	0.05218	0.14493	0.01360	0.02277	0.00318	0.02759	0.04719	0.01219	0.00133	0.01058	0.00037	0.01024	0.02807	0.00613	0.01927
14	0.02278	0.01016	0.00238	0.01111	0.00257	0.00173	0.00955	0.03955	0.01051	0.56335	0.05349	0.04427	0.05228	0.01697	0.00151	0.03740	0.08052	0.01730	0.02104	0.00153
15	0.00193	0.00101	0.00146	0.00146	0.00151	0.00100	0.00099	0.00164	0.01531	0.03218	0.01275	0.06758	0.01714	0.02704	0.01444	0.77933	0.00094	0.02112	0.00058	0.00059

[dist]
# distance from previous block
# <min> <max>
0	7

[block]
# block no. 1 follows, 301 sequences, length 14
# corresponding to MSA columns:
# 673,674,679-690
name=unknown_B
#
# <colnr> <probs for GDERKNQSTAVLIFYWHMCP>
#	G	D	E	R	K	N	Q	S	T	A	V	L	I	F	Y	W	H	M	C	P
0	0.00191	0.00161	0.01325	0.11968	0.01260	0.03150	0.05569	0.03206	0.03570	0.03033	0.19416	0.21315	0.14906	0.02016	0.00137	0.00977	0.00090	0.07508	0.00093	0.00111
1	0.00382	0.03339	0.01260	0.05453	0.02956	0.64149	0.01054	0.03196	0.05090	0.09938	0.00224	0.00244	0.01262	0.00118	0.00103	0.00030	0.00915	0.00082	0.00068	0.00137
2	0.00220	0.00549	0.91066	0.00317	0.00475	0.00254	0.04940	0.00344	0.00231	0.00344	0.00196	0.00233	0.00139	0.00103	0.00104	0.00035	0.00162	0.00083	0.00046	0.00160
3	0.00235	0.00220	0.00996	0.46894	0.34983	0.01213	0.02551	0.01002	0.01270	0.01494	0.00223	0.02218	0.00183	0.00119	0.00798	0.00036	0.00739	0.01623	0.03061	0.00140
4	0.13543	0.00180	0.02612	0.00168	0.00209	0.04774	0.00920	0.03855	0.03158	0.15893	0.06171	0.10158	0.01220	0.21588	0.02384	0.00877	0.02209	0.02254	0.07711	0.00116
5	0.01730	0.00214	0.00253	0.00201	0.00275	0.00215	0.00164	0.29309	0.07701	0.44039	0.04492	0.01902	0.01741	0.00143	0.00108	0.00033	0.00094	0.00114	0.07102	0.00170
6	0.00230	0.01025	0.02638	0.01541	0.01302	0.01041	0.01185	0.01506	0.01096	0.00357	0.01523	0.00237	0.00174	0.00085	0.00084	0.00018	0.00087	0.00069	0.00065	0.85737
7	0.00237	0.16416	0.68994	0.00279	0.00415	0.01420	0.01120	0.01090	0.01604	0.01997	0.01426	0.02022	0.00168	0.00110	0.00102	0.00033	0.01198	0.00084	0.01131	0.00154
8	0.00135	0.00103	0.00124	0.00138	0.00157	0.00092	0.00098	0.00161	0.00232	0.00298	0.08683	0.51384	0.33361	0.00306	0.00135	0.00041	0.00061	0.04297	0.00102	0.00091
9	0.00140	0.00104	0.00146	0.01843	0.00182	0.00099	0.02512	0.00164	0.00211	0.00281	0.00576	0.83767	0.00683	0.02086	0.00146	0.00045	0.00071	0.06756	0.00098	0.00091
10	0.00244	0.03152	0.15421	0.01280	0.03638	0.02424	0.06145	0.01719	0.00752	0.05487	0.00806	0.03006	0.01647	0.00707	0.01843	0.00028	0.00991	0.01254	0.00066	0.49389
11	0.02032	0.00165	0.00880	0.00173	0.00201	0.05908	0.01910	0.05616	0.02315	0.03881	0.01017	0.01239	0.01788	0.23909	0.24046	0.14818	0.03263	0.00119	0.02906	0.03812
12	0.01105	0.06248	0.19200	0.05677	0.18538	0.00906	0.18926	0.02722	0.00242	0.02622	0.00211	0.01057	0.00169	0.01893	0.00118	0.01228	0.00880	0.00094	0.00058	0.18108
13	0.13057	0.06680	0.16541	0.02227	0.02971	0.02505	0.03198	0.12552	0.17358	0.07383	0.01718	0.01615	0.01579	0.01667	0.00114	0.00035	0.02193	0.02361	0.00858	0.03386

[dist]
# distance from previous block
# <min> <max>
0	13

[block]
# block no. 2 follows, 301 sequences, length 6
# corresponding to MSA columns:
# 723-728
name=unknown_C
#
# <colnr> <probs for GDERKNQSTAVLIFYWHMCP>
#	G	D	E	R	K	N	Q	S	T	A	V	L	I	F	Y	W	H	M	C	P
0	0.00179	0.00137	0.03027	0.00164	0.00194	0.00122	0.01514	0.03126	0.04752	0.05506	0.10081	0.51527	0.08902	0.01747	0.01506	0.00042	0.00075	0.01977	0.02106	0.03314
1	0.00168	0.03744	0.02949	0.00172	0.03054	0.00136	0.02185	0.00220	0.03092	0.00366	0.47578	0.09082	0.12615	0.06879	0.00160	0.00041	0.02039	0.05312	0.00101	0.00106
2	0.04411	0.24074	0.24814	0.01816	0.02730	0.05287	0.06283	0.06995	0.08489	0.04009	0.00233	0.01619	0.01268	0.00128	0.01284	0.01549	0.03561	0.00089	0.00064	0.01297
3	0.06422	0.05250	0.06138	0.26711	0.03175	0.04014	0.01887	0.03222	0.03827	0.08223	0.01705	0.05244	0.01565	0.02054	0.00115	0.00035	0.01653	0.02853	0.15778	0.00128
4	0.00177	0.00122	0.00152	0.00153	0.00181	0.00117	0.00116	0.02909	0.03606	0.05239	0.26958	0.22581	0.16987	0.02808	0.03728	0.00046	0.00076	0.11741	0.02198	0.00105
5	0.01760	0.01521	0.02114	0.11275	0.04772	0.03146	0.04128	0.04792	0.04427	0.02371	0.11635	0.20507	0.04581	0.02992	0.03390	0.00045	0.01844	0.12770	0.01813	0.00116

[dist]
# distance from previous block
# <min> <max>
0	3

[block]
# block no. 3 follows, 301 sequences, length 6
# corresponding to MSA columns:
# 732-737
name=unknown_D
#
# <colnr> <probs for GDERKNQSTAVLIFYWHMCP>
#	G	D	E	R	K	N	Q	S	T	A	V	L	I	F	Y	W	H	M	C	P
0	0.06314	0.13875	0.40812	0.03402	0.04825	0.01828	0.04337	0.05782	0.04300	0.06382	0.00229	0.03803	0.00181	0.00118	0.00109	0.00034	0.03364	0.00093	0.00062	0.00152
1	0.01990	0.03838	0.04869	0.15410	0.03724	0.02827	0.34093	0.03179	0.01822	0.04178	0.01481	0.10130	0.02670	0.00154	0.01327	0.00039	0.03187	0.04881	0.00068	0.00134
2	0.00161	0.00131	0.00141	0.00143	0.00173	0.03730	0.00107	0.02297	0.03456	0.00332	0.16200	0.23871	0.38771	0.00265	0.00128	0.00038	0.00067	0.06600	0.03289	0.00100
3	0.01815	0.08737	0.22173	0.10966	0.09662	0.07243	0.12036	0.04598	0.07288	0.05817	0.05152	0.01590	0.00223	0.00119	0.00112	0.00034	0.02120	0.00102	0.00066	0.00149
4	0.02409	0.05628	0.09401	0.06403	0.03191	0.06691	0.13658	0.04624	0.04253	0.07940	0.03942	0.09972	0.00281	0.02839	0.01683	0.00041	0.13870	0.02966	0.00072	0.00135
5	0.00223	0.02645	0.01925	0.04543	0.02009	0.00215	0.43917	0.00296	0.02379	0.01738	0.02861	0.05472	0.02174	0.03303	0.00149	0.00042	0.02046	0.23863	0.00073	0.00127

[dist]
# distance from previous block
# <min> <max>
6	47

[block]
# block no. 4 follows, 301 sequences, length 29
# corresponding to MSA columns:
# 817-832,837,846-857
name=unknown_E
#
# <colnr> <probs for GDERKNQSTAVLIFYWHMCP>
#	G	D	E	R	K	N	Q	S	T	A	V	L	I	F	Y	W	H	M	C	P
0	0.18001	0.11847	0.14732	0.03493	0.00949	0.07405	0.01739	0.05481	0.08528	0.06287	0.00816	0.04790	0.01917	0.01400	0.01913	0.02146	0.00672	0.02424	0.00072	0.05387
1	0.01380	0.26487	0.05681	0.01231	0.05250	0.10604	0.02089	0.10303	0.02320	0.05505	0.00979	0.00290	0.01204	0.06473	0.03314	0.00040	0.10403	0.00698	0.01278	0.04472
2	0.01346	0.00844	0.04723	0.01319	0.01221	0.01297	0.00118	0.00474	0.02393	0.03172	0.05068	0.32796	0.04108	0.31556	0.03183	0.00065	0.00094	0.02272	0.00726	0.03227
3	0.02108	0.00212	0.03097	0.25383	0.18491	0.01472	0.04083	0.02998	0.05852	0.07308	0.06208	0.03272	0.05224	0.03085	0.00126	0.00037	0.00775	0.03449	0.01117	0.05704
4	0.04954	0.00583	0.02613	0.05726	0.01461	0.03886	0.00892	0.04909	0.04332	0.13788	0.16854	0.20933	0.12324	0.00733	0.01222	0.00039	0.00844	0.02579	0.01206	0.00122
5	0.05356	0.02243	0.04491	0.00707	0.00700	0.05029	0.03607	0.27661	0.08474	0.04803	0.08224	0.05339	0.08321	0.03227	0.00130	0.00038	0.00607	0.09866	0.00394	0.00782
6	0.00149	0.00111	0.00139	0.00145	0.00169	0.00101	0.01857	0.00806	0.00967	0.01977	0.11503	0.40553	0.32188	0.01592	0.00138	0.00041	0.00065	0.05196	0.02209	0.00096
7	0.00190	0.00161	0.00225	0.04516	0.06257	0.00544	0.00745	0.00226	0.00644	0.01124	0.15110	0.11240	0.08470	0.02409	0.12726	0.02157	0.26193	0.03146	0.03809	0.00108
8	0.01317	0.00256	0.07209	0.22292	0.10230	0.00713	0.31645	0.03535	0.03437	0.05085	0.01352	0.07495	0.00226	0.01332	0.00130	0.00676	0.02238	0.00625	0.00065	0.00141
9	0.00215	0.00170	0.00660	0.00204	0.00243	0.03259	0.03828	0.01841	0.22432	0.04078	0.03688	0.17897	0.02604	0.00251	0.01797	0.00045	0.00097	0.35296	0.01272	0.00122
10	0.00240	0.23277	0.69540	0.00282	0.00424	0.02376	0.01774	0.00342	0.00230	0.00322	0.00184	0.00217	0.00139	0.00101	0.00096	0.00032	0.00151	0.00076	0.00046	0.00155
11	0.00168	0.00137	0.00154	0.01321	0.01446	0.05488	0.00816	0.01022	0.00747	0.02287	0.12140	0.36089	0.26960	0.00275	0.00625	0.00040	0.00075	0.08232	0.01880	0.00100
12	0.01970	0.29719	0.44182	0.00267	0.01338	0.05453	0.04614	0.03983	0.00965	0.01412	0.00206	0.01429	0.00168	0.00111	0.00095	0.00031	0.00142	0.03211	0.00556	0.00149
13	0.00207	0.00197	0.00337	0.92598	0.00742	0.00243	0.03600	0.00280	0.00219	0.00280	0.00194	0.00290	0.00146	0.00108	0.00109	0.00036	0.00146	0.00098	0.00049	0.00122
14	0.01465	0.00135	0.00149	0.00144	0.00179	0.01606	0.00108	0.01331	0.08926	0.06799	0.16446	0.10382	0.37016	0.05989	0.00617	0.01948	0.00070	0.03763	0.02819	0.00107
15	0.01777	0.00236	0.00381	0.34429	0.39905	0.02411	0.06395	0.04243	0.00729	0.02979	0.00224	0.03362	0.00185	0.00114	0.00113	0.00035	0.01447	0.00829	0.00059	0.00147
16	0.00163	0.00116	0.00155	0.00153	0.00162	0.00129	0.00107	0.00178	0.00165	0.00230	0.00298	0.00533	0.00313	0.41928	0.42841	0.07552	0.04704	0.00132	0.00060	0.00081
17	0.00148	0.00109	0.00138	0.00148	0.00167	0.00102	0.00108	0.01031	0.01770	0.00336	0.28973	0.41249	0.12750	0.02499	0.01319	0.00044	0.00067	0.08841	0.00105	0.00096
18	0.00144	0.00106	0.00133	0.00145	0.00163	0.00098	0.00103	0.01358	0.01104	0.00321	0.18417	0.55009	0.14957	0.00848	0.00136	0.00041	0.00062	0.04793	0.01967	0.00094
19	0.01453	0.00248	0.02223	0.39683	0.14058	0.04757	0.02782	0.19423	0.05240	0.04418	0.01802	0.00298	0.00522	0.00120	0.00530	0.00035	0.00132	0.00100	0.02027	0.00147
20	0.02139	0.02200	0.04637	0.01461	0.04159	0.05688	0.02477	0.55656	0.00862	0.14798	0.01302	0.00296	0.00207	0.00130	0.00111	0.00033	0.01232	0.01879	0.00562	0.00172
21	0.00153	0.00114	0.00167	0.00169	0.00187	0.00130	0.00129	0.00189	0.00179	0.00254	0.00339	0.06846	0.03306	0.04753	0.82374	0.00159	0.00261	0.00135	0.00063	0.00095
22	0.00152	0.00109	0.00145	0.00159	0.00174	0.00106	0.01166	0.00185	0.03726	0.02130	0.05944	0.68969	0.06423	0.00325	0.02482	0.02155	0.01519	0.03937	0.00099	0.00095
23	0.00298	0.00260	0.01577	0.86103	0.03017	0.00288	0.00978	0.00348	0.00280	0.01869	0.00297	0.02321	0.00246	0.00172	0.00148	0.00052	0.00172	0.01325	0.00081	0.00169
24	0.00944	0.00266	0.02524	0.00264	0.01999	0.00259	0.03512	0.11171	0.32333	0.11464	0.04682	0.01786	0.10998	0.00215	0.00149	0.00050	0.00851	0.01527	0.14814	0.00194
25	0.00293	0.00256	0.00388	0.94810	0.00810	0.00293	0.00340	0.00344	0.00277	0.00365	0.00280	0.00407	0.00226	0.00165	0.00147	0.00052	0.00175	0.00126	0.00078	0.00167
26	0.00230	0.00171	0.00205	0.02115	0.00250	0.00153	0.01644	0.00237	0.00990	0.00374	0.00763	0.61247	0.20086	0.01325	0.00178	0.00059	0.00100	0.09605	0.00128	0.00138
27	0.02052	0.04080	0.07851	0.04731	0.03999	0.03425	0.14628	0.09314	0.02178	0.18749	0.04426	0.03504	0.01366	0.06149	0.03948	0.01307	0.04791	0.03000	0.00360	0.00142
28	0.00266	0.00255	0.00436	0.00652	0.92066	0.00254	0.01486	0.00329	0.00247	0.00353	0.00214	0.02558	0.00185	0.00103	0.00109	0.00033	0.00128	0.00102	0.00055	0.00170

[dist]
# distance from previous block
# <min> <max>
0	22

[block]
# block no. 5 follows, 301 sequences, length 10
# corresponding to MSA columns:
# 880-886,888-890
name=unknown_F
#
# <colnr> <probs for GDERKNQSTAVLIFYWHMCP>
#	G	D	E	R	K	N	Q	S	T	A	V	L	I	F	Y	W	H	M	C	P
0	0.00132	0.00108	0.00117	0.00122	0.00152	0.00093	0.00090	0.00161	0.00245	0.00302	0.07812	0.17724	0.69260	0.00284	0.00131	0.00038	0.00057	0.02977	0.00102	0.00092
1	0.01439	0.11938	0.63449	0.03005	0.00479	0.04493	0.06552	0.01694	0.02321	0.01672	0.00256	0.00316	0.00201	0.00140	0.00124	0.00042	0.00171	0.01458	0.00069	0.00181
2	0.01663	0.04380	0.03527	0.15899	0.36521	0.04327	0.07420	0.05442	0.01541	0.07617	0.02418	0.03217	0.00211	0.00118	0.00114	0.00034	0.02522	0.00105	0.02772	0.00152
3	0.00195	0.00167	0.00224	0.03237	0.00237	0.04372	0.06783	0.02706	0.01483	0.00269	0.00298	0.05393	0.00304	0.27657	0.30078	0.00101	0.12531	0.02586	0.01279	0.00099
4	0.02447	0.00173	0.00207	0.00177	0.00231	0.00171	0.00139	0.08023	0.11478	0.23276	0.09240	0.06179	0.03412	0.06926	0.01616	0.00041	0.03121	0.04564	0.07710	0.10872
5	0.02167	0.01689	0.03778	0.04177	0.03945	0.04239	0.04883	0.05768	0.02907	0.07161	0.02137	0.16290	0.05579	0.09490	0.07110	0.00981	0.04455	0.04895	0.00774	0.07575
6	0.02930	0.02878	0.02465	0.02415	0.01491	0.04406	0.01080	0.02407	0.04960	0.01615	0.00236	0.02164	0.00224	0.10433	0.22491	0.03164	0.33597	0.00109	0.00060	0.00876
7	0.00154	0.00117	0.00140	0.00141	0.00168	0.00113	0.00105	0.01287	0.02553	0.01861	0.09320	0.15889	0.41639	0.04030	0.16643	0.00064	0.01276	0.02842	0.01561	0.00097
8	0.01698	0.01135	0.00175	0.01854	0.01036	0.03141	0.01840	0.04561	0.05037	0.03188	0.07902	0.52439	0.05175	0.03867	0.01865	0.00818	0.00824	0.01917	0.01423	0.00105
9	0.04596	0.07459	0.17305	0.05202	0.11408	0.05356	0.05553	0.15490	0.05158	0.05473	0.01584	0.04061	0.00218	0.01813	0.01176	0.00037	0.03882	0.01794	0.00072	0.02365

[dist]
# distance from previous block
# <min> <max>
0	87

[block]
# block no. 6 follows, 301 sequences, length 11
# corresponding to MSA columns:
# 980,985-989,1032-1036
name=unknown_G
#
# <colnr> <probs for GDERKNQSTAVLIFYWHMCP>
#	G	D	E	R	K	N	Q	S	T	A	V	L	I	F	Y	W	H	M	C	P
0	0.01801	0.09197	0.16785	0.03023	0.02989	0.03433	0.05939	0.05568	0.02977	0.10893	0.06956	0.12971	0.04371	0.01195	0.04664	0.00042	0.02577	0.02309	0.00880	0.01430
1	0.00237	0.01885	0.06199	0.17139	0.07692	0.01489	0.08720	0.04934	0.01732	0.05052	0.02833	0.07675	0.03273	0.01905	0.01822	0.04967	0.04054	0.02510	0.00069	0.15813
2	0.03747	0.05224	0.07724	0.05243	0.04829	0.05707	0.03802	0.26474	0.05740	0.14727	0.01764	0.02908	0.00235	0.00133	0.00109	0.00033	0.01368	0.03437	0.01988	0.04808
3	0.00204	0.00858	0.00260	0.32781	0.12646	0.03095	0.01200	0.01987	0.01158	0.01166	0.01364	0.17639	0.08917	0.02582	0.04238	0.00044	0.02620	0.00754	0.05510	0.00977
4	0.02673	0.00103	0.00131	0.00153	0.00164	0.00099	0.00106	0.00172	0.01986	0.00293	0.00581	0.79183	0.02513	0.01824	0.00141	0.00044	0.00067	0.06623	0.03053	0.00092
5	0.02914	0.00286	0.00303	0.00239	0.00319	0.02329	0.00196	0.73210	0.10168	0.03963	0.00287	0.00300	0.00211	0.01434	0.01829	0.00037	0.00118	0.01575	0.00106	0.00176
6	0.04386	0.06693	0.11028	0.02790	0.05613	0.02422	0.08779	0.06417	0.05353	0.07058	0.01441	0.02296	0.00204	0.00111	0.00100	0.00028	0.01011	0.01646	0.00071	0.32556
7	0.03694	0.03906	0.26631	0.02166	0.03821	0.05241	0.06914	0.06836	0.04920	0.11403	0.06081	0.05076	0.01876	0.00149	0.01645	0.00036	0.02670	0.02073	0.00076	0.04786
8	0.00222	0.05245	0.90965	0.00304	0.00461	0.00261	0.00391	0.00343	0.00229	0.00340	0.00193	0.00227	0.00138	0.00103	0.00102	0.00034	0.00158	0.00079	0.00046	0.00160
9	0.00193	0.00875	0.02015	0.07223	0.07194	0.00162	0.11782	0.02615	0.02250	0.02482	0.04360	0.19477	0.10501	0.17684	0.05880	0.02434	0.01173	0.01513	0.00078	0.00109
10	0.04547	0.01882	0.14066	0.07202	0.10526	0.04989	0.09500	0.03402	0.07747	0.21259	0.04663	0.01563	0.04028	0.00879	0.00115	0.00035	0.00776	0.01663	0.00083	0.01076

[dist]
# distance from previous block
# <min> <max>
2	4

[block]
# block no. 7 follows, 301 sequences, length 14
# corresponding to MSA columns:
# 1042,1053-1055,1062-1070,1101
name=unknown_H
#
# <colnr> <probs for GDERKNQSTAVLIFYWHMCP>
#	G	D	E	R	K	N	Q	S	T	A	V	L	I	F	Y	W	H	M	C	P
0	0.02056	0.03118	0.15187	0.14612	0.27198	0.02595	0.11703	0.01960	0.09422	0.03252	0.02096	0.01863	0.01235	0.00128	0.01704	0.00037	0.01514	0.00106	0.00063	0.00152
1	0.05471	0.05729	0.22073	0.25593	0.05541	0.08837	0.07206	0.07941	0.03822	0.05043	0.00215	0.00259	0.00160	0.00110	0.00107	0.00034	0.01562	0.00090	0.00062	0.00146
2	0.00175	0.00141	0.01340	0.01386	0.00205	0.00162	0.01054	0.00962	0.00186	0.00270	0.01757	0.05962	0.01879	0.14870	0.45930	0.00114	0.15258	0.01791	0.06462	0.00098
3	0.01445	0.02012	0.01114	0.02738	0.02755	0.01803	0.20091	0.03562	0.06637	0.14385	0.08085	0.07166	0.04401	0.06377	0.02224	0.02251	0.03115	0.06692	0.03017	0.00131
4	0.02509	0.12667	0.11928	0.04775	0.08798	0.04232	0.06647	0.06234	0.10092	0.21249	0.02511	0.01990	0.01772	0.00136	0.00978	0.00035	0.00984	0.02226	0.00083	0.00156
5	0.01649	0.04431	0.00213	0.00983	0.02066	0.16547	0.00146	0.07048	0.02673	0.04100	0.00487	0.41994	0.10032	0.00247	0.01424	0.00040	0.02646	0.03071	0.00089	0.00114
6	0.00186	0.00158	0.02005	0.02875	0.03364	0.00932	0.03837	0.01427	0.17058	0.00348	0.13940	0.24044	0.10703	0.03133	0.01063	0.01740	0.00086	0.11489	0.01498	0.00115
7	0.07482	0.13129	0.33819	0.03493	0.10686	0.01156	0.04859	0.04603	0.02672	0.05716	0.03067	0.00961	0.01473	0.00124	0.00807	0.00035	0.04663	0.01043	0.00063	0.00150
8	0.03464	0.07399	0.09301	0.06824	0.13246	0.08292	0.08680	0.13154	0.14666	0.06174	0.02006	0.01432	0.00886	0.00130	0.00901	0.00035	0.02017	0.01160	0.00076	0.00154
9	0.00218	0.00205	0.01721	0.00242	0.00257	0.02059	0.03106	0.02120	0.00190	0.01100	0.01184	0.08317	0.00245	0.05451	0.15466	0.00068	0.53265	0.00898	0.03775	0.00113
10	0.00160	0.00121	0.01307	0.00160	0.00175	0.00813	0.01441	0.00797	0.01023	0.01281	0.02423	0.38515	0.02174	0.22930	0.17453	0.00081	0.01977	0.05145	0.01932	0.00091
11	0.02361	0.06653	0.11862	0.07859	0.21507	0.09745	0.07043	0.04692	0.05842	0.03511	0.00997	0.04744	0.03255	0.01304	0.02175	0.00038	0.05218	0.00982	0.00066	0.00145
12	0.01498	0.07408	0.10601	0.03467	0.06263	0.11493	0.11370	0.17240	0.08151	0.11479	0.03876	0.00852	0.00880	0.01901	0.00852	0.00036	0.01565	0.00835	0.00080	0.00154
13	0.01648	0.01477	0.01399	0.00215	0.01842	0.01170	0.00171	0.42884	0.11139	0.08237	0.13567	0.10203	0.02246	0.00169	0.00113	0.00034	0.00096	0.00713	0.02521	0.00155

[dist]
# distance from previous block
# <min> <max>
0	2

[block]
# block no. 8 follows, 301 sequences, length 10
# corresponding to MSA columns:
# 1104-1111,1114,1115
name=unknown_I
#
# <colnr> <probs for GDERKNQSTAVLIFYWHMCP>
#	G	D	E	R	K	N	Q	S	T	A	V	L	I	F	Y	W	H	M	C	P
0	0.07125	0.01274	0.00170	0.00149	0.00185	0.00141	0.00110	0.04456	0.02793	0.16798	0.28176	0.04052	0.05527	0.24332	0.01534	0.00054	0.00083	0.00156	0.02770	0.00113
1	0.02481	0.00116	0.00147	0.01620	0.00185	0.00115	0.00116	0.02873	0.04320	0.02120	0.06493	0.64523	0.05659	0.00307	0.01576	0.01207	0.00073	0.05872	0.00100	0.00099
2	0.06676	0.08392	0.04189	0.11309	0.13711	0.09582	0.09809	0.18086	0.01020	0.05244	0.01681	0.03257	0.01136	0.00126	0.00115	0.00034	0.04016	0.01398	0.00072	0.00148
3	0.03568	0.06652	0.02255	0.06478	0.11588	0.04544	0.10735	0.06988	0.03426	0.08405	0.00237	0.02364	0.00202	0.03228	0.01653	0.00042	0.24926	0.02502	0.00067	0.00140
4	0.00155	0.00106	0.00140	0.00158	0.00172	0.00101	0.00115	0.00181	0.00219	0.02708	0.02650	0.54045	0.04623	0.11588	0.00189	0.00052	0.00077	0.22533	0.00098	0.00091
5	0.00233	0.01935	0.00233	0.00170	0.00259	0.05176	0.00135	0.00288	0.03340	0.00347	0.00213	0.02926	0.00183	0.00109	0.02279	0.00022	0.00092	0.00075	0.00066	0.81921
6	0.05265	0.09916	0.19103	0.04234	0.03079	0.03733	0.03779	0.05495	0.03637	0.12489	0.00972	0.01814	0.02199	0.01220	0.02129	0.00034	0.01888	0.00092	0.00072	0.18852
7	0.05780	0.03671	0.05622	0.03834	0.04699	0.23163	0.06842	0.11895	0.04857	0.04567	0.02003	0.01285	0.03641	0.02520	0.00126	0.02290	0.01759	0.01851	0.00073	0.09522
8	0.02335	0.03273	0.00188	0.01029	0.00204	0.00137	0.04697	0.01373	0.02341	0.02973	0.03817	0.39096	0.06966	0.07920	0.12966	0.00064	0.01095	0.08170	0.01254	0.00101
9	0.03453	0.03928	0.01314	0.13010	0.06810	0.04910	0.45003	0.03387	0.00255	0.02740	0.02491	0.03826	0.01636	0.00124	0.00125	0.00036	0.02958	0.03793	0.00063	0.00138

[dist]
# distance from previous block
# <min> <max>
8	31

[block]
# block no. 9 follows, 301 sequences, length 10
# corresponding to MSA columns:
# 1198-1207
name=unknown_J
#
# <colnr> <probs for GDERKNQSTAVLIFYWHMCP>
#	G	D	E	R	K	N	Q	S	T	A	V	L	I	F	Y	W	H	M	C	P
0	0.00310	0.37977	0.03623	0.02963	0.02527	0.23267	0.06063	0.04397	0.00983	0.03341	0.01420	0.00933	0.00174	0.01108	0.00752	0.00030	0.04514	0.00080	0.03114	0.02426
1	0.00999	0.01734	0.03689	0.01701	0.09561	0.02682	0.02859	0.00231	0.03489	0.02856	0.04703	0.46797	0.04763	0.01604	0.00777	0.02322	0.02316	0.06023	0.00088	0.00807
2	0.01485	0.48156	0.07546	0.03129	0.03675	0.12089	0.03980	0.05528	0.02696	0.02368	0.00200	0.01186	0.00174	0.02264	0.01760	0.00033	0.01886	0.01649	0.00058	0.00140
3	0.03304	0.05535	0.07024	0.09714	0.11374	0.02234	0.05413	0.19371	0.16417	0.09172	0.02351	0.01858	0.01299	0.00132	0.00111	0.00034	0.01138	0.02568	0.00793	0.00157
4	0.02839	0.00159	0.00201	0.00174	0.00215	0.00160	0.01236	0.04055	0.01415	0.13928	0.05832	0.01316	0.00329	0.24123	0.14643	0.00072	0.07816	0.04372	0.01468	0.15649
5	0.00160	0.00113	0.00145	0.00137	0.00164	0.00103	0.00102	0.00208	0.00300	0.03009	0.82025	0.03875	0.08794	0.00228	0.00128	0.00035	0.00053	0.00201	0.00118	0.00103
6	0.00157	0.00108	0.00124	0.00124	0.00131	0.00107	0.00076	0.00169	0.02191	0.00240	0.05494	0.05819	0.09559	0.70778	0.02583	0.01919	0.00099	0.00172	0.00074	0.00074
7	0.02551	0.00114	0.00134	0.00132	0.00160	0.00107	0.00098	0.00230	0.00249	0.08696	0.22442	0.18134	0.14765	0.04576	0.00133	0.00038	0.00062	0.02094	0.25180	0.00104
8	0.00219	0.00214	0.02491	0.47397	0.21975	0.01040	0.02607	0.00284	0.01054	0.00302	0.02726	0.03707	0.01282	0.01170	0.03064	0.00042	0.08272	0.01968	0.00056	0.00131
9	0.04390	0.00151	0.00182	0.00157	0.00206	0.00144	0.00123	0.06684	0.03351	0.22786	0.34618	0.02584	0.07701	0.01760	0.00120	0.00034	0.00071	0.01318	0.09873	0.03748

[dist]
# distance from previous block
# <min> <max>
11	67

[block]
# block no. 10 follows, 301 sequences, length 17
# corresponding to MSA columns:
# 1278-1280,1282,1283,1285,1286,1296-1300,1305-1309
name=unknown_K
#
# <colnr> <probs for GDERKNQSTAVLIFYWHMCP>
#	G	D	E	R	K	N	Q	S	T	A	V	L	I	F	Y	W	H	M	C	P
0	0.02142	0.02041	0.11378	0.02903	0.03179	0.01458	0.05759	0.07707	0.16698	0.06082	0.08722	0.06958	0.09782	0.00838	0.01049	0.00036	0.02376	0.02448	0.00088	0.08356
1	0.01297	0.00787	0.05021	0.00879	0.01231	0.00129	0.01469	0.00969	0.03429	0.07389	0.31139	0.18245	0.16139	0.05694	0.00154	0.00959	0.00904	0.02029	0.00899	0.01237
2	0.02805	0.30865	0.17279	0.06860	0.02705	0.10637	0.02581	0.06872	0.09098	0.01590	0.00907	0.01227	0.01582	0.01006	0.00707	0.00716	0.00818	0.00661	0.00062	0.01021
3	0.01362	0.00114	0.00149	0.00165	0.00182	0.00113	0.00125	0.00193	0.02055	0.01195	0.04587	0.45429	0.06534	0.04200	0.02825	0.01179	0.02449	0.25795	0.01253	0.00095
4	0.02870	0.03427	0.26939	0.12240	0.14917	0.05521	0.05008	0.05231	0.04354	0.03906	0.05344	0.03759	0.01519	0.00132	0.00602	0.00035	0.01764	0.01309	0.00066	0.01058
5	0.01034	0.01459	0.12317	0.16243	0.31692	0.00226	0.03638	0.01563	0.01691	0.11597	0.01421	0.00739	0.01534	0.00113	0.00108	0.00032	0.00921	0.01912	0.00067	0.11694
6	0.66636	0.16505	0.01948	0.01146	0.00249	0.08439	0.01148	0.01471	0.00207	0.00424	0.00156	0.00183	0.00125	0.00102	0.00075	0.00032	0.00907	0.00062	0.00062	0.00124
7	0.05073	0.35940	0.12452	0.00231	0.00324	0.03335	0.04050	0.27249	0.01863	0.02473	0.01932	0.01627	0.01202	0.00123	0.00979	0.00031	0.00806	0.00086	0.00072	0.00153
8	0.00179	0.00159	0.00248	0.03003	0.00266	0.00773	0.18861	0.00859	0.03315	0.00952	0.21818	0.13532	0.26891	0.00851	0.01047	0.00039	0.02760	0.02611	0.01728	0.00110
9	0.01256	0.00173	0.00227	0.01112	0.00227	0.00703	0.00163	0.06282	0.01581	0.01872	0.05229	0.03436	0.06304	0.09079	0.18683	0.05755	0.33014	0.02494	0.02302	0.00107
10	0.00158	0.00111	0.00138	0.02134	0.00175	0.00103	0.00106	0.00192	0.01484	0.04059	0.16239	0.36957	0.23399	0.05526	0.00154	0.00043	0.00066	0.05670	0.03189	0.00097
11	0.02974	0.02498	0.00171	0.01301	0.00197	0.00127	0.02761	0.00222	0.04031	0.04338	0.16758	0.29013	0.19106	0.01737	0.00135	0.00041	0.00073	0.12565	0.01848	0.00104
12	0.01723	0.00211	0.00323	0.55644	0.09078	0.01261	0.04086	0.05286	0.01981	0.00330	0.00209	0.01089	0.00163	0.00107	0.00106	0.00032	0.00930	0.00094	0.02029	0.15318
13	0.00165	0.02047	0.00179	0.00170	0.00187	0.00140	0.00130	0.00189	0.00170	0.00242	0.00273	0.00421	0.00262	0.06386	0.72710	0.13154	0.02914	0.00114	0.00057	0.00090
14	0.02194	0.03381	0.06990	0.20230	0.22652	0.03220	0.04008	0.18645	0.01703	0.08369	0.00259	0.01154	0.02533	0.00129	0.01323	0.00633	0.01111	0.00101	0.01211	0.00154
15	0.04206	0.06558	0.03277	0.00978	0.02098	0.02353	0.00617	0.16560	0.14271	0.10189	0.10231	0.06123	0.01567	0.01973	0.03877	0.00039	0.01412	0.02044	0.00092	0.11535
16	0.00170	0.00116	0.00136	0.00130	0.00165	0.00102	0.00099	0.00207	0.00271	0.07967	0.34706	0.03186	0.45464	0.01965	0.00134	0.00037	0.00059	0.03018	0.01963	0.00103

[dist]
# distance from previous block
# <min> <max>
0	20

[block]
# block no. 11 follows, 301 sequences, length 7
# corresponding to MSA columns:
# 1330-1333,1336,1337,1343
name=unknown_L
#
# <colnr> <probs for GDERKNQSTAVLIFYWHMCP>
#	G	D	E	R	K	N	Q	S	T	A	V	L	I	F	Y	W	H	M	C	P
0	0.01777	0.01599	0.08603	0.28145	0.18859	0.00231	0.10386	0.03253	0.01594	0.16853	0.01475	0.01697	0.01342	0.00130	0.01314	0.00037	0.00133	0.02352	0.00071	0.00149
1	0.05977	0.14536	0.10933	0.05462	0.07019	0.06074	0.05478	0.10203	0.03775	0.02666	0.01461	0.01596	0.00185	0.01253	0.01283	0.00032	0.04431	0.00088	0.00066	0.17483
2	0.01367	0.00149	0.03136	0.02860	0.02009	0.01989	0.01322	0.02548	0.00220	0.05989	0.02810	0.52512	0.00514	0.04171	0.06297	0.02946	0.05569	0.01273	0.01161	0.01156
3	0.00150	0.00108	0.00138	0.00141	0.00160	0.00101	0.00101	0.00189	0.02852	0.00354	0.46864	0.30517	0.09042	0.03374	0.00161	0.05260	0.00060	0.00226	0.00106	0.00095
4	0.03822	0.02969	0.20788	0.04707	0.09410	0.03118	0.06117	0.04032	0.03900	0.11366	0.03142	0.12685	0.02556	0.04895	0.01329	0.01118	0.01360	0.02472	0.00077	0.00139
5	0.02774	0.09296	0.07739	0.11728	0.10163	0.09729	0.08282	0.19890	0.04802	0.05499	0.00270	0.04523	0.01537	0.00131	0.00107	0.00034	0.00131	0.03139	0.00075	0.00150
6	0.67540	0.05416	0.03530	0.03420	0.03293	0.03744	0.01746	0.04352	0.01830	0.02420	0.00173	0.00200	0.00134	0.00105	0.00082	0.00033	0.01719	0.00068	0.00067	0.00128

[dist]
# distance from previous block
# <min> <max>
3	455

# created by:
# /home/berkeley/.conda/envs/busco_data_prod/bin/msa2prfl.pl pipeline/OGs_align_augustus/2759/338231.fs
