[name]
unknown

[dist]
# distance from previous block
# <min> <max>
0	337

[block]
# block no. 0 follows, 230 sequences, length 41
# corresponding to MSA columns:
# 1042-1058,1065-1071,1075-1080,1092,1113,1116-1124
name=unknown_A
#
# <colnr> <probs for GDERKNQSTAVLIFYWHMCP>
#	G	D	E	R	K	N	Q	S	T	A	V	L	I	F	Y	W	H	M	C	P
0	0.01342	0.00347	0.00706	0.07930	0.13369	0.00337	0.65562	0.00991	0.02652	0.00448	0.00970	0.01661	0.00249	0.00135	0.00159	0.00047	0.00211	0.02621	0.00075	0.00188
1	0.00206	0.00145	0.00177	0.00175	0.00180	0.00154	0.00111	0.00218	0.00212	0.00291	0.02896	0.00825	0.00487	0.71225	0.18411	0.00147	0.03770	0.00191	0.00084	0.00096
2	0.00462	0.03640	0.05753	0.00284	0.02284	0.01406	0.05308	0.07233	0.03845	0.45246	0.11452	0.01348	0.01327	0.00927	0.00151	0.00044	0.01392	0.03413	0.00647	0.03838
3	0.00324	0.00258	0.01427	0.01230	0.00351	0.00206	0.01893	0.03521	0.03983	0.08113	0.00304	0.03098	0.00248	0.00125	0.00113	0.00026	0.00110	0.00103	0.00095	0.74471
4	0.00211	0.00144	0.00175	0.00172	0.00179	0.00144	0.00872	0.00214	0.00213	0.00288	0.00436	0.07673	0.00496	0.70037	0.02347	0.08310	0.02425	0.01853	0.00086	0.03724
5	0.02605	0.01150	0.00835	0.00344	0.02938	0.04575	0.12144	0.43171	0.08050	0.12958	0.01125	0.02489	0.01094	0.00177	0.00887	0.00045	0.01215	0.00792	0.02386	0.01020
6	0.02301	0.00378	0.00404	0.00313	0.00421	0.00418	0.00258	0.84003	0.05830	0.02545	0.00351	0.00348	0.00250	0.00168	0.00138	0.00042	0.00149	0.00127	0.01325	0.00233
7	0.01627	0.08088	0.02472	0.02078	0.00355	0.01627	0.02542	0.16258	0.04495	0.34102	0.01661	0.11074	0.01442	0.06416	0.00181	0.00050	0.01257	0.00999	0.03082	0.00194
8	0.00191	0.00142	0.00175	0.00176	0.00209	0.00128	0.00128	0.00240	0.01122	0.01568	0.38808	0.29518	0.21707	0.01622	0.00174	0.00049	0.00075	0.00707	0.00138	0.03125
9	0.00356	0.49133	0.22861	0.00323	0.02192	0.04739	0.04866	0.04441	0.00948	0.00392	0.00222	0.00265	0.00186	0.00135	0.00136	0.00037	0.07190	0.00094	0.00065	0.01418
10	0.02130	0.00297	0.13239	0.00251	0.00358	0.00220	0.00227	0.05708	0.02427	0.31667	0.08814	0.09818	0.00973	0.00188	0.00138	0.00040	0.00713	0.00156	0.00125	0.22511
11	0.39712	0.03010	0.00307	0.00239	0.00339	0.00331	0.00197	0.25309	0.08840	0.09187	0.00304	0.00312	0.00224	0.00146	0.00113	0.00040	0.00122	0.00103	0.00112	0.11054
12	0.00202	0.00135	0.00152	0.00153	0.00154	0.00135	0.00086	0.00203	0.00205	0.00273	0.00448	0.03358	0.00518	0.92635	0.00697	0.00133	0.00134	0.00208	0.00086	0.00085
13	0.00235	0.00124	0.00185	0.00186	0.00189	0.00127	0.00127	0.00190	0.00190	0.00256	0.00279	0.04032	0.00284	0.02083	0.10398	0.80699	0.00146	0.00136	0.00065	0.00070
14	0.00330	0.00305	0.00437	0.04180	0.00883	0.01149	0.10167	0.08298	0.07022	0.02624	0.00265	0.00953	0.00232	0.02699	0.03255	0.00871	0.52949	0.00133	0.00079	0.03167
15	0.01613	0.00675	0.19860	0.18645	0.13333	0.01444	0.08647	0.12703	0.06885	0.09012	0.02064	0.02891	0.00785	0.00157	0.00141	0.00045	0.00170	0.00639	0.00094	0.00199
16	0.00173	0.00124	0.00161	0.00189	0.00200	0.00116	0.00127	0.00197	0.00269	0.00356	0.01626	0.81636	0.06904	0.05688	0.00207	0.00060	0.00084	0.01644	0.00127	0.00112
17	0.00463	0.00318	0.00346	0.00285	0.00378	0.02851	0.00228	0.29454	0.39123	0.20666	0.02226	0.00460	0.00361	0.01166	0.00146	0.00045	0.00128	0.00144	0.00987	0.00224
18	0.00405	0.03559	0.07090	0.07852	0.08162	0.04469	0.24109	0.29120	0.04774	0.05185	0.00325	0.00369	0.01233	0.00162	0.01683	0.00047	0.01017	0.00135	0.00099	0.00205
19	0.00267	0.00253	0.01325	0.08040	0.22656	0.07265	0.01977	0.01286	0.00295	0.00390	0.02805	0.36482	0.03955	0.01835	0.01404	0.00053	0.07781	0.01680	0.00097	0.00153
20	0.00345	0.00332	0.00566	0.00857	0.94225	0.00332	0.00428	0.00428	0.00318	0.00456	0.00263	0.00345	0.00221	0.00124	0.00138	0.00041	0.00166	0.00124	0.00069	0.00221
21	0.00170	0.00128	0.00158	0.00180	0.00200	0.00116	0.00124	0.00199	0.00285	0.00367	0.03047	0.65953	0.26507	0.00410	0.00174	0.00054	0.00078	0.01604	0.00130	0.00115
22	0.00420	0.42349	0.08720	0.00314	0.01536	0.37677	0.00279	0.00481	0.02804	0.00352	0.00218	0.00253	0.00186	0.00137	0.00124	0.00035	0.03785	0.00088	0.00067	0.00175
23	0.00282	0.11110	0.17707	0.01614	0.10601	0.02049	0.00281	0.01422	0.06712	0.00961	0.22303	0.04124	0.06577	0.00225	0.01718	0.00048	0.11831	0.00168	0.00097	0.00170
24	0.00224	0.18043	0.00297	0.00212	0.00249	0.00222	0.01436	0.00259	0.00252	0.00333	0.00507	0.32050	0.03318	0.09572	0.31342	0.01040	0.00198	0.00227	0.00093	0.00127
25	0.16103	0.00299	0.00478	0.27973	0.41102	0.00325	0.07630	0.00407	0.00293	0.01614	0.00250	0.00337	0.00199	0.00132	0.00139	0.00044	0.02297	0.00120	0.00071	0.00186
26	0.00172	0.00125	0.00162	0.00192	0.00203	0.00116	0.00129	0.00201	0.01311	0.00360	0.00808	0.88028	0.06819	0.00429	0.00177	0.00056	0.00081	0.00388	0.00130	0.00115
27	0.01320	0.62494	0.01779	0.00283	0.02673	0.08161	0.00254	0.20740	0.00374	0.00457	0.00229	0.00254	0.00193	0.00132	0.00105	0.00034	0.00159	0.00089	0.00079	0.00191
28	0.00333	0.46583	0.36947	0.00323	0.01472	0.00430	0.04390	0.02960	0.00301	0.01120	0.00249	0.03859	0.00211	0.00138	0.00115	0.00038	0.00173	0.00104	0.00066	0.00190
29	0.00770	0.08518	0.07676	0.05291	0.03241	0.01805	0.06659	0.41113	0.10700	0.08996	0.01332	0.00365	0.00262	0.00160	0.00144	0.00043	0.02466	0.00127	0.00116	0.00215
30	0.00373	0.00283	0.05272	0.01412	0.01172	0.00964	0.01815	0.07124	0.03492	0.19390	0.03031	0.01437	0.00876	0.01665	0.00136	0.00034	0.01367	0.00115	0.00108	0.49937
31	0.00249	0.00224	0.00353	0.19916	0.24711	0.00233	0.03818	0.00315	0.00311	0.00419	0.14703	0.13392	0.15456	0.01457	0.00170	0.00048	0.02860	0.01109	0.00099	0.00157
32	0.00600	0.11567	0.07400	0.07168	0.09496	0.04628	0.04359	0.06887	0.02496	0.02349	0.03960	0.00355	0.00701	0.00149	0.01774	0.00037	0.00147	0.00111	0.03493	0.32321
33	0.00187	0.00141	0.00160	0.00160	0.00198	0.00123	0.00117	0.00226	0.00326	0.02895	0.22040	0.15190	0.53435	0.03939	0.00187	0.00051	0.00075	0.00293	0.00134	0.00122
34	0.00293	0.00266	0.02321	0.08276	0.13734	0.04889	0.02556	0.07221	0.15621	0.00450	0.04287	0.18831	0.06376	0.02524	0.02775	0.04947	0.02922	0.01442	0.00105	0.00164
35	0.75884	0.00261	0.00227	0.00195	0.00285	0.00289	0.00161	0.00461	0.00270	0.18748	0.00268	0.00280	0.00192	0.00139	0.00097	0.00043	0.00109	0.00089	0.01836	0.00167
36	0.00273	0.00212	0.00271	0.02009	0.02770	0.01236	0.02894	0.15923	0.03059	0.00423	0.00435	0.10425	0.01947	0.25502	0.27380	0.00667	0.03393	0.00944	0.00096	0.00140
37	0.00201	0.00147	0.00211	0.00211	0.00232	0.00167	0.00159	0.00243	0.00223	0.00319	0.00391	0.01858	0.00381	0.15617	0.77214	0.00205	0.00328	0.00161	0.01615	0.00118
38	0.04465	0.02322	0.11065	0.01008	0.01179	0.01207	0.01370	0.15145	0.10877	0.18333	0.02192	0.01739	0.00334	0.04391	0.17141	0.00079	0.00950	0.00140	0.05874	0.00187
39	0.01132	0.00379	0.01564	0.02385	0.01492	0.32303	0.01032	0.01546	0.08018	0.04245	0.04584	0.06042	0.05797	0.00225	0.04872	0.00047	0.00170	0.01984	0.00096	0.22087
40	0.46032	0.01619	0.00742	0.07476	0.01894	0.05564	0.03412	0.08975	0.01069	0.01304	0.00935	0.01897	0.01020	0.00148	0.00113	0.00041	0.01518	0.00106	0.12340	0.03794

[dist]
# distance from previous block
# <min> <max>
16	62

[block]
# block no. 1 follows, 230 sequences, length 23
# corresponding to MSA columns:
# 1288-1308,1311,1312
name=unknown_B
#
# <colnr> <probs for GDERKNQSTAVLIFYWHMCP>
#	G	D	E	R	K	N	Q	S	T	A	V	L	I	F	Y	W	H	M	C	P
0	0.01307	0.01750	0.03596	0.13202	0.05947	0.00263	0.05884	0.07942	0.05124	0.23198	0.02410	0.01787	0.02487	0.00165	0.00843	0.00041	0.00775	0.01322	0.01061	0.20898
1	0.13143	0.01450	0.02904	0.26689	0.00527	0.19348	0.03082	0.01800	0.01316	0.01840	0.00279	0.04001	0.00248	0.04963	0.05019	0.00060	0.11641	0.01461	0.00076	0.00154
2	0.03316	0.02241	0.02310	0.09194	0.03148	0.02611	0.06758	0.12926	0.03591	0.05106	0.02141	0.02228	0.01899	0.02165	0.09131	0.00738	0.05457	0.00141	0.24017	0.00882
3	0.02533	0.00146	0.00166	0.00163	0.00189	0.00150	0.00117	0.00718	0.00828	0.02055	0.06228	0.07174	0.06520	0.20922	0.06617	0.01359	0.02882	0.01180	0.39931	0.00121
4	0.02614	0.00980	0.00339	0.15579	0.09503	0.00248	0.01575	0.05988	0.06628	0.02944	0.04540	0.07533	0.01274	0.00868	0.00846	0.00589	0.01317	0.00139	0.00757	0.35738
5	0.03679	0.00227	0.00284	0.00234	0.00315	0.00215	0.00189	0.11710	0.02899	0.46698	0.16523	0.04653	0.03707	0.00223	0.00156	0.02343	0.00110	0.03691	0.01947	0.00196
6	0.00978	0.00323	0.16905	0.02186	0.07221	0.02460	0.01126	0.04090	0.03888	0.01920	0.06719	0.03738	0.05550	0.08567	0.04538	0.00476	0.04069	0.03194	0.01090	0.20962
7	0.96081	0.00270	0.00205	0.00184	0.00270	0.00313	0.00151	0.00410	0.00238	0.00626	0.00194	0.00227	0.00151	0.00130	0.00086	0.00043	0.00108	0.00076	0.00086	0.00151
8	0.00305	0.01137	0.02824	0.00918	0.00944	0.01205	0.04358	0.08322	0.39131	0.01524	0.05679	0.05934	0.13815	0.02140	0.00916	0.01537	0.01000	0.06731	0.01400	0.00179
9	0.00179	0.00132	0.00169	0.00187	0.00208	0.00120	0.01369	0.00209	0.00285	0.01453	0.04344	0.64751	0.22184	0.02354	0.00185	0.00055	0.00082	0.01485	0.00129	0.00117
10	0.00246	0.00210	0.00322	0.04254	0.24817	0.00227	0.00857	0.00306	0.01438	0.00378	0.02515	0.05898	0.08347	0.05321	0.35354	0.00117	0.05764	0.01850	0.01626	0.00151
11	0.00485	0.00610	0.00371	0.00340	0.00407	0.84751	0.00254	0.00522	0.00388	0.00349	0.02800	0.03290	0.04516	0.00166	0.00130	0.00037	0.00233	0.00113	0.00079	0.00157
12	0.00299	0.00238	0.00281	0.02017	0.06400	0.00260	0.00200	0.01442	0.45946	0.03506	0.09975	0.05323	0.00541	0.15159	0.03507	0.00067	0.00123	0.03497	0.01044	0.00177
13	0.00521	0.00665	0.00396	0.00360	0.00431	0.94535	0.00270	0.00557	0.00396	0.00342	0.00216	0.00252	0.00180	0.00144	0.00126	0.00036	0.00252	0.00090	0.00072	0.00162
14	0.00347	0.00298	0.00314	0.00282	0.00361	0.00344	0.00220	0.02644	0.90163	0.00586	0.00580	0.00533	0.02314	0.00192	0.00142	0.00047	0.00111	0.00160	0.00142	0.00219
15	0.00191	0.00143	0.00169	0.00181	0.01550	0.00128	0.00128	0.01178	0.00310	0.02453	0.11958	0.31669	0.41039	0.05088	0.00196	0.00055	0.00082	0.03230	0.00130	0.00122
16	0.01578	0.15173	0.74352	0.00374	0.00560	0.02796	0.02448	0.00441	0.00296	0.00425	0.00241	0.00284	0.00178	0.00131	0.00126	0.00042	0.00198	0.00099	0.00060	0.00200
17	0.04649	0.22577	0.20923	0.01022	0.04484	0.01690	0.01461	0.16801	0.06390	0.16923	0.00330	0.01611	0.00245	0.00150	0.00125	0.00040	0.00155	0.00115	0.00101	0.00207
18	0.00203	0.00137	0.00161	0.00161	0.00164	0.00140	0.00095	0.00209	0.00206	0.00277	0.00432	0.00869	0.00488	0.83733	0.12047	0.00146	0.00164	0.00197	0.00083	0.00089
19	0.00351	0.00324	0.00523	0.11350	0.68461	0.03257	0.02078	0.00433	0.01105	0.04988	0.00276	0.00356	0.00225	0.00152	0.02009	0.00046	0.03660	0.00125	0.00074	0.00208
20	0.03640	0.01279	0.11163	0.03855	0.03350	0.13687	0.06757	0.20754	0.13511	0.16877	0.01449	0.02428	0.00287	0.00164	0.00138	0.00043	0.00165	0.00133	0.00114	0.00207
21	0.00294	0.00199	0.02338	0.00229	0.03584	0.00190	0.00168	0.07790	0.09008	0.10363	0.05635	0.25544	0.06156	0.06531	0.00850	0.00053	0.00102	0.02541	0.18270	0.00155
22	0.02674	0.82687	0.02109	0.00256	0.01670	0.06631	0.00245	0.00426	0.00290	0.00342	0.00198	0.00229	0.00179	0.00121	0.00093	0.00031	0.00155	0.00077	0.00062	0.01525

[dist]
# distance from previous block
# <min> <max>
1	2

[block]
# block no. 2 follows, 230 sequences, length 9
# corresponding to MSA columns:
# 1339,1340,1343-1345,1347-1350
name=unknown_C
#
# <colnr> <probs for GDERKNQSTAVLIFYWHMCP>
#	G	D	E	R	K	N	Q	S	T	A	V	L	I	F	Y	W	H	M	C	P
0	0.02961	0.02245	0.00484	0.03349	0.36989	0.06178	0.11388	0.06708	0.09671	0.08042	0.03232	0.01854	0.00311	0.00158	0.00142	0.00043	0.00161	0.03672	0.00096	0.02317
1	0.03502	0.04146	0.07975	0.03610	0.04907	0.05045	0.07073	0.09979	0.03747	0.37516	0.01908	0.05032	0.02126	0.00178	0.00140	0.00044	0.00146	0.01542	0.01180	0.00205
2	0.00454	0.00335	0.01829	0.00381	0.00427	0.00291	0.01857	0.00437	0.02305	0.03882	0.06406	0.58803	0.09465	0.04037	0.00304	0.00102	0.01846	0.06377	0.00209	0.00256
3	0.00192	0.00137	0.00178	0.00194	0.00211	0.00129	0.01493	0.00226	0.02222	0.02282	0.03399	0.61191	0.09690	0.14194	0.00253	0.00067	0.00093	0.03609	0.00124	0.00117
4	0.01212	0.10452	0.26433	0.02602	0.13102	0.20637	0.08023	0.02293	0.01647	0.03685	0.00270	0.01990	0.00219	0.00158	0.01256	0.00044	0.04656	0.01060	0.00073	0.00189
5	0.01938	0.05664	0.11738	0.12425	0.23361	0.02224	0.11410	0.08610	0.02963	0.05318	0.04861	0.02681	0.01563	0.00160	0.00146	0.00044	0.01736	0.01765	0.01201	0.00193
6	0.01828	0.03637	0.21511	0.00272	0.00373	0.00251	0.02084	0.04482	0.07112	0.23616	0.12124	0.03286	0.06348	0.01988	0.03728	0.00053	0.02271	0.01315	0.03535	0.00186
7	0.32817	0.00250	0.00277	0.00227	0.00320	0.00251	0.00185	0.05035	0.03473	0.47970	0.03036	0.04902	0.00332	0.00174	0.00125	0.00044	0.00113	0.00134	0.00138	0.00199
8	0.02827	0.07296	0.10189	0.12933	0.22405	0.13065	0.09507	0.03069	0.03947	0.03291	0.01230	0.02514	0.00258	0.03455	0.00160	0.00046	0.01408	0.01385	0.00829	0.00185

[dist]
# distance from previous block
# <min> <max>
0	14

[block]
# block no. 3 follows, 230 sequences, length 6
# corresponding to MSA columns:
# 1368-1370,1380,1381,1383
name=unknown_D
#
# <colnr> <probs for GDERKNQSTAVLIFYWHMCP>
#	G	D	E	R	K	N	Q	S	T	A	V	L	I	F	Y	W	H	M	C	P
0	0.00314	0.03843	0.32090	0.07889	0.22083	0.01947	0.11523	0.03366	0.06620	0.00451	0.00320	0.03102	0.01681	0.00154	0.00147	0.00045	0.01978	0.02176	0.00076	0.00197
1	0.00184	0.00147	0.00176	0.00195	0.03402	0.00132	0.00141	0.00225	0.00315	0.00396	0.08175	0.18648	0.52652	0.00361	0.00171	0.00051	0.00084	0.14294	0.00129	0.00123
2	0.00230	0.00127	0.00181	0.02521	0.00203	0.00127	0.00126	0.00200	0.00215	0.00292	0.05940	0.10144	0.02811	0.05154	0.00455	0.66939	0.00113	0.00166	0.03978	0.00078
3	0.03301	0.17733	0.27323	0.05313	0.06976	0.08970	0.03645	0.08335	0.02971	0.07853	0.01640	0.01954	0.00236	0.00149	0.00137	0.00041	0.03029	0.00115	0.00083	0.00194
4	0.03944	0.21998	0.02683	0.00290	0.01751	0.03786	0.06369	0.17920	0.05515	0.25373	0.00401	0.03499	0.02616	0.00165	0.00128	0.00040	0.00143	0.00132	0.03044	0.00203
5	0.00196	0.02491	0.00175	0.00164	0.00209	0.00141	0.00124	0.00244	0.02953	0.03357	0.06258	0.08805	0.66076	0.03246	0.00181	0.00051	0.00081	0.04993	0.00129	0.00126

[dist]
# distance from previous block
# <min> <max>
4	13

[block]
# block no. 4 follows, 230 sequences, length 31
# corresponding to MSA columns:
# 1404-1409,1441-1447,1455-1472
name=unknown_E
#
# <colnr> <probs for GDERKNQSTAVLIFYWHMCP>
#	G	D	E	R	K	N	Q	S	T	A	V	L	I	F	Y	W	H	M	C	P
0	0.01188	0.00130	0.00165	0.00195	0.00205	0.01249	0.00131	0.00201	0.00268	0.00358	0.00758	0.90660	0.01787	0.01752	0.00184	0.00057	0.00084	0.00386	0.00128	0.00114
1	0.00433	0.00361	0.00344	0.00287	0.00368	0.21609	0.04437	0.25566	0.08185	0.11033	0.08071	0.04189	0.02578	0.00186	0.00137	0.00041	0.00150	0.00149	0.10540	0.01337
2	0.00370	0.00323	0.01358	0.40360	0.12393	0.04103	0.02511	0.26612	0.03290	0.02354	0.00302	0.01188	0.00924	0.00151	0.00141	0.00044	0.00737	0.00128	0.00091	0.02619
3	0.00206	0.00136	0.00155	0.00156	0.00158	0.00136	0.00090	0.00929	0.00212	0.00286	0.00451	0.05781	0.00516	0.84485	0.00658	0.02630	0.00130	0.00208	0.02589	0.00088
4	0.00222	0.02642	0.00206	0.00199	0.00230	0.00167	0.00144	0.05951	0.06061	0.01685	0.13224	0.45581	0.12494	0.07181	0.00207	0.00057	0.00602	0.01813	0.01203	0.00132
5	0.00201	0.00137	0.00177	0.00190	0.00215	0.00127	0.00137	0.00244	0.01170	0.03900	0.22594	0.51164	0.09465	0.00371	0.00171	0.00052	0.00081	0.06638	0.02842	0.00125
6	0.00173	0.00131	0.00159	0.00177	0.00200	0.00118	0.00124	0.00205	0.00293	0.00380	0.08222	0.53455	0.30226	0.01159	0.01928	0.00056	0.00083	0.01681	0.01112	0.00117
7	0.00386	0.00297	0.00320	0.00275	0.00356	0.00333	0.00218	0.24876	0.52501	0.03593	0.04552	0.00526	0.00419	0.01402	0.00148	0.00046	0.00118	0.02584	0.06841	0.00211
8	0.00208	0.00147	0.00177	0.00174	0.00177	0.00157	0.00109	0.00217	0.00206	0.00282	0.00417	0.00830	0.00468	0.76960	0.13587	0.00143	0.05375	0.00191	0.00082	0.00094
9	0.02054	0.00245	0.00325	0.00250	0.00356	0.00218	0.00206	0.05737	0.00409	0.85629	0.01206	0.00466	0.00343	0.00172	0.00139	0.00043	0.00120	0.00139	0.00843	0.01101
10	0.02187	0.86917	0.00698	0.00246	0.00362	0.06985	0.00239	0.00427	0.00290	0.00335	0.00196	0.00226	0.00179	0.00121	0.00092	0.00031	0.00155	0.00076	0.00061	0.00177
11	0.00170	0.00122	0.00161	0.00192	0.00202	0.00114	0.00128	0.00195	0.00270	0.00357	0.00799	0.90745	0.05164	0.00433	0.00178	0.00056	0.00081	0.00392	0.00130	0.00114
12	0.00345	0.00332	0.00566	0.00857	0.94225	0.00332	0.00428	0.00428	0.00318	0.00456	0.00263	0.00345	0.00221	0.00124	0.00138	0.00041	0.00166	0.00124	0.00069	0.00221
13	0.00351	0.03848	0.00553	0.04630	0.80173	0.03070	0.00408	0.01781	0.02093	0.00451	0.00264	0.00342	0.00221	0.00128	0.00139	0.00041	0.01099	0.00122	0.00071	0.00215
14	0.00211	0.00158	0.00233	0.00229	0.00249	0.00187	0.00176	0.00248	0.00219	0.00316	0.00350	0.00531	0.00332	0.03899	0.76160	0.08907	0.07256	0.00147	0.00073	0.00120
15	0.00327	0.00917	0.00447	0.08820	0.26913	0.05737	0.04187	0.05215	0.04819	0.00427	0.03489	0.02879	0.03050	0.00205	0.01566	0.00051	0.29241	0.01033	0.00499	0.00179
16	0.00205	0.00144	0.00181	0.00180	0.00188	0.00155	0.00118	0.00221	0.00210	0.00289	0.00413	0.00786	0.00450	0.63804	0.29450	0.00161	0.02682	0.00184	0.00081	0.00099
17	0.00245	0.00207	0.00272	0.01833	0.00296	0.02752	0.01460	0.00984	0.11930	0.00367	0.01506	0.03761	0.00369	0.05391	0.54899	0.00156	0.12363	0.00574	0.00495	0.00141
18	0.00203	0.00153	0.00227	0.00225	0.00248	0.00180	0.00174	0.00250	0.00223	0.00322	0.00371	0.00557	0.00351	0.05219	0.87606	0.00216	0.03124	0.00151	0.00075	0.00124
19	0.00242	0.00135	0.00206	0.03155	0.00222	0.00140	0.01654	0.00197	0.00193	0.00259	0.00271	0.05651	0.00276	0.00458	0.00503	0.83049	0.03115	0.00137	0.00065	0.00071
20	0.00204	0.00135	0.00152	0.00152	0.00155	0.00135	0.00087	0.00209	0.00210	0.00285	0.00467	0.00904	0.03145	0.87180	0.01867	0.00130	0.00134	0.00202	0.04160	0.00088
21	0.13899	0.00224	0.00274	0.00219	0.00310	0.00209	0.00179	0.01708	0.00362	0.62894	0.01699	0.00454	0.00332	0.00166	0.00126	0.00041	0.00108	0.00131	0.16459	0.00206
22	0.00209	0.00143	0.00167	0.00164	0.00171	0.00147	0.00101	0.01924	0.00219	0.00295	0.00462	0.00867	0.03677	0.77637	0.11030	0.00138	0.00976	0.00197	0.01383	0.00094
23	0.00288	0.00246	0.00287	0.00208	0.00328	0.00187	0.00166	0.00355	0.02119	0.00455	0.00267	0.02606	0.00228	0.00113	0.00106	0.00022	0.00103	0.00092	0.00085	0.91739
24	0.01436	0.00230	0.00305	0.00238	0.00337	0.00203	0.00195	0.03062	0.00397	0.80070	0.04179	0.00510	0.02121	0.00179	0.00139	0.00043	0.00113	0.00146	0.05872	0.00224
25	0.00186	0.00137	0.00173	0.00189	0.00209	0.00125	0.00129	0.01363	0.00278	0.00375	0.05955	0.69776	0.05775	0.08003	0.00214	0.00059	0.00086	0.00343	0.00124	0.06498
26	0.00280	0.00233	0.02716	0.00250	0.03142	0.03921	0.01280	0.06374	0.05619	0.00487	0.17634	0.08085	0.02625	0.02660	0.00785	0.00048	0.14045	0.03160	0.24887	0.01770
27	0.00312	0.00235	0.01578	0.00230	0.00291	0.01971	0.01033	0.17267	0.04247	0.06195	0.03706	0.18453	0.02681	0.18910	0.03751	0.00067	0.02121	0.00196	0.00979	0.15777
28	0.01920	0.18075	0.06773	0.00301	0.07935	0.04281	0.01829	0.05966	0.04267	0.03580	0.01797	0.04384	0.00877	0.01513	0.00127	0.00034	0.00614	0.00115	0.00087	0.35523
29	0.04440	0.14008	0.22215	0.00305	0.04390	0.03953	0.02760	0.03357	0.03153	0.01571	0.01895	0.03072	0.00246	0.01310	0.00131	0.00618	0.01123	0.00109	0.00080	0.31267
30	0.16338	0.03382	0.00883	0.00262	0.03051	0.05104	0.01755	0.11260	0.09038	0.08351	0.05928	0.01834	0.00314	0.00154	0.00126	0.00037	0.01931	0.00756	0.01489	0.28007

[dist]
# distance from previous block
# <min> <max>
25	53

[block]
# block no. 5 follows, 230 sequences, length 12
# corresponding to MSA columns:
# 1646-1651,1653-1658
name=unknown_F
#
# <colnr> <probs for GDERKNQSTAVLIFYWHMCP>
#	G	D	E	R	K	N	Q	S	T	A	V	L	I	F	Y	W	H	M	C	P
0	0.06998	0.06204	0.04739	0.01235	0.04371	0.01480	0.05067	0.12307	0.19876	0.05413	0.09415	0.01428	0.03457	0.00188	0.00158	0.02714	0.03810	0.00961	0.00758	0.09421
1	0.06578	0.01873	0.03851	0.10207	0.05126	0.10392	0.02024	0.19562	0.15714	0.07306	0.01041	0.01297	0.03516	0.01831	0.01044	0.00046	0.02888	0.00133	0.02508	0.03065
2	0.04504	0.11530	0.05761	0.00327	0.02253	0.05318	0.16531	0.06556	0.04835	0.18578	0.01235	0.01745	0.02263	0.06462	0.03251	0.00054	0.03766	0.00138	0.01026	0.03866
3	0.03145	0.01088	0.02241	0.05927	0.10246	0.00915	0.08269	0.06770	0.07667	0.06903	0.12795	0.14512	0.03744	0.00952	0.01446	0.00625	0.06196	0.00191	0.01195	0.05175
4	0.23677	0.00293	0.03084	0.00238	0.00344	0.02871	0.01890	0.10563	0.03971	0.12823	0.02915	0.00344	0.00257	0.01590	0.00126	0.00037	0.00911	0.00105	0.00104	0.33856
5	0.00245	0.00152	0.00193	0.00185	0.00203	0.00157	0.00125	0.00267	0.00234	0.09389	0.01963	0.02491	0.00463	0.54658	0.24806	0.00143	0.01969	0.00184	0.02061	0.00113
6	0.00206	0.00139	0.00157	0.00157	0.00161	0.00139	0.00091	0.00215	0.02449	0.00283	0.00478	0.03144	0.03728	0.84312	0.00660	0.03168	0.00131	0.00207	0.00088	0.00089
7	0.00199	0.00162	0.03425	0.00206	0.00235	0.00141	0.01978	0.00251	0.04517	0.02761	0.07877	0.63685	0.10311	0.03325	0.00188	0.00056	0.00090	0.00338	0.00128	0.00127
8	0.01373	0.00160	0.00198	0.00188	0.00229	0.00150	0.00143	0.00302	0.01703	0.11522	0.36486	0.12740	0.21907	0.02725	0.00184	0.00050	0.02888	0.04106	0.02808	0.00140
9	0.01641	0.01936	0.04976	0.10126	0.39991	0.01310	0.03275	0.05782	0.06008	0.00464	0.07243	0.02709	0.01886	0.05706	0.00190	0.00049	0.04885	0.00148	0.01485	0.00188
10	0.00279	0.02050	0.06767	0.08126	0.19432	0.05013	0.03898	0.01730	0.01618	0.01506	0.07250	0.06057	0.08987	0.03686	0.13010	0.00071	0.00176	0.02991	0.01059	0.06292
11	0.08802	0.09251	0.07534	0.02348	0.05193	0.09494	0.02489	0.14324	0.13794	0.05101	0.09814	0.02670	0.01591	0.00824	0.00952	0.00045	0.03800	0.00720	0.00106	0.01148

[dist]
# distance from previous block
# <min> <max>
2	51

[block]
# block no. 6 follows, 230 sequences, length 8
# corresponding to MSA columns:
# 1718-1725
name=unknown_G
#
# <colnr> <probs for GDERKNQSTAVLIFYWHMCP>
#	G	D	E	R	K	N	Q	S	T	A	V	L	I	F	Y	W	H	M	C	P
0	0.01166	0.02183	0.12856	0.04371	0.06696	0.02053	0.12384	0.08744	0.11338	0.06489	0.12071	0.07286	0.05010	0.02566	0.00169	0.00048	0.01969	0.02314	0.00108	0.00181
1	0.00217	0.00153	0.00186	0.00181	0.00220	0.00140	0.00136	0.01551	0.01755	0.04208	0.37662	0.14271	0.23242	0.02510	0.00175	0.00049	0.00080	0.06276	0.03723	0.03267
2	0.12145	0.05764	0.02777	0.06380	0.02900	0.00293	0.05479	0.14679	0.02362	0.23535	0.01972	0.08879	0.02778	0.02510	0.01914	0.00050	0.04237	0.00155	0.01003	0.00187
3	0.01679	0.04966	0.06642	0.04089	0.05276	0.04049	0.01547	0.20100	0.03976	0.02972	0.01612	0.10256	0.03383	0.00181	0.00145	0.00039	0.04195	0.00146	0.00101	0.24646
4	0.00202	0.00138	0.00176	0.00193	0.00215	0.00129	0.00135	0.00244	0.03009	0.04918	0.10316	0.64349	0.09154	0.03365	0.00190	0.00056	0.00084	0.02869	0.00133	0.00124
5	0.09379	0.02303	0.06809	0.08319	0.24240	0.02250	0.03604	0.19919	0.03264	0.08029	0.01670	0.02455	0.02055	0.00164	0.00140	0.00044	0.01328	0.02834	0.00994	0.00200
6	0.01960	0.22239	0.19650	0.01562	0.06936	0.10480	0.02936	0.10853	0.03629	0.05947	0.00283	0.00332	0.00224	0.00160	0.01141	0.00043	0.06745	0.01466	0.03222	0.00192
7	0.02363	0.00152	0.00203	0.01327	0.00225	0.00160	0.00145	0.00263	0.05351	0.03482	0.03532	0.07273	0.03081	0.09189	0.16865	0.39610	0.01839	0.02143	0.02692	0.00105

[dist]
# distance from previous block
# <min> <max>
4	15

[block]
# block no. 7 follows, 230 sequences, length 12
# corresponding to MSA columns:
# 1782-1793
name=unknown_H
#
# <colnr> <probs for GDERKNQSTAVLIFYWHMCP>
#	G	D	E	R	K	N	Q	S	T	A	V	L	I	F	Y	W	H	M	C	P
0	0.04839	0.14063	0.09645	0.02924	0.37084	0.05282	0.07205	0.07589	0.01057	0.01313	0.01492	0.02147	0.00250	0.01868	0.00142	0.00043	0.00168	0.01707	0.00078	0.01103
1	0.00236	0.01913	0.00272	0.17250	0.01055	0.00199	0.03706	0.01608	0.05204	0.01379	0.35126	0.09062	0.08181	0.06385	0.00199	0.01549	0.00842	0.01556	0.02180	0.02098
2	0.01837	0.00188	0.00221	0.00215	0.00257	0.00201	0.00163	0.01114	0.23331	0.02158	0.04598	0.11356	0.17553	0.09149	0.19543	0.00093	0.01361	0.05203	0.01312	0.00146
3	0.00207	0.00147	0.00179	0.00177	0.00203	0.00139	0.00125	0.03367	0.00320	0.02037	0.33187	0.21040	0.13830	0.21507	0.01786	0.00070	0.00095	0.01336	0.00128	0.00121
4	0.51079	0.00241	0.00227	0.00196	0.00275	0.00260	0.00158	0.05091	0.01935	0.18214	0.05165	0.00394	0.01871	0.01640	0.00117	0.00043	0.00104	0.00114	0.12707	0.00168
5	0.00223	0.00143	0.00172	0.00167	0.00183	0.00139	0.00107	0.00243	0.00257	0.05687	0.16804	0.04976	0.05224	0.59504	0.05501	0.00111	0.00129	0.00218	0.00105	0.00106
6	0.00319	0.00193	0.00247	0.00222	0.00273	0.00200	0.00174	0.10073	0.01332	0.18107	0.10675	0.08470	0.07285	0.01749	0.28987	0.00101	0.03374	0.00186	0.07875	0.00159
7	0.00373	0.95179	0.00731	0.00239	0.00358	0.00552	0.00239	0.00418	0.00284	0.00328	0.00194	0.00224	0.00179	0.00119	0.00090	0.00030	0.00149	0.00075	0.00060	0.00179
8	0.00297	0.00251	0.00292	0.00215	0.00328	0.00205	0.00171	0.03611	0.05011	0.00465	0.00275	0.00332	0.00232	0.04562	0.00142	0.00029	0.01974	0.00094	0.00087	0.81426
9	0.01746	0.00275	0.00286	0.00237	0.00309	0.02120	0.00189	0.46001	0.02892	0.00677	0.00388	0.00440	0.00301	0.04641	0.03314	0.00049	0.00127	0.00131	0.35694	0.00183
10	0.05102	0.02077	0.00357	0.01176	0.00381	0.17210	0.01178	0.14515	0.28862	0.06766	0.01135	0.00396	0.01474	0.00182	0.01163	0.00045	0.09552	0.00127	0.01094	0.07208
11	0.01298	0.01815	0.05092	0.03422	0.00321	0.03693	0.04611	0.06399	0.02473	0.02037	0.01521	0.41284	0.02608	0.04003	0.08754	0.00071	0.04056	0.06290	0.00109	0.00142

[dist]
# distance from previous block
# <min> <max>
1	2

[block]
# block no. 8 follows, 230 sequences, length 13
# corresponding to MSA columns:
# 1820-1824,1829-1836
name=unknown_I
#
# <colnr> <probs for GDERKNQSTAVLIFYWHMCP>
#	G	D	E	R	K	N	Q	S	T	A	V	L	I	F	Y	W	H	M	C	P
0	0.01356	0.00384	0.00341	0.00307	0.00353	0.33603	0.00240	0.02381	0.05592	0.06184	0.00304	0.01637	0.00264	0.01820	0.24761	0.00093	0.20015	0.00125	0.00083	0.00158
1	0.00307	0.00248	0.00291	0.00209	0.00332	0.00187	0.00167	0.00368	0.00295	0.05278	0.00264	0.00299	0.00214	0.00107	0.00105	0.00022	0.00104	0.00086	0.00087	0.91030
2	0.88571	0.00272	0.00217	0.00191	0.00279	0.00312	0.00157	0.03314	0.00258	0.05101	0.00216	0.00242	0.00163	0.00133	0.00091	0.00043	0.00110	0.00080	0.00092	0.00158
3	0.00241	0.00122	0.00182	0.00182	0.00183	0.00122	0.00122	0.00185	0.00190	0.00255	0.04000	0.00449	0.00285	0.00477	0.00530	0.92102	0.00119	0.00126	0.00064	0.00063
4	0.00289	0.00239	0.00282	0.00215	0.00324	0.00191	0.00173	0.01768	0.03789	0.01720	0.02244	0.03006	0.00311	0.00146	0.00117	0.00028	0.00105	0.08229	0.00094	0.76730
5	0.00199	0.00134	0.00176	0.00197	0.00217	0.00122	0.00137	0.00228	0.00282	0.04849	0.03883	0.78670	0.03416	0.00403	0.00173	0.00054	0.00084	0.02955	0.00131	0.03689
6	0.00263	0.00243	0.00407	0.91001	0.00930	0.00303	0.00376	0.00355	0.00280	0.00363	0.00256	0.00378	0.00193	0.00140	0.00138	0.00046	0.00181	0.00124	0.03868	0.00154
7	0.00511	0.00639	0.00390	0.00353	0.00425	0.88202	0.00265	0.02600	0.02684	0.00364	0.02188	0.00277	0.00211	0.00148	0.00127	0.00037	0.00242	0.00096	0.00077	0.00164
8	0.00191	0.00132	0.00166	0.00181	0.00193	0.00129	0.00120	0.00212	0.00249	0.01685	0.00662	0.46742	0.07106	0.29430	0.10548	0.00098	0.00129	0.00296	0.01624	0.00108
9	0.00179	0.00126	0.00164	0.00190	0.00203	0.00116	0.00128	0.00205	0.00275	0.02039	0.02990	0.82344	0.08082	0.02011	0.00185	0.00057	0.00081	0.00378	0.00130	0.00116
10	0.00352	0.00203	0.00254	0.00225	0.00285	0.00201	0.00178	0.03122	0.12717	0.27332	0.19710	0.07539	0.09840	0.01493	0.03533	0.00831	0.03636	0.05856	0.02521	0.00173
11	0.00218	0.00157	0.02941	0.00209	0.00232	0.00141	0.00995	0.00251	0.00272	0.07127	0.01906	0.60360	0.00754	0.11406	0.06363	0.00075	0.01165	0.04287	0.01015	0.00125
12	0.00231	0.00146	0.00181	0.00184	0.00219	0.00132	0.00133	0.00272	0.01333	0.11661	0.12936	0.41077	0.26613	0.01498	0.00173	0.00051	0.00082	0.01321	0.01624	0.00133

[dist]
# distance from previous block
# <min> <max>
1	32

[block]
# block no. 9 follows, 230 sequences, length 13
# corresponding to MSA columns:
# 1870-1882
name=unknown_J
#
# <colnr> <probs for GDERKNQSTAVLIFYWHMCP>
#	G	D	E	R	K	N	Q	S	T	A	V	L	I	F	Y	W	H	M	C	P
0	0.01079	0.02964	0.12204	0.08621	0.15087	0.02905	0.04857	0.18098	0.11505	0.04697	0.03090	0.01150	0.06126	0.00171	0.00149	0.00044	0.03027	0.00762	0.00101	0.03363
1	0.00237	0.00161	0.00194	0.00186	0.00223	0.01735	0.00138	0.00288	0.02025	0.08871	0.38020	0.17598	0.19119	0.05032	0.00202	0.01644	0.01597	0.01463	0.01134	0.00134
2	0.00322	0.08325	0.18392	0.17268	0.12018	0.05476	0.14566	0.02821	0.08601	0.00438	0.02516	0.02374	0.00259	0.00149	0.00145	0.00043	0.02516	0.00131	0.01231	0.02409
3	0.00188	0.00141	0.00170	0.00166	0.00199	0.00128	0.00122	0.00236	0.00346	0.00465	0.51249	0.05651	0.28614	0.09371	0.00218	0.00055	0.00076	0.02346	0.00138	0.00122
4	0.00176	0.00131	0.00163	0.00180	0.00201	0.00120	0.00126	0.00208	0.00291	0.00382	0.12144	0.53840	0.21940	0.05026	0.02140	0.00060	0.00087	0.02542	0.00129	0.00116
5	0.06596	0.00172	0.00182	0.01480	0.00223	0.00176	0.00131	0.08044	0.00328	0.08730	0.00444	0.02243	0.00348	0.00170	0.00108	0.00036	0.00083	0.01645	0.68712	0.00150
6	0.00198	0.00136	0.00182	0.00188	0.00201	0.00142	0.00130	0.00217	0.00232	0.00318	0.04515	0.19523	0.03223	0.28824	0.31581	0.09775	0.00197	0.00220	0.00092	0.00104
7	0.00271	0.00255	0.00431	0.86615	0.09050	0.00312	0.00391	0.00363	0.00282	0.00365	0.00249	0.00370	0.00189	0.00138	0.00139	0.00046	0.00184	0.00124	0.00063	0.00161
8	0.02603	0.49460	0.22948	0.02980	0.00421	0.02605	0.01513	0.01771	0.00291	0.01733	0.00274	0.03790	0.01811	0.02152	0.05071	0.00048	0.00174	0.00108	0.00069	0.00177
9	0.01974	0.00306	0.03189	0.29165	0.10101	0.07922	0.03800	0.05400	0.08266	0.02942	0.06848	0.01663	0.05481	0.01205	0.01584	0.00048	0.03676	0.00802	0.00091	0.05539
10	0.00921	0.01972	0.03703	0.10268	0.01281	0.01313	0.05971	0.13043	0.19379	0.01658	0.02425	0.07033	0.05036	0.05184	0.03677	0.00058	0.07080	0.03789	0.01395	0.04812
11	0.21462	0.04191	0.02092	0.08136	0.10585	0.04371	0.04694	0.06187	0.02290	0.04725	0.04178	0.08022	0.01382	0.00199	0.00849	0.00047	0.09094	0.05115	0.00094	0.02285
12	0.10721	0.08568	0.05283	0.06859	0.07012	0.06353	0.12768	0.07467	0.02514	0.09627	0.01683	0.05043	0.00291	0.05987	0.00174	0.00048	0.02193	0.00929	0.00093	0.06387

[dist]
# distance from previous block
# <min> <max>
1	20

[block]
# block no. 10 follows, 230 sequences, length 8
# corresponding to MSA columns:
# 1922-1929
name=unknown_K
#
# <colnr> <probs for GDERKNQSTAVLIFYWHMCP>
#	G	D	E	R	K	N	Q	S	T	A	V	L	I	F	Y	W	H	M	C	P
0	0.00489	0.00372	0.00425	0.00329	0.00434	0.00412	0.05590	0.75169	0.07515	0.00802	0.00348	0.00356	0.00252	0.00169	0.00152	0.00043	0.03615	0.00130	0.03173	0.00227
1	0.00209	0.00168	0.00232	0.15513	0.05204	0.00171	0.00188	0.01395	0.02131	0.00405	0.12748	0.32992	0.19214	0.02292	0.01956	0.00055	0.00108	0.02910	0.01977	0.00133
2	0.00202	0.00181	0.05557	0.00204	0.02218	0.00148	0.00159	0.00260	0.01795	0.01783	0.28810	0.14798	0.28163	0.05184	0.04570	0.00061	0.00102	0.05545	0.00127	0.00131
3	0.12409	0.02292	0.00206	0.00194	0.00230	0.00185	0.00142	0.05608	0.01707	0.04548	0.02612	0.28379	0.09164	0.18512	0.04372	0.01905	0.00117	0.04458	0.02831	0.00130
4	0.00351	0.10044	0.22709	0.03231	0.08758	0.04821	0.13032	0.10489	0.10113	0.02792	0.02163	0.01997	0.01828	0.00154	0.00147	0.00043	0.03345	0.00131	0.00088	0.03766
5	0.02789	0.00166	0.02179	0.00189	0.00233	0.00145	0.00145	0.00293	0.02080	0.11039	0.25985	0.25683	0.25508	0.00324	0.00163	0.00049	0.00084	0.02669	0.00138	0.00139
6	0.00333	0.05567	0.18450	0.03892	0.17742	0.06118	0.05470	0.08608	0.05314	0.03686	0.06256	0.06013	0.03677	0.00210	0.02869	0.00050	0.02491	0.02974	0.00093	0.00187
7	0.00221	0.01979	0.00222	0.01721	0.02748	0.01190	0.01792	0.02081	0.05021	0.01593	0.16238	0.36943	0.13438	0.01421	0.02617	0.05526	0.00102	0.03103	0.01912	0.00131

[dist]
# distance from previous block
# <min> <max>
4	33

[block]
# block no. 11 follows, 230 sequences, length 10
# corresponding to MSA columns:
# 1996-2005
name=unknown_L
#
# <colnr> <probs for GDERKNQSTAVLIFYWHMCP>
#	G	D	E	R	K	N	Q	S	T	A	V	L	I	F	Y	W	H	M	C	P
0	0.05324	0.14145	0.13588	0.08273	0.04340	0.05538	0.03442	0.14404	0.03397	0.05676	0.03377	0.00430	0.01231	0.04193	0.01367	0.01901	0.01042	0.03137	0.03800	0.01395
1	0.01886	0.02559	0.02998	0.03787	0.03121	0.01707	0.02707	0.04183	0.04984	0.02482	0.17266	0.10163	0.08598	0.01641	0.01232	0.00047	0.00830	0.07833	0.18368	0.03610
2	0.02577	0.02660	0.01328	0.00267	0.07663	0.01212	0.00196	0.04111	0.00309	0.01850	0.04261	0.02142	0.01577	0.00136	0.00126	0.01328	0.02096	0.00106	0.00088	0.65966
3	0.02862	0.01374	0.08060	0.06933	0.46036	0.13099	0.02344	0.05293	0.02431	0.01281	0.03312	0.01406	0.00263	0.02544	0.00157	0.00045	0.02157	0.00127	0.00078	0.00196
4	0.02031	0.00223	0.00273	0.00227	0.00300	0.00219	0.00180	0.10308	0.09741	0.35546	0.15186	0.00584	0.03595	0.02570	0.00192	0.07868	0.01409	0.00160	0.07751	0.01638
5	0.01968	0.00179	0.00214	0.00197	0.00242	0.00177	0.00149	0.06449	0.10169	0.03584	0.57915	0.08046	0.07448	0.02426	0.00172	0.00047	0.00082	0.00240	0.00146	0.00148
6	0.89645	0.00278	0.00220	0.00193	0.00281	0.00321	0.00159	0.06698	0.00266	0.00643	0.00204	0.00234	0.00157	0.00132	0.00090	0.00043	0.00111	0.00079	0.00090	0.00157
7	0.05195	0.00129	0.00183	0.00182	0.00186	0.00131	0.00123	0.00194	0.00185	0.00262	0.00240	0.00414	0.00238	0.00466	0.00522	0.90984	0.00121	0.00119	0.00062	0.00065
8	0.00285	0.05811	0.89327	0.00389	0.00591	0.00336	0.00501	0.00441	0.00294	0.00436	0.00247	0.00291	0.00177	0.00132	0.00130	0.00043	0.00203	0.00102	0.00059	0.00205
9	0.00308	0.00273	0.00438	0.22656	0.41694	0.00283	0.02021	0.03386	0.00314	0.02865	0.03425	0.11067	0.00334	0.01321	0.00153	0.00044	0.01362	0.00158	0.00083	0.07814

[dist]
# distance from previous block
# <min> <max>
1	11

[block]
# block no. 12 follows, 230 sequences, length 14
# corresponding to MSA columns:
# 2022-2027,2032-2039
name=unknown_M
#
# <colnr> <probs for GDERKNQSTAVLIFYWHMCP>
#	G	D	E	R	K	N	Q	S	T	A	V	L	I	F	Y	W	H	M	C	P
0	0.02982	0.00265	0.00302	0.00224	0.00339	0.00227	0.00180	0.14613	0.01554	0.04276	0.00303	0.01691	0.01498	0.00127	0.00112	0.00027	0.00110	0.00101	0.01993	0.69076
1	0.00282	0.00271	0.00448	0.73291	0.15576	0.02193	0.02917	0.00373	0.00290	0.00376	0.00262	0.00395	0.00207	0.00143	0.00141	0.00046	0.00184	0.02374	0.00065	0.00166
2	0.00235	0.00171	0.00208	0.02397	0.01953	0.00175	0.00164	0.03066	0.08566	0.00438	0.07933	0.11350	0.12982	0.12847	0.00236	0.00061	0.01663	0.21500	0.13919	0.00134
3	0.00317	0.00180	0.00228	0.00205	0.00263	0.00167	0.00163	0.01595	0.05634	0.24476	0.38592	0.02010	0.15535	0.00272	0.00160	0.00047	0.00090	0.09752	0.00151	0.00162
4	0.00453	0.32188	0.03688	0.00312	0.00407	0.43753	0.00265	0.11232	0.02565	0.00410	0.00234	0.00264	0.00194	0.00141	0.00122	0.00036	0.02162	0.00092	0.01303	0.00179
5	0.00179	0.00128	0.00172	0.00203	0.00215	0.00121	0.00143	0.00210	0.00279	0.00372	0.03883	0.78318	0.00919	0.00425	0.00180	0.00057	0.00087	0.13862	0.00130	0.00116
6	0.16983	0.00318	0.00360	0.06858	0.05124	0.02140	0.00245	0.36822	0.03044	0.26194	0.00364	0.00361	0.00252	0.00158	0.00130	0.00043	0.00140	0.00121	0.00129	0.00214
7	0.10202	0.01190	0.26334	0.01145	0.07067	0.01533	0.08262	0.19101	0.04371	0.08269	0.00301	0.00330	0.00220	0.00141	0.00134	0.00041	0.01207	0.00115	0.00095	0.09940
8	0.00343	0.02169	0.01277	0.00285	0.00359	0.00290	0.09703	0.28844	0.11550	0.00574	0.01265	0.06368	0.03360	0.01016	0.13815	0.00071	0.00944	0.04618	0.12971	0.00179
9	0.00218	0.00155	0.00214	0.00244	0.00272	0.00154	0.00207	0.00274	0.00309	0.00402	0.00723	0.10855	0.00797	0.06257	0.00223	0.00068	0.00124	0.78253	0.00126	0.00124
10	0.00384	0.88143	0.00706	0.00248	0.00364	0.07549	0.00241	0.00428	0.00292	0.00329	0.00196	0.00226	0.00179	0.00121	0.00092	0.00030	0.00157	0.00076	0.00061	0.00178
11	0.00297	0.06130	0.00320	0.00214	0.00334	0.00218	0.00174	0.00367	0.03204	0.00449	0.00253	0.00293	0.00211	0.00110	0.00111	0.00023	0.01949	0.00085	0.00083	0.85174
12	0.00324	0.00312	0.07176	0.03763	0.24137	0.02027	0.08558	0.03029	0.16689	0.06844	0.05562	0.02913	0.13822	0.00196	0.00158	0.00046	0.03152	0.00999	0.00105	0.00190
13	0.00280	0.00253	0.00407	0.58013	0.14941	0.00294	0.01173	0.03008	0.02837	0.01435	0.01553	0.00471	0.05182	0.00216	0.05993	0.00057	0.01259	0.02387	0.00076	0.00166

[dist]
# distance from previous block
# <min> <max>
3	25

[block]
# block no. 13 follows, 230 sequences, length 24
# corresponding to MSA columns:
# 2079-2102
name=unknown_N
#
# <colnr> <probs for GDERKNQSTAVLIFYWHMCP>
#	G	D	E	R	K	N	Q	S	T	A	V	L	I	F	Y	W	H	M	C	P
0	0.00420	0.00370	0.04485	0.00368	0.00465	0.01498	0.16613	0.38708	0.15094	0.03847	0.00342	0.00376	0.00257	0.01289	0.00201	0.00048	0.15163	0.00137	0.00112	0.00209
1	0.00526	0.00282	0.00339	0.00264	0.00362	0.00283	0.01899	0.36428	0.00480	0.41819	0.00448	0.00427	0.00303	0.00168	0.00134	0.00041	0.00126	0.00134	0.15318	0.00220
2	0.00268	0.00163	0.00212	0.00196	0.00239	0.00152	0.00148	0.04084	0.00384	0.13908	0.59563	0.16354	0.01885	0.00291	0.00163	0.00046	0.00080	0.01567	0.00151	0.00148
3	0.02088	0.72907	0.01565	0.00243	0.00344	0.02303	0.00232	0.01304	0.00278	0.00340	0.00225	0.00279	0.00206	0.00270	0.15061	0.00062	0.01973	0.00088	0.00064	0.00170
4	0.00175	0.00124	0.00160	0.00188	0.00194	0.00117	0.00122	0.00196	0.00257	0.00343	0.00717	0.80099	0.00857	0.15432	0.00262	0.00069	0.00090	0.00366	0.00122	0.00109
5	0.00465	0.00582	0.00355	0.00325	0.00393	0.79578	0.00244	0.00501	0.00383	0.00347	0.00406	0.00425	0.15069	0.00177	0.00132	0.00038	0.00223	0.00122	0.00081	0.00155
6	0.00185	0.00139	0.00166	0.00190	0.00200	0.02666	0.00125	0.00206	0.00262	0.00343	0.00724	0.74387	0.03977	0.15422	0.00261	0.00068	0.00094	0.00354	0.00121	0.00110
7	0.00338	0.00334	0.00600	0.06688	0.72731	0.00334	0.16049	0.00427	0.00317	0.00448	0.00265	0.00352	0.00217	0.00124	0.00143	0.00043	0.00179	0.00131	0.00069	0.00211
8	0.00170	0.00121	0.00162	0.00194	0.00202	0.00113	0.00130	0.00194	0.00267	0.00356	0.00769	0.95004	0.00923	0.00437	0.00178	0.00057	0.00081	0.00397	0.00130	0.00113
9	0.00213	0.00153	0.00211	0.00241	0.00270	0.00151	0.00204	0.00270	0.00313	0.00406	0.00778	0.16363	0.05536	0.00392	0.00189	0.00062	0.00118	0.73875	0.00129	0.00126
10	0.00340	0.00256	0.00414	0.43694	0.24106	0.00280	0.01347	0.00420	0.00309	0.15282	0.00331	0.02237	0.00254	0.00152	0.00140	0.00044	0.01074	0.00912	0.08227	0.00182
11	0.00236	0.00126	0.00189	0.00189	0.00192	0.00130	0.00130	0.00192	0.00189	0.00255	0.00263	0.00444	0.00259	0.00574	0.15436	0.80777	0.00161	0.00126	0.00063	0.00071
12	0.00265	0.00251	0.00428	0.92530	0.00956	0.00311	0.02598	0.00359	0.00280	0.00359	0.00249	0.00372	0.00187	0.00139	0.00140	0.00047	0.00187	0.00125	0.00062	0.00156
13	0.00225	0.00152	0.00197	0.00200	0.00234	0.00139	0.02776	0.00271	0.03281	0.09629	0.04689	0.52490	0.23016	0.01792	0.00177	0.00053	0.00088	0.00324	0.00133	0.00132
14	0.00263	0.00159	0.00204	0.00198	0.00240	0.00146	0.00152	0.02372	0.00345	0.15188	0.26481	0.24530	0.16908	0.00328	0.00172	0.01262	0.00088	0.10677	0.00142	0.00142
15	0.00289	0.00248	0.00289	0.00207	0.00331	0.00186	0.00165	0.00351	0.00289	0.00455	0.00248	0.00289	0.00207	0.00103	0.00103	0.00021	0.00103	0.00083	0.00083	0.95948
16	0.02743	0.16278	0.07911	0.00310	0.01039	0.09405	0.02191	0.26264	0.29090	0.02839	0.00365	0.00364	0.00275	0.00159	0.00129	0.00041	0.00153	0.00122	0.00112	0.00210
17	0.00186	0.00143	0.00203	0.15174	0.00324	0.00146	0.00171	0.00222	0.00272	0.00358	0.00713	0.74270	0.04767	0.00386	0.00172	0.00055	0.00098	0.02102	0.00119	0.00120
18	0.01637	0.47116	0.16357	0.02265	0.01337	0.23351	0.04400	0.00459	0.00315	0.01311	0.00218	0.00256	0.00182	0.00129	0.00111	0.00035	0.00188	0.00089	0.00065	0.00180
19	0.00209	0.15187	0.00258	0.00203	0.00233	0.00192	0.00150	0.00251	0.03500	0.00367	0.03830	0.71477	0.02889	0.00371	0.00162	0.00051	0.00092	0.00330	0.00120	0.00128
20	0.04743	0.29015	0.31390	0.01405	0.15790	0.05651	0.02274	0.02469	0.01086	0.00422	0.00244	0.00290	0.00823	0.00131	0.00123	0.00039	0.01371	0.00100	0.00702	0.01933
21	0.00311	0.01237	0.02336	0.05309	0.36659	0.01724	0.00745	0.02596	0.19323	0.02312	0.12236	0.04183	0.07513	0.00196	0.00148	0.00045	0.00561	0.02271	0.00106	0.00191
