[name]
unknown

[dist]
# distance from previous block
# <min> <max>
0	1081

[block]
# block no. 0 follows, 261 sequences, length 15
# corresponding to MSA columns:
# 1222-1236
name=unknown_A
#
# <colnr> <probs for GDERKNQSTAVLIFYWHMCP>
#	G	D	E	R	K	N	Q	S	T	A	V	L	I	F	Y	W	H	M	C	P
0	0.00288	0.01221	0.04417	0.06761	0.08778	0.03943	0.02180	0.08009	0.05789	0.10226	0.08130	0.09420	0.03037	0.10986	0.00950	0.00051	0.03643	0.06146	0.02712	0.03312
1	0.01330	0.02207	0.07281	0.01351	0.05228	0.02330	0.02375	0.07386	0.07011	0.11062	0.31909	0.06793	0.05816	0.01117	0.00140	0.00040	0.01083	0.00173	0.01722	0.03646
2	0.32385	0.11227	0.01167	0.02954	0.01420	0.06966	0.01516	0.08379	0.02012	0.03497	0.04559	0.02594	0.04069	0.00851	0.00105	0.00035	0.00114	0.00931	0.01016	0.14202
3	0.06657	0.06559	0.07217	0.10991	0.06460	0.02706	0.19248	0.07254	0.11474	0.01180	0.03505	0.04020	0.02565	0.01234	0.00821	0.00041	0.02073	0.01517	0.01754	0.02723
4	0.00207	0.00153	0.00187	0.00822	0.01159	0.01545	0.00746	0.01656	0.04397	0.04003	0.46919	0.10021	0.12448	0.06105	0.01259	0.01127	0.00080	0.01488	0.00120	0.05557
5	0.01192	0.00130	0.00169	0.00165	0.01079	0.00122	0.00121	0.00239	0.00323	0.03219	0.68613	0.10397	0.04142	0.04124	0.01995	0.00047	0.00071	0.01909	0.01827	0.00117
6	0.01360	0.00125	0.00158	0.00171	0.00191	0.00118	0.00121	0.02164	0.00264	0.03345	0.10309	0.54803	0.11455	0.07454	0.01018	0.00054	0.00081	0.06586	0.00115	0.00108
7	0.00273	0.00217	0.00257	0.00185	0.00293	0.00165	0.00148	0.00328	0.00266	0.06137	0.02921	0.00287	0.00219	0.00100	0.00095	0.00020	0.00092	0.00081	0.00080	0.87834
8	0.92156	0.00239	0.00186	0.00164	0.00243	0.00273	0.00135	0.00363	0.00213	0.00550	0.00175	0.00204	0.00137	0.00114	0.00078	0.00038	0.00096	0.00068	0.00077	0.04492
9	0.00329	0.64756	0.16282	0.00255	0.00372	0.02085	0.05561	0.00394	0.01412	0.05939	0.00212	0.00242	0.00176	0.01399	0.00101	0.00032	0.00145	0.00081	0.00061	0.00166
10	0.01679	0.11112	0.11445	0.04274	0.03681	0.01939	0.01169	0.04748	0.09386	0.04100	0.25476	0.04559	0.11042	0.00194	0.00130	0.00038	0.01233	0.00162	0.00101	0.03531
11	0.00176	0.00127	0.00153	0.00154	0.00181	0.00115	0.00110	0.01607	0.00294	0.02754	0.33447	0.24557	0.27653	0.07876	0.00187	0.00049	0.00070	0.00260	0.00121	0.00110
12	0.04109	0.08602	0.07196	0.01164	0.04571	0.01855	0.01540	0.09945	0.14685	0.03235	0.03703	0.18408	0.02381	0.00962	0.00128	0.00038	0.00837	0.01141	0.02829	0.12670
13	0.02592	0.14776	0.07310	0.00261	0.05709	0.04361	0.05089	0.06239	0.03774	0.06989	0.03867	0.14299	0.04664	0.07248	0.02559	0.00048	0.01388	0.02030	0.02895	0.03903
14	0.01484	0.06252	0.08593	0.04286	0.03977	0.01700	0.01430	0.07393	0.01423	0.06840	0.05111	0.22811	0.07087	0.02383	0.00746	0.00569	0.01944	0.01173	0.00095	0.14703

[dist]
# distance from previous block
# <min> <max>
2	39

[block]
# block no. 1 follows, 261 sequences, length 10
# corresponding to MSA columns:
# 1292-1301
name=unknown_B
#
# <colnr> <probs for GDERKNQSTAVLIFYWHMCP>
#	G	D	E	R	K	N	Q	S	T	A	V	L	I	F	Y	W	H	M	C	P
0	0.00338	0.00283	0.02623	0.08538	0.27270	0.02577	0.02145	0.19551	0.10181	0.07536	0.05474	0.01659	0.01611	0.01149	0.00129	0.00038	0.00130	0.00124	0.00988	0.07656
1	0.00206	0.00155	0.00188	0.01460	0.00221	0.00154	0.00137	0.04622	0.05469	0.03346	0.22509	0.25327	0.21554	0.01087	0.01114	0.00045	0.05442	0.01387	0.02446	0.03129
2	0.01230	0.00218	0.00325	0.17769	0.28546	0.01458	0.01356	0.01744	0.03865	0.01771	0.10571	0.09408	0.13731	0.01277	0.00970	0.00043	0.04333	0.01148	0.00086	0.00149
3	0.00178	0.00125	0.00150	0.00159	0.00185	0.00114	0.00112	0.00215	0.02197	0.02314	0.04242	0.49202	0.20835	0.03482	0.01371	0.00048	0.00075	0.00273	0.09842	0.04882
4	0.74345	0.00289	0.00221	0.00193	0.00271	0.11542	0.00156	0.07405	0.00261	0.04090	0.00196	0.00220	0.00150	0.00121	0.00086	0.00038	0.00115	0.00074	0.00082	0.00144
5	0.03827	0.01299	0.01080	0.02641	0.00318	0.02000	0.00943	0.08739	0.07912	0.06997	0.01000	0.00325	0.01578	0.00992	0.05464	0.00038	0.02613	0.00096	0.00087	0.52050
6	0.80633	0.00286	0.06115	0.00188	0.00271	0.05619	0.00164	0.00388	0.04606	0.00531	0.00193	0.00219	0.00149	0.00119	0.00084	0.00038	0.00109	0.00073	0.00077	0.00141
7	0.00170	0.00124	0.00155	0.00172	0.00192	0.00118	0.00120	0.00217	0.06146	0.02155	0.05150	0.67272	0.14883	0.00352	0.00154	0.00048	0.00073	0.02270	0.00118	0.00111
8	0.00273	0.00234	0.01423	0.38580	0.03384	0.02570	0.03578	0.07150	0.11163	0.04829	0.03370	0.03897	0.02948	0.06776	0.04700	0.00054	0.03215	0.00868	0.00841	0.00148
9	0.01080	0.06658	0.03473	0.20232	0.06858	0.00274	0.25186	0.01870	0.03300	0.03532	0.03229	0.04457	0.01575	0.02559	0.01004	0.01915	0.04543	0.00694	0.01151	0.06409

[dist]
# distance from previous block
# <min> <max>
7	44

[block]
# block no. 2 follows, 261 sequences, length 6
# corresponding to MSA columns:
# 1356-1361
name=unknown_C
#
# <colnr> <probs for GDERKNQSTAVLIFYWHMCP>
#	G	D	E	R	K	N	Q	S	T	A	V	L	I	F	Y	W	H	M	C	P
0	0.00298	0.06270	0.00383	0.07676	0.34182	0.09589	0.03579	0.01803	0.04991	0.05184	0.09424	0.07490	0.03651	0.02062	0.01562	0.00042	0.00137	0.00144	0.01371	0.00162
1	0.02346	0.00228	0.00300	0.00293	0.14112	0.00221	0.01861	0.12152	0.06376	0.35713	0.04394	0.02123	0.00320	0.00150	0.00118	0.00036	0.00106	0.00126	0.14514	0.04509
2	0.77219	0.00245	0.00227	0.06202	0.08162	0.00281	0.00172	0.00379	0.05354	0.00527	0.00199	0.00233	0.00155	0.00118	0.00086	0.00039	0.00105	0.00078	0.00077	0.00143
3	0.00257	0.03092	0.02109	0.07412	0.20137	0.00226	0.04213	0.03352	0.09642	0.02026	0.16600	0.08237	0.12949	0.01215	0.01436	0.00044	0.01171	0.01247	0.01125	0.03509
4	0.00168	0.00131	0.00197	0.00198	0.00219	0.00123	0.07966	0.00201	0.00255	0.00343	0.12271	0.66262	0.04091	0.03481	0.03423	0.00055	0.00092	0.00304	0.00111	0.00108
5	0.01429	0.04351	0.09638	0.29190	0.14722	0.03115	0.03240	0.01806	0.03475	0.00376	0.08807	0.03726	0.01970	0.01446	0.01837	0.00044	0.06149	0.01112	0.03418	0.00150

[dist]
# distance from previous block
# <min> <max>
9	56

[block]
# block no. 3 follows, 261 sequences, length 9
# corresponding to MSA columns:
# 1427-1429,1450-1452,1472-1474
name=unknown_D
#
# <colnr> <probs for GDERKNQSTAVLIFYWHMCP>
#	G	D	E	R	K	N	Q	S	T	A	V	L	I	F	Y	W	H	M	C	P
0	0.00334	0.02599	0.01628	0.04702	0.01223	0.19372	0.10814	0.09948	0.06200	0.05967	0.04726	0.03395	0.00284	0.03624	0.04551	0.00049	0.12077	0.00889	0.00084	0.07534
1	0.04730	0.03524	0.02952	0.03833	0.01492	0.02139	0.37345	0.15040	0.05135	0.04541	0.01079	0.01431	0.01995	0.00153	0.01753	0.00043	0.07952	0.01008	0.01040	0.02813
2	0.08063	0.00280	0.00418	0.18961	0.48007	0.05279	0.02735	0.00368	0.01384	0.02598	0.00252	0.03792	0.00216	0.00136	0.00138	0.00040	0.05715	0.01382	0.00067	0.00169
3	0.00253	0.00223	0.00370	0.71509	0.05646	0.00264	0.03749	0.03365	0.00267	0.03576	0.02748	0.03564	0.00228	0.00166	0.03528	0.00047	0.00163	0.00124	0.00066	0.00144
4	0.00195	0.00136	0.00202	0.00199	0.00225	0.00155	0.00155	0.00240	0.00213	0.04745	0.03939	0.00501	0.00343	0.00869	0.87059	0.00186	0.00311	0.00136	0.00073	0.00116
5	0.01307	0.00156	0.00194	0.03391	0.01938	0.00156	0.00142	0.04344	0.05376	0.02026	0.41709	0.07586	0.18573	0.03369	0.01781	0.01355	0.02702	0.03653	0.00118	0.00124
6	0.00273	0.00213	0.00263	0.00195	0.00296	0.00166	0.02503	0.00327	0.00263	0.07924	0.00274	0.05978	0.00236	0.00140	0.02966	0.00028	0.00102	0.00098	0.00082	0.77671
7	0.01723	0.00236	0.00316	0.10676	0.04528	0.03051	0.06118	0.10705	0.05982	0.31302	0.11149	0.00481	0.04252	0.00173	0.00985	0.00041	0.02425	0.01210	0.04472	0.00173
8	0.00273	0.00271	0.09557	0.10086	0.19743	0.04816	0.04553	0.03310	0.03226	0.06092	0.20668	0.07595	0.02124	0.00182	0.00132	0.00039	0.00125	0.03198	0.01518	0.02493

[dist]
# distance from previous block
# <min> <max>
0	21

[block]
# block no. 4 follows, 261 sequences, length 12
# corresponding to MSA columns:
# 1496-1507
name=unknown_E
#
# <colnr> <probs for GDERKNQSTAVLIFYWHMCP>
#	G	D	E	R	K	N	Q	S	T	A	V	L	I	F	Y	W	H	M	C	P
0	0.50913	0.08661	0.14064	0.04589	0.01520	0.13161	0.00220	0.01791	0.00251	0.01838	0.00192	0.00226	0.00150	0.00120	0.00098	0.00037	0.01874	0.00077	0.00070	0.00148
1	0.00307	0.66080	0.26872	0.00256	0.00380	0.00431	0.00283	0.00375	0.00253	0.00320	0.00186	0.00219	0.00159	0.00113	0.00101	0.00031	0.03340	0.00075	0.00053	0.00165
2	0.01928	0.02119	0.03530	0.02817	0.03359	0.07033	0.02921	0.07926	0.10965	0.03573	0.03766	0.15116	0.01665	0.03639	0.05598	0.00053	0.09310	0.05523	0.03346	0.05813
3	0.00171	0.00126	0.00161	0.00153	0.00183	0.00115	0.00114	0.00226	0.00340	0.00473	0.80584	0.04203	0.12157	0.00266	0.00147	0.00040	0.00060	0.00233	0.00133	0.00115
4	0.00155	0.00122	0.00140	0.00146	0.00176	0.00107	0.00106	0.00190	0.00286	0.00364	0.19491	0.23649	0.51628	0.00321	0.00150	0.00044	0.00066	0.02633	0.00119	0.00107
5	0.82146	0.00232	0.00194	0.00170	0.00247	0.00261	0.00139	0.00387	0.00229	0.11549	0.00227	0.03380	0.00177	0.00129	0.00085	0.00039	0.00096	0.00083	0.00087	0.00142
6	0.00192	0.00164	0.00209	0.01674	0.01511	0.01172	0.06667	0.01340	0.08115	0.00404	0.25219	0.00957	0.45144	0.01214	0.00149	0.00042	0.00083	0.04482	0.01136	0.00124
7	0.00180	0.00128	0.00159	0.00150	0.00184	0.00116	0.00113	0.00233	0.00335	0.02614	0.70666	0.00958	0.20485	0.00261	0.00144	0.00039	0.00061	0.00227	0.02830	0.00117
8	0.00252	0.01022	0.03041	0.02013	0.01480	0.00231	0.02915	0.03266	0.32999	0.02556	0.22182	0.07954	0.09862	0.00220	0.00159	0.00043	0.07743	0.01792	0.00115	0.00154
9	0.04245	0.18423	0.04138	0.07428	0.04795	0.09448	0.04330	0.09498	0.04041	0.14397	0.02230	0.01020	0.00248	0.00158	0.00901	0.00040	0.10264	0.04144	0.00086	0.00166
10	0.01463	0.00282	0.00428	0.20266	0.42580	0.01499	0.04547	0.16539	0.03529	0.02153	0.02553	0.00343	0.01116	0.00129	0.00124	0.00038	0.00145	0.00117	0.01968	0.00180
11	0.06117	0.00259	0.00326	0.11029	0.08033	0.03428	0.01529	0.19727	0.02783	0.23342	0.02519	0.02942	0.01343	0.02771	0.01573	0.00045	0.08462	0.02524	0.00104	0.01147

[dist]
# distance from previous block
# <min> <max>
0	3

[block]
# block no. 5 follows, 261 sequences, length 8
# corresponding to MSA columns:
# 1514-1521
name=unknown_F
#
# <colnr> <probs for GDERKNQSTAVLIFYWHMCP>
#	G	D	E	R	K	N	Q	S	T	A	V	L	I	F	Y	W	H	M	C	P
0	0.28865	0.00243	0.00281	0.00231	0.01521	0.01432	0.05665	0.09887	0.06032	0.28862	0.03602	0.01831	0.00280	0.01470	0.01128	0.00041	0.00113	0.01895	0.00110	0.06510
1	0.01716	0.44373	0.33748	0.00266	0.00391	0.01812	0.00294	0.06054	0.03209	0.00369	0.00235	0.02406	0.00202	0.02299	0.00114	0.00036	0.00149	0.02096	0.00063	0.00167
2	0.04919	0.00258	0.01935	0.00223	0.00276	0.12576	0.01352	0.17096	0.04071	0.07016	0.11742	0.02910	0.07013	0.13185	0.08661	0.01278	0.02354	0.02894	0.00100	0.00142
3	0.00193	0.00134	0.00179	0.00176	0.00192	0.00146	0.00126	0.00222	0.00209	0.03020	0.04709	0.04182	0.02028	0.33018	0.44412	0.00142	0.03578	0.00162	0.03070	0.00102
4	0.00267	0.02046	0.02507	0.16082	0.19449	0.03918	0.03594	0.07025	0.01438	0.00377	0.04201	0.10427	0.01491	0.02427	0.05165	0.01482	0.13538	0.04338	0.00077	0.00148
5	0.00197	0.00127	0.00160	0.00155	0.00185	0.00118	0.00117	0.00250	0.00319	0.04296	0.57314	0.10793	0.05937	0.00253	0.00138	0.00039	0.00064	0.03797	0.15623	0.00118
6	0.00336	0.61764	0.01567	0.01559	0.00329	0.03708	0.01357	0.11536	0.02750	0.02423	0.02490	0.01704	0.02432	0.00166	0.04203	0.00038	0.00141	0.01263	0.00072	0.00161
7	0.00172	0.00130	0.00148	0.00150	0.00185	0.00117	0.00111	0.00215	0.03082	0.03253	0.11817	0.18718	0.52911	0.02763	0.02036	0.00049	0.00075	0.03840	0.00117	0.00111

[dist]
# distance from previous block
# <min> <max>
4	6

[block]
# block no. 6 follows, 261 sequences, length 18
# corresponding to MSA columns:
# 1533,1537-1539,1547-1560
name=unknown_G
#
# <colnr> <probs for GDERKNQSTAVLIFYWHMCP>
#	G	D	E	R	K	N	Q	S	T	A	V	L	I	F	Y	W	H	M	C	P
0	0.00275	0.01513	0.02401	0.00959	0.00338	0.05711	0.14040	0.07169	0.08010	0.03185	0.02176	0.19756	0.01134	0.03253	0.02810	0.00044	0.02340	0.00978	0.00091	0.23817
1	0.03521	0.00206	0.00273	0.00213	0.00302	0.00182	0.00175	0.01890	0.00350	0.82196	0.05053	0.01482	0.00349	0.00160	0.00124	0.00038	0.00102	0.00130	0.03054	0.00200
2	0.01623	0.00233	0.02206	0.01701	0.00293	0.02089	0.03683	0.21184	0.19101	0.01604	0.07863	0.14048	0.11363	0.08032	0.01972	0.00051	0.01096	0.00673	0.01030	0.00152
3	0.00153	0.00110	0.00145	0.00172	0.00182	0.00103	0.00117	0.00177	0.00243	0.00323	0.02487	0.87253	0.04479	0.00382	0.00158	0.00050	0.00073	0.03176	0.00116	0.00102
4	0.06467	0.06943	0.00332	0.00236	0.00332	0.06026	0.00194	0.39264	0.01006	0.02293	0.00273	0.00290	0.02044	0.00128	0.00110	0.00030	0.01170	0.00095	0.01054	0.31713
5	0.00261	0.00202	0.02204	0.03097	0.00288	0.04461	0.06453	0.04163	0.01698	0.11267	0.12097	0.07412	0.04636	0.10967	0.23734	0.00089	0.03694	0.02028	0.00095	0.01154
6	0.00162	0.00119	0.00153	0.00175	0.00187	0.00114	0.00120	0.00200	0.04512	0.00326	0.01873	0.76208	0.04114	0.05298	0.02985	0.00058	0.00084	0.03094	0.00113	0.00105
7	0.03901	0.03310	0.02754	0.00232	0.00328	0.00235	0.00196	0.17819	0.01120	0.65374	0.00428	0.01957	0.00286	0.01315	0.00128	0.00039	0.00113	0.00122	0.00138	0.00203
8	0.00179	0.00121	0.00135	0.00135	0.00137	0.00120	0.00076	0.00180	0.00185	0.00245	0.00429	0.00829	0.04606	0.91439	0.00611	0.00117	0.00118	0.00184	0.00077	0.00077
9	0.00278	0.12048	0.72179	0.00327	0.00491	0.02254	0.02142	0.00399	0.00267	0.04543	0.00228	0.00262	0.00166	0.00117	0.00113	0.00037	0.00172	0.00090	0.00058	0.03828
10	0.78566	0.00276	0.00210	0.00187	0.00261	0.09982	0.00152	0.02926	0.00240	0.02457	0.00197	0.01088	0.00158	0.00126	0.00089	0.00038	0.01305	0.01525	0.00079	0.00138
11	0.08061	0.00217	0.00279	0.00217	0.00309	0.00197	0.00179	0.05239	0.00355	0.78990	0.04321	0.00420	0.00324	0.00155	0.00122	0.00038	0.00105	0.00124	0.00145	0.00201
12	0.00338	0.00289	0.00297	0.00260	0.00334	0.03121	0.00204	0.14990	0.77477	0.00553	0.00464	0.00431	0.00347	0.00164	0.00126	0.00041	0.00108	0.00134	0.00124	0.00197
13	0.00304	0.00288	0.00484	0.21708	0.73891	0.00298	0.00378	0.00376	0.00284	0.00399	0.00243	0.00330	0.00202	0.00122	0.00129	0.00040	0.00156	0.00115	0.00064	0.00190
14	0.00271	0.00253	0.00414	0.58252	0.32328	0.01672	0.00350	0.01751	0.01547	0.01649	0.00233	0.00324	0.00181	0.00121	0.00124	0.00040	0.00158	0.00111	0.00061	0.00161
15	0.00419	0.00500	0.00338	0.00314	0.02859	0.69543	0.00233	0.03240	0.13661	0.00354	0.01717	0.00915	0.00222	0.00808	0.01220	0.00037	0.02426	0.00962	0.00076	0.00153
16	0.00253	0.00234	0.00384	0.54011	0.28778	0.00264	0.00325	0.00335	0.02756	0.01324	0.01587	0.01703	0.07243	0.00141	0.00126	0.00040	0.00147	0.00128	0.00066	0.00154
17	0.02800	0.00217	0.00257	0.00200	0.03060	0.00169	0.00153	0.00314	0.00258	0.02117	0.00249	0.05343	0.00219	0.00110	0.00097	0.00022	0.00093	0.00090	0.00077	0.84155

[dist]
# distance from previous block
# <min> <max>
0	8

[block]
# block no. 7 follows, 261 sequences, length 16
# corresponding to MSA columns:
# 1569-1572,1585,1594-1604
name=unknown_H
#
# <colnr> <probs for GDERKNQSTAVLIFYWHMCP>
#	G	D	E	R	K	N	Q	S	T	A	V	L	I	F	Y	W	H	M	C	P
0	0.00370	0.12504	0.03666	0.05572	0.09501	0.43769	0.08539	0.02075	0.01803	0.01501	0.02059	0.01671	0.02528	0.00912	0.00127	0.00036	0.02365	0.00781	0.00068	0.00154
1	0.00168	0.00119	0.00152	0.00164	0.00180	0.00112	0.00114	0.00199	0.00265	0.01668	0.23312	0.49280	0.09043	0.10138	0.01321	0.00056	0.01027	0.01643	0.00932	0.00105
2	0.01535	0.06314	0.16216	0.03786	0.23745	0.06586	0.23080	0.03545	0.01911	0.05111	0.01358	0.01200	0.00736	0.00122	0.00126	0.00038	0.01031	0.00115	0.00070	0.03374
3	0.00232	0.00827	0.02763	0.01024	0.01660	0.03223	0.00774	0.04317	0.02894	0.05307	0.39018	0.04097	0.18826	0.00230	0.00142	0.00038	0.02088	0.02501	0.00116	0.09923
4	0.88774	0.00255	0.00195	0.02096	0.00260	0.04393	0.00144	0.00374	0.00221	0.02139	0.00180	0.00209	0.00139	0.00117	0.00080	0.00038	0.00103	0.00070	0.00077	0.00136
5	0.00364	0.54347	0.00513	0.00238	0.00334	0.01875	0.02925	0.11457	0.12835	0.09444	0.00274	0.00290	0.00218	0.00129	0.00104	0.00032	0.01468	0.01032	0.01948	0.00174
6	0.00182	0.00124	0.00164	0.00175	0.00195	0.00117	0.00968	0.01098	0.00268	0.04598	0.14838	0.63100	0.07494	0.00339	0.00156	0.00047	0.01478	0.02119	0.02429	0.00111
7	0.00166	0.00123	0.00155	0.00155	0.00182	0.00112	0.00113	0.00214	0.00319	0.00437	0.61902	0.19422	0.15660	0.00290	0.00149	0.00042	0.00062	0.00255	0.00129	0.00112
8	0.00184	0.00141	0.00192	0.00192	0.00211	0.02429	0.00144	0.00221	0.00202	0.00282	0.00349	0.03512	0.00344	0.14971	0.75835	0.00179	0.00290	0.00146	0.00069	0.00106
9	0.13477	0.00196	0.00237	0.00193	0.00270	0.00185	0.00157	0.02423	0.01279	0.56042	0.05035	0.02374	0.00341	0.00159	0.00114	0.00037	0.00094	0.01106	0.16104	0.00177
10	0.00254	0.00247	0.00434	0.55614	0.16803	0.00281	0.13927	0.00333	0.00257	0.00343	0.00249	0.00353	0.01902	0.02319	0.00153	0.00043	0.04949	0.00120	0.01269	0.00150
11	0.00170	0.00122	0.00154	0.00153	0.00175	0.00114	0.00108	0.00212	0.00300	0.00415	0.55426	0.17235	0.09660	0.13585	0.00215	0.00052	0.00070	0.00242	0.01482	0.00107
12	0.00260	0.01007	0.03202	0.00221	0.03318	0.01463	0.01633	0.10853	0.10267	0.07874	0.21027	0.22847	0.09185	0.01628	0.00146	0.00043	0.00092	0.01545	0.03247	0.00144
13	0.05042	0.00213	0.00852	0.02273	0.15153	0.00833	0.07106	0.09404	0.04566	0.06364	0.26169	0.10175	0.06868	0.01163	0.00140	0.00041	0.00106	0.02690	0.00691	0.00151
14	0.02372	0.00213	0.00268	0.00215	0.00297	0.02364	0.00174	0.02178	0.06112	0.68392	0.10902	0.01445	0.01781	0.00171	0.00127	0.00039	0.00102	0.01135	0.01523	0.00192
15	0.04087	0.08283	0.02020	0.01781	0.00358	0.46822	0.00226	0.13260	0.01131	0.04901	0.01682	0.03260	0.00217	0.01165	0.00139	0.00036	0.07177	0.00100	0.01358	0.01995

[dist]
# distance from previous block
# <min> <max>
3	21

[block]
# block no. 8 follows, 261 sequences, length 8
# corresponding to MSA columns:
# 1628-1635
name=unknown_I
#
# <colnr> <probs for GDERKNQSTAVLIFYWHMCP>
#	G	D	E	R	K	N	Q	S	T	A	V	L	I	F	Y	W	H	M	C	P
0	0.02557	0.00211	0.00248	0.01846	0.00291	0.00179	0.00153	0.02773	0.07226	0.06327	0.08968	0.04962	0.02282	0.00138	0.00107	0.00027	0.00091	0.00114	0.00092	0.61409
1	0.00249	0.03558	0.79279	0.05355	0.00523	0.00287	0.00420	0.00388	0.02992	0.00390	0.02723	0.00293	0.00195	0.00145	0.02649	0.00043	0.00179	0.00098	0.00057	0.00177
2	0.00174	0.00120	0.00152	0.00167	0.00188	0.00110	0.00120	0.00207	0.00267	0.03767	0.12636	0.55899	0.15487	0.00341	0.00152	0.00047	0.00073	0.06707	0.03277	0.00109
3	0.00320	0.03386	0.14360	0.00248	0.00335	0.00265	0.02147	0.26775	0.13743	0.06850	0.26343	0.00526	0.03803	0.00180	0.00130	0.00039	0.00113	0.00149	0.00115	0.00173
4	0.00231	0.00116	0.00116	0.00116	0.00145	0.00116	0.00087	0.00289	0.00260	0.00463	0.00405	0.00463	0.00318	0.00145	0.00087	0.00029	0.00058	0.00116	0.96326	0.00116
5	0.00206	0.00190	0.06254	0.01569	0.03710	0.00166	0.01915	0.00290	0.10300	0.01707	0.22040	0.03807	0.28006	0.03716	0.02272	0.00048	0.02397	0.04683	0.06595	0.00130
6	0.04387	0.40027	0.02316	0.00240	0.00327	0.16964	0.00211	0.11302	0.02025	0.09698	0.04121	0.01497	0.02463	0.00149	0.01315	0.00035	0.02580	0.00098	0.00081	0.00163
7	0.04699	0.02174	0.02965	0.00248	0.02224	0.01624	0.03979	0.24046	0.04039	0.13358	0.05502	0.04950	0.01132	0.00955	0.00966	0.00036	0.00911	0.01490	0.00104	0.24598

[dist]
# distance from previous block
# <min> <max>
4	30

[block]
# block no. 9 follows, 261 sequences, length 7
# corresponding to MSA columns:
# 1666,1667,1669-1673
name=unknown_J
#
# <colnr> <probs for GDERKNQSTAVLIFYWHMCP>
#	G	D	E	R	K	N	Q	S	T	A	V	L	I	F	Y	W	H	M	C	P
0	0.12522	0.10993	0.05288	0.00257	0.02423	0.17339	0.02609	0.15820	0.04013	0.14374	0.03803	0.00325	0.00249	0.00138	0.00109	0.00035	0.00135	0.00103	0.09300	0.00168
1	0.53176	0.01473	0.10378	0.02054	0.03145	0.01630	0.00190	0.00353	0.03246	0.01873	0.03816	0.03547	0.03111	0.00169	0.01233	0.00042	0.00112	0.09085	0.00084	0.01282
2	0.00182	0.00130	0.00172	0.00192	0.02988	0.00131	0.00133	0.00208	0.00223	0.00299	0.00507	0.22272	0.00570	0.36893	0.12646	0.00098	0.00136	0.22029	0.00092	0.00098
3	0.87326	0.00250	0.00201	0.00175	0.00254	0.00289	0.00144	0.09365	0.00247	0.00579	0.00185	0.00211	0.00142	0.00118	0.00081	0.00038	0.00100	0.00071	0.00081	0.00142
4	0.01444	0.01422	0.24230	0.02570	0.02720	0.00204	0.04247	0.01445	0.02582	0.02954	0.27790	0.03109	0.06434	0.00176	0.00129	0.00036	0.01352	0.00150	0.00093	0.16914
5	0.00155	0.00114	0.00143	0.00163	0.00178	0.00105	0.00112	0.00180	0.00249	0.00325	0.04999	0.64082	0.18638	0.06636	0.00187	0.00053	0.00074	0.03393	0.00114	0.00101
6	0.19484	0.02740	0.03984	0.03713	0.34971	0.03652	0.01278	0.05424	0.04319	0.04012	0.02674	0.00336	0.01949	0.00130	0.00115	0.00037	0.01276	0.01508	0.01099	0.07299

[dist]
# distance from previous block
# <min> <max>
6	45

[block]
# block no. 10 follows, 261 sequences, length 9
# corresponding to MSA columns:
# 1723-1730,1749
name=unknown_K
#
# <colnr> <probs for GDERKNQSTAVLIFYWHMCP>
#	G	D	E	R	K	N	Q	S	T	A	V	L	I	F	Y	W	H	M	C	P
0	0.01469	0.00152	0.00172	0.00161	0.00200	0.00152	0.00122	0.05305	0.08638	0.02031	0.31724	0.05331	0.19321	0.00229	0.00133	0.00038	0.01589	0.00193	0.22910	0.00128
1	0.03675	0.01605	0.00347	0.02976	0.01790	0.03530	0.00222	0.63289	0.05886	0.02560	0.00301	0.02229	0.00226	0.00145	0.00119	0.00036	0.00130	0.00111	0.00112	0.10712
2	0.00212	0.00161	0.00196	0.01375	0.03042	0.00160	0.00144	0.06150	0.13078	0.02079	0.04803	0.51125	0.11008	0.00299	0.00144	0.00045	0.00083	0.00264	0.01820	0.03813
3	0.39748	0.03207	0.03236	0.02732	0.03127	0.12102	0.03988	0.04717	0.01400	0.07785	0.00247	0.01298	0.00206	0.07531	0.01087	0.00046	0.04297	0.01085	0.00080	0.02081
4	0.00187	0.00145	0.00194	0.00207	0.02560	0.02061	0.02864	0.00220	0.01758	0.01692	0.05381	0.55384	0.03759	0.08720	0.06596	0.01081	0.04148	0.02831	0.00103	0.00110
5	0.00391	0.00201	0.00255	0.00226	0.04900	0.00190	0.00170	0.10214	0.04423	0.42826	0.15976	0.00579	0.11120	0.00186	0.00128	0.00038	0.00094	0.00155	0.07755	0.00175
6	0.00254	0.00242	0.01890	0.72091	0.04815	0.01230	0.04362	0.03130	0.01359	0.01444	0.01461	0.00354	0.00197	0.00145	0.01648	0.00044	0.03614	0.01515	0.00062	0.00145
7	0.00303	0.01323	0.02266	0.23937	0.29259	0.07667	0.03624	0.10233	0.02748	0.01914	0.00286	0.02321	0.00242	0.00187	0.05634	0.00048	0.00163	0.04868	0.02812	0.00165
8	0.00159	0.00118	0.00158	0.04829	0.00217	0.00113	0.00130	0.00188	0.00250	0.00329	0.03889	0.71529	0.10729	0.00361	0.00156	0.00049	0.00078	0.06501	0.00113	0.00105

[dist]
# distance from previous block
# <min> <max>
5	20

[block]
# block no. 11 follows, 261 sequences, length 7
# corresponding to MSA columns:
# 1795,1796,1800-1802,1805,1806
name=unknown_L
#
# <colnr> <probs for GDERKNQSTAVLIFYWHMCP>
#	G	D	E	R	K	N	Q	S	T	A	V	L	I	F	Y	W	H	M	C	P
0	0.00173	0.00126	0.00152	0.00156	0.00185	0.00116	0.00114	0.00217	0.02039	0.02383	0.27404	0.24883	0.30602	0.03420	0.02387	0.00050	0.00075	0.03436	0.01971	0.00111
1	0.00180	0.00145	0.02640	0.03899	0.00234	0.00132	0.01889	0.02099	0.00258	0.01567	0.06317	0.56160	0.11124	0.03327	0.00181	0.02565	0.01571	0.05492	0.00108	0.00110
2	0.02674	0.05069	0.12205	0.03604	0.24792	0.03135	0.12427	0.14059	0.03278	0.03962	0.02751	0.04570	0.02770	0.00143	0.00128	0.00038	0.01308	0.00127	0.00081	0.02880
3	0.01157	0.14543	0.19827	0.01793	0.01666	0.02841	0.03748	0.04183	0.07276	0.18030	0.04408	0.11290	0.01863	0.01294	0.01877	0.00043	0.01151	0.01628	0.01218	0.00166
4	0.00156	0.00113	0.00146	0.00168	0.00181	0.00105	0.00115	0.00181	0.00249	0.00330	0.06688	0.71835	0.10568	0.04261	0.00176	0.00052	0.00074	0.04385	0.00115	0.00102
5	0.54841	0.04889	0.06891	0.02719	0.02782	0.01729	0.05995	0.07404	0.00270	0.08091	0.01768	0.00276	0.00189	0.00126	0.00097	0.00038	0.00119	0.01538	0.00083	0.00154
6	0.02528	0.02704	0.11828	0.07196	0.37457	0.06106	0.15113	0.05251	0.01608	0.05872	0.00256	0.01719	0.00202	0.00123	0.00128	0.00038	0.01502	0.00115	0.00071	0.00180

[dist]
# distance from previous block
# <min> <max>
1	5

[block]
# block no. 12 follows, 261 sequences, length 19
# corresponding to MSA columns:
# 1820,1821,1824-1834,1836-1841
name=unknown_M
#
# <colnr> <probs for GDERKNQSTAVLIFYWHMCP>
#	G	D	E	R	K	N	Q	S	T	A	V	L	I	F	Y	W	H	M	C	P
0	0.02413	0.00133	0.00164	0.00170	0.00711	0.00572	0.00773	0.00215	0.01911	0.00835	0.11624	0.24884	0.14387	0.20979	0.09699	0.01490	0.00612	0.06435	0.01223	0.00770
1	0.06499	0.00262	0.01380	0.02505	0.04983	0.02146	0.08422	0.11677	0.02092	0.08616	0.01639	0.00297	0.00212	0.00115	0.00111	0.00029	0.01324	0.00095	0.00086	0.47510
2	0.00185	0.00126	0.00154	0.00155	0.00164	0.00131	0.00101	0.01342	0.00203	0.00282	0.01349	0.10155	0.00460	0.58974	0.17343	0.00119	0.01423	0.01597	0.05646	0.00090
3	0.00258	0.03479	0.88305	0.00346	0.00524	0.00297	0.00442	0.02643	0.01865	0.00402	0.00228	0.00265	0.00162	0.00119	0.00117	0.00039	0.00179	0.00092	0.00055	0.00184
4	0.00198	0.00153	0.00173	0.00170	0.01019	0.00147	0.00127	0.04427	0.11295	0.02007	0.17705	0.14140	0.41536	0.00282	0.00144	0.00043	0.00074	0.03776	0.02458	0.00125
5	0.00410	0.00189	0.00245	0.00202	0.00273	0.00173	0.00161	0.01353	0.08610	0.54818	0.23388	0.03769	0.02246	0.00190	0.00130	0.00039	0.00090	0.00160	0.03376	0.00178
6	0.00190	0.00133	0.00163	0.00154	0.00189	0.00121	0.00115	0.00244	0.02286	0.05285	0.57906	0.05198	0.23041	0.04222	0.00166	0.00044	0.00066	0.00230	0.00129	0.00118
7	0.96513	0.00240	0.00182	0.00163	0.00240	0.00279	0.00134	0.00365	0.00211	0.00557	0.00173	0.00202	0.00134	0.00115	0.00077	0.00038	0.00096	0.00067	0.00077	0.00134
8	0.00211	0.00165	0.01840	0.12996	0.01638	0.00164	0.01276	0.03133	0.00280	0.02107	0.05761	0.17782	0.03304	0.05455	0.00181	0.00054	0.00112	0.42267	0.01155	0.00121
9	0.00464	0.00592	0.00352	0.00320	0.00384	0.95138	0.00240	0.00496	0.00352	0.00304	0.00192	0.00224	0.00160	0.00128	0.00112	0.00032	0.00224	0.00080	0.00064	0.00144
10	0.93096	0.00239	0.00189	0.03541	0.00262	0.00278	0.00142	0.00363	0.00213	0.00549	0.00175	0.00206	0.00136	0.00116	0.00079	0.00039	0.00099	0.00069	0.00076	0.00135
11	0.00252	0.00229	0.00380	0.65173	0.16736	0.00896	0.02424	0.00331	0.01084	0.02221	0.02212	0.02760	0.01093	0.00139	0.00129	0.01004	0.00154	0.01151	0.01483	0.00147
12	0.00172	0.00128	0.00154	0.00150	0.00182	0.00116	0.00111	0.00222	0.01734	0.01541	0.52219	0.07011	0.30372	0.04206	0.00167	0.00044	0.00065	0.01166	0.00126	0.00113
13	0.00215	0.00114	0.00170	0.00169	0.00170	0.00118	0.00115	0.00169	0.00165	0.00223	0.00222	0.00382	0.00221	0.00459	0.06814	0.87367	0.02683	0.00110	0.00055	0.00060
14	0.00176	0.00128	0.00159	0.00154	0.00184	0.00116	0.00114	0.00227	0.01342	0.02147	0.62056	0.10686	0.20152	0.01614	0.00154	0.00042	0.00063	0.00242	0.00129	0.00115
15	0.01783	0.06167	0.01357	0.15462	0.33662	0.26740	0.01331	0.02446	0.04237	0.01303	0.00229	0.00287	0.00186	0.00125	0.00127	0.00037	0.03610	0.00100	0.00645	0.00167
16	0.13538	0.00258	0.00293	0.00231	0.00321	0.00264	0.00189	0.31503	0.04177	0.42642	0.00380	0.00355	0.00256	0.00147	0.00116	0.00038	0.00112	0.00113	0.04873	0.00196
17	0.07618	0.01905	0.12313	0.10648	0.21174	0.06644	0.03109	0.08991	0.01208	0.11858	0.01149	0.00313	0.00882	0.00132	0.00133	0.00038	0.05541	0.00105	0.00834	0.05405
18	0.04566	0.06777	0.02120	0.04872	0.03414	0.05420	0.01333	0.35705	0.28227	0.02851	0.00334	0.00336	0.00248	0.00145	0.00122	0.00038	0.01136	0.00113	0.00106	0.02138

[dist]
# distance from previous block
# <min> <max>
2	15

[block]
# block no. 13 follows, 261 sequences, length 15
# corresponding to MSA columns:
# 1857,1860-1873
name=unknown_N
#
# <colnr> <probs for GDERKNQSTAVLIFYWHMCP>
#	G	D	E	R	K	N	Q	S	T	A	V	L	I	F	Y	W	H	M	C	P
0	0.03085	0.07161	0.15256	0.04993	0.02184	0.10080	0.15643	0.03562	0.14370	0.03202	0.01857	0.00924	0.02501	0.00161	0.01399	0.00511	0.11623	0.01248	0.00077	0.00164
1	0.01455	0.00229	0.00248	0.00226	0.00288	0.00254	0.00176	0.01362	0.64244	0.04056	0.10284	0.02606	0.09342	0.00199	0.00131	0.00042	0.00091	0.03372	0.00126	0.01268
2	0.00179	0.00134	0.00161	0.00161	0.00195	0.00124	0.01082	0.00233	0.05619	0.02954	0.19601	0.25290	0.38002	0.00315	0.01632	0.00046	0.00075	0.02689	0.01393	0.00115
3	0.01870	0.00158	0.00199	0.01346	0.01096	0.00147	0.00142	0.01938	0.03790	0.25873	0.08771	0.28058	0.16728	0.02389	0.02091	0.00048	0.00090	0.02529	0.02598	0.00140
4	0.00188	0.00130	0.00158	0.00155	0.00187	0.00117	0.00114	0.00234	0.01378	0.06032	0.39062	0.17281	0.28870	0.02763	0.00159	0.00044	0.00068	0.01274	0.01670	0.00116
5	0.17690	0.00199	0.00233	0.03521	0.00284	0.00200	0.00164	0.06477	0.03686	0.32801	0.10539	0.02064	0.08061	0.00210	0.03166	0.00045	0.00105	0.06147	0.04247	0.00160
6	0.00407	0.01774	0.02467	0.12748	0.02602	0.61495	0.03975	0.03723	0.01846	0.03005	0.00220	0.01168	0.00178	0.00134	0.00127	0.00035	0.03782	0.00094	0.00068	0.00151
7	0.02943	0.00181	0.00228	0.00191	0.00258	0.00166	0.00152	0.01680	0.04696	0.50287	0.07346	0.08698	0.07226	0.02604	0.00138	0.00041	0.00091	0.01068	0.11838	0.00169
8	0.00159	0.00120	0.00140	0.00148	0.00175	0.00106	0.00105	0.00189	0.00271	0.01770	0.10812	0.36546	0.45130	0.03537	0.00167	0.00047	0.00068	0.00287	0.00117	0.00105
9	0.00282	0.01229	0.16545	0.04810	0.17236	0.02861	0.16843	0.04185	0.06964	0.04627	0.02653	0.08327	0.03692	0.00667	0.00633	0.00043	0.00148	0.06918	0.01170	0.00165
10	0.01513	0.00391	0.19054	0.06228	0.04038	0.18577	0.06597	0.10354	0.05925	0.16292	0.02354	0.02841	0.00873	0.00851	0.00127	0.00039	0.00156	0.01174	0.02448	0.00173
11	0.03432	0.00216	0.00245	0.00207	0.00271	0.00224	0.00164	0.25530	0.09060	0.19551	0.07126	0.07414	0.02138	0.01602	0.03094	0.00044	0.00104	0.00147	0.19265	0.00167
12	0.02489	0.21185	0.54258	0.00323	0.02680	0.00320	0.06564	0.00389	0.00267	0.04792	0.00257	0.00309	0.01900	0.00126	0.00113	0.00037	0.00162	0.02533	0.01122	0.00174
13	0.04602	0.01733	0.10577	0.04557	0.04028	0.10646	0.02085	0.03905	0.05491	0.04609	0.03997	0.01699	0.00293	0.12290	0.10370	0.00068	0.15285	0.00953	0.02669	0.00143
14	0.05113	0.02351	0.02767	0.02954	0.04615	0.00182	0.01936	0.03851	0.03557	0.02602	0.02931	0.20779	0.07038	0.00302	0.02762	0.00956	0.01118	0.33954	0.00104	0.00129

[dist]
# distance from previous block
# <min> <max>
5	9

[block]
# block no. 14 follows, 261 sequences, length 10
# corresponding to MSA columns:
# 1887-1896
name=unknown_O
#
# <colnr> <probs for GDERKNQSTAVLIFYWHMCP>
#	G	D	E	R	K	N	Q	S	T	A	V	L	I	F	Y	W	H	M	C	P
0	0.01543	0.05156	0.10898	0.17821	0.27348	0.02739	0.09197	0.03144	0.03109	0.03755	0.03580	0.03069	0.03722	0.00141	0.00128	0.00039	0.01304	0.00829	0.00073	0.02407
1	0.01297	0.02569	0.10116	0.02393	0.14000	0.02231	0.14157	0.03584	0.06391	0.14450	0.03986	0.04536	0.07825	0.00916	0.01118	0.00042	0.04640	0.01737	0.00761	0.03253
2	0.02217	0.00156	0.00200	0.02798	0.02000	0.01349	0.00166	0.01842	0.03199	0.05464	0.05098	0.24948	0.07789	0.03622	0.02544	0.01595	0.01846	0.32230	0.00816	0.00121
3	0.02197	0.00136	0.00168	0.00160	0.00188	0.00131	0.01654	0.01604	0.01827	0.02552	0.40233	0.10194	0.07576	0.16017	0.01660	0.00055	0.00081	0.01133	0.12321	0.00113
4	0.02052	0.05780	0.07567	0.19047	0.22844	0.07338	0.03717	0.08545	0.02917	0.09594	0.01279	0.01565	0.02152	0.00139	0.00131	0.00039	0.03266	0.00913	0.00943	0.00171
5	0.03209	0.02490	0.04165	0.26502	0.28241	0.03479	0.07276	0.08092	0.02177	0.06780	0.00261	0.01561	0.00205	0.01429	0.00132	0.00039	0.01086	0.00114	0.00074	0.02690
6	0.00201	0.00152	0.01587	0.00972	0.00218	0.02466	0.01640	0.00245	0.02740	0.05986	0.14513	0.42498	0.12575	0.04394	0.03318	0.00054	0.01174	0.04047	0.01103	0.00117
7	0.02508	0.00207	0.04461	0.00225	0.02153	0.01063	0.03715	0.10132	0.03132	0.17281	0.11101	0.26445	0.07265	0.04565	0.00163	0.00046	0.00931	0.02677	0.00960	0.00969
8	0.04753	0.14001	0.12581	0.06680	0.14851	0.07222	0.11172	0.05528	0.01135	0.06028	0.05707	0.00348	0.03185	0.00135	0.00127	0.00037	0.03388	0.00113	0.00075	0.02933
9	0.10834	0.06875	0.07072	0.05294	0.11362	0.11016	0.05095	0.09366	0.07003	0.09184	0.02586	0.04122	0.02222	0.01665	0.00971	0.00040	0.01572	0.00119	0.00917	0.02684

[dist]
# distance from previous block
# <min> <max>
0	759

# created by:
# /home/berkeley/.conda/envs/busco_data_prod/bin/msa2prfl.pl pipeline/OGs_align_augustus/2759/340500.fs
