[name]
unknown

[dist]
# distance from previous block
# <min> <max>
0	113

[block]
# block no. 0 follows, 293 sequences, length 14
# corresponding to MSA columns:
# 262-275
name=unknown_A
#
# <colnr> <probs for GDERKNQSTAVLIFYWHMCP>
#	G	D	E	R	K	N	Q	S	T	A	V	L	I	F	Y	W	H	M	C	P
0	0.01425	0.21912	0.17330	0.01091	0.02335	0.01938	0.04105	0.06786	0.05835	0.09489	0.07130	0.00334	0.02826	0.00138	0.01934	0.00033	0.00119	0.01308	0.00076	0.13855
1	0.01628	0.24211	0.05991	0.00239	0.03157	0.21693	0.02614	0.08582	0.01392	0.02839	0.00949	0.07549	0.00218	0.03169	0.00113	0.00031	0.00801	0.00098	0.00067	0.14658
2	0.03094	0.07125	0.02553	0.01335	0.03194	0.01174	0.04352	0.04382	0.02657	0.02163	0.00448	0.42399	0.03440	0.02135	0.04525	0.00047	0.02534	0.05181	0.00087	0.07176
3	0.00235	0.21558	0.08834	0.00201	0.00262	0.00235	0.01860	0.07764	0.10784	0.02279	0.00380	0.30406	0.00388	0.03610	0.04308	0.00045	0.00109	0.02580	0.00967	0.03195
4	0.20039	0.01466	0.23797	0.00963	0.03304	0.05549	0.04825	0.08537	0.04585	0.03878	0.00734	0.00821	0.00180	0.01825	0.02520	0.00558	0.15245	0.00962	0.00067	0.00144
5	0.01048	0.00152	0.02033	0.04446	0.02582	0.01346	0.01811	0.01217	0.06760	0.03648	0.11575	0.11719	0.42371	0.03285	0.00143	0.00041	0.00078	0.05535	0.00100	0.00111
6	0.00308	0.00258	0.01834	0.02129	0.00345	0.03782	0.17948	0.36114	0.03824	0.02357	0.04878	0.02005	0.00282	0.07156	0.02193	0.00043	0.01193	0.04203	0.05799	0.03349
7	0.00184	0.00104	0.00148	0.03124	0.00163	0.00107	0.00100	0.00157	0.00154	0.00207	0.00238	0.00436	0.00248	0.22791	0.07488	0.64008	0.00116	0.00114	0.00054	0.00059
8	0.00825	0.02083	0.00304	0.33336	0.04770	0.01045	0.02901	0.11214	0.04178	0.01209	0.07141	0.02103	0.05898	0.01950	0.02150	0.00041	0.12982	0.00120	0.01647	0.04105
9	0.00308	0.50219	0.04589	0.00210	0.00289	0.07611	0.01154	0.11584	0.00268	0.05284	0.00237	0.01351	0.02118	0.02116	0.00128	0.06845	0.01326	0.04159	0.00065	0.00139
10	0.03352	0.04768	0.00303	0.03191	0.01611	0.02314	0.05975	0.23157	0.06292	0.02566	0.01086	0.04295	0.04249	0.00131	0.00116	0.00030	0.05334	0.00105	0.00082	0.31044
11	0.06515	0.02001	0.14229	0.02242	0.00336	0.05191	0.11882	0.05935	0.04245	0.16305	0.09085	0.06865	0.01566	0.01355	0.00129	0.01139	0.02471	0.02687	0.00086	0.05737
12	0.00218	0.00123	0.01210	0.01384	0.01725	0.00118	0.00117	0.01014	0.00936	0.09902	0.04471	0.07062	0.05972	0.06357	0.02849	0.54989	0.01273	0.00131	0.00071	0.00081
13	0.00206	0.00130	0.00160	0.01704	0.00195	0.00120	0.00115	0.02218	0.01686	0.14867	0.12009	0.22453	0.31179	0.04831	0.05110	0.00049	0.00083	0.01285	0.00106	0.01493

[dist]
# distance from previous block
# <min> <max>
6	35

[block]
# block no. 1 follows, 293 sequences, length 7
# corresponding to MSA columns:
# 350,351,353-357
name=unknown_B
#
# <colnr> <probs for GDERKNQSTAVLIFYWHMCP>
#	G	D	E	R	K	N	Q	S	T	A	V	L	I	F	Y	W	H	M	C	P
0	0.00180	0.00120	0.00149	0.00139	0.00173	0.00107	0.00105	0.00225	0.00296	0.08788	0.59089	0.04698	0.25035	0.00239	0.00130	0.00036	0.00058	0.00207	0.00118	0.00109
1	0.00173	0.00140	0.00194	0.00196	0.00208	0.00157	0.02099	0.00200	0.00211	0.00289	0.02817	0.39804	0.02779	0.09449	0.03412	0.00057	0.19813	0.17816	0.00087	0.00099
2	0.12088	0.42762	0.06736	0.03943	0.01264	0.01325	0.00194	0.01999	0.01262	0.03194	0.00217	0.04478	0.01228	0.02370	0.03540	0.00037	0.07862	0.00088	0.00060	0.05353
3	0.00157	0.00118	0.00170	0.00170	0.00191	0.00133	0.00130	0.00193	0.00185	0.00261	0.00380	0.00513	0.09259	0.05672	0.81745	0.00162	0.00266	0.00133	0.00064	0.00097
4	0.00159	0.00109	0.00124	0.00126	0.00131	0.00107	0.00076	0.00165	0.00177	0.00233	0.00447	0.04717	0.09392	0.78478	0.00489	0.00096	0.00101	0.04725	0.00074	0.00073
5	0.02162	0.00218	0.00265	0.09920	0.00329	0.03393	0.01916	0.24621	0.02780	0.28203	0.05110	0.05529	0.00326	0.01585	0.02520	0.00041	0.00113	0.07016	0.03800	0.00155
6	0.01545	0.10016	0.32419	0.05129	0.00379	0.05529	0.07892	0.02581	0.03515	0.02326	0.00288	0.10924	0.01204	0.02302	0.03729	0.00043	0.04938	0.04104	0.00997	0.00139

[dist]
# distance from previous block
# <min> <max>
0	2

[block]
# block no. 2 follows, 293 sequences, length 7
# corresponding to MSA columns:
# 360,362-367
name=unknown_C
#
# <colnr> <probs for GDERKNQSTAVLIFYWHMCP>
#	G	D	E	R	K	N	Q	S	T	A	V	L	I	F	Y	W	H	M	C	P
0	0.00405	0.00376	0.00319	0.00263	0.00339	0.31650	0.00209	0.53211	0.11211	0.00534	0.00257	0.00263	0.00192	0.00130	0.00108	0.00032	0.00145	0.00094	0.00094	0.00168
1	0.00231	0.02629	0.00253	0.01696	0.01851	0.00166	0.03352	0.02089	0.02136	0.00366	0.03287	0.01881	0.01836	0.00111	0.00093	0.00022	0.00089	0.05312	0.00072	0.72527
2	0.00172	0.00120	0.00150	0.00168	0.07355	0.00121	0.00092	0.00177	0.00169	0.00228	0.00333	0.00669	0.00375	0.81367	0.04413	0.03680	0.00117	0.00153	0.00066	0.00076
3	0.00166	0.00121	0.00169	0.04804	0.00205	0.00134	0.00128	0.00195	0.00189	0.00265	0.03089	0.00546	0.07530	0.17218	0.52363	0.05626	0.01799	0.01772	0.03588	0.00093
4	0.00302	0.76932	0.07278	0.00208	0.00305	0.04844	0.00208	0.03649	0.04853	0.00294	0.00177	0.00198	0.00154	0.00101	0.00079	0.00026	0.00125	0.00066	0.00054	0.00147
5	0.02794	0.02004	0.03769	0.30675	0.22856	0.01999	0.00254	0.03172	0.01200	0.02262	0.03493	0.07606	0.01088	0.01104	0.01261	0.03038	0.03069	0.03137	0.00066	0.05154
6	0.01581	0.05848	0.03115	0.03890	0.01400	0.08387	0.16536	0.12177	0.32451	0.02122	0.01657	0.03390	0.00277	0.00144	0.00120	0.00036	0.02120	0.04503	0.00088	0.00157

[dist]
# distance from previous block
# <min> <max>
0	1

[block]
# block no. 3 follows, 293 sequences, length 11
# corresponding to MSA columns:
# 369-373,377-382
name=unknown_D
#
# <colnr> <probs for GDERKNQSTAVLIFYWHMCP>
#	G	D	E	R	K	N	Q	S	T	A	V	L	I	F	Y	W	H	M	C	P
0	0.00331	0.00219	0.00234	0.00191	0.00253	0.00237	0.00154	0.48475	0.05061	0.03797	0.00322	0.00339	0.00239	0.00133	0.00098	0.00031	0.00091	0.00103	0.39537	0.00154
1	0.00371	0.02455	0.02386	0.00284	0.04330	0.70959	0.00211	0.02085	0.06360	0.00302	0.00237	0.05457	0.01702	0.00132	0.00104	0.00031	0.00174	0.00094	0.02194	0.00133
2	0.00402	0.00508	0.00305	0.00278	0.00332	0.90382	0.00207	0.00430	0.00307	0.00270	0.00182	0.00230	0.00158	0.05392	0.00126	0.00033	0.00196	0.00077	0.00058	0.00126
3	0.09058	0.01888	0.41331	0.03823	0.02035	0.04822	0.10430	0.08621	0.00273	0.14223	0.00237	0.00264	0.00168	0.00118	0.00113	0.02129	0.00145	0.00092	0.00070	0.00159
4	0.00230	0.00200	0.01667	0.01070	0.00947	0.02754	0.18433	0.04642	0.13398	0.04841	0.29470	0.03513	0.10581	0.04295	0.01090	0.00041	0.00962	0.01637	0.00098	0.00131
5	0.00151	0.00109	0.00136	0.00147	0.00165	0.00101	0.00103	0.00186	0.02694	0.01791	0.19380	0.54195	0.14184	0.03269	0.01621	0.00046	0.00067	0.00264	0.01291	0.00097
6	0.00237	0.00217	0.03941	0.23336	0.26342	0.03440	0.00242	0.01360	0.05069	0.04249	0.02309	0.06810	0.05079	0.05414	0.04497	0.04343	0.00130	0.02781	0.00070	0.00134
7	0.05653	0.00175	0.00212	0.01848	0.00260	0.03387	0.01679	0.04618	0.10649	0.09460	0.01989	0.05237	0.01964	0.00242	0.00135	0.00045	0.00103	0.52115	0.00103	0.00125
8	0.00264	0.00298	0.00609	0.08136	0.03011	0.03325	0.80088	0.00352	0.00260	0.00347	0.00220	0.00295	0.00166	0.00098	0.00133	0.00037	0.02031	0.00126	0.00056	0.00148
9	0.04398	0.00240	0.00296	0.18693	0.01357	0.06491	0.03948	0.18010	0.06698	0.26554	0.00329	0.03339	0.01052	0.00159	0.02207	0.00039	0.02341	0.03599	0.00096	0.00157
10	0.06954	0.00184	0.01734	0.04646	0.02076	0.01886	0.13536	0.04447	0.03327	0.05659	0.04616	0.24639	0.13913	0.01099	0.00134	0.00041	0.01261	0.09634	0.00092	0.00121

[dist]
# distance from previous block
# <min> <max>
2	27

[block]
# block no. 4 follows, 293 sequences, length 15
# corresponding to MSA columns:
# 430-435,438,441-448
name=unknown_E
#
# <colnr> <probs for GDERKNQSTAVLIFYWHMCP>
#	G	D	E	R	K	N	Q	S	T	A	V	L	I	F	Y	W	H	M	C	P
0	0.10367	0.10695	0.26303	0.03779	0.01950	0.01230	0.03410	0.16728	0.04541	0.11697	0.00934	0.02425	0.01020	0.00864	0.00108	0.00035	0.00126	0.03551	0.00079	0.00158
1	0.02551	0.01767	0.07240	0.10437	0.03276	0.02797	0.17460	0.01196	0.04782	0.08363	0.01092	0.13789	0.00267	0.00824	0.01250	0.00042	0.21242	0.00136	0.01354	0.00136
2	0.00172	0.00113	0.00149	0.02468	0.00190	0.00108	0.00116	0.00205	0.03073	0.07406	0.02664	0.73144	0.02545	0.03560	0.00153	0.00046	0.00072	0.03611	0.00104	0.00101
3	0.02652	0.04235	0.04849	0.23882	0.18403	0.09865	0.04733	0.08391	0.06409	0.03265	0.03731	0.03267	0.01445	0.00132	0.00116	0.00035	0.02040	0.01848	0.00070	0.00632
4	0.05621	0.02051	0.07475	0.09455	0.15246	0.18486	0.11834	0.10886	0.06368	0.04416	0.00250	0.02373	0.00203	0.00792	0.00913	0.00036	0.00810	0.02563	0.00071	0.00151
5	0.00197	0.00142	0.00196	0.04196	0.01316	0.00148	0.00175	0.00246	0.02301	0.03603	0.03721	0.03549	0.01588	0.06128	0.00191	0.02385	0.05555	0.62446	0.00095	0.01825
6	0.02856	0.00248	0.01400	0.04033	0.05067	0.06823	0.10940	0.05902	0.32415	0.04308	0.12978	0.00416	0.03130	0.00143	0.00113	0.00034	0.00109	0.00124	0.00093	0.08869
7	0.91368	0.00220	0.00192	0.00165	0.00236	0.00252	0.05523	0.00329	0.00194	0.00492	0.00159	0.00188	0.00123	0.00103	0.00073	0.00035	0.00092	0.00064	0.00068	0.00122
8	0.00174	0.00160	0.05590	0.00172	0.02286	0.01606	0.00863	0.00234	0.06933	0.02573	0.21250	0.18144	0.32052	0.02336	0.01582	0.00042	0.01128	0.02661	0.00102	0.00111
9	0.00230	0.00519	0.78007	0.00331	0.00482	0.00258	0.12616	0.02348	0.00244	0.00359	0.00219	0.03489	0.00166	0.00113	0.00111	0.00036	0.00163	0.00097	0.00052	0.00161
10	0.00160	0.00117	0.00166	0.00166	0.00182	0.00132	0.00123	0.00191	0.00175	0.00249	0.00310	0.00503	0.00307	0.21982	0.74533	0.00163	0.00256	0.00129	0.00061	0.00092
11	0.00863	0.02670	0.15098	0.05956	0.00927	0.01223	0.05434	0.02135	0.03413	0.09058	0.12434	0.06467	0.16139	0.00700	0.00128	0.00039	0.00104	0.16280	0.00807	0.00128
12	0.00157	0.00108	0.00140	0.00148	0.00167	0.00099	0.00105	0.00190	0.00259	0.03733	0.36525	0.49928	0.07441	0.00291	0.00136	0.00040	0.00061	0.00260	0.00112	0.00100
13	0.02052	0.01533	0.02080	0.00178	0.00220	0.02175	0.00798	0.07896	0.04689	0.13963	0.23197	0.24472	0.09624	0.00974	0.00648	0.01323	0.03148	0.00193	0.00712	0.00125
14	0.03763	0.03649	0.12208	0.01154	0.02611	0.00278	0.03918	0.03834	0.00846	0.03956	0.00221	0.02927	0.01064	0.01414	0.03729	0.00046	0.43516	0.02286	0.00061	0.08520

[dist]
# distance from previous block
# <min> <max>
2	31

[block]
# block no. 5 follows, 293 sequences, length 10
# corresponding to MSA columns:
# 482,487-494,506
name=unknown_F
#
# <colnr> <probs for GDERKNQSTAVLIFYWHMCP>
#	G	D	E	R	K	N	Q	S	T	A	V	L	I	F	Y	W	H	M	C	P
0	0.01951	0.02388	0.04449	0.00218	0.00315	0.04912	0.08138	0.09885	0.08025	0.01690	0.00229	0.00254	0.00180	0.00098	0.00094	0.00024	0.00106	0.00081	0.00073	0.56888
1	0.21632	0.02232	0.02547	0.01508	0.00279	0.06203	0.09027	0.06743	0.04303	0.02116	0.03352	0.01706	0.20496	0.00167	0.00814	0.00036	0.06210	0.02217	0.00816	0.07594
2	0.00156	0.00110	0.00142	0.01606	0.00178	0.00103	0.00109	0.00188	0.01762	0.02808	0.15912	0.59562	0.08278	0.04312	0.00155	0.00045	0.00068	0.02775	0.00105	0.01627
3	0.00171	0.00108	0.00143	0.00143	0.00148	0.00113	0.00094	0.00166	0.00161	0.00220	0.00291	0.00540	0.00311	0.43743	0.24318	0.28916	0.00152	0.00132	0.00060	0.00070
4	0.02537	0.00124	0.00144	0.00138	0.00171	0.00116	0.00104	0.00220	0.06537	0.00397	0.53207	0.04935	0.30476	0.00242	0.00129	0.00036	0.00057	0.00209	0.00114	0.00106
5	0.00137	0.00113	0.00119	0.00120	0.00154	0.00096	0.00089	0.00167	0.00256	0.00315	0.11711	0.04774	0.75662	0.03413	0.00147	0.00040	0.00059	0.02427	0.00104	0.00095
6	0.00237	0.00228	0.03433	0.62037	0.03015	0.01706	0.07806	0.00312	0.02372	0.04531	0.02126	0.00307	0.00180	0.00123	0.00139	0.00038	0.09900	0.00104	0.01277	0.00132
7	0.00274	0.00267	0.00438	0.03311	0.83397	0.03164	0.02006	0.00337	0.00252	0.00355	0.00217	0.02578	0.00187	0.00109	0.00118	0.00034	0.02627	0.00104	0.00056	0.00170
8	0.00252	0.00273	0.00537	0.10724	0.01948	0.03162	0.65497	0.01560	0.00259	0.00347	0.05323	0.03380	0.00236	0.02282	0.00147	0.00039	0.03696	0.00134	0.00061	0.00141
9	0.00253	0.03300	0.10043	0.09035	0.08599	0.12248	0.13388	0.02419	0.06395	0.01277	0.02240	0.06561	0.04274	0.02406	0.06237	0.01363	0.06160	0.03599	0.00068	0.00134

[dist]
# distance from previous block
# <min> <max>
0	26

[block]
# block no. 6 follows, 293 sequences, length 10
# corresponding to MSA columns:
# 543-552
name=unknown_G
#
# <colnr> <probs for GDERKNQSTAVLIFYWHMCP>
#	G	D	E	R	K	N	Q	S	T	A	V	L	I	F	Y	W	H	M	C	P
0	0.02852	0.00147	0.01215	0.00165	0.01795	0.00137	0.00124	0.01979	0.08902	0.08894	0.48507	0.07727	0.13885	0.00217	0.00125	0.00036	0.00067	0.00187	0.00114	0.02925
1	0.00245	0.02197	0.04148	0.08704	0.02579	0.01222	0.02668	0.08062	0.36186	0.01226	0.04522	0.02923	0.16188	0.00986	0.00893	0.00038	0.02140	0.02185	0.00095	0.02793
2	0.00218	0.01404	0.01232	0.02469	0.00251	0.00152	0.00136	0.01273	0.03875	0.02868	0.18004	0.08177	0.03641	0.00146	0.00106	0.00026	0.01670	0.00123	0.00084	0.54145
3	0.00169	0.00153	0.04238	0.01812	0.01226	0.01415	0.03923	0.00220	0.05411	0.00311	0.04099	0.50616	0.06836	0.03105	0.01100	0.00047	0.03135	0.11983	0.00095	0.00105
4	0.10323	0.02135	0.02298	0.00211	0.00287	0.04114	0.02828	0.09691	0.04222	0.50255	0.02110	0.06920	0.00284	0.01043	0.00120	0.00036	0.02726	0.00119	0.00112	0.00166
5	0.01393	0.27860	0.01904	0.00202	0.00270	0.04013	0.00172	0.06620	0.24392	0.10433	0.05399	0.03030	0.02676	0.03686	0.03167	0.00040	0.00968	0.02035	0.01593	0.00149
6	0.00160	0.00118	0.00173	0.00173	0.00191	0.00136	0.00132	0.00195	0.00177	0.00254	0.00304	0.00470	0.00292	0.11183	0.85313	0.00171	0.00278	0.00124	0.00061	0.00096
7	0.00173	0.00128	0.00175	0.00170	0.00186	0.00146	0.00126	0.03258	0.00185	0.00261	0.00306	0.00508	0.00307	0.28521	0.60463	0.00148	0.04654	0.00130	0.00063	0.00094
8	0.00150	0.00114	0.00128	0.00126	0.00160	0.00100	0.00095	0.00187	0.00272	0.02440	0.28785	0.04338	0.58353	0.00263	0.00131	0.00037	0.00057	0.01878	0.02289	0.00100
9	0.00155	0.00116	0.00138	0.00142	0.00169	0.00106	0.00104	0.01361	0.02408	0.01981	0.21431	0.28113	0.36524	0.01480	0.01287	0.00042	0.00066	0.04171	0.00108	0.00100

[dist]
# distance from previous block
# <min> <max>
2	6

[block]
# block no. 7 follows, 293 sequences, length 16
# corresponding to MSA columns:
# 564-572,578,579,587-591
name=unknown_H
#
# <colnr> <probs for GDERKNQSTAVLIFYWHMCP>
#	G	D	E	R	K	N	Q	S	T	A	V	L	I	F	Y	W	H	M	C	P
0	0.01838	0.01358	0.00271	0.04796	0.01098	0.26849	0.05136	0.09602	0.08142	0.03999	0.22556	0.01632	0.06185	0.01524	0.00891	0.00036	0.02058	0.00831	0.01066	0.00133
1	0.00155	0.00116	0.00135	0.00131	0.00164	0.00102	0.00099	0.00195	0.00282	0.03143	0.43065	0.03518	0.45723	0.00256	0.00132	0.00037	0.00057	0.02475	0.00113	0.00102
2	0.00162	0.00123	0.00181	0.00180	0.00198	0.00144	0.00139	0.00200	0.00180	0.00258	0.00303	0.00466	0.00289	0.06223	0.85349	0.00168	0.03204	0.02074	0.00061	0.00098
3	0.00245	0.00266	0.02855	0.01936	0.04680	0.00244	0.64696	0.00328	0.00259	0.01268	0.00304	0.02080	0.01507	0.00137	0.00132	0.00039	0.00162	0.15884	0.00066	0.02911
4	0.04059	0.00214	0.00266	0.00206	0.00290	0.00204	0.00170	0.19376	0.02138	0.68888	0.00393	0.00351	0.00254	0.00136	0.00110	0.00034	0.00099	0.00108	0.02518	0.00185
5	0.00242	0.00202	0.00235	0.00170	0.00267	0.00157	0.00136	0.02376	0.03140	0.02298	0.00212	0.00241	0.00173	0.00087	0.00085	0.00018	0.00084	0.00070	0.00070	0.89738
6	0.00332	0.40011	0.00443	0.00254	0.04836	0.04800	0.05438	0.28205	0.08598	0.01259	0.00235	0.01145	0.00189	0.00124	0.01033	0.00031	0.00125	0.00088	0.02694	0.00159
7	0.00166	0.00111	0.00141	0.00151	0.00171	0.00103	0.00107	0.00198	0.01765	0.06429	0.14201	0.53771	0.15567	0.03475	0.00151	0.00044	0.00067	0.03172	0.00107	0.00101
8	0.24999	0.00221	0.07150	0.04196	0.01239	0.02180	0.01063	0.04140	0.00223	0.08566	0.00255	0.02620	0.00216	0.01431	0.18854	0.00587	0.12818	0.01812	0.07306	0.00126
9	0.01226	0.18638	0.00367	0.02387	0.03320	0.07879	0.02554	0.35528	0.18089	0.03480	0.00283	0.02595	0.00222	0.00134	0.00109	0.00033	0.01870	0.01034	0.00090	0.00165
10	0.00162	0.00114	0.00144	0.00142	0.00169	0.00104	0.00106	0.00204	0.00286	0.03356	0.57509	0.14352	0.17435	0.01351	0.00138	0.00038	0.00059	0.04112	0.00116	0.00103
11	0.00149	0.00109	0.00133	0.00144	0.00165	0.00100	0.00104	0.00177	0.00240	0.01506	0.12047	0.36113	0.29153	0.08512	0.00175	0.00048	0.00069	0.10858	0.00103	0.00094
12	0.15711	0.00336	0.02626	0.04246	0.02918	0.27892	0.04376	0.17638	0.07853	0.14973	0.00255	0.00266	0.00186	0.00121	0.00103	0.00033	0.00138	0.00090	0.00085	0.00155
13	0.04735	0.00322	0.02371	0.00248	0.00327	0.18166	0.02762	0.44058	0.05132	0.13941	0.00290	0.00302	0.01365	0.01389	0.00118	0.00034	0.01447	0.00939	0.01888	0.00167
14	0.00238	0.00222	0.00336	0.79369	0.04779	0.05416	0.00298	0.01767	0.00235	0.03201	0.00204	0.00292	0.00154	0.00115	0.00118	0.00037	0.02939	0.00098	0.00054	0.00129
15	0.00158	0.00114	0.00143	0.00155	0.00176	0.00107	0.00114	0.02471	0.01481	0.02021	0.12496	0.50538	0.18210	0.00306	0.00139	0.00043	0.00068	0.11053	0.00107	0.00100

[dist]
# distance from previous block
# <min> <max>
1	24

[block]
# block no. 8 follows, 293 sequences, length 14
# corresponding to MSA columns:
# 632-637,639-641,652-656
name=unknown_I
#
# <colnr> <probs for GDERKNQSTAVLIFYWHMCP>
#	G	D	E	R	K	N	Q	S	T	A	V	L	I	F	Y	W	H	M	C	P
0	0.02965	0.00290	0.00316	0.09082	0.03926	0.13800	0.06118	0.23956	0.25337	0.08481	0.00329	0.00348	0.02280	0.00136	0.00112	0.00035	0.00126	0.02107	0.00094	0.00163
1	0.01352	0.00202	0.00236	0.00196	0.00264	0.00205	0.00158	0.17068	0.19666	0.34079	0.04339	0.00481	0.09303	0.00170	0.01252	0.00037	0.00092	0.03184	0.07552	0.00163
2	0.00231	0.00169	0.00202	0.00186	0.00226	0.01977	0.02228	0.11238	0.12868	0.07544	0.21377	0.27549	0.06851	0.01833	0.00139	0.00040	0.01400	0.03705	0.00109	0.00127
3	0.00264	0.03416	0.03188	0.01672	0.01593	0.06834	0.00199	0.12133	0.08182	0.02149	0.01322	0.02927	0.01016	0.06580	0.12833	0.02144	0.31390	0.00869	0.01160	0.00130
4	0.08406	0.01720	0.02365	0.04574	0.02746	0.09257	0.01451	0.17628	0.00286	0.14791	0.00267	0.05245	0.00223	0.02070	0.04233	0.00045	0.20246	0.01269	0.01830	0.01348
5	0.00139	0.00104	0.00129	0.00145	0.00162	0.00095	0.00102	0.00165	0.00234	0.00304	0.09318	0.56579	0.24742	0.02565	0.00149	0.00044	0.00064	0.04762	0.00104	0.00093
6	0.06882	0.01894	0.09911	0.05438	0.01443	0.10310	0.26688	0.17602	0.09522	0.01262	0.00264	0.02345	0.01262	0.00126	0.00121	0.00036	0.02963	0.01704	0.00074	0.00153
7	0.03347	0.05213	0.04910	0.04311	0.30754	0.05246	0.04896	0.24958	0.04630	0.02625	0.02216	0.00310	0.01003	0.00124	0.00115	0.00034	0.02340	0.02135	0.00667	0.00165
8	0.01712	0.00187	0.00235	0.00191	0.00258	0.00177	0.00152	0.11561	0.03934	0.56614	0.02707	0.04133	0.02374	0.10296	0.01815	0.00045	0.00099	0.01436	0.01910	0.00163
9	0.00167	0.00116	0.00148	0.00146	0.00156	0.00115	0.02698	0.00180	0.00190	0.02237	0.02311	0.23496	0.04732	0.55123	0.03896	0.00085	0.02214	0.00197	0.01709	0.00083
10	0.05090	0.19369	0.18065	0.01549	0.08489	0.06981	0.03716	0.11127	0.09996	0.06751	0.00250	0.00269	0.01476	0.00117	0.00105	0.00032	0.02115	0.00090	0.00072	0.04344
11	0.02591	0.01263	0.30685	0.01705	0.04558	0.02464	0.02516	0.01474	0.16546	0.14207	0.02374	0.04891	0.05909	0.01360	0.00120	0.00038	0.00120	0.05776	0.00085	0.01320
12	0.00351	0.00162	0.00211	0.00181	0.00238	0.00149	0.00143	0.02618	0.05337	0.50835	0.05921	0.19327	0.02330	0.02286	0.00129	0.00039	0.00084	0.04152	0.05355	0.00152
13	0.00314	0.05283	0.04205	0.07199	0.03679	0.03706	0.08330	0.21053	0.03198	0.15749	0.02894	0.05045	0.01476	0.02544	0.03505	0.00043	0.02331	0.08609	0.00685	0.00151

[dist]
# distance from previous block
# <min> <max>
2	8

[block]
# block no. 9 follows, 293 sequences, length 6
# corresponding to MSA columns:
# 679-682,685,687
name=unknown_J
#
# <colnr> <probs for GDERKNQSTAVLIFYWHMCP>
#	G	D	E	R	K	N	Q	S	T	A	V	L	I	F	Y	W	H	M	C	P
0	0.01583	0.16870	0.04558	0.02900	0.02666	0.09901	0.00207	0.17486	0.15679	0.03074	0.00276	0.06057	0.00236	0.01290	0.01233	0.00037	0.11650	0.01342	0.00079	0.02877
1	0.00240	0.00220	0.06151	0.00194	0.00283	0.00172	0.05175	0.04473	0.05956	0.03101	0.03492	0.04419	0.03835	0.00118	0.00096	0.00024	0.00092	0.00100	0.03579	0.58279
2	0.06494	0.01875	0.08618	0.13746	0.06287	0.03374	0.05382	0.24420	0.06727	0.15144	0.02716	0.02973	0.01482	0.00133	0.00110	0.00035	0.00123	0.00110	0.00089	0.00161
3	0.07693	0.10510	0.08861	0.06322	0.15555	0.01266	0.05640	0.08424	0.06038	0.06863	0.02481	0.03411	0.07534	0.01551	0.02022	0.00038	0.02066	0.01114	0.02466	0.00147
4	0.68527	0.02044	0.00211	0.00174	0.00240	0.00246	0.04701	0.07053	0.00221	0.03331	0.00195	0.02370	0.00157	0.00127	0.00101	0.04321	0.02116	0.00078	0.03662	0.00125
5	0.03718	0.01729	0.00228	0.03857	0.03778	0.04430	0.00165	0.00264	0.04270	0.04912	0.00274	0.00390	0.00248	0.06842	0.49107	0.03273	0.10462	0.00111	0.00064	0.01880

[dist]
# distance from previous block
# <min> <max>
13	78

[block]
# block no. 10 follows, 293 sequences, length 21
# corresponding to MSA columns:
# 801-818,829,830,832
name=unknown_K
#
# <colnr> <probs for GDERKNQSTAVLIFYWHMCP>
#	G	D	E	R	K	N	Q	S	T	A	V	L	I	F	Y	W	H	M	C	P
0	0.04072	0.04841	0.19540	0.03419	0.13048	0.04870	0.05797	0.10057	0.08991	0.08584	0.04035	0.01592	0.01982	0.00134	0.01326	0.00035	0.01159	0.00104	0.00077	0.06336
1	0.04927	0.03217	0.25740	0.04055	0.04608	0.04719	0.04009	0.11860	0.09581	0.09866	0.01125	0.03300	0.02271	0.00980	0.00115	0.00035	0.01038	0.02852	0.00079	0.05622
2	0.02775	0.03655	0.05879	0.03803	0.06321	0.03645	0.06057	0.11168	0.08457	0.12496	0.05513	0.05029	0.04183	0.00163	0.02928	0.00037	0.00867	0.01500	0.00087	0.15438
3	0.05121	0.01993	0.03978	0.04389	0.10636	0.04807	0.01013	0.24290	0.03324	0.13178	0.01739	0.09270	0.07772	0.00161	0.00115	0.01068	0.00110	0.01608	0.00093	0.05333
4	0.02225	0.10762	0.03999	0.05221	0.03246	0.05462	0.04657	0.26298	0.13875	0.08908	0.01272	0.01938	0.02594	0.00927	0.01008	0.00035	0.02434	0.00106	0.00089	0.04944
5	0.03600	0.05121	0.04412	0.05107	0.02861	0.01837	0.03208	0.11424	0.07209	0.11386	0.04245	0.12239	0.07404	0.05248	0.01263	0.00390	0.02604	0.05585	0.00091	0.04767
6	0.04111	0.04085	0.09878	0.07313	0.09758	0.02418	0.03414	0.08882	0.06224	0.08850	0.00899	0.03642	0.01523	0.20711	0.03060	0.00054	0.01231	0.00653	0.00076	0.03215
7	0.01379	0.03675	0.12019	0.05304	0.06885	0.05074	0.24795	0.03973	0.06653	0.07475	0.00279	0.02854	0.02319	0.03626	0.01381	0.00039	0.03671	0.00114	0.00706	0.07779
8	0.03680	0.07935	0.05280	0.26459	0.12216	0.02123	0.05673	0.08715	0.03420	0.09426	0.04762	0.02073	0.02123	0.00136	0.01239	0.00036	0.00128	0.01261	0.00524	0.02790
9	0.02460	0.01414	0.07710	0.04666	0.10031	0.03092	0.15979	0.03607	0.03686	0.15895	0.03847	0.07456	0.01355	0.04321	0.03750	0.00045	0.03318	0.03403	0.00082	0.03882
10	0.04139	0.01975	0.06337	0.33852	0.01921	0.00721	0.14628	0.07646	0.07243	0.04682	0.02143	0.03876	0.02078	0.00134	0.00119	0.01148	0.00976	0.01635	0.00071	0.04676
11	0.05812	0.11376	0.07018	0.00186	0.00241	0.09560	0.01044	0.04897	0.02490	0.02459	0.33073	0.05649	0.03607	0.07087	0.00146	0.00039	0.00098	0.02684	0.00091	0.02443
12	0.01165	0.38868	0.05287	0.00225	0.01261	0.09277	0.03524	0.05374	0.08615	0.07076	0.03078	0.05656	0.01646	0.00824	0.00107	0.00031	0.02594	0.01776	0.00073	0.03542
13	0.04369	0.02569	0.01423	0.20445	0.04436	0.01613	0.06740	0.04909	0.06010	0.09400	0.02519	0.07141	0.03367	0.01779	0.00147	0.01186	0.07712	0.08354	0.00079	0.05802
14	0.02157	0.00130	0.00160	0.00160	0.00191	0.00123	0.00117	0.03251	0.02578	0.10459	0.01872	0.47678	0.16496	0.02034	0.01556	0.00044	0.01212	0.03703	0.01956	0.04123
15	0.00170	0.00111	0.00143	0.01988	0.00183	0.00103	0.00111	0.00194	0.00228	0.08171	0.00655	0.63862	0.14602	0.04709	0.00158	0.00046	0.00071	0.04293	0.00104	0.00099
16	0.06153	0.03484	0.13729	0.01910	0.00955	0.06655	0.01638	0.04336	0.01689	0.17190	0.01932	0.14413	0.01668	0.09483	0.03193	0.06560	0.00527	0.01091	0.00450	0.02945
17	0.02496	0.16092	0.24098	0.04791	0.02149	0.14118	0.07594	0.07062	0.04233	0.04042	0.02155	0.02632	0.00200	0.00128	0.00938	0.00034	0.03158	0.00595	0.00065	0.03420
18	0.00294	0.02797	0.02171	0.00202	0.00257	0.00198	0.02373	0.26107	0.03048	0.17195	0.02606	0.31911	0.03382	0.03696	0.01072	0.00658	0.00097	0.01687	0.00107	0.00141
19	0.00683	0.01362	0.02160	0.06247	0.01509	0.00166	0.06084	0.04516	0.04029	0.08935	0.04009	0.22076	0.03273	0.14929	0.02433	0.00054	0.02422	0.10796	0.00524	0.03795
20	0.03501	0.03780	0.05578	0.22022	0.10165	0.08538	0.17327	0.06154	0.03671	0.10188	0.00259	0.02396	0.00205	0.01081	0.00881	0.00037	0.01377	0.02622	0.00071	0.00148

[dist]
# distance from previous block
# <min> <max>
0	462

# created by:
# /home/berkeley/.conda/envs/busco_data_prod/bin/msa2prfl.pl pipeline/OGs_align_augustus/2759/344220.fs
