[name]
unknown

[dist]
# distance from previous block
# <min> <max>
0	119

[block]
# block no. 0 follows, 259 sequences, length 19
# corresponding to MSA columns:
# 843-848,850,851,858,859,861-864,867-871
name=unknown_A
#
# <colnr> <probs for GDERKNQSTAVLIFYWHMCP>
#	G	D	E	R	K	N	Q	S	T	A	V	L	I	F	Y	W	H	M	C	P
0	0.01424	0.00787	0.03921	0.00204	0.00248	0.01627	0.01502	0.04898	0.07494	0.05602	0.07163	0.41346	0.04598	0.02705	0.03806	0.00052	0.00904	0.04128	0.00882	0.06710
1	0.00229	0.00194	0.02592	0.00221	0.01636	0.00943	0.08400	0.07057	0.03138	0.00899	0.11564	0.20148	0.13272	0.01601	0.01422	0.00043	0.00676	0.04786	0.09142	0.12036
2	0.03194	0.00237	0.01120	0.17625	0.05187	0.04397	0.04104	0.10702	0.05391	0.06397	0.25066	0.01526	0.06050	0.00193	0.00822	0.00042	0.05659	0.01516	0.00102	0.00671
3	0.15633	0.00968	0.02098	0.00301	0.13104	0.11104	0.00991	0.05928	0.03788	0.31139	0.05731	0.00384	0.01751	0.01339	0.01498	0.00041	0.01008	0.00116	0.01476	0.01602
4	0.00876	0.01523	0.03238	0.05251	0.16560	0.06006	0.06698	0.17735	0.01475	0.13989	0.02001	0.04759	0.00259	0.00175	0.02758	0.00044	0.09914	0.00125	0.00631	0.05982
5	0.00304	0.00179	0.00223	0.00194	0.00249	0.00174	0.00151	0.02548	0.16636	0.24474	0.52407	0.00710	0.00799	0.00213	0.00138	0.00040	0.00080	0.00183	0.00140	0.00158
6	0.00332	0.01441	0.01347	0.26340	0.12607	0.00282	0.03317	0.22081	0.07616	0.09615	0.05338	0.04619	0.02253	0.01395	0.00137	0.00041	0.00831	0.00137	0.00096	0.00173
7	0.00212	0.00182	0.00273	0.00244	0.00273	0.02391	0.09889	0.01040	0.00220	0.00313	0.01326	0.05943	0.00329	0.09265	0.52160	0.00138	0.12439	0.00148	0.03096	0.00119
8	0.00307	0.00304	0.01711	0.09904	0.71045	0.04163	0.04923	0.00383	0.01145	0.01449	0.00246	0.02025	0.00206	0.00121	0.00129	0.00038	0.01535	0.00116	0.00064	0.00186
9	0.00311	0.00302	0.00500	0.03823	0.89492	0.02591	0.00379	0.00385	0.00285	0.00403	0.00234	0.00308	0.00196	0.00112	0.00124	0.00037	0.00151	0.00111	0.00062	0.00195
10	0.02931	0.01640	0.00423	0.03422	0.23686	0.08813	0.20193	0.03968	0.02684	0.02756	0.10801	0.08106	0.03179	0.00172	0.00145	0.00041	0.03727	0.03068	0.00085	0.00160
11	0.02713	0.41536	0.10985	0.00246	0.02118	0.07112	0.00230	0.03762	0.02615	0.06327	0.00241	0.01062	0.00202	0.00123	0.00099	0.00030	0.00134	0.02657	0.00072	0.17734
12	0.91055	0.00247	0.01496	0.00170	0.00248	0.00280	0.00142	0.02052	0.00220	0.00556	0.00181	0.00213	0.00142	0.00137	0.02429	0.00043	0.00105	0.00071	0.00078	0.00137
13	0.00315	0.00928	0.01862	0.02501	0.03038	0.05181	0.02543	0.07588	0.42065	0.07780	0.09061	0.03585	0.06523	0.00899	0.02436	0.00046	0.03206	0.00154	0.00115	0.00174
14	0.00155	0.00111	0.00146	0.00173	0.00182	0.00104	0.00117	0.00178	0.00244	0.00323	0.02714	0.84482	0.04315	0.02995	0.00172	0.00052	0.00075	0.03243	0.00115	0.00102
15	0.01184	0.00227	0.05721	0.03035	0.03672	0.00220	0.04024	0.13115	0.08979	0.08599	0.06532	0.04986	0.01280	0.06437	0.28786	0.00094	0.00186	0.00932	0.01841	0.00150
16	0.00165	0.00118	0.00153	0.00170	0.00187	0.00110	0.00120	0.00196	0.00266	0.01361	0.16842	0.59305	0.09815	0.02718	0.01731	0.00053	0.00078	0.06386	0.00118	0.00106
17	0.04962	0.01330	0.01987	0.00259	0.02103	0.03493	0.00211	0.24146	0.19601	0.06009	0.00457	0.03695	0.00415	0.01507	0.01069	0.00047	0.01171	0.27253	0.00114	0.00167
18	0.05465	0.10176	0.03815	0.04372	0.10124	0.04317	0.06030	0.13433	0.07033	0.24782	0.00325	0.01893	0.00239	0.00138	0.00121	0.00037	0.01357	0.00112	0.00100	0.06131

[dist]
# distance from previous block
# <min> <max>
1	3

[block]
# block no. 1 follows, 259 sequences, length 8
# corresponding to MSA columns:
# 880-882,889-893
name=unknown_B
#
# <colnr> <probs for GDERKNQSTAVLIFYWHMCP>
#	G	D	E	R	K	N	Q	S	T	A	V	L	I	F	Y	W	H	M	C	P
0	0.01558	0.00253	0.02496	0.37446	0.03793	0.01579	0.00268	0.16432	0.08686	0.03410	0.04451	0.01498	0.01442	0.02681	0.05615	0.00053	0.06072	0.02024	0.00085	0.00157
1	0.00169	0.00121	0.00151	0.00162	0.00185	0.00110	0.00116	0.00202	0.00276	0.02440	0.19812	0.45253	0.22201	0.03560	0.00170	0.00049	0.00072	0.04722	0.00120	0.00108
2	0.05783	0.00230	0.02047	0.03106	0.01945	0.01434	0.06715	0.08334	0.10436	0.26483	0.08726	0.10096	0.04485	0.02636	0.01189	0.00045	0.03336	0.01790	0.01018	0.00166
3	0.00214	0.00110	0.00162	0.00161	0.00163	0.00110	0.00107	0.00167	0.00173	0.00232	0.04737	0.00429	0.00275	0.05252	0.00480	0.86885	0.00107	0.00118	0.00059	0.00058
4	0.06972	0.00239	0.00283	0.03270	0.02265	0.01440	0.04196	0.12153	0.31550	0.07061	0.06350	0.02603	0.05933	0.00200	0.00133	0.00043	0.00110	0.13762	0.01270	0.00167
5	0.00293	0.01809	0.05054	0.01283	0.01342	0.02674	0.08984	0.08478	0.01435	0.05233	0.02345	0.06389	0.01353	0.00140	0.00120	0.00030	0.02267	0.02486	0.00085	0.48198
6	0.03631	0.10398	0.19882	0.02393	0.02451	0.03137	0.04478	0.11911	0.15892	0.08973	0.05227	0.04163	0.01698	0.00157	0.00126	0.00039	0.01856	0.01146	0.00094	0.02347
7	0.26559	0.02435	0.03543	0.00248	0.02180	0.09561	0.03073	0.14645	0.07982	0.13433	0.03363	0.00318	0.00241	0.01298	0.00119	0.00037	0.01650	0.00102	0.00097	0.09117

[dist]
# distance from previous block
# <min> <max>
3	12

[block]
# block no. 2 follows, 259 sequences, length 10
# corresponding to MSA columns:
# 936-942,948-950
name=unknown_C
#
# <colnr> <probs for GDERKNQSTAVLIFYWHMCP>
#	G	D	E	R	K	N	Q	S	T	A	V	L	I	F	Y	W	H	M	C	P
0	0.01704	0.03280	0.07255	0.05526	0.03153	0.02494	0.03743	0.15268	0.17555	0.20651	0.09201	0.02480	0.02923	0.00166	0.00133	0.00039	0.02204	0.00137	0.00112	0.01975
1	0.01913	0.00135	0.00175	0.00170	0.00201	0.00124	0.02732	0.00226	0.00287	0.03759	0.30779	0.25983	0.19867	0.07113	0.02347	0.00052	0.00082	0.01889	0.00117	0.02048
2	0.00370	0.03172	0.02607	0.05789	0.05748	0.04346	0.10916	0.32613	0.16998	0.06297	0.03353	0.00393	0.03795	0.00152	0.00129	0.00039	0.01020	0.00128	0.01948	0.00185
3	0.00211	0.00171	0.00226	0.00206	0.00239	0.00180	0.04695	0.04250	0.00283	0.02698	0.15428	0.16120	0.28926	0.02560	0.01909	0.00050	0.16078	0.02769	0.02878	0.00122
4	0.01214	0.01855	0.02544	0.02855	0.09181	0.01975	0.06940	0.08112	0.04021	0.13934	0.05347	0.06009	0.00344	0.02067	0.02434	0.00041	0.01448	0.05938	0.00096	0.23644
5	0.00220	0.02329	0.02447	0.05341	0.00274	0.04659	0.01108	0.00291	0.07785	0.02057	0.16994	0.09216	0.05645	0.05577	0.27903	0.00093	0.03502	0.02106	0.02327	0.00126
6	0.02499	0.04890	0.04513	0.03869	0.01694	0.02119	0.03366	0.23193	0.08014	0.27699	0.04138	0.00420	0.03256	0.00164	0.00885	0.00040	0.02261	0.02225	0.00115	0.04640
7	0.01155	0.35282	0.12263	0.10672	0.02741	0.08137	0.03213	0.05075	0.06006	0.06526	0.00253	0.01687	0.00206	0.01864	0.00129	0.02295	0.01376	0.00099	0.00857	0.00164
8	0.00199	0.00138	0.00155	0.00151	0.00191	0.00124	0.00114	0.00236	0.01387	0.09465	0.04133	0.09780	0.60789	0.04661	0.00174	0.00047	0.02207	0.03007	0.02925	0.00117
9	0.02944	0.02308	0.03398	0.08306	0.20807	0.03997	0.01841	0.08352	0.24100	0.10274	0.05042	0.01891	0.03678	0.00160	0.00126	0.00040	0.00126	0.02331	0.00101	0.00180

[dist]
# distance from previous block
# <min> <max>
7	26

[block]
# block no. 3 follows, 259 sequences, length 11
# corresponding to MSA columns:
# 989-991,1012-1019
name=unknown_D
#
# <colnr> <probs for GDERKNQSTAVLIFYWHMCP>
#	G	D	E	R	K	N	Q	S	T	A	V	L	I	F	Y	W	H	M	C	P
0	0.46706	0.04402	0.03213	0.00240	0.03419	0.04462	0.01914	0.08481	0.19651	0.04133	0.00272	0.00284	0.00206	0.00133	0.00106	0.00039	0.01990	0.00094	0.00091	0.00164
1	0.02988	0.00305	0.00362	0.01529	0.17998	0.06567	0.00245	0.35440	0.02535	0.26077	0.02195	0.01392	0.00259	0.00148	0.00128	0.00038	0.01364	0.00118	0.00114	0.00198
2	0.02376	0.01778	0.05397	0.00253	0.03942	0.00214	0.02971	0.07392	0.01908	0.49229	0.03937	0.01911	0.01262	0.00147	0.00120	0.00035	0.00113	0.00121	0.00122	0.16773
3	0.00322	0.03884	0.00495	0.03592	0.60168	0.03265	0.09326	0.05768	0.04051	0.01758	0.00249	0.00311	0.00202	0.00119	0.00131	0.00037	0.02575	0.00112	0.00069	0.03565
4	0.00207	0.00150	0.00184	0.03732	0.00227	0.00144	0.00131	0.02301	0.06982	0.04069	0.52240	0.02418	0.19045	0.02597	0.00153	0.00042	0.00073	0.00212	0.03127	0.01967
5	0.00298	0.00250	0.00398	0.06142	0.08113	0.02654	0.24239	0.12190	0.00335	0.07150	0.08027	0.02592	0.03980	0.01353	0.00151	0.00045	0.00143	0.21686	0.00098	0.00156
6	0.00171	0.00120	0.00157	0.00180	0.00196	0.00113	0.00128	0.00206	0.02409	0.02685	0.00714	0.74600	0.06838	0.00371	0.00159	0.00050	0.00078	0.10599	0.00117	0.00108
7	0.00289	0.00287	0.00527	0.09396	0.55243	0.00287	0.23942	0.00369	0.00282	0.00393	0.00272	0.04220	0.00238	0.00131	0.00133	0.00040	0.00162	0.03544	0.00066	0.00178
8	0.00163	0.00125	0.00150	0.00154	0.00183	0.00114	0.00112	0.00209	0.02545	0.00395	0.34018	0.28015	0.32737	0.00313	0.00151	0.00044	0.00065	0.00274	0.00124	0.00111
9	0.03687	0.00183	0.02250	0.00206	0.04056	0.02492	0.02605	0.05208	0.01928	0.05669	0.34414	0.04051	0.03477	0.27918	0.00282	0.00063	0.00101	0.00186	0.01101	0.00124
10	0.00246	0.01018	0.04446	0.00207	0.00249	0.00161	0.03094	0.01287	0.03736	0.13994	0.13208	0.35814	0.02402	0.09076	0.00201	0.00052	0.03669	0.04447	0.00113	0.02580

[dist]
# distance from previous block
# <min> <max>
2	21

[block]
# block no. 4 follows, 259 sequences, length 9
# corresponding to MSA columns:
# 1089-1097
name=unknown_E
#
# <colnr> <probs for GDERKNQSTAVLIFYWHMCP>
#	G	D	E	R	K	N	Q	S	T	A	V	L	I	F	Y	W	H	M	C	P
0	0.09032	0.05561	0.03003	0.00288	0.07371	0.04702	0.02148	0.24137	0.17885	0.12827	0.03711	0.00362	0.01282	0.00145	0.00117	0.00037	0.00123	0.00115	0.01353	0.05800
1	0.00272	0.01063	0.00275	0.00248	0.01584	0.06650	0.00192	0.05390	0.17955	0.02533	0.03448	0.04629	0.02759	0.06024	0.21914	0.01335	0.19522	0.00141	0.00915	0.03151
2	0.00295	0.00281	0.00272	0.00262	0.04077	0.16829	0.01579	0.04087	0.36427	0.00445	0.13144	0.09115	0.06165	0.00225	0.02574	0.00045	0.00123	0.03784	0.00110	0.00158
3	0.00179	0.00121	0.00140	0.00143	0.00144	0.00121	0.00083	0.00183	0.00188	0.00252	0.00421	0.10099	0.00486	0.82636	0.04208	0.00117	0.00125	0.00197	0.00079	0.00080
4	0.00319	0.00284	0.00375	0.01817	0.02397	0.03382	0.09181	0.15056	0.15519	0.03529	0.03236	0.02008	0.00270	0.03184	0.02398	0.00052	0.36614	0.00129	0.00087	0.00162
5	0.00180	0.00120	0.00137	0.00139	0.00139	0.00120	0.00078	0.00181	0.00185	0.00247	0.00412	0.06669	0.00478	0.89723	0.00607	0.00117	0.00118	0.00193	0.00078	0.00077
6	0.00353	0.00305	0.00291	0.02154	0.02843	0.17786	0.00199	0.11672	0.31828	0.09197	0.13854	0.01640	0.02874	0.00172	0.00126	0.00038	0.00123	0.00139	0.01224	0.03181
7	0.08541	0.05622	0.00347	0.01617	0.00360	0.31911	0.00219	0.28582	0.02267	0.12699	0.00279	0.02330	0.00213	0.00143	0.00119	0.00036	0.01780	0.00102	0.00097	0.02738
8	0.09138	0.06532	0.13284	0.02857	0.02619	0.01300	0.01191	0.04291	0.03496	0.09857	0.04162	0.00308	0.00236	0.00121	0.00109	0.00030	0.01481	0.00094	0.00083	0.38809

[dist]
# distance from previous block
# <min> <max>
0	12

[block]
# block no. 5 follows, 259 sequences, length 18
# corresponding to MSA columns:
# 1113-1128,1130,1131
name=unknown_F
#
# <colnr> <probs for GDERKNQSTAVLIFYWHMCP>
#	G	D	E	R	K	N	Q	S	T	A	V	L	I	F	Y	W	H	M	C	P
0	0.02773	0.05589	0.09593	0.04038	0.16122	0.04327	0.07634	0.08180	0.04731	0.25971	0.04669	0.01865	0.00282	0.00142	0.00125	0.00038	0.00914	0.00121	0.00099	0.02787
1	0.00296	0.35549	0.48070	0.00305	0.00447	0.04941	0.03718	0.01681	0.00270	0.00358	0.00214	0.00264	0.00172	0.00120	0.00110	0.00035	0.01333	0.01888	0.00056	0.00172
2	0.01828	0.00224	0.00370	0.59412	0.00675	0.00251	0.08154	0.00383	0.00277	0.20394	0.00307	0.02522	0.00230	0.00142	0.00128	0.00041	0.00151	0.02506	0.01850	0.00155
3	0.03164	0.39317	0.26454	0.02135	0.01592	0.14872	0.01914	0.02312	0.00285	0.03817	0.02947	0.00260	0.00196	0.00121	0.00103	0.00033	0.00160	0.00087	0.00064	0.00166
4	0.01585	0.01192	0.07730	0.05549	0.05030	0.04419	0.05790	0.04421	0.07169	0.38549	0.04770	0.02959	0.02773	0.00796	0.00138	0.00885	0.00928	0.04646	0.00492	0.00180
5	0.00193	0.00132	0.00156	0.00152	0.00179	0.00123	0.00107	0.00230	0.02055	0.05271	0.27493	0.06397	0.24941	0.28299	0.01610	0.00067	0.00087	0.02288	0.00112	0.00108
6	0.00289	0.00278	0.01399	0.09089	0.65593	0.00281	0.03801	0.00388	0.08168	0.00412	0.04836	0.00396	0.03045	0.00133	0.00128	0.00039	0.00141	0.01327	0.00073	0.00184
7	0.01942	0.40013	0.21101	0.04965	0.06584	0.04017	0.03243	0.03600	0.05489	0.05697	0.01450	0.00282	0.00203	0.00123	0.00105	0.00034	0.00148	0.00764	0.00069	0.00172
8	0.00285	0.00237	0.12608	0.05353	0.01058	0.00187	0.04784	0.01816	0.02746	0.21189	0.07450	0.26774	0.05193	0.02989	0.00944	0.00628	0.02699	0.02805	0.00109	0.00149
9	0.00155	0.00113	0.00146	0.00171	0.00183	0.00104	0.00117	0.00180	0.00250	0.00330	0.04763	0.78062	0.09541	0.01660	0.00165	0.00051	0.00073	0.03717	0.00116	0.00103
10	0.01265	0.00288	0.00424	0.07760	0.03411	0.00301	0.23514	0.29843	0.12214	0.08298	0.01010	0.02275	0.05273	0.00171	0.02050	0.00044	0.00148	0.01429	0.00103	0.00181
11	0.03274	0.03910	0.05753	0.05697	0.06810	0.08880	0.26613	0.02438	0.07610	0.06974	0.01333	0.01894	0.07250	0.00142	0.00131	0.00038	0.01677	0.00131	0.00081	0.09365
12	0.01457	0.00159	0.01274	0.01618	0.00238	0.00143	0.01060	0.03642	0.00292	0.21796	0.04994	0.36672	0.18629	0.03804	0.01052	0.00049	0.00090	0.02776	0.00122	0.00134
13	0.00164	0.00125	0.00144	0.00152	0.00182	0.00111	0.00110	0.00201	0.01695	0.02259	0.10223	0.33846	0.48027	0.00332	0.00152	0.00045	0.00068	0.01936	0.00119	0.00109
14	0.03492	0.00291	0.05947	0.03981	0.04593	0.04238	0.12937	0.09341	0.05262	0.16239	0.02056	0.01721	0.02055	0.00133	0.00120	0.00034	0.00769	0.00115	0.00093	0.26582
15	0.02700	0.02850	0.09704	0.14648	0.28162	0.05323	0.03917	0.02155	0.02338	0.23559	0.00324	0.01306	0.02187	0.00135	0.00123	0.00038	0.00146	0.00117	0.00087	0.00182
16	0.00981	0.00298	0.00264	0.00243	0.02676	0.26820	0.01309	0.08052	0.00308	0.11325	0.06916	0.04421	0.03322	0.25669	0.01838	0.00063	0.03397	0.01328	0.00637	0.00135
17	0.00287	0.00279	0.00460	0.30751	0.55796	0.03075	0.03805	0.00363	0.00276	0.00376	0.00244	0.00350	0.00203	0.00123	0.00126	0.00039	0.00158	0.03051	0.00062	0.00174

[dist]
# distance from previous block
# <min> <max>
1	81

[block]
# block no. 6 follows, 259 sequences, length 28
# corresponding to MSA columns:
# 1355-1367,1381-1383,1389,1391-1400,1404
name=unknown_G
#
# <colnr> <probs for GDERKNQSTAVLIFYWHMCP>
#	G	D	E	R	K	N	Q	S	T	A	V	L	I	F	Y	W	H	M	C	P
0	0.03157	0.06948	0.01811	0.14774	0.29753	0.01047	0.15467	0.04001	0.01545	0.04743	0.01255	0.04488	0.00879	0.00152	0.01177	0.00042	0.03567	0.03353	0.00074	0.01768
1	0.03446	0.01993	0.01118	0.01898	0.00268	0.02501	0.02388	0.04861	0.02759	0.18232	0.06121	0.37100	0.06894	0.00255	0.00137	0.00042	0.00095	0.01137	0.00115	0.08640
2	0.01616	0.03210	0.05150	0.04713	0.19098	0.16791	0.06620	0.05575	0.01580	0.07946	0.03855	0.07420	0.05421	0.00164	0.00129	0.00038	0.01520	0.02049	0.00085	0.07018
3	0.04811	0.02052	0.08163	0.04055	0.17331	0.07665	0.07129	0.17281	0.09086	0.14125	0.01751	0.01831	0.01254	0.00145	0.00130	0.00039	0.02079	0.00793	0.00095	0.00184
4	0.00315	0.46657	0.35600	0.00289	0.02386	0.07573	0.00800	0.00399	0.01219	0.02262	0.00212	0.00251	0.00173	0.00118	0.00101	0.00033	0.00159	0.01226	0.00058	0.00170
5	0.02368	0.00153	0.00175	0.01003	0.00211	0.03106	0.00128	0.01922	0.01278	0.06624	0.08600	0.33535	0.18808	0.09490	0.05937	0.01038	0.00102	0.02499	0.00109	0.02915
6	0.02233	0.04941	0.48673	0.11930	0.05515	0.02627	0.07933	0.03703	0.00281	0.02543	0.02836	0.01072	0.00957	0.00134	0.00129	0.00040	0.02416	0.01800	0.00065	0.00172
7	0.00191	0.02115	0.21665	0.00228	0.00284	0.00163	0.02956	0.00246	0.00254	0.01687	0.03281	0.59610	0.03515	0.00304	0.00150	0.00047	0.00907	0.02174	0.00100	0.00126
8	0.00283	0.00292	0.00561	0.27731	0.30430	0.00299	0.37799	0.00372	0.00279	0.00380	0.00239	0.00327	0.00186	0.00113	0.00134	0.00040	0.00179	0.00126	0.00061	0.00169
9	0.01168	0.00342	0.02771	0.08722	0.21865	0.18603	0.25212	0.02487	0.00680	0.03679	0.00711	0.03540	0.05453	0.01252	0.01027	0.00982	0.00173	0.01099	0.00073	0.00162
10	0.01412	0.02596	0.02409	0.28348	0.09839	0.03014	0.01762	0.34288	0.02214	0.06334	0.00291	0.04475	0.00228	0.00148	0.00131	0.00040	0.02081	0.00122	0.00092	0.00177
11	0.00165	0.00121	0.00158	0.00177	0.01156	0.00113	0.00126	0.00200	0.00274	0.00366	0.21046	0.50357	0.12179	0.01679	0.01457	0.00051	0.00078	0.10072	0.00119	0.00108
12	0.00157	0.00112	0.00149	0.00176	0.00186	0.00106	0.00121	0.00181	0.00242	0.00321	0.00687	0.83450	0.02390	0.03585	0.00176	0.00054	0.00077	0.07612	0.00115	0.00102
13	0.00311	0.03040	0.07136	0.04148	0.27460	0.03664	0.19309	0.11119	0.01063	0.04225	0.02713	0.08893	0.01999	0.00158	0.00136	0.00040	0.01382	0.02467	0.00563	0.00173
14	0.01602	0.04039	0.18071	0.04914	0.18804	0.03792	0.03110	0.15686	0.04413	0.21781	0.00317	0.01752	0.00232	0.00779	0.00126	0.00039	0.00145	0.00114	0.00095	0.00191
15	0.00396	0.38514	0.00477	0.00278	0.01218	0.39611	0.00232	0.06662	0.02877	0.01277	0.00202	0.00233	0.00172	0.00129	0.00123	0.00032	0.07259	0.00082	0.00066	0.00158
16	0.01088	0.00234	0.01301	0.04842	0.04121	0.00194	0.02046	0.03109	0.04047	0.06038	0.01162	0.01744	0.00224	0.00112	0.00103	0.00025	0.00104	0.00893	0.00082	0.68530
17	0.02301	0.08280	0.20503	0.01397	0.02227	0.05053	0.06693	0.16914	0.07782	0.11872	0.08725	0.00765	0.00632	0.01415	0.00140	0.00040	0.03646	0.00908	0.00095	0.00612
18	0.00159	0.00115	0.00151	0.00177	0.00187	0.00109	0.00120	0.01119	0.01673	0.00328	0.00690	0.88465	0.02799	0.00391	0.01481	0.00053	0.00078	0.01687	0.00116	0.00105
19	0.01915	0.00233	0.00338	0.10782	0.10610	0.04182	0.10712	0.03711	0.00274	0.16414	0.00359	0.10575	0.00331	0.16736	0.03114	0.00061	0.07742	0.01674	0.00088	0.00148
20	0.00334	0.01227	0.02877	0.10481	0.15841	0.01607	0.37850	0.04475	0.07170	0.13128	0.00311	0.01158	0.01252	0.00129	0.00138	0.00041	0.01589	0.00132	0.00082	0.00179
21	0.00198	0.00158	0.00203	0.09504	0.01632	0.00167	0.00161	0.00298	0.20169	0.00368	0.01453	0.56599	0.05367	0.00309	0.00149	0.00048	0.00089	0.02890	0.00112	0.00128
22	0.00210	0.00175	0.00241	0.00224	0.00233	0.00219	0.00172	0.00238	0.00194	0.00284	0.00301	0.01763	0.00308	0.24740	0.38695	0.00130	0.30565	0.00141	0.01057	0.00110
23	0.00277	0.01284	0.03879	0.16121	0.27220	0.06203	0.02105	0.02428	0.02507	0.03052	0.03293	0.03108	0.01851	0.00204	0.01581	0.00046	0.02167	0.22435	0.00083	0.00155
24	0.00307	0.37537	0.44635	0.00305	0.00449	0.02211	0.06797	0.01683	0.00273	0.04423	0.00219	0.00251	0.00169	0.00115	0.00106	0.00035	0.00164	0.00088	0.00059	0.00175
25	0.01094	0.00169	0.00211	0.00200	0.00243	0.00164	0.00149	0.11594	0.03231	0.21683	0.04286	0.50706	0.02627	0.01251	0.00150	0.00046	0.00089	0.01836	0.00126	0.00144
26	0.00182	0.00850	0.00197	0.10685	0.01226	0.00139	0.00995	0.00236	0.00315	0.00436	0.60344	0.19089	0.02518	0.01288	0.00152	0.00043	0.00078	0.00989	0.00121	0.00118
27	0.01999	0.00206	0.02510	0.16258	0.08075	0.02048	0.02026	0.03859	0.01569	0.07493	0.19103	0.06737	0.13246	0.01169	0.00147	0.00043	0.01218	0.10269	0.00103	0.01924

[dist]
# distance from previous block
# <min> <max>
1	7

[block]
# block no. 7 follows, 259 sequences, length 15
# corresponding to MSA columns:
# 1420,1422-1431,1438-1441
name=unknown_H
#
# <colnr> <probs for GDERKNQSTAVLIFYWHMCP>
#	G	D	E	R	K	N	Q	S	T	A	V	L	I	F	Y	W	H	M	C	P
0	0.25331	0.08561	0.02772	0.00349	0.10863	0.10343	0.20958	0.02666	0.03162	0.02296	0.01273	0.01927	0.03270	0.00137	0.00123	0.00039	0.03089	0.01781	0.00075	0.00984
1	0.02905	0.00199	0.00964	0.00220	0.01181	0.00898	0.06582	0.13142	0.03373	0.09694	0.34217	0.06804	0.14713	0.00879	0.00149	0.00042	0.02145	0.01628	0.00122	0.00145
2	0.00217	0.00184	0.01267	0.00232	0.00290	0.00167	0.17687	0.01850	0.02597	0.05821	0.05549	0.12485	0.43000	0.00267	0.00151	0.00044	0.01136	0.06819	0.00109	0.00130
3	0.00974	0.01384	0.00282	0.01266	0.00301	0.03120	0.01506	0.31266	0.25960	0.01252	0.00381	0.02228	0.00332	0.25688	0.00269	0.02064	0.00124	0.00142	0.00106	0.01359
4	0.01261	0.05118	0.14763	0.00271	0.01478	0.11440	0.00243	0.15627	0.10993	0.28296	0.02093	0.00354	0.00263	0.00143	0.00119	0.00037	0.00137	0.00865	0.00108	0.06391
5	0.01653	0.14476	0.36281	0.01351	0.01812	0.03885	0.01644	0.10820	0.08739	0.15850	0.01300	0.01147	0.00227	0.00135	0.00116	0.00037	0.00149	0.00105	0.00087	0.00186
6	0.00270	0.06077	0.55862	0.00404	0.02382	0.00309	0.28699	0.00392	0.00273	0.00390	0.00238	0.00307	0.00180	0.00120	0.00131	0.00040	0.01632	0.02060	0.00057	0.00177
7	0.00182	0.00122	0.00140	0.00140	0.00141	0.00123	0.00080	0.00184	0.00183	0.00245	0.00391	0.00802	0.00447	0.90826	0.05406	0.00125	0.00132	0.00179	0.00075	0.00078
8	0.00217	0.00109	0.00163	0.00163	0.00163	0.00109	0.00109	0.00163	0.00163	0.00217	0.00217	0.00380	0.00217	0.00434	0.00489	0.96361	0.00109	0.00109	0.00054	0.00054
9	0.00453	0.02319	0.07226	0.01710	0.04204	0.05541	0.02685	0.31794	0.04919	0.34007	0.01737	0.00366	0.01414	0.00149	0.00127	0.00038	0.00875	0.00119	0.00120	0.00199
10	0.09767	0.01049	0.03462	0.03172	0.01531	0.18739	0.05624	0.15084	0.29344	0.02690	0.01742	0.00356	0.01135	0.00152	0.00135	0.00040	0.04900	0.00807	0.00097	0.00174
11	0.00237	0.00221	0.00353	0.64573	0.01600	0.00260	0.02768	0.00309	0.00248	0.00331	0.00272	0.01573	0.04114	0.00169	0.03625	0.00046	0.07589	0.00118	0.00062	0.11531
12	0.03300	0.00910	0.09595	0.03629	0.02696	0.00208	0.03808	0.03051	0.16083	0.14968	0.10762	0.19269	0.07152	0.00224	0.00137	0.00043	0.00106	0.03792	0.00113	0.00157
13	0.05107	0.04425	0.03296	0.04722	0.03894	0.09782	0.04296	0.12982	0.02379	0.04694	0.01309	0.03314	0.02592	0.02523	0.01009	0.00045	0.26385	0.00118	0.00535	0.06593
14	0.03771	0.02416	0.01697	0.01911	0.13982	0.01447	0.06652	0.03285	0.02142	0.04166	0.04476	0.42666	0.03730	0.00267	0.00143	0.00045	0.00107	0.06007	0.00102	0.00987

[dist]
# distance from previous block
# <min> <max>
1	58

[block]
# block no. 8 follows, 259 sequences, length 8
# corresponding to MSA columns:
# 1500-1503,1510-1513
name=unknown_I
#
# <colnr> <probs for GDERKNQSTAVLIFYWHMCP>
#	G	D	E	R	K	N	Q	S	T	A	V	L	I	F	Y	W	H	M	C	P
0	0.08014	0.10900	0.27355	0.01443	0.02233	0.08107	0.04743	0.06020	0.05180	0.10322	0.02491	0.04099	0.01600	0.00145	0.00119	0.00037	0.01340	0.01025	0.00870	0.03958
1	0.02498	0.04838	0.09226	0.04928	0.22534	0.07386	0.05437	0.07329	0.07379	0.02374	0.04488	0.04144	0.02986	0.01345	0.01411	0.00041	0.03402	0.01862	0.00081	0.06309
2	0.06062	0.02300	0.03261	0.04476	0.21389	0.14143	0.03953	0.13710	0.07964	0.11467	0.01511	0.00340	0.01420	0.01274	0.01319	0.00040	0.01516	0.00112	0.00090	0.03655
3	0.00284	0.00330	0.03800	0.00494	0.00613	0.00299	0.83215	0.00385	0.00292	0.00396	0.00288	0.04081	0.00238	0.00128	0.00148	0.00043	0.00200	0.04534	0.00067	0.00164
4	0.02606	0.15378	0.10774	0.08598	0.17533	0.02318	0.10349	0.05229	0.07928	0.05148	0.05921	0.01986	0.02460	0.00144	0.00127	0.00038	0.01963	0.01249	0.00080	0.00171
5	0.01539	0.00209	0.00319	0.21829	0.14246	0.00219	0.06297	0.02141	0.05570	0.02658	0.28416	0.01850	0.06853	0.00188	0.00141	0.00040	0.02056	0.02808	0.00096	0.02525
6	0.89935	0.00240	0.00191	0.00168	0.00247	0.00274	0.00139	0.00384	0.00223	0.07006	0.00196	0.00218	0.00147	0.00119	0.00081	0.00039	0.00097	0.00072	0.00083	0.00141
7	0.00252	0.08039	0.02042	0.11459	0.08529	0.00214	0.03384	0.05423	0.02125	0.05757	0.22821	0.04481	0.18776	0.00203	0.00131	0.00038	0.00104	0.00175	0.01488	0.04557

[dist]
# distance from previous block
# <min> <max>
13	46

[block]
# block no. 9 follows, 259 sequences, length 27
# corresponding to MSA columns:
# 1700-1725,1729
name=unknown_J
#
# <colnr> <probs for GDERKNQSTAVLIFYWHMCP>
#	G	D	E	R	K	N	Q	S	T	A	V	L	I	F	Y	W	H	M	C	P
0	0.01286	0.00702	0.00197	0.02623	0.02576	0.00565	0.02549	0.00247	0.04819	0.03119	0.16797	0.42385	0.14260	0.00875	0.03112	0.00050	0.00090	0.01043	0.00113	0.02593
1	0.00285	0.00272	0.01857	0.30576	0.44456	0.00289	0.03295	0.04229	0.07860	0.00405	0.02753	0.01567	0.00664	0.00131	0.00128	0.00040	0.00825	0.00121	0.00071	0.00175
2	0.00169	0.00127	0.00169	0.00178	0.00200	0.00130	0.00132	0.00209	0.01645	0.00326	0.06559	0.28798	0.16240	0.04284	0.34901	0.00107	0.00171	0.05450	0.00098	0.00108
3	0.00412	0.02318	0.03585	0.01590	0.05186	0.53355	0.01251	0.15297	0.08494	0.00419	0.04003	0.01519	0.00248	0.00146	0.00120	0.00035	0.00182	0.01596	0.00083	0.00163
4	0.00155	0.00119	0.00142	0.00158	0.00181	0.00107	0.00113	0.00184	0.00263	0.00334	0.03760	0.47732	0.37856	0.02105	0.00164	0.00049	0.00072	0.06287	0.00116	0.00104
5	0.00350	0.01005	0.00306	0.00263	0.00338	0.04299	0.00207	0.17887	0.69161	0.01898	0.00449	0.00423	0.00336	0.00902	0.00134	0.00042	0.01548	0.00133	0.00123	0.00197
6	0.00807	0.03510	0.01664	0.10818	0.15115	0.01630	0.03697	0.08814	0.02573	0.14238	0.05455	0.02155	0.00283	0.00565	0.00126	0.00034	0.02195	0.01287	0.00091	0.24944
7	0.02208	0.39580	0.34862	0.00317	0.01755	0.00374	0.13559	0.00399	0.01559	0.03996	0.00221	0.00257	0.00173	0.00114	0.00107	0.00035	0.00161	0.00091	0.00060	0.00173
8	0.00232	0.04471	0.02439	0.01718	0.03901	0.01466	0.28750	0.01425	0.04914	0.00377	0.03953	0.15257	0.24812	0.00227	0.00146	0.00043	0.00850	0.04787	0.00093	0.00140
9	0.00175	0.00140	0.00160	0.03393	0.00212	0.00126	0.01194	0.00224	0.03146	0.03017	0.14938	0.01082	0.66992	0.01524	0.00153	0.00043	0.00073	0.03178	0.00118	0.00115
10	0.00286	0.06608	0.22059	0.11712	0.04485	0.02518	0.22697	0.03105	0.00276	0.04120	0.01249	0.06769	0.00705	0.00153	0.00164	0.00042	0.12076	0.00745	0.00069	0.00162
11	0.00342	0.20394	0.05509	0.00249	0.00330	0.01198	0.04282	0.23561	0.02578	0.11776	0.00404	0.19793	0.00380	0.00203	0.00127	0.00040	0.00123	0.07693	0.00854	0.00166
12	0.00152	0.00126	0.00134	0.00137	0.00175	0.00108	0.00103	0.00186	0.00286	0.00349	0.07853	0.09411	0.76256	0.00320	0.00150	0.00043	0.00066	0.03921	0.00118	0.00106
13	0.00183	0.00124	0.00145	0.00152	0.01691	0.00124	0.00088	0.00187	0.00191	0.00255	0.00420	0.07272	0.00484	0.84457	0.00581	0.00113	0.00118	0.03254	0.00080	0.00081
14	0.00324	0.08506	0.13734	0.23278	0.19536	0.11959	0.04038	0.06857	0.04744	0.04134	0.00255	0.01638	0.00200	0.00128	0.00120	0.00038	0.00163	0.00108	0.00071	0.00171
15	0.00298	0.00340	0.14313	0.00381	0.00491	0.00289	0.41221	0.00472	0.27246	0.05592	0.00377	0.03085	0.01741	0.00148	0.00138	0.00042	0.00160	0.03401	0.00089	0.00177
16	0.00219	0.00192	0.00257	0.00240	0.00254	0.03463	0.00189	0.00253	0.00202	0.00290	0.00282	0.01395	0.00274	0.07030	0.53240	0.01948	0.29963	0.00129	0.00064	0.00117
17	0.00268	0.01144	0.03497	0.00194	0.00307	0.00179	0.00162	0.02508	0.00268	0.01437	0.00227	0.00262	0.00186	0.00096	0.00095	0.00020	0.00097	0.00076	0.00075	0.88902
18	0.02286	0.00162	0.00207	0.00203	0.03292	0.00151	0.00148	0.02119	0.04175	0.23857	0.16086	0.28901	0.14077	0.00270	0.00143	0.00044	0.00084	0.03527	0.00127	0.00143
19	0.00172	0.00126	0.00162	0.00157	0.00185	0.00115	0.00116	0.00225	0.00336	0.00470	0.78081	0.11996	0.06838	0.00275	0.00149	0.00041	0.00061	0.00244	0.00134	0.00115
20	0.01627	0.00273	0.01757	0.21263	0.44943	0.01728	0.04790	0.01387	0.01062	0.09455	0.00277	0.03283	0.00227	0.00138	0.00142	0.00040	0.05304	0.01421	0.00709	0.00176
21	0.00268	0.02027	0.06390	0.36940	0.27301	0.00283	0.08818	0.02895	0.01231	0.00374	0.00659	0.04609	0.00240	0.00145	0.00137	0.00041	0.02824	0.04589	0.00066	0.00161
22	0.00333	0.00208	0.00308	0.03549	0.28452	0.00196	0.00223	0.00391	0.00906	0.29327	0.18753	0.03791	0.12030	0.00190	0.00134	0.00039	0.00105	0.00781	0.00114	0.00170
23	0.00201	0.00164	0.00236	0.00224	0.00239	0.00203	0.00175	0.00236	0.00197	0.00288	0.00299	0.00466	0.00289	0.08015	0.64937	0.01968	0.21555	0.00132	0.00065	0.00113
24	0.01458	0.23118	0.03172	0.01993	0.04180	0.19264	0.02526	0.06081	0.01644	0.15198	0.08148	0.07853	0.01752	0.01156	0.00124	0.00037	0.00783	0.00924	0.00429	0.00160
25	0.01091	0.11314	0.71443	0.01494	0.01705	0.01991	0.04641	0.01720	0.01645	0.01516	0.00228	0.00266	0.00166	0.00119	0.00116	0.00038	0.00177	0.00093	0.00057	0.00181
26	0.00388	0.00447	0.01701	0.01221	0.02885	0.56325	0.00229	0.04742	0.07312	0.00949	0.02496	0.04056	0.00253	0.00195	0.04866	0.00045	0.06321	0.01281	0.04141	0.00148

[dist]
# distance from previous block
# <min> <max>
3	7

[block]
# block no. 10 follows, 259 sequences, length 22
# corresponding to MSA columns:
# 1740,1784-1797,1799,1800,1807,1809-1812
name=unknown_K
#
# <colnr> <probs for GDERKNQSTAVLIFYWHMCP>
#	G	D	E	R	K	N	Q	S	T	A	V	L	I	F	Y	W	H	M	C	P
0	0.00175	0.00128	0.00171	0.01539	0.01021	0.00124	0.00147	0.00868	0.00266	0.00351	0.06964	0.45597	0.07618	0.03722	0.00993	0.00055	0.00091	0.29946	0.00114	0.00109
1	0.04659	0.11211	0.00363	0.01076	0.00966	0.07581	0.00909	0.33193	0.33582	0.02513	0.00349	0.00346	0.00262	0.00148	0.00118	0.00038	0.00128	0.00602	0.00109	0.01847
2	0.01072	0.07864	0.75861	0.00355	0.02395	0.01136	0.04943	0.01295	0.00270	0.01858	0.00227	0.00267	0.00165	0.00125	0.00913	0.00040	0.00180	0.00094	0.00056	0.00883
3	0.04858	0.01692	0.09200	0.03828	0.23735	0.03088	0.07136	0.14161	0.04459	0.16536	0.05415	0.00387	0.02216	0.00144	0.00127	0.00039	0.01041	0.00977	0.00774	0.00184
4	0.00298	0.09810	0.53736	0.00959	0.02490	0.00310	0.12264	0.06560	0.03627	0.05829	0.02073	0.01023	0.00208	0.00126	0.00121	0.00039	0.00168	0.00107	0.00070	0.00182
5	0.00182	0.00121	0.00136	0.00136	0.00136	0.00121	0.00076	0.00182	0.00182	0.00242	0.00394	0.00818	0.00455	0.95605	0.00637	0.00121	0.00121	0.00182	0.00076	0.00076
6	0.00216	0.00109	0.00162	0.00162	0.00162	0.00109	0.00108	0.00163	0.00163	0.00218	0.00223	0.00393	0.00224	0.03289	0.00493	0.93475	0.00109	0.00111	0.00055	0.00055
7	0.02797	0.00286	0.01558	0.02602	0.08240	0.00308	0.05142	0.27466	0.34873	0.06162	0.03599	0.02977	0.01495	0.00164	0.00131	0.00041	0.01073	0.00781	0.00115	0.00191
8	0.00264	0.00249	0.03404	0.67531	0.13852	0.00956	0.02115	0.01663	0.00267	0.04254	0.00266	0.01031	0.02128	0.00132	0.00126	0.00041	0.00159	0.00782	0.00627	0.00152
9	0.00181	0.00125	0.00154	0.00154	0.00160	0.00131	0.00098	0.00193	0.00187	0.00256	0.00378	0.00729	0.00416	0.69777	0.26412	0.00143	0.00180	0.00169	0.00073	0.00086
10	0.00185	0.00124	0.00141	0.00140	0.00142	0.00124	0.00080	0.01355	0.00195	0.00261	0.04040	0.02388	0.00486	0.89158	0.00603	0.00116	0.00118	0.00186	0.00079	0.00080
11	0.01118	0.00295	0.02608	0.02378	0.03180	0.02946	0.53737	0.02447	0.03009	0.07752	0.07390	0.09530	0.00343	0.00156	0.00147	0.00042	0.01581	0.01095	0.00084	0.00162
12	0.00475	0.00350	0.00375	0.00288	0.00388	0.00388	0.00238	0.94408	0.00588	0.00788	0.00300	0.00300	0.00213	0.00150	0.00125	0.00038	0.00138	0.00113	0.00125	0.00213
13	0.00283	0.00274	0.00437	0.30185	0.26303	0.01893	0.06641	0.01618	0.00253	0.01634	0.00215	0.00308	0.00179	0.00149	0.00213	0.00044	0.29041	0.00113	0.00060	0.00159
14	0.00164	0.00120	0.00167	0.00184	0.00197	0.00125	0.00131	0.00193	0.00225	0.00308	0.00566	0.57838	0.02561	0.01990	0.33189	0.00104	0.01463	0.00271	0.00098	0.00105
15	0.00214	0.00137	0.00164	0.00158	0.00171	0.00140	0.00103	0.02656	0.00213	0.05929	0.01188	0.04453	0.02407	0.63783	0.10977	0.01714	0.02177	0.00176	0.03146	0.00096
16	0.00307	0.04252	0.02169	0.03605	0.30683	0.06189	0.00305	0.04857	0.02529	0.00366	0.00210	0.00290	0.00184	0.00175	0.01629	0.00047	0.41868	0.00108	0.00063	0.00164
17	0.00287	0.00267	0.03264	0.51350	0.25956	0.01455	0.03245	0.04265	0.01678	0.05155	0.01740	0.00338	0.00204	0.00126	0.00125	0.00040	0.00158	0.00114	0.00068	0.00164
18	0.00261	0.30796	0.00369	0.00227	0.00273	0.09500	0.01181	0.00292	0.00252	0.00312	0.01534	0.37872	0.01322	0.00245	0.00164	0.00042	0.13302	0.01844	0.00082	0.00131
19	0.00267	0.00254	0.00416	0.63277	0.24392	0.01928	0.02950	0.02325	0.02308	0.00358	0.00234	0.00328	0.00181	0.00123	0.00125	0.00040	0.00162	0.00112	0.00061	0.00158
20	0.33730	0.01467	0.00230	0.01844	0.01003	0.00978	0.01552	0.04056	0.10299	0.15576	0.03152	0.09796	0.13960	0.00191	0.00119	0.00041	0.01096	0.00651	0.00107	0.00151
21	0.03006	0.01714	0.28753	0.00317	0.03054	0.16406	0.02261	0.24967	0.06871	0.03312	0.00808	0.02478	0.01277	0.00149	0.00860	0.00039	0.01741	0.00110	0.00086	0.01789

[dist]
# distance from previous block
# <min> <max>
2	26

[block]
# block no. 11 follows, 259 sequences, length 9
# corresponding to MSA columns:
# 1897-1900,1902-1906
name=unknown_L
#
# <colnr> <probs for GDERKNQSTAVLIFYWHMCP>
#	G	D	E	R	K	N	Q	S	T	A	V	L	I	F	Y	W	H	M	C	P
0	0.03054	0.46573	0.03333	0.00374	0.23222	0.06010	0.04696	0.04156	0.02239	0.00365	0.00241	0.01325	0.01816	0.00124	0.00104	0.00033	0.00144	0.01956	0.00065	0.00169
1	0.01677	0.42269	0.06568	0.00242	0.03450	0.03046	0.01224	0.01717	0.04019	0.03952	0.02809	0.01744	0.00221	0.00119	0.00100	0.00028	0.01167	0.00088	0.00071	0.25489
2	0.00174	0.01723	0.00187	0.00187	0.02698	0.00136	0.03181	0.00216	0.02463	0.00353	0.10702	0.30837	0.36667	0.03854	0.01533	0.00050	0.01829	0.02985	0.00111	0.00113
3	0.00174	0.00119	0.00139	0.00146	0.00150	0.00116	0.00087	0.00182	0.00205	0.00273	0.04100	0.23228	0.03381	0.66605	0.00490	0.00099	0.00106	0.00227	0.00089	0.00084
4	0.05975	0.56307	0.00503	0.00224	0.00320	0.02294	0.00204	0.10580	0.08063	0.10761	0.00264	0.02164	0.00217	0.01517	0.00104	0.00033	0.00127	0.00092	0.00082	0.00171
5	0.00297	0.08747	0.28708	0.10358	0.27010	0.01390	0.06688	0.04193	0.03896	0.03520	0.00271	0.01567	0.01306	0.00129	0.00122	0.00038	0.00159	0.01353	0.00068	0.00180
6	0.03024	0.00140	0.00180	0.00177	0.00204	0.00157	0.00137	0.02111	0.00230	0.00367	0.00363	0.04798	0.00326	0.00589	0.51659	0.00125	0.03648	0.00135	0.31513	0.00116
7	0.02093	0.06396	0.00238	0.00197	0.00248	0.01473	0.00152	0.01607	0.02137	0.32417	0.01861	0.45042	0.03516	0.00272	0.00139	0.00044	0.00092	0.01805	0.00124	0.00148
8	0.02259	0.05153	0.10207	0.07725	0.31355	0.15619	0.04919	0.06552	0.00310	0.04131	0.01236	0.02109	0.03422	0.00134	0.00124	0.00037	0.01161	0.00113	0.00073	0.03362

[dist]
# distance from previous block
# <min> <max>
19	36

[block]
# block no. 12 follows, 259 sequences, length 6
# corresponding to MSA columns:
# 1990-1995
name=unknown_M
#
# <colnr> <probs for GDERKNQSTAVLIFYWHMCP>
#	G	D	E	R	K	N	Q	S	T	A	V	L	I	F	Y	W	H	M	C	P
0	0.12583	0.02246	0.02845	0.04807	0.00343	0.04926	0.02253	0.13692	0.24317	0.15267	0.04953	0.07741	0.01705	0.00176	0.00123	0.00040	0.00116	0.01579	0.00113	0.00173
1	0.06909	0.03736	0.04514	0.05149	0.07809	0.18185	0.01896	0.14508	0.13460	0.12026	0.02575	0.03462	0.00271	0.00165	0.01863	0.00041	0.01838	0.00118	0.01301	0.00174
2	0.00259	0.01520	0.13765	0.01542	0.01343	0.01633	0.01780	0.04815	0.03141	0.11499	0.00539	0.22303	0.11450	0.10758	0.01442	0.02970	0.03416	0.05590	0.00099	0.00137
3	0.02304	0.08200	0.26157	0.02301	0.10169	0.08101	0.03878	0.10753	0.05127	0.05575	0.04298	0.00362	0.02929	0.00190	0.06159	0.00048	0.00162	0.00114	0.03003	0.00172
4	0.00319	0.55327	0.10468	0.00250	0.00353	0.09112	0.02746	0.00384	0.03587	0.00328	0.00222	0.00286	0.00198	0.00146	0.02637	0.00036	0.02744	0.03953	0.00062	0.06841
5	0.04628	0.03517	0.03748	0.03225	0.14313	0.05227	0.05813	0.04257	0.09445	0.02429	0.03140	0.04085	0.04686	0.03543	0.02003	0.00046	0.16347	0.00132	0.04049	0.05366

[dist]
# distance from previous block
# <min> <max>
14	44

[block]
# block no. 13 follows, 259 sequences, length 22
# corresponding to MSA columns:
# 2082-2103
name=unknown_N
#
# <colnr> <probs for GDERKNQSTAVLIFYWHMCP>
#	G	D	E	R	K	N	Q	S	T	A	V	L	I	F	Y	W	H	M	C	P
0	0.01942	0.02669	0.00372	0.05745	0.14166	0.32502	0.02037	0.06066	0.13125	0.05976	0.01406	0.00325	0.01688	0.00152	0.00839	0.00039	0.09143	0.00108	0.00082	0.01618
1	0.12989	0.02245	0.02209	0.01716	0.02116	0.00203	0.11653	0.03402	0.03435	0.13531	0.21082	0.18719	0.03950	0.00220	0.00712	0.00043	0.00492	0.00674	0.00461	0.00146
2	0.04150	0.00259	0.00287	0.00220	0.00318	0.05785	0.02021	0.11315	0.04943	0.17195	0.00314	0.02692	0.01301	0.00127	0.00108	0.00029	0.00110	0.00102	0.00098	0.48626
3	0.00161	0.00126	0.00152	0.00162	0.00191	0.00115	0.00121	0.00196	0.00265	0.00338	0.03454	0.30050	0.41454	0.00398	0.09432	0.00062	0.00099	0.11147	0.00111	0.01966
4	0.00165	0.00127	0.00147	0.00151	0.00184	0.00115	0.00112	0.00199	0.00272	0.02168	0.08175	0.17281	0.52762	0.03770	0.09446	0.00062	0.00096	0.04546	0.00112	0.00108
5	0.00304	0.00259	0.00422	0.47172	0.30075	0.02869	0.04992	0.00379	0.00277	0.10736	0.00257	0.00334	0.00194	0.00126	0.00129	0.00968	0.00158	0.00114	0.00069	0.00166
6	0.09670	0.00233	0.00334	0.48238	0.03777	0.00271	0.03041	0.05031	0.12931	0.03123	0.09669	0.00407	0.01282	0.00147	0.00127	0.00041	0.01318	0.00126	0.00083	0.00153
7	0.00176	0.00117	0.00142	0.00151	0.00155	0.00114	0.00094	0.00179	0.00204	0.00270	0.01629	0.29188	0.03342	0.52741	0.00454	0.09499	0.00103	0.01270	0.00088	0.00083
8	0.00446	0.00601	0.09598	0.00326	0.00402	0.85839	0.00263	0.00489	0.00346	0.00315	0.00196	0.00229	0.00161	0.00128	0.00113	0.00033	0.00222	0.00082	0.00063	0.00149
9	0.00333	0.02936	0.07869	0.13058	0.00457	0.07191	0.09456	0.19486	0.02164	0.04386	0.00914	0.02450	0.00217	0.00801	0.01146	0.00045	0.25912	0.00937	0.00079	0.00163
10	0.00245	0.00234	0.00350	0.00337	0.09543	0.00287	0.07113	0.00288	0.01367	0.00336	0.03475	0.16431	0.06288	0.00241	0.00284	0.00050	0.49282	0.03638	0.00076	0.00137
11	0.00460	0.09670	0.00399	0.00280	0.00379	0.03705	0.00234	0.79354	0.01924	0.01932	0.00290	0.00292	0.00210	0.00146	0.00120	0.00036	0.00139	0.00108	0.00116	0.00205
12	0.02571	0.00363	0.34922	0.00263	0.00367	0.01828	0.03013	0.02635	0.09405	0.12760	0.00441	0.05555	0.08215	0.02002	0.01999	0.00045	0.00135	0.03824	0.09492	0.00164
13	0.02238	0.00212	0.00311	0.18166	0.21054	0.02410	0.01058	0.03217	0.00293	0.00398	0.11932	0.04888	0.01131	0.00223	0.00149	0.00046	0.02022	0.30017	0.00092	0.00142
14	0.00181	0.00139	0.00168	0.00172	0.00203	0.00134	0.00130	0.00254	0.09515	0.00412	0.32936	0.20472	0.23258	0.00300	0.00151	0.00045	0.00073	0.11213	0.00124	0.00119
15	0.00173	0.00128	0.00167	0.00184	0.00207	0.00117	0.00135	0.00206	0.00255	0.00344	0.03487	0.63538	0.02823	0.00348	0.00155	0.00048	0.00082	0.17980	0.00112	0.09511
16	0.01210	0.07247	0.02007	0.04913	0.15583	0.06726	0.04514	0.10067	0.02544	0.30851	0.01061	0.00917	0.00253	0.00218	0.09408	0.00054	0.02028	0.00117	0.00100	0.00182
17	0.01386	0.02686	0.02384	0.00852	0.01197	0.11631	0.06211	0.18593	0.17535	0.23855	0.01965	0.01984	0.01232	0.00161	0.00146	0.00040	0.07122	0.00725	0.00112	0.00185
18	0.15884	0.01817	0.00235	0.00200	0.00259	0.01286	0.01884	0.10298	0.12105	0.09993	0.26276	0.06723	0.01744	0.00207	0.01403	0.00042	0.00095	0.02066	0.07332	0.00151
19	0.02898	0.02027	0.09786	0.01933	0.02359	0.04383	0.03539	0.06245	0.07205	0.23328	0.03031	0.19136	0.10427	0.00213	0.00132	0.00041	0.00114	0.00888	0.01387	0.00926
20	0.11885	0.01451	0.02896	0.11973	0.07542	0.05703	0.12468	0.09244	0.01286	0.02228	0.01357	0.00840	0.01193	0.01527	0.00880	0.00036	0.00139	0.00104	0.00077	0.27171
21	0.02574	0.04386	0.07849	0.16895	0.14599	0.05573	0.02357	0.18403	0.04386	0.09923	0.05479	0.00372	0.02748	0.00144	0.00127	0.00038	0.01537	0.00118	0.00090	0.02402

[dist]
# distance from previous block
# <min> <max>
7	81

[block]
# block no. 14 follows, 259 sequences, length 15
# corresponding to MSA columns:
# 2205-2209,2212-2221
name=unknown_O
#
# <colnr> <probs for GDERKNQSTAVLIFYWHMCP>
#	G	D	E	R	K	N	Q	S	T	A	V	L	I	F	Y	W	H	M	C	P
0	0.02038	0.06553	0.10503	0.18362	0.24298	0.03232	0.05493	0.06719	0.01322	0.04358	0.00813	0.01884	0.00962	0.01373	0.00139	0.00040	0.04076	0.01870	0.02818	0.03146
1	0.01012	0.04462	0.00215	0.01236	0.00235	0.00984	0.00149	0.01094	0.15316	0.02436	0.03780	0.37169	0.13244	0.01976	0.10260	0.00064	0.03958	0.02179	0.00107	0.00127
2	0.00251	0.01615	0.05538	0.06509	0.10569	0.02085	0.26125	0.00321	0.01283	0.02501	0.01909	0.02863	0.01720	0.08440	0.23865	0.01471	0.00207	0.02514	0.00071	0.00143
3	0.03189	0.14789	0.49011	0.02483	0.02327	0.10363	0.03935	0.05718	0.01588	0.02508	0.02073	0.00275	0.00190	0.00124	0.00116	0.00037	0.00940	0.00095	0.00065	0.00175
4	0.00359	0.04788	0.20877	0.05073	0.16396	0.02332	0.13276	0.09669	0.01374	0.20059	0.01216	0.01450	0.00913	0.00136	0.00126	0.00039	0.00154	0.01490	0.00088	0.00186
5	0.00166	0.00132	0.00147	0.00152	0.00185	0.00120	0.00111	0.00220	0.06683	0.00364	0.09806	0.26212	0.50977	0.00318	0.00149	0.00044	0.00069	0.01796	0.02236	0.00112
6	0.02046	0.08965	0.27534	0.06821	0.02244	0.00261	0.03678	0.03810	0.04312	0.07988	0.10660	0.04032	0.04285	0.02079	0.06405	0.00052	0.03610	0.00976	0.00084	0.00159
7	0.02200	0.00130	0.00174	0.02035	0.00213	0.00135	0.00136	0.01630	0.00236	0.00325	0.02254	0.39589	0.10614	0.02857	0.35323	0.00106	0.00174	0.01664	0.00095	0.00109
8	0.01537	0.22388	0.32721	0.16861	0.02753	0.04366	0.02270	0.04388	0.03079	0.00376	0.00877	0.00894	0.00183	0.00125	0.00119	0.00036	0.02946	0.00095	0.00062	0.03923
