[name]
unknown

[dist]
# distance from previous block
# <min> <max>
0	262

[block]
# block no. 0 follows, 251 sequences, length 18
# corresponding to MSA columns:
# 7612,7614,7615,7617-7625,7639-7644
name=unknown_A
#
# <colnr> <probs for GDERKNQSTAVLIFYWHMCP>
#	G	D	E	R	K	N	Q	S	T	A	V	L	I	F	Y	W	H	M	C	P
0	0.01170	0.08773	0.01838	0.01553	0.03306	0.11243	0.04094	0.28728	0.09066	0.01128	0.01428	0.02842	0.00271	0.04831	0.12413	0.00065	0.06862	0.00125	0.00093	0.00170
1	0.00991	0.00171	0.00214	0.06174	0.04798	0.04703	0.01084	0.00240	0.00216	0.00290	0.00378	0.01342	0.02743	0.43389	0.32583	0.00135	0.00208	0.00160	0.00074	0.00107
2	0.17905	0.02807	0.03664	0.05763	0.08562	0.08113	0.13439	0.14600	0.07267	0.05498	0.01363	0.00890	0.00230	0.00158	0.02513	0.00043	0.00958	0.01358	0.00089	0.04779
3	0.02704	0.00282	0.00503	0.40232	0.09229	0.01934	0.30725	0.00375	0.02237	0.01554	0.00260	0.00372	0.00206	0.00132	0.00147	0.00043	0.03825	0.03086	0.00066	0.02087
4	0.00299	0.00340	0.00741	0.00532	0.00658	0.00319	0.91328	0.00405	0.00302	0.00410	0.00274	0.03253	0.00215	0.00118	0.00152	0.00044	0.00213	0.00158	0.00067	0.00172
5	0.00184	0.00136	0.00196	0.00196	0.00215	0.00155	0.00147	0.00223	0.00204	0.00291	0.00355	0.00563	0.00347	0.16957	0.79008	0.00193	0.00308	0.00146	0.00071	0.00109
6	0.06700	0.00242	0.00298	0.00233	0.00325	0.00233	0.00190	0.19587	0.00396	0.62004	0.01484	0.00419	0.00302	0.03575	0.01534	0.00045	0.00118	0.00126	0.01984	0.00204
7	0.01343	0.15739	0.01212	0.00334	0.01244	0.10406	0.12858	0.03875	0.01517	0.04595	0.00215	0.00283	0.00184	0.00166	0.00248	0.00044	0.41238	0.00107	0.00068	0.04323
8	0.00164	0.00129	0.00150	0.00162	0.00192	0.00116	0.00120	0.00201	0.01328	0.00351	0.03682	0.28898	0.48125	0.02183	0.02364	0.00053	0.00082	0.11473	0.00118	0.00110
9	0.00199	0.00149	0.00216	0.00211	0.00238	0.00172	0.00165	0.04735	0.00226	0.00323	0.00343	0.00496	0.00317	0.00927	0.90420	0.00199	0.00335	0.00137	0.00072	0.00120
10	0.00334	0.04485	0.03433	0.00215	0.03230	0.00192	0.00160	0.03601	0.01461	0.28935	0.00414	0.03786	0.00374	0.38117	0.05052	0.01392	0.02172	0.00155	0.02349	0.00144
11	0.00353	0.00948	0.06200	0.00253	0.03289	0.00955	0.02962	0.03590	0.12994	0.30841	0.05176	0.15255	0.03453	0.05175	0.03021	0.00052	0.01714	0.02101	0.01496	0.00171
12	0.00243	0.00229	0.00386	0.95166	0.00887	0.00286	0.00358	0.00329	0.00257	0.00329	0.00229	0.00343	0.00172	0.00129	0.00129	0.00043	0.00172	0.00114	0.00057	0.00143
13	0.00159	0.00114	0.00153	0.00179	0.00188	0.00109	0.00121	0.00183	0.00244	0.00326	0.00690	0.86035	0.02323	0.02304	0.06151	0.00063	0.00093	0.00347	0.00116	0.00105
14	0.01422	0.00250	0.06080	0.08311	0.02980	0.03077	0.03624	0.03489	0.07974	0.13034	0.04933	0.06451	0.10774	0.00231	0.00717	0.02655	0.11486	0.10626	0.01732	0.00153
15	0.00930	0.02404	0.02908	0.07733	0.15317	0.01991	0.16611	0.04843	0.07464	0.12748	0.01823	0.12635	0.01140	0.01744	0.01403	0.00047	0.02805	0.04758	0.00528	0.00170
16	0.00199	0.00142	0.00195	0.04754	0.00261	0.00140	0.01205	0.00249	0.01660	0.02556	0.05103	0.32514	0.06921	0.02537	0.00174	0.00054	0.00099	0.37966	0.03153	0.00118
17	0.04599	0.00260	0.02213	0.53958	0.22341	0.00873	0.02547	0.03072	0.01643	0.02458	0.00895	0.03342	0.00215	0.00143	0.00885	0.00043	0.00160	0.00123	0.00068	0.00162

[dist]
# distance from previous block
# <min> <max>
1	7

[block]
# block no. 1 follows, 251 sequences, length 12
# corresponding to MSA columns:
# 7652,7654,7655,7657-7665
name=unknown_B
#
# <colnr> <probs for GDERKNQSTAVLIFYWHMCP>
#	G	D	E	R	K	N	Q	S	T	A	V	L	I	F	Y	W	H	M	C	P
0	0.02285	0.01258	0.00976	0.10344	0.03570	0.01950	0.04108	0.02190	0.01821	0.16012	0.08407	0.23485	0.08171	0.08505	0.02314	0.00055	0.01594	0.01322	0.00108	0.01525
1	0.00177	0.00125	0.00161	0.00171	0.00192	0.00117	0.00121	0.00219	0.01713	0.01842	0.31855	0.48525	0.07044	0.03784	0.00176	0.00050	0.00073	0.02251	0.01291	0.00113
2	0.01231	0.01225	0.33366	0.07290	0.03512	0.01913	0.02242	0.04384	0.08180	0.05333	0.07656	0.05406	0.04495	0.00252	0.09442	0.00058	0.02596	0.01164	0.00086	0.00166
3	0.01858	0.03872	0.20491	0.03989	0.12500	0.02517	0.09196	0.22006	0.02309	0.13018	0.00986	0.01283	0.00232	0.00140	0.00129	0.00039	0.00816	0.01277	0.00093	0.03248
4	0.01149	0.00208	0.01669	0.34391	0.03116	0.02591	0.00921	0.01605	0.02520	0.05823	0.10534	0.18780	0.10738	0.01003	0.00154	0.00045	0.03353	0.00193	0.00095	0.01116
5	0.02568	0.00197	0.00260	0.00209	0.00291	0.00173	0.00169	0.00519	0.00353	0.69528	0.10848	0.04551	0.09360	0.00196	0.00134	0.00041	0.00098	0.00163	0.00150	0.00191
6	0.03695	0.02062	0.03924	0.14203	0.13526	0.04521	0.14705	0.08162	0.04971	0.09491	0.01420	0.01800	0.01141	0.00139	0.00139	0.00039	0.04357	0.00122	0.01279	0.10304
7	0.00341	0.06699	0.23259	0.08542	0.08617	0.09211	0.16330	0.05514	0.01653	0.09853	0.00274	0.02125	0.00210	0.00138	0.00145	0.00040	0.05834	0.00117	0.00919	0.00178
8	0.01336	0.01305	0.04379	0.14987	0.27848	0.00260	0.05594	0.02360	0.04100	0.16478	0.01273	0.01942	0.00246	0.00184	0.00192	0.13077	0.04063	0.00124	0.00083	0.00169
9	0.00237	0.00146	0.00226	0.00261	0.13424	0.00151	0.00158	0.00207	0.00188	0.00257	0.00232	0.00392	0.00228	0.02917	0.02950	0.74201	0.03569	0.00115	0.00058	0.00082
10	0.36026	0.06888	0.07000	0.04415	0.02741	0.01880	0.03211	0.06621	0.02217	0.02801	0.00243	0.01105	0.01206	0.00878	0.00108	0.00823	0.00121	0.00091	0.00080	0.21544
11	0.13271	0.15397	0.05643	0.01067	0.05404	0.12944	0.02557	0.13420	0.03725	0.04803	0.01941	0.03655	0.00844	0.00166	0.01157	0.00041	0.09720	0.02068	0.00085	0.02093

[dist]
# distance from previous block
# <min> <max>
1	103

[block]
# block no. 2 follows, 251 sequences, length 8
# corresponding to MSA columns:
# 7791-7795,7798,7799,7817
name=unknown_C
#
# <colnr> <probs for GDERKNQSTAVLIFYWHMCP>
#	G	D	E	R	K	N	Q	S	T	A	V	L	I	F	Y	W	H	M	C	P
0	0.01639	0.00144	0.00181	0.00182	0.02768	0.00133	0.00132	0.00265	0.01763	0.06520	0.48395	0.11071	0.19703	0.00276	0.00149	0.00043	0.00072	0.03427	0.03011	0.00127
1	0.00296	0.11529	0.07702	0.18570	0.16825	0.05671	0.03426	0.03234	0.03544	0.01523	0.02011	0.03809	0.00258	0.00142	0.00120	0.00037	0.01180	0.00119	0.16402	0.03601
2	0.00292	0.00323	0.08784	0.32294	0.30320	0.04193	0.06301	0.00410	0.11179	0.00393	0.00266	0.00338	0.00208	0.00132	0.00141	0.00042	0.04023	0.00117	0.00068	0.00176
3	0.00177	0.00125	0.00159	0.00169	0.00192	0.00114	0.00121	0.00215	0.00296	0.02868	0.30926	0.45505	0.15529	0.00339	0.00158	0.00047	0.00071	0.02748	0.00128	0.00114
4	0.00226	0.00143	0.00181	0.00183	0.00208	0.00145	0.00133	0.03447	0.00271	0.07601	0.04092	0.46916	0.03385	0.03252	0.06245	0.00058	0.05329	0.00252	0.17810	0.00123
5	0.09799	0.39220	0.25198	0.00309	0.05059	0.08742	0.04106	0.00405	0.00272	0.01970	0.00206	0.00244	0.00168	0.00122	0.00114	0.00035	0.03714	0.00085	0.00061	0.00170
6	0.00186	0.00125	0.00164	0.00176	0.00198	0.00116	0.00126	0.00222	0.00290	0.04858	0.26825	0.54039	0.07331	0.00345	0.00159	0.00048	0.00074	0.04475	0.00128	0.00116
7	0.04835	0.02436	0.22238	0.17733	0.09514	0.01959	0.17561	0.02123	0.02135	0.03323	0.08493	0.01682	0.01380	0.00142	0.00133	0.00041	0.01186	0.00129	0.00075	0.02882

[dist]
# distance from previous block
# <min> <max>
2	4

[block]
# block no. 3 follows, 251 sequences, length 7
# corresponding to MSA columns:
# 7822-7828
name=unknown_D
#
# <colnr> <probs for GDERKNQSTAVLIFYWHMCP>
#	G	D	E	R	K	N	Q	S	T	A	V	L	I	F	Y	W	H	M	C	P
0	0.02849	0.03632	0.46080	0.05832	0.14858	0.02072	0.10487	0.00402	0.04319	0.00416	0.06172	0.00339	0.00249	0.00132	0.00131	0.00041	0.01627	0.00115	0.00067	0.00180
1	0.00241	0.02556	0.18165	0.06412	0.11678	0.00234	0.09245	0.01692	0.04052	0.00386	0.02410	0.26888	0.02332	0.01578	0.00159	0.00046	0.03009	0.06922	0.00088	0.01908
2	0.02562	0.00150	0.00159	0.01968	0.00199	0.00155	0.00118	0.06843	0.03110	0.02457	0.05053	0.00512	0.00372	0.00162	0.00101	0.00033	0.00073	0.02986	0.72855	0.00132
3	0.00215	0.00133	0.00165	0.00160	0.00188	0.00128	0.00118	0.01835	0.00270	0.04277	0.17194	0.00761	0.22594	0.04876	0.08527	0.22189	0.00106	0.02477	0.13681	0.00106
4	0.00190	0.00135	0.00167	0.00160	0.00195	0.00121	0.00121	0.00242	0.00340	0.04307	0.60443	0.04814	0.24961	0.00283	0.00152	0.00042	0.00066	0.03004	0.00135	0.00121
5	0.00213	0.00146	0.00174	0.00165	0.00205	0.00136	0.00125	0.02181	0.04039	0.06372	0.42968	0.03647	0.28153	0.01945	0.00156	0.00043	0.00072	0.03895	0.05236	0.00128
6	0.89400	0.00247	0.00197	0.00174	0.00255	0.00282	0.00143	0.00397	0.00230	0.07444	0.00203	0.00226	0.00153	0.00122	0.00083	0.00040	0.00100	0.00074	0.00085	0.00145

[dist]
# distance from previous block
# <min> <max>
0	1

[block]
# block no. 4 follows, 251 sequences, length 13
# corresponding to MSA columns:
# 7830-7842
name=unknown_E
#
# <colnr> <probs for GDERKNQSTAVLIFYWHMCP>
#	G	D	E	R	K	N	Q	S	T	A	V	L	I	F	Y	W	H	M	C	P
0	0.00716	0.00520	0.00552	0.00540	0.00609	0.00441	0.00363	0.00623	0.00657	0.00927	0.29264	0.37099	0.21603	0.02295	0.00396	0.00144	0.00262	0.00459	0.02136	0.00396
1	0.00186	0.00131	0.00174	0.00174	0.00186	0.00143	0.00120	0.00209	0.00197	0.00275	0.00375	0.00672	0.00394	0.47597	0.48432	0.00166	0.00236	0.00162	0.00073	0.00097
2	0.00268	0.00232	0.00367	0.01532	0.48427	0.00228	0.00288	0.00334	0.00290	0.00409	0.03360	0.02589	0.01446	0.01081	0.00148	0.00934	0.00129	0.26227	0.04268	0.07443
3	0.00979	0.29280	0.15287	0.04261	0.01166	0.02458	0.01680	0.11760	0.02126	0.08767	0.00908	0.01512	0.00828	0.00158	0.00821	0.00041	0.17614	0.00104	0.00077	0.00174
4	0.00206	0.00152	0.00222	0.00242	0.00273	0.00150	0.03696	0.00263	0.00291	0.00380	0.00669	0.11359	0.00732	0.00352	0.00175	0.00058	0.00118	0.80426	0.00117	0.00119
5	0.00296	0.03313	0.16548	0.02680	0.10961	0.00984	0.08104	0.04160	0.01809	0.03295	0.00254	0.01615	0.00204	0.00116	0.00116	0.00031	0.01192	0.00100	0.00075	0.44146
6	0.00164	0.00122	0.00167	0.00195	0.02022	0.00114	0.01649	0.00191	0.00253	0.00334	0.00733	0.80384	0.07921	0.01753	0.00170	0.00052	0.00080	0.03472	0.00117	0.00108
7	0.00307	0.00305	0.00547	0.05100	0.60789	0.00301	0.21071	0.00389	0.00290	0.00413	0.00243	0.00322	0.00199	0.00114	0.00136	0.00038	0.01783	0.00120	0.00065	0.07469
8	0.00292	0.02513	0.00286	0.00200	0.00313	0.00197	0.00162	0.07445	0.00295	0.02487	0.00240	0.00272	0.00195	0.00102	0.00098	0.00021	0.00100	0.00080	0.00082	0.84617
9	0.00442	0.05817	0.00368	0.01534	0.00375	0.35781	0.00229	0.41077	0.02806	0.00534	0.00275	0.00323	0.00221	0.07363	0.00161	0.00042	0.00172	0.00107	0.02198	0.00176
10	0.00162	0.00130	0.00145	0.00142	0.00180	0.00113	0.00106	0.00204	0.00316	0.00403	0.32355	0.04060	0.60614	0.00308	0.00152	0.00043	0.00064	0.00262	0.00127	0.00113
11	0.00159	0.00114	0.00152	0.00182	0.00191	0.00107	0.00124	0.00183	0.00249	0.00331	0.00708	0.90864	0.00846	0.00401	0.00165	0.00053	0.00077	0.04870	0.00119	0.00105
12	0.00333	0.31199	0.18179	0.10872	0.16674	0.03398	0.05701	0.01521	0.01719	0.08015	0.00249	0.01161	0.00197	0.00124	0.00114	0.00036	0.00158	0.00101	0.00069	0.00179

[dist]
# distance from previous block
# <min> <max>
0	1

[block]
# block no. 5 follows, 251 sequences, length 9
# corresponding to MSA columns:
# 7847-7851,7861-7863,7865
name=unknown_F
#
# <colnr> <probs for GDERKNQSTAVLIFYWHMCP>
#	G	D	E	R	K	N	Q	S	T	A	V	L	I	F	Y	W	H	M	C	P
0	0.00168	0.00131	0.00163	0.00166	0.00197	0.00127	0.00125	0.00208	0.00272	0.00354	0.13294	0.11900	0.40662	0.00519	0.28547	0.00093	0.00151	0.02704	0.00107	0.00112
1	0.05990	0.00305	0.01426	0.03100	0.00371	0.02304	0.00226	0.47067	0.05114	0.19664	0.02669	0.00390	0.01794	0.00166	0.00145	0.00041	0.05777	0.01849	0.01403	0.00198
2	0.00311	0.08316	0.22752	0.13877	0.38413	0.02296	0.00368	0.00405	0.02134	0.05994	0.00269	0.00325	0.01806	0.00128	0.00129	0.00039	0.02075	0.00110	0.00068	0.00186
3	0.02943	0.31640	0.50554	0.05953	0.00501	0.00368	0.05608	0.00395	0.00268	0.00374	0.00214	0.00257	0.00165	0.00118	0.00110	0.00037	0.00171	0.00090	0.00056	0.00177
4	0.00290	0.00296	0.07486	0.24755	0.02493	0.05346	0.05818	0.01441	0.00258	0.06335	0.00294	0.03382	0.03633	0.01461	0.03835	0.00054	0.31502	0.01101	0.00071	0.00150
5	0.06219	0.01190	0.02154	0.00261	0.00324	0.20026	0.06018	0.19160	0.01605	0.04487	0.00285	0.00361	0.02213	0.04107	0.03079	0.23896	0.01341	0.00113	0.00083	0.03078
6	0.00225	0.00165	0.03070	0.00183	0.00225	0.01268	0.00142	0.01748	0.02017	0.11150	0.08675	0.34048	0.27585	0.00351	0.05782	0.00055	0.00099	0.01849	0.00120	0.01244
7	0.02012	0.03171	0.08472	0.00244	0.01970	0.00993	0.03005	0.14357	0.03970	0.17114	0.15432	0.09271	0.08009	0.01002	0.00138	0.00041	0.00111	0.02390	0.00117	0.08182
8	0.04816	0.00239	0.03264	0.00211	0.00314	0.00194	0.00176	0.01996	0.04260	0.32870	0.04529	0.00378	0.01711	0.00135	0.00113	0.00031	0.00102	0.00108	0.00111	0.44442

[dist]
# distance from previous block
# <min> <max>
1	6

[block]
# block no. 6 follows, 251 sequences, length 6
# corresponding to MSA columns:
# 7901,7902,7915-7918
name=unknown_G
#
# <colnr> <probs for GDERKNQSTAVLIFYWHMCP>
#	G	D	E	R	K	N	Q	S	T	A	V	L	I	F	Y	W	H	M	C	P
0	0.03370	0.00221	0.03443	0.00196	0.00281	0.00182	0.00160	0.03294	0.07528	0.03161	0.22612	0.03519	0.04859	0.00167	0.00119	0.00031	0.00091	0.00140	0.00103	0.46524
1	0.05401	0.01386	0.01420	0.02260	0.06572	0.03689	0.02346	0.09761	0.06275	0.14562	0.04567	0.02409	0.05653	0.00150	0.00122	0.00034	0.01365	0.00122	0.00101	0.31805
2	0.00277	0.03329	0.00352	0.36633	0.02402	0.02692	0.04172	0.05169	0.07436	0.02294	0.05563	0.06746	0.00311	0.00158	0.00134	0.00039	0.02635	0.01498	0.00082	0.18079
3	0.02374	0.06276	0.08333	0.02776	0.07494	0.03744	0.08071	0.10247	0.13543	0.09059	0.01794	0.06229	0.00285	0.00178	0.01465	0.00044	0.12770	0.00132	0.00092	0.05095
4	0.06367	0.02057	0.02197	0.06251	0.48914	0.16255	0.03575	0.02266	0.03654	0.00409	0.00243	0.00309	0.00201	0.00159	0.04002	0.00045	0.02738	0.00109	0.00068	0.00180
5	0.00193	0.00145	0.00202	0.00222	0.06915	0.00155	0.00147	0.00229	0.00221	0.00311	0.04262	0.03039	0.05160	0.26564	0.49132	0.00149	0.00232	0.00166	0.02446	0.00111

[dist]
# distance from previous block
# <min> <max>
4	32

[block]
# block no. 7 follows, 251 sequences, length 16
# corresponding to MSA columns:
# 7955-7960,7968-7975,7978,7979
name=unknown_H
#
# <colnr> <probs for GDERKNQSTAVLIFYWHMCP>
#	G	D	E	R	K	N	Q	S	T	A	V	L	I	F	Y	W	H	M	C	P
0	0.00339	0.84687	0.02698	0.01422	0.00339	0.01285	0.00224	0.01576	0.01347	0.01199	0.01206	0.00245	0.01746	0.00127	0.01087	0.00031	0.00140	0.00078	0.00060	0.00165
1	0.00290	0.00391	0.30883	0.03474	0.08604	0.02384	0.10282	0.07387	0.03523	0.04285	0.08143	0.02803	0.01616	0.02403	0.05147	0.00052	0.05486	0.01282	0.00580	0.00985
2	0.00179	0.00130	0.00167	0.01680	0.01306	0.00123	0.00130	0.00221	0.03004	0.02328	0.14420	0.56204	0.14566	0.01396	0.00164	0.00050	0.00077	0.03618	0.00122	0.00115
3	0.00190	0.00145	0.00176	0.00179	0.00213	0.00139	0.00141	0.02073	0.02936	0.00403	0.22339	0.02789	0.32501	0.06928	0.01357	0.00055	0.01200	0.25997	0.00121	0.00117
4	0.00159	0.00116	0.00150	0.00177	0.00189	0.00107	0.00121	0.00184	0.00252	0.00332	0.00753	0.81350	0.08709	0.02092	0.00173	0.00053	0.00077	0.04782	0.00119	0.00105
5	0.00258	0.00666	0.94808	0.00367	0.00557	0.00299	0.00476	0.00408	0.00272	0.00408	0.00231	0.00272	0.00163	0.00122	0.00122	0.00041	0.00190	0.00095	0.00054	0.00190
6	0.00351	0.91151	0.00660	0.00225	0.00334	0.04888	0.00222	0.00391	0.00266	0.00303	0.00180	0.00208	0.00165	0.00111	0.00084	0.00028	0.00142	0.00069	0.00056	0.00164
7	0.00273	0.08734	0.77305	0.00348	0.00520	0.00314	0.02165	0.04256	0.00285	0.00413	0.00249	0.02733	0.00192	0.00133	0.00122	0.00040	0.00180	0.01491	0.00060	0.00186
8	0.03085	0.00280	0.00333	0.03256	0.01408	0.00301	0.05294	0.54805	0.00462	0.00627	0.03094	0.24317	0.01731	0.00218	0.00139	0.00043	0.00125	0.00185	0.00119	0.00179
9	0.53603	0.00295	0.02630	0.00318	0.00421	0.00299	0.35860	0.00403	0.00259	0.04493	0.00225	0.00273	0.00169	0.00117	0.00110	0.00041	0.00147	0.00104	0.00077	0.00157
10	0.00243	0.00229	0.00386	0.95166	0.00887	0.00286	0.00358	0.00329	0.00257	0.00329	0.00229	0.00343	0.00172	0.00129	0.00129	0.00043	0.00172	0.00114	0.00057	0.00143
11	0.00167	0.00129	0.00154	0.00157	0.00188	0.00117	0.00115	0.00212	0.01406	0.00404	0.33754	0.21341	0.36967	0.00333	0.02196	0.00048	0.00073	0.01998	0.00126	0.00114
12	0.00800	0.00263	0.01114	0.30733	0.28510	0.00874	0.08479	0.03293	0.04553	0.07765	0.05831	0.00896	0.01508	0.00807	0.01065	0.00043	0.00152	0.00597	0.00957	0.01760
13	0.00160	0.00115	0.00151	0.00177	0.00188	0.00107	0.00120	0.00185	0.00254	0.00337	0.04210	0.81721	0.06688	0.01920	0.00171	0.00053	0.00076	0.03143	0.00120	0.00105
14	0.04199	0.01195	0.15359	0.05584	0.02621	0.00753	0.01020	0.09069	0.15944	0.06579	0.17779	0.02105	0.10510	0.00197	0.00147	0.00042	0.04526	0.01419	0.00788	0.00166
15	0.84691	0.00278	0.05298	0.00186	0.00271	0.01666	0.00161	0.03536	0.00236	0.00566	0.00191	0.00229	0.00150	0.01997	0.00095	0.00041	0.00108	0.00075	0.00080	0.00144

[dist]
# distance from previous block
# <min> <max>
3	23

[block]
# block no. 8 follows, 251 sequences, length 6
# corresponding to MSA columns:
# 8005-8010
name=unknown_I
#
# <colnr> <probs for GDERKNQSTAVLIFYWHMCP>
#	G	D	E	R	K	N	Q	S	T	A	V	L	I	F	Y	W	H	M	C	P
0	0.12802	0.09495	0.05274	0.02031	0.01516	0.02467	0.15981	0.11840	0.02854	0.10044	0.03417	0.04072	0.02313	0.02580	0.02046	0.01383	0.05027	0.01060	0.01177	0.02620
1	0.01930	0.03360	0.01829	0.06349	0.21475	0.05978	0.05474	0.09070	0.11076	0.03263	0.05222	0.07067	0.02696	0.02837	0.00154	0.00044	0.02126	0.06782	0.01135	0.02132
2	0.01790	0.00143	0.00178	0.00181	0.00204	0.00146	0.00130	0.03278	0.00260	0.04745	0.03067	0.42123	0.03359	0.11996	0.07147	0.00067	0.04640	0.01851	0.13080	0.01614
3	0.00200	0.00135	0.00173	0.00163	0.00196	0.00124	0.00123	0.00257	0.00350	0.04297	0.77297	0.00946	0.05341	0.03211	0.00165	0.00043	0.00067	0.03057	0.03729	0.00123
4	0.00348	0.00279	0.00299	0.00263	0.00339	0.00318	0.00206	0.07537	0.82024	0.06106	0.00507	0.00465	0.00376	0.00172	0.00131	0.00043	0.00105	0.00142	0.00133	0.00206
5	0.96385	0.00249	0.00189	0.00169	0.00249	0.00289	0.00139	0.00378	0.00219	0.00578	0.00179	0.00209	0.00139	0.00120	0.00080	0.00040	0.00100	0.00070	0.00080	0.00139

[dist]
# distance from previous block
# <min> <max>
0	27

[block]
# block no. 9 follows, 251 sequences, length 9
# corresponding to MSA columns:
# 8038-8046
name=unknown_J
#
# <colnr> <probs for GDERKNQSTAVLIFYWHMCP>
#	G	D	E	R	K	N	Q	S	T	A	V	L	I	F	Y	W	H	M	C	P
0	0.00263	0.01271	0.00214	0.00189	0.00240	0.01915	0.00147	0.11217	0.12207	0.05077	0.29535	0.04884	0.18279	0.00235	0.00137	0.00040	0.00084	0.01712	0.10993	0.01360
1	0.03018	0.00154	0.00170	0.00160	0.00201	0.02419	0.00121	0.02615	0.00336	0.00455	0.50220	0.03422	0.33314	0.00274	0.00147	0.00041	0.00071	0.00234	0.00128	0.02498
2	0.00212	0.00144	0.00172	0.00167	0.00204	0.00133	0.00125	0.02196	0.03427	0.06882	0.29643	0.15478	0.27645	0.03591	0.00167	0.00046	0.00075	0.04695	0.04873	0.00125
3	0.06068	0.00224	0.00292	0.00226	0.00322	0.00203	0.00187	0.05083	0.00371	0.81392	0.03927	0.00438	0.00336	0.00161	0.00127	0.00040	0.00109	0.00129	0.00153	0.00211
4	0.00220	0.00138	0.00177	0.00169	0.00204	0.00125	0.00127	0.00270	0.00332	0.10831	0.52825	0.17631	0.10853	0.00281	0.00150	0.00043	0.00070	0.02114	0.03312	0.00128
5	0.00200	0.00155	0.00215	0.02388	0.04112	0.00170	0.00168	0.01509	0.00245	0.00340	0.01904	0.37950	0.01873	0.07682	0.16740	0.00084	0.10899	0.09425	0.03824	0.00117
6	0.96385	0.00249	0.00189	0.00169	0.00249	0.00289	0.00139	0.00378	0.00219	0.00578	0.00179	0.00209	0.00139	0.00120	0.00080	0.00040	0.00100	0.00070	0.00080	0.00139
7	0.00347	0.00266	0.02621	0.06715	0.13813	0.01124	0.02522	0.14632	0.17308	0.14201	0.04263	0.01349	0.02794	0.01171	0.05414	0.00052	0.03812	0.06009	0.01407	0.00181
8	0.01536	0.03760	0.65775	0.00344	0.03260	0.00290	0.02726	0.03432	0.03937	0.02626	0.08534	0.00346	0.00272	0.00137	0.00124	0.00040	0.00166	0.00111	0.00071	0.02513

[dist]
# distance from previous block
# <min> <max>
1	4

[block]
# block no. 10 follows, 251 sequences, length 20
# corresponding to MSA columns:
# 8056-8071,8078-8081
name=unknown_K
#
# <colnr> <probs for GDERKNQSTAVLIFYWHMCP>
#	G	D	E	R	K	N	Q	S	T	A	V	L	I	F	Y	W	H	M	C	P
0	0.04817	0.35421	0.01351	0.02081	0.04433	0.19047	0.02045	0.10345	0.01887	0.10462	0.00776	0.02078	0.00895	0.00148	0.01480	0.00037	0.00959	0.00099	0.00082	0.01560
1	0.92532	0.00248	0.00194	0.00172	0.00252	0.00285	0.00141	0.00388	0.00225	0.04365	0.00192	0.00218	0.00147	0.00121	0.00082	0.00040	0.00100	0.00072	0.00083	0.00143
2	0.00814	0.23781	0.21849	0.02841	0.32752	0.01220	0.01469	0.01471	0.03368	0.02176	0.00751	0.01187	0.01692	0.00130	0.00128	0.00037	0.03978	0.00106	0.00066	0.00184
3	0.00186	0.00124	0.00141	0.00142	0.00142	0.00124	0.00080	0.00187	0.00190	0.00253	0.00418	0.04690	0.00484	0.91606	0.00635	0.00122	0.00123	0.00195	0.00080	0.00079
4	0.00257	0.04408	0.31302	0.00305	0.03052	0.02080	0.04691	0.01038	0.08767	0.01690	0.07126	0.13733	0.00841	0.04252	0.03010	0.00899	0.10293	0.02014	0.00083	0.00158
5	0.00184	0.00135	0.00173	0.00163	0.00195	0.00126	0.00122	0.00250	0.02658	0.00507	0.87003	0.02344	0.05122	0.00266	0.00152	0.00041	0.00062	0.00234	0.00140	0.00123
6	0.00265	0.05601	0.37374	0.00333	0.10979	0.00247	0.03385	0.01086	0.00293	0.06816	0.10523	0.06212	0.12801	0.01905	0.00145	0.00043	0.01064	0.00679	0.00086	0.00166
7	0.01743	0.71769	0.14564	0.00259	0.02296	0.01308	0.01438	0.01547	0.00272	0.03507	0.00202	0.00230	0.00172	0.00115	0.00093	0.00031	0.00146	0.00077	0.00060	0.00172
8	0.00211	0.00157	0.00201	0.00192	0.00221	0.00165	0.00757	0.01284	0.04817	0.03863	0.16892	0.11566	0.18970	0.11772	0.12203	0.02138	0.08664	0.05702	0.00107	0.00120
9	0.00233	0.00157	0.00207	0.03011	0.10797	0.00157	0.02414	0.01578	0.01232	0.00442	0.07480	0.14523	0.05634	0.00205	0.00122	0.00038	0.00986	0.02105	0.48550	0.00131
10	0.00212	0.00696	0.10708	0.00197	0.00235	0.00172	0.00161	0.00272	0.07324	0.01451	0.08080	0.06185	0.03199	0.39738	0.11476	0.02183	0.02711	0.03418	0.00744	0.00838
11	0.01470	0.00230	0.00308	0.01251	0.00339	0.00203	0.05752	0.05218	0.03588	0.44751	0.03506	0.00448	0.04101	0.00166	0.01655	0.00038	0.00115	0.01741	0.00123	0.24997
12	0.32998	0.34862	0.09867	0.01058	0.00330	0.03832	0.01115	0.03557	0.00266	0.02160	0.00865	0.01585	0.00189	0.00134	0.00749	0.00037	0.01772	0.01087	0.02063	0.01476
13	0.02521	0.00125	0.00158	0.00177	0.00196	0.00118	0.00124	0.00204	0.00255	0.00352	0.03633	0.65596	0.06542	0.03469	0.01884	0.00055	0.00084	0.06888	0.03779	0.03841
14	0.02719	0.01825	0.00299	0.04769	0.00348	0.01841	0.01124	0.06931	0.00310	0.18353	0.00285	0.00304	0.00214	0.00115	0.00106	0.00027	0.00109	0.00092	0.00094	0.60136
15	0.00870	0.04135	0.07204	0.11805	0.01350	0.05140	0.04105	0.05815	0.01822	0.03848	0.03606	0.04035	0.01205	0.00142	0.00736	0.00033	0.01070	0.00780	0.01927	0.40371
16	0.00304	0.00328	0.02628	0.01571	0.00602	0.00300	0.73766	0.02045	0.00304	0.03385	0.00288	0.01644	0.01210	0.00752	0.01194	0.00044	0.00770	0.01019	0.00072	0.07773
17	0.01484	0.02241	0.04780	0.03339	0.07109	0.03285	0.02681	0.04497	0.07344	0.06134	0.05939	0.14238	0.08910	0.00194	0.00128	0.00037	0.00111	0.01880	0.00099	0.25568
18	0.02395	0.03312	0.15893	0.02584	0.04884	0.02883	0.10906	0.04437	0.02061	0.09804	0.01157	0.01238	0.01786	0.00136	0.01007	0.00433	0.01857	0.00108	0.00541	0.32578
19	0.01812	0.01916	0.00903	0.40084	0.02750	0.00218	0.01311	0.00978	0.01424	0.04575	0.06223	0.16721	0.02842	0.03573	0.01174	0.04642	0.00960	0.03243	0.00085	0.04568

[dist]
# distance from previous block
# <min> <max>
8	64

[block]
# block no. 11 follows, 251 sequences, length 11
# corresponding to MSA columns:
# 8162-8172
name=unknown_L
#
# <colnr> <probs for GDERKNQSTAVLIFYWHMCP>
#	G	D	E	R	K	N	Q	S	T	A	V	L	I	F	Y	W	H	M	C	P
0	0.03186	0.00167	0.00216	0.00192	0.00245	0.00151	0.00146	0.00387	0.00313	0.39681	0.16597	0.21705	0.02454	0.10192	0.00195	0.00052	0.00093	0.02113	0.01762	0.00154
1	0.00168	0.00122	0.00152	0.00170	0.00184	0.00114	0.00117	0.00193	0.00251	0.00328	0.04012	0.49152	0.14903	0.19370	0.00262	0.00066	0.00087	0.10135	0.00112	0.00102
2	0.00222	0.00144	0.00182	0.00171	0.00210	0.00132	0.00130	0.00284	0.03164	0.09778	0.58142	0.07207	0.13772	0.00270	0.00150	0.00042	0.00071	0.04055	0.01744	0.00131
3	0.00489	0.00361	0.00386	0.00296	0.00399	0.00399	0.00245	0.94243	0.00605	0.00811	0.00309	0.00309	0.00219	0.00155	0.00129	0.00039	0.00142	0.00116	0.00129	0.00219
4	0.87771	0.08797	0.00233	0.00174	0.00256	0.00309	0.00147	0.00379	0.00223	0.00553	0.00179	0.00209	0.00142	0.00119	0.00080	0.00039	0.00103	0.00070	0.00077	0.00142
5	0.00188	0.00137	0.00169	0.00184	0.00204	0.00132	0.00128	0.08618	0.00284	0.00376	0.03190	0.74209	0.08240	0.03072	0.00174	0.00052	0.00081	0.00328	0.00120	0.00115
6	0.31473	0.09367	0.10482	0.06776	0.01248	0.12441	0.01089	0.11278	0.01410	0.02833	0.00270	0.09298	0.00236	0.00155	0.00113	0.00039	0.01137	0.00115	0.00083	0.00158
7	0.00187	0.00140	0.00179	0.08685	0.00253	0.00137	0.00141	0.00233	0.02377	0.01962	0.17600	0.25142	0.23813	0.10276	0.00206	0.00055	0.00088	0.06982	0.01431	0.00115
8	0.60969	0.01792	0.01405	0.00213	0.01462	0.03144	0.00174	0.17203	0.05158	0.03357	0.01795	0.00269	0.00196	0.00133	0.00096	0.00039	0.00112	0.00089	0.02233	0.00161
9	0.31305	0.13305	0.05259	0.01147	0.02438	0.04990	0.01570	0.24364	0.02680	0.07332	0.01604	0.01387	0.00212	0.00137	0.00106	0.00038	0.00130	0.00098	0.00094	0.01804
10	0.10033	0.12420	0.08184	0.11317	0.07036	0.05102	0.01970	0.21542	0.06956	0.01863	0.00958	0.01058	0.02201	0.00143	0.00127	0.00038	0.03604	0.00109	0.01092	0.04247

[dist]
# distance from previous block
# <min> <max>
2	44

[block]
# block no. 12 follows, 251 sequences, length 18
# corresponding to MSA columns:
# 8239-8250,8252-8257
name=unknown_M
#
# <colnr> <probs for GDERKNQSTAVLIFYWHMCP>
#	G	D	E	R	K	N	Q	S	T	A	V	L	I	F	Y	W	H	M	C	P
0	0.03408	0.12126	0.09314	0.01206	0.00321	0.01244	0.02039	0.06459	0.12059	0.08204	0.01665	0.17982	0.05053	0.00660	0.00132	0.00041	0.00115	0.06898	0.01147	0.09927
1	0.01096	0.00133	0.01136	0.00185	0.00204	0.00122	0.00133	0.00224	0.01718	0.04699	0.04585	0.63998	0.05049	0.06764	0.00194	0.00056	0.00085	0.09387	0.00119	0.00113
2	0.13705	0.00323	0.07486	0.11102	0.04973	0.06196	0.11692	0.13678	0.05518	0.07226	0.01482	0.04306	0.00244	0.00148	0.00135	0.00040	0.04171	0.00122	0.00736	0.06717
3	0.01325	0.00166	0.00203	0.03988	0.00953	0.02843	0.01894	0.00276	0.09870	0.02307	0.04797	0.49058	0.06790	0.07031	0.00885	0.00055	0.01445	0.03727	0.01127	0.01261
4	0.00326	0.21948	0.09277	0.00412	0.00532	0.04561	0.49440	0.04137	0.00305	0.02507	0.00255	0.01203	0.00204	0.00123	0.00135	0.00039	0.01818	0.01697	0.00909	0.00172
5	0.00164	0.00118	0.00157	0.00185	0.00197	0.00111	0.00131	0.00192	0.00257	0.00340	0.02446	0.77589	0.04232	0.00392	0.00165	0.00053	0.00080	0.12965	0.00120	0.00107
6	0.00164	0.00116	0.00151	0.00176	0.00183	0.00110	0.00117	0.00185	0.00239	0.00319	0.00659	0.75790	0.00785	0.15693	0.00244	0.00064	0.00085	0.04707	0.00113	0.00101
7	0.01206	0.00186	0.01776	0.00216	0.01075	0.00176	0.04674	0.05458	0.09422	0.08799	0.35703	0.13002	0.09538	0.00257	0.00148	0.00044	0.00091	0.07057	0.01028	0.00144
8	0.00297	0.43130	0.48037	0.00304	0.00453	0.00391	0.03225	0.00395	0.00267	0.00359	0.00211	0.00249	0.00168	0.00132	0.01855	0.00038	0.00170	0.00086	0.00055	0.00177
9	0.00207	0.00147	0.00205	0.00203	0.00219	0.00164	0.00154	0.00234	0.02315	0.01135	0.06927	0.06879	0.01323	0.08721	0.33802	0.20072	0.08589	0.08516	0.00081	0.00105
10	0.00168	0.00121	0.00154	0.00168	0.00188	0.00111	0.00118	0.00203	0.00283	0.01428	0.21856	0.54728	0.16412	0.00352	0.00158	0.00048	0.00071	0.01850	0.01471	0.00111
11	0.00841	0.00227	0.01882	0.01896	0.00302	0.00240	0.01583	0.09835	0.38771	0.04137	0.03134	0.27776	0.01814	0.00266	0.03044	0.00050	0.00108	0.01827	0.02101	0.00166
12	0.89335	0.00253	0.00201	0.00176	0.00258	0.00290	0.00145	0.04272	0.00240	0.03615	0.00195	0.00221	0.00148	0.00122	0.00083	0.00040	0.00102	0.00074	0.00084	0.00145
13	0.00286	0.03899	0.41496	0.00367	0.00491	0.06095	0.20577	0.00386	0.00276	0.03324	0.00281	0.05471	0.00238	0.02046	0.03993	0.00051	0.08326	0.02161	0.00067	0.00169
14	0.01873	0.00181	0.00218	0.00204	0.00251	0.01969	0.00153	0.08548	0.03834	0.23521	0.07091	0.43795	0.05529	0.00287	0.00147	0.00046	0.00092	0.01041	0.01073	0.00149
15	0.65971	0.00254	0.04897	0.00189	0.00268	0.00262	0.00161	0.02796	0.03418	0.06452	0.00286	0.08129	0.01351	0.00153	0.00097	0.00041	0.00102	0.00898	0.02764	0.01509
16	0.27915	0.26756	0.03913	0.00235	0.00327	0.08163	0.01275	0.11961	0.03476	0.05833	0.01398	0.00302	0.00214	0.00137	0.00106	0.00036	0.01589	0.02957	0.01411	0.01994
17	0.04074	0.07500	0.23568	0.00975	0.02904	0.01741	0.06170	0.08602	0.04704	0.07064	0.03105	0.07872	0.00715	0.00157	0.00130	0.00038	0.02982	0.00952	0.00662	0.16084

[dist]
# distance from previous block
# <min> <max>
1	12

[block]
# block no. 13 follows, 251 sequences, length 17
# corresponding to MSA columns:
# 8291-8307
name=unknown_N
#
# <colnr> <probs for GDERKNQSTAVLIFYWHMCP>
#	G	D	E	R	K	N	Q	S	T	A	V	L	I	F	Y	W	H	M	C	P
0	0.11248	0.08579	0.10278	0.05215	0.05029	0.00270	0.04260	0.14305	0.01793	0.06851	0.02699	0.08442	0.07407	0.02389	0.00140	0.00043	0.00861	0.04627	0.04042	0.01523
1	0.02243	0.00227	0.00954	0.00223	0.00303	0.00794	0.00181	0.13077	0.09074	0.44249	0.10642	0.03360	0.04987	0.01866	0.02952	0.00047	0.00112	0.00882	0.01819	0.02009
2	0.02931	0.00279	0.00333	0.02166	0.02111	0.00284	0.00216	0.38324	0.04262	0.44383	0.00412	0.00383	0.01036	0.00156	0.00127	0.00039	0.00123	0.00123	0.01062	0.01248
3	0.02573	0.01983	0.05403	0.12381	0.15764	0.08903	0.22530	0.08980	0.08972	0.01185	0.00277	0.01874	0.00220	0.00140	0.00151	0.00041	0.06805	0.00125	0.01518	0.00175
4	0.00161	0.00133	0.00142	0.00140	0.00181	0.00115	0.00105	0.00205	0.02007	0.00384	0.19879	0.03743	0.71729	0.00313	0.00152	0.00043	0.00065	0.00264	0.00124	0.00113
5	0.01716	0.00262	0.00288	0.00236	0.00309	0.01070	0.00189	0.46106	0.07302	0.04597	0.27204	0.01384	0.02553	0.00192	0.00133	0.00039	0.00107	0.00157	0.05976	0.00179
6	0.02079	0.00239	0.00389	0.73995	0.02862	0.00291	0.02902	0.02275	0.00267	0.05367	0.00243	0.00346	0.00184	0.01151	0.00155	0.00044	0.06881	0.00116	0.00065	0.00150
7	0.00180	0.00128	0.00166	0.00170	0.00193	0.00120	0.00122	0.00230	0.02134	0.01666	0.52080	0.36670	0.03533	0.01801	0.00164	0.00046	0.00069	0.00281	0.00132	0.00117
8	0.00163	0.00128	0.00146	0.00146	0.00180	0.00113	0.00107	0.00202	0.00305	0.00393	0.29423	0.12471	0.51620	0.03812	0.00172	0.00047	0.00067	0.00268	0.00125	0.00111
9	0.00159	0.00125	0.00143	0.00151	0.00181	0.00110	0.00109	0.00192	0.00288	0.00364	0.13658	0.28720	0.51938	0.01722	0.00163	0.00047	0.00069	0.01630	0.00122	0.00109
10	0.00530	0.00209	0.00281	0.00221	0.00311	0.00183	0.00180	0.00585	0.01730	0.82535	0.04840	0.03124	0.00376	0.00171	0.00130	0.00040	0.00104	0.00141	0.04102	0.00207
11	0.96385	0.00249	0.00189	0.00169	0.00249	0.00289	0.00139	0.00378	0.00219	0.00578	0.00179	0.00209	0.00139	0.00120	0.00080	0.00040	0.00100	0.00070	0.00080	0.00139
12	0.05436	0.10802	0.00390	0.00310	0.00383	0.77574	0.00240	0.02791	0.00352	0.00340	0.00199	0.00230	0.00166	0.00130	0.00111	0.00033	0.00213	0.00082	0.00067	0.00152
13	0.02462	0.00288	0.00316	0.00260	0.00338	0.00312	0.00208	0.63242	0.01457	0.04102	0.01675	0.20806	0.00382	0.00212	0.00136	0.00042	0.00122	0.01481	0.01973	0.00188
14	0.00177	0.00129	0.00161	0.00175	0.00196	0.00122	0.00125	0.02512	0.01792	0.00379	0.15472	0.53574	0.12898	0.03952	0.00177	0.00052	0.00078	0.05895	0.02022	0.00112
15	0.02464	0.02004	0.07751	0.02817	0.00978	0.01083	0.05095	0.37393	0.02795	0.22320	0.03452	0.01895	0.00841	0.00724	0.00148	0.00618	0.04597	0.00823	0.00117	0.02086
16	0.02780	0.02809	0.10390	0.03111	0.04683	0.07442	0.14934	0.08324	0.01463	0.07951	0.04448	0.04901	0.05680	0.00980	0.02187	0.00044	0.06770	0.01611	0.00088	0.09403

[dist]
# distance from previous block
# <min> <max>
5	38

[block]
# block no. 14 follows, 251 sequences, length 16
# corresponding to MSA columns:
# 8382-8396,8410
name=unknown_O
#
# <colnr> <probs for GDERKNQSTAVLIFYWHMCP>
#	G	D	E	R	K	N	Q	S	T	A	V	L	I	F	Y	W	H	M	C	P
0	0.02474	0.07748	0.00348	0.03243	0.00360	0.21651	0.00219	0.28306	0.08419	0.07365	0.03368	0.08336	0.01271	0.01205	0.00138	0.00040	0.02130	0.02270	0.00105	0.01005
1	0.03089	0.00223	0.03242	0.00207	0.00281	0.01786	0.00169	0.11368	0.01076	0.18406	0.23519	0.05551	0.06465	0.02439	0.00784	0.00040	0.00100	0.02438	0.00120	0.18696
2	0.04540	0.03525	0.28434	0.01643	0.01990	0.02906	0.02935	0.06198	0.03289	0.16852	0.03482	0.06044	0.01711	0.02484	0.00786	0.00044	0.07789	0.00130	0.00091	0.05127
3	0.01819	0.00243	0.00283	0.00214	0.00314	0.02501	0.00172	0.06733	0.02350	0.24026	0.03155	0.00345	0.00262	0.01476	0.00124	0.00030	0.02141	0.00101	0.00103	0.53610
4	0.00258	0.00203	0.00223	0.00206	0.00260	0.01952	0.00160	0.06289	0.27695	0.03903	0.15810	0.08930	0.20764	0.02081	0.00154	0.00045	0.00092	0.07437	0.00125	0.03415
5	0.00321	0.04841	0.08863	0.11499	0.33234	0.05783	0.09240	0.03528	0.03955	0.06459	0.00925	0.04220	0.03184	0.00148	0.00134	0.00040	0.01530	0.01350	0.00566	0.00179
6	0.00302	0.04670	0.14828	0.05048	0.01727	0.11094	0.04237	0.07957	0.03542	0.04519	0.01233	0.15999	0.03077	0.00818	0.00859	0.00046	0.10909	0.06556	0.00088	0.02490
7	0.00171	0.00118	0.00155	0.00176	0.00187	0.00112	0.00119	0.00196	0.00249	0.02111	0.05908	0.72230	0.01815	0.10823	0.02950	0.00064	0.00089	0.02305	0.00115	0.00105
8	0.03631	0.76951	0.00619	0.00236	0.00344	0.00475	0.02928	0.08783	0.01755	0.02972	0.00207	0.00230	0.00178	0.00117	0.00091	0.00030	0.00138	0.00078	0.00067	0.00171
9	0.01303	0.11248	0.20414	0.02287	0.04667	0.06474	0.04255	0.10571	0.04780	0.11024	0.04373	0.06166	0.06603	0.00176	0.00137	0.00040	0.03006	0.02210	0.00093	0.00174
10	0.00205	0.00144	0.00180	0.01967	0.00208	0.00148	0.00128	0.01401	0.03089	0.03698	0.08078	0.24042	0.10367	0.29026	0.06526	0.01558	0.04448	0.02888	0.01790	0.00110
11	0.00168	0.00116	0.00152	0.00178	0.00189	0.00108	0.00120	0.00191	0.00250	0.02142	0.01730	0.85996	0.02313	0.03038	0.00176	0.00054	0.00077	0.01665	0.01231	0.00107
12	0.01043	0.00252	0.02459	0.00946	0.00323	0.02698	0.03609	0.16246	0.20605	0.18973	0.05198	0.12333	0.02070	0.02026	0.02814	0.00049	0.01357	0.02949	0.03875	0.00176
13	0.03761	0.16745	0.13620	0.00389	0.01761	0.02385	0.39003	0.03962	0.06086	0.06954	0.00924	0.00320	0.00211	0.00124	0.00132	0.00039	0.01592	0.00120	0.00076	0.01798
14	0.00160	0.00118	0.00150	0.00171	0.00188	0.00108	0.00120	0.00188	0.00264	0.00345	0.05841	0.67437	0.19265	0.00378	0.00162	0.00050	0.00074	0.04752	0.00121	0.00107
15	0.03508	0.00195	0.00236	0.00207	0.00266	0.00191	0.00160	0.13013	0.05419	0.29761	0.10350	0.25667	0.00540	0.00233	0.00136	0.00042	0.00094	0.00199	0.09616	0.00165

[dist]
# distance from previous block
# <min> <max>
0	1

[block]
# block no. 15 follows, 251 sequences, length 22
# corresponding to MSA columns:
# 8413,8430,8431,8435,8436,8438-8445,8468,8469,8471-8477
name=unknown_P
#
# <colnr> <probs for GDERKNQSTAVLIFYWHMCP>
#	G	D	E	R	K	N	Q	S	T	A	V	L	I	F	Y	W	H	M	C	P
0	0.05070	0.00259	0.00317	0.04314	0.01896	0.02338	0.03537	0.14458	0.03872	0.30078	0.00361	0.01362	0.01669	0.00140	0.00118	0.00034	0.00118	0.00607	0.00112	0.29340
1	0.06820	0.00307	0.01144	0.00258	0.00345	0.02831	0.00211	0.51435	0.10552	0.10428	0.05183	0.00379	0.00300	0.00160	0.00127	0.00039	0.01333	0.00123	0.07829	0.00196
2	0.00190	0.00135	0.00170	0.00175	0.00206	0.00126	0.00134	0.00242	0.01824	0.03190	0.34651	0.19084	0.20470	0.00313	0.00157	0.00047	0.00077	0.17095	0.01593	0.00119
3	0.00290	0.07687	0.04264	0.02143	0.00339	0.01424	0.02276	0.03194	0.00280	0.03327	0.00249	0.00291	0.01122	0.01595	0.00114	0.00026	0.01502	0.00086	0.00077	0.69714
4	0.00180	0.00136	0.00166	0.00161	0.00194	0.00126	0.00120	0.00244	0.04243	0.00466	0.63306	0.09305	0.20306	0.00285	0.00152	0.00042	0.00065	0.00249	0.00135	0.00121
5	0.00320	0.51529	0.00503	0.00241	0.00324	0.00413	0.01310	0.01057	0.23402	0.01371	0.01220	0.00359	0.05264	0.01657	0.00147	0.00038	0.10488	0.00109	0.00080	0.00168
6	0.00167	0.00125	0.00153	0.00164	0.00189	0.00113	0.00119	0.00205	0.00295	0.00390	0.26062	0.36388	0.27085	0.00337	0.00157	0.00047	0.00071	0.06133	0.01689	0.00111
7	0.00193	0.00144	0.00205	0.00223	0.00252	0.00140	0.03338	0.00243	0.00286	0.00373	0.03642	0.25547	0.06809	0.00355	0.00171	0.00055	0.00105	0.57684	0.00118	0.00116
8	0.00281	0.00233	0.00271	0.00196	0.00309	0.00182	0.00157	0.02567	0.03446	0.02549	0.00247	0.00279	0.00201	0.00101	0.00098	0.00021	0.00097	0.00081	0.00081	0.88601
9	0.96385	0.00249	0.00189	0.00169	0.00249	0.00289	0.00139	0.00378	0.00219	0.00578	0.00179	0.00209	0.00139	0.00120	0.00080	0.00040	0.00100	0.00070	0.00080	0.00139
10	0.00860	0.06181	0.32534	0.00300	0.01078	0.00261	0.09856	0.03690	0.00814	0.14206	0.03954	0.02122	0.00258	0.00141	0.00877	0.00037	0.00988	0.00113	0.03240	0.18487
11	0.01862	0.02610	0.01274	0.05376	0.05698	0.12878	0.01592	0.15258	0.08459	0.01117	0.00339	0.03267	0.01109	0.20019	0.08840	0.00074	0.07621	0.01774	0.00684	0.00148
12	0.00344	0.95553	0.00675	0.00220	0.00330	0.00509	0.00220	0.00386	0.00262	0.00303	0.00179	0.00207	0.00165	0.00110	0.00083	0.00028	0.00138	0.00069	0.00055	0.00165
13	0.00273	0.00232	0.00270	0.00194	0.00308	0.00178	0.00155	0.02908	0.00276	0.00430	0.00231	0.00268	0.00191	0.00097	0.00096	0.00020	0.00097	0.00077	0.00078	0.93620
14	0.01529	0.00273	0.00310	0.00253	0.00341	0.03052	0.00204	0.17433	0.30667	0.41651	0.02585	0.00432	0.00338	0.00165	0.00129	0.00041	0.00115	0.00133	0.00141	0.00209
15	0.09355	0.04289	0.00359	0.00303	0.00376	0.66977	0.00880	0.09100	0.01431	0.02257	0.00220	0.00255	0.00179	0.01721	0.00124	0.00036	0.00851	0.00088	0.00076	0.01124
16	0.00931	0.00181	0.00229	0.00206	0.00245	0.01197	0.00694	0.05665	0.04908	0.12691	0.21458	0.03624	0.02362	0.14020	0.21829	0.00091	0.06382	0.00170	0.01707	0.01410
17	0.00363	0.00252	0.00289	0.00246	0.00319	0.00267	0.01762	0.25452	0.28146	0.14519	0.04644	0.05155	0.09270	0.02604	0.00151	0.00045	0.00111	0.06091	0.00130	0.00184
18	0.00162	0.00117	0.00155	0.00180	0.00193	0.00111	0.00125	0.00189	0.00252	0.00334	0.01700	0.75483	0.07224	0.02325	0.03496	0.00059	0.00088	0.07584	0.00117	0.00106
19	0.00267	0.00229	0.00267	0.00191	0.00305	0.00172	0.00153	0.00324	0.00267	0.00420	0.00229	0.00267	0.00191	0.00095	0.00095	0.00019	0.00095	0.00076	0.00076	0.96262
20	0.00304	0.00347	0.00760	0.00543	0.00673	0.00326	0.94204	0.00412	0.00304	0.00412	0.00260	0.00347	0.00195	0.00109	0.00152	0.00043	0.00217	0.00152	0.00065	0.00174
21	0.00304	0.00337	0.00712	0.01616	0.03409	0.00318	0.82934	0.01869	0.00305	0.00417	0.00262	0.00352	0.00200	0.00112	0.00151	0.00042	0.01095	0.01023	0.00067	0.04476

[dist]
# distance from previous block
# <min> <max>
0	1

[block]
# block no. 16 follows, 251 sequences, length 13
# corresponding to MSA columns:
# 8479,8491-8493,8495-8503
name=unknown_Q
#
# <colnr> <probs for GDERKNQSTAVLIFYWHMCP>
#	G	D	E	R	K	N	Q	S	T	A	V	L	I	F	Y	W	H	M	C	P
0	0.01821	0.00240	0.01392	0.00215	0.02314	0.00188	0.01308	0.02219	0.00279	0.06080	0.00246	0.00279	0.00198	0.00103	0.00103	0.00022	0.01115	0.00082	0.00081	0.81713
1	0.00165	0.00121	0.00153	0.00174	0.00190	0.00112	0.00123	0.00193	0.00261	0.00341	0.05001	0.58400	0.16642	0.07047	0.00198	0.00056	0.00081	0.10518	0.00118	0.00106
2	0.00284	0.00282	0.00358	0.00301	0.00328	0.05023	0.00248	0.00318	0.00223	0.00333	0.00225	0.00313	0.03754	0.00199	0.00333	0.00047	0.68413	0.00110	0.00063	0.18843
3	0.02936	0.00269	0.03939	0.34965	0.09901	0.02306	0.02019	0.04084	0.03404	0.02602	0.00255	0.00341	0.00205	0.01784	0.02862	0.00044	0.06017	0.00973	0.00072	0.21024
4	0.00389	0.00184	0.00220	0.00185	0.00249	0.00177	0.00147	0.06058	0.06453	0.37535	0.05354	0.00485	0.00371	0.01757	0.00123	0.00037	0.00088	0.00132	0.39885	0.00170
5	0.00190	0.00136	0.00187	0.00216	0.00239	0.00133	0.00176	0.00237	0.00281	0.00366	0.00711	0.30786	0.03808	0.00370	0.00173	0.00057	0.00103	0.61599	0.00119	0.00114
6	0.00180	0.00123	0.00145	0.00150	0.00155	0.00121	0.00090	0.00188	0.00207	0.00275	0.02065	0.19224	0.04293	0.68472	0.03684	0.00109	0.00119	0.00224	0.00088	0.00086
7	0.16380	0.02248	0.00275	0.02597	0.00318	0.00211	0.01376	0.03633	0.00272	0.01835	0.00233	0.01403	0.00192	0.00107	0.00097	0.00025	0.00102	0.00083	0.00079	0.68533
8	0.16768	0.03275	0.04236	0.09926	0.15507	0.04053	0.10744	0.02657	0.02252	0.02469	0.00312	0.13742	0.00294	0.00177	0.00152	0.00043	0.08474	0.02685	0.00079	0.02156
