[name]
unknown

[dist]
# distance from previous block
# <min> <max>
0	379

[block]
# block no. 0 follows, 288 sequences, length 8
# corresponding to MSA columns:
# 1344-1346,1348-1352
name=unknown_A
#
# <colnr> <probs for GDERKNQSTAVLIFYWHMCP>
#	G	D	E	R	K	N	Q	S	T	A	V	L	I	F	Y	W	H	M	C	P
0	0.12228	0.02378	0.03139	0.00209	0.02059	0.02022	0.01383	0.13922	0.02314	0.15994	0.04756	0.05364	0.01494	0.01073	0.00114	0.00033	0.01585	0.05962	0.00093	0.23878
1	0.06545	0.07671	0.04091	0.02052	0.03668	0.11208	0.02500	0.17887	0.05543	0.12326	0.01753	0.02070	0.00213	0.00122	0.00104	0.00030	0.01162	0.00094	0.00085	0.20875
2	0.01423	0.05223	0.07420	0.00171	0.00222	0.00156	0.00144	0.02518	0.05415	0.05259	0.19949	0.22788	0.15627	0.00240	0.01978	0.00039	0.00083	0.01637	0.02834	0.06875
3	0.00257	0.02073	0.04119	0.01587	0.00291	0.03978	0.00159	0.02279	0.05775	0.03372	0.00238	0.00264	0.01654	0.00099	0.00094	0.00022	0.01549	0.00077	0.00072	0.72041
4	0.02159	0.07404	0.22124	0.00252	0.03536	0.01929	0.04366	0.06560	0.03066	0.18246	0.03434	0.03283	0.00244	0.00126	0.00105	0.00031	0.00118	0.01740	0.00082	0.21194
5	0.04723	0.04589	0.15343	0.01402	0.07741	0.05566	0.16718	0.09063	0.03459	0.05975	0.03239	0.00315	0.02060	0.00117	0.00108	0.00032	0.00132	0.01332	0.00949	0.17137
6	0.02248	0.00128	0.00172	0.00190	0.04938	0.00122	0.00127	0.00233	0.00231	0.13840	0.02133	0.58920	0.02129	0.08956	0.01717	0.00051	0.01495	0.02156	0.00102	0.00110
7	0.00273	0.00259	0.00434	0.08806	0.77214	0.00264	0.02406	0.02510	0.02786	0.00371	0.00252	0.00314	0.03380	0.00110	0.00114	0.00034	0.00133	0.00107	0.00060	0.00172

[dist]
# distance from previous block
# <min> <max>
2	6

[block]
# block no. 1 follows, 288 sequences, length 9
# corresponding to MSA columns:
# 1361-1363,1366-1371
name=unknown_B
#
# <colnr> <probs for GDERKNQSTAVLIFYWHMCP>
#	G	D	E	R	K	N	Q	S	T	A	V	L	I	F	Y	W	H	M	C	P
0	0.02377	0.00263	0.02962	0.02457	0.02379	0.04772	0.18619	0.17168	0.16196	0.14779	0.04545	0.08527	0.01202	0.00163	0.01432	0.00039	0.01728	0.00136	0.00097	0.00160
1	0.02580	0.00242	0.00311	0.15119	0.01859	0.07068	0.07284	0.03303	0.01666	0.02571	0.02453	0.00307	0.00203	0.00126	0.00147	0.00032	0.15819	0.03267	0.00067	0.35578
2	0.00188	0.00138	0.00179	0.00172	0.00186	0.01346	0.00125	0.00215	0.01809	0.03471	0.03276	0.04699	0.03259	0.33116	0.34943	0.02389	0.10175	0.00147	0.00071	0.00096
3	0.00188	0.00117	0.00149	0.00156	0.00179	0.00109	0.00111	0.00221	0.01709	0.10708	0.08938	0.49732	0.13002	0.04858	0.03720	0.00050	0.00079	0.02577	0.03290	0.00106
4	0.00268	0.00258	0.02008	0.14062	0.30997	0.02781	0.20149	0.04345	0.06849	0.03248	0.02499	0.05739	0.01314	0.01171	0.00131	0.00038	0.02432	0.01486	0.00070	0.00154
5	0.00230	0.00195	0.00298	0.51423	0.02849	0.00225	0.03925	0.00331	0.13907	0.04832	0.03748	0.05382	0.07187	0.00151	0.00121	0.00038	0.01568	0.00132	0.03322	0.00134
6	0.05662	0.00201	0.00259	0.01974	0.00293	0.00186	0.00168	0.08709	0.00328	0.74789	0.02501	0.00381	0.00282	0.01766	0.01936	0.00039	0.00103	0.00113	0.00129	0.00182
7	0.03362	0.06047	0.03793	0.03771	0.11683	0.09327	0.16275	0.06491	0.09751	0.17288	0.03481	0.03364	0.01547	0.00880	0.00121	0.00036	0.01352	0.01185	0.00086	0.00159
8	0.00236	0.05534	0.57618	0.00342	0.00481	0.00266	0.25198	0.00346	0.00250	0.00356	0.03174	0.00321	0.02899	0.00118	0.00115	0.00036	0.00163	0.02334	0.00056	0.00157

[dist]
# distance from previous block
# <min> <max>
1	1

[block]
# block no. 2 follows, 288 sequences, length 11
# corresponding to MSA columns:
# 1376-1378,1381,1388-1392,1401,1402
name=unknown_C
#
# <colnr> <probs for GDERKNQSTAVLIFYWHMCP>
#	G	D	E	R	K	N	Q	S	T	A	V	L	I	F	Y	W	H	M	C	P
0	0.01436	0.19998	0.31129	0.10065	0.11232	0.00296	0.09762	0.02514	0.02438	0.05530	0.00235	0.02010	0.01224	0.00115	0.00109	0.00034	0.01558	0.00097	0.00060	0.00157
1	0.03497	0.01113	0.02065	0.01924	0.43653	0.05752	0.05618	0.11424	0.12588	0.03998	0.01793	0.01335	0.00222	0.00864	0.00117	0.00035	0.00905	0.00107	0.00076	0.02913
2	0.00257	0.00204	0.01792	0.40559	0.09465	0.01010	0.01509	0.00315	0.00248	0.13718	0.09428	0.03216	0.02902	0.02850	0.00954	0.00041	0.08755	0.00124	0.00075	0.02579
3	0.00295	0.53792	0.16623	0.03344	0.10670	0.02027	0.00251	0.02545	0.00247	0.05190	0.00201	0.00243	0.00168	0.00124	0.02261	0.00033	0.00136	0.01638	0.00057	0.00154
4	0.00252	0.00200	0.00247	0.00197	0.03857	0.00160	0.01452	0.01281	0.01237	0.06774	0.01247	0.02218	0.02100	0.00109	0.00096	0.00022	0.00997	0.03220	0.00076	0.74259
5	0.00195	0.01086	0.00955	0.01129	0.02321	0.00127	0.00123	0.02161	0.02208	0.07578	0.48433	0.09477	0.17805	0.00234	0.00130	0.00037	0.00066	0.02277	0.02650	0.01008
6	0.00170	0.00121	0.00151	0.00147	0.00178	0.00111	0.00113	0.00221	0.02032	0.03511	0.57115	0.05585	0.20450	0.00253	0.00135	0.00038	0.00062	0.09381	0.00118	0.00108
7	0.00455	0.00226	0.00277	0.00215	0.00298	0.00222	0.00176	0.28634	0.03838	0.57493	0.02881	0.00372	0.00280	0.01873	0.00122	0.00036	0.00103	0.00114	0.02198	0.00186
8	0.00162	0.00121	0.00179	0.00179	0.00198	0.00140	0.00138	0.00200	0.00181	0.00261	0.00306	0.00460	0.00290	0.05683	0.90745	0.00178	0.00294	0.00124	0.00061	0.00099
9	0.00182	0.00116	0.00179	0.00172	0.00185	0.00124	0.03262	0.00180	0.00168	0.00233	0.00255	0.00412	0.00247	0.06522	0.42290	0.45035	0.00192	0.00114	0.00056	0.00077
10	0.00250	0.00126	0.00137	0.00127	0.00163	0.00126	0.00098	0.01844	0.05344	0.11122	0.02409	0.02161	0.00316	0.00140	0.00088	0.00029	0.00061	0.00114	0.75225	0.00121

[dist]
# distance from previous block
# <min> <max>
1	5

[block]
# block no. 3 follows, 288 sequences, length 11
# corresponding to MSA columns:
# 1408-1418
name=unknown_D
#
# <colnr> <probs for GDERKNQSTAVLIFYWHMCP>
#	G	D	E	R	K	N	Q	S	T	A	V	L	I	F	Y	W	H	M	C	P
0	0.00165	0.00133	0.02174	0.01285	0.02188	0.00132	0.01732	0.00205	0.02230	0.00290	0.04125	0.28752	0.01966	0.12448	0.33840	0.00101	0.00165	0.07886	0.00082	0.00101
1	0.00197	0.00145	0.00209	0.02483	0.00228	0.01317	0.02331	0.01498	0.01059	0.02888	0.00282	0.01562	0.00261	0.02987	0.57395	0.13007	0.08643	0.00118	0.03289	0.00102
2	0.04665	0.00180	0.00231	0.00185	0.00259	0.00163	0.00151	0.03317	0.01768	0.64303	0.09870	0.00512	0.10198	0.00167	0.00116	0.00036	0.00088	0.02154	0.01470	0.00168
3	0.00228	0.00133	0.00174	0.00166	0.00202	0.00124	0.00130	0.00280	0.02607	0.17469	0.41548	0.11823	0.02907	0.03296	0.00148	0.00042	0.00074	0.16138	0.02394	0.00120
4	0.00281	0.02365	0.12812	0.09892	0.06010	0.13866	0.48448	0.01565	0.00267	0.00342	0.00215	0.00284	0.00166	0.01689	0.00131	0.00037	0.01313	0.00112	0.00056	0.00149
5	0.00247	0.01895	0.07522	0.08420	0.12206	0.03630	0.19687	0.03088	0.13406	0.02144	0.02354	0.19711	0.01467	0.00172	0.00126	0.00038	0.00912	0.01681	0.01151	0.00144
6	0.45649	0.00191	0.00185	0.00158	0.00226	0.00197	0.00128	0.03451	0.00253	0.25394	0.00449	0.00435	0.19947	0.00154	0.00097	0.00035	0.00084	0.00115	0.02715	0.00137
7	0.00150	0.00113	0.00139	0.00153	0.00176	0.00104	0.00116	0.00182	0.00248	0.00318	0.08884	0.31357	0.32517	0.03077	0.00155	0.00046	0.00072	0.21990	0.00106	0.00097
8	0.06363	0.02022	0.11329	0.02955	0.27920	0.03074	0.04433	0.15119	0.04718	0.12399	0.01039	0.00287	0.00198	0.00116	0.00110	0.00033	0.01043	0.00098	0.00079	0.06663
9	0.02756	0.02227	0.01887	0.04046	0.20793	0.01675	0.02749	0.03043	0.02279	0.02351	0.04288	0.22665	0.21662	0.00234	0.01271	0.00042	0.00102	0.04206	0.00091	0.01633
10	0.18650	0.22481	0.03464	0.03493	0.10177	0.06497	0.05190	0.02579	0.02534	0.02242	0.04218	0.02021	0.02202	0.00148	0.03523	0.00037	0.01269	0.01093	0.00846	0.07334

[dist]
# distance from previous block
# <min> <max>
1	11

[block]
# block no. 4 follows, 288 sequences, length 15
# corresponding to MSA columns:
# 1464-1478
name=unknown_E
#
# <colnr> <probs for GDERKNQSTAVLIFYWHMCP>
#	G	D	E	R	K	N	Q	S	T	A	V	L	I	F	Y	W	H	M	C	P
0	0.01141	0.12679	0.47524	0.00291	0.02085	0.01035	0.06489	0.03077	0.10049	0.07679	0.01865	0.00286	0.00200	0.00117	0.00109	0.00034	0.01130	0.00895	0.00067	0.03246
1	0.04256	0.02132	0.02559	0.01060	0.00256	0.04026	0.00156	0.17940	0.10524	0.18421	0.08936	0.02848	0.03053	0.00153	0.00107	0.00033	0.00701	0.00123	0.22567	0.00150
2	0.01568	0.01236	0.03938	0.26966	0.19625	0.08347	0.09561	0.05999	0.07032	0.00869	0.01332	0.03507	0.00777	0.00817	0.00126	0.00038	0.02437	0.05609	0.00068	0.00146
3	0.04451	0.05392	0.04753	0.03937	0.17180	0.05782	0.05302	0.11726	0.08396	0.16917	0.03610	0.02981	0.01826	0.00138	0.00114	0.00035	0.00860	0.02765	0.00089	0.03748
4	0.00174	0.00122	0.00153	0.00152	0.00165	0.00128	0.00104	0.01319	0.03054	0.01603	0.04611	0.09191	0.03601	0.45231	0.26208	0.02253	0.01600	0.00166	0.00076	0.00089
5	0.00173	0.00126	0.00155	0.00166	0.00187	0.00125	0.00117	0.01841	0.11103	0.03361	0.03744	0.66042	0.09550	0.01391	0.00146	0.00044	0.01241	0.00273	0.00107	0.00108
6	0.05701	0.00941	0.03187	0.00200	0.04061	0.02160	0.00150	0.06028	0.10479	0.03340	0.15083	0.20315	0.09469	0.06452	0.00813	0.00045	0.00089	0.10774	0.00589	0.00122
7	0.04471	0.06571	0.08655	0.01874	0.18905	0.06406	0.05398	0.18312	0.08492	0.12141	0.00269	0.00297	0.00203	0.00133	0.01327	0.00036	0.03185	0.01032	0.00082	0.02211
8	0.00161	0.00116	0.00151	0.00164	0.00181	0.00110	0.01397	0.02865	0.01364	0.02160	0.04301	0.69467	0.10269	0.01055	0.00839	0.01805	0.00797	0.02595	0.00104	0.00099
9	0.00166	0.00120	0.00163	0.00186	0.00207	0.00117	0.00152	0.00207	0.00247	0.00323	0.02685	0.29659	0.04513	0.02149	0.00160	0.00050	0.00090	0.58604	0.00104	0.00100
10	0.02392	0.65447	0.04027	0.00219	0.02631	0.08411	0.00201	0.04227	0.03322	0.02518	0.01930	0.01221	0.00989	0.00111	0.00084	0.00027	0.00125	0.00076	0.00861	0.01181
11	0.02420	0.05006	0.06617	0.04080	0.15560	0.03665	0.18255	0.06682	0.02983	0.03965	0.06297	0.05875	0.01879	0.00651	0.05883	0.07186	0.01561	0.00583	0.00072	0.00780
12	0.00158	0.00108	0.00146	0.00164	0.00178	0.00102	0.01148	0.00187	0.01656	0.04000	0.05113	0.81765	0.01911	0.00333	0.00142	0.00045	0.00069	0.02568	0.00107	0.00099
13	0.00231	0.05152	0.90898	0.00317	0.00481	0.00272	0.00408	0.00358	0.00239	0.00354	0.00201	0.00236	0.00144	0.00107	0.00106	0.00035	0.00165	0.00083	0.00048	0.00166
14	0.01583	0.02248	0.03548	0.02102	0.27960	0.05346	0.23504	0.05819	0.07918	0.11610	0.00860	0.02871	0.01588	0.00126	0.00121	0.00036	0.01373	0.01147	0.00077	0.00164

[dist]
# distance from previous block
# <min> <max>
10	23

[block]
# block no. 5 follows, 288 sequences, length 24
# corresponding to MSA columns:
# 1567-1579,1585-1591,1593-1595,1598
name=unknown_F
#
# <colnr> <probs for GDERKNQSTAVLIFYWHMCP>
#	G	D	E	R	K	N	Q	S	T	A	V	L	I	F	Y	W	H	M	C	P
0	0.50433	0.07974	0.01263	0.00177	0.00257	0.00246	0.00150	0.05086	0.01623	0.28411	0.00256	0.00255	0.00180	0.00117	0.00087	0.00034	0.00095	0.00080	0.00828	0.02450
1	0.00297	0.00282	0.02703	0.05388	0.15583	0.07337	0.34931	0.06845	0.01632	0.08813	0.01508	0.02708	0.01552	0.00757	0.03500	0.00042	0.02190	0.00494	0.02771	0.00666
2	0.00412	0.05566	0.04144	0.00214	0.01312	0.00193	0.02493	0.02981	0.05810	0.61821	0.02962	0.06180	0.03718	0.00654	0.00118	0.00036	0.00100	0.00992	0.00122	0.00174
3	0.00206	0.00178	0.00266	0.01047	0.02007	0.00221	0.04149	0.00244	0.00193	0.02430	0.02089	0.03344	0.01432	0.01346	0.45351	0.00111	0.34164	0.01048	0.00062	0.00115
4	0.00153	0.00113	0.00138	0.00138	0.00164	0.00103	0.00102	0.00194	0.00279	0.00379	0.46900	0.12740	0.26486	0.03786	0.00150	0.00041	0.00060	0.04347	0.03625	0.00100
5	0.00226	0.02955	0.82401	0.02260	0.01802	0.00260	0.01407	0.00350	0.01304	0.00353	0.00231	0.01985	0.01346	0.00127	0.01396	0.00038	0.00163	0.01182	0.00051	0.00162
6	0.10592	0.06396	0.06802	0.00316	0.04523	0.34116	0.18738	0.05694	0.02278	0.05212	0.00224	0.02006	0.00179	0.00119	0.00110	0.00033	0.01429	0.01020	0.00068	0.00147
7	0.00186	0.00132	0.01202	0.01503	0.02439	0.00134	0.01051	0.00206	0.01636	0.03884	0.01516	0.03225	0.01377	0.59352	0.17455	0.01410	0.02389	0.00154	0.00661	0.00089
8	0.13692	0.00198	0.00245	0.00193	0.00275	0.00184	0.00159	0.02341	0.04173	0.73132	0.00412	0.00368	0.01539	0.00138	0.00107	0.00035	0.00094	0.00109	0.02427	0.00179
9	0.00183	0.00154	0.02140	0.01042	0.00233	0.02165	0.07700	0.03130	0.03469	0.02109	0.03622	0.60284	0.03087	0.01148	0.01867	0.00047	0.01098	0.06316	0.00099	0.00109
10	0.01306	0.03580	0.16493	0.09884	0.42279	0.07855	0.07789	0.01802	0.02557	0.04407	0.00222	0.00275	0.00174	0.00108	0.00113	0.00034	0.00798	0.00098	0.00060	0.00165
11	0.00195	0.00145	0.00172	0.00169	0.00204	0.00145	0.00128	0.04040	0.16560	0.03369	0.25486	0.22768	0.16090	0.01052	0.00137	0.00041	0.00073	0.08991	0.00113	0.00120
12	0.00163	0.00109	0.00124	0.00126	0.00126	0.00109	0.00071	0.00164	0.00168	0.00224	0.00373	0.06621	0.00433	0.90111	0.00550	0.00106	0.00107	0.00174	0.00071	0.00070
13	0.06355	0.09671	0.04567	0.02191	0.05278	0.05894	0.07266	0.06478	0.05423	0.13573	0.05866	0.18366	0.02270	0.00906	0.00120	0.00037	0.00536	0.02214	0.00090	0.02900
14	0.02625	0.00232	0.00291	0.22725	0.13584	0.12036	0.01372	0.03179	0.01710	0.04201	0.02972	0.03531	0.00679	0.05898	0.11792	0.04652	0.05377	0.02948	0.00067	0.00127
15	0.03173	0.00194	0.00261	0.02928	0.00300	0.00173	0.00169	0.01366	0.01187	0.87286	0.00430	0.00377	0.00272	0.00138	0.00112	0.00035	0.00097	0.00112	0.01199	0.00188
16	0.00288	0.78447	0.08520	0.02935	0.00319	0.00406	0.01082	0.00334	0.00230	0.01003	0.00179	0.00225	0.00162	0.01310	0.02514	0.00031	0.00131	0.01689	0.00051	0.00144
17	0.01954	0.07171	0.05791	0.08486	0.18163	0.34965	0.05762	0.03745	0.08946	0.03629	0.00227	0.00261	0.00178	0.00115	0.00106	0.00033	0.00159	0.00091	0.00066	0.00153
18	0.00281	0.03802	0.40486	0.05117	0.02648	0.01282	0.15835	0.00829	0.03536	0.15326	0.03281	0.02865	0.01065	0.00127	0.00115	0.00036	0.00145	0.01336	0.00073	0.01818
19	0.00262	0.66204	0.02555	0.02919	0.00287	0.00353	0.01966	0.00303	0.00238	0.00290	0.04942	0.04404	0.07743	0.00151	0.01429	0.00031	0.00114	0.04219	0.01456	0.00134
20	0.00226	0.02284	0.01528	0.74185	0.07496	0.01239	0.02390	0.00297	0.00232	0.01471	0.00222	0.02734	0.00949	0.00120	0.00116	0.00037	0.01426	0.00106	0.00054	0.02889
21	0.02025	0.01538	0.05449	0.02306	0.07445	0.03628	0.02473	0.08041	0.03690	0.57718	0.01465	0.00892	0.00267	0.00138	0.00114	0.00035	0.00112	0.02368	0.00115	0.00180
22	0.52333	0.04612	0.06118	0.02980	0.02228	0.14377	0.00768	0.06714	0.00779	0.07887	0.00198	0.00219	0.00149	0.00112	0.00086	0.00034	0.00118	0.00074	0.00074	0.00140
23	0.03603	0.04461	0.03870	0.32239	0.27162	0.08548	0.04927	0.01034	0.02031	0.02312	0.03864	0.00774	0.01747	0.00121	0.00114	0.00035	0.01306	0.00999	0.00062	0.00792

[dist]
# distance from previous block
# <min> <max>
3	23

[block]
# block no. 6 follows, 288 sequences, length 19
# corresponding to MSA columns:
# 1629-1643,1646-1649
name=unknown_G
#
# <colnr> <probs for GDERKNQSTAVLIFYWHMCP>
#	G	D	E	R	K	N	Q	S	T	A	V	L	I	F	Y	W	H	M	C	P
0	0.03715	0.00371	0.01981	0.03062	0.08518	0.37041	0.17670	0.09074	0.02322	0.07096	0.00955	0.04484	0.00205	0.00128	0.00117	0.00034	0.01936	0.00106	0.00073	0.01112
1	0.00234	0.00193	0.00216	0.00205	0.00253	0.00213	0.00161	0.00442	0.56610	0.00432	0.14473	0.06832	0.03848	0.00208	0.00127	0.00041	0.00084	0.15165	0.00114	0.00148
2	0.01781	0.00839	0.00217	0.00176	0.00242	0.00153	0.00142	0.02476	0.03605	0.49442	0.17645	0.00595	0.17405	0.00183	0.00120	0.00035	0.00082	0.01291	0.00125	0.03448
3	0.00269	0.14793	0.03737	0.13517	0.49952	0.00882	0.03082	0.01090	0.03650	0.01102	0.01032	0.02505	0.01698	0.00117	0.00112	0.00034	0.01504	0.00704	0.00060	0.00160
4	0.01293	0.00245	0.00285	0.01763	0.10905	0.02384	0.00199	0.21363	0.35472	0.11601	0.01665	0.04044	0.04336	0.00161	0.00117	0.00037	0.00105	0.03747	0.00107	0.00171
5	0.00164	0.00110	0.00127	0.00128	0.00129	0.00111	0.00074	0.00167	0.00167	0.00224	0.00361	0.03141	0.00413	0.88186	0.05960	0.00112	0.00120	0.00166	0.00069	0.00071
6	0.00194	0.02072	0.01795	0.02769	0.00265	0.00168	0.11210	0.01145	0.01674	0.03536	0.02181	0.21066	0.00919	0.08029	0.36706	0.00101	0.04039	0.01944	0.00076	0.00112
7	0.00388	0.00209	0.00254	0.00215	0.01521	0.00209	0.00169	0.06326	0.30883	0.47188	0.06291	0.03686	0.01820	0.00159	0.00117	0.00037	0.00092	0.00132	0.00127	0.00178
8	0.01643	0.00213	0.00270	0.00210	0.00294	0.00202	0.00172	0.16262	0.04811	0.70415	0.03999	0.00383	0.00297	0.00143	0.00114	0.00035	0.00099	0.00115	0.00133	0.00188
9	0.16291	0.00250	0.00275	0.01477	0.01145	0.01413	0.00180	0.40577	0.00876	0.27334	0.01239	0.00325	0.01605	0.03119	0.00851	0.00038	0.01619	0.00104	0.01113	0.00171
10	0.00224	0.00206	0.00229	0.02196	0.00878	0.09613	0.04681	0.03538	0.19531	0.00359	0.08345	0.22555	0.12476	0.02292	0.03322	0.00046	0.04956	0.04331	0.00096	0.00125
11	0.00154	0.00107	0.00130	0.00140	0.00145	0.00104	0.00088	0.00166	0.00193	0.00257	0.02379	0.36425	0.03208	0.51057	0.01948	0.00082	0.00094	0.03157	0.00085	0.00081
12	0.00151	0.00110	0.00135	0.00146	0.00158	0.00107	0.00100	0.00170	0.00208	0.00272	0.00602	0.37538	0.16445	0.29577	0.06746	0.00074	0.01165	0.06117	0.00090	0.00087
13	0.03268	0.45860	0.36677	0.00256	0.00376	0.01196	0.04258	0.00359	0.05015	0.00324	0.00199	0.01392	0.00163	0.00107	0.00092	0.00031	0.00139	0.00079	0.00053	0.00154
14	0.00163	0.00117	0.00146	0.00146	0.00173	0.00108	0.00107	0.00210	0.02889	0.03199	0.45255	0.25136	0.19786	0.00271	0.00136	0.00039	0.00060	0.01837	0.00116	0.00105
15	0.00787	0.00115	0.00148	0.00163	0.00180	0.00110	0.00713	0.02151	0.01877	0.02115	0.06559	0.61849	0.04889	0.00312	0.00145	0.02051	0.00072	0.09813	0.05849	0.00100
16	0.06975	0.00308	0.05822	0.10006	0.13261	0.12478	0.08037	0.14859	0.12072	0.07650	0.00266	0.01663	0.00204	0.00134	0.00902	0.00037	0.04432	0.00104	0.00631	0.00159
17	0.07511	0.00189	0.01816	0.00208	0.00263	0.01258	0.14334	0.04182	0.11033	0.01226	0.25884	0.03181	0.24227	0.00902	0.00132	0.00038	0.01649	0.00174	0.01667	0.00125
18	0.00181	0.00118	0.00137	0.00137	0.00141	0.01348	0.00083	0.00173	0.00175	0.00234	0.00363	0.05963	0.02479	0.66562	0.00503	0.18985	0.00107	0.00162	0.02076	0.00073

[dist]
# distance from previous block
# <min> <max>
6	37

[block]
# block no. 7 follows, 288 sequences, length 21
# corresponding to MSA columns:
# 1698-1702,1705-1720
name=unknown_H
#
# <colnr> <probs for GDERKNQSTAVLIFYWHMCP>
#	G	D	E	R	K	N	Q	S	T	A	V	L	I	F	Y	W	H	M	C	P
0	0.01747	0.01709	0.23617	0.00750	0.03080	0.00220	0.07387	0.09483	0.06509	0.16050	0.10546	0.07898	0.06296	0.01241	0.00129	0.00038	0.02148	0.00908	0.00092	0.00153
1	0.00708	0.08873	0.19296	0.02826	0.10040	0.01220	0.26881	0.04294	0.06623	0.10843	0.00754	0.00311	0.00836	0.00138	0.02986	0.00040	0.02243	0.00855	0.00071	0.00161
2	0.00273	0.00260	0.00412	0.02960	0.65091	0.03299	0.03123	0.00338	0.02294	0.02109	0.00246	0.05101	0.00790	0.00135	0.00749	0.00037	0.10926	0.00842	0.00851	0.00163
3	0.00208	0.00189	0.00299	0.25224	0.09055	0.00197	0.12428	0.05070	0.00261	0.01156	0.02353	0.09925	0.28605	0.00195	0.00133	0.00039	0.02592	0.01867	0.00080	0.00125
4	0.00269	0.00258	0.00442	0.13081	0.75107	0.00264	0.04134	0.00343	0.02269	0.00363	0.02249	0.00299	0.00198	0.00106	0.00114	0.00035	0.00136	0.00105	0.00058	0.00170
5	0.00162	0.00120	0.00176	0.00176	0.00195	0.00138	0.00134	0.00200	0.00185	0.00266	0.03579	0.00483	0.00321	0.08535	0.84589	0.00171	0.00279	0.00128	0.00064	0.00099
6	0.02938	0.00205	0.00264	0.00204	0.00289	0.00187	0.00168	0.11116	0.00341	0.79271	0.00417	0.00369	0.00267	0.00139	0.00112	0.00035	0.00098	0.00111	0.03280	0.00188
7	0.01431	0.00240	0.00397	0.24455	0.59139	0.00253	0.00313	0.00342	0.02664	0.04928	0.01804	0.01410	0.01006	0.00116	0.00113	0.00035	0.00132	0.00995	0.00063	0.00162
8	0.00195	0.00112	0.00157	0.00153	0.00161	0.00116	0.00106	0.03426	0.00176	0.00238	0.02573	0.00429	0.03105	0.09884	0.13006	0.64190	0.00838	0.00115	0.00953	0.00067
9	0.00273	0.00264	0.00418	0.10577	0.59830	0.03193	0.03194	0.02339	0.00249	0.00352	0.00207	0.00280	0.00174	0.00119	0.00152	0.00036	0.15123	0.00101	0.02956	0.00161
10	0.00488	0.00193	0.00259	0.00200	0.00285	0.00170	0.00164	0.02027	0.02350	0.88059	0.02487	0.00401	0.00300	0.01918	0.00123	0.00037	0.00096	0.00117	0.00138	0.00188
11	0.01283	0.00190	0.00234	0.00199	0.01032	0.02213	0.00157	0.04384	0.13745	0.47624	0.13604	0.10449	0.02202	0.00182	0.00121	0.00037	0.00089	0.01965	0.00125	0.00163
12	0.00250	0.35013	0.08318	0.18003	0.00392	0.01864	0.04147	0.00310	0.02018	0.02477	0.00219	0.00287	0.00186	0.00281	0.22153	0.00066	0.03736	0.00091	0.00056	0.00134
13	0.01779	0.00134	0.00126	0.00127	0.00164	0.04316	0.00094	0.00178	0.00256	0.00307	0.01037	0.10301	0.80225	0.00283	0.00132	0.00039	0.00065	0.00237	0.00103	0.00097
14	0.00308	0.01480	0.00289	0.10008	0.01289	0.09343	0.02721	0.04466	0.04205	0.21229	0.01839	0.06285	0.07706	0.00843	0.00181	0.00041	0.22152	0.05386	0.00088	0.00141
15	0.00308	0.05454	0.00427	0.09435	0.56402	0.12375	0.02645	0.07480	0.02420	0.01667	0.00218	0.00272	0.00177	0.00108	0.00110	0.00033	0.00143	0.00097	0.00062	0.00167
16	0.00381	0.04403	0.00224	0.00171	0.00236	0.00164	0.00139	0.04008	0.01345	0.51848	0.00413	0.05485	0.00300	0.00147	0.00103	0.00032	0.00083	0.00120	0.30238	0.00158
17	0.00165	0.00140	0.04364	0.00167	0.00196	0.00119	0.02964	0.01990	0.02422	0.02076	0.03087	0.51911	0.20193	0.05380	0.00773	0.00047	0.00078	0.00824	0.02999	0.00103
18	0.00283	0.05463	0.00445	0.18033	0.59629	0.03136	0.05801	0.02750	0.00262	0.02813	0.00215	0.00281	0.00174	0.00105	0.00111	0.00034	0.00141	0.00100	0.00058	0.00165
19	0.00335	0.03348	0.32262	0.03890	0.02999	0.22549	0.01241	0.05507	0.02505	0.16799	0.04450	0.00298	0.00222	0.00124	0.00108	0.00033	0.00150	0.00720	0.00076	0.02383
20	0.81986	0.04942	0.00191	0.00160	0.01946	0.01389	0.00129	0.00325	0.00202	0.00480	0.00209	0.00233	0.04334	0.00114	0.00074	0.00034	0.00089	0.00071	0.02970	0.00123

[dist]
# distance from previous block
# <min> <max>
0	1

[block]
# block no. 8 follows, 288 sequences, length 13
# corresponding to MSA columns:
# 1722-1724,1726-1735
name=unknown_I
#
# <colnr> <probs for GDERKNQSTAVLIFYWHMCP>
#	G	D	E	R	K	N	Q	S	T	A	V	L	I	F	Y	W	H	M	C	P
0	0.03227	0.01101	0.33981	0.25177	0.08269	0.02715	0.08843	0.02971	0.03932	0.00357	0.02119	0.01880	0.02296	0.00126	0.00114	0.00037	0.00149	0.02497	0.00061	0.00149
1	0.00288	0.23462	0.00385	0.04869	0.14825	0.01650	0.05638	0.00399	0.21261	0.08780	0.07119	0.01506	0.01957	0.00132	0.00105	0.00032	0.00111	0.00893	0.00082	0.06503
2	0.00225	0.00193	0.00230	0.00178	0.02209	0.00152	0.00137	0.00274	0.00238	0.00365	0.04514	0.02970	0.04791	0.00111	0.00098	0.00021	0.02554	0.00090	0.00072	0.80577
3	0.00293	0.01448	0.03593	0.07020	0.02170	0.23700	0.14351	0.04661	0.14664	0.03431	0.08148	0.04327	0.06913	0.00153	0.00120	0.00035	0.01219	0.01158	0.00082	0.02513
4	0.00297	0.03774	0.03397	0.02166	0.01363	0.00187	0.01542	0.07213	0.04207	0.19344	0.02712	0.09359	0.00276	0.00133	0.00102	0.00028	0.00095	0.00111	0.00090	0.43604
5	0.54468	0.00244	0.05561	0.02505	0.00270	0.00245	0.00158	0.12919	0.03401	0.00496	0.04477	0.00269	0.02701	0.00119	0.00087	0.00033	0.00096	0.00083	0.00079	0.11790
6	0.02601	0.03766	0.07696	0.04952	0.00321	0.14311	0.00184	0.03917	0.03195	0.02955	0.01186	0.04750	0.00210	0.00115	0.00096	0.00026	0.00114	0.00839	0.00071	0.48697
7	0.05007	0.06473	0.05313	0.03454	0.01317	0.00190	0.00164	0.06221	0.01044	0.10292	0.05471	0.06033	0.07256	0.02679	0.00116	0.00032	0.00095	0.04102	0.00085	0.34658
8	0.28330	0.06105	0.05155	0.05159	0.10340	0.04153	0.03962	0.04427	0.04122	0.11984	0.05909	0.01388	0.02096	0.00134	0.00825	0.00036	0.01809	0.00784	0.00080	0.03201
9	0.15139	0.06307	0.16210	0.02079	0.00329	0.03807	0.06411	0.07821	0.07039	0.05941	0.03802	0.02604	0.04039	0.00156	0.00962	0.01029	0.01740	0.07138	0.00080	0.07369
10	0.03797	0.16027	0.32689	0.03171	0.09428	0.01592	0.04486	0.02785	0.03436	0.07781	0.02589	0.05024	0.00223	0.00731	0.00776	0.00035	0.01318	0.00103	0.00067	0.03942
11	0.07671	0.07749	0.25173	0.03561	0.04002	0.00977	0.06689	0.09946	0.04165	0.06792	0.00984	0.01529	0.00205	0.01117	0.01177	0.00035	0.00129	0.02724	0.00073	0.15302
12	0.02198	0.21267	0.23099	0.01077	0.02693	0.03579	0.01927	0.04809	0.06298	0.06545	0.03177	0.05836	0.03119	0.00143	0.00647	0.00034	0.04924	0.00781	0.00072	0.07775

[dist]
# distance from previous block
# <min> <max>
36	647

[block]
# block no. 9 follows, 288 sequences, length 51
# corresponding to MSA columns:
# 2729-2749,2755,2763-2768,2770-2786,2792-2797
name=unknown_J
#
# <colnr> <probs for GDERKNQSTAVLIFYWHMCP>
#	G	D	E	R	K	N	Q	S	T	A	V	L	I	F	Y	W	H	M	C	P
0	0.02778	0.02358	0.03008	0.01533	0.00684	0.03205	0.06851	0.09229	0.11597	0.15805	0.04206	0.10532	0.03348	0.00665	0.03768	0.04007	0.01049	0.01158	0.00414	0.13803
1	0.03252	0.03856	0.02426	0.02030	0.01688	0.02975	0.08283	0.11947	0.06721	0.07361	0.04695	0.08039	0.06231	0.03377	0.06038	0.00045	0.02000	0.02295	0.00087	0.16655
2	0.01416	0.02449	0.03289	0.03868	0.03405	0.06110	0.06631	0.16275	0.07464	0.10654	0.05927	0.01421	0.01524	0.01455	0.01622	0.00035	0.02598	0.01088	0.00087	0.22683
3	0.04527	0.03811	0.03131	0.03177	0.00656	0.01778	0.03829	0.10604	0.07917	0.16065	0.06249	0.03003	0.02493	0.02492	0.10229	0.00050	0.02540	0.00116	0.00090	0.17243
4	0.05829	0.06019	0.03665	0.01899	0.04639	0.05150	0.10806	0.11069	0.10264	0.11585	0.07051	0.04193	0.02059	0.00677	0.01928	0.00656	0.01324	0.01118	0.00088	0.09982
5	0.06663	0.03093	0.03518	0.03330	0.01658	0.08112	0.07746	0.13450	0.06753	0.06972	0.07686	0.01881	0.01106	0.00214	0.10996	0.00049	0.00713	0.00703	0.00271	0.15086
6	0.05867	0.11719	0.04214	0.02700	0.01395	0.02709	0.12074	0.06809	0.08090	0.11458	0.04313	0.04906	0.02684	0.00141	0.00707	0.00033	0.00350	0.02169	0.00084	0.17578
7	0.18850	0.02994	0.04225	0.03121	0.04595	0.03737	0.00941	0.16646	0.05064	0.07884	0.05285	0.07101	0.02456	0.00164	0.02570	0.00037	0.00109	0.01316	0.00641	0.12266
8	0.21512	0.09042	0.06781	0.01892	0.03310	0.12877	0.02234	0.06978	0.04200	0.05522	0.03552	0.01990	0.00963	0.00986	0.00105	0.00032	0.01862	0.00563	0.00075	0.15525
9	0.01732	0.03278	0.06471	0.00521	0.02742	0.00775	0.04776	0.04666	0.03569	0.04353	0.17902	0.04141	0.07483	0.05901	0.21825	0.00072	0.00499	0.00145	0.01775	0.07374
10	0.02133	0.03295	0.18476	0.14215	0.07098	0.04173	0.14441	0.09178	0.05513	0.06156	0.04606	0.01206	0.01591	0.00523	0.00702	0.00037	0.03062	0.00386	0.00072	0.03138
11	0.00195	0.00678	0.03584	0.00557	0.00225	0.01505	0.01673	0.01604	0.05657	0.03204	0.08729	0.40142	0.07365	0.00635	0.01723	0.00040	0.00084	0.03282	0.00442	0.18676
12	0.02235	0.31601	0.00772	0.00230	0.03501	0.03078	0.00190	0.15774	0.25258	0.05439	0.00312	0.00555	0.03434	0.00128	0.00099	0.00031	0.00481	0.00097	0.00520	0.06264
13	0.00884	0.07302	0.08332	0.03502	0.00308	0.00207	0.02007	0.04923	0.02163	0.08360	0.03862	0.02928	0.01010	0.02244	0.01472	0.00031	0.04621	0.02176	0.00076	0.43591
14	0.01593	0.14435	0.35027	0.01410	0.10961	0.01827	0.05368	0.04441	0.02932	0.09448	0.03289	0.01479	0.01830	0.00129	0.00114	0.00035	0.02002	0.03450	0.00070	0.00160
15	0.00308	0.20078	0.03513	0.01014	0.11744	0.00876	0.12834	0.05414	0.03981	0.18573	0.10251	0.05461	0.03235	0.00147	0.00116	0.00034	0.01453	0.00726	0.00087	0.00155
16	0.00171	0.00137	0.00159	0.00166	0.03478	0.01268	0.00118	0.02978	0.04382	0.00334	0.13662	0.05634	0.39352	0.13001	0.07447	0.00059	0.00094	0.07358	0.00098	0.00104
17	0.04002	0.03010	0.05938	0.00246	0.01533	0.04048	0.08936	0.08364	0.13806	0.33871	0.01937	0.05898	0.02719	0.00774	0.00122	0.00037	0.01353	0.02751	0.00106	0.00549
18	0.00279	0.03207	0.16071	0.15719	0.27990	0.03024	0.14805	0.02867	0.04906	0.06564	0.00253	0.01306	0.00941	0.00116	0.00116	0.00036	0.00693	0.00881	0.00065	0.00161
19	0.02183	0.00185	0.00246	0.00193	0.00273	0.00162	0.00158	0.00508	0.01589	0.81190	0.08158	0.00438	0.02727	0.00151	0.00115	0.00035	0.00091	0.00124	0.01295	0.00181
20	0.00262	0.00295	0.04998	0.01681	0.05281	0.00281	0.62630	0.01891	0.02786	0.01157	0.00775	0.01091	0.01886	0.00124	0.00160	0.00040	0.11844	0.02606	0.00062	0.00150
21	0.00278	0.00267	0.00456	0.03429	0.92593	0.00269	0.00347	0.00346	0.00257	0.00368	0.00213	0.00281	0.00179	0.00101	0.00112	0.00034	0.00135	0.00101	0.00056	0.00178
22	0.00240	0.00198	0.02948	0.00233	0.00673	0.02183	0.01562	0.00274	0.00207	0.11110	0.00311	0.12543	0.01200	0.05139	0.22978	0.00081	0.35642	0.01196	0.01162	0.00121
23	0.01939	0.00165	0.00201	0.00166	0.00227	0.00155	0.00134	0.05280	0.02749	0.46851	0.01553	0.00414	0.01456	0.00141	0.00101	0.00032	0.00080	0.01024	0.37177	0.00155
24	0.00257	0.00247	0.00417	0.37301	0.54435	0.01031	0.03008	0.01337	0.00250	0.00342	0.00209	0.00289	0.00168	0.00106	0.00113	0.00035	0.00143	0.00102	0.00055	0.00158
25	0.01381	0.00117	0.00158	0.00156	0.00163	0.00127	0.00108	0.00177	0.00166	0.00232	0.00282	0.01149	0.00295	0.32069	0.29209	0.29961	0.03986	0.00128	0.00060	0.00075
26	0.01366	0.00190	0.00257	0.00199	0.00283	0.00166	0.00164	0.00535	0.01133	0.89493	0.04663	0.00405	0.00315	0.00144	0.00114	0.00035	0.00094	0.00118	0.00139	0.00188
27	0.13978	0.00877	0.01469	0.00157	0.00208	0.00979	0.00805	0.07719	0.03254	0.08189	0.18573	0.04402	0.37617	0.00219	0.00120	0.00037	0.00075	0.01093	0.00106	0.00122
28	0.10004	0.00311	0.00332	0.00256	0.00345	0.01768	0.02885	0.81441	0.00488	0.00677	0.00258	0.00263	0.00184	0.00131	0.00109	0.00034	0.00124	0.00098	0.00107	0.00184
29	0.00492	0.00218	0.02964	0.00211	0.00302	0.00189	0.00179	0.10849	0.00345	0.82367	0.00421	0.00369	0.00267	0.00139	0.00114	0.00035	0.00101	0.00112	0.00135	0.00192
30	0.00140	0.00101	0.00134	0.00159	0.00167	0.00094	0.00108	0.00162	0.00221	0.00294	0.01814	0.88504	0.02896	0.00350	0.00145	0.00046	0.00067	0.04401	0.00105	0.00093
31	0.02412	0.18089	0.07198	0.00320	0.00416	0.21341	0.31241	0.02196	0.02968	0.11661	0.00237	0.00273	0.00180	0.00111	0.00109	0.00033	0.00161	0.00834	0.00068	0.00153
32	0.00165	0.00119	0.00160	0.00159	0.00170	0.00132	0.00112	0.00188	0.00174	0.00245	0.00323	0.00568	0.00336	0.41802	0.52710	0.00148	0.02197	0.00140	0.00064	0.00088
33	0.00270	0.31473	0.49567	0.00290	0.03094	0.04551	0.02977	0.01716	0.01028	0.01756	0.00199	0.00237	0.00156	0.00108	0.00100	0.00032	0.01172	0.01064	0.00052	0.00158
34	0.00305	0.88339	0.04168	0.00203	0.00301	0.04559	0.00203	0.00345	0.00234	0.00270	0.00160	0.00185	0.00145	0.00098	0.00075	0.00025	0.00126	0.00062	0.00049	0.00146
35	0.01010	0.00147	0.00963	0.01127	0.03193	0.00141	0.00130	0.04991	0.02995	0.04943	0.55309	0.06089	0.12230	0.02749	0.00148	0.00039	0.02828	0.00193	0.00113	0.00663
36	0.05025	0.08409	0.15240	0.00771	0.11466	0.07657	0.03097	0.14847	0.03434	0.09300	0.02846	0.00278	0.00205	0.00432	0.00104	0.00031	0.00126	0.00091	0.00077	0.16562
37	0.03521	0.00242	0.00704	0.00896	0.00298	0.01201	0.02053	0.06370	0.69353	0.04414	0.04510	0.00419	0.01758	0.00151	0.00114	0.00037	0.00094	0.00126	0.00111	0.03630
38	0.00505	0.00204	0.00266	0.00205	0.00292	0.02919	0.00169	0.01765	0.00327	0.91430	0.00437	0.00379	0.00275	0.00139	0.00114	0.00035	0.00100	0.00113	0.00138	0.00191
39	0.00164	0.00131	0.00173	0.15666	0.01258	0.00129	0.00137	0.00212	0.00279	0.01123	0.41478	0.02920	0.32963	0.00232	0.00130	0.00037	0.00073	0.01674	0.01111	0.00107
40	0.00760	0.18401	0.14444	0.02933	0.29616	0.02850	0.11760	0.05343	0.03523	0.02176	0.00240	0.01769	0.01831	0.00116	0.00461	0.00033	0.00638	0.00100	0.00062	0.02945
41	0.00309	0.01115	0.23582	0.00287	0.00367	0.43058	0.06239	0.00367	0.00266	0.00302	0.00216	0.02986	0.00188	0.04470	0.08186	0.00049	0.04942	0.00096	0.00057	0.02919
42	0.00148	0.00106	0.00138	0.00161	0.00171	0.00101	0.00110	0.02892	0.00227	0.00302	0.00618	0.88848	0.01874	0.01183	0.00148	0.00046	0.00069	0.02659	0.00105	0.00095
43	0.00244	0.01438	0.09936	0.29001	0.10334	0.01766	0.22245	0.01160	0.10847	0.00350	0.01257	0.04726	0.01479	0.00128	0.00122	0.00037	0.01504	0.00432	0.00065	0.02930
44	0.03328	0.03151	0.07295	0.05016	0.44389	0.06994	0.09393	0.02919	0.01280	0.04720	0.01847	0.04911	0.04000	0.00128	0.00114	0.00035	0.00136	0.00117	0.00067	0.00159
45	0.01230	0.00203	0.00263	0.00204	0.00288	0.00186	0.00167	0.10792	0.01254	0.78921	0.00422	0.00383	0.00274	0.02903	0.00126	0.00037	0.00099	0.00114	0.01947	0.00187
46	0.00145	0.00108	0.00147	0.00170	0.01326	0.00104	0.00875	0.00167	0.00219	0.00292	0.01022	0.85202	0.04223	0.00347	0.01250	0.00047	0.02830	0.01329	0.00102	0.00095
47	0.02271	0.12750	0.12602	0.11901	0.20850	0.06298	0.06552	0.02837	0.02550	0.17226	0.00254	0.00720	0.00192	0.00605	0.00113	0.00034	0.01320	0.00690	0.00072	0.00162
48	0.00191	0.01101	0.00176	0.00612	0.02938	0.00131	0.01153	0.04424	0.02887	0.06795	0.04490	0.52144	0.14410	0.00307	0.02961	0.00046	0.00505	0.03700	0.00915	0.00112
49	0.00139	0.00100	0.00130	0.00154	0.00163	0.00093	0.00104	0.00160	0.00222	0.00294	0.02185	0.87011	0.07215	0.00346	0.00143	0.00045	0.00065	0.00312	0.01026	0.00093
50	0.22047	0.04586	0.12067	0.04207	0.05722	0.03942	0.09235	0.03227	0.27156	0.01266	0.00780	0.00878	0.01781	0.00135	0.01100	0.00038	0.00549	0.01052	0.00079	0.00153

[dist]
# distance from previous block
# <min> <max>
0	106

# created by:
# /home/berkeley/.conda/envs/busco_data_prod/bin/msa2prfl.pl pipeline/OGs_align_augustus/2759/391137.fs
