[name]
unknown

[dist]
# distance from previous block
# <min> <max>
0	444

[block]
# block no. 0 follows, 253 sequences, length 9
# corresponding to MSA columns:
# 537-545
name=unknown_A
#
# <colnr> <probs for GDERKNQSTAVLIFYWHMCP>
#	G	D	E	R	K	N	Q	S	T	A	V	L	I	F	Y	W	H	M	C	P
0	0.01523	0.04414	0.00262	0.00224	0.00278	0.14559	0.00174	0.02076	0.26904	0.00474	0.38722	0.02337	0.00695	0.00211	0.00136	0.00040	0.00107	0.05178	0.00119	0.01566
1	0.05820	0.00284	0.00466	0.22114	0.57545	0.00306	0.03245	0.02835	0.00282	0.00410	0.00232	0.00314	0.00190	0.00124	0.00141	0.00040	0.05293	0.00112	0.00064	0.00181
2	0.00366	0.01291	0.10209	0.00360	0.03893	0.01260	0.24791	0.28513	0.08723	0.07710	0.00346	0.04784	0.01633	0.00150	0.00133	0.00040	0.00153	0.00137	0.01127	0.04381
3	0.00195	0.06190	0.00248	0.00213	0.00244	0.00181	0.03590	0.00242	0.00223	0.00314	0.05767	0.05961	0.00389	0.02913	0.72528	0.00168	0.00288	0.00153	0.00075	0.00118
4	0.09826	0.01603	0.01452	0.01385	0.00249	0.01738	0.02304	0.10790	0.01154	0.01383	0.01540	0.52058	0.06456	0.03671	0.01965	0.00053	0.01072	0.01066	0.00109	0.00127
5	0.01803	0.00242	0.00393	0.50058	0.20690	0.00275	0.04412	0.05721	0.00279	0.00378	0.00275	0.05825	0.00240	0.06185	0.00166	0.00047	0.01399	0.00134	0.01325	0.00154
6	0.06302	0.00172	0.00233	0.00221	0.00246	0.00208	0.00174	0.00273	0.05618	0.00330	0.01875	0.00468	0.00308	0.04546	0.62464	0.01946	0.14290	0.00132	0.00072	0.00122
7	0.11380	0.06611	0.34604	0.02283	0.04061	0.01086	0.01541	0.03474	0.02697	0.06187	0.15122	0.01805	0.01410	0.00174	0.00145	0.06137	0.00136	0.00124	0.00860	0.00162
8	0.01458	0.00282	0.08349	0.01087	0.01402	0.00245	0.05205	0.07463	0.01109	0.15479	0.00288	0.02431	0.00228	0.01152	0.01056	0.00037	0.14484	0.00108	0.01281	0.36856

[dist]
# distance from previous block
# <min> <max>
2	4

[block]
# block no. 1 follows, 253 sequences, length 12
# corresponding to MSA columns:
# 551-558,560-563
name=unknown_B
#
# <colnr> <probs for GDERKNQSTAVLIFYWHMCP>
#	G	D	E	R	K	N	Q	S	T	A	V	L	I	F	Y	W	H	M	C	P
0	0.00333	0.00224	0.00265	0.00242	0.03860	0.02998	0.01082	0.11452	0.17010	0.18684	0.24015	0.05160	0.05526	0.00211	0.00138	0.00041	0.00101	0.04535	0.01521	0.02601
1	0.00207	0.00128	0.00149	0.00146	0.00154	0.00127	0.00089	0.00215	0.00202	0.04709	0.00412	0.03933	0.00449	0.75457	0.03876	0.02686	0.00124	0.00181	0.06667	0.00088
2	0.80382	0.00277	0.00210	0.00186	0.00265	0.08296	0.00151	0.03264	0.00247	0.03094	0.00220	0.00244	0.02496	0.00127	0.00087	0.00039	0.00111	0.00078	0.00083	0.00143
3	0.00184	0.00138	0.00178	0.00175	0.00205	0.00129	0.02041	0.00245	0.05107	0.01848	0.43863	0.29832	0.14965	0.00304	0.00153	0.00044	0.00071	0.00270	0.00129	0.00120
4	0.00171	0.00136	0.00152	0.00148	0.00187	0.00120	0.00112	0.02558	0.00323	0.00417	0.34391	0.02904	0.55530	0.00299	0.00151	0.00042	0.00066	0.02052	0.00127	0.00115
5	0.17389	0.00235	0.00250	0.02584	0.00296	0.05370	0.00172	0.06543	0.10087	0.30470	0.03749	0.01656	0.00317	0.01881	0.05649	0.00050	0.00122	0.00123	0.12888	0.00170
6	0.04051	0.00350	0.00365	0.00285	0.00383	0.03497	0.00234	0.76760	0.08112	0.04183	0.00323	0.00319	0.00230	0.00153	0.00126	0.00039	0.00138	0.00115	0.00125	0.00211
7	0.05982	0.00292	0.00351	0.00276	0.00366	0.10799	0.13384	0.09885	0.07086	0.21903	0.04031	0.01979	0.02856	0.00836	0.00880	0.00828	0.01482	0.00126	0.00105	0.16555
8	0.07204	0.04491	0.07116	0.03040	0.22841	0.06203	0.02472	0.15507	0.12018	0.05265	0.00315	0.02928	0.01019	0.00727	0.00138	0.03074	0.00736	0.00119	0.02915	0.01873
9	0.08182	0.00274	0.00322	0.00250	0.00344	0.00280	0.02962	0.39347	0.00437	0.34316	0.00376	0.01889	0.00262	0.00152	0.00122	0.00038	0.00120	0.00120	0.06399	0.03807
10	0.04150	0.01515	0.00346	0.02279	0.00386	0.74008	0.00236	0.02298	0.04013	0.03125	0.01719	0.00287	0.00207	0.00140	0.00116	0.00034	0.00204	0.02137	0.00075	0.02724
11	0.01849	0.02731	0.00213	0.01673	0.00241	0.00171	0.00142	0.08204	0.03144	0.14145	0.24555	0.04235	0.30738	0.02141	0.00159	0.02144	0.00085	0.01154	0.01262	0.01013

[dist]
# distance from previous block
# <min> <max>
3	40

[block]
# block no. 2 follows, 253 sequences, length 24
# corresponding to MSA columns:
# 618-627,632,635-644,647-649
name=unknown_C
#
# <colnr> <probs for GDERKNQSTAVLIFYWHMCP>
#	G	D	E	R	K	N	Q	S	T	A	V	L	I	F	Y	W	H	M	C	P
0	0.51838	0.03066	0.01171	0.00215	0.02295	0.02033	0.00173	0.06092	0.04192	0.19868	0.01904	0.00812	0.00218	0.00136	0.00104	0.00039	0.01660	0.00094	0.00100	0.03991
1	0.19563	0.00270	0.01729	0.26320	0.28807	0.00292	0.06649	0.00894	0.05108	0.00425	0.00250	0.02340	0.00206	0.00133	0.00131	0.00041	0.03732	0.00835	0.00070	0.02205
2	0.00575	0.00180	0.00269	0.08911	0.04717	0.00785	0.06022	0.00265	0.03144	0.00794	0.05819	0.27318	0.03031	0.06299	0.20165	0.00622	0.10037	0.00207	0.00714	0.00125
3	0.01225	0.00176	0.00228	0.00193	0.00257	0.00158	0.00152	0.01221	0.02377	0.45753	0.24737	0.09760	0.07694	0.00220	0.00137	0.00041	0.00087	0.00187	0.05229	0.00167
4	0.01100	0.00155	0.00201	0.00182	0.00228	0.00144	0.00138	0.00333	0.00296	0.28707	0.17442	0.11870	0.14496	0.10224	0.12661	0.01238	0.00122	0.00202	0.00123	0.00140
5	0.00280	0.00181	0.00220	0.00195	0.00246	0.00180	0.00152	0.08199	0.13703	0.13008	0.51935	0.02951	0.01424	0.00227	0.00141	0.00041	0.00081	0.02268	0.04417	0.00152
6	0.26149	0.00236	0.00256	0.00196	0.00297	0.00215	0.00159	0.04328	0.00287	0.20096	0.00275	0.00287	0.00203	0.00117	0.00099	0.00030	0.00101	0.00087	0.00096	0.46488
7	0.06592	0.00230	0.00310	0.00238	0.00336	0.00209	0.03813	0.04477	0.01484	0.79254	0.01415	0.00418	0.00306	0.00155	0.00126	0.00040	0.00113	0.00126	0.00148	0.00210
8	0.00936	0.02640	0.00186	0.00184	0.00209	0.13260	0.00132	0.00264	0.00271	0.00370	0.05633	0.47808	0.00602	0.00285	0.00144	0.02706	0.00094	0.00240	0.23920	0.00115
9	0.00269	0.05503	0.83118	0.00363	0.00542	0.00311	0.04718	0.03009	0.00280	0.00411	0.00230	0.00271	0.00165	0.00121	0.00121	0.00040	0.00186	0.00096	0.00057	0.00188
10	0.00337	0.29142	0.14081	0.04394	0.06152	0.15030	0.03671	0.04411	0.03417	0.00983	0.00907	0.01402	0.00195	0.00143	0.00159	0.00038	0.15212	0.00098	0.00065	0.00166
11	0.00186	0.00132	0.00167	0.00159	0.00191	0.00121	0.00118	0.00242	0.01019	0.02497	0.72502	0.05495	0.13680	0.01590	0.00157	0.00042	0.00064	0.00238	0.01280	0.00120
12	0.10492	0.00186	0.00186	0.00191	0.01892	0.07837	0.00134	0.02352	0.00265	0.00899	0.06369	0.30935	0.15697	0.16629	0.01307	0.00060	0.02145	0.01528	0.00781	0.00114
13	0.00197	0.00139	0.00167	0.00963	0.01341	0.00128	0.00601	0.01340	0.01299	0.03388	0.41891	0.06115	0.28967	0.01700	0.00150	0.00042	0.00069	0.00228	0.11154	0.00121
14	0.00219	0.00112	0.00166	0.00166	0.00167	0.00112	0.00111	0.00168	0.00170	0.00226	0.00251	0.00417	0.02329	0.02215	0.02003	0.90822	0.00114	0.00116	0.00058	0.00058
15	0.00366	0.63555	0.00564	0.00251	0.00340	0.20862	0.00227	0.01933	0.00282	0.00316	0.00189	0.00224	0.00169	0.00125	0.00118	0.00031	0.08023	0.00077	0.02189	0.00158
16	0.00192	0.00140	0.00172	0.00175	0.00206	0.00133	0.00131	0.01781	0.05534	0.02519	0.32563	0.29168	0.17238	0.00311	0.00154	0.00046	0.00075	0.08098	0.01243	0.00121
17	0.01604	0.00276	0.00456	0.36048	0.51674	0.01680	0.01690	0.00364	0.00275	0.00380	0.00239	0.01664	0.00197	0.00126	0.00135	0.00040	0.02799	0.00117	0.00062	0.00175
18	0.00305	0.00296	0.00470	0.06162	0.44899	0.02925	0.14912	0.01297	0.19715	0.00429	0.00333	0.05847	0.00881	0.00146	0.00135	0.00041	0.00801	0.00140	0.00081	0.00186
19	0.74936	0.00257	0.01515	0.00195	0.01602	0.01575	0.00960	0.04106	0.00255	0.10428	0.01604	0.00254	0.00181	0.00127	0.00090	0.00039	0.00105	0.00082	0.01537	0.00151
20	0.00839	0.02853	0.49827	0.02347	0.00463	0.00274	0.07832	0.03745	0.09440	0.04980	0.06374	0.04030	0.06116	0.00160	0.00129	0.00041	0.00154	0.00136	0.00082	0.00177
21	0.00243	0.00220	0.02880	0.04012	0.26109	0.00206	0.11474	0.01308	0.00279	0.01038	0.02859	0.29506	0.02522	0.00227	0.00140	0.00043	0.00121	0.05549	0.09567	0.01697
22	0.00235	0.00189	0.05417	0.01619	0.00251	0.01005	0.00161	0.02935	0.07175	0.08596	0.32334	0.19608	0.13245	0.00694	0.02202	0.00047	0.01980	0.01373	0.00797	0.00137
23	0.09592	0.00801	0.01737	0.02288	0.12408	0.02096	0.03893	0.13195	0.04648	0.17424	0.00851	0.19847	0.00873	0.00793	0.01091	0.00471	0.02889	0.04826	0.00108	0.00168

[dist]
# distance from previous block
# <min> <max>
6	26

[block]
# block no. 3 follows, 253 sequences, length 8
# corresponding to MSA columns:
# 685-692
name=unknown_D
#
# <colnr> <probs for GDERKNQSTAVLIFYWHMCP>
#	G	D	E	R	K	N	Q	S	T	A	V	L	I	F	Y	W	H	M	C	P
0	0.01429	0.01416	0.03326	0.01481	0.00374	0.00288	0.09383	0.22268	0.02193	0.24195	0.01857	0.05511	0.00287	0.01253	0.04580	0.00051	0.16179	0.00136	0.00107	0.03688
1	0.01971	0.01791	0.54352	0.01631	0.01520	0.01956	0.09539	0.01764	0.00291	0.11300	0.03144	0.01855	0.00242	0.00139	0.00130	0.00040	0.01540	0.02378	0.00075	0.04342
2	0.00211	0.00138	0.00179	0.00167	0.00203	0.00126	0.00127	0.00267	0.00352	0.08217	0.75123	0.03941	0.07219	0.00264	0.00150	0.00041	0.00067	0.02944	0.00139	0.00127
3	0.00326	0.00276	0.00302	0.03107	0.03082	0.00316	0.00213	0.09455	0.76200	0.00550	0.04386	0.00472	0.00396	0.00172	0.00131	0.00043	0.00107	0.00144	0.00126	0.00199
4	0.00315	0.00202	0.00275	0.04593	0.05718	0.00208	0.04812	0.10247	0.02406	0.17020	0.07350	0.02717	0.04376	0.06387	0.10559	0.00063	0.04126	0.00148	0.18324	0.00154
5	0.00160	0.00123	0.00146	0.00159	0.00184	0.00110	0.00114	0.00191	0.00274	0.00350	0.08124	0.40974	0.39552	0.02991	0.00172	0.00050	0.00073	0.06029	0.00119	0.00107
6	0.01458	0.00207	0.01579	0.01466	0.01297	0.00192	0.01353	0.06150	0.05748	0.47258	0.03596	0.03960	0.02217	0.00172	0.00122	0.00038	0.00099	0.01120	0.21786	0.00181
7	0.01130	0.00250	0.01106	0.18442	0.08371	0.01210	0.12088	0.08250	0.01081	0.15275	0.02039	0.04892	0.01599	0.02965	0.00149	0.00925	0.00900	0.01797	0.01963	0.15570

[dist]
# distance from previous block
# <min> <max>
3	25

[block]
# block no. 4 follows, 253 sequences, length 15
# corresponding to MSA columns:
# 722-726,748,799-807
name=unknown_E
#
# <colnr> <probs for GDERKNQSTAVLIFYWHMCP>
#	G	D	E	R	K	N	Q	S	T	A	V	L	I	F	Y	W	H	M	C	P
0	0.00270	0.02663	0.02769	0.02232	0.02494	0.01666	0.05400	0.08846	0.09418	0.01339	0.10927	0.12810	0.07645	0.01113	0.01126	0.00049	0.26548	0.02443	0.00096	0.00148
1	0.00177	0.00128	0.00156	0.00163	0.00183	0.00122	0.00114	0.01218	0.00258	0.01204	0.10420	0.26859	0.22592	0.21640	0.09115	0.00079	0.00109	0.04366	0.00992	0.00105
2	0.00561	0.00221	0.00296	0.00227	0.00324	0.00195	0.00188	0.04496	0.00373	0.88410	0.00494	0.00431	0.00313	0.00158	0.00127	0.00039	0.00109	0.00128	0.02697	0.00215
3	0.01357	0.00171	0.00212	0.00185	0.00234	0.00166	0.00144	0.09986	0.03200	0.13203	0.65478	0.00794	0.02630	0.00232	0.00143	0.00040	0.00077	0.00200	0.01402	0.00146
4	0.91425	0.00251	0.00197	0.00174	0.00255	0.00288	0.00143	0.02754	0.00233	0.03076	0.00192	0.00219	0.00147	0.00122	0.00083	0.00040	0.00101	0.00073	0.00083	0.00144
5	0.00195	0.00154	0.00224	0.00219	0.00238	0.00184	0.00170	0.00236	0.00207	0.00300	0.00340	0.03944	0.00329	0.04263	0.77292	0.00180	0.11196	0.00145	0.00070	0.00117
6	0.04021	0.03620	0.20937	0.03714	0.01941	0.04583	0.03377	0.16026	0.03774	0.23151	0.03587	0.00389	0.00277	0.04360	0.00162	0.00044	0.04507	0.01244	0.00102	0.00185
7	0.00351	0.86720	0.02943	0.00231	0.00340	0.06994	0.00228	0.00394	0.00269	0.00306	0.00183	0.00211	0.00166	0.00113	0.00086	0.00028	0.00145	0.00071	0.00056	0.00165
8	0.96383	0.00249	0.00190	0.00170	0.00249	0.00288	0.00139	0.00377	0.00219	0.00576	0.00180	0.00211	0.00141	0.00120	0.00080	0.00040	0.00100	0.00070	0.00080	0.00140
9	0.01386	0.01642	0.00349	0.01111	0.02850	0.05223	0.00227	0.53188	0.12750	0.11005	0.03961	0.01149	0.01689	0.00167	0.00129	0.00040	0.00132	0.01863	0.00937	0.00202
10	0.00170	0.00133	0.00147	0.00144	0.00183	0.00114	0.00107	0.00210	0.00314	0.02203	0.28648	0.03826	0.62733	0.00306	0.00152	0.00043	0.00065	0.00259	0.00127	0.00115
11	0.00260	0.00249	0.00395	0.71614	0.10274	0.03725	0.03505	0.00340	0.00268	0.00348	0.01718	0.00361	0.01277	0.00134	0.00133	0.00042	0.01819	0.00118	0.03270	0.00149
12	0.00181	0.00142	0.00162	0.00166	0.00199	0.00129	0.00120	0.00231	0.05467	0.00397	0.19644	0.27500	0.44513	0.00333	0.00159	0.00047	0.00073	0.00286	0.00128	0.00122
13	0.00206	0.00119	0.00161	0.00162	0.00164	0.00121	0.00104	0.00180	0.00180	0.00242	0.00312	0.03023	0.00336	0.35084	0.07809	0.51379	0.00133	0.00148	0.00067	0.00070
14	0.00396	0.44317	0.04913	0.02411	0.01201	0.11051	0.01081	0.27350	0.01701	0.01995	0.00234	0.00258	0.00188	0.00131	0.00113	0.00034	0.02277	0.00090	0.00081	0.00181

[dist]
# distance from previous block
# <min> <max>
1	24

[block]
# block no. 5 follows, 253 sequences, length 20
# corresponding to MSA columns:
# 857-862,879-883,885-893
name=unknown_F
#
# <colnr> <probs for GDERKNQSTAVLIFYWHMCP>
#	G	D	E	R	K	N	Q	S	T	A	V	L	I	F	Y	W	H	M	C	P
0	0.00339	0.04569	0.34274	0.00857	0.02793	0.02007	0.02117	0.16803	0.24286	0.04288	0.02720	0.01002	0.01307	0.01891	0.00139	0.00043	0.00150	0.00124	0.00098	0.00196
1	0.04797	0.00225	0.03384	0.00220	0.02276	0.01946	0.00762	0.15102	0.04707	0.05170	0.25989	0.07991	0.04826	0.00217	0.00835	0.00041	0.00617	0.01636	0.12900	0.06357
2	0.00987	0.01014	0.08791	0.01820	0.03443	0.15054	0.03052	0.07263	0.04615	0.02820	0.12467	0.09342	0.24223	0.01079	0.00152	0.00999	0.01017	0.00695	0.01019	0.00149
3	0.00228	0.00168	0.00198	0.00184	0.00226	0.00166	0.00139	0.03726	0.14144	0.02670	0.51261	0.05423	0.14297	0.01205	0.00155	0.00044	0.00742	0.00907	0.03976	0.00140
4	0.01014	0.00287	0.00303	0.02593	0.03127	0.04437	0.00210	0.17621	0.51159	0.02376	0.07528	0.02030	0.06359	0.00190	0.00136	0.00043	0.00115	0.00155	0.00126	0.00192
5	0.00190	0.00129	0.00149	0.00153	0.00156	0.00127	0.00090	0.00193	0.00201	0.00270	0.00455	0.15056	0.00526	0.78769	0.02905	0.00117	0.00125	0.00214	0.00086	0.00087
6	0.00456	0.01865	0.03089	0.01028	0.00985	0.66805	0.01052	0.13186	0.02673	0.01156	0.01126	0.00284	0.00203	0.02006	0.00143	0.00039	0.03562	0.00097	0.00080	0.00164
7	0.96298	0.00254	0.00194	0.00174	0.00254	0.00292	0.00143	0.00382	0.00224	0.00582	0.00187	0.00220	0.00147	0.00124	0.00083	0.00041	0.00102	0.00072	0.00082	0.00143
8	0.00289	0.00286	0.00398	0.00342	0.00342	0.00397	0.00284	0.00314	0.00202	0.00317	0.00177	0.00292	0.00176	0.00229	0.00423	0.00058	0.95157	0.00115	0.00059	0.00145
9	0.00298	0.00287	0.01219	0.29723	0.54580	0.02054	0.01374	0.03250	0.01861	0.00397	0.00243	0.00328	0.00197	0.00139	0.01983	0.00043	0.01667	0.00114	0.00064	0.00180
10	0.15035	0.00313	0.00357	0.03504	0.12423	0.01201	0.00242	0.49344	0.04488	0.11394	0.00307	0.00315	0.00220	0.00143	0.00120	0.00039	0.00132	0.00110	0.00113	0.00200
11	0.03359	0.00240	0.02189	0.01838	0.00343	0.00215	0.02031	0.08894	0.02421	0.70790	0.00457	0.00418	0.00298	0.00155	0.00126	0.00039	0.00114	0.00813	0.03678	0.01583
12	0.00178	0.00136	0.00164	0.00156	0.00192	0.00124	0.00117	0.00239	0.03076	0.00463	0.63261	0.02562	0.26563	0.00275	0.00149	0.00041	0.00064	0.00238	0.00133	0.01870
13	0.00342	0.00283	0.00300	0.00262	0.00337	0.00322	0.00206	0.18332	0.71631	0.00581	0.03360	0.00480	0.01515	0.00176	0.00131	0.00042	0.00107	0.01260	0.00130	0.00201
14	0.00391	0.00212	0.00272	0.00771	0.00979	0.00208	0.03284	0.06758	0.13853	0.38610	0.10788	0.01889	0.06186	0.00197	0.01708	0.00043	0.01941	0.00685	0.11046	0.00179
15	0.00159	0.00116	0.00151	0.00175	0.00189	0.00108	0.00122	0.00187	0.00258	0.00341	0.05307	0.75198	0.10936	0.00383	0.00162	0.00051	0.00075	0.05858	0.00120	0.00106
16	0.01775	0.00771	0.02271	0.13043	0.05896	0.04665	0.05842	0.07922	0.05267	0.34731	0.05453	0.00413	0.00812	0.00162	0.00945	0.00042	0.04549	0.00128	0.05133	0.00182
17	0.00185	0.00128	0.00165	0.00166	0.00175	0.00136	0.00110	0.00201	0.00194	0.00267	0.00379	0.02611	0.00408	0.54356	0.35949	0.04033	0.00204	0.00168	0.00074	0.00091
18	0.00359	0.76123	0.02644	0.00239	0.00343	0.10225	0.00229	0.04603	0.02065	0.00331	0.00193	0.00220	0.00171	0.00117	0.00095	0.00029	0.01713	0.00075	0.00061	0.00166
19	0.04083	0.05508	0.05749	0.07428	0.17953	0.02176	0.08751	0.12884	0.05269	0.09540	0.01479	0.01301	0.00233	0.01040	0.00816	0.00041	0.08656	0.00116	0.00086	0.06890

[dist]
# distance from previous block
# <min> <max>
1	2

[block]
# block no. 6 follows, 253 sequences, length 41
# corresponding to MSA columns:
# 909,912-938,940,941,943-953
name=unknown_G
#
# <colnr> <probs for GDERKNQSTAVLIFYWHMCP>
#	G	D	E	R	K	N	Q	S	T	A	V	L	I	F	Y	W	H	M	C	P
0	0.91919	0.00249	0.00194	0.00172	0.00251	0.00287	0.00141	0.02760	0.00230	0.01814	0.00188	0.00215	0.00144	0.00120	0.00081	0.00039	0.00100	0.00072	0.00883	0.00141
1	0.09634	0.01727	0.00987	0.00234	0.00298	0.00755	0.02123	0.13445	0.13145	0.18525	0.13404	0.11071	0.01485	0.00850	0.00540	0.00045	0.06310	0.05135	0.00121	0.00167
2	0.00589	0.00219	0.00353	0.65162	0.03841	0.01174	0.03601	0.00318	0.02977	0.00343	0.01228	0.12582	0.01838	0.00524	0.00537	0.00045	0.01106	0.03351	0.00071	0.00140
3	0.00156	0.00113	0.00148	0.00175	0.00185	0.00104	0.00118	0.00179	0.00249	0.00330	0.02218	0.88839	0.05927	0.00394	0.00162	0.00051	0.00073	0.00356	0.00119	0.00104
4	0.00452	0.00190	0.00255	0.00206	0.00282	0.00167	0.00165	0.00502	0.00355	0.65500	0.22953	0.01662	0.01943	0.02922	0.00704	0.00043	0.00097	0.00159	0.01256	0.00186
5	0.00473	0.00352	0.00376	0.00291	0.00392	0.00390	0.00240	0.87204	0.07703	0.00785	0.00323	0.00320	0.00230	0.00155	0.00128	0.00039	0.00138	0.00117	0.00128	0.00216
6	0.92661	0.00248	0.00194	0.00171	0.00251	0.00286	0.00141	0.01928	0.00227	0.02711	0.00187	0.00214	0.00144	0.00120	0.00081	0.00040	0.00100	0.00071	0.00082	0.00142
7	0.11226	0.00321	0.00346	0.00268	0.00367	0.00348	0.00222	0.67417	0.00517	0.17206	0.00327	0.00318	0.00226	0.00150	0.00123	0.00039	0.00130	0.00112	0.00128	0.00209
8	0.00305	0.00292	0.00487	0.16840	0.52288	0.03126	0.11990	0.02024	0.01400	0.02101	0.03430	0.01397	0.00252	0.00133	0.00135	0.00040	0.01239	0.02270	0.00070	0.00181
9	0.00338	0.91937	0.04289	0.00224	0.00337	0.00498	0.00228	0.00384	0.00260	0.00305	0.00180	0.00208	0.00164	0.00110	0.00084	0.00028	0.00139	0.00069	0.00055	0.00165
10	0.05678	0.00292	0.00290	0.00264	0.01491	0.06117	0.00203	0.01553	0.79444	0.01472	0.00475	0.00443	0.00357	0.00166	0.00126	0.00042	0.00110	0.00135	0.01146	0.00195
11	0.00336	0.65984	0.14193	0.01355	0.00371	0.06428	0.00726	0.00410	0.05393	0.01282	0.00211	0.00239	0.00179	0.00119	0.00098	0.00031	0.01417	0.00080	0.00978	0.00168
12	0.00164	0.00129	0.00148	0.00148	0.00182	0.00114	0.00109	0.00208	0.01150	0.00406	0.35447	0.12171	0.48550	0.00308	0.00152	0.00043	0.00065	0.00265	0.00127	0.00113
13	0.00158	0.00131	0.00138	0.00136	0.00177	0.00112	0.00102	0.00197	0.01187	0.00374	0.16478	0.02202	0.77539	0.00313	0.00151	0.00043	0.00064	0.00263	0.00122	0.00111
14	0.00173	0.00127	0.00156	0.00159	0.00187	0.00115	0.00116	0.00217	0.00313	0.01580	0.43808	0.23707	0.25373	0.00310	0.00153	0.00044	0.00066	0.02045	0.01236	0.00114
15	0.00222	0.00111	0.00167	0.00167	0.00167	0.00111	0.00111	0.00167	0.00167	0.00222	0.00222	0.00389	0.00222	0.00444	0.00500	0.96281	0.00111	0.00111	0.00056	0.00056
16	0.01323	0.90609	0.00652	0.00223	0.00330	0.04491	0.00219	0.00388	0.00264	0.00304	0.00179	0.00206	0.00164	0.00110	0.00083	0.00028	0.00140	0.00069	0.00055	0.00163
17	0.00188	0.00138	0.00173	0.02268	0.00214	0.00130	0.00128	0.00248	0.05242	0.02702	0.40791	0.29656	0.15385	0.00300	0.00151	0.00044	0.00072	0.00265	0.00127	0.01776
18	0.00904	0.00139	0.01115	0.00159	0.00195	0.00123	0.00121	0.00237	0.01923	0.02400	0.54728	0.10639	0.26273	0.00286	0.00150	0.00042	0.00066	0.00249	0.00131	0.00120
19	0.21924	0.01361	0.01655	0.00247	0.00335	0.22023	0.00201	0.10443	0.02905	0.37193	0.00333	0.00320	0.00229	0.00142	0.00114	0.00038	0.00139	0.00103	0.00113	0.00183
20	0.02066	0.00641	0.90370	0.00360	0.00544	0.00294	0.01793	0.00401	0.00269	0.00407	0.00236	0.01633	0.00172	0.00125	0.00122	0.00041	0.00186	0.00099	0.00056	0.00186
21	0.00333	0.00251	0.02738	0.05524	0.00343	0.02399	0.04515	0.19194	0.17826	0.10936	0.22496	0.01258	0.01416	0.00182	0.00131	0.00040	0.00110	0.00605	0.09531	0.00171
22	0.90327	0.00248	0.00205	0.01668	0.00267	0.00285	0.01915	0.00383	0.00224	0.03286	0.00190	0.00219	0.00145	0.00120	0.00083	0.00040	0.00102	0.00073	0.00081	0.00141
23	0.00178	0.00147	0.02917	0.01993	0.01493	0.00131	0.02927	0.01957	0.00264	0.00885	0.04178	0.70897	0.05683	0.00364	0.01324	0.00052	0.00090	0.04291	0.00114	0.00115
24	0.00204	0.00142	0.00185	0.00181	0.00860	0.00155	0.00126	0.01293	0.01214	0.02357	0.03792	0.00655	0.00411	0.43337	0.37699	0.00143	0.03401	0.00160	0.03580	0.00104
25	0.00260	0.00245	0.00409	0.73698	0.19660	0.00290	0.00359	0.01437	0.01745	0.00354	0.00235	0.00338	0.00181	0.00126	0.00128	0.00042	0.00165	0.00114	0.00060	0.00156
26	0.00158	0.00113	0.00150	0.00179	0.00187	0.00106	0.00120	0.00181	0.00245	0.00326	0.00697	0.90306	0.00833	0.02595	0.00175	0.00054	0.00077	0.03279	0.00118	0.00104
27	0.00279	0.00261	0.00424	0.52374	0.32743	0.01720	0.01631	0.03416	0.00831	0.00380	0.00247	0.00349	0.00196	0.00128	0.00128	0.00041	0.00603	0.01364	0.02719	0.00165
28	0.94969	0.00249	0.00191	0.00170	0.00249	0.00288	0.00140	0.01788	0.00223	0.00577	0.00180	0.00209	0.00140	0.00119	0.00080	0.00040	0.00099	0.00070	0.00080	0.00140
29	0.00280	0.00280	0.00391	0.00336	0.00336	0.00391	0.00280	0.00308	0.00196	0.00308	0.00168	0.00280	0.00168	0.00224	0.00419	0.00056	0.95274	0.00112	0.00056	0.00140
30	0.00296	0.00289	0.01829	0.30522	0.57526	0.01928	0.00370	0.01281	0.03982	0.00395	0.00247	0.00328	0.00199	0.00121	0.00127	0.00040	0.00157	0.00114	0.00064	0.00182
31	0.17900	0.65199	0.02060	0.00228	0.01057	0.08563	0.00213	0.01297	0.00263	0.00359	0.00182	0.00212	0.00160	0.00116	0.00092	0.00031	0.01776	0.00072	0.00061	0.00159
32	0.01899	0.00624	0.04538	0.02005	0.00485	0.00870	0.44447	0.03041	0.00317	0.16476	0.07926	0.03653	0.01780	0.00153	0.00140	0.00041	0.00159	0.03794	0.00094	0.07559
33	0.00163	0.00130	0.00146	0.00142	0.00180	0.00113	0.00107	0.00207	0.00320	0.00413	0.38963	0.01119	0.56949	0.00299	0.00151	0.00042	0.00063	0.00254	0.00128	0.00113
34	0.00325	0.00284	0.00293	0.00262	0.00333	0.03228	0.00204	0.04162	0.84790	0.00535	0.02868	0.00473	0.00395	0.00174	0.00133	0.00043	0.01029	0.00143	0.00128	0.00199
35	0.24549	0.17709	0.02280	0.01433	0.03053	0.00683	0.18753	0.11734	0.00659	0.12583	0.01769	0.00301	0.00211	0.00129	0.00116	0.00038	0.01712	0.00105	0.02011	0.00172
36	0.00737	0.00135	0.00170	0.00173	0.00204	0.00123	0.00125	0.00262	0.00964	0.13946	0.16107	0.46344	0.15200	0.01244	0.00156	0.00047	0.00076	0.00280	0.03584	0.00125
37	0.00901	0.00232	0.03500	0.14892	0.06202	0.01678	0.04918	0.04524	0.01443	0.13085	0.11882	0.15075	0.02546	0.01298	0.00981	0.00046	0.12356	0.00590	0.03699	0.00152
38	0.00185	0.00124	0.00142	0.00143	0.00144	0.00124	0.00082	0.00187	0.00189	0.00252	0.00410	0.04660	0.00472	0.87102	0.03581	0.01726	0.00129	0.00190	0.00078	0.00079
39	0.00166	0.00122	0.00153	0.00170	0.00190	0.00112	0.00121	0.00200	0.00901	0.00899	0.13019	0.53860	0.20586	0.01971	0.00168	0.00050	0.00075	0.07009	0.00121	0.00109
40	0.00954	0.08887	0.12586	0.08274	0.12731	0.03242	0.13855	0.11635	0.03947	0.04387	0.01222	0.00330	0.01351	0.00154	0.02663	0.00946	0.02043	0.00113	0.00078	0.10603

[dist]
# distance from previous block
# <min> <max>
1	44

[block]
# block no. 7 follows, 253 sequences, length 6
# corresponding to MSA columns:
# 999-1004
name=unknown_H
#
# <colnr> <probs for GDERKNQSTAVLIFYWHMCP>
#	G	D	E	R	K	N	Q	S	T	A	V	L	I	F	Y	W	H	M	C	P
0	0.16904	0.03927	0.02028	0.04068	0.10670	0.37579	0.03715	0.02686	0.03755	0.03200	0.02261	0.01442	0.00221	0.00145	0.00129	0.01379	0.03059	0.01353	0.01324	0.00157
1	0.00209	0.00159	0.00217	0.01939	0.08068	0.00170	0.00158	0.00238	0.00236	0.02432	0.04760	0.20433	0.08253	0.23463	0.11697	0.02577	0.10014	0.01877	0.02987	0.00114
2	0.00158	0.00115	0.00148	0.00170	0.00182	0.00106	0.00115	0.00184	0.00256	0.00339	0.07669	0.74406	0.10756	0.04528	0.00182	0.00053	0.00074	0.00336	0.00118	0.00104
3	0.00188	0.00128	0.00161	0.00164	0.00193	0.00116	0.00119	0.00228	0.00305	0.05872	0.35134	0.35095	0.21183	0.00319	0.00154	0.00045	0.00069	0.00281	0.00129	0.00117
4	0.00425	0.00317	0.00342	0.00277	0.00367	0.00354	0.00224	0.52270	0.37322	0.06106	0.00402	0.00381	0.00291	0.00162	0.00129	0.00040	0.00123	0.00127	0.00130	0.00211
5	0.04513	0.00266	0.00294	0.02336	0.00333	0.00286	0.00197	0.33962	0.22005	0.16754	0.05225	0.00440	0.02992	0.00167	0.00124	0.00039	0.00111	0.00133	0.09634	0.00191

[dist]
# distance from previous block
# <min> <max>
0	6

[block]
# block no. 8 follows, 253 sequences, length 11
# corresponding to MSA columns:
# 1011-1021
name=unknown_I
#
# <colnr> <probs for GDERKNQSTAVLIFYWHMCP>
#	G	D	E	R	K	N	Q	S	T	A	V	L	I	F	Y	W	H	M	C	P
0	0.14086	0.00326	0.00343	0.00268	0.00364	0.00358	0.00221	0.71993	0.00520	0.06876	0.00314	0.03208	0.00232	0.00156	0.00122	0.00039	0.00131	0.00117	0.00123	0.00203
1	0.00316	0.00305	0.00510	0.04474	0.81690	0.01668	0.04095	0.01844	0.01670	0.00421	0.01642	0.00329	0.00218	0.00118	0.00128	0.00038	0.00154	0.00117	0.00066	0.00197
2	0.00338	0.91102	0.05118	0.00226	0.00339	0.00496	0.00231	0.00384	0.00260	0.00306	0.00180	0.00208	0.00164	0.00110	0.00084	0.00028	0.00139	0.00070	0.00055	0.00165
3	0.04180	0.00286	0.00334	0.02512	0.11104	0.01944	0.00231	0.19705	0.37879	0.18587	0.00418	0.00410	0.00305	0.00158	0.00127	0.00041	0.00120	0.01333	0.00122	0.00202
4	0.00183	0.00133	0.00174	0.01304	0.00198	0.00132	0.02289	0.01321	0.02292	0.00312	0.02723	0.40316	0.00628	0.37798	0.06131	0.00089	0.00117	0.03661	0.00098	0.00101
5	0.00168	0.00130	0.00155	0.00158	0.00189	0.00117	0.00117	0.00216	0.02291	0.00405	0.33914	0.21566	0.35689	0.00316	0.00154	0.00045	0.00068	0.04062	0.00127	0.00114
6	0.00307	0.00290	0.00493	0.09732	0.82742	0.00296	0.00379	0.00383	0.00287	0.00411	0.00245	0.00324	0.00203	0.00116	0.00125	0.00038	0.00151	0.00114	0.03170	0.00194
7	0.00184	0.00122	0.00155	0.00161	0.00179	0.00113	0.00111	0.00199	0.00256	0.02486	0.17641	0.32482	0.16592	0.11268	0.00274	0.17235	0.00083	0.00253	0.00108	0.00098
8	0.00220	0.00112	0.00165	0.00165	0.00165	0.00112	0.00109	0.00168	0.00168	0.00223	0.00232	0.00413	0.00235	0.05577	0.00508	0.91090	0.00112	0.00115	0.00057	0.00057
9	0.00347	0.85847	0.04279	0.00231	0.00341	0.06547	0.00230	0.00392	0.00267	0.00305	0.00181	0.00209	0.00164	0.00111	0.00086	0.00028	0.00145	0.00070	0.00055	0.00164
10	0.00167	0.00122	0.00157	0.00179	0.00193	0.00116	0.00123	0.02019	0.02086	0.00354	0.06841	0.78321	0.06514	0.00377	0.00160	0.00050	0.00075	0.01915	0.00120	0.00109

[dist]
# distance from previous block
# <min> <max>
0	1

[block]
# block no. 9 follows, 253 sequences, length 8
# corresponding to MSA columns:
# 1024-1031
name=unknown_J
#
# <colnr> <probs for GDERKNQSTAVLIFYWHMCP>
#	G	D	E	R	K	N	Q	S	T	A	V	L	I	F	Y	W	H	M	C	P
0	0.00335	0.00272	0.00288	0.00256	0.00327	0.02188	0.00200	0.12940	0.65449	0.04213	0.00513	0.06000	0.02394	0.00203	0.01730	0.00046	0.00111	0.02213	0.00127	0.00193
1	0.00305	0.00328	0.00641	0.10002	0.03001	0.03204	0.66564	0.01795	0.01598	0.01684	0.00254	0.00338	0.00194	0.00125	0.00167	0.01357	0.06385	0.00139	0.00066	0.01855
2	0.00280	0.00262	0.00363	0.01918	0.00331	0.00355	0.00259	0.02295	0.03186	0.02507	0.00218	0.01938	0.00209	0.03073	0.06320	0.00066	0.76091	0.00121	0.00065	0.00141
3	0.00272	0.00165	0.00154	0.00145	0.00183	0.05070	0.00110	0.08222	0.00301	0.00496	0.00396	0.00449	0.00310	0.00148	0.00094	0.00031	0.00075	0.00117	0.83134	0.00129
4	0.00187	0.00137	0.00163	0.02507	0.00201	0.00129	0.00118	0.00229	0.02364	0.02307	0.24744	0.03705	0.29704	0.25096	0.00282	0.00065	0.00088	0.07754	0.00113	0.00109
5	0.00290	0.03733	0.42979	0.06069	0.13671	0.00305	0.21108	0.02102	0.00286	0.03384	0.00253	0.01593	0.00193	0.00125	0.00134	0.00041	0.02070	0.00116	0.01366	0.00182
6	0.00314	0.00266	0.00279	0.00249	0.00320	0.00301	0.00194	0.08506	0.76219	0.00537	0.00587	0.00545	0.10742	0.00188	0.00132	0.00043	0.00100	0.00156	0.00129	0.00193
7	0.00209	0.00165	0.00218	0.01631	0.00242	0.00174	0.01800	0.00262	0.02846	0.03640	0.30348	0.13681	0.21262	0.00284	0.00196	0.00047	0.15232	0.07523	0.00115	0.00125

[dist]
# distance from previous block
# <min> <max>
0	8

[block]
# block no. 10 follows, 253 sequences, length 8
# corresponding to MSA columns:
# 1044-1051
name=unknown_K
#
# <colnr> <probs for GDERKNQSTAVLIFYWHMCP>
#	G	D	E	R	K	N	Q	S	T	A	V	L	I	F	Y	W	H	M	C	P
0	0.00204	0.00139	0.00165	0.00157	0.00193	0.00130	0.00118	0.02163	0.02789	0.03422	0.49263	0.06814	0.18801	0.00257	0.00141	0.00040	0.00066	0.00222	0.14794	0.00124
1	0.00250	0.00148	0.00189	0.00183	0.00196	0.03661	0.00128	0.03546	0.03502	0.02607	0.00265	0.03065	0.00252	0.00421	0.04713	0.74418	0.00124	0.00120	0.02133	0.00079
2	0.14322	0.10438	0.00353	0.00247	0.00341	0.02240	0.00206	0.37820	0.08173	0.22142	0.00337	0.00334	0.00241	0.02093	0.00127	0.00040	0.00125	0.00110	0.00118	0.00195
3	0.00198	0.00136	0.00170	0.00183	0.00204	0.00132	0.00136	0.03512	0.00270	0.02080	0.04570	0.31738	0.09025	0.18986	0.00256	0.00065	0.00096	0.24338	0.03794	0.00110
4	0.13460	0.21463	0.01404	0.00212	0.00290	0.01378	0.01713	0.05415	0.04325	0.20311	0.14378	0.03658	0.04447	0.00192	0.02503	0.00042	0.01524	0.00135	0.02987	0.00163
5	0.00191	0.00134	0.00169	0.00173	0.00200	0.00128	0.00126	0.00244	0.05081	0.03813	0.29932	0.33449	0.13169	0.03632	0.03950	0.02522	0.00086	0.02762	0.00122	0.00117
6	0.00320	0.15882	0.01219	0.02388	0.03646	0.06777	0.02521	0.16536	0.07931	0.05860	0.10989	0.15753	0.03562	0.02327	0.01007	0.00043	0.00122	0.01665	0.01291	0.00159
7	0.02336	0.02965	0.01574	0.09629	0.04547	0.07088	0.01912	0.15058	0.03321	0.05949	0.01408	0.03497	0.01044	0.00150	0.01115	0.00035	0.03478	0.01407	0.01153	0.32335

[dist]
# distance from previous block
# <min> <max>
0	38

[block]
# block no. 11 follows, 253 sequences, length 24
# corresponding to MSA columns:
# 1117-1122,1124-1141
name=unknown_L
#
# <colnr> <probs for GDERKNQSTAVLIFYWHMCP>
#	G	D	E	R	K	N	Q	S	T	A	V	L	I	F	Y	W	H	M	C	P
0	0.12477	0.09308	0.36838	0.03799	0.01976	0.01648	0.08195	0.04050	0.01602	0.03553	0.01189	0.04147	0.00226	0.01000	0.01645	0.00043	0.01896	0.01163	0.01125	0.04119
1	0.02846	0.04722	0.07834	0.11664	0.14602	0.06969	0.03661	0.18814	0.10458	0.05763	0.01739	0.02794	0.00256	0.00538	0.00140	0.02431	0.01286	0.00847	0.00714	0.01923
2	0.14184	0.00188	0.00767	0.20656	0.00759	0.00207	0.01155	0.01230	0.08622	0.02458	0.04354	0.18983	0.05023	0.06588	0.10230	0.01136	0.00137	0.03100	0.00093	0.00131
3	0.00180	0.00121	0.00150	0.00166	0.00186	0.00113	0.00119	0.00215	0.00268	0.01680	0.07978	0.52214	0.11673	0.01678	0.00157	0.00048	0.00074	0.07564	0.15306	0.00110
4	0.00193	0.00137	0.00165	0.00161	0.00195	0.00127	0.00119	0.00246	0.04175	0.04719	0.35115	0.15027	0.29089	0.06910	0.01261	0.00051	0.00076	0.01990	0.00126	0.00119
5	0.00327	0.00270	0.00288	0.00256	0.00328	0.00308	0.00200	0.07761	0.79125	0.02891	0.02519	0.04374	0.00411	0.00183	0.00132	0.00043	0.00102	0.00153	0.00130	0.00198
6	0.69131	0.00240	0.00216	0.00184	0.00266	0.00263	0.00151	0.02969	0.01502	0.19715	0.04134	0.00291	0.00224	0.00134	0.00094	0.00040	0.00100	0.00090	0.00100	0.00157
7	0.31814	0.00302	0.00295	0.00238	0.00327	0.02347	0.00195	0.46594	0.04930	0.05647	0.00309	0.00315	0.02333	0.00146	0.00111	0.00039	0.00121	0.00105	0.03649	0.00183
8	0.12916	0.01609	0.00314	0.01170	0.02464	0.17622	0.00207	0.19229	0.03391	0.31655	0.03479	0.01437	0.00283	0.00155	0.00120	0.00038	0.00136	0.01869	0.00116	0.01789
9	0.08622	0.62178	0.19360	0.00253	0.00375	0.02563	0.01969	0.01907	0.00268	0.01231	0.00195	0.00225	0.00164	0.00114	0.00093	0.00032	0.00147	0.00077	0.00059	0.00168
10	0.38099	0.01214	0.04802	0.01260	0.01779	0.02977	0.05481	0.21048	0.01605	0.04157	0.02813	0.01742	0.00230	0.01089	0.00115	0.00039	0.00886	0.01554	0.00093	0.09019
11	0.00779	0.04363	0.73675	0.02614	0.01363	0.02596	0.02765	0.01306	0.01169	0.01241	0.00240	0.00299	0.00180	0.00131	0.00134	0.00041	0.04048	0.02097	0.00059	0.00902
12	0.01212	0.00122	0.00155	0.00172	0.00191	0.00112	0.00121	0.00202	0.00270	0.02345	0.13370	0.61820	0.13586	0.01647	0.00165	0.00050	0.00074	0.04155	0.00121	0.00110
13	0.00285	0.00268	0.00437	0.45412	0.39800	0.00981	0.01272	0.03814	0.02440	0.00387	0.00251	0.00339	0.00933	0.00136	0.01143	0.00042	0.01709	0.00116	0.00065	0.00171
14	0.01143	0.00149	0.00191	0.00174	0.00215	0.00137	0.00131	0.00312	0.00943	0.20170	0.45669	0.06269	0.07119	0.11502	0.00208	0.00925	0.00082	0.03180	0.01347	0.00134
15	0.00217	0.00122	0.00181	0.00179	0.00182	0.00130	0.00125	0.00182	0.00174	0.00238	0.00243	0.00414	0.00242	0.03134	0.15159	0.74776	0.04057	0.00117	0.00058	0.00069
16	0.00359	0.15577	0.07330	0.06961	0.18619	0.04390	0.01630	0.18411	0.12519	0.06871	0.01021	0.01512	0.01865	0.00990	0.00125	0.00039	0.00142	0.00557	0.00894	0.00187
17	0.00168	0.00128	0.00147	0.00151	0.00184	0.00113	0.00110	0.00208	0.01394	0.02088	0.17488	0.24934	0.50031	0.00326	0.00153	0.00045	0.00068	0.00954	0.01197	0.00112
18	0.01361	0.35823	0.04392	0.02599	0.08400	0.12778	0.02713	0.11993	0.08650	0.03931	0.00770	0.00292	0.00764	0.00138	0.00773	0.00036	0.02471	0.00098	0.01844	0.00175
19	0.00275	0.01638	0.00298	0.06341	0.03711	0.04008	0.03643	0.05375	0.10629	0.04930	0.04207	0.08050	0.02191	0.06037	0.17303	0.02070	0.12753	0.01327	0.01114	0.04100
20	0.03156	0.13628	0.18876	0.03071	0.06227	0.02885	0.03662	0.03774	0.03795	0.11772	0.04445	0.12940	0.02633	0.01644	0.00512	0.00041	0.01302	0.01002	0.00090	0.04544
21	0.10373	0.08771	0.08506	0.01588	0.02012	0.02340	0.07218	0.07642	0.04047	0.13146	0.10838	0.09179	0.02075	0.01140	0.00145	0.00042	0.04033	0.04394	0.00101	0.02411
22	0.01168	0.02084	0.18038	0.00240	0.01965	0.00973	0.01660	0.04961	0.01220	0.04985	0.05205	0.48125	0.02718	0.01840	0.01264	0.00049	0.00873	0.00804	0.00104	0.01724
23	0.04904	0.12482	0.12581	0.09742	0.05588	0.05109	0.03108	0.03759	0.04259	0.18647	0.03057	0.05953	0.02822	0.01808	0.01108	0.00042	0.01687	0.01073	0.00674	0.01598

[dist]
# distance from previous block
# <min> <max>
3	52

[block]
# block no. 12 follows, 253 sequences, length 8
# corresponding to MSA columns:
# 1217-1224
name=unknown_M
#
# <colnr> <probs for GDERKNQSTAVLIFYWHMCP>
#	G	D	E	R	K	N	Q	S	T	A	V	L	I	F	Y	W	H	M	C	P
0	0.03561	0.02062	0.02748	0.10254	0.09940	0.03355	0.03894	0.05825	0.06318	0.06020	0.04279	0.05379	0.15577	0.02034	0.01097	0.06419	0.01602	0.00155	0.00092	0.09391
1	0.01666	0.03343	0.04727	0.13666	0.20443	0.04874	0.03801	0.04087	0.02540	0.04035	0.04349	0.20542	0.05103	0.00202	0.00142	0.00042	0.02759	0.00177	0.01057	0.02444
2	0.01776	0.00204	0.02097	0.03774	0.02285	0.01111	0.02979	0.09592	0.05158	0.09148	0.13076	0.07423	0.10526	0.10752	0.07882	0.00065	0.02882	0.05085	0.02460	0.01723
3	0.00202	0.00138	0.00163	0.03825	0.00215	0.00134	0.00123	0.02538	0.03520	0.02856	0.05763	0.31666	0.23246	0.05123	0.01420	0.00049	0.00082	0.00245	0.18573	0.00118
4	0.00294	0.01149	0.05001	0.11039	0.13902	0.03841	0.07021	0.07648	0.10261	0.02161	0.07888	0.04478	0.02580	0.02445	0.01119	0.00046	0.15027	0.00141	0.00086	0.03872
5	0.02715	0.08684	0.08141	0.01570	0.19890	0.01996	0.05330	0.05800	0.01119	0.02179	0.00318	0.12467	0.00302	0.05548	0.02749	0.00046	0.02581	0.01274	0.00977	0.16314
6	0.00255	0.02058	0.02097	0.17716	0.03781	0.00995	0.02945	0.02697	0.01441	0.09488	0.16637	0.12837	0.06573	0.07698	0.04721	0.00057	0.02789	0.02630	0.02447	0.00138
7	0.75481	0.00270	0.05165	0.00190	0.00274	0.00285	0.00165	0.05746	0.03554	0.02922	0.00225	0.00264	0.00175	0.00129	0.00089	0.00040	0.00106	0.01947	0.02826	0.00149

[dist]
# distance from previous block
# <min> <max>
5	17

[block]
# block no. 13 follows, 253 sequences, length 9
# corresponding to MSA columns:
# 1256-1263,1281
name=unknown_N
#
# <colnr> <probs for GDERKNQSTAVLIFYWHMCP>
#	G	D	E	R	K	N	Q	S	T	A	V	L	I	F	Y	W	H	M	C	P
0	0.01437	0.01676	0.00411	0.27652	0.30086	0.06918	0.02396	0.05834	0.12792	0.03370	0.00294	0.01277	0.00235	0.00139	0.00130	0.00040	0.01330	0.02018	0.00079	0.01884
1	0.05256	0.42013	0.13520	0.02449	0.03354	0.04358	0.04492	0.01720	0.03071	0.06180	0.00224	0.00261	0.00183	0.00131	0.00138	0.00036	0.11023	0.00090	0.00067	0.01433
2	0.00260	0.00253	0.00409	0.71675	0.09420	0.02935	0.05271	0.00341	0.00263	0.00342	0.00227	0.00330	0.00175	0.00127	0.00136	0.00041	0.02996	0.00113	0.00059	0.04625
3	0.01683	0.00164	0.00206	0.05164	0.00259	0.00159	0.00147	0.00329	0.10470	0.10677	0.48883	0.05832	0.11955	0.00241	0.00143	0.00041	0.00079	0.00209	0.00130	0.03229
4	0.01340	0.00192	0.00231	0.00206	0.00257	0.01077	0.02020	0.09240	0.14440	0.06829	0.33631	0.07541	0.09768	0.00284	0.06366	0.00052	0.01376	0.01866	0.01965	0.01318
5	0.13764	0.01330	0.05219	0.01526	0.01420	0.05518	0.17251	0.32988	0.13494	0.02385	0.00305	0.00336	0.00229	0.00143	0.00128	0.00040	0.01337	0.01394	0.01008	0.00186
6	0.00164	0.00125	0.00151	0.00163	0.00189	0.00113	0.00119	0.00200	0.00285	0.00369	0.17058	0.33123	0.34450	0.02765	0.00171	0.00049	0.00074	0.10199	0.00121	0.00109
7	0.01158	0.00250	0.01796	0.15893	0.05457	0.02352	0.01949	0.11780	0.18190	0.15667	0.06982	0.04253	0.04302	0.02132	0.02487	0.00047	0.01739	0.01851	0.01543	0.00172
8	0.05270	0.00158	0.00177	0.00170	0.00195	0.00164	0.00116	0.01920	0.13182	0.03508	0.07731	0.07735	0.04484	0.46586	0.02075	0.02016	0.00110	0.01577	0.02711	0.00113

[dist]
# distance from previous block
# <min> <max>
2	25

[block]
# block no. 14 follows, 253 sequences, length 6
# corresponding to MSA columns:
# 1308-1313
name=unknown_O
#
# <colnr> <probs for GDERKNQSTAVLIFYWHMCP>
#	G	D	E	R	K	N	Q	S	T	A	V	L	I	F	Y	W	H	M	C	P
0	0.05866	0.13161	0.02357	0.16335	0.09714	0.10138	0.06016	0.07346	0.06903	0.01866	0.00278	0.01596	0.01590	0.01411	0.01175	0.00040	0.02395	0.01229	0.00077	0.10509
1	0.00195	0.00141	0.00189	0.00185	0.00211	0.00144	0.02177	0.02155	0.02265	0.02253	0.13001	0.20224	0.10812	0.14083	0.29121	0.00105	0.00165	0.00217	0.02244	0.00114
2	0.00163	0.00121	0.00148	0.00162	0.00181	0.00111	0.00113	0.00192	0.00268	0.00351	0.13836	0.47129	0.22925	0.09994	0.00208	0.00056	0.00077	0.03743	0.00117	0.00105
3	0.11246	0.00203	0.00248	0.00202	0.00281	0.00190	0.00163	0.03138	0.02266	0.55449	0.06258	0.02861	0.07519	0.02069	0.01901	0.00044	0.00103	0.00145	0.05534	0.00181
4	0.00238	0.00136	0.00159	0.00151	0.00186	0.00131	0.00113	0.00298	0.02594	0.08526	0.25790	0.03496	0.08994	0.04411	0.04586	0.00048	0.00082	0.00175	0.39760	0.00126
5	0.00281	0.00269	0.00445	0.00357	0.00402	0.00316	0.25956	0.03779	0.00258	0.02672	0.04699	0.06534	0.02005	0.00225	0.02196	0.02019	0.45368	0.01999	0.00074	0.00147

[dist]
# distance from previous block
# <min> <max>
2	29

[block]
# block no. 15 follows, 253 sequences, length 31
# corresponding to MSA columns:
# 1343-1373
name=unknown_P
#
# <colnr> <probs for GDERKNQSTAVLIFYWHMCP>
#	G	D	E	R	K	N	Q	S	T	A	V	L	I	F	Y	W	H	M	C	P
0	0.14715	0.49998	0.15663	0.00257	0.01996	0.01991	0.01084	0.06681	0.02935	0.00402	0.00208	0.00238	0.00172	0.00129	0.01062	0.00035	0.02116	0.00081	0.00066	0.00168
1	0.07434	0.01079	0.00409	0.16386	0.38841	0.07168	0.00932	0.11475	0.03621	0.05024	0.00264	0.00321	0.00207	0.00147	0.01774	0.01412	0.00749	0.00110	0.01366	0.01281
2	0.01844	0.00262	0.01254	0.00967	0.02128	0.06184	0.04948	0.13756	0.23892	0.13571	0.15840	0.04878	0.04250	0.01662	0.01767	0.00818	0.00119	0.01566	0.00121	0.00173
3	0.00176	0.00128	0.00163	0.00167	0.00193	0.00119	0.00121	0.00226	0.02503	0.01618	0.43713	0.34588	0.13121	0.00326	0.01493	0.00047	0.00072	0.00980	0.00129	0.00116
4	0.00264	0.02400	0.82251	0.00363	0.00539	0.00298	0.05969	0.00407	0.01545	0.01332	0.00241	0.00283	0.00173	0.00123	0.00124	0.00040	0.00870	0.00099	0.02495	0.00186
5	0.00166	0.00126	0.00152	0.00159	0.00185	0.00114	0.00114	0.00207	0.01541	0.00390	0.29706	0.32641	0.29270	0.03247	0.00170	0.00048	0.00069	0.01461	0.00124	0.00111
6	0.00201	0.00127	0.00159	0.00157	0.00164	0.00128	0.00843	0.00202	0.00197	0.02657	0.01555	0.03651	0.01135	0.63042	0.10441	0.13563	0.00142	0.00174	0.01377	0.00085
7	0.00294	0.00256	0.00377	0.39100	0.19101	0.01664	0.01286	0.10667	0.05975	0.02263	0.02979	0.02096	0.01587	0.00522	0.01925	0.00045	0.05075	0.00710	0.03914	0.00164
8	0.00174	0.00130	0.00155	0.00159	0.01019	0.00117	0.00114	0.00212	0.00299	0.01709	0.32296	0.17164	0.34184	0.08644	0.00197	0.00051	0.00073	0.03068	0.00122	0.00111
9	0.00226	0.00196	0.00913	0.39090	0.01147	0.03242	0.00894	0.01363	0.00268	0.01688	0.05890	0.28322	0.03354	0.00568	0.01519	0.00046	0.02279	0.00985	0.04845	0.03164
10	0.01566	0.11805	0.01540	0.00778	0.00366	0.12262	0.00224	0.36609	0.22405	0.01903	0.00320	0.00321	0.00242	0.00144	0.00118	0.00036	0.00138	0.00108	0.00106	0.09012
