[name]
unknown

[dist]
# distance from previous block
# <min> <max>
0	587

[block]
# block no. 0 follows, 317 sequences, length 11
# corresponding to MSA columns:
# 1686-1696
name=unknown_A
#
# <colnr> <probs for GDERKNQSTAVLIFYWHMCP>
#	G	D	E	R	K	N	Q	S	T	A	V	L	I	F	Y	W	H	M	C	P
0	0.02993	0.14049	0.15857	0.01231	0.02080	0.02892	0.02877	0.12378	0.05671	0.08948	0.07527	0.02403	0.01093	0.01785	0.00105	0.00030	0.01085	0.01659	0.02365	0.12973
1	0.01284	0.10619	0.21364	0.01021	0.07163	0.05422	0.06793	0.12261	0.03959	0.09785	0.06286	0.01014	0.01139	0.00116	0.00100	0.00030	0.00803	0.01076	0.02031	0.07735
2	0.02210	0.05914	0.10072	0.01503	0.09594	0.02973	0.10325	0.06155	0.22806	0.04551	0.07441	0.03914	0.01474	0.00135	0.00108	0.00033	0.01437	0.03706	0.00079	0.05569
3	0.02115	0.00141	0.04935	0.02226	0.01518	0.00123	0.03707	0.00201	0.02124	0.01080	0.27198	0.12380	0.23890	0.03145	0.10470	0.02287	0.00884	0.01389	0.00088	0.00099
4	0.01074	0.09209	0.20465	0.02786	0.10405	0.02795	0.10491	0.06844	0.05632	0.16440	0.02370	0.04531	0.02029	0.00123	0.00107	0.00778	0.01159	0.00104	0.00695	0.01963
5	0.02355	0.02729	0.07967	0.02844	0.08183	0.04118	0.08151	0.12751	0.04199	0.27875	0.00928	0.02001	0.00962	0.05983	0.02633	0.00040	0.02164	0.00699	0.00085	0.03333
6	0.00140	0.00109	0.01417	0.00142	0.00161	0.00099	0.00103	0.00173	0.02418	0.01783	0.13208	0.56208	0.19591	0.00283	0.00132	0.00039	0.02128	0.01676	0.00097	0.00092
7	0.35871	0.02386	0.15752	0.20430	0.04485	0.00229	0.03807	0.03141	0.00213	0.04082	0.01522	0.00239	0.00154	0.00104	0.00089	0.00032	0.01231	0.00079	0.06028	0.00126
8	0.03885	0.10414	0.10765	0.14944	0.14381	0.04067	0.09352	0.05996	0.04777	0.15508	0.01364	0.01101	0.00188	0.01075	0.00108	0.00693	0.01073	0.00094	0.00069	0.00145
9	0.00977	0.01016	0.02419	0.08800	0.06473	0.00177	0.05656	0.05863	0.16157	0.06746	0.16586	0.07789	0.16605	0.00176	0.00113	0.00034	0.00086	0.01952	0.02248	0.00126
10	0.00127	0.00091	0.00120	0.00142	0.00150	0.00085	0.00096	0.00146	0.00203	0.00270	0.04023	0.89274	0.04253	0.00318	0.00131	0.00041	0.00059	0.00288	0.00097	0.00085

[dist]
# distance from previous block
# <min> <max>
3	18

[block]
# block no. 1 follows, 317 sequences, length 21
# corresponding to MSA columns:
# 1719-1739
name=unknown_B
#
# <colnr> <probs for GDERKNQSTAVLIFYWHMCP>
#	G	D	E	R	K	N	Q	S	T	A	V	L	I	F	Y	W	H	M	C	P
0	0.12995	0.05392	0.04102	0.01782	0.10196	0.08607	0.07608	0.21004	0.15210	0.07907	0.00723	0.00658	0.00740	0.00115	0.00098	0.00031	0.00538	0.00473	0.00079	0.01742
1	0.00858	0.00231	0.04348	0.04162	0.02601	0.03659	0.24056	0.08591	0.14235	0.04428	0.13927	0.06415	0.03216	0.01477	0.00130	0.00035	0.05037	0.00729	0.00080	0.01782
2	0.00837	0.10384	0.02774	0.00190	0.01361	0.04429	0.03310	0.08913	0.01450	0.03311	0.00671	0.00223	0.00161	0.00089	0.00085	0.00020	0.00930	0.00069	0.00065	0.60729
3	0.00130	0.00095	0.00124	0.00142	0.00154	0.00088	0.00099	0.00154	0.00214	0.00283	0.09783	0.71074	0.10278	0.00305	0.00131	0.00041	0.00061	0.06660	0.00098	0.00086
4	0.06263	0.05212	0.03787	0.00790	0.06546	0.00816	0.02804	0.09717	0.05262	0.31142	0.00269	0.00276	0.00194	0.00616	0.00983	0.00032	0.08828	0.00089	0.00085	0.16288
5	0.00256	0.04829	0.14437	0.09408	0.18715	0.02954	0.08763	0.03379	0.05413	0.11586	0.05622	0.07233	0.01206	0.02004	0.00120	0.00034	0.02870	0.00115	0.00459	0.00597
6	0.00203	0.00191	0.00325	0.87877	0.03722	0.00233	0.03830	0.01888	0.00214	0.00276	0.00186	0.00275	0.00140	0.00103	0.00104	0.00034	0.00138	0.00093	0.00047	0.00119
7	0.00166	0.00125	0.00138	0.00136	0.00148	0.02813	0.00090	0.00200	0.08614	0.00235	0.00356	0.00624	0.03797	0.63241	0.14339	0.01119	0.00125	0.03587	0.00067	0.00080
8	0.00199	0.00191	0.00325	0.86531	0.00682	0.00236	0.04830	0.00267	0.00206	0.00267	0.00183	0.00274	0.00139	0.00107	0.00117	0.00035	0.05156	0.00093	0.00046	0.00116
9	0.00429	0.00982	0.00237	0.00183	0.00258	0.00164	0.00150	0.06382	0.03189	0.78854	0.03086	0.00368	0.01627	0.00132	0.00103	0.00032	0.00087	0.00107	0.03462	0.00169
10	0.00145	0.00097	0.00127	0.00143	0.00156	0.00089	0.00099	0.00167	0.00213	0.05265	0.06691	0.76652	0.08126	0.00302	0.00129	0.00040	0.00061	0.01309	0.00099	0.00090
11	0.00152	0.00100	0.00114	0.00114	0.00114	0.00100	0.00064	0.00150	0.00150	0.00200	0.00319	0.00660	0.00367	0.91770	0.00521	0.04734	0.00100	0.00148	0.00062	0.00062
12	0.04272	0.00229	0.00920	0.00209	0.00272	0.00255	0.00168	0.30963	0.44845	0.04228	0.00345	0.02510	0.00267	0.01898	0.07171	0.00045	0.00107	0.01043	0.00099	0.00157
13	0.00127	0.00091	0.00119	0.00142	0.00149	0.00085	0.00095	0.00144	0.00198	0.00263	0.00577	0.90761	0.03338	0.03197	0.00144	0.00044	0.00061	0.00288	0.00095	0.00084
14	0.00230	0.00219	0.00361	0.42538	0.49455	0.02098	0.00295	0.00294	0.00224	0.00306	0.00193	0.00267	0.00155	0.00098	0.00102	0.00032	0.00129	0.00092	0.02772	0.00140
15	0.13291	0.01839	0.00269	0.00229	0.00282	0.37999	0.00181	0.10767	0.07993	0.09399	0.00213	0.00236	0.00166	0.00885	0.00990	0.00033	0.13994	0.00080	0.01021	0.00132
16	0.00154	0.00115	0.02299	0.03639	0.00187	0.00105	0.00116	0.00184	0.00761	0.04852	0.09182	0.59672	0.08294	0.01698	0.01911	0.00043	0.01519	0.03999	0.01175	0.00094
17	0.42466	0.01903	0.00236	0.05335	0.08809	0.02328	0.00885	0.09102	0.00248	0.25670	0.00233	0.00241	0.00165	0.00107	0.00085	0.00031	0.00096	0.00078	0.00679	0.01303
18	0.40997	0.05985	0.00251	0.02482	0.03182	0.09810	0.03800	0.15108	0.07929	0.03450	0.00727	0.00233	0.00653	0.00108	0.00085	0.00031	0.00564	0.00077	0.04396	0.00132
19	0.00283	0.07955	0.13500	0.03708	0.06839	0.01124	0.07037	0.09758	0.04049	0.18316	0.00667	0.06581	0.01718	0.00851	0.00758	0.00033	0.06495	0.00105	0.00449	0.09772
20	0.06154	0.09197	0.16715	0.03564	0.08544	0.01839	0.07854	0.10748	0.02742	0.17988	0.02615	0.01473	0.01031	0.00811	0.00108	0.00032	0.02830	0.00689	0.00075	0.04992

[dist]
# distance from previous block
# <min> <max>
10	35

[block]
# block no. 2 follows, 317 sequences, length 20
# corresponding to MSA columns:
# 1800-1819
name=unknown_C
#
# <colnr> <probs for GDERKNQSTAVLIFYWHMCP>
#	G	D	E	R	K	N	Q	S	T	A	V	L	I	F	Y	W	H	M	C	P
0	0.02518	0.61003	0.08308	0.00212	0.03601	0.02939	0.00197	0.12878	0.03316	0.01272	0.00183	0.01129	0.00154	0.00100	0.00078	0.00026	0.00114	0.00069	0.01762	0.00141
1	0.04291	0.24167	0.16365	0.00715	0.02540	0.00929	0.01789	0.12444	0.04797	0.00972	0.00211	0.04058	0.00177	0.00105	0.00087	0.00026	0.00603	0.00081	0.01148	0.24495
2	0.04257	0.00286	0.00304	0.00234	0.00316	0.00318	0.00193	0.91572	0.00474	0.00645	0.00244	0.00245	0.00174	0.00123	0.00102	0.00031	0.00113	0.00092	0.00102	0.00174
3	0.00400	0.03713	0.10068	0.00204	0.00286	0.12768	0.00181	0.01822	0.01907	0.61878	0.02892	0.00325	0.00992	0.00124	0.00101	0.00031	0.00107	0.00097	0.01255	0.00849
4	0.00126	0.00090	0.00120	0.00144	0.00150	0.00084	0.00096	0.00144	0.00198	0.00264	0.00571	0.96294	0.00685	0.00324	0.00132	0.00042	0.00060	0.00294	0.00096	0.00084
5	0.00132	0.00094	0.00123	0.00142	0.00150	0.00089	0.00096	0.00152	0.00201	0.00269	0.06479	0.74968	0.00665	0.10619	0.00174	0.00048	0.00066	0.05355	0.00094	0.00083
6	0.04007	0.00225	0.00359	0.22973	0.55733	0.01915	0.00279	0.00331	0.00236	0.12632	0.00217	0.00269	0.00167	0.00100	0.00101	0.00032	0.00121	0.00092	0.00060	0.00151
7	0.00227	0.00227	0.00317	0.00272	0.00272	0.00317	0.00227	0.00249	0.00159	0.00249	0.00136	0.00227	0.00136	0.00181	0.00340	0.00045	0.96172	0.00091	0.00045	0.00113
8	0.00213	0.08383	0.88027	0.00285	0.00433	0.00254	0.00366	0.00326	0.00218	0.00321	0.00182	0.00214	0.00131	0.00098	0.00096	0.00032	0.00150	0.00075	0.00044	0.00151
9	0.00170	0.00105	0.00137	0.00146	0.00165	0.00097	0.00103	0.01483	0.00227	0.10354	0.11929	0.65256	0.05181	0.00279	0.00126	0.00039	0.00062	0.01482	0.02564	0.00097
10	0.02270	0.00176	0.00235	0.00182	0.00260	0.00154	0.00150	0.00496	0.01641	0.90532	0.00402	0.00350	0.00255	0.00128	0.00103	0.00032	0.00087	0.00103	0.02272	0.00173
11	0.00148	0.00109	0.00156	0.00156	0.00171	0.00124	0.00117	0.00178	0.00163	0.00233	0.00286	0.00457	0.00281	0.18600	0.78158	0.00154	0.00244	0.00118	0.00057	0.00087
12	0.00222	0.00111	0.00129	0.00118	0.00152	0.00105	0.00091	0.00268	0.00248	0.15294	0.22403	0.00494	0.04145	0.00148	0.00091	0.00028	0.00055	0.00123	0.55665	0.00109
13	0.00127	0.00092	0.00120	0.00142	0.00151	0.00085	0.00096	0.00146	0.00201	0.00266	0.00602	0.88298	0.06950	0.00320	0.00132	0.00042	0.00060	0.01990	0.00096	0.00085
14	0.97093	0.00200	0.00152	0.00136	0.00200	0.00232	0.00112	0.00304	0.00176	0.00465	0.00144	0.00168	0.00112	0.00096	0.00064	0.00032	0.00080	0.00056	0.00064	0.00112
15	0.00244	0.00279	0.00611	0.00436	0.00541	0.00262	0.95340	0.00332	0.00244	0.00332	0.00209	0.00279	0.00157	0.00087	0.00122	0.00035	0.00175	0.00122	0.00052	0.00140
16	0.00184	0.00143	0.00186	0.08052	0.01785	0.00150	0.00163	0.03457	0.13107	0.00326	0.01187	0.05447	0.09568	0.04138	0.00146	0.00045	0.00092	0.51627	0.00091	0.00107
17	0.09169	0.00259	0.02008	0.11666	0.20045	0.02073	0.49217	0.00322	0.01045	0.01299	0.00807	0.00265	0.00159	0.00094	0.00112	0.00034	0.01128	0.00104	0.00054	0.00139
18	0.00296	0.55012	0.02252	0.01883	0.02053	0.22933	0.01388	0.02654	0.00237	0.01796	0.00179	0.03323	0.00164	0.00909	0.00092	0.00027	0.03031	0.01589	0.00052	0.00129
19	0.01123	0.03528	0.17508	0.04292	0.03807	0.00879	0.01901	0.02366	0.09282	0.15269	0.05476	0.06736	0.02604	0.00695	0.01181	0.00996	0.00484	0.02977	0.00079	0.18818

[dist]
# distance from previous block
# <min> <max>
1	2

[block]
# block no. 3 follows, 317 sequences, length 10
# corresponding to MSA columns:
# 1824,1825,1834-1841
name=unknown_D
#
# <colnr> <probs for GDERKNQSTAVLIFYWHMCP>
#	G	D	E	R	K	N	Q	S	T	A	V	L	I	F	Y	W	H	M	C	P
0	0.03822	0.00179	0.00233	0.00182	0.00258	0.00161	0.00149	0.03953	0.02842	0.81829	0.02232	0.00352	0.00264	0.00129	0.00102	0.00032	0.00087	0.00104	0.02920	0.00170
1	0.00165	0.01207	0.01396	0.00133	0.00167	0.03031	0.00103	0.00207	0.02794	0.04684	0.23656	0.11615	0.41372	0.00230	0.00121	0.00034	0.01424	0.01677	0.05886	0.00099
2	0.01562	0.02638	0.04303	0.00992	0.03887	0.02422	0.01003	0.04578	0.02196	0.05006	0.02579	0.00251	0.01486	0.00092	0.00086	0.00021	0.00878	0.00074	0.00067	0.65879
3	0.00224	0.00963	0.00942	0.00171	0.01918	0.00152	0.00828	0.02546	0.12673	0.14423	0.22169	0.01845	0.12295	0.05840	0.09500	0.00049	0.03542	0.01363	0.01739	0.06816
4	0.00126	0.00090	0.00120	0.00144	0.00150	0.00084	0.00096	0.00144	0.00198	0.00264	0.00571	0.96294	0.00685	0.00324	0.00132	0.00042	0.00060	0.00294	0.00096	0.00084
5	0.01091	0.01053	0.20387	0.20724	0.06190	0.03721	0.04723	0.04324	0.11300	0.02188	0.08694	0.01687	0.07933	0.00157	0.03352	0.00038	0.00122	0.01017	0.01168	0.00132
6	0.02605	0.10385	0.12552	0.10036	0.09749	0.02891	0.07979	0.08102	0.04742	0.21889	0.00954	0.03240	0.00886	0.00119	0.00105	0.00032	0.01881	0.00781	0.00076	0.00998
7	0.00173	0.00121	0.00153	0.04035	0.00189	0.00117	0.00110	0.02085	0.05512	0.05045	0.61250	0.04746	0.12231	0.00205	0.00118	0.00033	0.00058	0.00179	0.03533	0.00106
8	0.00129	0.00093	0.00122	0.00143	0.00152	0.00086	0.00098	0.00150	0.00207	0.00276	0.06961	0.83317	0.04388	0.00313	0.00131	0.00041	0.00060	0.03150	0.00097	0.00085
9	0.02159	0.01632	0.32202	0.08585	0.15037	0.03108	0.05503	0.06266	0.01255	0.12748	0.00893	0.03928	0.01011	0.00757	0.00737	0.00034	0.01698	0.01463	0.00838	0.00147

[dist]
# distance from previous block
# <min> <max>
2	4

[block]
# block no. 4 follows, 317 sequences, length 20
# corresponding to MSA columns:
# 1848-1858,1923-1931
name=unknown_E
#
# <colnr> <probs for GDERKNQSTAVLIFYWHMCP>
#	G	D	E	R	K	N	Q	S	T	A	V	L	I	F	Y	W	H	M	C	P
0	0.05666	0.04339	0.06810	0.06384	0.12948	0.06353	0.12607	0.28516	0.04267	0.04499	0.00754	0.00877	0.00179	0.01197	0.00113	0.00033	0.02880	0.00582	0.00845	0.00150
1	0.00222	0.06140	0.41046	0.00928	0.00424	0.03616	0.31298	0.00308	0.00226	0.00314	0.01350	0.07977	0.01059	0.00125	0.01117	0.00035	0.02772	0.00111	0.00794	0.00137
2	0.01343	0.38568	0.26543	0.00231	0.00316	0.01576	0.01542	0.00309	0.00208	0.04653	0.01763	0.00220	0.00156	0.00890	0.00139	0.00031	0.20081	0.00075	0.01220	0.00134
3	0.01114	0.03580	0.02637	0.00167	0.00802	0.00760	0.00137	0.04282	0.01907	0.19761	0.06507	0.02561	0.02195	0.00112	0.00089	0.00023	0.00081	0.00091	0.03648	0.49545
4	0.00156	0.00116	0.00152	0.00171	0.00197	0.00112	0.00146	0.00199	0.00238	0.00303	0.00665	0.01128	0.22797	0.00280	0.00138	0.00045	0.00085	0.72882	0.00096	0.00093
5	0.00158	0.00107	0.00133	0.00126	0.00151	0.00101	0.00095	0.00212	0.02467	0.00410	0.76103	0.00694	0.00832	0.00193	0.00113	0.00031	0.00049	0.00169	0.17758	0.00099
6	0.00197	0.00186	0.00314	0.93421	0.03391	0.00230	0.00288	0.00266	0.00208	0.00267	0.00184	0.00275	0.00139	0.00103	0.00103	0.00034	0.00138	0.00092	0.00046	0.00116
7	0.00227	0.00227	0.00317	0.00272	0.00272	0.00317	0.00227	0.00249	0.00159	0.00249	0.00136	0.00227	0.00136	0.00181	0.00340	0.00045	0.96172	0.00091	0.00045	0.00113
8	0.00208	0.00536	0.95825	0.00295	0.00448	0.00240	0.00383	0.00328	0.00219	0.00328	0.00186	0.00219	0.00131	0.00098	0.00098	0.00033	0.00153	0.00077	0.00044	0.00153
9	0.00457	0.00177	0.00238	0.00183	0.00262	0.00154	0.00151	0.02349	0.00298	0.91690	0.00404	0.00351	0.00255	0.00128	0.00103	0.00032	0.00088	0.00104	0.02402	0.00174
10	0.29212	0.00183	0.00214	0.00170	0.00245	0.00176	0.00140	0.00445	0.00261	0.67428	0.00330	0.00298	0.00213	0.00119	0.00092	0.00032	0.00086	0.00090	0.00109	0.00157
11	0.00208	0.00536	0.95825	0.00295	0.00448	0.00240	0.00383	0.00328	0.00219	0.00328	0.00186	0.00219	0.00131	0.00098	0.00098	0.00033	0.00153	0.00077	0.00044	0.00153
12	0.00462	0.00180	0.00243	0.00186	0.00266	0.00158	0.00154	0.03849	0.00303	0.92433	0.00403	0.00349	0.00253	0.00128	0.00104	0.00032	0.00089	0.00104	0.00127	0.00176
13	0.00129	0.00093	0.00123	0.00146	0.00154	0.00087	0.00100	0.00149	0.00201	0.00267	0.00580	0.85454	0.03641	0.01881	0.00139	0.00043	0.00063	0.06572	0.00096	0.00085
14	0.92877	0.00199	0.00156	0.00138	0.00203	0.00229	0.00114	0.00313	0.00181	0.04623	0.00156	0.00176	0.00118	0.00098	0.00066	0.00032	0.00080	0.00058	0.00067	0.00115
15	0.00465	0.00176	0.00240	0.00184	0.00264	0.00152	0.00152	0.00505	0.00296	0.95787	0.00408	0.00352	0.00256	0.00128	0.00104	0.00032	0.00088	0.00104	0.00128	0.00176
16	0.00124	0.00100	0.00110	0.00117	0.00143	0.00086	0.00084	0.00147	0.00224	0.00275	0.00902	0.30206	0.66559	0.00281	0.00125	0.00037	0.00055	0.00242	0.00096	0.00086
17	0.75917	0.02209	0.00189	0.00155	0.00223	0.00247	0.00129	0.15659	0.00231	0.04000	0.00171	0.00188	0.00128	0.00102	0.00072	0.00032	0.00086	0.00064	0.00072	0.00125
18	0.00843	0.33662	0.01903	0.00223	0.03513	0.13632	0.02296	0.15246	0.01520	0.05195	0.02135	0.06409	0.00211	0.01053	0.01350	0.00031	0.06952	0.00093	0.02966	0.00767
19	0.00650	0.02596	0.17444	0.01265	0.05165	0.00872	0.04292	0.02857	0.06767	0.06540	0.08802	0.03064	0.05849	0.00132	0.00540	0.01369	0.00573	0.01138	0.00507	0.29578

[dist]
# distance from previous block
# <min> <max>
1	3

[block]
# block no. 5 follows, 317 sequences, length 7
# corresponding to MSA columns:
# 1941,2024-2027,2031,2032
name=unknown_F
#
# <colnr> <probs for GDERKNQSTAVLIFYWHMCP>
#	G	D	E	R	K	N	Q	S	T	A	V	L	I	F	Y	W	H	M	C	P
0	0.01498	0.01499	0.00233	0.00194	0.01479	0.08719	0.01268	0.35255	0.01981	0.07338	0.20162	0.03690	0.02736	0.00158	0.01407	0.00033	0.00096	0.00122	0.11995	0.00136
1	0.00150	0.00118	0.01860	0.01853	0.02241	0.00107	0.01979	0.00189	0.02646	0.02413	0.16375	0.46745	0.16002	0.01651	0.00131	0.00039	0.00067	0.04009	0.01329	0.00096
2	0.05960	0.14746	0.26773	0.00231	0.02886	0.02455	0.03856	0.06815	0.01792	0.08337	0.01281	0.01584	0.00172	0.00103	0.00092	0.00027	0.01331	0.00080	0.01131	0.20348
3	0.00150	0.00115	0.01546	0.00139	0.00163	0.00103	0.00102	0.00192	0.05451	0.02817	0.12757	0.41483	0.24050	0.04120	0.01529	0.00042	0.00066	0.01924	0.01559	0.01694
4	0.00129	0.00092	0.00123	0.00146	0.00154	0.00087	0.00100	0.00150	0.00205	0.00274	0.05322	0.86747	0.00695	0.00317	0.00132	0.00042	0.00061	0.05041	0.00097	0.00085
5	0.01454	0.00285	0.18596	0.19573	0.38596	0.01887	0.05036	0.02016	0.03097	0.03617	0.01511	0.02137	0.01521	0.00107	0.00104	0.00033	0.00129	0.00098	0.00057	0.00147
6	0.01849	0.02015	0.21407	0.14551	0.24565	0.05454	0.05888	0.02699	0.05283	0.03349	0.00220	0.00272	0.01155	0.01272	0.02958	0.00037	0.04561	0.00092	0.01058	0.01315

[dist]
# distance from previous block
# <min> <max>
6	9

[block]
# block no. 6 follows, 317 sequences, length 21
# corresponding to MSA columns:
# 2059-2079
name=unknown_G
#
# <colnr> <probs for GDERKNQSTAVLIFYWHMCP>
#	G	D	E	R	K	N	Q	S	T	A	V	L	I	F	Y	W	H	M	C	P
0	0.00964	0.03325	0.08367	0.11278	0.06743	0.00171	0.07825	0.01329	0.02096	0.05037	0.23254	0.03258	0.14239	0.00155	0.00108	0.00031	0.00093	0.00136	0.00079	0.11512
1	0.00220	0.01589	0.54936	0.00236	0.00344	0.00204	0.00272	0.06055	0.02470	0.05347	0.19780	0.00360	0.01562	0.00128	0.00102	0.00032	0.00117	0.00104	0.03305	0.02836
2	0.00143	0.00105	0.00134	0.00128	0.00153	0.00096	0.00095	0.00188	0.00282	0.00393	0.80435	0.05276	0.11742	0.00223	0.00123	0.00033	0.00050	0.00196	0.00111	0.00096
3	0.00311	0.00200	0.00294	0.41515	0.03795	0.00217	0.02856	0.14197	0.02013	0.30108	0.02229	0.00309	0.00204	0.00124	0.01147	0.00035	0.00118	0.00099	0.00083	0.00146
4	0.00212	0.03376	0.87907	0.00299	0.00448	0.00247	0.05444	0.00328	0.00220	0.00326	0.00186	0.00220	0.00133	0.00097	0.00099	0.00033	0.00153	0.00078	0.00044	0.00152
5	0.00258	0.00222	0.00234	0.00211	0.00269	0.00258	0.00164	0.00550	0.95528	0.00433	0.00421	0.00386	0.00316	0.00140	0.00105	0.00035	0.00082	0.00117	0.00105	0.00164
6	0.00199	0.00100	0.00102	0.00100	0.00126	0.00100	0.00076	0.00250	0.01613	0.02487	0.00351	0.00394	0.01622	0.00123	0.00074	0.00025	0.00050	0.00099	0.92011	0.00099
7	0.00715	0.05546	0.49684	0.01398	0.02235	0.00247	0.27756	0.00917	0.01106	0.01497	0.03769	0.00268	0.00838	0.00112	0.01574	0.00035	0.01350	0.00096	0.00712	0.00144
8	0.00125	0.00095	0.00116	0.00132	0.00147	0.00085	0.00091	0.00147	0.00212	0.00272	0.02524	0.64740	0.30336	0.00303	0.00129	0.00040	0.00057	0.00269	0.00096	0.00085
9	0.03127	0.00179	0.00239	0.00184	0.00264	0.00158	0.00152	0.02338	0.00297	0.91315	0.00398	0.00345	0.00251	0.00127	0.00103	0.00032	0.00088	0.00103	0.00126	0.00174
10	0.00143	0.00103	0.00127	0.00130	0.00153	0.00093	0.00094	0.00175	0.00246	0.03138	0.35657	0.32020	0.25778	0.00267	0.01358	0.00038	0.00058	0.00227	0.00103	0.00093
11	0.06623	0.16954	0.15430	0.20445	0.08654	0.01517	0.08129	0.03154	0.00235	0.14389	0.00214	0.00250	0.00159	0.00103	0.00098	0.00031	0.01669	0.00085	0.01720	0.00141
12	0.00213	0.00199	0.00322	0.63048	0.22718	0.01625	0.00277	0.02892	0.00222	0.00292	0.00216	0.07121	0.00184	0.00117	0.00105	0.00034	0.00129	0.00106	0.00052	0.00126
13	0.00124	0.00102	0.00110	0.00115	0.00143	0.00087	0.00083	0.00150	0.00231	0.00283	0.05837	0.21431	0.70399	0.00273	0.00124	0.00036	0.00054	0.00233	0.00097	0.00087
14	0.01067	0.02168	0.52124	0.09833	0.12406	0.02835	0.07346	0.01191	0.00750	0.02380	0.00956	0.03843	0.00798	0.00110	0.00102	0.00033	0.00140	0.00804	0.00969	0.00144
15	0.00773	0.00960	0.05157	0.00659	0.01279	0.01388	0.02718	0.00871	0.00159	0.00218	0.00774	0.01677	0.00214	0.06674	0.19301	0.55340	0.01616	0.00101	0.00050	0.00070
16	0.00797	0.14545	0.23034	0.02066	0.06236	0.02121	0.08452	0.01036	0.01631	0.02771	0.02559	0.26888	0.01890	0.00932	0.02231	0.00037	0.00775	0.00888	0.00067	0.01042
17	0.00277	0.00833	0.04557	0.05982	0.12852	0.19725	0.16804	0.02507	0.04259	0.07459	0.03361	0.03414	0.01812	0.00133	0.00135	0.00457	0.11031	0.03594	0.00675	0.00133
18	0.04178	0.03850	0.11097	0.04326	0.08379	0.10876	0.05606	0.35942	0.03449	0.04695	0.00930	0.01909	0.00183	0.01040	0.00110	0.00032	0.02372	0.00093	0.00780	0.00152
19	0.06877	0.05147	0.13216	0.05323	0.15974	0.10518	0.06721	0.04775	0.04132	0.08143	0.02953	0.02258	0.02243	0.00116	0.00108	0.00031	0.04343	0.00095	0.00778	0.06249
20	0.16461	0.07736	0.21195	0.04892	0.09072	0.05989	0.07666	0.05504	0.02176	0.13156	0.00724	0.00671	0.00674	0.00106	0.00097	0.00031	0.01429	0.00084	0.00508	0.01830

[dist]
# distance from previous block
# <min> <max>
1	66

[block]
# block no. 7 follows, 317 sequences, length 6
# corresponding to MSA columns:
# 2155-2160
name=unknown_H
#
# <colnr> <probs for GDERKNQSTAVLIFYWHMCP>
#	G	D	E	R	K	N	Q	S	T	A	V	L	I	F	Y	W	H	M	C	P
0	0.04324	0.08021	0.07015	0.03970	0.06898	0.06278	0.06933	0.06462	0.06699	0.11018	0.02929	0.07289	0.02477	0.01220	0.01588	0.00033	0.02947	0.00107	0.00074	0.13716
1	0.06705	0.02393	0.03229	0.07548	0.02944	0.19577	0.02111	0.39956	0.02448	0.04246	0.01680	0.00257	0.01777	0.00116	0.00098	0.00030	0.00125	0.00088	0.00080	0.04590
2	0.01759	0.09476	0.03029	0.03555	0.01786	0.02204	0.07993	0.07494	0.05574	0.11232	0.03914	0.04798	0.02661	0.00129	0.00101	0.00028	0.01194	0.05448	0.00077	0.27549
3	0.00164	0.00110	0.00149	0.00146	0.00160	0.00118	0.00104	0.00188	0.00173	0.04956	0.05120	0.00524	0.00339	0.36342	0.50808	0.00128	0.00190	0.00129	0.00065	0.00086
4	0.06932	0.05696	0.01472	0.01868	0.02986	0.02051	0.01963	0.06912	0.14196	0.20693	0.02116	0.13737	0.00306	0.01979	0.01155	0.00035	0.02214	0.02548	0.03877	0.07264
5	0.00350	0.00271	0.00282	0.00222	0.00299	0.04092	0.00180	0.66195	0.12246	0.00566	0.00263	0.00265	0.00193	0.00120	0.00099	0.00029	0.00106	0.00092	0.03659	0.10470

[dist]
# distance from previous block
# <min> <max>
0	1

[block]
# block no. 8 follows, 317 sequences, length 7
# corresponding to MSA columns:
# 2162-2168
name=unknown_I
#
# <colnr> <probs for GDERKNQSTAVLIFYWHMCP>
#	G	D	E	R	K	N	Q	S	T	A	V	L	I	F	Y	W	H	M	C	P
0	0.00145	0.00122	0.03051	0.00132	0.00164	0.00105	0.00104	0.00198	0.03767	0.00370	0.59659	0.05380	0.25971	0.00224	0.00121	0.00034	0.00055	0.00195	0.00106	0.00098
1	0.00277	0.96424	0.00543	0.00177	0.00266	0.00410	0.00177	0.00310	0.00210	0.00244	0.00144	0.00166	0.00133	0.00089	0.00066	0.00022	0.00111	0.00055	0.00044	0.00133
2	0.00215	0.00184	0.00215	0.00153	0.00245	0.00138	0.00123	0.00261	0.00215	0.00337	0.00184	0.00215	0.00153	0.00077	0.00077	0.00015	0.00077	0.00061	0.00061	0.96994
3	0.00433	0.00179	0.00237	0.00185	0.00261	0.00161	0.00151	0.04011	0.05393	0.81853	0.05703	0.00374	0.00297	0.00133	0.00105	0.00032	0.00087	0.00109	0.00125	0.00171
4	0.01909	0.00180	0.00215	0.01679	0.01867	0.00143	0.00129	0.00272	0.01836	0.04232	0.01715	0.02042	0.01681	0.00094	0.00082	0.00019	0.00078	0.01557	0.00067	0.80203
5	0.03389	0.00195	0.00227	0.00168	0.00255	0.00166	0.00136	0.10007	0.03128	0.15184	0.00231	0.00243	0.00175	0.00092	0.00084	0.00021	0.00083	0.00073	0.00077	0.66065
6	0.01569	0.01490	0.02865	0.00192	0.01418	0.02702	0.00155	0.15326	0.04139	0.36849	0.02735	0.13606	0.02115	0.04659	0.00133	0.00037	0.01784	0.06109	0.01974	0.00143

[dist]
# distance from previous block
# <min> <max>
3	41

[block]
# block no. 9 follows, 317 sequences, length 7
# corresponding to MSA columns:
# 2214-2220
name=unknown_J
#
# <colnr> <probs for GDERKNQSTAVLIFYWHMCP>
#	G	D	E	R	K	N	Q	S	T	A	V	L	I	F	Y	W	H	M	C	P
0	0.02456	0.22255	0.04958	0.01498	0.01809	0.05964	0.02373	0.36988	0.09709	0.00443	0.01460	0.02166	0.00192	0.00115	0.00093	0.00028	0.00113	0.00087	0.00078	0.07215
1	0.00166	0.00136	0.01387	0.00147	0.00183	0.00129	0.02017	0.01609	0.13531	0.01776	0.32053	0.07682	0.30977	0.03846	0.00138	0.00037	0.01385	0.01374	0.00100	0.01327
2	0.02989	0.07444	0.16719	0.01235	0.03158	0.02686	0.05917	0.14340	0.06053	0.19419	0.01768	0.01287	0.01722	0.01136	0.00105	0.00030	0.01306	0.00093	0.00080	0.12515
3	0.01257	0.08929	0.33123	0.06042	0.09674	0.01818	0.05773	0.07829	0.05668	0.05134	0.04731	0.01859	0.01186	0.01173	0.00115	0.00033	0.03997	0.01451	0.00064	0.00144
4	0.00142	0.00102	0.00137	0.00151	0.00164	0.00096	0.01812	0.01941	0.00209	0.01927	0.02950	0.76361	0.04852	0.02313	0.03831	0.00047	0.00073	0.02708	0.00094	0.00089
5	0.06820	0.00253	0.13467	0.44387	0.13976	0.00235	0.11091	0.00302	0.02042	0.02879	0.01801	0.00270	0.00162	0.00103	0.00107	0.00034	0.01794	0.00093	0.00053	0.00132
6	0.01962	0.05846	0.16394	0.06353	0.11378	0.05322	0.06636	0.13580	0.08173	0.15369	0.01836	0.01282	0.01182	0.01011	0.00108	0.00033	0.01344	0.00983	0.01058	0.00150

[dist]
# distance from previous block
# <min> <max>
0	1

[block]
# block no. 10 follows, 317 sequences, length 24
# corresponding to MSA columns:
# 2223-2246
name=unknown_K
#
# <colnr> <probs for GDERKNQSTAVLIFYWHMCP>
#	G	D	E	R	K	N	Q	S	T	A	V	L	I	F	Y	W	H	M	C	P
0	0.00225	0.02226	0.02927	0.07504	0.03652	0.01247	0.05253	0.02403	0.20385	0.10825	0.12634	0.07282	0.19371	0.00178	0.00114	0.00034	0.00530	0.02160	0.00921	0.00127
1	0.00137	0.00102	0.00140	0.00172	0.05488	0.00097	0.00109	0.00161	0.01201	0.00270	0.01636	0.80404	0.01952	0.03877	0.02740	0.00047	0.00071	0.01215	0.00092	0.00089
2	0.00152	0.00112	0.00138	0.01261	0.00173	0.02493	0.00110	0.00907	0.02807	0.02504	0.08344	0.70348	0.01638	0.00290	0.00128	0.00040	0.00067	0.07040	0.01354	0.00092
3	0.02941	0.65543	0.00450	0.00195	0.00898	0.17329	0.01320	0.02977	0.00233	0.00273	0.00164	0.00190	0.00143	0.00100	0.00760	0.00025	0.00122	0.00062	0.06147	0.00129
4	0.04624	0.04908	0.39672	0.01408	0.06621	0.01695	0.04537	0.03039	0.19407	0.02630	0.01084	0.00271	0.00733	0.00110	0.00103	0.00032	0.02126	0.00556	0.00064	0.06379
5	0.02731	0.08379	0.12804	0.08374	0.12116	0.05824	0.03574	0.32378	0.05783	0.05260	0.00228	0.00250	0.00169	0.00111	0.00101	0.00031	0.00996	0.00088	0.00648	0.00155
6	0.07635	0.00185	0.07518	0.09624	0.10138	0.01669	0.04963	0.01172	0.00618	0.08468	0.03155	0.39036	0.01818	0.01166	0.00118	0.00037	0.00475	0.00177	0.01912	0.00116
7	0.09782	0.05519	0.01269	0.01611	0.01438	0.02285	0.01107	0.16594	0.06792	0.01451	0.00597	0.00235	0.00168	0.00102	0.00100	0.00025	0.05817	0.00467	0.00070	0.44570
8	0.00139	0.00106	0.00155	0.00166	0.00182	0.00100	0.05426	0.00166	0.00209	0.00276	0.00568	0.71266	0.04755	0.00302	0.00133	0.00042	0.00072	0.15754	0.00094	0.00089
9	0.00157	0.00108	0.00128	0.00126	0.00132	0.00113	0.00078	0.00177	0.05479	0.00219	0.00321	0.00615	0.00352	0.75562	0.13481	0.02552	0.00123	0.00142	0.00064	0.00072
10	0.01210	0.20527	0.40529	0.02751	0.03156	0.03327	0.07835	0.00334	0.07345	0.02846	0.02698	0.02820	0.00809	0.00113	0.00103	0.00031	0.02841	0.00526	0.00056	0.00142
11	0.00197	0.00205	0.05647	0.88770	0.02680	0.00231	0.00293	0.00269	0.00208	0.00270	0.00184	0.00272	0.00138	0.00103	0.00103	0.00034	0.00139	0.00091	0.00046	0.00118
12	0.00148	0.00111	0.00166	0.00166	0.00185	0.00129	0.00129	0.00185	0.00166	0.00240	0.00277	0.00407	0.00259	0.00777	0.95951	0.00166	0.00277	0.00111	0.00055	0.00092
13	0.05407	0.00188	0.00297	0.76104	0.01542	0.00225	0.00957	0.02083	0.02492	0.09417	0.00211	0.00280	0.00153	0.00107	0.00102	0.00034	0.00128	0.00092	0.00057	0.00124
14	0.05847	0.00178	0.00232	0.00180	0.00257	0.00160	0.00149	0.02222	0.01815	0.84051	0.01417	0.00346	0.00256	0.00127	0.00101	0.00032	0.00087	0.00102	0.02270	0.00170
15	0.00155	0.00111	0.00153	0.00177	0.00196	0.00109	0.00146	0.00195	0.00228	0.00299	0.01725	0.26520	0.01746	0.00295	0.00140	0.00046	0.00085	0.67487	0.00096	0.00092
16	0.00151	0.00100	0.00113	0.00113	0.00113	0.00100	0.00063	0.00151	0.00151	0.00201	0.00326	0.00678	0.00376	0.96361	0.00527	0.00100	0.00100	0.00151	0.00063	0.00063
17	0.03134	0.00209	0.02376	0.03513	0.00296	0.00196	0.01078	0.18583	0.03461	0.65501	0.00356	0.00322	0.00231	0.00125	0.00103	0.00032	0.00097	0.00100	0.00115	0.00171
18	0.00126	0.00090	0.00120	0.00144	0.00150	0.00084	0.00096	0.00144	0.00198	0.00264	0.00571	0.96294	0.00685	0.00324	0.00132	0.00042	0.00060	0.00294	0.00096	0.00084
19	0.00196	0.00184	0.00311	0.96113	0.00713	0.00230	0.00288	0.00265	0.00207	0.00265	0.00184	0.00276	0.00138	0.00104	0.00104	0.00035	0.00138	0.00092	0.00046	0.00115
20	0.00347	0.28525	0.04510	0.00242	0.00310	0.63879	0.00201	0.00380	0.00266	0.00254	0.00156	0.00182	0.00133	0.00101	0.00086	0.00026	0.00163	0.00064	0.00050	0.00125
21	0.00600	0.03534	0.00728	0.13744	0.04656	0.03168	0.01914	0.00685	0.01216	0.06528	0.02567	0.29046	0.23225	0.00222	0.00615	0.00037	0.04252	0.02606	0.00551	0.00107
22	0.60740	0.00209	0.00186	0.01662	0.00229	0.05443	0.00947	0.04174	0.00223	0.16184	0.04926	0.00246	0.00700	0.00111	0.00081	0.00032	0.00978	0.00076	0.02728	0.00125
23	0.23011	0.05434	0.01222	0.00206	0.00274	0.04798	0.01048	0.28816	0.27012	0.02413	0.01089	0.00267	0.00202	0.00122	0.00101	0.00032	0.03628	0.00089	0.00087	0.00149

[dist]
# distance from previous block
# <min> <max>
2	60

[block]
# block no. 11 follows, 317 sequences, length 9
# corresponding to MSA columns:
# 2309-2314,2320-2322
name=unknown_L
#
# <colnr> <probs for GDERKNQSTAVLIFYWHMCP>
#	G	D	E	R	K	N	Q	S	T	A	V	L	I	F	Y	W	H	M	C	P
0	0.02322	0.02058	0.03832	0.00192	0.00274	0.00182	0.00164	0.12206	0.00311	0.74629	0.00369	0.00328	0.00237	0.00125	0.00102	0.00032	0.00093	0.00100	0.02275	0.00171
1	0.00181	0.00118	0.00147	0.00135	0.00168	0.00108	0.00103	0.00234	0.03969	0.10934	0.61900	0.03428	0.17753	0.00212	0.00120	0.00033	0.00055	0.00184	0.00112	0.00107
2	0.01404	0.06532	0.06063	0.01951	0.04703	0.04956	0.09297	0.06007	0.02676	0.11164	0.01747	0.31517	0.01558	0.00188	0.00125	0.00036	0.05694	0.01656	0.02602	0.00124
3	0.02294	0.00185	0.02816	0.00184	0.00261	0.00159	0.00155	0.03361	0.01609	0.79751	0.02738	0.00370	0.02671	0.00142	0.01526	0.00034	0.00091	0.00107	0.01381	0.00168
4	0.00127	0.00094	0.00119	0.00137	0.00150	0.00086	0.00095	0.00149	0.00210	0.00274	0.03812	0.71674	0.19294	0.00307	0.00130	0.00041	0.00059	0.03058	0.00097	0.00086
5	0.10069	0.00173	0.02603	0.00162	0.00226	0.00157	0.00135	0.06208	0.03048	0.45309	0.06343	0.00458	0.15669	0.00150	0.00101	0.00032	0.00079	0.00121	0.08814	0.00142
6	0.00277	0.27662	0.29482	0.02886	0.10123	0.01455	0.01493	0.05920	0.01943	0.12655	0.01203	0.01458	0.00182	0.00109	0.00095	0.00030	0.01038	0.01778	0.00063	0.00148
7	0.64809	0.00213	0.00192	0.00162	0.00230	0.00239	0.00133	0.18517	0.02848	0.09009	0.02672	0.00222	0.00165	0.00109	0.00078	0.00032	0.00087	0.00073	0.00080	0.00131
8	0.00139	0.00098	0.00125	0.02444	0.00154	0.00096	0.00093	0.00153	0.00183	0.00243	0.00467	0.53825	0.00549	0.34182	0.02506	0.00066	0.00083	0.04435	0.00082	0.00078

[dist]
# distance from previous block
# <min> <max>
2	8

[block]
# block no. 12 follows, 317 sequences, length 9
# corresponding to MSA columns:
# 2358-2366
name=unknown_M
#
# <colnr> <probs for GDERKNQSTAVLIFYWHMCP>
#	G	D	E	R	K	N	Q	S	T	A	V	L	I	F	Y	W	H	M	C	P
0	0.17014	0.08189	0.03980	0.02915	0.13763	0.04432	0.02746	0.21182	0.03521	0.08778	0.00217	0.00236	0.00164	0.00103	0.00090	0.00029	0.00108	0.00080	0.00074	0.12379
1	0.04564	0.06924	0.00319	0.00231	0.00312	0.05705	0.00192	0.79365	0.00443	0.00594	0.00232	0.00236	0.00168	0.00120	0.00099	0.00030	0.00116	0.00088	0.00095	0.00167
2	0.00431	0.02667	0.03252	0.02752	0.00282	0.00168	0.00164	0.03872	0.00294	0.80714	0.02178	0.00343	0.00255	0.00126	0.00103	0.00032	0.00092	0.00102	0.00119	0.02055
3	0.00126	0.00090	0.00120	0.00144	0.00150	0.00084	0.00096	0.00144	0.00198	0.00264	0.00571	0.96294	0.00685	0.00324	0.00132	0.00042	0.00060	0.00294	0.00096	0.00084
4	0.00145	0.00099	0.00114	0.00118	0.00121	0.00097	0.00069	0.00149	0.00164	0.00217	0.00416	0.16416	0.06996	0.73951	0.00434	0.00086	0.00090	0.00179	0.00071	0.00068
5	0.00209	0.00197	0.00332	0.66881	0.26070	0.00229	0.00288	0.00274	0.00214	0.00284	0.00202	0.03999	0.00166	0.00109	0.00104	0.00034	0.00131	0.00100	0.00049	0.00127
6	0.00227	0.00227	0.00317	0.00272	0.00272	0.00317	0.00227	0.00249	0.00159	0.00249	0.00136	0.00227	0.00136	0.00181	0.00340	0.00045	0.96172	0.00091	0.00045	0.00113
7	0.00208	0.00536	0.95825	0.00295	0.00448	0.00240	0.00383	0.00328	0.00219	0.00328	0.00186	0.00219	0.00131	0.00098	0.00098	0.00033	0.00153	0.00077	0.00044	0.00153
8	0.00131	0.00105	0.00117	0.00115	0.00146	0.00091	0.00086	0.00165	0.00255	0.00327	0.34437	0.04918	0.58248	0.00247	0.00123	0.00034	0.00051	0.00211	0.00102	0.00091

[dist]
# distance from previous block
# <min> <max>
0	6

[block]
# block no. 13 follows, 317 sequences, length 23
# corresponding to MSA columns:
# 2373-2384,2435-2442,2453,2454,2456
name=unknown_N
#
# <colnr> <probs for GDERKNQSTAVLIFYWHMCP>
#	G	D	E	R	K	N	Q	S	T	A	V	L	I	F	Y	W	H	M	C	P
0	0.21625	0.00175	0.00209	0.00167	0.00239	0.00165	0.00137	0.00440	0.00264	0.67252	0.00345	0.00315	0.00225	0.00121	0.00093	0.00031	0.00083	0.00093	0.07866	0.00156
1	0.00149	0.00107	0.00146	0.00146	0.00158	0.00119	0.00104	0.00172	0.00160	0.00226	0.00296	0.00508	0.00303	0.36571	0.60217	0.00142	0.00211	0.00126	0.00058	0.00081
2	0.00145	0.00106	0.00137	0.00129	0.00154	0.00097	0.00097	0.00193	0.00290	0.00408	0.90603	0.00785	0.06039	0.00214	0.00122	0.00033	0.00049	0.00189	0.00113	0.00097
3	0.00138	0.00096	0.00121	0.00136	0.00141	0.00093	0.00088	0.00152	0.00182	0.00243	0.00472	0.52363	0.00556	0.36942	0.01550	0.00066	0.00081	0.06421	0.00083	0.00077
4	0.97093	0.00200	0.00152	0.00136	0.00200	0.00232	0.00112	0.00304	0.00176	0.00465	0.00144	0.00168	0.00112	0.00096	0.00064	0.00032	0.00080	0.00056	0.00064	0.00112
5	0.00241	0.00301	0.08587	0.00425	0.00533	0.00260	0.87385	0.00331	0.00242	0.00331	0.00207	0.00274	0.00155	0.00088	0.00120	0.00035	0.00173	0.00118	0.00052	0.00141
6	0.00145	0.00103	0.00137	0.00158	0.00174	0.00098	0.00120	0.00175	0.00218	0.01531	0.02381	0.53582	0.07078	0.00302	0.00135	0.00043	0.00072	0.33364	0.00097	0.00090
7	0.00966	0.00261	0.02919	0.01071	0.00440	0.00247	0.58636	0.16952	0.00287	0.07957	0.01305	0.03426	0.00199	0.00108	0.00114	0.00034	0.00144	0.00119	0.04670	0.00145
8	0.00282	0.12564	0.00337	0.03642	0.00300	0.14203	0.00211	0.16302	0.01308	0.00320	0.00171	0.01625	0.00152	0.00148	0.00215	0.00037	0.47913	0.00086	0.00058	0.00128
9	0.00973	0.06056	0.17105	0.02906	0.13307	0.00665	0.00643	0.01088	0.02418	0.05598	0.01039	0.00768	0.00584	0.00092	0.00088	0.00024	0.00102	0.00076	0.00061	0.46406
10	0.01447	0.02820	0.03302	0.02139	0.00983	0.02484	0.01758	0.02598	0.01432	0.57132	0.06186	0.02525	0.00868	0.00166	0.03792	0.00038	0.07596	0.01677	0.00905	0.00153
11	0.01747	0.00221	0.00249	0.00197	0.00267	0.00232	0.00161	0.45745	0.06722	0.26450	0.02840	0.00318	0.00240	0.00128	0.00099	0.00031	0.00093	0.00100	0.14000	0.00161
12	0.00177	0.00129	0.00151	0.00141	0.01275	0.00121	0.00106	0.06709	0.05017	0.04981	0.42925	0.02362	0.34351	0.00216	0.00119	0.00033	0.00059	0.00184	0.00835	0.00107
13	0.01542	0.07427	0.07052	0.01128	0.03638	0.00183	0.02406	0.04282	0.01232	0.04233	0.00794	0.00232	0.00694	0.00091	0.00592	0.00021	0.00092	0.00070	0.00064	0.64225
14	0.01642	0.00228	0.02571	0.00246	0.00325	0.00678	0.19560	0.22360	0.01750	0.36992	0.01841	0.00328	0.01327	0.02882	0.01697	0.00598	0.01488	0.00107	0.01745	0.01635
15	0.00129	0.00092	0.00124	0.00148	0.00155	0.00087	0.00101	0.00149	0.00201	0.00268	0.00569	0.89404	0.00678	0.00322	0.00133	0.00042	0.00063	0.07156	0.00096	0.00085
16	0.01298	0.00180	0.01453	0.04317	0.08697	0.01576	0.03257	0.09871	0.15313	0.08391	0.11114	0.13353	0.12620	0.01310	0.01192	0.00037	0.00088	0.02314	0.03491	0.00128
17	0.01245	0.05737	0.17263	0.10096	0.15216	0.02361	0.03512	0.04082	0.03271	0.27897	0.01051	0.00993	0.00827	0.00127	0.01853	0.00034	0.01233	0.00564	0.02486	0.00151
18	0.00858	0.00179	0.00201	0.01636	0.00229	0.05999	0.00818	0.08074	0.12866	0.22479	0.35204	0.01472	0.06955	0.00852	0.00114	0.00033	0.00079	0.00660	0.01158	0.00132
19	0.00127	0.00091	0.00121	0.00144	0.00151	0.00085	0.00097	0.00147	0.00202	0.00269	0.02677	0.90875	0.02259	0.00320	0.00132	0.00042	0.00060	0.02020	0.00096	0.00085
20	0.05916	0.00829	0.18360	0.18499	0.14489	0.02346	0.08022	0.10574	0.02127	0.09865	0.01215	0.02289	0.00191	0.00114	0.00102	0.00033	0.00124	0.01672	0.03091	0.00143
21	0.00301	0.45833	0.00422	0.09450	0.05036	0.26472	0.01788	0.05336	0.00855	0.00279	0.00169	0.01205	0.00146	0.00101	0.00087	0.00026	0.01410	0.00071	0.00883	0.00131
22	0.02002	0.08109	0.09399	0.05689	0.05653	0.01761	0.03165	0.12923	0.10713	0.10520	0.10138	0.05941	0.01661	0.00568	0.00107	0.00032	0.01285	0.01338	0.01527	0.07469

[dist]
# distance from previous block
# <min> <max>
0	7

[block]
# block no. 14 follows, 317 sequences, length 19
# corresponding to MSA columns:
# 2464-2473,2479-2487
name=unknown_O
#
# <colnr> <probs for GDERKNQSTAVLIFYWHMCP>
#	G	D	E	R	K	N	Q	S	T	A	V	L	I	F	Y	W	H	M	C	P
0	0.08787	0.08029	0.10606	0.02115	0.11881	0.16548	0.04855	0.12999	0.07919	0.10460	0.00768	0.01051	0.00181	0.00646	0.00103	0.00031	0.01922	0.00087	0.00866	0.00146
1	0.00208	0.00513	0.89996	0.00291	0.00438	0.00235	0.02555	0.00325	0.00219	0.00330	0.00192	0.00226	0.00137	0.00099	0.00098	0.00033	0.00150	0.00078	0.03727	0.00151
2	0.00329	0.02015	0.08577	0.00244	0.00303	0.20094	0.02035	0.18190	0.00287	0.17865	0.02364	0.01704	0.01277	0.00140	0.00157	0.00034	0.22480	0.01685	0.00077	0.00141
3	0.06493	0.06252	0.10554	0.02824	0.00296	0.00841	0.00846	0.18856	0.00277	0.15859	0.00232	0.00247	0.00171	0.00117	0.02232	0.00029	0.01185	0.00079	0.01334	0.31278
4	0.00167	0.00119	0.00167	0.00191	0.00215	0.00119	0.00167	0.00215	0.00238	0.00310	0.00548	0.01168	0.00596	0.00286	0.00143	0.00048	0.00095	0.95019	0.00095	0.00095
5	0.00147	0.00106	0.00138	0.00130	0.00155	0.00098	0.00098	0.00195	0.00293	0.00415	0.95661	0.00773	0.00977	0.00212	0.00122	0.00033	0.00049	0.00187	0.00114	0.00098
6	0.00196	0.00184	0.00311	0.96113	0.00713	0.00230	0.00288	0.00265	0.00207	0.00265	0.00184	0.00276	0.00138	0.00104	0.00104	0.00035	0.00138	0.00092	0.00046	0.00115
7	0.00227	0.00227	0.00317	0.00272	0.00272	0.00317	0.00227	0.00249	0.00159	0.00249	0.00136	0.00227	0.00136	0.00181	0.00340	0.00045	0.96172	0.00091	0.00045	0.00113
8	0.00208	0.00536	0.95825	0.00295	0.00448	0.00240	0.00383	0.00328	0.00219	0.00328	0.00186	0.00219	0.00131	0.00098	0.00098	0.00033	0.00153	0.00077	0.00044	0.00153
9	0.00382	0.00155	0.00199	0.00159	0.00223	0.00139	0.00129	0.02291	0.00276	0.65475	0.00384	0.00360	0.00257	0.00126	0.00095	0.00030	0.00077	0.00102	0.28989	0.00152
10	0.00465	0.00176	0.00240	0.00184	0.00264	0.00152	0.00152	0.00505	0.00296	0.95787	0.00408	0.00352	0.00256	0.00128	0.00104	0.00032	0.00088	0.00104	0.00128	0.00176
11	0.00207	0.02826	0.89896	0.00286	0.00433	0.00239	0.00367	0.00322	0.00221	0.00329	0.03814	0.00238	0.00163	0.00102	0.00099	0.00033	0.00148	0.00080	0.00046	0.00150
12	0.00465	0.00176	0.00240	0.00184	0.00264	0.00152	0.00152	0.00505	0.00296	0.95787	0.00408	0.00352	0.00256	0.00128	0.00104	0.00032	0.00088	0.00104	0.00128	0.00176
13	0.00126	0.00090	0.00120	0.00144	0.00150	0.00084	0.00096	0.00144	0.00198	0.00264	0.00571	0.96294	0.00685	0.00324	0.00132	0.00042	0.00060	0.00294	0.00096	0.00084
14	0.97093	0.00200	0.00152	0.00136	0.00200	0.00232	0.00112	0.00304	0.00176	0.00465	0.00144	0.00168	0.00112	0.00096	0.00064	0.00032	0.00080	0.00056	0.00064	0.00112
15	0.09671	0.00256	0.00279	0.00216	0.00296	0.00275	0.00178	0.64199	0.01886	0.21286	0.00276	0.00266	0.00190	0.00123	0.00100	0.00031	0.00105	0.00092	0.00105	0.00170
16	0.00127	0.00103	0.00113	0.00118	0.00146	0.00089	0.00087	0.00155	0.00235	0.00291	0.10167	0.17533	0.66137	0.00269	0.00125	0.00036	0.00055	0.04026	0.00098	0.00088
17	0.35872	0.00183	0.00204	0.00165	0.00237	0.00181	0.00136	0.01636	0.00253	0.55364	0.03246	0.01620	0.00231	0.00122	0.00090	0.00032	0.00084	0.00092	0.00103	0.00149
18	0.04036	0.24616	0.10380	0.09111	0.09953	0.00938	0.02057	0.05607	0.24801	0.02717	0.01061	0.00268	0.00197	0.00112	0.00100	0.00031	0.03112	0.00088	0.00669	0.00146

[dist]
# distance from previous block
# <min> <max>
1	26

[block]
# block no. 15 follows, 317 sequences, length 11
# corresponding to MSA columns:
# 2530-2540
name=unknown_P
#
# <colnr> <probs for GDERKNQSTAVLIFYWHMCP>
#	G	D	E	R	K	N	Q	S	T	A	V	L	I	F	Y	W	H	M	C	P
0	0.15975	0.10998	0.38269	0.01993	0.02635	0.02431	0.03478	0.07635	0.01253	0.06039	0.01426	0.01341	0.00956	0.00115	0.01229	0.00033	0.01674	0.00082	0.00061	0.02377
1	0.00218	0.00130	0.00147	0.00133	0.00168	0.00131	0.00102	0.10580	0.04391	0.05835	0.30797	0.00493	0.00485	0.00151	0.00095	0.00028	0.00059	0.00126	0.45816	0.00113
2	0.00169	0.01354	0.14251	0.00888	0.01139	0.01634	0.01521	0.02206	0.03929	0.01581	0.13343	0.40033	0.05825	0.04414	0.01275	0.01138	0.00086	0.05021	0.00086	0.00105
3	0.03786	0.13586	0.18587	0.01654	0.07231	0.02433	0.05644	0.03734	0.01836	0.22874	0.01270	0.00268	0.00187	0.00106	0.00096	0.00029	0.01178	0.01210	0.00073	0.14218
4	0.00200	0.00147	0.02815	0.00163	0.01247	0.00137	0.00127	0.01403	0.10924	0.12161	0.17769	0.19864	0.21833	0.01366	0.00137	0.00874	0.04576	0.02912	0.00099	0.01248
5	0.00126	0.00090	0.00120	0.00144	0.00150	0.00084	0.00096	0.00144	0.00198	0.00264	0.00571	0.96294	0.00685	0.00324	0.00132	0.00042	0.00060	0.00294	0.00096	0.00084
