[name]
unknown

[dist]
# distance from previous block
# <min> <max>
2	1065

[block]
# block no. 0 follows, 269 sequences, length 6
# corresponding to MSA columns:
# 1771,1772,1776-1779
name=unknown_A
#
# <colnr> <probs for GDERKNQSTAVLIFYWHMCP>
#	G	D	E	R	K	N	Q	S	T	A	V	L	I	F	Y	W	H	M	C	P
0	0.02622	0.18905	0.05922	0.02018	0.07706	0.04074	0.04459	0.16025	0.09229	0.05663	0.01360	0.03849	0.00276	0.00164	0.01695	0.00039	0.01769	0.06574	0.03982	0.03671
1	0.04782	0.08305	0.02623	0.01574	0.03313	0.09137	0.01329	0.24463	0.25628	0.07883	0.01634	0.02437	0.00275	0.01655	0.00128	0.00038	0.01597	0.01188	0.00102	0.01909
2	0.00173	0.00116	0.00134	0.00136	0.00139	0.00115	0.00079	0.00179	0.00192	0.00258	0.06901	0.08942	0.00518	0.81009	0.00543	0.00106	0.00109	0.00193	0.00081	0.00078
3	0.03823	0.06239	0.12789	0.02619	0.11330	0.02300	0.03682	0.18413	0.15378	0.05036	0.02132	0.03453	0.02731	0.00155	0.00138	0.00039	0.06918	0.01461	0.01193	0.00172
4	0.12245	0.20925	0.16281	0.00273	0.03233	0.05757	0.06051	0.10535	0.04129	0.07994	0.00273	0.00307	0.02912	0.02882	0.01328	0.00039	0.03007	0.00099	0.00077	0.01653
5	0.00176	0.00127	0.00171	0.00192	0.02428	0.00122	0.01675	0.01813	0.02373	0.01902	0.05784	0.65468	0.03938	0.03075	0.00163	0.00049	0.00080	0.08602	0.01755	0.00109

[dist]
# distance from previous block
# <min> <max>
1	2

[block]
# block no. 1 follows, 269 sequences, length 10
# corresponding to MSA columns:
# 1784-1787,1829-1833,1841
name=unknown_B
#
# <colnr> <probs for GDERKNQSTAVLIFYWHMCP>
#	G	D	E	R	K	N	Q	S	T	A	V	L	I	F	Y	W	H	M	C	P
0	0.00150	0.00109	0.00141	0.00164	0.00176	0.00101	0.00112	0.00175	0.00245	0.00324	0.07213	0.75800	0.11289	0.00360	0.00152	0.00048	0.00069	0.03158	0.00113	0.00100
1	0.01185	0.14562	0.01835	0.01590	0.01490	0.06172	0.01506	0.25200	0.01463	0.03208	0.00232	0.01835	0.00198	0.00167	0.00218	0.00041	0.36143	0.01541	0.01254	0.00159
2	0.00286	0.02383	0.04678	0.07393	0.01654	0.01899	0.00190	0.08633	0.06683	0.04902	0.00273	0.02535	0.01335	0.00118	0.00106	0.00027	0.01364	0.00095	0.00081	0.55366
3	0.01447	0.05779	0.02372	0.09457	0.01193	0.03399	0.02453	0.06905	0.08083	0.02647	0.03405	0.08867	0.04579	0.05881	0.04564	0.00053	0.24221	0.00141	0.00080	0.04475
4	0.00154	0.00114	0.00146	0.00168	0.00182	0.00107	0.00117	0.00188	0.02427	0.00326	0.04775	0.72714	0.11214	0.00357	0.00152	0.00048	0.00072	0.06524	0.00113	0.00102
5	0.01798	0.00166	0.00202	0.01923	0.00237	0.00159	0.00139	0.07340	0.03380	0.24593	0.30458	0.03026	0.13627	0.00205	0.00126	0.00037	0.00079	0.00173	0.12186	0.00145
6	0.02858	0.05251	0.07217	0.05998	0.05240	0.05091	0.05895	0.28272	0.07154	0.17209	0.01191	0.04447	0.00252	0.00156	0.01240	0.00039	0.02090	0.00120	0.00100	0.00179
7	0.03108	0.00293	0.02278	0.00298	0.00334	0.10229	0.06959	0.01607	0.14866	0.02066	0.01476	0.03543	0.00235	0.00196	0.01856	0.00048	0.47819	0.00119	0.02524	0.00145
8	0.00156	0.00116	0.00152	0.02956	0.00201	0.00111	0.00124	0.00190	0.02350	0.00323	0.03655	0.73911	0.08695	0.00353	0.00152	0.00048	0.00075	0.06218	0.00111	0.00103
9	0.02223	0.01170	0.12641	0.07389	0.11476	0.10122	0.06018	0.09818	0.07951	0.06841	0.04296	0.09916	0.02709	0.01402	0.00138	0.00040	0.02257	0.03347	0.00087	0.00159

[dist]
# distance from previous block
# <min> <max>
0	6

[block]
# block no. 2 follows, 269 sequences, length 20
# corresponding to MSA columns:
# 1859-1861,1863,1864,1866-1880
name=unknown_C
#
# <colnr> <probs for GDERKNQSTAVLIFYWHMCP>
#	G	D	E	R	K	N	Q	S	T	A	V	L	I	F	Y	W	H	M	C	P
0	0.01968	0.02060	0.01244	0.12015	0.42988	0.01808	0.02037	0.00940	0.00815	0.03868	0.25251	0.01135	0.00446	0.00799	0.00851	0.00039	0.01355	0.00138	0.00083	0.00158
1	0.00176	0.00123	0.00167	0.00187	0.00204	0.00121	0.00886	0.00212	0.00246	0.01513	0.00611	0.47970	0.01495	0.04590	0.03529	0.00058	0.01172	0.31371	0.05265	0.00105
2	0.19248	0.06758	0.09188	0.00324	0.13481	0.22518	0.02662	0.11635	0.00304	0.01591	0.00249	0.07339	0.00218	0.00142	0.00114	0.00036	0.02071	0.00944	0.01024	0.00155
3	0.00176	0.00151	0.05587	0.00164	0.00199	0.00121	0.00131	0.00214	0.00265	0.03262	0.15370	0.19839	0.31098	0.12496	0.00206	0.00053	0.00083	0.10369	0.00108	0.00108
4	0.00322	0.01708	0.09738	0.03059	0.20142	0.02068	0.04543	0.21306	0.23462	0.01970	0.02108	0.01701	0.01973	0.01289	0.00133	0.00039	0.01869	0.01110	0.01280	0.00180
5	0.04978	0.01748	0.02334	0.07151	0.11550	0.03646	0.05689	0.11512	0.09478	0.22495	0.05224	0.01314	0.00787	0.00148	0.00128	0.00038	0.03302	0.01391	0.06916	0.00171
6	0.00230	0.00179	0.00219	0.00187	0.00257	0.00149	0.00151	0.00281	0.01101	0.02659	0.03911	0.04962	0.00408	0.06897	0.00154	0.00038	0.00096	0.25984	0.00089	0.52049
7	0.00291	0.00249	0.00263	0.00239	0.00303	0.00287	0.00184	0.00609	0.88142	0.00488	0.00493	0.03598	0.00385	0.03738	0.00142	0.00044	0.00096	0.00145	0.00121	0.00184
8	0.09427	0.01434	0.04783	0.03707	0.02013	0.04527	0.04787	0.31410	0.04915	0.22260	0.00349	0.04256	0.01676	0.00152	0.00121	0.00038	0.00994	0.01383	0.00909	0.00860
9	0.00161	0.00125	0.00144	0.00139	0.00174	0.00112	0.00104	0.00211	0.02257	0.00407	0.45542	0.01011	0.46898	0.00272	0.00141	0.00039	0.00060	0.00233	0.01862	0.00110
10	0.00285	0.00326	0.00712	0.00509	0.00631	0.00305	0.94565	0.00387	0.00285	0.00387	0.00244	0.00326	0.00183	0.00102	0.00142	0.00041	0.00204	0.00142	0.00061	0.00163
11	0.01114	0.00286	0.04982	0.16524	0.45635	0.01913	0.08724	0.03567	0.00287	0.11985	0.00268	0.02009	0.00211	0.00124	0.00125	0.00038	0.00986	0.00973	0.00073	0.00176
12	0.02066	0.00294	0.05525	0.05920	0.09426	0.04454	0.32457	0.07252	0.01604	0.15891	0.02108	0.07164	0.01227	0.00765	0.00137	0.00040	0.01336	0.02082	0.00086	0.00165
13	0.00425	0.00243	0.00285	0.00232	0.00314	0.00251	0.00187	0.16890	0.33122	0.40917	0.03560	0.00421	0.00335	0.00157	0.00122	0.00038	0.00103	0.00127	0.02075	0.00196
14	0.00147	0.00119	0.00130	0.00135	0.00168	0.00103	0.00099	0.00178	0.00270	0.00333	0.07845	0.18920	0.67235	0.01940	0.00153	0.00044	0.00064	0.01903	0.00113	0.00102
15	0.00262	0.00225	0.01659	0.01468	0.01886	0.00179	0.00159	0.03058	0.03739	0.02468	0.00247	0.01564	0.00911	0.00919	0.00103	0.00022	0.01334	0.00084	0.00076	0.79636
16	0.01031	0.01051	0.01575	0.02200	0.01052	0.00629	0.12328	0.03113	0.04194	0.17678	0.30884	0.03129	0.06418	0.02409	0.02425	0.00044	0.04063	0.00564	0.00110	0.05105
17	0.00160	0.00112	0.00144	0.00163	0.00179	0.00103	0.00113	0.00185	0.00245	0.02613	0.05035	0.69738	0.13850	0.02867	0.00164	0.00049	0.00072	0.03992	0.00113	0.00102
18	0.00162	0.00121	0.00153	0.00172	0.00188	0.00957	0.00790	0.00847	0.01836	0.00335	0.07093	0.67491	0.09753	0.00346	0.00151	0.00047	0.00074	0.07669	0.01711	0.00104
19	0.02837	0.07257	0.07014	0.04525	0.09951	0.07063	0.20456	0.24899	0.02841	0.05844	0.00267	0.00765	0.00758	0.00125	0.00120	0.00036	0.00626	0.00110	0.00884	0.03623

[dist]
# distance from previous block
# <min> <max>
1	30

[block]
# block no. 3 follows, 269 sequences, length 28
# corresponding to MSA columns:
# 1913-1916,1929-1935,2020-2034,2036,2040
name=unknown_D
#
# <colnr> <probs for GDERKNQSTAVLIFYWHMCP>
#	G	D	E	R	K	N	Q	S	T	A	V	L	I	F	Y	W	H	M	C	P
0	0.04308	0.01324	0.01165	0.38653	0.18498	0.03106	0.04948	0.12811	0.02352	0.02370	0.01286	0.00315	0.00195	0.00624	0.00570	0.00039	0.03882	0.00108	0.01373	0.02073
1	0.00318	0.83261	0.01765	0.00221	0.00314	0.01872	0.00216	0.00356	0.00241	0.00286	0.00168	0.00202	0.00155	0.00115	0.00112	0.00029	0.10096	0.00069	0.00052	0.00153
2	0.00387	0.00177	0.00233	0.00192	0.00259	0.00159	0.00154	0.00448	0.04416	0.54201	0.30292	0.02655	0.03822	0.00192	0.00132	0.00038	0.00913	0.00162	0.00999	0.00169
3	0.00160	0.00113	0.00140	0.00152	0.00163	0.00107	0.00100	0.00181	0.00232	0.00311	0.12240	0.44683	0.07516	0.30020	0.00295	0.00068	0.00083	0.02164	0.01180	0.00093
4	0.00159	0.00122	0.00147	0.00145	0.00176	0.00109	0.00108	0.00204	0.00307	0.00409	0.50875	0.09625	0.34086	0.00282	0.00144	0.00040	0.00061	0.02770	0.00123	0.00108
5	0.00294	0.00322	0.01217	0.25770	0.16786	0.13747	0.36229	0.00373	0.00278	0.00355	0.00228	0.00306	0.00177	0.00113	0.00129	0.00038	0.01160	0.00117	0.02206	0.00155
6	0.00498	0.00275	0.00323	0.00248	0.00343	0.00281	0.00205	0.49975	0.00462	0.45536	0.00378	0.00347	0.00250	0.00147	0.00121	0.00037	0.00119	0.00115	0.00134	0.00205
7	0.01920	0.00366	0.19848	0.00425	0.00551	0.00281	0.59758	0.00403	0.00283	0.10887	0.01184	0.00324	0.00199	0.00112	0.00134	0.00039	0.00948	0.00127	0.00742	0.01466
8	0.00300	0.00259	0.00273	0.00246	0.00314	0.00300	0.00191	0.00642	0.94786	0.00505	0.00491	0.00450	0.00369	0.00164	0.00123	0.00041	0.00096	0.00136	0.00123	0.00191
9	0.96610	0.00233	0.00177	0.00159	0.00233	0.00271	0.00131	0.00355	0.00205	0.00542	0.00168	0.00196	0.00131	0.00112	0.00075	0.00037	0.00093	0.00065	0.00075	0.00131
10	0.00433	0.00325	0.00348	0.00273	0.00364	0.00362	0.00223	0.79199	0.16013	0.00719	0.00323	0.00316	0.00232	0.00148	0.00121	0.00037	0.00127	0.00113	0.00121	0.00203
11	0.96610	0.00233	0.00177	0.00159	0.00233	0.00271	0.00131	0.00355	0.00205	0.00542	0.00168	0.00196	0.00131	0.00112	0.00075	0.00037	0.00093	0.00065	0.00075	0.00131
12	0.00299	0.00287	0.00490	0.00741	0.95004	0.00287	0.00371	0.00371	0.00275	0.00394	0.00227	0.00299	0.00191	0.00108	0.00120	0.00036	0.00143	0.00108	0.00060	0.00191
13	0.00300	0.00259	0.00273	0.00246	0.00314	0.00300	0.00191	0.00642	0.94786	0.00505	0.00491	0.00450	0.00369	0.00164	0.00123	0.00041	0.00096	0.00136	0.00123	0.00191
14	0.00149	0.00108	0.00140	0.00163	0.00174	0.00100	0.00111	0.00172	0.00240	0.00318	0.05424	0.80840	0.08385	0.02001	0.00161	0.00049	0.00070	0.01185	0.00112	0.00099
15	0.00478	0.00223	0.00281	0.00221	0.00308	0.00213	0.00181	0.13888	0.10101	0.64759	0.05955	0.00427	0.00342	0.00156	0.00122	0.00037	0.00103	0.00127	0.01881	0.00197
16	0.00173	0.00128	0.00186	0.00186	0.00204	0.00146	0.00141	0.00210	0.00192	0.00274	0.00331	0.00516	0.00320	0.13574	0.82635	0.00184	0.00296	0.00136	0.00066	0.00103
17	0.14125	0.00146	0.00174	0.00173	0.00209	0.00143	0.00127	0.01275	0.00260	0.17653	0.05937	0.51595	0.00595	0.00274	0.00132	0.00043	0.00079	0.01327	0.05606	0.00125
18	0.00209	0.00129	0.00162	0.00163	0.00195	0.00116	0.00119	0.00247	0.01862	0.13913	0.14242	0.42546	0.24085	0.00305	0.00145	0.00044	0.00071	0.01208	0.00121	0.00118
19	0.00250	0.00215	0.00250	0.00179	0.00286	0.00161	0.00143	0.00304	0.00250	0.00393	0.00215	0.00250	0.00179	0.00089	0.00089	0.00018	0.00089	0.00072	0.00072	0.96495
20	0.00151	0.00121	0.00136	0.00141	0.00173	0.00106	0.00104	0.00187	0.01346	0.00346	0.13413	0.21700	0.57687	0.00313	0.00146	0.00043	0.00065	0.03604	0.00115	0.00104
21	0.00161	0.00121	0.00148	0.00145	0.00174	0.00109	0.00107	0.00206	0.00309	0.00418	0.57720	0.11667	0.26557	0.01433	0.00150	0.00041	0.00060	0.00242	0.00124	0.00108
22	0.00292	0.00336	0.03728	0.00433	0.00520	0.06872	0.57698	0.01512	0.01852	0.00362	0.00222	0.00302	0.00177	0.00134	0.00205	0.00043	0.24972	0.00126	0.00060	0.00155
23	0.01324	0.07766	0.01896	0.28713	0.04811	0.00790	0.02928	0.24718	0.02499	0.02894	0.00272	0.03431	0.00226	0.01180	0.00156	0.00041	0.11067	0.03377	0.01753	0.00158
24	0.00148	0.00109	0.00139	0.00162	0.00175	0.00100	0.00111	0.00172	0.00242	0.00316	0.02599	0.76222	0.15836	0.00363	0.00152	0.00048	0.00069	0.02824	0.00112	0.00099
25	0.00889	0.00236	0.00458	0.00884	0.00437	0.00226	0.49789	0.01146	0.01363	0.00368	0.00994	0.17743	0.05798	0.00757	0.00723	0.00046	0.01758	0.16164	0.00083	0.00138
26	0.14770	0.02764	0.02423	0.05477	0.06746	0.03952	0.03277	0.13089	0.03052	0.26812	0.00339	0.01543	0.02182	0.01212	0.00121	0.00037	0.01000	0.02833	0.00522	0.07850
27	0.01053	0.00149	0.00666	0.05811	0.03021	0.00779	0.00155	0.01740	0.00657	0.09699	0.12349	0.28396	0.09841	0.01926	0.06104	0.00055	0.00613	0.13205	0.03658	0.00122

[dist]
# distance from previous block
# <min> <max>
11	43

[block]
# block no. 4 follows, 269 sequences, length 11
# corresponding to MSA columns:
# 2104-2114
name=unknown_E
#
# <colnr> <probs for GDERKNQSTAVLIFYWHMCP>
#	G	D	E	R	K	N	Q	S	T	A	V	L	I	F	Y	W	H	M	C	P
0	0.03163	0.00203	0.00269	0.00209	0.00298	0.00180	0.00172	0.00564	0.02904	0.84316	0.03242	0.00422	0.00321	0.00151	0.00120	0.00037	0.00100	0.00123	0.03011	0.00198
1	0.00151	0.00115	0.00139	0.00151	0.00174	0.00103	0.00108	0.00182	0.00265	0.00342	0.14300	0.44049	0.35289	0.00331	0.00149	0.00045	0.00066	0.03824	0.00115	0.00102
2	0.00155	0.00123	0.00140	0.00136	0.00171	0.00107	0.00102	0.00198	0.00305	0.00397	0.43514	0.01045	0.52620	0.00279	0.00143	0.00040	0.00059	0.00238	0.00121	0.00107
3	0.00150	0.00110	0.00140	0.00160	0.00175	0.00101	0.00111	0.00176	0.00250	0.00328	0.09162	0.68783	0.16817	0.00353	0.00151	0.00047	0.00068	0.02702	0.00114	0.00100
4	0.01943	0.00157	0.00203	0.00175	0.00226	0.00145	0.00137	0.02149	0.02876	0.28766	0.56820	0.02696	0.02778	0.00215	0.00134	0.00038	0.00074	0.00186	0.00135	0.00145
5	0.00250	0.00215	0.00250	0.00179	0.00286	0.00161	0.00143	0.00304	0.00250	0.00393	0.00215	0.00250	0.00179	0.00089	0.00089	0.00018	0.00089	0.00072	0.00072	0.96495
6	0.00300	0.00259	0.00273	0.00246	0.00314	0.00300	0.00191	0.00642	0.94786	0.00505	0.00491	0.00450	0.00369	0.00164	0.00123	0.00041	0.00096	0.00136	0.00123	0.00191
7	0.00233	0.00220	0.00368	0.86745	0.04581	0.00274	0.00333	0.00310	0.00240	0.00311	0.00212	0.00318	0.00162	0.00125	0.00135	0.00041	0.05095	0.00107	0.00054	0.00136
8	0.00246	0.05127	0.90662	0.00338	0.00512	0.00290	0.00435	0.00381	0.00254	0.00378	0.00214	0.00252	0.00153	0.00114	0.00113	0.00038	0.00176	0.00088	0.00051	0.00177
9	0.00148	0.00106	0.00141	0.00167	0.00175	0.00099	0.00112	0.00171	0.00237	0.00318	0.05830	0.90486	0.00817	0.00371	0.00153	0.00048	0.00069	0.00336	0.00113	0.00099
10	0.06622	0.00193	0.00235	0.00190	0.00264	0.00183	0.00154	0.07773	0.02140	0.53286	0.05648	0.00424	0.00331	0.00150	0.00111	0.00035	0.00091	0.00120	0.21873	0.00174

[dist]
# distance from previous block
# <min> <max>
0	1

[block]
# block no. 5 follows, 269 sequences, length 11
# corresponding to MSA columns:
# 2116-2126
name=unknown_F
#
# <colnr> <probs for GDERKNQSTAVLIFYWHMCP>
#	G	D	E	R	K	N	Q	S	T	A	V	L	I	F	Y	W	H	M	C	P
0	0.00238	0.00213	0.00338	0.09013	0.18522	0.02393	0.14758	0.03688	0.01687	0.01413	0.03113	0.23285	0.03957	0.08075	0.01953	0.00051	0.01678	0.04347	0.01142	0.00137
1	0.00278	0.00313	0.00676	0.00485	0.00600	0.00294	0.88666	0.00374	0.00278	0.00377	0.00253	0.00355	0.00199	0.06074	0.00172	0.00045	0.00198	0.00145	0.00062	0.00157
2	0.00250	0.00192	0.00205	0.00181	0.00235	0.00198	0.00140	0.19347	0.18008	0.01981	0.09615	0.00765	0.38114	0.06191	0.00161	0.00044	0.00086	0.00187	0.03958	0.00141
3	0.00239	0.01130	0.02063	0.00194	0.00228	0.00181	0.02304	0.14270	0.00263	0.04082	0.03330	0.05897	0.00389	0.32744	0.23584	0.01886	0.01834	0.03229	0.02036	0.00117
4	0.03567	0.20416	0.23222	0.01202	0.03835	0.02006	0.12097	0.03500	0.12189	0.04213	0.05875	0.01751	0.01669	0.00137	0.00122	0.00037	0.03091	0.00113	0.00794	0.00165
5	0.00237	0.00185	0.00203	0.00186	0.00230	0.03744	0.00142	0.01572	0.27465	0.04382	0.44078	0.00715	0.10278	0.00224	0.00147	0.04080	0.00079	0.00181	0.01733	0.00138
6	0.00190	0.00125	0.00157	0.00167	0.00186	0.00119	0.00118	0.00224	0.02991	0.06747	0.05176	0.44738	0.07341	0.21129	0.00251	0.00062	0.00086	0.09981	0.00107	0.00105
7	0.00290	0.04644	0.27092	0.02784	0.02904	0.06847	0.34399	0.03824	0.05252	0.02262	0.02881	0.01294	0.00227	0.00128	0.00133	0.00039	0.02706	0.02060	0.00068	0.00165
8	0.01891	0.01808	0.02011	0.08552	0.47588	0.04290	0.05819	0.09981	0.04132	0.03840	0.01953	0.05999	0.00256	0.00138	0.00122	0.00038	0.00140	0.01193	0.00076	0.00175
9	0.00150	0.00109	0.00142	0.00164	0.00176	0.00102	0.00112	0.00175	0.00242	0.00322	0.08035	0.76592	0.08914	0.00382	0.03723	0.00053	0.00078	0.00318	0.00112	0.00100
10	0.00180	0.00126	0.00157	0.00169	0.00189	0.00121	0.00119	0.03301	0.04812	0.02405	0.12235	0.64420	0.05244	0.00322	0.00145	0.00045	0.00071	0.00288	0.05540	0.00111

[dist]
# distance from previous block
# <min> <max>
1	51

[block]
# block no. 6 follows, 269 sequences, length 25
# corresponding to MSA columns:
# 2178-2186,2193-2197,2233-2243
name=unknown_G
#
# <colnr> <probs for GDERKNQSTAVLIFYWHMCP>
#	G	D	E	R	K	N	Q	S	T	A	V	L	I	F	Y	W	H	M	C	P
0	0.03071	0.00199	0.00245	0.13698	0.00794	0.00201	0.00174	0.13605	0.01212	0.01852	0.00317	0.07732	0.00828	0.00200	0.06707	0.00043	0.02328	0.01277	0.18198	0.27320
1	0.00278	0.00180	0.00222	0.06152	0.01829	0.01396	0.01520	0.01071	0.14809	0.16783	0.02480	0.02698	0.00372	0.37045	0.00809	0.00069	0.01843	0.00147	0.06220	0.04078
2	0.00267	0.00234	0.00312	0.20264	0.00409	0.02965	0.02469	0.01844	0.12036	0.05185	0.06251	0.00424	0.06800	0.00179	0.00713	0.00042	0.28437	0.01130	0.01445	0.08594
3	0.00218	0.00118	0.00175	0.05873	0.00204	0.00122	0.00121	0.01892	0.00175	0.01725	0.00228	0.00390	0.00223	0.05777	0.02389	0.80025	0.00114	0.00110	0.00057	0.00065
4	0.00152	0.00119	0.00133	0.00140	0.00171	0.00103	0.00102	0.00181	0.00266	0.01700	0.03828	0.28205	0.61559	0.00323	0.00146	0.00043	0.00065	0.02547	0.00113	0.00103
5	0.00178	0.00133	0.00173	0.00161	0.00193	0.00126	0.01499	0.00249	0.05142	0.00477	0.84485	0.00882	0.05355	0.00243	0.00141	0.00038	0.00061	0.00215	0.00130	0.00118
6	0.02383	0.00236	0.00271	0.00203	0.00301	0.00210	0.00164	0.19850	0.01707	0.15188	0.00289	0.00300	0.01083	0.00115	0.00101	0.00026	0.00099	0.00091	0.03251	0.54132
7	0.76279	0.00236	0.00194	0.00172	0.00245	0.00271	0.00140	0.05621	0.09840	0.00544	0.00230	0.00249	0.01297	0.00123	0.00083	0.00037	0.00094	0.00079	0.04126	0.00140
8	0.00223	0.00162	0.00194	0.00185	0.00222	0.00925	0.00615	0.02966	0.17143	0.04580	0.17484	0.25910	0.06426	0.01023	0.07129	0.00870	0.02094	0.00811	0.07735	0.03303
9	0.00159	0.00116	0.00148	0.00158	0.00177	0.00108	0.00111	0.00199	0.01582	0.00380	0.37546	0.46029	0.10500	0.02017	0.00156	0.00045	0.00065	0.00280	0.00120	0.00105
10	0.00205	0.00154	0.00185	0.00185	0.00225	0.00151	0.00686	0.03575	0.11158	0.02960	0.13341	0.05162	0.28593	0.01419	0.00152	0.00046	0.00086	0.30344	0.01252	0.00123
11	0.96610	0.00233	0.00177	0.00159	0.00233	0.00271	0.00131	0.00355	0.00205	0.00542	0.00168	0.00196	0.00131	0.00112	0.00075	0.00037	0.00093	0.00065	0.00075	0.00131
12	0.96610	0.00233	0.00177	0.00159	0.00233	0.00271	0.00131	0.00355	0.00205	0.00542	0.00168	0.00196	0.00131	0.00112	0.00075	0.00037	0.00093	0.00065	0.00075	0.00131
13	0.04235	0.06092	0.66915	0.00308	0.00460	0.00287	0.00371	0.08430	0.00288	0.09463	0.00250	0.00286	0.00180	0.00124	0.00113	0.00038	0.00160	0.01753	0.00068	0.00179
14	0.01057	0.00338	0.00424	0.01658	0.54098	0.17237	0.01620	0.07550	0.12312	0.00417	0.00257	0.00302	0.00207	0.00123	0.00123	0.00036	0.01883	0.00106	0.00073	0.00181
15	0.00255	0.00241	0.00408	0.53789	0.39170	0.00271	0.00344	0.00331	0.00256	0.00344	0.00234	0.01798	0.00192	0.00123	0.00122	0.00039	0.00152	0.01719	0.00058	0.00156
16	0.02520	0.00298	0.00445	0.01197	0.58631	0.05755	0.07461	0.04515	0.11942	0.03004	0.00764	0.00843	0.00224	0.00123	0.00123	0.00037	0.01074	0.00785	0.00074	0.00183
17	0.00409	0.00298	0.00363	0.01642	0.08192	0.00339	0.00243	0.52078	0.01309	0.12529	0.00280	0.00302	0.00207	0.00157	0.00181	0.00040	0.21028	0.00110	0.00104	0.00187
18	0.00244	0.03139	0.92636	0.00340	0.00517	0.00286	0.00440	0.00382	0.00255	0.00380	0.00215	0.00253	0.00153	0.00114	0.00114	0.00038	0.00177	0.00089	0.00051	0.00178
19	0.00299	0.00287	0.00490	0.00741	0.95004	0.00287	0.00371	0.00371	0.00275	0.00394	0.00227	0.00299	0.00191	0.00108	0.00120	0.00036	0.00143	0.00108	0.00060	0.00191
20	0.01745	0.01912	0.00301	0.02640	0.02985	0.01248	0.00192	0.08939	0.00357	0.77715	0.00434	0.00386	0.00278	0.00146	0.00120	0.00037	0.00110	0.00117	0.00138	0.00201
21	0.00233	0.00215	0.00358	0.91937	0.00811	0.00268	0.00329	0.02243	0.00248	0.00320	0.00219	0.00323	0.00164	0.00122	0.00120	0.00040	0.00159	0.00107	0.01649	0.00135
22	0.00147	0.00109	0.00138	0.00161	0.00174	0.00099	0.00110	0.00171	0.00241	0.00314	0.02203	0.77669	0.16167	0.00364	0.00152	0.00048	0.00069	0.01453	0.00112	0.00099
23	0.00228	0.00215	0.00362	0.95467	0.00832	0.00268	0.00335	0.00308	0.00241	0.00308	0.00215	0.00322	0.00161	0.00121	0.00121	0.00040	0.00161	0.00107	0.00054	0.00134
24	0.00293	0.00281	0.00480	0.08229	0.87559	0.00285	0.00368	0.00366	0.00272	0.00388	0.00226	0.00301	0.00189	0.00109	0.00120	0.00036	0.00145	0.00108	0.00059	0.00187

[dist]
# distance from previous block
# <min> <max>
0	4

[block]
# block no. 7 follows, 269 sequences, length 24
# corresponding to MSA columns:
# 2248-2255,2271-2279,2285-2288,2296,2297,2299
name=unknown_H
#
# <colnr> <probs for GDERKNQSTAVLIFYWHMCP>
#	G	D	E	R	K	N	Q	S	T	A	V	L	I	F	Y	W	H	M	C	P
0	0.96610	0.00233	0.00177	0.00159	0.00233	0.00271	0.00131	0.00355	0.00205	0.00542	0.00168	0.00196	0.00131	0.00112	0.00075	0.00037	0.00093	0.00065	0.00075	0.00131
1	0.00866	0.00126	0.00141	0.00142	0.00174	0.00114	0.00104	0.02457	0.00927	0.00368	0.19022	0.18391	0.49536	0.03190	0.00156	0.00044	0.00066	0.01172	0.02897	0.00106
2	0.00413	0.00487	0.00327	0.00288	0.00357	0.68618	0.00219	0.06610	0.08292	0.00355	0.00222	0.00246	0.00179	0.00126	0.00112	0.00031	0.01356	0.00084	0.00072	0.11604
3	0.00146	0.00122	0.00126	0.00126	0.00164	0.00103	0.00094	0.00178	0.00277	0.00336	0.08968	0.03842	0.82080	0.02710	0.00155	0.00043	0.00062	0.00252	0.00113	0.00102
4	0.00149	0.00107	0.00141	0.00167	0.00176	0.00099	0.00113	0.00172	0.00238	0.00317	0.04856	0.87434	0.03598	0.00370	0.00153	0.00048	0.00070	0.01580	0.00113	0.00099
5	0.00172	0.00127	0.00153	0.00145	0.00180	0.00115	0.00109	0.01543	0.00322	0.01948	0.60840	0.02146	0.31227	0.00264	0.00142	0.00039	0.00060	0.00229	0.00126	0.00113
6	0.09044	0.00249	0.00288	0.00225	0.00313	0.00253	0.00185	0.34220	0.01535	0.44585	0.00376	0.00352	0.00252	0.00144	0.00114	0.00036	0.00109	0.00111	0.07418	0.00192
7	0.00304	0.00266	0.00275	0.00247	0.00315	0.02448	0.00192	0.00638	0.92650	0.00500	0.00484	0.00445	0.00364	0.00163	0.00123	0.00041	0.00098	0.00135	0.00121	0.00190
8	0.00250	0.00215	0.00250	0.00179	0.00286	0.00161	0.00143	0.00304	0.00250	0.00393	0.00215	0.00250	0.00179	0.00089	0.00089	0.00018	0.00089	0.00072	0.00072	0.96495
9	0.96610	0.00233	0.00177	0.00159	0.00233	0.00271	0.00131	0.00355	0.00205	0.00542	0.00168	0.00196	0.00131	0.00112	0.00075	0.00037	0.00093	0.00065	0.00075	0.00131
10	0.00228	0.00215	0.00362	0.95467	0.00832	0.00268	0.00335	0.00308	0.00241	0.00308	0.00215	0.00322	0.00161	0.00121	0.00121	0.00040	0.00161	0.00107	0.00054	0.00134
11	0.00149	0.00106	0.00141	0.00167	0.00175	0.00099	0.00112	0.00170	0.00232	0.00309	0.01715	0.89243	0.02218	0.02769	0.00166	0.00051	0.00072	0.01896	0.00111	0.00098
12	0.01571	0.00142	0.00188	0.00189	0.02097	0.00135	0.01835	0.00275	0.06131	0.10660	0.31771	0.39644	0.02487	0.00283	0.00923	0.00044	0.00077	0.00247	0.01178	0.00124
13	0.00320	0.92380	0.04057	0.00212	0.00318	0.00471	0.00215	0.00362	0.00246	0.00288	0.00170	0.00196	0.00155	0.00104	0.00079	0.00026	0.00131	0.00065	0.00052	0.00156
14	0.00264	0.00264	0.00370	0.00317	0.00317	0.00370	0.00264	0.00291	0.00185	0.00291	0.00158	0.00264	0.00158	0.00211	0.00396	0.00053	0.95536	0.00106	0.00053	0.00132
15	0.00165	0.00121	0.00147	0.00159	0.00182	0.00112	0.00113	0.03601	0.00262	0.01905	0.03365	0.58011	0.29270	0.00340	0.00149	0.00046	0.00070	0.01763	0.00114	0.00106
16	0.00300	0.11732	0.08671	0.06806	0.33909	0.05201	0.19113	0.02891	0.05472	0.01155	0.00249	0.01308	0.00204	0.00120	0.00121	0.00037	0.00807	0.01668	0.00065	0.00171
17	0.00388	0.00420	0.00334	0.02191	0.01367	0.47451	0.00231	0.12351	0.11698	0.01617	0.00244	0.00277	0.00196	0.00148	0.00163	0.00037	0.17069	0.00096	0.03568	0.00153
18	0.00306	0.00262	0.00276	0.00247	0.00316	0.00303	0.00192	0.03935	0.91484	0.00514	0.00484	0.00445	0.00363	0.00163	0.00123	0.00041	0.00097	0.00136	0.00123	0.00192
19	0.01026	0.01624	0.24467	0.02967	0.19390	0.05357	0.06494	0.10596	0.03245	0.09366	0.00884	0.10136	0.00270	0.00152	0.00125	0.00038	0.00900	0.01117	0.01676	0.00171
20	0.03063	0.00277	0.00283	0.00997	0.00308	0.08079	0.00187	0.43959	0.04745	0.10158	0.12687	0.00416	0.00358	0.00159	0.00117	0.00036	0.00114	0.01411	0.12476	0.00172
21	0.00156	0.00114	0.00136	0.00148	0.00162	0.00106	0.00098	0.00175	0.00228	0.00296	0.02579	0.41777	0.22005	0.28368	0.00287	0.00067	0.00083	0.03022	0.00101	0.00092
22	0.02592	0.20938	0.02710	0.07194	0.03767	0.12630	0.03845	0.07768	0.03224	0.08461	0.07077	0.03543	0.00755	0.00156	0.00570	0.00037	0.12003	0.00576	0.02000	0.00153
23	0.00187	0.01860	0.00173	0.00163	0.00182	0.00141	0.00115	0.00228	0.04053	0.02116	0.26853	0.17734	0.05623	0.29587	0.03308	0.00070	0.04789	0.01365	0.01348	0.00104

[dist]
# distance from previous block
# <min> <max>
1	77

[block]
# block no. 8 follows, 269 sequences, length 30
# corresponding to MSA columns:
# 2379-2387,2393-2395,2399,2400,2402-2417
name=unknown_I
#
# <colnr> <probs for GDERKNQSTAVLIFYWHMCP>
#	G	D	E	R	K	N	Q	S	T	A	V	L	I	F	Y	W	H	M	C	P
0	0.04930	0.00324	0.00356	0.22668	0.15116	0.23902	0.03096	0.03684	0.07144	0.10526	0.00264	0.00901	0.00204	0.00567	0.01168	0.00039	0.03025	0.00105	0.01288	0.00693
1	0.00182	0.00130	0.00161	0.00163	0.00190	0.00125	0.00119	0.00248	0.08178	0.02432	0.39387	0.33125	0.09251	0.00284	0.00142	0.00042	0.00066	0.01130	0.04533	0.00116
2	0.01086	0.00272	0.08131	0.54459	0.05455	0.01067	0.19119	0.00334	0.00901	0.01206	0.00246	0.03710	0.00197	0.00128	0.00128	0.00040	0.01052	0.00820	0.01503	0.00146
3	0.00212	0.00111	0.00162	0.00160	0.00163	0.00113	0.00108	0.00893	0.00167	0.01261	0.00231	0.00399	0.00230	0.06340	0.05637	0.81637	0.00989	0.00111	0.01014	0.00061
4	0.00148	0.00108	0.00139	0.00162	0.00173	0.00100	0.00109	0.00171	0.00239	0.00316	0.04972	0.80553	0.09858	0.02133	0.00161	0.00049	0.00069	0.00326	0.00112	0.00099
5	0.00161	0.00123	0.00148	0.00142	0.00175	0.00110	0.00107	0.00210	0.00320	0.00431	0.63705	0.00989	0.32408	0.00266	0.00142	0.00039	0.00058	0.00230	0.00126	0.00110
6	0.00157	0.00114	0.00142	0.00158	0.00172	0.00105	0.00107	0.00179	0.00233	0.00310	0.04497	0.60298	0.11313	0.15192	0.01040	0.00059	0.00079	0.02291	0.00682	0.02873
7	0.03097	0.93076	0.00620	0.00205	0.00308	0.00472	0.00204	0.00361	0.00244	0.00291	0.00168	0.00194	0.00154	0.00104	0.00077	0.00026	0.00128	0.00065	0.00052	0.00154
8	0.00242	0.00624	0.95131	0.00344	0.00523	0.00280	0.00446	0.00382	0.00255	0.00382	0.00217	0.00255	0.00153	0.00115	0.00115	0.00038	0.00178	0.00089	0.00051	0.00178
9	0.21658	0.00208	0.00251	0.00199	0.00285	0.00195	0.00164	0.00524	0.00312	0.70363	0.01538	0.00371	0.00272	0.00142	0.00110	0.00037	0.00099	0.00110	0.02977	0.00185
10	0.00323	0.95830	0.00633	0.00207	0.00310	0.00478	0.00207	0.00362	0.00245	0.00284	0.00168	0.00194	0.00155	0.00103	0.00077	0.00026	0.00129	0.00065	0.00052	0.00155
11	0.00235	0.00221	0.00360	0.85595	0.04936	0.01746	0.00328	0.01115	0.00248	0.00317	0.00231	0.02058	0.00184	0.00129	0.00122	0.00040	0.00158	0.01784	0.00057	0.00136
12	0.00159	0.00120	0.00149	0.00167	0.00187	0.00114	0.00119	0.00203	0.05318	0.00332	0.03488	0.59529	0.20822	0.00344	0.00151	0.00047	0.00073	0.08459	0.00113	0.00105
13	0.00175	0.00127	0.00167	0.00189	0.00207	0.00125	0.00143	0.02283	0.03005	0.00345	0.01875	0.56974	0.02009	0.00345	0.00157	0.00050	0.00803	0.29096	0.01818	0.00108
14	0.00290	0.55972	0.37611	0.00266	0.00397	0.00397	0.01397	0.00369	0.00249	0.00324	0.00188	0.00220	0.00155	0.00109	0.00098	0.00031	0.01637	0.00076	0.00052	0.00164
15	0.00164	0.00126	0.01453	0.00188	0.00205	0.00115	0.02204	0.01135	0.00244	0.00325	0.00635	0.74822	0.00745	0.00355	0.00154	0.00049	0.00082	0.15356	0.00109	0.01533
16	0.93991	0.02834	0.00190	0.00160	0.00236	0.00276	0.00133	0.00355	0.00207	0.00535	0.00168	0.00196	0.00131	0.00112	0.00075	0.00037	0.00094	0.00065	0.00074	0.00131
17	0.00175	0.00118	0.00137	0.00137	0.00139	0.00120	0.00080	0.00179	0.00177	0.00238	0.00375	0.00761	0.00426	0.87111	0.09243	0.00124	0.00136	0.00171	0.00072	0.00076
18	0.12318	0.02408	0.74166	0.00318	0.01348	0.00283	0.01519	0.01776	0.00254	0.02140	0.00217	0.00256	0.00157	0.00934	0.00118	0.00039	0.01433	0.00088	0.00057	0.00171
19	0.00292	0.12658	0.21895	0.05110	0.46397	0.01779	0.04702	0.00902	0.00861	0.02133	0.00223	0.00279	0.00178	0.00111	0.00115	0.00035	0.00639	0.00099	0.00059	0.01533
20	0.00318	0.46090	0.14153	0.00281	0.03981	0.01183	0.07751	0.03129	0.15075	0.04817	0.00252	0.00272	0.00200	0.00119	0.00103	0.00033	0.01018	0.00092	0.00071	0.01063
21	0.00152	0.00119	0.00138	0.00143	0.00173	0.00105	0.00105	0.00186	0.00279	0.00358	0.21812	0.24992	0.47553	0.00312	0.00146	0.00043	0.00064	0.03101	0.00117	0.00104
22	0.00842	0.02098	0.12186	0.09937	0.15287	0.05214	0.09862	0.04177	0.22422	0.14160	0.00328	0.01227	0.00245	0.00135	0.00124	0.00038	0.00956	0.00494	0.00089	0.00178
23	0.13085	0.04132	0.17133	0.02766	0.12513	0.00852	0.03314	0.06046	0.04353	0.06931	0.19706	0.02715	0.01919	0.03160	0.00134	0.00040	0.00118	0.00838	0.00090	0.00155
24	0.00149	0.00124	0.00127	0.00127	0.00167	0.00105	0.00095	0.00184	0.01202	0.01193	0.04682	0.03511	0.87316	0.00303	0.00143	0.00041	0.00062	0.00253	0.00113	0.00104
25	0.00157	0.00117	0.00149	0.01307	0.00188	0.00109	0.00118	0.00194	0.01515	0.00352	0.20145	0.54294	0.14449	0.00940	0.00153	0.00046	0.00070	0.05477	0.00116	0.00104
26	0.07559	0.07898	0.08268	0.01243	0.12858	0.34577	0.03357	0.10763	0.04431	0.03310	0.00240	0.00285	0.00635	0.02727	0.00125	0.00037	0.00728	0.00727	0.00073	0.00160
27	0.03617	0.00236	0.03847	0.03914	0.15451	0.01335	0.02277	0.10139	0.04605	0.27435	0.01297	0.08617	0.10229	0.01460	0.00822	0.01471	0.01089	0.00149	0.01843	0.00167
28	0.00151	0.00110	0.00138	0.00157	0.00173	0.00101	0.00108	0.00178	0.00248	0.00328	0.06811	0.66548	0.19692	0.00347	0.00149	0.00046	0.00067	0.01343	0.03205	0.00100
29	0.08470	0.20675	0.11915	0.05590	0.04224	0.35535	0.01499	0.01675	0.01298	0.01616	0.00205	0.01033	0.00169	0.00123	0.00112	0.00033	0.03417	0.00085	0.02176	0.00150

[dist]
# distance from previous block
# <min> <max>
2	54

[block]
# block no. 9 follows, 269 sequences, length 11
# corresponding to MSA columns:
# 2593-2603
name=unknown_J
#
# <colnr> <probs for GDERKNQSTAVLIFYWHMCP>
#	G	D	E	R	K	N	Q	S	T	A	V	L	I	F	Y	W	H	M	C	P
0	0.00224	0.00203	0.00327	0.72282	0.04017	0.00242	0.00291	0.00299	0.01232	0.00329	0.06024	0.02251	0.02283	0.02715	0.00138	0.00041	0.01231	0.00123	0.03091	0.02656
1	0.00273	0.00295	0.00574	0.08341	0.00563	0.03024	0.65962	0.01578	0.04938	0.00394	0.08189	0.00417	0.03396	0.00129	0.00139	0.00040	0.00176	0.01345	0.00073	0.00155
2	0.00337	0.00364	0.00292	0.05414	0.01751	0.37958	0.00208	0.01573	0.34232	0.00390	0.05314	0.00433	0.05651	0.02213	0.00135	0.00039	0.01494	0.01958	0.00092	0.00154
3	0.00164	0.00124	0.00151	0.00150	0.00179	0.00113	0.00111	0.00214	0.02370	0.00414	0.53287	0.13452	0.25069	0.00282	0.00150	0.01658	0.00062	0.01817	0.00123	0.00109
4	0.00167	0.00111	0.00148	0.00171	0.00182	0.00103	0.00117	0.00190	0.00236	0.04671	0.00649	0.86090	0.00763	0.02770	0.00165	0.00050	0.00074	0.03126	0.00113	0.00103
5	0.00211	0.00118	0.00135	0.00141	0.00166	0.00115	0.00101	0.00260	0.02473	0.04755	0.03267	0.32696	0.02430	0.01630	0.00121	0.00038	0.00065	0.00198	0.50966	0.00113
6	0.00414	0.00305	0.00331	0.00258	0.00344	0.00334	0.00211	0.79901	0.00532	0.00718	0.15033	0.00385	0.00351	0.00161	0.00124	0.00037	0.00121	0.00126	0.00123	0.00191
7	0.00492	0.00191	0.00254	0.00199	0.00282	0.00167	0.00163	0.00541	0.00331	0.80346	0.00463	0.00417	0.00301	0.00148	0.00116	0.00036	0.00095	0.00120	0.15146	0.00191
8	0.00280	0.00238	0.00256	0.00231	0.00293	0.00271	0.00179	0.00577	0.80075	0.00502	0.15203	0.00521	0.00489	0.00177	0.00126	0.00040	0.00090	0.00149	0.00124	0.00179
9	0.00177	0.00119	0.00149	0.00164	0.00186	0.00111	0.00121	0.00211	0.00251	0.01735	0.02644	0.47240	0.11228	0.00312	0.00146	0.01237	0.00075	0.16080	0.15114	0.02701
10	0.01427	0.02737	0.02592	0.05475	0.19826	0.05959	0.02272	0.13938	0.23399	0.03738	0.15057	0.00423	0.00381	0.00151	0.00122	0.00037	0.00121	0.00129	0.00098	0.02117

[dist]
# distance from previous block
# <min> <max>
2	5

[block]
# block no. 10 follows, 269 sequences, length 8
# corresponding to MSA columns:
# 2627,2628,2631-2636
name=unknown_K
#
# <colnr> <probs for GDERKNQSTAVLIFYWHMCP>
#	G	D	E	R	K	N	Q	S	T	A	V	L	I	F	Y	W	H	M	C	P
0	0.00181	0.00125	0.00161	0.00157	0.00186	0.00114	0.00117	0.00229	0.00316	0.04405	0.63373	0.14546	0.11100	0.00272	0.00144	0.00041	0.00064	0.04228	0.00127	0.00114
1	0.00306	0.06792	0.20827	0.05420	0.10175	0.08701	0.20193	0.07408	0.08482	0.03620	0.01384	0.02440	0.02034	0.00134	0.00122	0.00038	0.00159	0.01522	0.00074	0.00168
2	0.00286	0.00285	0.07661	0.36922	0.21164	0.03823	0.06444	0.04799	0.00275	0.06153	0.01938	0.01647	0.00206	0.00137	0.00146	0.02424	0.05353	0.00113	0.00067	0.00157
3	0.00151	0.00109	0.00140	0.00164	0.00173	0.00102	0.00110	0.00172	0.00231	0.00304	0.00675	0.77112	0.07103	0.09259	0.00197	0.00055	0.00075	0.03664	0.00108	0.00096
4	0.13960	0.00218	0.00280	0.02567	0.00318	0.00210	0.04182	0.04792	0.06447	0.57998	0.05663	0.02192	0.00323	0.00152	0.00118	0.00038	0.00105	0.00124	0.00128	0.00183
5	0.22813	0.19739	0.15162	0.05380	0.05272	0.08447	0.06385	0.07076	0.02256	0.02560	0.00218	0.00253	0.00170	0.00117	0.00099	0.00035	0.00140	0.00087	0.03634	0.00157
6	0.00210	0.01225	0.06590	0.04845	0.02644	0.02486	0.04846	0.04112	0.04367	0.01266	0.12800	0.04389	0.33112	0.02610	0.01720	0.00046	0.01088	0.11417	0.00101	0.00127
7	0.00405	0.00283	0.00317	0.02570	0.00346	0.05287	0.03424	0.46103	0.07922	0.16322	0.00369	0.06819	0.00288	0.00164	0.00122	0.00038	0.00123	0.02450	0.06466	0.00182

[dist]
# distance from previous block
# <min> <max>
0	1

[block]
# block no. 11 follows, 269 sequences, length 12
# corresponding to MSA columns:
# 2639-2641,2643-2651
name=unknown_L
#
# <colnr> <probs for GDERKNQSTAVLIFYWHMCP>
#	G	D	E	R	K	N	Q	S	T	A	V	L	I	F	Y	W	H	M	C	P
0	0.00164	0.00126	0.00154	0.00178	0.00190	0.03608	0.00124	0.00190	0.00245	0.00321	0.05253	0.78813	0.00782	0.00358	0.00153	0.00048	0.00079	0.09000	0.00111	0.00102
1	0.02770	0.02221	0.09906	0.08620	0.33712	0.10414	0.02539	0.03057	0.05595	0.01575	0.04525	0.01637	0.03226	0.01595	0.00885	0.00040	0.05240	0.00804	0.01477	0.00162
2	0.02428	0.45473	0.08634	0.02721	0.02597	0.23823	0.03231	0.05361	0.01542	0.00336	0.00192	0.00225	0.00162	0.00116	0.00104	0.00031	0.02730	0.00079	0.00060	0.00156
3	0.00337	0.00218	0.00267	0.01881	0.00306	0.00182	0.00162	0.03161	0.01882	0.26238	0.00291	0.00300	0.00215	0.00112	0.00108	0.00025	0.02645	0.00089	0.00094	0.61485
4	0.00202	0.02226	0.03137	0.01788	0.02442	0.00957	0.01467	0.01031	0.02022	0.05115	0.45250	0.10845	0.18810	0.00250	0.00142	0.00040	0.01152	0.02149	0.00853	0.00123
5	0.00253	0.00865	0.00280	0.10315	0.00983	0.03272	0.02247	0.12527	0.04019	0.00386	0.08501	0.05420	0.03328	0.08398	0.08549	0.00064	0.19565	0.10168	0.00729	0.00132
6	0.00152	0.00121	0.00135	0.00135	0.00168	0.00106	0.00099	0.00187	0.00281	0.00358	0.23933	0.09774	0.57115	0.04965	0.01889	0.00047	0.00068	0.00248	0.00114	0.00103
7	0.07887	0.13502	0.01085	0.10290	0.19391	0.04451	0.10075	0.13090	0.05377	0.02459	0.01957	0.00311	0.00212	0.01171	0.01675	0.00040	0.06034	0.00754	0.00074	0.00164
8	0.06957	0.03228	0.02310	0.00193	0.00985	0.00859	0.00943	0.05309	0.01467	0.29166	0.21722	0.08328	0.11880	0.00890	0.00129	0.00038	0.00090	0.01047	0.00120	0.04340
9	0.04860	0.17757	0.06386	0.00273	0.06631	0.03514	0.01272	0.23963	0.10190	0.11192	0.01808	0.05348	0.02323	0.01356	0.00119	0.00037	0.00123	0.01440	0.00097	0.01311
10	0.08107	0.18160	0.20077	0.02467	0.07068	0.07196	0.03002	0.09262	0.07426	0.04254	0.02318	0.01995	0.00222	0.00129	0.00110	0.00034	0.01038	0.00900	0.00075	0.06160
11	0.07144	0.06844	0.15137	0.01334	0.09864	0.05813	0.01652	0.11143	0.08309	0.09369	0.03454	0.04429	0.03941	0.00162	0.01331	0.00039	0.02445	0.01587	0.00088	0.05915

[dist]
# distance from previous block
# <min> <max>
0	161

[block]
# block no. 12 follows, 269 sequences, length 35
# corresponding to MSA columns:
# 2943-2958,2960-2962,2964-2979
name=unknown_M
#
# <colnr> <probs for GDERKNQSTAVLIFYWHMCP>
#	G	D	E	R	K	N	Q	S	T	A	V	L	I	F	Y	W	H	M	C	P
0	0.09297	0.09307	0.14216	0.01154	0.08548	0.08625	0.07943	0.14024	0.05087	0.04217	0.03339	0.07045	0.02680	0.00444	0.00118	0.00037	0.00748	0.00123	0.00717	0.02332
1	0.05157	0.11116	0.13507	0.01905	0.04697	0.06417	0.06972	0.15650	0.08288	0.05066	0.03352	0.05539	0.03110	0.00150	0.00121	0.00036	0.02298	0.00638	0.00086	0.05895
2	0.07685	0.16425	0.25837	0.01398	0.02921	0.04109	0.03129	0.07669	0.10994	0.07946	0.02260	0.03028	0.01488	0.00613	0.00122	0.00037	0.03339	0.00443	0.00392	0.00167
3	0.04737	0.08861	0.10390	0.04753	0.14447	0.10910	0.03070	0.15470	0.05278	0.08713	0.04714	0.01283	0.00975	0.00143	0.00576	0.00037	0.01868	0.01499	0.01704	0.00575
4	0.00182	0.00125	0.00155	0.00154	0.00164	0.00130	0.00101	0.00954	0.00197	0.01665	0.03550	0.04623	0.03086	0.59561	0.22138	0.00123	0.01538	0.01387	0.00078	0.00089
5	0.00392	0.00812	0.00316	0.02689	0.07902	0.06679	0.02081	0.21160	0.16167	0.26482	0.03737	0.03918	0.03009	0.00853	0.00530	0.00039	0.01882	0.01055	0.00115	0.00181
6	0.00264	0.00161	0.00197	0.00176	0.00228	0.00971	0.00136	0.00330	0.07089	0.21308	0.27156	0.13132	0.15408	0.01002	0.00138	0.00040	0.00079	0.04075	0.00123	0.07987
7	0.00254	0.00222	0.00252	0.00181	0.00288	0.02004	0.00145	0.00307	0.00252	0.00392	0.00214	0.00250	0.00178	0.00090	0.00090	0.00018	0.00092	0.00072	0.00071	0.94628
8	0.00379	0.03224	0.23982	0.02127	0.03639	0.03047	0.01330	0.19236	0.05993	0.26982	0.02922	0.00362	0.02096	0.00141	0.00118	0.00037	0.00133	0.00867	0.00102	0.03282
9	0.02617	0.00311	0.01191	0.04032	0.11281	0.03236	0.60424	0.03861	0.03073	0.03878	0.00262	0.02029	0.00205	0.01213	0.00144	0.00041	0.01835	0.00134	0.00069	0.00165
10	0.00147	0.00106	0.00140	0.00167	0.00175	0.00098	0.00112	0.00168	0.00232	0.00309	0.00680	0.93127	0.03340	0.00376	0.00154	0.00049	0.00070	0.00341	0.00112	0.00098
11	0.00279	0.03535	0.02154	0.05533	0.36006	0.04314	0.10500	0.05520	0.01798	0.02258	0.11809	0.03370	0.06516	0.00603	0.00430	0.00039	0.02319	0.01675	0.01185	0.00160
12	0.00284	0.00323	0.00696	0.00500	0.00616	0.00308	0.90107	0.00382	0.00280	0.00382	0.00240	0.00323	0.00182	0.00107	0.00154	0.00041	0.04711	0.00141	0.00061	0.00161
13	0.00309	0.00268	0.01096	0.13213	0.09581	0.05712	0.02338	0.23928	0.03297	0.02288	0.00292	0.01079	0.02139	0.06912	0.09523	0.00393	0.15107	0.01188	0.01185	0.00153
14	0.00179	0.00128	0.00180	0.00178	0.00199	0.00140	0.00134	0.00219	0.00224	0.01466	0.17213	0.01444	0.01368	0.13247	0.57518	0.00143	0.01094	0.02453	0.02367	0.00106
15	0.00225	0.00147	0.00182	0.00172	0.00212	0.00140	0.00133	0.02342	0.07114	0.10783	0.40932	0.07276	0.15676	0.00267	0.02283	0.00044	0.00079	0.09351	0.02515	0.00128
16	0.00188	0.00160	0.01520	0.00239	0.13026	0.01018	0.00619	0.00246	0.03413	0.00402	0.36451	0.11979	0.24890	0.00257	0.00141	0.00041	0.00079	0.05096	0.00112	0.00123
17	0.00203	0.00144	0.00178	0.00166	0.00202	0.00140	0.00126	0.01069	0.11107	0.04383	0.71793	0.02145	0.04246	0.00235	0.00138	0.00039	0.00065	0.01418	0.02078	0.00127
18	0.00271	0.00227	0.01804	0.00189	0.00294	0.00177	0.00154	0.05362	0.02238	0.03316	0.00824	0.00267	0.00194	0.00098	0.00093	0.00020	0.00093	0.00078	0.00813	0.83486
19	0.03564	0.00229	0.00268	0.00214	0.00293	0.00228	0.01709	0.28346	0.03489	0.27610	0.00377	0.05100	0.00283	0.00152	0.00112	0.00034	0.00102	0.00934	0.16615	0.10341
20	0.11574	0.00286	0.00448	0.00659	0.80967	0.02322	0.00338	0.00373	0.00269	0.01326	0.00222	0.00286	0.00184	0.00109	0.00114	0.00036	0.00139	0.00102	0.00062	0.00183
21	0.00203	0.00163	0.00243	0.00226	0.00260	0.00159	0.12616	0.11038	0.00281	0.00375	0.02025	0.66077	0.02865	0.00309	0.00148	0.00046	0.00095	0.02040	0.00106	0.00725
22	0.00230	0.00217	0.00365	0.92005	0.03217	0.00270	0.00335	0.00310	0.00242	0.00310	0.00214	0.00321	0.00162	0.00121	0.00124	0.00040	0.01219	0.00107	0.00054	0.00136
23	0.00149	0.00106	0.00140	0.00167	0.00174	0.00099	0.00111	0.00169	0.00230	0.00306	0.00660	0.89479	0.01957	0.04309	0.00173	0.00052	0.00072	0.01438	0.00110	0.00097
24	0.00203	0.00133	0.00173	0.00158	0.00194	0.00122	0.00121	0.01209	0.00341	0.07668	0.82726	0.00860	0.03039	0.00238	0.00140	0.00038	0.00062	0.01078	0.00133	0.01365
25	0.01355	0.00223	0.00249	0.00216	0.00281	0.00240	0.00170	0.11840	0.42672	0.16043	0.09818	0.03243	0.02005	0.00174	0.00121	0.00038	0.00092	0.00934	0.10111	0.00174
26	0.00147	0.00106	0.00139	0.00166	0.00174	0.00098	0.00111	0.00168	0.00232	0.00308	0.00676	0.91796	0.03335	0.01714	0.00160	0.00050	0.00070	0.00338	0.00112	0.00098
27	0.02232	0.00166	0.00203	0.00182	0.00234	0.00599	0.00141	0.03589	0.07504	0.28453	0.18090	0.17420	0.15257	0.00922	0.01073	0.00043	0.00085	0.01964	0.01698	0.00145
