[name]
unknown

[dist]
# distance from previous block
# <min> <max>
0	455

[block]
# block no. 0 follows, 314 sequences, length 9
# corresponding to MSA columns:
# 982-984,986,987,989-992
name=unknown_A
#
# <colnr> <probs for GDERKNQSTAVLIFYWHMCP>
#	G	D	E	R	K	N	Q	S	T	A	V	L	I	F	Y	W	H	M	C	P
0	0.00187	0.00148	0.00179	0.00189	0.04772	0.00153	0.00131	0.04243	0.24951	0.01460	0.04169	0.44421	0.08243	0.00247	0.01748	0.00040	0.00076	0.01557	0.00097	0.02990
1	0.06345	0.01654	0.00276	0.05277	0.04988	0.17388	0.00189	0.28819	0.27176	0.00446	0.00286	0.04876	0.00228	0.00141	0.01418	0.00034	0.00118	0.00103	0.00086	0.00150
2	0.11838	0.01052	0.00828	0.04560	0.02826	0.01574	0.01587	0.06344	0.05343	0.05656	0.01931	0.13908	0.03568	0.03794	0.03049	0.04753	0.01045	0.01586	0.00815	0.23941
3	0.00177	0.00119	0.00148	0.00142	0.00165	0.00113	0.01471	0.03947	0.02393	0.04981	0.05585	0.24817	0.14002	0.25081	0.00258	0.10438	0.00080	0.01412	0.00084	0.04587
4	0.03102	0.00342	0.27511	0.00360	0.00470	0.00253	0.53227	0.05535	0.00243	0.00345	0.00201	0.00260	0.00151	0.00110	0.00134	0.04967	0.02489	0.00104	0.00053	0.00140
5	0.00247	0.00241	0.00379	0.37651	0.40301	0.05430	0.06698	0.04856	0.00241	0.00320	0.00193	0.00263	0.00153	0.00102	0.00111	0.00033	0.02495	0.00094	0.00052	0.00142
6	0.08958	0.00180	0.00209	0.00178	0.00236	0.01492	0.00140	0.06651	0.12685	0.37479	0.07013	0.10744	0.04736	0.03766	0.00124	0.00037	0.00085	0.01914	0.00108	0.03267
7	0.04518	0.00130	0.00162	0.01148	0.00191	0.00125	0.00114	0.02781	0.01975	0.22810	0.03272	0.30492	0.08404	0.10558	0.05708	0.02024	0.00088	0.01961	0.03427	0.00111
8	0.00132	0.00096	0.00123	0.00140	0.00152	0.00089	0.00097	0.00155	0.00214	0.00283	0.10662	0.66315	0.12420	0.03619	0.02053	0.00045	0.00065	0.03156	0.00097	0.00086

[dist]
# distance from previous block
# <min> <max>
1	2

[block]
# block no. 1 follows, 314 sequences, length 11
# corresponding to MSA columns:
# 995-1001,1010-1013
name=unknown_B
#
# <colnr> <probs for GDERKNQSTAVLIFYWHMCP>
#	G	D	E	R	K	N	Q	S	T	A	V	L	I	F	Y	W	H	M	C	P
0	0.08296	0.00127	0.00152	0.00142	0.00175	0.00122	0.00107	0.01419	0.02130	0.12178	0.42757	0.09451	0.08579	0.08022	0.00150	0.00040	0.00066	0.04603	0.01379	0.00107
1	0.76932	0.01462	0.00171	0.01125	0.01205	0.00227	0.00122	0.04213	0.02831	0.02045	0.01901	0.04617	0.01484	0.01205	0.00079	0.00034	0.00082	0.00078	0.00071	0.00117
2	0.02922	0.00288	0.04550	0.00234	0.00319	0.00300	0.00199	0.76772	0.03299	0.09659	0.00266	0.00261	0.00186	0.00124	0.00103	0.00032	0.00112	0.00094	0.00103	0.00175
3	0.24577	0.00195	0.00223	0.00178	0.00252	0.00194	0.00146	0.09782	0.04824	0.55267	0.00328	0.00301	0.00217	0.00121	0.00094	0.00032	0.00088	0.00092	0.02929	0.00159
4	0.02585	0.00118	0.00143	0.00137	0.00164	0.00110	0.00099	0.01185	0.01314	0.12871	0.26721	0.18575	0.14593	0.17394	0.00193	0.00047	0.00069	0.01496	0.02087	0.00100
5	0.15274	0.00171	0.00207	0.02770	0.02739	0.01244	0.01521	0.04646	0.07740	0.15804	0.05578	0.03199	0.05539	0.02086	0.00139	0.02663	0.04366	0.24102	0.00091	0.00123
6	0.06740	0.00210	0.00249	0.00195	0.00270	0.00210	0.00160	0.30546	0.01886	0.49518	0.04427	0.01739	0.00262	0.00132	0.00103	0.00032	0.00093	0.00105	0.02959	0.00166
7	0.00139	0.00097	0.00123	0.00139	0.00149	0.00091	0.00093	0.00157	0.00199	0.01668	0.03224	0.63702	0.07419	0.17418	0.01759	0.00054	0.00072	0.03322	0.00091	0.00084
8	0.00214	0.00157	0.00223	0.06461	0.07919	0.01261	0.04129	0.03461	0.04144	0.09252	0.08342	0.12905	0.03784	0.08177	0.14034	0.03606	0.04934	0.05553	0.01331	0.00113
9	0.00331	0.42577	0.00410	0.03930	0.01770	0.37472	0.00196	0.08321	0.00269	0.01999	0.00167	0.00193	0.00141	0.00102	0.00088	0.00026	0.01751	0.00067	0.00055	0.00133
10	0.00214	0.00185	0.00223	0.00163	0.00248	0.00147	0.02307	0.00264	0.02163	0.00335	0.02115	0.00254	0.00184	0.04369	0.00108	0.00021	0.02749	0.00072	0.00063	0.83815

[dist]
# distance from previous block
# <min> <max>
2	32

[block]
# block no. 2 follows, 314 sequences, length 11
# corresponding to MSA columns:
# 1046-1056
name=unknown_C
#
# <colnr> <probs for GDERKNQSTAVLIFYWHMCP>
#	G	D	E	R	K	N	Q	S	T	A	V	L	I	F	Y	W	H	M	C	P
0	0.00263	0.75108	0.06071	0.00195	0.00275	0.00378	0.00193	0.00301	0.00208	0.00256	0.02827	0.00200	0.00161	0.00118	0.01954	0.00029	0.11217	0.00066	0.00047	0.00131
1	0.00206	0.00149	0.00194	0.00194	0.00227	0.00152	0.02486	0.15180	0.02851	0.02231	0.00487	0.19971	0.00519	0.03818	0.00148	0.00045	0.00094	0.50842	0.00096	0.00110
2	0.00174	0.00114	0.00137	0.00128	0.00163	0.00100	0.00097	0.00212	0.00269	0.11379	0.42660	0.05789	0.37928	0.00230	0.00122	0.00034	0.00056	0.00197	0.00109	0.00103
3	0.01738	0.00174	0.00231	0.00187	0.00256	0.00159	0.00155	0.04567	0.00294	0.72872	0.02941	0.00453	0.00310	0.00150	0.00113	0.00034	0.01860	0.11074	0.02269	0.00162
4	0.00276	0.02868	0.00210	0.00171	0.00223	0.01493	0.00136	0.13859	0.11150	0.22012	0.31934	0.02949	0.04710	0.00190	0.03438	0.00037	0.00084	0.00141	0.03984	0.00136
5	0.00154	0.00114	0.00144	0.00154	0.00166	0.02173	0.02692	0.02374	0.00207	0.01321	0.01939	0.65837	0.00587	0.15601	0.00193	0.00050	0.00075	0.03101	0.03031	0.00088
6	0.71236	0.11331	0.00220	0.00155	0.00226	0.00261	0.00132	0.10427	0.00221	0.04758	0.00169	0.00186	0.00129	0.00101	0.00071	0.00031	0.00088	0.00063	0.00069	0.00125
7	0.05913	0.05138	0.74453	0.00261	0.00389	0.00234	0.00322	0.00308	0.00210	0.00320	0.00199	0.00269	0.00160	0.11224	0.00146	0.00040	0.00142	0.00084	0.00048	0.00140
8	0.00296	0.05895	0.00247	0.00199	0.00257	0.11281	0.00157	0.06713	0.38197	0.15987	0.13351	0.05110	0.01551	0.00152	0.00106	0.00033	0.00094	0.00125	0.00101	0.00147
9	0.00272	0.00234	0.00236	0.00211	0.00268	0.05885	0.00164	0.07476	0.73016	0.01930	0.00392	0.01849	0.00305	0.02838	0.00127	0.02677	0.00092	0.01773	0.00100	0.00155
10	0.61934	0.00200	0.00190	0.05807	0.00251	0.00222	0.00136	0.06802	0.02886	0.16993	0.00216	0.00233	0.00157	0.01747	0.00086	0.00034	0.00088	0.00074	0.01816	0.00129

[dist]
# distance from previous block
# <min> <max>
3	21

[block]
# block no. 3 follows, 314 sequences, length 18
# corresponding to MSA columns:
# 1082-1090,1094-1102
name=unknown_D
#
# <colnr> <probs for GDERKNQSTAVLIFYWHMCP>
#	G	D	E	R	K	N	Q	S	T	A	V	L	I	F	Y	W	H	M	C	P
0	0.00139	0.00098	0.00123	0.00139	0.00150	0.00091	0.00094	0.01073	0.00207	0.01638	0.03462	0.68260	0.11148	0.10122	0.00171	0.00047	0.00065	0.01355	0.01532	0.00086
1	0.00254	0.01338	0.11771	0.15403	0.17159	0.03474	0.08106	0.03625	0.02581	0.10835	0.01728	0.01462	0.05139	0.00148	0.04283	0.00037	0.00776	0.01717	0.00068	0.10097
2	0.01471	0.00226	0.00848	0.36655	0.11207	0.08945	0.05258	0.05480	0.01524	0.03550	0.01228	0.01413	0.00678	0.00597	0.07801	0.00790	0.04271	0.01036	0.00059	0.06963
3	0.00145	0.00107	0.00132	0.00147	0.00163	0.01498	0.00107	0.00171	0.00218	0.01187	0.07518	0.48820	0.14176	0.07079	0.01127	0.00047	0.00072	0.17101	0.00095	0.00088
4	0.00199	0.00184	0.00296	0.49775	0.05953	0.00215	0.04868	0.01406	0.00208	0.00282	0.00240	0.13411	0.00224	0.00170	0.04247	0.00041	0.11153	0.00121	0.00056	0.06952
5	0.00867	0.35287	0.11801	0.15005	0.03335	0.06635	0.06760	0.07030	0.03628	0.03998	0.00204	0.01462	0.00880	0.00107	0.00097	0.00030	0.02595	0.00083	0.00057	0.00139
6	0.00257	0.01132	0.03237	0.30705	0.26318	0.01059	0.10997	0.07576	0.02980	0.07558	0.01168	0.01332	0.01999	0.00113	0.00110	0.00033	0.01268	0.01098	0.00917	0.00143
7	0.07005	0.00125	0.00163	0.00183	0.00210	0.00126	0.00158	0.00218	0.00235	0.00321	0.00552	0.03243	0.05687	0.00275	0.00137	0.00046	0.00092	0.81034	0.00094	0.00097
8	0.00193	0.00823	0.04111	0.16578	0.15206	0.03311	0.03433	0.02432	0.01278	0.01505	0.01096	0.34846	0.02387	0.06993	0.01410	0.00043	0.00104	0.02187	0.01949	0.00112
9	0.01476	0.03717	0.06567	0.10059	0.06700	0.13793	0.05805	0.17967	0.01343	0.12017	0.03272	0.03696	0.01490	0.00137	0.00728	0.00034	0.09956	0.01026	0.00075	0.00142
10	0.00302	0.42011	0.00408	0.06982	0.00318	0.05989	0.00197	0.23427	0.08340	0.00365	0.00198	0.00222	0.00161	0.00115	0.00114	0.00029	0.10538	0.00078	0.00065	0.00143
11	0.00237	0.02372	0.09909	0.01384	0.04672	0.00172	0.01057	0.04843	0.02624	0.05829	0.08624	0.00283	0.00237	0.00100	0.00089	0.00022	0.00090	0.00082	0.00071	0.57303
12	0.02407	0.02031	0.53543	0.00248	0.00361	0.00228	0.01175	0.05267	0.15102	0.00375	0.09766	0.00314	0.01663	0.00119	0.00101	0.00032	0.00122	0.00096	0.00067	0.06983
13	0.97067	0.00202	0.00154	0.00137	0.00202	0.00234	0.00113	0.00307	0.00178	0.00469	0.00145	0.00170	0.00113	0.00097	0.00065	0.00032	0.00081	0.00057	0.00065	0.00113
14	0.01305	0.01920	0.00917	0.49551	0.01844	0.01752	0.06127	0.03351	0.01071	0.06462	0.07465	0.00750	0.01293	0.00825	0.09617	0.00048	0.01676	0.01643	0.02264	0.00120
15	0.00241	0.01907	0.05654	0.31471	0.04619	0.00228	0.20872	0.07431	0.05074	0.06681	0.07632	0.05072	0.01203	0.00128	0.00113	0.00034	0.00786	0.00651	0.00069	0.00134
16	0.00129	0.00105	0.00114	0.00115	0.00146	0.00090	0.00086	0.00159	0.00245	0.00305	0.17022	0.08565	0.70080	0.00261	0.00125	0.00036	0.00054	0.02173	0.00100	0.00090
17	0.00134	0.00093	0.00121	0.00143	0.00152	0.00087	0.00098	0.00156	0.00204	0.00278	0.00573	0.82591	0.03473	0.00309	0.00129	0.00041	0.00061	0.04340	0.06931	0.00086

[dist]
# distance from previous block
# <min> <max>
13	24

[block]
# block no. 4 follows, 314 sequences, length 11
# corresponding to MSA columns:
# 1257-1267
name=unknown_E
#
# <colnr> <probs for GDERKNQSTAVLIFYWHMCP>
#	G	D	E	R	K	N	Q	S	T	A	V	L	I	F	Y	W	H	M	C	P
0	0.07618	0.06376	0.08771	0.03599	0.07617	0.02878	0.07802	0.29436	0.08857	0.09153	0.01550	0.01947	0.01019	0.00121	0.00103	0.00032	0.00877	0.00768	0.01323	0.00154
1	0.00141	0.00101	0.00133	0.00152	0.00162	0.00099	0.00107	0.01932	0.00205	0.00278	0.00531	0.75147	0.00621	0.02515	0.05829	0.00051	0.01475	0.07350	0.03083	0.00088
2	0.01455	0.01388	0.01625	0.01298	0.01879	0.00155	0.01267	0.01661	0.00222	0.02192	0.00190	0.00221	0.00156	0.00082	0.00082	0.00018	0.01054	0.00065	0.00063	0.84929
3	0.00262	0.22157	0.27347	0.04025	0.05360	0.02565	0.02328	0.06434	0.02134	0.06982	0.00220	0.02537	0.01156	0.00106	0.00094	0.00028	0.01085	0.00083	0.00061	0.15034
4	0.41616	0.07085	0.01316	0.01042	0.02275	0.31704	0.01340	0.06456	0.01783	0.01216	0.00168	0.00195	0.00134	0.00111	0.01027	0.00031	0.02246	0.00067	0.00062	0.00125
5	0.00292	0.00233	0.00249	0.00215	0.00278	0.00264	0.00170	0.23984	0.64632	0.02224	0.00386	0.02683	0.00295	0.00144	0.00106	0.00035	0.00090	0.01662	0.01894	0.00164
6	0.00142	0.00099	0.00121	0.00127	0.00135	0.00095	0.00081	0.00158	0.00196	0.00265	0.17676	0.32847	0.03193	0.44034	0.00313	0.00067	0.00077	0.00209	0.00085	0.00078
7	0.97067	0.00202	0.00154	0.00137	0.00202	0.00234	0.00113	0.00307	0.00178	0.00469	0.00145	0.00170	0.00113	0.00097	0.00065	0.00032	0.00081	0.00057	0.00065	0.00113
8	0.02818	0.00200	0.01608	0.43513	0.15599	0.01499	0.01276	0.00296	0.00215	0.11572	0.00223	0.01278	0.00177	0.03012	0.06031	0.01289	0.09108	0.00098	0.00059	0.00128
9	0.00301	0.01791	0.30842	0.00240	0.01576	0.01375	0.04770	0.04610	0.11835	0.29083	0.06743	0.00352	0.02047	0.00128	0.00107	0.00033	0.00891	0.01257	0.01859	0.00155
10	0.00149	0.00111	0.00165	0.00165	0.00183	0.00129	0.00127	0.00185	0.00167	0.00240	0.00282	0.00424	0.00267	0.05613	0.91094	0.00165	0.00271	0.00114	0.00056	0.00092

[dist]
# distance from previous block
# <min> <max>
1	2

[block]
# block no. 5 follows, 314 sequences, length 6
# corresponding to MSA columns:
# 1273-1278
name=unknown_F
#
# <colnr> <probs for GDERKNQSTAVLIFYWHMCP>
#	G	D	E	R	K	N	Q	S	T	A	V	L	I	F	Y	W	H	M	C	P
0	0.03067	0.16862	0.04251	0.20485	0.14258	0.10952	0.04813	0.03596	0.08817	0.03570	0.01320	0.01460	0.01278	0.00114	0.00103	0.00031	0.02469	0.01272	0.01147	0.00137
1	0.00161	0.00100	0.00130	0.00131	0.00135	0.00102	0.00085	0.00155	0.00154	0.00207	0.00294	0.00578	0.00323	0.51954	0.10479	0.28715	0.00117	0.06057	0.00059	0.00063
2	0.00161	0.00129	0.00162	0.02771	0.00203	0.04193	0.02513	0.03587	0.00225	0.00292	0.00536	0.61451	0.03328	0.00289	0.00132	0.00042	0.00080	0.19717	0.00093	0.00094
3	0.06945	0.44273	0.12548	0.02309	0.09037	0.05128	0.05677	0.03635	0.02635	0.01951	0.00195	0.01605	0.01547	0.00104	0.00090	0.00028	0.02023	0.00078	0.00054	0.00139
4	0.02008	0.10834	0.03743	0.27996	0.18336	0.01745	0.01502	0.07097	0.07015	0.03474	0.04422	0.01321	0.02091	0.00132	0.01338	0.01600	0.02987	0.01082	0.00064	0.01213
5	0.00252	0.00331	0.18712	0.08995	0.00340	0.28087	0.03246	0.00305	0.01898	0.00278	0.00215	0.03956	0.00188	0.01826	0.10473	0.05096	0.10335	0.00095	0.05256	0.00117

[dist]
# distance from previous block
# <min> <max>
0	2

[block]
# block no. 6 follows, 314 sequences, length 15
# corresponding to MSA columns:
# 1281-1295
name=unknown_G
#
# <colnr> <probs for GDERKNQSTAVLIFYWHMCP>
#	G	D	E	R	K	N	Q	S	T	A	V	L	I	F	Y	W	H	M	C	P
0	0.26512	0.00993	0.01062	0.21229	0.14772	0.18301	0.03561	0.01021	0.01187	0.01127	0.00175	0.00231	0.00142	0.00109	0.00113	0.00033	0.08570	0.00680	0.00056	0.00126
1	0.00161	0.07450	0.00163	0.00132	0.00156	0.00124	0.00097	0.00192	0.00237	0.01933	0.43310	0.06393	0.09297	0.24682	0.03493	0.00055	0.00078	0.01864	0.00092	0.00092
2	0.02315	0.05072	0.03752	0.00225	0.00302	0.01395	0.01676	0.43519	0.28576	0.00509	0.01510	0.00288	0.00221	0.00125	0.00107	0.00031	0.02638	0.00097	0.00093	0.07548
3	0.00242	0.00187	0.00225	0.00163	0.00254	0.00145	0.01714	0.01938	0.00229	0.08740	0.00210	0.00233	0.00166	0.00084	0.00081	0.00018	0.00080	0.00068	0.01606	0.83618
4	0.01537	0.81914	0.03378	0.00190	0.00278	0.01989	0.01574	0.00334	0.07481	0.00267	0.00169	0.00188	0.00148	0.00094	0.00072	0.00024	0.00113	0.00062	0.00050	0.00137
5	0.03130	0.16525	0.06599	0.00230	0.00309	0.00288	0.07441	0.17394	0.39628	0.05203	0.02002	0.00307	0.00241	0.00122	0.00099	0.00032	0.00105	0.00100	0.00087	0.00158
6	0.07586	0.00187	0.00301	0.88760	0.00680	0.00232	0.00277	0.00270	0.00207	0.00282	0.00183	0.00270	0.00137	0.00104	0.00101	0.00035	0.00135	0.00090	0.00048	0.00116
7	0.00273	0.06341	0.05473	0.04617	0.02682	0.00196	0.08353	0.07125	0.04695	0.19850	0.06701	0.08016	0.00914	0.00152	0.00112	0.00033	0.01785	0.09604	0.00087	0.12992
8	0.00913	0.05835	0.06422	0.00941	0.02109	0.00925	0.01755	0.02078	0.08933	0.09023	0.00244	0.01382	0.00810	0.00119	0.02483	0.00484	0.01224	0.00656	0.01955	0.51710
9	0.00717	0.00519	0.00554	0.00522	0.00599	0.00442	0.00356	0.00648	0.05980	0.02845	0.75664	0.01426	0.03380	0.00548	0.00356	0.00131	0.00250	0.00354	0.00291	0.04417
10	0.07621	0.00228	0.02143	0.37640	0.21408	0.01961	0.10655	0.02218	0.00222	0.02650	0.00198	0.01776	0.00160	0.00113	0.00128	0.00035	0.09870	0.00787	0.00054	0.00132
11	0.00154	0.00108	0.00135	0.00134	0.00138	0.00116	0.00086	0.00164	0.00157	0.00215	0.00316	0.02941	0.00350	0.67734	0.23064	0.00113	0.03796	0.00144	0.00062	0.00073
12	0.00147	0.00108	0.00133	0.00129	0.00158	0.00098	0.00099	0.00189	0.00274	0.01795	0.58399	0.02275	0.28603	0.00234	0.00125	0.00035	0.00054	0.06942	0.00108	0.00096
13	0.01256	0.82254	0.05300	0.00192	0.00283	0.02157	0.01998	0.02177	0.00221	0.01808	0.00157	0.00181	0.00139	0.00101	0.01387	0.00026	0.00118	0.00061	0.00048	0.00136
14	0.01829	0.77202	0.01850	0.00191	0.00275	0.06904	0.00182	0.02725	0.06487	0.00274	0.00168	0.00187	0.00147	0.00096	0.00076	0.00024	0.01132	0.00062	0.00051	0.00136

[dist]
# distance from previous block
# <min> <max>
0	1

[block]
# block no. 7 follows, 314 sequences, length 24
# corresponding to MSA columns:
# 1297,1305-1324,1329-1331
name=unknown_H
#
# <colnr> <probs for GDERKNQSTAVLIFYWHMCP>
#	G	D	E	R	K	N	Q	S	T	A	V	L	I	F	Y	W	H	M	C	P
0	0.00234	0.06264	0.34109	0.01715	0.02674	0.00200	0.01503	0.00760	0.02596	0.07550	0.02873	0.00951	0.04369	0.00106	0.00093	0.00026	0.00109	0.00086	0.00064	0.33720
1	0.00225	0.11584	0.74265	0.00277	0.00413	0.01920	0.02014	0.00334	0.02352	0.01910	0.02915	0.00244	0.00167	0.00104	0.00097	0.00032	0.00144	0.00804	0.00050	0.00150
2	0.00153	0.04676	0.03243	0.00156	0.00799	0.00113	0.01403	0.00179	0.00206	0.02168	0.00514	0.74175	0.01955	0.00281	0.00126	0.00631	0.00604	0.00251	0.08274	0.00094
3	0.02206	0.00182	0.00838	0.03517	0.01488	0.00162	0.00786	0.03139	0.00295	0.80537	0.03272	0.00370	0.00274	0.00134	0.00108	0.00716	0.00092	0.01595	0.00121	0.00169
4	0.00150	0.00111	0.00165	0.00165	0.00182	0.00128	0.00127	0.00184	0.00166	0.00239	0.00279	0.00418	0.00263	0.04309	0.89660	0.02925	0.00268	0.00113	0.00056	0.00091
5	0.00152	0.00109	0.00139	0.00132	0.00159	0.00101	0.00099	0.00201	0.01492	0.01861	0.79485	0.02387	0.11113	0.00220	0.00123	0.00034	0.00052	0.01930	0.00113	0.00099
6	0.00189	0.00120	0.00160	0.00171	0.00201	0.00114	0.00143	0.00229	0.00242	0.10517	0.03403	0.12137	0.14108	0.00273	0.00968	0.00044	0.00085	0.55889	0.00902	0.00103
7	0.00241	0.00241	0.00477	0.03287	0.01851	0.00233	0.62709	0.01144	0.09162	0.04413	0.00294	0.10864	0.00255	0.00131	0.00122	0.00036	0.00145	0.04192	0.00068	0.00137
8	0.00197	0.00186	0.00313	0.96078	0.00719	0.00232	0.00290	0.00267	0.00209	0.00267	0.00186	0.00279	0.00139	0.00104	0.00104	0.00035	0.00139	0.00093	0.00046	0.00116
9	0.00188	0.00129	0.00179	0.00173	0.00198	0.02273	0.00135	0.01155	0.00187	0.09281	0.00292	0.01639	0.00263	0.01667	0.80707	0.00147	0.01108	0.00113	0.00064	0.00102
10	0.00209	0.00194	0.00322	0.95930	0.00728	0.00239	0.00295	0.00276	0.00217	0.00279	0.00197	0.00294	0.00150	0.00112	0.00110	0.00037	0.00143	0.00097	0.00050	0.00122
11	0.00219	0.05259	0.76173	0.00312	0.00454	0.00255	0.13993	0.00329	0.00223	0.00326	0.00188	0.00227	0.00136	0.00098	0.00104	0.00033	0.01391	0.00083	0.00045	0.00151
12	0.01822	0.00139	0.00159	0.00144	0.00181	0.00140	0.00111	0.12570	0.06887	0.01148	0.44755	0.02623	0.10730	0.00188	0.00110	0.00032	0.00062	0.01511	0.16573	0.00113
13	0.00229	0.00229	0.00320	0.00274	0.00274	0.00320	0.00229	0.00251	0.00160	0.00251	0.00137	0.00229	0.00137	0.00183	0.00343	0.00046	0.96137	0.00091	0.00046	0.00114
14	0.00279	0.96392	0.00547	0.00179	0.00268	0.00413	0.00179	0.00313	0.00212	0.00246	0.00145	0.00168	0.00134	0.00089	0.00067	0.00022	0.00112	0.00056	0.00045	0.00134
15	0.00143	0.00099	0.00121	0.00131	0.00137	0.00095	0.00084	0.00155	0.00183	0.00244	0.04386	0.37061	0.03095	0.46875	0.00330	0.01202	0.00082	0.05423	0.00081	0.00075
16	0.00172	0.00125	0.00157	0.00156	0.00174	0.02461	0.00116	0.01863	0.05324	0.00276	0.09845	0.11407	0.05805	0.08323	0.22714	0.19279	0.02272	0.07331	0.02112	0.00087
17	0.00229	0.00229	0.00320	0.00274	0.00274	0.00320	0.00229	0.00251	0.00160	0.00251	0.00137	0.00229	0.00137	0.00183	0.00343	0.00046	0.96137	0.00091	0.00046	0.00114
18	0.00284	0.00180	0.00209	0.00182	0.00237	0.00188	0.00143	0.05042	0.39490	0.23424	0.18415	0.06322	0.00444	0.00162	0.00109	0.00034	0.00076	0.00137	0.04774	0.00148
19	0.00140	0.00104	0.00129	0.00142	0.00158	0.00098	0.00099	0.03021	0.01850	0.00300	0.10522	0.64665	0.15542	0.01331	0.00134	0.00041	0.00061	0.01475	0.00099	0.00091
20	0.00191	0.00142	0.00162	0.00165	0.00188	0.00899	0.00116	0.02042	0.22923	0.01289	0.02244	0.45581	0.00520	0.14516	0.00789	0.00051	0.00079	0.01007	0.06985	0.00111
21	0.66308	0.06477	0.02565	0.02852	0.01209	0.08025	0.01232	0.04077	0.00207	0.01687	0.00172	0.02983	0.00142	0.00812	0.00080	0.00032	0.00885	0.00070	0.00064	0.00119
22	0.00153	0.00111	0.00154	0.00171	0.00190	0.00108	0.02236	0.00189	0.00221	0.00292	0.00557	0.35024	0.04373	0.05170	0.00157	0.00047	0.00083	0.48043	0.02629	0.00091
23	0.03900	0.01955	0.00242	0.03799	0.04807	0.00949	0.00148	0.04196	0.00989	0.00351	0.00187	0.00221	0.00154	0.00086	0.00089	0.00020	0.03273	0.00067	0.00062	0.74503

[dist]
# distance from previous block
# <min> <max>
6	56

[block]
# block no. 8 follows, 314 sequences, length 19
# corresponding to MSA columns:
# 1390-1400,1403-1410
name=unknown_I
#
# <colnr> <probs for GDERKNQSTAVLIFYWHMCP>
#	G	D	E	R	K	N	Q	S	T	A	V	L	I	F	Y	W	H	M	C	P
0	0.00170	0.00127	0.00151	0.00145	0.00175	0.00124	0.00108	0.09616	0.04924	0.00383	0.41307	0.23162	0.16264	0.00240	0.01038	0.00037	0.00063	0.00204	0.01657	0.00105
1	0.02771	0.00167	0.00219	0.00177	0.00242	0.00153	0.01291	0.01623	0.07681	0.60142	0.20269	0.02151	0.02337	0.00153	0.00109	0.00033	0.00080	0.00128	0.00120	0.00155
2	0.00138	0.00102	0.00137	0.00142	0.00160	0.00094	0.01768	0.00172	0.00246	0.00337	0.43559	0.46562	0.05652	0.00268	0.00128	0.00038	0.00057	0.00241	0.00104	0.00092
3	0.00259	0.00248	0.00424	0.00641	0.95677	0.00248	0.00321	0.00321	0.00238	0.00341	0.00196	0.00259	0.00165	0.00093	0.00103	0.00031	0.00124	0.00093	0.00052	0.00165
4	0.01272	0.00113	0.00157	0.00148	0.00169	0.00110	0.00109	0.00220	0.01757	0.15224	0.11485	0.02503	0.01638	0.02555	0.06855	0.49888	0.00097	0.04689	0.00928	0.00083
5	0.00145	0.00102	0.00118	0.00119	0.00128	0.00098	0.00075	0.00159	0.00191	0.00254	0.15728	0.07780	0.14516	0.58455	0.01637	0.00077	0.00085	0.00178	0.00079	0.00075
6	0.00210	0.00540	0.95787	0.00298	0.00452	0.00243	0.00386	0.00331	0.00221	0.00331	0.00187	0.00221	0.00132	0.00099	0.00099	0.00033	0.00154	0.00077	0.00044	0.00154
7	0.05602	0.00134	0.00167	0.00149	0.00184	0.00128	0.00109	0.00291	0.01616	0.32654	0.01178	0.08461	0.00351	0.36439	0.01976	0.04668	0.00094	0.04529	0.01158	0.00110
8	0.00908	0.00178	0.07983	0.00819	0.00238	0.00143	0.03723	0.01400	0.03289	0.31133	0.19572	0.06825	0.16676	0.02810	0.00709	0.00037	0.00591	0.01651	0.01186	0.00130
9	0.00282	0.00333	0.00506	0.00381	0.00463	0.25206	0.61944	0.00349	0.00252	0.00307	0.00192	0.00253	0.00150	0.00102	0.00135	0.00034	0.08819	0.00106	0.00052	0.00133
10	0.00228	0.00186	0.00205	0.00194	0.00238	0.00955	0.00150	0.02016	0.58546	0.01625	0.00449	0.09106	0.01473	0.08436	0.01829	0.00046	0.00089	0.13995	0.00099	0.00137
11	0.59549	0.01787	0.00194	0.04630	0.02982	0.01707	0.03102	0.01661	0.00812	0.00402	0.02500	0.11768	0.00222	0.01679	0.04563	0.00041	0.02121	0.00099	0.00068	0.00112
12	0.00129	0.00093	0.00122	0.00144	0.00152	0.00086	0.00097	0.00148	0.00202	0.00269	0.01904	0.87048	0.03794	0.02774	0.00143	0.00044	0.00062	0.02606	0.00096	0.00085
13	0.00217	0.00186	0.00217	0.00155	0.00248	0.00139	0.00124	0.00263	0.00217	0.00340	0.00186	0.00217	0.00155	0.00077	0.00077	0.00015	0.00077	0.00062	0.00062	0.96967
14	0.00170	0.00120	0.00164	0.00180	0.00206	0.00119	0.00154	0.01547	0.00253	0.01387	0.16738	0.03341	0.01779	0.00272	0.00139	0.00045	0.00087	0.73099	0.00100	0.00098
15	0.01466	0.00149	0.00161	0.00143	0.00188	0.01124	0.00112	0.03103	0.19975	0.16585	0.00362	0.00373	0.00270	0.00126	0.00086	0.00028	0.00067	0.00102	0.54384	0.01197
16	0.16527	0.00145	0.00168	0.00152	0.00197	0.00142	0.00118	0.01222	0.03027	0.25261	0.11415	0.10983	0.13189	0.04764	0.03203	0.02879	0.00082	0.05520	0.00888	0.00118
17	0.04688	0.00111	0.00136	0.00150	0.00167	0.00108	0.00105	0.01977	0.03969	0.03598	0.00545	0.68527	0.04877	0.05418	0.00149	0.00044	0.00068	0.05173	0.00095	0.00094
18	0.31494	0.00247	0.00252	0.00199	0.00277	0.00271	0.00165	0.51226	0.00363	0.14182	0.00240	0.00240	0.00168	0.00117	0.00092	0.00032	0.00100	0.00084	0.00095	0.00157

[dist]
# distance from previous block
# <min> <max>
1	4

[block]
# block no. 9 follows, 314 sequences, length 6
# corresponding to MSA columns:
# 1419,1420,1424,1425,1427,1428
name=unknown_J
#
# <colnr> <probs for GDERKNQSTAVLIFYWHMCP>
#	G	D	E	R	K	N	Q	S	T	A	V	L	I	F	Y	W	H	M	C	P
0	0.13444	0.00124	0.00136	0.00130	0.00151	0.00125	0.00088	0.00214	0.02913	0.06959	0.12385	0.08936	0.03085	0.48368	0.00325	0.02213	0.00085	0.00153	0.00079	0.00088
1	0.57013	0.00213	0.00197	0.00165	0.00235	0.04391	0.00135	0.06573	0.00240	0.29597	0.00235	0.00233	0.00163	0.00109	0.00081	0.00032	0.00090	0.00074	0.00087	0.00137
2	0.01804	0.00173	0.00218	0.00173	0.00239	0.00155	0.03551	0.04683	0.05834	0.09690	0.17654	0.03030	0.02468	0.01690	0.03039	0.00032	0.02388	0.01676	0.00084	0.41420
3	0.05110	0.00126	0.00153	0.00149	0.00177	0.00124	0.00109	0.02378	0.05340	0.13013	0.13236	0.29203	0.08103	0.13860	0.02692	0.01878	0.00079	0.04071	0.00096	0.00104
4	0.02033	0.00200	0.00281	0.49632	0.05411	0.02226	0.01585	0.01675	0.20468	0.01598	0.00310	0.02135	0.06575	0.00130	0.00110	0.00035	0.01851	0.01379	0.00067	0.02299
5	0.00146	0.00104	0.00131	0.00146	0.00158	0.00100	0.00101	0.03863	0.00217	0.00292	0.06480	0.64200	0.04461	0.09807	0.00170	0.00047	0.00068	0.06770	0.02651	0.00088

[dist]
# distance from previous block
# <min> <max>
8	23

[block]
# block no. 10 follows, 314 sequences, length 42
# corresponding to MSA columns:
# 1568-1579,1592-1602,1605,1606,1608-1616,1623-1630
name=unknown_K
#
# <colnr> <probs for GDERKNQSTAVLIFYWHMCP>
#	G	D	E	R	K	N	Q	S	T	A	V	L	I	F	Y	W	H	M	C	P
0	0.01417	0.04804	0.15584	0.02709	0.07249	0.01770	0.05666	0.07408	0.18464	0.01190	0.10516	0.02152	0.05013	0.00174	0.04487	0.00041	0.11030	0.00116	0.00075	0.00138
1	0.01234	0.00986	0.00171	0.01016	0.00189	0.01033	0.00855	0.00189	0.01445	0.00256	0.02239	0.24496	0.00376	0.04326	0.54120	0.01579	0.05172	0.00159	0.00068	0.00093
2	0.11554	0.00115	0.00130	0.00748	0.00160	0.00112	0.00096	0.00188	0.01087	0.01960	0.19003	0.33366	0.18905	0.09453	0.00524	0.00883	0.00066	0.01468	0.00093	0.00092
3	0.00230	0.01181	0.00932	0.00166	0.01240	0.01245	0.00132	0.03539	0.00229	0.02340	0.00978	0.00565	0.00166	0.00084	0.00082	0.00468	0.00081	0.00066	0.00065	0.86211
4	0.00183	0.00096	0.00147	0.00147	0.01240	0.00096	0.01510	0.00142	0.00140	0.00187	0.00184	0.00319	0.00183	0.00366	0.02699	0.92078	0.00097	0.00092	0.00046	0.00049
5	0.00430	0.00175	0.00233	0.00182	0.00257	0.00155	0.00149	0.02970	0.02400	0.81809	0.05891	0.00404	0.04172	0.00140	0.00107	0.00033	0.00086	0.00115	0.00126	0.00169
6	0.00149	0.00110	0.00132	0.00751	0.00161	0.01083	0.00099	0.00184	0.02422	0.02514	0.25164	0.34357	0.24011	0.02490	0.01151	0.01565	0.00063	0.02442	0.01058	0.00093
7	0.00557	0.02336	0.03626	0.43990	0.15959	0.02633	0.18741	0.03831	0.01678	0.02238	0.00205	0.00529	0.00158	0.00688	0.00571	0.00035	0.00770	0.00396	0.00054	0.01005
8	0.00330	0.00277	0.01854	0.00211	0.00270	0.26529	0.02310	0.11393	0.14656	0.18072	0.05049	0.01136	0.00270	0.00132	0.00100	0.00031	0.00113	0.02599	0.14526	0.00140
9	0.79242	0.00199	0.00170	0.00147	0.00214	0.00223	0.00121	0.02560	0.00204	0.14939	0.00190	0.00202	0.00138	0.00103	0.00072	0.00032	0.00083	0.00065	0.00972	0.00124
10	0.03416	0.00188	0.00755	0.21195	0.04316	0.01850	0.04276	0.13869	0.04417	0.06804	0.04217	0.13768	0.01002	0.06133	0.01594	0.02781	0.01846	0.04772	0.00433	0.02369
11	0.01800	0.02144	0.04108	0.20370	0.13387	0.19252	0.14179	0.11170	0.04383	0.02094	0.00679	0.00272	0.01333	0.00111	0.00112	0.00032	0.03225	0.00820	0.00390	0.00139
12	0.02531	0.00201	0.00240	0.00189	0.00261	0.00198	0.00155	0.27163	0.03094	0.50499	0.01928	0.00334	0.00248	0.00128	0.00100	0.00031	0.00090	0.00102	0.12343	0.00164
13	0.00268	0.02397	0.07245	0.14774	0.34430	0.04925	0.04515	0.07731	0.08221	0.04676	0.01222	0.00271	0.00182	0.00108	0.00112	0.00032	0.04068	0.00093	0.00063	0.04665
14	0.00681	0.12158	0.09347	0.00165	0.00668	0.01743	0.00142	0.07645	0.01507	0.00326	0.00283	0.07463	0.00268	0.20315	0.01177	0.00044	0.02801	0.00509	0.21201	0.11559
15	0.00136	0.00098	0.00126	0.00139	0.00152	0.00092	0.00097	0.00161	0.00220	0.00295	0.19801	0.53857	0.09239	0.08731	0.01946	0.00048	0.00067	0.04613	0.00097	0.00087
16	0.00145	0.00110	0.00145	0.00159	0.00181	0.00104	0.01385	0.00179	0.00227	0.00291	0.01728	0.31732	0.24342	0.00291	0.00137	0.00043	0.01026	0.37588	0.00096	0.00091
17	0.04712	0.02085	0.00269	0.00232	0.00289	0.57606	0.00178	0.14762	0.04232	0.01975	0.00211	0.00232	0.00166	0.00113	0.00092	0.00028	0.00147	0.00077	0.11833	0.00760
18	0.00145	0.00107	0.00131	0.00128	0.00153	0.00097	0.00095	0.00187	0.01004	0.00993	0.61325	0.07556	0.22364	0.02232	0.00589	0.00036	0.00054	0.01162	0.01547	0.00095
19	0.00157	0.00838	0.01932	0.01388	0.00699	0.00138	0.00136	0.00192	0.00173	0.00246	0.01021	0.00457	0.00282	0.09431	0.73457	0.01439	0.02900	0.04330	0.00058	0.00727
20	0.00159	0.00103	0.00143	0.00143	0.00152	0.00111	0.00100	0.00163	0.00156	0.00216	0.00955	0.01052	0.01069	0.26460	0.41235	0.27363	0.00174	0.00119	0.00056	0.00072
21	0.00210	0.00540	0.95787	0.00298	0.00452	0.00243	0.00386	0.00331	0.00221	0.00331	0.00187	0.00221	0.00132	0.00099	0.00099	0.00033	0.00154	0.00077	0.00044	0.00154
22	0.00239	0.06214	0.26092	0.20577	0.29635	0.04270	0.08319	0.00319	0.01094	0.00952	0.00191	0.00247	0.00149	0.00099	0.00104	0.00032	0.01181	0.00088	0.00049	0.00146
23	0.00208	0.00250	0.15014	0.38021	0.02778	0.01881	0.03999	0.01067	0.00205	0.00284	0.02050	0.04966	0.00194	0.00165	0.03958	0.00758	0.21715	0.01171	0.01195	0.00121
24	0.00163	0.00094	0.00129	0.00135	0.00137	0.00093	0.00088	0.00144	0.00156	0.00208	0.00310	0.19579	0.01143	0.21268	0.00928	0.52491	0.00088	0.02725	0.00061	0.00059
25	0.04290	0.12571	0.61034	0.00669	0.00389	0.02134	0.01905	0.02268	0.01616	0.02579	0.00193	0.00903	0.00148	0.00114	0.00823	0.00034	0.07047	0.00742	0.00395	0.00146
26	0.00240	0.06643	0.11947	0.09829	0.10019	0.01064	0.36889	0.02028	0.13054	0.00338	0.00249	0.02636	0.00202	0.00114	0.00113	0.00412	0.00637	0.03381	0.00061	0.00142
27	0.00284	0.37367	0.01875	0.01358	0.03319	0.12561	0.00850	0.10403	0.02099	0.00327	0.00181	0.00208	0.00152	0.00100	0.00820	0.00024	0.00115	0.00381	0.00059	0.27518
28	0.00143	0.00103	0.00129	0.00136	0.00155	0.00096	0.00098	0.00173	0.00594	0.02228	0.23697	0.41406	0.20126	0.04304	0.00147	0.00041	0.01141	0.03930	0.01261	0.00091
29	0.06564	0.33054	0.29866	0.02045	0.01846	0.01833	0.04608	0.03495	0.03992	0.04631	0.03207	0.00597	0.01125	0.00689	0.00095	0.00030	0.01459	0.00081	0.00058	0.00724
30	0.00719	0.29198	0.40346	0.00248	0.00359	0.01957	0.04867	0.08272	0.00980	0.05867	0.02807	0.01398	0.00180	0.00109	0.00097	0.00030	0.01658	0.00704	0.00058	0.00147
31	0.00135	0.00096	0.00125	0.00142	0.00151	0.00091	0.00097	0.00157	0.00209	0.00282	0.12670	0.65911	0.02013	0.11405	0.00178	0.00048	0.00066	0.05276	0.00863	0.00085
32	0.00201	0.00190	0.00322	0.80622	0.07125	0.00230	0.03408	0.00269	0.00211	0.00275	0.00198	0.02395	0.00157	0.00117	0.01115	0.00036	0.01617	0.00099	0.01295	0.00119
33	0.02064	0.03889	0.19518	0.17733	0.16663	0.03793	0.10957	0.04172	0.02585	0.12741	0.00236	0.01048	0.00668	0.00114	0.00687	0.00034	0.02013	0.00873	0.00064	0.00147
34	0.00224	0.07270	0.57777	0.13618	0.08941	0.00651	0.03164	0.03637	0.00841	0.00328	0.00800	0.01236	0.00852	0.00104	0.00100	0.00032	0.00143	0.00085	0.00049	0.00147
35	0.00136	0.00095	0.00124	0.00142	0.00152	0.00089	0.00098	0.00150	0.00199	0.00261	0.00579	0.66086	0.11117	0.03767	0.00877	0.09200	0.00068	0.06687	0.00091	0.00082
36	0.51490	0.01334	0.00696	0.07354	0.04504	0.25287	0.01672	0.01955	0.00221	0.00384	0.00162	0.00196	0.00129	0.00103	0.00085	0.00031	0.02079	0.00067	0.02131	0.00119
37	0.00130	0.00106	0.00114	0.00116	0.00146	0.00091	0.00085	0.00158	0.00236	0.00292	0.10525	0.09575	0.68886	0.04706	0.01005	0.00040	0.00059	0.02439	0.00096	0.01196
38	0.01004	0.04119	0.31606	0.00966	0.01185	0.01987	0.04574	0.02844	0.09049	0.01459	0.06665	0.06550	0.08542	0.04350	0.03906	0.03956	0.00118	0.00624	0.00069	0.06430
39	0.00226	0.05565	0.06316	0.06180	0.09594	0.01040	0.01883	0.02170	0.06763	0.03334	0.04931	0.07180	0.02351	0.00988	0.00100	0.00027	0.00399	0.01496	0.00070	0.39385
40	0.00251	0.01345	0.00207	0.00161	0.00842	0.01233	0.00126	0.00990	0.00231	0.17475	0.01049	0.08648	0.02169	0.03728	0.01566	0.00028	0.00083	0.01558	0.03615	0.54694
41	0.00672	0.01923	0.00634	0.02228	0.01909	0.00156	0.01289	0.02966	0.00651	0.00837	0.01366	0.01655	0.00617	0.00088	0.00084	0.00018	0.00946	0.00071	0.00064	0.81825

[dist]
# distance from previous block
# <min> <max>
0	900

# created by:
# /home/berkeley/.conda/envs/busco_data_prod/bin/msa2prfl.pl pipeline/OGs_align_augustus/2759/4249.fs
