[name]
unknown

[dist]
# distance from previous block
# <min> <max>
0	607

[block]
# block no. 0 follows, 243 sequences, length 9
# corresponding to MSA columns:
# 718-726
name=unknown_A
#
# <colnr> <probs for GDERKNQSTAVLIFYWHMCP>
#	G	D	E	R	K	N	Q	S	T	A	V	L	I	F	Y	W	H	M	C	P
0	0.01668	0.01624	0.02368	0.03605	0.03540	0.01507	0.07246	0.04033	0.02775	0.07473	0.13016	0.18707	0.16344	0.01566	0.02014	0.00049	0.01255	0.05349	0.00113	0.05747
1	0.04334	0.03867	0.04984	0.01385	0.04332	0.01693	0.03177	0.20461	0.07607	0.06977	0.04735	0.08176	0.19977	0.00236	0.01012	0.00045	0.00121	0.06596	0.00116	0.00168
2	0.07394	0.04862	0.05285	0.02145	0.09515	0.07539	0.02661	0.18271	0.15405	0.04862	0.02026	0.01486	0.00278	0.00150	0.00123	0.00038	0.00137	0.02468	0.01639	0.13716
3	0.00342	0.79014	0.00617	0.00224	0.00327	0.00471	0.00216	0.05164	0.00300	0.00366	0.11616	0.00313	0.00304	0.00135	0.00096	0.00031	0.00132	0.00094	0.00071	0.00168
4	0.05440	0.08681	0.16236	0.00287	0.02782	0.02213	0.06712	0.10654	0.02171	0.08207	0.00330	0.11809	0.00287	0.00160	0.00122	0.00036	0.00136	0.00134	0.00091	0.23512
5	0.00251	0.00236	0.00398	0.95019	0.00914	0.00295	0.00368	0.00339	0.00265	0.00339	0.00236	0.00354	0.00177	0.00133	0.00133	0.00044	0.00177	0.00118	0.00059	0.00147
6	0.00189	0.00127	0.00146	0.00150	0.00150	0.00126	0.00086	0.00192	0.00200	0.00267	0.00456	0.12308	0.00530	0.83832	0.00614	0.00120	0.00122	0.00215	0.00086	0.00084
7	0.00430	0.00325	0.11772	0.04910	0.04354	0.01466	0.01665	0.28189	0.03037	0.28366	0.03140	0.06953	0.01233	0.01325	0.00145	0.00043	0.01147	0.00146	0.01154	0.00200
8	0.02363	0.01168	0.11818	0.22811	0.07692	0.12792	0.03743	0.11548	0.01291	0.02786	0.02065	0.00360	0.02153	0.00155	0.00164	0.00042	0.11255	0.00902	0.03274	0.01617

[dist]
# distance from previous block
# <min> <max>
2	13

[block]
# block no. 1 follows, 243 sequences, length 9
# corresponding to MSA columns:
# 740-748
name=unknown_B
#
# <colnr> <probs for GDERKNQSTAVLIFYWHMCP>
#	G	D	E	R	K	N	Q	S	T	A	V	L	I	F	Y	W	H	M	C	P
0	0.09616	0.71638	0.00607	0.00261	0.04848	0.06554	0.00231	0.04302	0.00288	0.00368	0.00194	0.00225	0.00172	0.00118	0.00091	0.00031	0.00145	0.00076	0.00064	0.00171
1	0.00315	0.00270	0.00290	0.04495	0.00349	0.09304	0.00178	0.00371	0.00291	0.06929	0.00265	0.02631	0.00219	0.00116	0.00106	0.00024	0.00116	0.00092	0.00084	0.73554
2	0.00245	0.00227	0.00376	0.73689	0.08619	0.00271	0.00338	0.00325	0.00269	0.00349	0.00326	0.08705	0.03230	0.00168	0.00138	0.00045	0.00162	0.02302	0.00069	0.00147
3	0.09455	0.00142	0.00157	0.00155	0.00166	0.00149	0.00096	0.00217	0.00198	0.00295	0.00389	0.00767	0.00433	0.75626	0.11127	0.00130	0.00151	0.00176	0.00080	0.00091
4	0.00278	0.00239	0.01305	0.36346	0.08667	0.04765	0.07472	0.01494	0.00268	0.03984	0.02155	0.05372	0.02016	0.00232	0.00229	0.21452	0.01830	0.01685	0.00073	0.00136
5	0.05372	0.01188	0.13091	0.29171	0.12116	0.01810	0.01582	0.03772	0.02334	0.00397	0.00354	0.17631	0.01358	0.04744	0.00167	0.00048	0.02005	0.00165	0.00079	0.02618
6	0.04600	0.00212	0.00289	0.00236	0.00315	0.00187	0.09787	0.01645	0.01811	0.05257	0.12911	0.04015	0.06065	0.02488	0.01142	0.00042	0.00113	0.14371	0.00103	0.34412
7	0.05436	0.00286	0.00352	0.13196	0.09569	0.01528	0.01454	0.24466	0.02071	0.02050	0.00268	0.00314	0.00209	0.01401	0.00124	0.00034	0.00131	0.00103	0.00091	0.36916
8	0.00308	0.01868	0.09321	0.13648	0.46503	0.00291	0.06433	0.02273	0.01223	0.02966	0.01177	0.01662	0.01325	0.00136	0.00132	0.00040	0.01058	0.00126	0.09326	0.00186

[dist]
# distance from previous block
# <min> <max>
3	12

[block]
# block no. 2 follows, 243 sequences, length 6
# corresponding to MSA columns:
# 816-821
name=unknown_C
#
# <colnr> <probs for GDERKNQSTAVLIFYWHMCP>
#	G	D	E	R	K	N	Q	S	T	A	V	L	I	F	Y	W	H	M	C	P
0	0.00206	0.00150	0.00190	0.00187	0.02441	0.00142	0.00136	0.00279	0.05573	0.03050	0.64235	0.03481	0.13815	0.02904	0.00169	0.00045	0.00073	0.02652	0.00138	0.00131
1	0.01581	0.01718	0.03919	0.02808	0.40409	0.00271	0.04126	0.02469	0.06335	0.08452	0.05667	0.01839	0.01736	0.00142	0.00132	0.00037	0.01455	0.00128	0.00088	0.16688
2	0.00178	0.00204	0.12708	0.00183	0.00238	0.00139	0.00161	0.00230	0.00302	0.00392	0.16701	0.20924	0.46528	0.00314	0.00155	0.00046	0.00086	0.00270	0.00118	0.00124
3	0.08550	0.87287	0.00652	0.00223	0.00333	0.00506	0.00220	0.00397	0.00266	0.00336	0.00184	0.00213	0.00168	0.00114	0.00085	0.00029	0.00139	0.00071	0.00059	0.00168
4	0.00399	0.12794	0.05140	0.02432	0.34753	0.02892	0.02703	0.16795	0.01894	0.14345	0.00295	0.00327	0.00223	0.00135	0.00131	0.00038	0.01951	0.00113	0.00092	0.02547
5	0.13013	0.00239	0.00371	0.82413	0.00826	0.00295	0.00339	0.00346	0.00260	0.00373	0.00229	0.00335	0.00172	0.00131	0.00126	0.00044	0.00167	0.00112	0.00062	0.00147

[dist]
# distance from previous block
# <min> <max>
0	5

[block]
# block no. 3 follows, 243 sequences, length 6
# corresponding to MSA columns:
# 827-832
name=unknown_D
#
# <colnr> <probs for GDERKNQSTAVLIFYWHMCP>
#	G	D	E	R	K	N	Q	S	T	A	V	L	I	F	Y	W	H	M	C	P
0	0.00201	0.00141	0.00161	0.00153	0.00168	0.00133	0.00092	0.00209	0.00206	0.00283	0.00415	0.06390	0.00472	0.78346	0.00576	0.00111	0.00122	0.00190	0.00083	0.11548
1	0.00378	0.04044	0.04103	0.09923	0.20061	0.04037	0.09715	0.18010	0.02383	0.11106	0.01798	0.00343	0.00236	0.00136	0.00133	0.00038	0.01695	0.00118	0.00092	0.11649
2	0.23056	0.03419	0.05683	0.19463	0.03356	0.00320	0.02012	0.15518	0.00322	0.09539	0.00290	0.00334	0.02970	0.00153	0.00155	0.00043	0.11364	0.00111	0.00089	0.01804
3	0.00222	0.00163	0.00214	0.00227	0.03365	0.00150	0.00179	0.00276	0.00307	0.03519	0.09722	0.07423	0.16618	0.00309	0.00162	0.00050	0.00102	0.45288	0.00119	0.11587
4	0.00196	0.00202	0.11453	0.02535	0.04363	0.00154	0.00172	0.00233	0.00244	0.00330	0.02800	0.36290	0.03943	0.33971	0.00340	0.00078	0.00116	0.02369	0.00096	0.00115
5	0.13276	0.05193	0.12032	0.05034	0.11986	0.12234	0.04107	0.07293	0.12371	0.00460	0.01832	0.00323	0.00228	0.00163	0.01662	0.00045	0.11392	0.00111	0.00081	0.00177

[dist]
# distance from previous block
# <min> <max>
5	18

[block]
# block no. 4 follows, 243 sequences, length 12
# corresponding to MSA columns:
# 889-900
name=unknown_E
#
# <colnr> <probs for GDERKNQSTAVLIFYWHMCP>
#	G	D	E	R	K	N	Q	S	T	A	V	L	I	F	Y	W	H	M	C	P
0	0.06087	0.01841	0.02067	0.07053	0.41255	0.09207	0.03523	0.12586	0.08613	0.02999	0.00296	0.00342	0.01465	0.00136	0.00128	0.00040	0.00156	0.00117	0.00085	0.02005
1	0.01277	0.00214	0.00285	0.04841	0.00332	0.01291	0.01705	0.07511	0.01306	0.29158	0.01527	0.03357	0.00327	0.01270	0.30190	0.00096	0.03476	0.01354	0.01668	0.08816
2	0.01085	0.02186	0.01332	0.05176	0.22994	0.02328	0.02806	0.13420	0.21248	0.06118	0.02481	0.01826	0.01158	0.01763	0.00146	0.00041	0.02179	0.00960	0.00101	0.10653
3	0.00199	0.00147	0.00184	0.00178	0.00211	0.00141	0.00134	0.01709	0.06002	0.00499	0.66812	0.07567	0.08177	0.02237	0.00168	0.00046	0.00072	0.05248	0.00139	0.00129
4	0.00355	0.95417	0.00695	0.00227	0.00341	0.00525	0.00227	0.00397	0.00270	0.00312	0.00184	0.00213	0.00170	0.00114	0.00085	0.00028	0.00142	0.00071	0.00057	0.00170
5	0.00308	0.00299	0.02070	0.24764	0.61268	0.00309	0.02354	0.02518	0.02324	0.00419	0.00274	0.00355	0.01892	0.00128	0.00133	0.00041	0.00162	0.00122	0.00068	0.00192
6	0.00225	0.00197	0.00319	0.56424	0.00634	0.00240	0.00282	0.00295	0.00244	0.00325	0.00295	0.02561	0.00257	0.03734	0.33292	0.00107	0.00235	0.00135	0.00065	0.00134
7	0.96275	0.00257	0.00195	0.00174	0.00257	0.00298	0.00144	0.00390	0.00226	0.00595	0.00185	0.00216	0.00144	0.00123	0.00082	0.00041	0.00103	0.00072	0.00082	0.00144
8	0.00274	0.00247	0.00411	0.77310	0.13296	0.00295	0.00364	0.00366	0.02466	0.03345	0.00254	0.00357	0.00191	0.00133	0.00133	0.00043	0.00171	0.00119	0.00065	0.00160
9	0.00297	0.01600	0.01387	0.08130	0.28460	0.00241	0.01194	0.02430	0.02003	0.01869	0.02867	0.02258	0.00248	0.00123	0.00117	0.00031	0.00125	0.00108	0.00079	0.46434
10	0.00211	0.00172	0.00973	0.05821	0.12394	0.00163	0.01072	0.01060	0.01376	0.02544	0.21605	0.22284	0.25002	0.02091	0.01655	0.00050	0.00097	0.01178	0.00116	0.00134
11	0.04445	0.03604	0.04112	0.04670	0.27369	0.22115	0.04865	0.07561	0.03690	0.04459	0.02423	0.00322	0.00229	0.00137	0.00136	0.00038	0.03534	0.00111	0.00783	0.05396

[dist]
# distance from previous block
# <min> <max>
3	10

[block]
# block no. 5 follows, 243 sequences, length 15
# corresponding to MSA columns:
# 920-934
name=unknown_F
#
# <colnr> <probs for GDERKNQSTAVLIFYWHMCP>
#	G	D	E	R	K	N	Q	S	T	A	V	L	I	F	Y	W	H	M	C	P
0	0.00342	0.12165	0.27391	0.06209	0.22969	0.12273	0.03808	0.05344	0.02860	0.02513	0.00265	0.00311	0.01528	0.00132	0.00128	0.00039	0.01357	0.00107	0.00070	0.00188
1	0.03667	0.21618	0.21688	0.04024	0.05384	0.09460	0.05399	0.04108	0.01774	0.10132	0.01045	0.01425	0.00217	0.01006	0.00129	0.00038	0.02173	0.00105	0.00078	0.06532
2	0.00168	0.00121	0.00161	0.00190	0.00201	0.00114	0.00133	0.00196	0.00259	0.00343	0.00730	0.79078	0.03258	0.01862	0.02490	0.00059	0.00089	0.10315	0.00121	0.00109
3	0.01430	0.01252	0.18360	0.18715	0.36164	0.01197	0.06245	0.01814	0.00996	0.01683	0.00281	0.06815	0.00241	0.00149	0.00146	0.00043	0.04085	0.00134	0.00069	0.00183
4	0.01103	0.01107	0.02012	0.53675	0.15380	0.03067	0.03346	0.05459	0.00288	0.00385	0.00236	0.00334	0.00186	0.00143	0.00169	0.00044	0.11970	0.00117	0.00816	0.00163
5	0.00191	0.00138	0.00183	0.01740	0.02012	0.00146	0.00131	0.00220	0.01628	0.00302	0.00476	0.18736	0.02479	0.39228	0.30682	0.00135	0.00191	0.01190	0.00087	0.00104
6	0.00190	0.00142	0.00213	0.00213	0.00237	0.00166	0.00166	0.00237	0.00213	0.00308	0.00355	0.00521	0.00332	0.00995	0.94812	0.00213	0.00355	0.00142	0.00071	0.00118
7	0.00303	0.11309	0.12809	0.28372	0.12304	0.02554	0.06476	0.01696	0.02962	0.04424	0.01199	0.03551	0.00232	0.00170	0.02356	0.00047	0.08873	0.00124	0.00071	0.00170
8	0.00205	0.00777	0.03580	0.00215	0.01255	0.01997	0.04072	0.00249	0.01373	0.02230	0.10618	0.40880	0.14717	0.06889	0.01091	0.00056	0.02537	0.04411	0.00113	0.02735
9	0.05907	0.13110	0.37824	0.01640	0.02691	0.01986	0.05347	0.19790	0.01881	0.04203	0.00272	0.02146	0.00207	0.00146	0.00899	0.00041	0.00892	0.00109	0.00082	0.00828
10	0.05130	0.40897	0.23446	0.01642	0.04200	0.02564	0.01234	0.13454	0.01060	0.01098	0.01160	0.01157	0.00199	0.00129	0.00108	0.00035	0.00155	0.00094	0.00072	0.02164
11	0.05744	0.14404	0.34444	0.03159	0.03088	0.04475	0.03332	0.18627	0.02205	0.03759	0.00258	0.00288	0.00192	0.00133	0.00122	0.00038	0.01101	0.00101	0.00080	0.04448
12	0.04694	0.32915	0.34549	0.01167	0.03056	0.01603	0.01540	0.08687	0.02143	0.01659	0.02208	0.02313	0.00220	0.00134	0.00112	0.00037	0.00158	0.00101	0.00072	0.02634
13	0.04664	0.18160	0.35964	0.00943	0.04887	0.01232	0.02887	0.18190	0.02034	0.03492	0.01712	0.01464	0.01640	0.00141	0.00121	0.00039	0.00160	0.00675	0.00082	0.01512
14	0.06520	0.20403	0.33446	0.02584	0.05322	0.04270	0.04522	0.10087	0.01447	0.03231	0.02615	0.01491	0.00221	0.00136	0.00123	0.00039	0.01636	0.00105	0.00075	0.01727

[dist]
# distance from previous block
# <min> <max>
39	423

[block]
# block no. 6 follows, 243 sequences, length 27
# corresponding to MSA columns:
# 1563,1565-1587,1590,1591,1597
name=unknown_G
#
# <colnr> <probs for GDERKNQSTAVLIFYWHMCP>
#	G	D	E	R	K	N	Q	S	T	A	V	L	I	F	Y	W	H	M	C	P
0	0.01488	0.24611	0.45927	0.01332	0.07738	0.02577	0.03756	0.01216	0.03298	0.01655	0.00995	0.00715	0.00203	0.00133	0.00126	0.00039	0.02597	0.01345	0.00065	0.00186
1	0.00283	0.02140	0.22227	0.00245	0.00815	0.00210	0.01931	0.04027	0.04677	0.12864	0.30496	0.01763	0.13083	0.00811	0.00145	0.00042	0.00113	0.01537	0.00117	0.02473
2	0.03376	0.00303	0.00320	0.00274	0.00356	0.00346	0.00217	0.24370	0.65713	0.00622	0.00468	0.00441	0.00349	0.00184	0.01116	0.00946	0.00118	0.00139	0.00131	0.00209
3	0.00787	0.00302	0.00382	0.24219	0.06818	0.06618	0.01821	0.20603	0.03694	0.08426	0.00701	0.00356	0.00228	0.00685	0.00612	0.00045	0.16421	0.00589	0.04856	0.01838
4	0.00251	0.00236	0.00398	0.95019	0.00914	0.00295	0.00368	0.00339	0.00265	0.00339	0.00236	0.00354	0.00177	0.00133	0.00133	0.00044	0.00177	0.00118	0.00059	0.00147
5	0.00166	0.00121	0.00150	0.00170	0.00183	0.00112	0.00113	0.00188	0.00254	0.00332	0.02297	0.63971	0.15227	0.15769	0.00249	0.00064	0.00084	0.00330	0.00117	0.00104
6	0.02828	0.00226	0.00305	0.00235	0.00337	0.00197	0.00194	0.00641	0.00376	0.92409	0.00515	0.00446	0.00324	0.00163	0.00132	0.00041	0.00113	0.00132	0.00162	0.00224
7	0.00216	0.00139	0.00176	0.00167	0.00203	0.00127	0.00126	0.00270	0.00347	0.07306	0.59299	0.10066	0.12415	0.00278	0.00152	0.00043	0.00069	0.01295	0.07178	0.00129
8	0.00211	0.00133	0.00158	0.00153	0.00184	0.00127	0.00115	0.00276	0.01482	0.00512	0.54546	0.02530	0.01823	0.00231	0.00133	0.00038	0.00064	0.01054	0.36106	0.00125
9	0.00481	0.02716	0.00384	0.02548	0.00419	0.87869	0.00259	0.00516	0.00366	0.00325	0.00204	0.00243	0.00171	0.00139	0.00128	0.00035	0.02889	0.00087	0.00068	0.00154
10	0.00193	0.00140	0.00194	0.00220	0.00243	0.00136	0.01170	0.00239	0.00287	0.00376	0.02361	0.37707	0.03508	0.00380	0.00176	0.00057	0.00103	0.52271	0.00122	0.00117
11	0.00357	0.91332	0.02202	0.00233	0.00346	0.03065	0.00232	0.00401	0.00273	0.00314	0.00186	0.00215	0.00170	0.00114	0.00087	0.00029	0.00145	0.00072	0.00057	0.00170
12	0.00230	0.00116	0.00172	0.00172	0.00172	0.00116	0.00114	0.00173	0.00173	0.00231	0.00234	0.00413	0.00236	0.02484	0.00522	0.94093	0.00116	0.00117	0.00058	0.00058
13	0.00988	0.80911	0.02764	0.03654	0.01907	0.02862	0.00242	0.02544	0.00281	0.01578	0.00197	0.00228	0.00174	0.00118	0.00095	0.00030	0.01116	0.00077	0.00061	0.00172
14	0.00324	0.00350	0.00403	0.34329	0.06241	0.24193	0.04211	0.00384	0.00281	0.00340	0.00227	0.00325	0.00191	0.00989	0.05415	0.00054	0.20402	0.00113	0.01076	0.00151
15	0.00170	0.00132	0.00154	0.00158	0.00192	0.00117	0.00117	0.00211	0.00316	0.00408	0.28571	0.17227	0.46366	0.00332	0.00160	0.00046	0.00070	0.05005	0.00130	0.00116
16	0.01769	0.00932	0.01583	0.26106	0.54170	0.02996	0.01909	0.01650	0.05622	0.00417	0.00260	0.00339	0.00209	0.00128	0.00135	0.00041	0.01359	0.00118	0.00069	0.00189
17	0.02318	0.00241	0.00315	0.00242	0.00345	0.00219	0.00200	0.10274	0.00402	0.83232	0.00496	0.00434	0.00314	0.00163	0.00132	0.00041	0.00116	0.00131	0.00159	0.00224
18	0.00866	0.01167	0.04114	0.02904	0.19936	0.03869	0.03836	0.05793	0.06460	0.08812	0.32990	0.01671	0.03361	0.00198	0.00145	0.00042	0.01009	0.01780	0.00877	0.00170
19	0.00353	0.92292	0.00692	0.00234	0.00346	0.00520	0.01783	0.00396	0.00269	0.00314	0.00186	0.00216	0.00171	0.00115	0.00092	0.00029	0.01690	0.00073	0.00057	0.00170
20	0.00161	0.00119	0.00150	0.00175	0.00190	0.00109	0.00119	0.00186	0.00263	0.00342	0.00846	0.77663	0.18391	0.00401	0.00167	0.00052	0.00075	0.00359	0.00123	0.00109
21	0.00188	0.00133	0.00177	0.00194	0.00208	0.00134	0.00142	0.00219	0.00246	0.00329	0.01738	0.30662	0.00659	0.24713	0.16582	0.00102	0.00149	0.23217	0.00103	0.00106
22	0.00381	0.00203	0.00282	0.01179	0.09302	0.00190	0.01021	0.01809	0.04690	0.38771	0.33587	0.02293	0.00670	0.00210	0.00144	0.00042	0.00101	0.04190	0.00755	0.00180
23	0.00197	0.00133	0.00174	0.00182	0.00206	0.00124	0.00131	0.00242	0.01612	0.04681	0.35044	0.43400	0.05283	0.02556	0.00175	0.00050	0.00077	0.05480	0.00133	0.00121
24	0.00213	0.00134	0.00163	0.00170	0.00182	0.00130	0.00111	0.00232	0.01018	0.06159	0.00539	0.26618	0.01231	0.53101	0.00447	0.00095	0.00111	0.07387	0.01857	0.00102
25	0.02972	0.02608	0.01210	0.02270	0.02347	0.35658	0.03419	0.39781	0.02780	0.03262	0.00275	0.00761	0.00209	0.00149	0.00131	0.00038	0.01733	0.00108	0.00100	0.00189
26	0.06790	0.01501	0.00387	0.00295	0.00399	0.01466	0.00244	0.84338	0.00587	0.02220	0.00310	0.00312	0.00221	0.00156	0.00129	0.00040	0.00144	0.00116	0.00128	0.00219

[dist]
# distance from previous block
# <min> <max>
4	50

[block]
# block no. 7 follows, 243 sequences, length 7
# corresponding to MSA columns:
# 1657,1658,1663,1670-1672,1674
name=unknown_H
#
# <colnr> <probs for GDERKNQSTAVLIFYWHMCP>
#	G	D	E	R	K	N	Q	S	T	A	V	L	I	F	Y	W	H	M	C	P
0	0.79893	0.00314	0.04013	0.02961	0.03686	0.00329	0.00201	0.03786	0.00283	0.02951	0.00253	0.00303	0.00202	0.00158	0.00112	0.00050	0.00130	0.00096	0.00100	0.00179
1	0.03750	0.01491	0.01640	0.22479	0.14261	0.00291	0.04454	0.05175	0.05759	0.05646	0.11721	0.04738	0.04677	0.05164	0.01340	0.00059	0.05642	0.00174	0.01351	0.00186
2	0.00169	0.00133	0.00149	0.00151	0.00187	0.00116	0.00112	0.00210	0.00313	0.00401	0.22421	0.12096	0.56488	0.00326	0.00157	0.00045	0.00069	0.03230	0.03112	0.00115
3	0.00235	0.01354	0.04801	0.03210	0.12540	0.02637	0.06366	0.02442	0.01462	0.00381	0.06185	0.33999	0.06725	0.08082	0.01299	0.00056	0.05742	0.01288	0.01058	0.00139
4	0.02911	0.01717	0.00407	0.11744	0.09957	0.09161	0.02074	0.48166	0.01789	0.05529	0.00295	0.00324	0.00217	0.00150	0.00140	0.00040	0.03557	0.00116	0.01505	0.00200
5	0.00201	0.00138	0.00176	0.00166	0.00200	0.00126	0.00124	0.00259	0.00361	0.04013	0.75909	0.04555	0.09579	0.00275	0.00154	0.00042	0.00065	0.00241	0.03289	0.00127
6	0.04236	0.00327	0.02131	0.11350	0.22817	0.01776	0.01958	0.16388	0.14601	0.13442	0.02272	0.00506	0.04542	0.00192	0.00154	0.00051	0.00154	0.01504	0.01379	0.00220

[dist]
# distance from previous block
# <min> <max>
0	1

[block]
# block no. 8 follows, 243 sequences, length 14
# corresponding to MSA columns:
# 1676-1686,1699,1700,1717
name=unknown_I
#
# <colnr> <probs for GDERKNQSTAVLIFYWHMCP>
#	G	D	E	R	K	N	Q	S	T	A	V	L	I	F	Y	W	H	M	C	P
0	0.00165	0.00133	0.00147	0.00146	0.00185	0.00115	0.00108	0.00205	0.00318	0.00401	0.24860	0.07321	0.64783	0.00325	0.00158	0.00045	0.00067	0.00276	0.00129	0.00115
1	0.00191	0.00140	0.00205	0.00205	0.00227	0.00161	0.00156	0.00235	0.00213	0.00309	0.00363	0.00551	0.00345	0.09176	0.83943	0.00201	0.00327	0.00146	0.02790	0.00115
2	0.00264	0.00222	0.00266	0.00206	0.01461	0.00173	0.01054	0.00324	0.01713	0.01299	0.02108	0.08678	0.03631	0.00143	0.00110	0.00025	0.00097	0.01000	0.00087	0.77139
3	0.00497	0.00368	0.00394	0.00304	0.00409	0.00408	0.00250	0.90377	0.04326	0.00825	0.00327	0.00325	0.00233	0.00160	0.00133	0.00040	0.00144	0.00121	0.00133	0.00225
4	0.01512	0.23274	0.63262	0.00350	0.01607	0.01760	0.04060	0.02020	0.00286	0.00403	0.00227	0.00267	0.00171	0.00123	0.00117	0.00039	0.00182	0.00094	0.00059	0.00189
5	0.00191	0.00130	0.00152	0.00153	0.00156	0.00132	0.00091	0.00197	0.00197	0.00265	0.00423	0.04182	0.00481	0.82323	0.10282	0.00135	0.00150	0.00194	0.00081	0.00085
6	0.96275	0.00257	0.00195	0.00174	0.00257	0.00298	0.00144	0.00390	0.00226	0.00595	0.00185	0.00216	0.00144	0.00123	0.00082	0.00041	0.00103	0.00072	0.00082	0.00144
7	0.01492	0.00243	0.01801	0.07671	0.45078	0.00237	0.01817	0.00348	0.00289	0.07507	0.00436	0.29244	0.01739	0.00219	0.00144	0.00045	0.00130	0.01297	0.00092	0.00171
8	0.00291	0.02203	0.64945	0.02270	0.15110	0.00316	0.08875	0.02329	0.00294	0.01790	0.00247	0.00298	0.00181	0.00125	0.00129	0.00042	0.00189	0.00107	0.00062	0.00196
9	0.00260	0.00243	0.00407	0.80400	0.07279	0.00294	0.02548	0.01473	0.00273	0.00358	0.00249	0.00371	0.00193	0.00137	0.00137	0.00044	0.01337	0.01500	0.02345	0.00152
10	0.00219	0.00159	0.00209	0.00229	0.00260	0.00159	0.00188	0.06359	0.01841	0.00411	0.00704	0.26395	0.03918	0.00362	0.00175	0.00057	0.00110	0.57997	0.00123	0.00126
11	0.00339	0.01559	0.24030	0.04412	0.38984	0.02080	0.10775	0.01541	0.02115	0.10137	0.01015	0.00348	0.00224	0.00131	0.00136	0.00041	0.00976	0.00883	0.00076	0.00199
12	0.00267	0.00400	0.36518	0.18702	0.08907	0.00265	0.03856	0.01067	0.02543	0.03763	0.03749	0.04855	0.02893	0.00210	0.04319	0.00052	0.00172	0.07213	0.00078	0.00171
13	0.00274	0.08838	0.86565	0.00365	0.00554	0.00327	0.00468	0.00418	0.00279	0.00411	0.00233	0.00274	0.00168	0.00125	0.00123	0.00041	0.00191	0.00096	0.00056	0.00194

[dist]
# distance from previous block
# <min> <max>
0	1

[block]
# block no. 9 follows, 243 sequences, length 9
# corresponding to MSA columns:
# 1719,1727-1734
name=unknown_J
#
# <colnr> <probs for GDERKNQSTAVLIFYWHMCP>
#	G	D	E	R	K	N	Q	S	T	A	V	L	I	F	Y	W	H	M	C	P
0	0.00267	0.00214	0.02037	0.05621	0.04335	0.00212	0.06630	0.03254	0.18664	0.06191	0.21309	0.15814	0.04977	0.01458	0.00157	0.00047	0.00108	0.07277	0.01271	0.00157
1	0.00309	0.01212	0.19091	0.07798	0.08210	0.02354	0.22120	0.02613	0.06501	0.05410	0.00318	0.04479	0.01170	0.01122	0.01062	0.00048	0.13733	0.02195	0.00078	0.00176
2	0.89953	0.00255	0.00202	0.00179	0.00262	0.00291	0.00147	0.00407	0.00236	0.06806	0.00207	0.00231	0.00156	0.00126	0.00085	0.00041	0.00103	0.00076	0.00088	0.00149
3	0.00275	0.00236	0.00275	0.00197	0.00314	0.00177	0.00157	0.00334	0.00275	0.00432	0.00236	0.00275	0.00197	0.00098	0.00098	0.00020	0.00098	0.00079	0.00079	0.96149
4	0.04029	0.00225	0.01635	0.01322	0.06987	0.00200	0.05799	0.02512	0.03897	0.14897	0.13433	0.12712	0.03048	0.00194	0.00133	0.00038	0.00108	0.02364	0.00110	0.26358
5	0.08991	0.01733	0.50922	0.06135	0.10533	0.00292	0.03171	0.02462	0.01552	0.02990	0.01416	0.02097	0.04568	0.00143	0.00126	0.00041	0.00166	0.00117	0.00072	0.02473
6	0.03064	0.03542	0.16769	0.00221	0.00272	0.01744	0.00194	0.00263	0.01767	0.01475	0.02844	0.55072	0.04704	0.05692	0.00182	0.00054	0.00107	0.01798	0.00106	0.00130
7	0.02244	0.00194	0.01938	0.06814	0.07493	0.00185	0.08690	0.00290	0.05889	0.01307	0.11127	0.15603	0.20762	0.12005	0.00224	0.02385	0.00112	0.01299	0.01306	0.00133
8	0.04187	0.14948	0.10116	0.02107	0.01671	0.01505	0.01509	0.10613	0.02445	0.16848	0.01408	0.00483	0.01128	0.25215	0.00276	0.02088	0.01010	0.00132	0.00095	0.02216

[dist]
# distance from previous block
# <min> <max>
7	113

[block]
# block no. 10 follows, 243 sequences, length 16
# corresponding to MSA columns:
# 1912-1927
name=unknown_K
#
# <colnr> <probs for GDERKNQSTAVLIFYWHMCP>
#	G	D	E	R	K	N	Q	S	T	A	V	L	I	F	Y	W	H	M	C	P
0	0.05543	0.26251	0.27682	0.01472	0.05649	0.01690	0.07203	0.07144	0.01871	0.09221	0.00873	0.00306	0.01049	0.00137	0.00124	0.01481	0.00739	0.00103	0.00707	0.00756
1	0.06222	0.16633	0.40513	0.11751	0.07011	0.01674	0.04487	0.01315	0.00276	0.01184	0.00829	0.00292	0.00184	0.00141	0.00141	0.04243	0.01743	0.00100	0.00062	0.01197
2	0.00782	0.00163	0.01399	0.02084	0.01787	0.00688	0.01965	0.01569	0.04010	0.01963	0.12004	0.10189	0.21170	0.27514	0.11109	0.00088	0.00132	0.01162	0.00104	0.00118
3	0.00332	0.41753	0.03437	0.00254	0.00884	0.07265	0.01258	0.05855	0.01952	0.04080	0.02379	0.02734	0.01054	0.01201	0.16435	0.00067	0.06068	0.01935	0.00897	0.00161
4	0.03299	0.05818	0.04999	0.24403	0.02608	0.14725	0.05134	0.13957	0.02278	0.01838	0.01402	0.00429	0.00261	0.00869	0.02107	0.00045	0.00882	0.08348	0.00083	0.06514
5	0.00899	0.05124	0.58998	0.01771	0.02045	0.02693	0.03631	0.03125	0.04968	0.07101	0.01991	0.00344	0.00880	0.00140	0.00129	0.00041	0.00971	0.01657	0.00075	0.03417
6	0.00357	0.00294	0.01538	0.14685	0.58496	0.01028	0.02396	0.01255	0.00311	0.15132	0.00299	0.01099	0.00234	0.00134	0.00136	0.00041	0.01160	0.01124	0.00082	0.00200
7	0.00170	0.00123	0.00165	0.01497	0.00209	0.00116	0.00133	0.00203	0.00276	0.00370	0.13272	0.71684	0.03304	0.00387	0.00168	0.00052	0.00080	0.07554	0.00125	0.00112
8	0.00244	0.00228	0.00380	0.88158	0.00861	0.00281	0.00350	0.00328	0.00266	0.00340	0.00289	0.04492	0.02941	0.00151	0.00135	0.00045	0.00169	0.00134	0.00064	0.00145
9	0.00349	0.13748	0.17543	0.07217	0.17746	0.03937	0.12205	0.02140	0.04551	0.12579	0.01008	0.02932	0.01324	0.00143	0.00135	0.00040	0.02006	0.00125	0.00082	0.00188
10	0.00190	0.00142	0.00211	0.00211	0.00234	0.00165	0.00163	0.00235	0.00213	0.00306	0.00357	0.00533	0.00337	0.04181	0.91633	0.00210	0.00348	0.00144	0.00071	0.00117
11	0.00299	0.00433	0.23686	0.00507	0.00654	0.00324	0.68888	0.00420	0.00305	0.00423	0.00272	0.00367	0.00207	0.00122	0.00150	0.00044	0.00214	0.02438	0.00066	0.00182
12	0.00196	0.00151	0.00211	0.04105	0.11862	0.00148	0.00161	0.00226	0.00253	0.00339	0.02434	0.47994	0.04855	0.21980	0.00278	0.00068	0.00104	0.04412	0.00104	0.00117
13	0.00385	0.10974	0.19110	0.01417	0.21585	0.16545	0.06117	0.19629	0.01254	0.01391	0.00253	0.00294	0.00196	0.00132	0.00125	0.00038	0.00178	0.00106	0.00079	0.00194
14	0.00270	0.00252	0.00419	0.87121	0.08603	0.00304	0.00377	0.00355	0.00277	0.00360	0.00250	0.00369	0.00192	0.00140	0.00138	0.00046	0.00180	0.00122	0.00064	0.00159
15	0.00165	0.00118	0.00158	0.00188	0.00197	0.00110	0.00129	0.00190	0.00257	0.00342	0.00729	0.89619	0.00871	0.00413	0.00170	0.00054	0.00080	0.05978	0.00123	0.00109

[dist]
# distance from previous block
# <min> <max>
0	1

[block]
# block no. 11 follows, 243 sequences, length 14
# corresponding to MSA columns:
# 1929-1942
name=unknown_L
#
# <colnr> <probs for GDERKNQSTAVLIFYWHMCP>
#	G	D	E	R	K	N	Q	S	T	A	V	L	I	F	Y	W	H	M	C	P
0	0.00291	0.00280	0.00455	0.55499	0.33952	0.02964	0.02327	0.01963	0.00288	0.00382	0.00242	0.00341	0.00190	0.00128	0.00132	0.00042	0.00172	0.00118	0.00063	0.00172
1	0.00191	0.00141	0.00212	0.00212	0.00234	0.00164	0.00164	0.00234	0.00212	0.00305	0.00350	0.00516	0.00327	0.00973	0.90898	0.04195	0.00345	0.00141	0.00071	0.00116
2	0.00196	0.00147	0.00207	0.00204	0.00220	0.00169	0.00152	0.00230	0.00208	0.00296	0.00361	0.00594	0.00360	0.24010	0.66836	0.00184	0.05290	0.00153	0.00073	0.00111
3	0.00190	0.00141	0.00208	0.00208	0.00231	0.00163	0.00160	0.00234	0.00212	0.00304	0.00360	0.00545	0.00342	0.07545	0.88276	0.00207	0.00340	0.00146	0.00072	0.00116
4	0.04198	0.00233	0.00307	0.00237	0.00338	0.00209	0.00195	0.03818	0.02176	0.86066	0.00504	0.00439	0.00319	0.00163	0.00131	0.00041	0.00113	0.00131	0.00159	0.00222
5	0.00191	0.00137	0.00174	0.00165	0.00198	0.00124	0.00124	0.00249	0.00364	0.02301	0.79110	0.03281	0.12524	0.00281	0.00156	0.00042	0.00064	0.00246	0.00143	0.00125
6	0.00210	0.00143	0.00180	0.00176	0.00212	0.00131	0.00133	0.00267	0.02458	0.06514	0.49719	0.15957	0.16452	0.00302	0.00158	0.00046	0.00074	0.06601	0.00138	0.00128
7	0.00305	0.09821	0.41423	0.00310	0.01212	0.02031	0.00330	0.04926	0.24227	0.02487	0.06254	0.01588	0.02835	0.00161	0.00132	0.00042	0.01508	0.00128	0.00091	0.00190
8	0.00244	0.00131	0.00137	0.00136	0.00164	0.00131	0.00098	0.00301	0.02462	0.02439	0.00456	0.02021	0.01711	0.16828	0.00200	0.00049	0.00077	0.01354	0.70943	0.00120
9	0.00406	0.60156	0.00582	0.00256	0.00365	0.03151	0.00235	0.30373	0.02535	0.00486	0.00236	0.00254	0.00193	0.00130	0.00102	0.00033	0.00145	0.00089	0.00083	0.00188
10	0.05147	0.11388	0.00407	0.00290	0.02236	0.01640	0.00238	0.64618	0.06412	0.02331	0.00315	0.00320	0.00231	0.00152	0.00123	0.00038	0.00139	0.00113	0.03651	0.00209
11	0.00327	0.02050	0.04222	0.01006	0.09182	0.01906	0.02349	0.08383	0.08076	0.10568	0.11546	0.02296	0.03391	0.00160	0.00125	0.00034	0.00116	0.01443	0.00105	0.32715
12	0.05231	0.06351	0.31960	0.01501	0.01389	0.06476	0.02242	0.06496	0.04756	0.24010	0.02265	0.00367	0.01937	0.01161	0.00130	0.00041	0.00153	0.00115	0.00098	0.03319
13	0.00333	0.00266	0.00296	0.00259	0.00332	0.01338	0.02835	0.02679	0.67923	0.06852	0.09583	0.00540	0.01768	0.00186	0.00136	0.00044	0.00105	0.00157	0.04172	0.00197

[dist]
# distance from previous block
# <min> <max>
0	20

[block]
# block no. 12 follows, 243 sequences, length 32
# corresponding to MSA columns:
# 1963-1968,1972-1981,1983-1995,1999-2001
name=unknown_M
#
# <colnr> <probs for GDERKNQSTAVLIFYWHMCP>
#	G	D	E	R	K	N	Q	S	T	A	V	L	I	F	Y	W	H	M	C	P
0	0.02161	0.00232	0.00309	0.00238	0.00340	0.00204	0.00196	0.04020	0.00386	0.89670	0.00510	0.00443	0.00322	0.00163	0.00133	0.00041	0.00114	0.00132	0.00162	0.00224
1	0.00760	0.14836	0.07794	0.07055	0.14439	0.15229	0.07898	0.08339	0.02461	0.13122	0.01502	0.00361	0.00604	0.00150	0.00756	0.00040	0.01721	0.02661	0.00087	0.00185
2	0.00345	0.00280	0.03578	0.02777	0.25206	0.00784	0.02808	0.03794	0.06565	0.16335	0.02768	0.01762	0.01394	0.01220	0.09578	0.00063	0.20336	0.00135	0.00092	0.00181
3	0.00164	0.00130	0.00148	0.00154	0.00187	0.00113	0.00112	0.00201	0.00304	0.00388	0.19707	0.26574	0.50659	0.00345	0.00160	0.00047	0.00069	0.00298	0.00128	0.00113
4	0.00194	0.00147	0.00217	0.00215	0.00237	0.00172	0.00167	0.00239	0.00214	0.00310	0.00358	0.00544	0.00340	0.04592	0.85289	0.00200	0.03700	0.01807	0.00940	0.00118
5	0.02284	0.22691	0.30865	0.03472	0.13936	0.06601	0.04986	0.03241	0.07315	0.03040	0.00258	0.00295	0.00200	0.00128	0.00119	0.00038	0.00169	0.00102	0.00071	0.00189
6	0.03757	0.06725	0.38604	0.00319	0.00455	0.02292	0.05833	0.04809	0.10615	0.21654	0.01022	0.00355	0.01096	0.00145	0.00132	0.00041	0.01733	0.00116	0.00096	0.00198
7	0.00235	0.00145	0.00156	0.00156	0.00190	0.01004	0.00118	0.00930	0.07606	0.00469	0.08844	0.10964	0.06196	0.01499	0.00127	0.00039	0.00074	0.05470	0.55648	0.00128
8	0.00360	0.86797	0.00661	0.00234	0.00342	0.07084	0.00227	0.00402	0.00277	0.00314	0.00197	0.02226	0.00185	0.00122	0.00089	0.00029	0.00147	0.00078	0.00059	0.00168
9	0.89381	0.02349	0.01485	0.00187	0.01176	0.00303	0.00155	0.01544	0.00235	0.01961	0.00193	0.00222	0.00149	0.00124	0.00085	0.00041	0.00106	0.00074	0.00083	0.00148
10	0.00276	0.00213	0.00264	0.08266	0.02506	0.01044	0.01240	0.02886	0.30158	0.06224	0.07552	0.16359	0.05535	0.04608	0.03560	0.00057	0.00710	0.08263	0.00119	0.00160
11	0.00269	0.01877	0.90731	0.00381	0.00575	0.00312	0.03207	0.00420	0.00281	0.00419	0.00238	0.00282	0.00169	0.00125	0.00126	0.00042	0.00196	0.00099	0.00056	0.00195
12	0.00191	0.00137	0.00186	0.00188	0.00203	0.00150	0.00135	0.00221	0.00212	0.00295	0.01248	0.02627	0.00427	0.36439	0.52464	0.00170	0.00252	0.04274	0.00079	0.00104
13	0.00243	0.00537	0.68538	0.00337	0.00486	0.00261	0.03370	0.00364	0.00275	0.00401	0.00359	0.22252	0.00341	0.00196	0.00138	0.00045	0.00168	0.01442	0.00073	0.00174
14	0.00405	0.02408	0.00390	0.17374	0.06416	0.04432	0.00273	0.40934	0.11861	0.05425	0.00332	0.02926	0.00254	0.00164	0.00150	0.00042	0.05783	0.00128	0.00108	0.00196
15	0.00446	0.00339	0.00361	0.00290	0.00384	0.00379	0.00235	0.63861	0.28178	0.00743	0.00387	0.00376	0.00282	0.00165	0.00132	0.00041	0.00131	0.00129	0.02923	0.00218
16	0.07357	0.00247	0.00289	0.01060	0.00322	0.00247	0.00189	0.24040	0.02148	0.44482	0.00429	0.00409	0.00292	0.00158	0.00122	0.00039	0.00112	0.00124	0.17734	0.00200
17	0.03258	0.00499	0.00356	0.00310	0.00387	0.56390	0.00239	0.20935	0.07122	0.03721	0.01997	0.02058	0.00240	0.00153	0.00124	0.00037	0.00192	0.00108	0.01700	0.00174
18	0.00223	0.00175	0.00243	0.07128	0.14971	0.00176	0.01011	0.00269	0.02870	0.01040	0.16587	0.04691	0.05312	0.41219	0.01050	0.00081	0.00121	0.00890	0.00945	0.00998
19	0.00178	0.00126	0.00153	0.00165	0.00175	0.00120	0.00107	0.00197	0.00243	0.00320	0.06158	0.35801	0.10396	0.39995	0.01105	0.00085	0.00101	0.04370	0.00106	0.00099
20	0.00355	0.95417	0.00695	0.00227	0.00341	0.00525	0.00227	0.00397	0.00270	0.00312	0.00184	0.00213	0.00170	0.00114	0.00085	0.00028	0.00142	0.00071	0.00057	0.00170
21	0.00165	0.00117	0.00154	0.00183	0.00193	0.00110	0.00124	0.00189	0.00256	0.00341	0.00735	0.87552	0.03074	0.02165	0.00178	0.00055	0.00079	0.02779	0.01442	0.00108
22	0.00267	0.00249	0.00418	0.85384	0.00877	0.00303	0.05185	0.05065	0.00286	0.00368	0.00242	0.00352	0.00181	0.00133	0.00134	0.00044	0.00178	0.00120	0.00063	0.00153
23	0.00192	0.00130	0.00153	0.00153	0.00156	0.00133	0.00091	0.00199	0.00196	0.00264	0.00410	0.00824	0.00463	0.83362	0.12625	0.00139	0.00157	0.00186	0.00079	0.00085
24	0.00167	0.00135	0.00148	0.00145	0.00185	0.00116	0.00109	0.00210	0.00326	0.00415	0.31487	0.01184	0.64278	0.00315	0.00157	0.00044	0.00066	0.00267	0.00131	0.00116
25	0.01276	0.00238	0.00276	0.00198	0.00315	0.00181	0.00159	0.01578	0.00280	0.01324	0.00239	0.00277	0.00198	0.00100	0.00099	0.00020	0.00099	0.00080	0.00080	0.92984
26	0.01900	0.82521	0.06826	0.00241	0.00357	0.03855	0.00244	0.00409	0.02035	0.00329	0.00195	0.00223	0.00174	0.00117	0.00090	0.00030	0.00148	0.00075	0.00059	0.00172
27	0.09587	0.47871	0.18801	0.00268	0.00389	0.06542	0.00273	0.10695	0.02058	0.01545	0.00779	0.00252	0.00186	0.00126	0.00102	0.00034	0.00154	0.00086	0.00071	0.00179
28	0.00216	0.00168	0.01418	0.00217	0.00255	0.00165	0.00180	0.00316	0.12367	0.00454	0.29689	0.06152	0.05063	0.00311	0.00166	0.00052	0.00098	0.42449	0.00130	0.00134
29	0.00342	0.10981	0.23130	0.00315	0.04089	0.01364	0.01172	0.14067	0.32055	0.03246	0.03062	0.00435	0.01162	0.00164	0.00130	0.00042	0.00141	0.03804	0.00103	0.00197
30	0.00192	0.00128	0.00145	0.00146	0.00146	0.00128	0.00082	0.00193	0.00195	0.00259	0.00426	0.03349	0.00493	0.92843	0.00662	0.00127	0.00127	0.00198	0.00082	0.00081
31	0.00346	0.45345	0.20228	0.00328	0.10277	0.05102	0.00296	0.05355	0.01802	0.02766	0.00870	0.01130	0.00202	0.00576	0.00109	0.00034	0.00155	0.00093	0.00586	0.04399

[dist]
# distance from previous block
# <min> <max>
10	109

[block]
# block no. 13 follows, 243 sequences, length 10
# corresponding to MSA columns:
# 2137-2142,2165-2168
name=unknown_N
#
# <colnr> <probs for GDERKNQSTAVLIFYWHMCP>
#	G	D	E	R	K	N	Q	S	T	A	V	L	I	F	Y	W	H	M	C	P
0	0.06035	0.08744	0.11014	0.01111	0.03141	0.02682	0.03856	0.16333	0.10319	0.17684	0.05289	0.01576	0.02382	0.00161	0.00126	0.00039	0.00133	0.01934	0.00110	0.07330
1	0.16917	0.07789	0.00364	0.01282	0.06552	0.20121	0.03257	0.10875	0.09981	0.13781	0.03419	0.02882	0.00282	0.00155	0.00120	0.00039	0.00147	0.00931	0.00102	0.01003
2	0.00194	0.00149	0.00219	0.00216	0.00238	0.00175	0.00168	0.00239	0.00212	0.00306	0.00350	0.00526	0.00331	0.05208	0.86133	0.00202	0.04802	0.00143	0.00071	0.00118
3	0.01309	0.02383	0.14216	0.10357	0.41648	0.01968	0.04240	0.01430	0.08591	0.06238	0.03506	0.00394	0.01669	0.00141	0.00132	0.00041	0.00156	0.01308	0.00081	0.00193
4	0.11822	0.00256	0.02777	0.04670	0.00347	0.01904	0.01751	0.00355	0.00276	0.03342	0.02650	0.00299	0.00221	0.00114	0.00107	0.00027	0.01424	0.00089	0.01398	0.66173
5	0.00338	0.01656	0.01215	0.05316	0.20731	0.10155	0.03119	0.04847	0.06101	0.02828	0.09325	0.19051	0.02176	0.00228	0.00158	0.00047	0.01775	0.00191	0.00109	0.10633
6	0.00289	0.29470	0.19823	0.00263	0.01115	0.05080	0.01751	0.02547	0.02578	0.01814	0.02815	0.10263	0.02632	0.02675	0.13178	0.00064	0.00175	0.01326	0.01275	0.00867
7	0.00193	0.00128	0.00149	0.00150	0.00151	0.00129	0.00087	0.00194	0.00195	0.00261	0.00419	0.03662	0.00480	0.85450	0.04864	0.02994	0.00137	0.00194	0.00081	0.00082
8	0.00289	0.00242	0.04635	0.01865	0.01502	0.00240	0.06158	0.03620	0.23805	0.08471	0.21597	0.04591	0.03431	0.07620	0.02812	0.00056	0.06873	0.01913	0.00117	0.00163
9	0.00382	0.00326	0.00324	0.00281	0.00362	0.07698	0.00221	0.17911	0.67241	0.03038	0.00473	0.00441	0.00352	0.00172	0.00133	0.00043	0.00123	0.00139	0.00130	0.00209

[dist]
# distance from previous block
# <min> <max>
1	32

[block]
# block no. 14 follows, 243 sequences, length 13
# corresponding to MSA columns:
# 2209-2213,2217-2224
name=unknown_O
#
# <colnr> <probs for GDERKNQSTAVLIFYWHMCP>
#	G	D	E	R	K	N	Q	S	T	A	V	L	I	F	Y	W	H	M	C	P
0	0.03801	0.00229	0.00301	0.00233	0.00333	0.00203	0.00192	0.02766	0.02057	0.82305	0.03127	0.00451	0.00343	0.00164	0.00131	0.00041	0.00111	0.00133	0.00157	0.02920
1	0.00207	0.00153	0.00185	0.00205	0.00226	0.02894	0.00148	0.01864	0.05612	0.03076	0.02053	0.67305	0.00787	0.02033	0.00175	0.00054	0.00092	0.12686	0.00123	0.00122
2	0.11177	0.00314	0.00542	0.03446	0.00528	0.01586	0.49046	0.06545	0.09631	0.07446	0.02386	0.00394	0.00261	0.02237	0.00156	0.00045	0.01505	0.00894	0.01684	0.00178
3	0.00313	0.00306	0.00441	0.02157	0.01971	0.02443	0.17980	0.03628	0.26506	0.00426	0.00319	0.03213	0.00267	0.00192	0.00263	0.00050	0.39126	0.00141	0.00086	0.00173
4	0.02966	0.00340	0.00367	0.00288	0.00387	0.00372	0.00236	0.72617	0.07991	0.08066	0.01839	0.00383	0.02034	0.00168	0.00133	0.00041	0.00136	0.01285	0.00134	0.00217
5	0.00345	0.02073	0.03044	0.08959	0.61358	0.13147	0.00367	0.02656	0.04470	0.00422	0.00263	0.00341	0.00218	0.00130	0.00130	0.00040	0.00168	0.01604	0.00071	0.00195
6	0.01432	0.00147	0.00184	0.00169	0.00209	0.00134	0.00129	0.01550	0.00364	0.02410	0.74285	0.00966	0.11204	0.00266	0.00152	0.00041	0.00068	0.01588	0.00139	0.04561
7	0.03027	0.15841	0.17109	0.02958	0.31664	0.04622	0.10140	0.01425	0.01796	0.01573	0.00242	0.01163	0.00199	0.00133	0.00148	0.00040	0.07556	0.00111	0.00066	0.00186
8	0.00172	0.00130	0.00156	0.00179	0.00195	0.01989	0.00123	0.00200	0.00269	0.00353	0.03591	0.72169	0.14847	0.00385	0.00164	0.00051	0.00079	0.01833	0.03005	0.00111
9	0.02379	0.00299	0.00318	0.02310	0.00368	0.00344	0.00220	0.18024	0.72886	0.00603	0.00485	0.00453	0.00361	0.00174	0.00133	0.00044	0.00114	0.00142	0.00132	0.00210
10	0.00230	0.00115	0.00173	0.00173	0.00173	0.00115	0.00115	0.00173	0.00173	0.00230	0.00230	0.00403	0.00230	0.00461	0.00518	0.96140	0.00115	0.00115	0.00058	0.00058
11	0.00351	0.91111	0.04966	0.00234	0.00351	0.00515	0.00239	0.00398	0.00270	0.00317	0.00187	0.00216	0.00170	0.00114	0.00087	0.00029	0.00144	0.00072	0.00057	0.00171
12	0.00320	0.09835	0.60823	0.00334	0.00493	0.01985	0.02836	0.00446	0.02697	0.12706	0.02891	0.00360	0.01612	0.00143	0.00126	0.00041	0.00172	0.01910	0.00077	0.00192

[dist]
# distance from previous block
# <min> <max>
0	2

[block]
# block no. 15 follows, 243 sequences, length 12
# corresponding to MSA columns:
# 2227,2230-2236,2238,2239,2244,2245
name=unknown_P
#
# <colnr> <probs for GDERKNQSTAVLIFYWHMCP>
#	G	D	E	R	K	N	Q	S	T	A	V	L	I	F	Y	W	H	M	C	P
0	0.01459	0.39538	0.10487	0.00270	0.00375	0.04805	0.01950	0.01622	0.34989	0.00428	0.00333	0.00347	0.00266	0.00144	0.00113	0.00037	0.00139	0.01329	0.00089	0.01282
1	0.00345	0.67544	0.17009	0.00271	0.01844	0.05406	0.00277	0.02193	0.00283	0.00344	0.00208	0.01989	0.00185	0.00125	0.00102	0.00032	0.01524	0.00084	0.00060	0.00174
2	0.04376	0.00948	0.00335	0.02294	0.05149	0.03780	0.02638	0.03517	0.03027	0.07415	0.04880	0.00382	0.01966	0.02682	0.01248	0.00043	0.23494	0.00790	0.00086	0.30952
3	0.02256	0.16415	0.22285	0.06004	0.05889	0.03339	0.07635	0.12266	0.03824	0.05630	0.04551	0.01476	0.00923	0.00151	0.00141	0.00040	0.05105	0.00941	0.00946	0.00183
4	0.00254	0.00240	0.00405	0.90262	0.05640	0.00296	0.00370	0.00342	0.00267	0.00344	0.00236	0.00352	0.00179	0.00132	0.00133	0.00044	0.00176	0.00118	0.00059	0.00151
5	0.01015	0.00252	0.02191	0.02443	0.28106	0.01209	0.06722	0.04369	0.06843	0.08773	0.18529	0.06407	0.09135	0.00203	0.00146	0.00043	0.00987	0.02348	0.00107	0.00173
6	0.00330	0.06973	0.25551	0.04151	0.20862	0.02652	0.08138	0.04327	0.14364	0.06126	0.01495	0.00387	0.02474	0.00145	0.00131	0.00041	0.00160	0.01412	0.00085	0.00194
7	0.00321	0.01249	0.01745	0.02403	0.07832	0.01929	0.00195	0.08486	0.12282	0.16911	0.17009	0.08734	0.12384	0.04085	0.00166	0.00047	0.00107	0.03822	0.00126	0.00167
8	0.00251	0.00202	0.00275	0.03188	0.01439	0.00207	0.09203	0.01614	0.24321	0.04562	0.04645	0.27534	0.14903	0.02237	0.00164	0.00050	0.00106	0.04827	0.00120	0.00151
9	0.01213	0.02913	0.04038	0.20420	0.22790	0.13487	0.08741	0.07432	0.02360	0.06978	0.02424	0.00398	0.01231	0.00147	0.00135	0.00041	0.00833	0.03530	0.00709	0.00179
10	0.01929	0.00307	0.06923	0.50594	0.22328	0.03321	0.02489	0.05720	0.00300	0.01682	0.00256	0.01282	0.00201	0.00136	0.00135	0.00043	0.01045	0.01069	0.00068	0.00171
11	0.00959	0.01214	0.02100	0.04160	0.20880	0.03906	0.02099	0.01142	0.05030	0.39057	0.05820	0.05609	0.02841	0.01128	0.00962	0.00044	0.01129	0.01057	0.00120	0.00746

[dist]
# distance from previous block
# <min> <max>
7	29

[block]
# block no. 16 follows, 243 sequences, length 13
# corresponding to MSA columns:
# 2283,2285-2296
name=unknown_Q
#
# <colnr> <probs for GDERKNQSTAVLIFYWHMCP>
#	G	D	E	R	K	N	Q	S	T	A	V	L	I	F	Y	W	H	M	C	P
0	0.00188	0.00127	0.00160	0.00172	0.00184	0.00123	0.00114	0.00206	0.00240	0.02439	0.03712	0.41719	0.05577	0.33676	0.05553	0.01812	0.00113	0.03677	0.00106	0.00102
1	0.02101	0.02449	0.01600	0.15463	0.36464	0.05017	0.13823	0.07141	0.01453	0.04364	0.00277	0.02705	0.00227	0.00142	0.00151	0.00042	0.05397	0.00922	0.00076	0.00186
2	0.03564	0.07914	0.11148	0.00284	0.04433	0.06124	0.00244	0.01594	0.03249	0.55212	0.01647	0.00391	0.00287	0.00154	0.00133	0.00040	0.02273	0.00120	0.00984	0.00206
3	0.00187	0.00138	0.00193	0.00195	0.00214	0.00152	0.00144	0.00224	0.00221	0.00310	0.03175	0.06396	0.04623	0.17523	0.65487	0.00176	0.00277	0.00174	0.00080	0.00111
4	0.00164	0.00121	0.00153	0.00176	0.00192	0.00111	0.00121	0.00192	0.00272	0.00357	0.07223	0.69927	0.17654	0.00390	0.00167	0.00052	0.00075	0.02418	0.00125	0.00110
5	0.17957	0.00244	0.00292	0.00231	0.00326	0.02684	0.00190	0.00586	0.00346	0.72053	0.00442	0.00398	0.00286	0.00158	0.00133	0.00041	0.03160	0.00120	0.00143	0.00206
6	0.03456	0.02159	0.00378	0.00289	0.00389	0.03407	0.00237	0.75017	0.04158	0.01662	0.00319	0.00331	0.00234	0.01635	0.01214	0.00042	0.00145	0.00117	0.01408	0.03401
