[name]
unknown

[dist]
# distance from previous block
# <min> <max>
0	559

[block]
# block no. 0 follows, 282 sequences, length 11
# corresponding to MSA columns:
# 858-868
name=unknown_A
#
# <colnr> <probs for GDERKNQSTAVLIFYWHMCP>
#	G	D	E	R	K	N	Q	S	T	A	V	L	I	F	Y	W	H	M	C	P
0	0.00269	0.59668	0.16477	0.00222	0.00318	0.00357	0.00233	0.00326	0.00241	0.00301	0.00256	0.00410	0.00248	0.00161	0.02538	0.00036	0.00133	0.17601	0.00060	0.00143
1	0.01162	0.10468	0.63683	0.00311	0.01650	0.01636	0.06396	0.01783	0.01134	0.01261	0.01483	0.00276	0.00178	0.00114	0.00108	0.00035	0.00157	0.02124	0.00056	0.05986
2	0.00305	0.00163	0.00211	0.00182	0.00233	0.00158	0.00142	0.01632	0.09679	0.33458	0.27673	0.00562	0.00531	0.06500	0.15240	0.00065	0.00119	0.00148	0.01588	0.01413
3	0.00309	0.96009	0.00605	0.00198	0.00297	0.00457	0.00198	0.00346	0.00235	0.00272	0.00161	0.00185	0.00148	0.00099	0.00074	0.00025	0.00124	0.00062	0.00049	0.00148
4	0.00170	0.00119	0.00154	0.00146	0.00175	0.00109	0.00109	0.00221	0.00319	0.02908	0.83040	0.05265	0.06342	0.00243	0.00136	0.00037	0.00056	0.00214	0.00126	0.00110
5	0.00186	0.00116	0.00142	0.00140	0.00167	0.00109	0.00104	0.00234	0.00285	0.03910	0.47061	0.15594	0.04060	0.00229	0.00123	0.00036	0.00059	0.01870	0.25466	0.00109
6	0.00144	0.00120	0.00126	0.00126	0.00164	0.00104	0.00095	0.00181	0.02355	0.00326	0.06970	0.04314	0.80531	0.00289	0.00137	0.00040	0.00061	0.03707	0.00109	0.00100
7	0.00161	0.00118	0.00151	0.00143	0.00171	0.00108	0.00107	0.00214	0.00322	0.00450	0.87047	0.00884	0.09209	0.00241	0.00136	0.00037	0.00055	0.00212	0.00125	0.00108
8	0.96756	0.00223	0.00170	0.00152	0.00223	0.00259	0.00125	0.00340	0.00197	0.00518	0.00161	0.00188	0.00125	0.00107	0.00071	0.00036	0.00089	0.00063	0.00071	0.00125
9	0.66817	0.00219	0.00203	0.00171	0.00248	0.00237	0.00141	0.03431	0.00245	0.26970	0.00247	0.00248	0.00172	0.00118	0.00085	0.00036	0.00093	0.00079	0.00093	0.00147
10	0.96756	0.00223	0.00170	0.00152	0.00223	0.00259	0.00125	0.00340	0.00197	0.00518	0.00161	0.00188	0.00125	0.00107	0.00071	0.00036	0.00089	0.00063	0.00071	0.00125

[dist]
# distance from previous block
# <min> <max>
0	20

[block]
# block no. 1 follows, 282 sequences, length 16
# corresponding to MSA columns:
# 889-901,908-910
name=unknown_B
#
# <colnr> <probs for GDERKNQSTAVLIFYWHMCP>
#	G	D	E	R	K	N	Q	S	T	A	V	L	I	F	Y	W	H	M	C	P
0	0.00240	0.00205	0.00240	0.00171	0.00274	0.00154	0.00137	0.00291	0.00240	0.00376	0.00205	0.00240	0.00171	0.00086	0.00086	0.00017	0.00086	0.00068	0.00068	0.96646
1	0.02829	0.00205	0.00271	0.00208	0.00297	0.00184	0.00172	0.06510	0.00341	0.87048	0.00437	0.00381	0.00276	0.00142	0.00115	0.00036	0.00100	0.00114	0.00140	0.00195
2	0.93062	0.00227	0.00177	0.00156	0.00229	0.00263	0.00129	0.03963	0.00210	0.00526	0.00165	0.00191	0.00128	0.00108	0.00073	0.00036	0.00091	0.00064	0.00073	0.00128
3	0.00146	0.00105	0.00140	0.00166	0.00176	0.00099	0.00117	0.00171	0.00228	0.00302	0.00650	0.80914	0.03574	0.00354	0.00149	0.00047	0.00072	0.12386	0.00107	0.00096
4	0.03657	0.00288	0.00318	0.00246	0.00335	0.00310	0.00203	0.68321	0.02520	0.20437	0.00317	0.00305	0.00218	0.00139	0.00114	0.00035	0.00118	0.00106	0.01822	0.00192
5	0.00492	0.00199	0.00263	0.00205	0.00290	0.00178	0.00168	0.02679	0.05582	0.84086	0.00449	0.00394	0.00288	0.00143	0.00115	0.00036	0.00097	0.00116	0.04028	0.00192
6	0.03905	0.00202	0.00268	0.00206	0.00295	0.00180	0.00170	0.04015	0.00334	0.88490	0.00439	0.00382	0.00277	0.00142	0.00115	0.00036	0.00099	0.00114	0.00139	0.00194
7	0.00149	0.00117	0.00120	0.00119	0.00157	0.00100	0.00089	0.00181	0.00264	0.01651	0.04126	0.03077	0.81080	0.00277	0.00132	0.00038	0.00059	0.00232	0.07930	0.00100
8	0.00234	0.00227	0.00394	0.69318	0.14668	0.00267	0.08560	0.00310	0.00237	0.00313	0.00207	0.00303	0.00160	0.00116	0.00128	0.00038	0.04223	0.00106	0.00053	0.00139
9	0.00160	0.00107	0.00139	0.00157	0.00171	0.00099	0.00107	0.00182	0.00231	0.04817	0.02943	0.77272	0.09321	0.03508	0.00159	0.00048	0.00069	0.00302	0.00108	0.00099
10	0.00278	0.00259	0.00438	0.09973	0.79132	0.00263	0.00339	0.00346	0.00261	0.02099	0.00242	0.00345	0.00208	0.00117	0.00117	0.00036	0.00137	0.05177	0.00061	0.00174
11	0.00270	0.00300	0.00635	0.00498	0.10911	0.00285	0.79557	0.00361	0.00269	0.00368	0.00244	0.01761	0.00194	0.00108	0.00139	0.00039	0.01844	0.02001	0.00060	0.00156
12	0.00152	0.00122	0.01775	0.03044	0.01647	0.01193	0.00126	0.00178	0.00227	0.00300	0.00625	0.81910	0.04429	0.00339	0.00145	0.00046	0.00075	0.03466	0.00103	0.00099
13	0.04619	0.01407	0.04620	0.00210	0.00299	0.00198	0.00180	0.10501	0.00337	0.70595	0.00405	0.00365	0.00262	0.00138	0.00111	0.00035	0.00102	0.00110	0.05316	0.00187
14	0.02183	0.06080	0.10303	0.00991	0.05058	0.24979	0.14306	0.01659	0.04027	0.23316	0.00865	0.03933	0.01494	0.00137	0.00117	0.00036	0.00153	0.00113	0.00086	0.00164
15	0.01206	0.05470	0.55334	0.03237	0.11200	0.00270	0.07219	0.02964	0.00264	0.09214	0.01573	0.01116	0.00186	0.00116	0.00112	0.00036	0.00154	0.00097	0.00063	0.00170

[dist]
# distance from previous block
# <min> <max>
0	9

[block]
# block no. 2 follows, 282 sequences, length 37
# corresponding to MSA columns:
# 923-935,939,940,946-965,967,968
name=unknown_C
#
# <colnr> <probs for GDERKNQSTAVLIFYWHMCP>
#	G	D	E	R	K	N	Q	S	T	A	V	L	I	F	Y	W	H	M	C	P
0	0.00267	0.07322	0.23619	0.09195	0.39956	0.01277	0.02092	0.00752	0.04997	0.02139	0.02330	0.01153	0.01822	0.00120	0.00115	0.00035	0.01343	0.00524	0.00062	0.00881
1	0.01597	0.38501	0.52941	0.00274	0.00411	0.01542	0.01145	0.00358	0.00240	0.00329	0.00188	0.00220	0.00147	0.00106	0.00097	0.00032	0.00711	0.00076	0.00050	0.01036
2	0.00153	0.00112	0.00134	0.00144	0.00159	0.00106	0.00097	0.00179	0.02028	0.00298	0.08643	0.37411	0.20862	0.25734	0.01246	0.00063	0.00080	0.02360	0.00099	0.00092
3	0.00257	0.00230	0.00347	0.76145	0.02827	0.01416	0.00302	0.14610	0.02082	0.00366	0.00221	0.00304	0.00165	0.00120	0.00115	0.00038	0.00149	0.00103	0.00063	0.00141
4	0.00162	0.00118	0.00152	0.00144	0.00172	0.00108	0.00108	0.00215	0.00323	0.00455	0.89914	0.00877	0.06340	0.00239	0.00136	0.00036	0.00055	0.00211	0.00126	0.00108
5	0.00739	0.00117	0.00132	0.00133	0.00160	0.00115	0.00099	0.00255	0.03924	0.02054	0.17544	0.16257	0.05593	0.00204	0.00109	0.00034	0.00060	0.02584	0.49777	0.00110
6	0.00151	0.00109	0.00143	0.00153	0.00170	0.00101	0.00108	0.00187	0.00270	0.00372	0.43852	0.51073	0.02273	0.00303	0.00142	0.00042	0.00061	0.00273	0.00116	0.00101
7	0.00151	0.00110	0.00141	0.00149	0.00168	0.00101	0.00106	0.00187	0.00272	0.00371	0.42527	0.43001	0.10845	0.01142	0.00145	0.00042	0.00061	0.00265	0.00116	0.00101
8	0.00236	0.06078	0.89899	0.00322	0.00488	0.00279	0.00414	0.00365	0.00243	0.00360	0.00205	0.00241	0.00146	0.00109	0.00108	0.00036	0.00168	0.00084	0.00049	0.00169
9	0.00286	0.00275	0.00469	0.00709	0.95219	0.00275	0.00355	0.00355	0.00263	0.00377	0.00217	0.00286	0.00183	0.00103	0.00114	0.00034	0.00137	0.00103	0.00057	0.00183
10	0.28942	0.00209	0.00242	0.00192	0.00276	0.00203	0.00159	0.04144	0.00299	0.63644	0.00362	0.00328	0.00235	0.00132	0.00103	0.00036	0.00097	0.00100	0.00121	0.00175
11	0.26070	0.00252	0.01105	0.00211	0.00297	0.00261	0.00175	0.32831	0.02159	0.26825	0.00899	0.00289	0.00208	0.00129	0.00104	0.00034	0.00783	0.00095	0.00107	0.07164
12	0.00248	0.03571	0.62209	0.00364	0.00513	0.00278	0.26638	0.00369	0.01649	0.01041	0.00224	0.00279	0.00166	0.00114	0.00673	0.00038	0.00174	0.01232	0.00054	0.00165
13	0.00148	0.00119	0.00133	0.00133	0.00167	0.00104	0.00100	0.00186	0.01068	0.00347	0.21503	0.09595	0.59930	0.00283	0.00137	0.00039	0.00061	0.04223	0.00111	0.01612
14	0.96756	0.00223	0.00170	0.00152	0.00223	0.00259	0.00125	0.00340	0.00197	0.00518	0.00161	0.00188	0.00125	0.00107	0.00071	0.00036	0.00089	0.00063	0.00071	0.00125
15	0.16688	0.08527	0.01168	0.00873	0.00301	0.05156	0.01974	0.12524	0.00714	0.46794	0.00953	0.03308	0.00245	0.00138	0.00106	0.00035	0.00110	0.00106	0.00111	0.00172
16	0.00253	0.00253	0.00354	0.00303	0.00303	0.00354	0.00253	0.00278	0.00177	0.00278	0.00152	0.00253	0.00152	0.00202	0.00379	0.00051	0.95728	0.00101	0.00051	0.00126
17	0.00205	0.00175	0.00182	0.00170	0.00220	0.00181	0.00131	0.01626	0.39800	0.00394	0.03480	0.01484	0.50085	0.00233	0.00129	0.00039	0.00074	0.01146	0.00112	0.00135
18	0.00144	0.00104	0.00137	0.00157	0.00168	0.00097	0.00107	0.00170	0.00239	0.00321	0.14724	0.76848	0.04804	0.00340	0.00145	0.00045	0.00065	0.01175	0.00110	0.00096
19	0.00439	0.00324	0.00347	0.00266	0.00358	0.00358	0.00220	0.94834	0.00543	0.00728	0.00277	0.00277	0.00196	0.00139	0.00116	0.00035	0.00127	0.00104	0.00116	0.00196
20	0.96756	0.00223	0.00170	0.00152	0.00223	0.00259	0.00125	0.00340	0.00197	0.00518	0.00161	0.00188	0.00125	0.00107	0.00071	0.00036	0.00089	0.00063	0.00071	0.00125
21	0.00482	0.00281	0.00275	0.00224	0.00303	0.23935	0.00179	0.00524	0.00326	0.67073	0.00383	0.00349	0.00252	0.00137	0.00111	0.00034	0.00124	0.00105	0.04727	0.00177
22	0.00191	0.00114	0.00134	0.00129	0.00157	0.00109	0.00097	0.00245	0.00288	0.01526	0.50707	0.00660	0.00718	0.00189	0.00111	0.00032	0.00055	0.00162	0.44268	0.00109
23	0.00146	0.00110	0.00130	0.00142	0.00161	0.00100	0.00099	0.00170	0.00238	0.00305	0.06985	0.42366	0.33435	0.11733	0.00196	0.00051	0.00070	0.03366	0.00104	0.00094
24	0.00253	0.14660	0.67038	0.00329	0.00479	0.02741	0.12219	0.00366	0.00248	0.00350	0.00203	0.00243	0.00150	0.00107	0.00108	0.00035	0.00168	0.00088	0.00050	0.00165
25	0.00251	0.00208	0.00241	0.00182	0.00276	0.00172	0.00145	0.00341	0.13856	0.02759	0.00922	0.01221	0.00221	0.00105	0.00093	0.00022	0.00087	0.01719	0.00079	0.77100
26	0.02919	0.01622	0.00340	0.34472	0.09231	0.04549	0.00958	0.22170	0.09866	0.01964	0.00997	0.00319	0.01763	0.00134	0.00132	0.00037	0.06816	0.00106	0.01450	0.00155
27	0.02636	0.00207	0.00269	0.00208	0.00294	0.00188	0.00171	0.10233	0.00348	0.78075	0.04314	0.00394	0.00304	0.00145	0.00115	0.00035	0.00099	0.00117	0.00137	0.01710
28	0.00145	0.00105	0.00135	0.00155	0.00167	0.00097	0.00106	0.00168	0.00230	0.00304	0.06268	0.72990	0.09817	0.05544	0.00170	0.00049	0.00069	0.03281	0.00106	0.00094
29	0.00739	0.27374	0.18876	0.00813	0.03980	0.28665	0.06192	0.02250	0.04354	0.01698	0.00538	0.00250	0.00758	0.00578	0.00408	0.00033	0.01666	0.00616	0.00060	0.00152
30	0.00240	0.03792	0.89347	0.00324	0.00490	0.01047	0.01104	0.01020	0.00247	0.01060	0.00208	0.00243	0.00148	0.00110	0.00109	0.00036	0.00169	0.00085	0.00050	0.00170
31	0.00141	0.00101	0.00134	0.00161	0.00168	0.00094	0.00107	0.00161	0.00221	0.00295	0.00637	0.95864	0.00764	0.00362	0.00147	0.00047	0.00067	0.00328	0.00107	0.00094
32	0.00150	0.00111	0.00126	0.00134	0.00149	0.00102	0.00088	0.00166	0.00216	0.00275	0.00714	0.27235	0.32406	0.36174	0.00309	0.00069	0.00081	0.01315	0.00093	0.00086
33	0.02446	0.00209	0.00241	0.00173	0.00275	0.00162	0.00139	0.03026	0.00247	0.00390	0.00206	0.00239	0.00171	0.00088	0.00086	0.00018	0.00087	0.00069	0.00070	0.91656
34	0.02888	0.75964	0.02153	0.00223	0.02672	0.09457	0.00206	0.01218	0.00248	0.02455	0.00172	0.00198	0.00152	0.00104	0.00084	0.00027	0.01509	0.00067	0.00054	0.00149
35	0.00203	0.01291	0.01537	0.00158	0.00166	0.00111	0.01307	0.00164	0.00159	0.00214	0.01344	0.00356	0.00212	0.01333	0.01403	0.87525	0.00104	0.00102	0.00052	0.02259
36	0.00280	0.02141	0.04125	0.06602	0.53499	0.06156	0.04420	0.04163	0.00271	0.02531	0.00284	0.11590	0.01124	0.00143	0.00121	0.00036	0.00868	0.01416	0.00068	0.00162

[dist]
# distance from previous block
# <min> <max>
6	19

[block]
# block no. 3 follows, 282 sequences, length 14
# corresponding to MSA columns:
# 1028-1041
name=unknown_D
#
# <colnr> <probs for GDERKNQSTAVLIFYWHMCP>
#	G	D	E	R	K	N	Q	S	T	A	V	L	I	F	Y	W	H	M	C	P
0	0.02091	0.04666	0.01752	0.00282	0.09302	0.23986	0.00672	0.01482	0.09121	0.18076	0.03787	0.04285	0.04009	0.00183	0.03655	0.00042	0.09849	0.00807	0.01194	0.00762
1	0.00294	0.00271	0.00348	0.00287	0.00363	0.02406	0.18632	0.04720	0.70268	0.00468	0.00409	0.00396	0.00307	0.00144	0.00121	0.00039	0.00116	0.00129	0.00105	0.00177
2	0.00253	0.00232	0.06975	0.02123	0.03205	0.00172	0.01685	0.01428	0.02036	0.04921	0.01238	0.00949	0.01607	0.00111	0.00106	0.03275	0.00097	0.00083	0.00072	0.69433
3	0.00287	0.00149	0.00194	0.00167	0.00217	0.00137	0.00131	0.00351	0.04561	0.31465	0.55780	0.00671	0.00759	0.00198	0.00126	0.00036	0.00070	0.00171	0.04388	0.00141
4	0.05547	0.00248	0.00291	0.02127	0.13751	0.01344	0.01612	0.06393	0.58293	0.01500	0.02833	0.04198	0.00335	0.00154	0.00117	0.00038	0.00102	0.00839	0.00104	0.00173
5	0.05161	0.04530	0.35372	0.02229	0.10750	0.02010	0.05547	0.22836	0.01325	0.01853	0.01359	0.00821	0.00847	0.00124	0.00122	0.00036	0.04112	0.00098	0.00072	0.00796
6	0.00312	0.82610	0.05186	0.00209	0.00310	0.00437	0.00210	0.06113	0.03153	0.00311	0.00179	0.00201	0.00157	0.00104	0.00080	0.00026	0.00125	0.00068	0.00056	0.00153
7	0.01231	0.00267	0.04020	0.12270	0.36382	0.02064	0.03285	0.13548	0.02573	0.04268	0.06272	0.01551	0.01797	0.00144	0.00787	0.00038	0.07294	0.01967	0.00076	0.00162
8	0.00174	0.00120	0.00151	0.00162	0.00174	0.00120	0.00118	0.00197	0.00213	0.00280	0.02212	0.02813	0.02014	0.52453	0.00392	0.00085	0.00107	0.38042	0.00087	0.00086
9	0.11062	0.00210	0.00285	0.29025	0.11606	0.01959	0.00227	0.11216	0.00271	0.06564	0.01446	0.10151	0.01349	0.00952	0.11297	0.00056	0.00145	0.01963	0.00078	0.00139
10	0.00159	0.00113	0.00131	0.00133	0.00146	0.00108	0.00087	0.00171	0.00205	0.00266	0.04175	0.10204	0.24725	0.47741	0.05533	0.04429	0.00102	0.01406	0.00085	0.00082
11	0.00143	0.00102	0.00134	0.00159	0.00166	0.00096	0.00106	0.00163	0.00220	0.00292	0.00632	0.86233	0.02813	0.05951	0.00173	0.00051	0.00070	0.02297	0.00105	0.00093
12	0.00280	0.00241	0.00257	0.02914	0.00306	0.01352	0.00181	0.03420	0.77430	0.00464	0.00454	0.01524	0.02165	0.02260	0.01236	0.00041	0.00098	0.00892	0.00111	0.04374
13	0.04810	0.06614	0.32228	0.01573	0.33356	0.03310	0.02476	0.05820	0.01771	0.01941	0.00217	0.00260	0.00169	0.00108	0.00107	0.00034	0.00145	0.00091	0.00061	0.04908

[dist]
# distance from previous block
# <min> <max>
9	14

[block]
# block no. 4 follows, 282 sequences, length 25
# corresponding to MSA columns:
# 1125-1127,1136,1137,1139,1142-1160
name=unknown_E
#
# <colnr> <probs for GDERKNQSTAVLIFYWHMCP>
#	G	D	E	R	K	N	Q	S	T	A	V	L	I	F	Y	W	H	M	C	P
0	0.02579	0.00181	0.00223	0.01870	0.04271	0.00161	0.00569	0.06995	0.01343	0.00376	0.00979	0.25507	0.00380	0.03138	0.00129	0.00506	0.00090	0.07098	0.00085	0.43521
1	0.01375	0.00259	0.02699	0.00306	0.00408	0.00228	0.36550	0.03076	0.09390	0.01145	0.02187	0.00334	0.00225	0.00110	0.00113	0.00031	0.00132	0.03099	0.00073	0.38261
2	0.00180	0.00141	0.01545	0.00204	0.00232	0.00768	0.01926	0.00233	0.02433	0.00336	0.00628	0.20235	0.06099	0.01136	0.00157	0.00051	0.00099	0.63387	0.00105	0.00107
3	0.01570	0.03465	0.00345	0.05025	0.03128	0.21527	0.06125	0.14428	0.01223	0.04996	0.04875	0.00829	0.00231	0.00211	0.08068	0.00452	0.22822	0.00464	0.00074	0.00143
4	0.00426	0.00540	0.00333	0.00314	0.04044	0.91775	0.00228	0.00457	0.00325	0.00286	0.00180	0.00211	0.00150	0.00118	0.00105	0.00030	0.00206	0.00076	0.00059	0.00136
5	0.01856	0.04377	0.05343	0.03110	0.12901	0.01361	0.00692	0.00301	0.01150	0.00884	0.00197	0.00927	0.00187	0.00187	0.01350	0.00047	0.60504	0.04430	0.00056	0.00137
6	0.86619	0.00246	0.00187	0.00167	0.00236	0.06144	0.00136	0.01449	0.00208	0.00499	0.00163	0.00192	0.00128	0.00111	0.00084	0.00036	0.03132	0.00065	0.00071	0.00127
7	0.00430	0.00524	0.00322	0.00291	0.00352	0.87829	0.00219	0.00471	0.04008	0.04226	0.00201	0.00225	0.00162	0.00122	0.00105	0.00030	0.00199	0.00078	0.00065	0.00138
8	0.00169	0.00129	0.00190	0.04137	0.00227	0.00150	0.00148	0.00208	0.00189	0.00269	0.00328	0.00485	0.02472	0.06492	0.81101	0.00168	0.01996	0.00977	0.00063	0.00103
9	0.00142	0.00116	0.00125	0.00124	0.00160	0.00099	0.00093	0.00175	0.00273	0.00339	0.18242	0.05969	0.73171	0.00286	0.00137	0.00039	0.00058	0.00242	0.00111	0.00099
10	0.00164	0.00120	0.00147	0.00144	0.00175	0.00109	0.00110	0.00212	0.01107	0.01561	0.54337	0.05608	0.25815	0.00259	0.00137	0.00039	0.00061	0.07385	0.02403	0.00107
11	0.02630	0.00279	0.01522	0.37047	0.00528	0.00315	0.01142	0.54095	0.00408	0.00548	0.00246	0.00287	0.00178	0.00128	0.00115	0.00036	0.00138	0.00103	0.00088	0.00168
12	0.00142	0.00101	0.00135	0.00162	0.00169	0.00095	0.00109	0.00163	0.00222	0.00296	0.00636	0.93418	0.00762	0.00361	0.00148	0.00047	0.00068	0.02763	0.00107	0.00094
13	0.56650	0.00293	0.00239	0.00202	0.00278	0.12848	0.00164	0.25320	0.00308	0.02467	0.00200	0.00218	0.00150	0.00118	0.00088	0.00035	0.00115	0.00076	0.00083	0.00147
14	0.00306	0.00339	0.08737	0.08643	0.07110	0.15551	0.20390	0.05442	0.00267	0.05487	0.00218	0.01613	0.00177	0.00143	0.00674	0.00040	0.24543	0.00107	0.00063	0.00149
15	0.00157	0.00110	0.00136	0.00143	0.00153	0.00105	0.00094	0.00178	0.00226	0.00306	0.21546	0.32779	0.04201	0.37274	0.01173	0.00071	0.00084	0.01080	0.00097	0.00088
16	0.00221	0.00783	0.00184	0.00167	0.00208	0.00893	0.00128	0.01430	0.26110	0.02650	0.46687	0.00644	0.01761	0.00192	0.00120	0.00035	0.00068	0.00165	0.17423	0.00132
17	0.00308	0.00256	0.03021	0.36597	0.24351	0.01532	0.03453	0.13959	0.00966	0.12093	0.02184	0.00318	0.00205	0.00121	0.00116	0.00036	0.00139	0.00107	0.00076	0.00162
18	0.00198	0.00102	0.00151	0.00151	0.00152	0.00103	0.00101	0.00153	0.00153	0.00204	0.00210	0.00368	0.00211	0.03452	0.04450	0.89522	0.00110	0.00103	0.00051	0.00053
19	0.00146	0.00104	0.00140	0.00167	0.00175	0.00098	0.00116	0.00170	0.00226	0.00301	0.00634	0.85449	0.00753	0.00357	0.00149	0.00048	0.00071	0.10694	0.00107	0.00095
20	0.76310	0.00229	0.00196	0.00168	0.00243	0.01560	0.00138	0.05356	0.00236	0.14358	0.00210	0.00223	0.00153	0.00114	0.00081	0.00036	0.00094	0.00073	0.00084	0.00139
21	0.04869	0.03321	0.68568	0.00307	0.00454	0.00273	0.04112	0.04762	0.04887	0.07035	0.00238	0.00263	0.00169	0.00115	0.00109	0.00036	0.00155	0.00091	0.00063	0.00171
22	0.00239	0.00253	0.01286	0.17846	0.08746	0.00249	0.49711	0.00318	0.00261	0.00349	0.03884	0.01652	0.10789	0.00157	0.03148	0.00043	0.00718	0.00143	0.00066	0.00142
23	0.00518	0.00197	0.00268	0.00206	0.00295	0.00170	0.00170	0.00563	0.00331	0.95299	0.00456	0.00393	0.00286	0.00143	0.00116	0.00036	0.00098	0.00116	0.00143	0.00197
24	0.00236	0.00568	0.87284	0.00321	0.00483	0.00270	0.00406	0.00387	0.08274	0.00376	0.00230	0.00260	0.00164	0.00114	0.00110	0.00037	0.00164	0.00089	0.00055	0.00172

[dist]
# distance from previous block
# <min> <max>
0	1

[block]
# block no. 5 follows, 282 sequences, length 19
# corresponding to MSA columns:
# 1162-1178,1188,1189
name=unknown_F
#
# <colnr> <probs for GDERKNQSTAVLIFYWHMCP>
#	G	D	E	R	K	N	Q	S	T	A	V	L	I	F	Y	W	H	M	C	P
0	0.02372	0.01345	0.62163	0.00302	0.01119	0.02259	0.03125	0.03610	0.00273	0.19810	0.01015	0.00280	0.00185	0.00120	0.00115	0.00036	0.01533	0.00094	0.00072	0.00173
1	0.00188	0.00143	0.05296	0.00178	0.00207	0.00118	0.00956	0.00223	0.00246	0.09269	0.07362	0.59319	0.05381	0.01188	0.01523	0.00047	0.00083	0.08054	0.00107	0.00110
2	0.89446	0.04011	0.03648	0.00160	0.00236	0.00267	0.00139	0.00341	0.00200	0.00503	0.00163	0.00190	0.00127	0.00107	0.00073	0.00035	0.00094	0.00063	0.00070	0.00128
3	0.00174	0.00121	0.00156	0.00146	0.00176	0.00110	0.00110	0.00226	0.00323	0.03645	0.86097	0.00863	0.06943	0.00237	0.00136	0.00036	0.00056	0.00208	0.00126	0.00111
4	0.00242	0.13849	0.82184	0.00311	0.00472	0.00295	0.00395	0.00363	0.00243	0.00353	0.00201	0.00236	0.00147	0.00108	0.00105	0.00035	0.00164	0.00082	0.00049	0.00168
5	0.00146	0.00115	0.00132	0.00134	0.00164	0.00101	0.00099	0.00182	0.00276	0.00354	0.28543	0.15566	0.51592	0.00287	0.00139	0.00040	0.00059	0.01859	0.00113	0.00100
6	0.00166	0.00121	0.00176	0.00177	0.00194	0.00138	0.00133	0.00199	0.00184	0.00262	0.00323	0.03889	0.00317	0.11279	0.78455	0.03418	0.00272	0.00135	0.00064	0.00097
7	0.00262	0.00212	0.00247	0.00179	0.00280	0.00170	0.00144	0.04752	0.04007	0.04162	0.00229	0.00255	0.00184	0.00093	0.00089	0.00020	0.00088	0.00074	0.00076	0.84477
8	0.90161	0.00225	0.00179	0.00157	0.00230	0.00258	0.00130	0.02935	0.00212	0.04423	0.00176	0.00199	0.00134	0.00110	0.00075	0.00036	0.00091	0.00066	0.00076	0.00130
9	0.00183	0.00130	0.00154	0.00150	0.00166	0.00136	0.00923	0.01018	0.08720	0.00287	0.01528	0.00657	0.06069	0.52647	0.18515	0.00106	0.00140	0.00155	0.08223	0.00094
10	0.05107	0.00206	0.00264	0.00201	0.00292	0.00182	0.00166	0.05421	0.00323	0.73078	0.00399	0.00357	0.00258	0.00133	0.00110	0.00033	0.00098	0.00107	0.00128	0.13138
11	0.29616	0.00199	0.00230	0.00185	0.00264	0.00192	0.00152	0.00469	0.00290	0.59264	0.07706	0.00367	0.00300	0.00139	0.00104	0.00036	0.00092	0.00107	0.00120	0.00168
12	0.00463	0.01232	0.00312	0.00239	0.00328	0.01943	0.01128	0.44759	0.03870	0.42983	0.00361	0.00335	0.00242	0.00147	0.01076	0.00037	0.00117	0.00110	0.00125	0.00193
13	0.04447	0.02260	0.75193	0.01944	0.02420	0.02117	0.04451	0.05185	0.00260	0.00387	0.00209	0.00246	0.00150	0.00111	0.00109	0.00036	0.00165	0.00088	0.00054	0.00168
14	0.04137	0.00125	0.00152	0.00147	0.00179	0.00115	0.00109	0.00213	0.00287	0.01565	0.53741	0.16201	0.14935	0.00268	0.02707	0.00042	0.00067	0.00217	0.00114	0.04677
15	0.00150	0.00106	0.00138	0.00156	0.00168	0.00098	0.00106	0.00175	0.00238	0.01643	0.14355	0.73377	0.04761	0.03749	0.00161	0.00047	0.00067	0.00299	0.00109	0.00097
16	0.00170	0.00122	0.00174	0.00181	0.02746	0.00134	0.00127	0.00195	0.00185	0.00259	0.01256	0.03514	0.01982	0.23141	0.57837	0.07450	0.00228	0.00141	0.00066	0.00093
17	0.04729	0.13000	0.02890	0.05419	0.04266	0.23561	0.02018	0.05090	0.08610	0.02286	0.00209	0.00255	0.00174	0.00142	0.00179	0.00037	0.26833	0.00091	0.00065	0.00145
18	0.01876	0.10975	0.50620	0.00752	0.01631	0.02464	0.02362	0.08301	0.02760	0.04154	0.01134	0.01043	0.00623	0.00592	0.00113	0.00034	0.01744	0.01001	0.00065	0.07758

[dist]
# distance from previous block
# <min> <max>
0	35

[block]
# block no. 6 follows, 282 sequences, length 21
# corresponding to MSA columns:
# 1225-1245
name=unknown_G
#
# <colnr> <probs for GDERKNQSTAVLIFYWHMCP>
#	G	D	E	R	K	N	Q	S	T	A	V	L	I	F	Y	W	H	M	C	P
0	0.60849	0.01657	0.01327	0.02985	0.12004	0.01633	0.03315	0.01977	0.08332	0.02005	0.00222	0.00250	0.01698	0.00116	0.00091	0.00036	0.01206	0.00082	0.00074	0.00141
1	0.14899	0.00281	0.01383	0.03071	0.00333	0.00928	0.00777	0.54058	0.05841	0.09198	0.04130	0.00309	0.00237	0.00144	0.00745	0.00037	0.02512	0.00104	0.00838	0.00175
2	0.00164	0.00118	0.00150	0.00144	0.00172	0.00108	0.00107	0.00213	0.00313	0.01876	0.76529	0.06606	0.12569	0.00249	0.00137	0.00037	0.00056	0.00219	0.00124	0.00108
3	0.01395	0.00262	0.05235	0.13900	0.50715	0.01580	0.03937	0.02757	0.02040	0.02732	0.05311	0.04155	0.02047	0.00139	0.00661	0.00037	0.00133	0.02733	0.00069	0.00161
4	0.96756	0.00223	0.00170	0.00152	0.00223	0.00259	0.00125	0.00340	0.00197	0.00518	0.00161	0.00188	0.00125	0.00107	0.00071	0.00036	0.00089	0.00063	0.00071	0.00125
5	0.00155	0.00118	0.00143	0.00136	0.00167	0.00105	0.00102	0.00202	0.00307	0.00416	0.65451	0.00942	0.30827	0.00254	0.00136	0.00037	0.00056	0.00220	0.00121	0.00105
6	0.01221	0.00197	0.00282	0.04660	0.03885	0.00181	0.05989	0.01650	0.03153	0.60053	0.07666	0.00481	0.07994	0.00158	0.00120	0.00037	0.00102	0.01046	0.00951	0.00173
7	0.00275	0.00236	0.00251	0.00228	0.00289	0.00271	0.00176	0.00577	0.86936	0.00472	0.02862	0.04517	0.02057	0.00170	0.00120	0.00039	0.00089	0.00143	0.00117	0.00176
8	0.07143	0.02243	0.00328	0.06404	0.03470	0.65446	0.01164	0.03242	0.02873	0.04539	0.00203	0.00234	0.00162	0.00121	0.00109	0.00032	0.02001	0.00081	0.00066	0.00141
9	0.00299	0.83184	0.13340	0.00215	0.00324	0.00432	0.00228	0.00349	0.00236	0.00284	0.00167	0.00193	0.00148	0.00100	0.00079	0.00026	0.00130	0.00065	0.00049	0.00151
10	0.00179	0.00133	0.00168	0.00168	0.01963	0.01070	0.00955	0.02722	0.01561	0.01446	0.54035	0.13468	0.10762	0.03314	0.00151	0.00041	0.00069	0.06218	0.01466	0.00111
11	0.96756	0.00223	0.00170	0.00152	0.00223	0.00259	0.00125	0.00340	0.00197	0.00518	0.00161	0.00188	0.00125	0.00107	0.00071	0.00036	0.00089	0.00063	0.00071	0.00125
12	0.00144	0.00116	0.00132	0.02046	0.00176	0.00102	0.00102	0.00177	0.00263	0.00331	0.15067	0.22232	0.56286	0.00297	0.00139	0.00041	0.00063	0.02079	0.00109	0.00099
13	0.14183	0.22324	0.00387	0.00879	0.00848	0.07536	0.07420	0.18854	0.00315	0.19663	0.00254	0.00269	0.00188	0.00661	0.01531	0.00036	0.04312	0.00092	0.00086	0.00162
14	0.00271	0.00256	0.00432	0.27114	0.66669	0.00272	0.00342	0.02611	0.00261	0.00363	0.00215	0.00292	0.00175	0.00107	0.00115	0.00035	0.00142	0.00103	0.00057	0.00168
15	0.01393	0.54770	0.06982	0.00283	0.10003	0.08586	0.03479	0.06710	0.03447	0.03095	0.00200	0.00226	0.00166	0.00108	0.00091	0.00029	0.00136	0.00078	0.00061	0.00158
16	0.79945	0.01358	0.00182	0.02585	0.00236	0.03015	0.00132	0.00325	0.00201	0.00474	0.00192	0.00243	0.01352	0.04830	0.04511	0.00046	0.00106	0.00074	0.00070	0.00122
17	0.00331	0.00295	0.06325	0.11718	0.20789	0.03226	0.10966	0.23909	0.05929	0.09447	0.00290	0.03076	0.01185	0.00136	0.00770	0.00037	0.01201	0.00116	0.00084	0.00171
18	0.00251	0.00206	0.00269	0.04091	0.06435	0.00172	0.03192	0.00867	0.00915	0.04948	0.01087	0.01395	0.01285	0.00117	0.00102	0.00025	0.00878	0.07285	0.00075	0.66408
19	0.00286	0.00270	0.00446	0.02390	0.83927	0.00274	0.00337	0.01633	0.07270	0.00388	0.00242	0.00311	0.00202	0.00111	0.00115	0.00035	0.00134	0.01386	0.00063	0.00181
20	0.02501	0.53931	0.17247	0.00226	0.00333	0.00933	0.01031	0.03587	0.04067	0.10101	0.01547	0.00243	0.00186	0.00111	0.00090	0.00029	0.00126	0.00079	0.00066	0.03567

[dist]
# distance from previous block
# <min> <max>
0	13

[block]
# block no. 7 follows, 282 sequences, length 35
# corresponding to MSA columns:
# 1259-1268,1295-1313,1316-1321
name=unknown_H
#
# <colnr> <probs for GDERKNQSTAVLIFYWHMCP>
#	G	D	E	R	K	N	Q	S	T	A	V	L	I	F	Y	W	H	M	C	P
0	0.00343	0.00296	0.00725	0.01661	0.00323	0.12489	0.01187	0.29703	0.37117	0.03006	0.07550	0.00396	0.01572	0.00168	0.02066	0.00039	0.00512	0.00569	0.00107	0.00171
1	0.00167	0.00113	0.00131	0.00131	0.00134	0.00115	0.00077	0.00171	0.00172	0.00230	0.00376	0.00736	0.02344	0.85452	0.09097	0.00117	0.00129	0.00166	0.00070	0.00074
2	0.00254	0.01946	0.76333	0.00322	0.00476	0.00264	0.05934	0.00954	0.03452	0.05974	0.00243	0.00292	0.00178	0.00118	0.00113	0.00037	0.00162	0.02717	0.00059	0.00170
3	0.00232	0.01643	0.00320	0.66340	0.00636	0.00230	0.00266	0.00301	0.00236	0.02566	0.00211	0.00290	0.00162	0.00108	0.00107	0.00032	0.00134	0.00093	0.00058	0.26035
4	0.96756	0.00223	0.00170	0.00152	0.00223	0.00259	0.00125	0.00340	0.00197	0.00518	0.00161	0.00188	0.00125	0.00107	0.00071	0.00036	0.00089	0.00063	0.00071	0.00125
5	0.00179	0.00128	0.00177	0.00202	0.00226	0.00127	0.00172	0.00228	0.00263	0.00343	0.04196	0.12092	0.03209	0.00320	0.00157	0.00051	0.00099	0.77618	0.00107	0.00105
6	0.00243	0.01279	0.76939	0.02568	0.00472	0.01684	0.02676	0.01352	0.00254	0.04227	0.00283	0.00316	0.06351	0.00125	0.00113	0.00037	0.00160	0.00698	0.00058	0.00165
7	0.00153	0.00107	0.00130	0.00143	0.00149	0.00102	0.00090	0.00166	0.00202	0.00268	0.02618	0.46870	0.05009	0.43063	0.00344	0.00075	0.00086	0.00250	0.00091	0.00084
8	0.00253	0.00255	0.00350	0.19242	0.05556	0.05872	0.01416	0.00291	0.00205	0.00289	0.00199	0.04158	0.01177	0.00181	0.00281	0.00046	0.59935	0.00111	0.00055	0.00129
9	0.04999	0.00208	0.00269	0.00208	0.00296	0.00189	0.00171	0.07324	0.01624	0.82800	0.00429	0.00376	0.00273	0.00141	0.00114	0.00036	0.00100	0.00113	0.00137	0.00193
10	0.01296	0.00251	0.00417	0.24544	0.61687	0.00260	0.01067	0.00334	0.00252	0.00358	0.00213	0.00287	0.00174	0.00105	0.00112	0.00034	0.00137	0.00100	0.00057	0.08316
11	0.00197	0.00154	0.00234	0.00197	0.00243	0.00143	0.14913	0.00931	0.02153	0.03518	0.44229	0.03058	0.15976	0.02170	0.00140	0.00039	0.00083	0.02817	0.08689	0.00118
12	0.00282	0.00242	0.00256	0.00232	0.00295	0.00279	0.00180	0.00596	0.90959	0.00478	0.02282	0.02699	0.00376	0.00163	0.00119	0.00039	0.00090	0.00137	0.00117	0.00179
13	0.00146	0.00110	0.00135	0.00148	0.00168	0.00100	0.00105	0.00176	0.00252	0.00330	0.17050	0.47235	0.27206	0.01955	0.00151	0.00044	0.00065	0.04419	0.00110	0.00098
14	0.00199	0.00137	0.00157	0.00162	0.00169	0.00130	0.00099	0.00197	0.00213	0.00286	0.01728	0.24661	0.03116	0.66918	0.00470	0.00099	0.00112	0.00957	0.00094	0.00098
15	0.18154	0.00210	0.00254	0.00199	0.00285	0.00200	0.00164	0.07068	0.01247	0.69656	0.00389	0.00348	0.00251	0.00136	0.00108	0.00036	0.00098	0.00106	0.00908	0.00183
16	0.00232	0.00598	0.95341	0.00329	0.00500	0.00268	0.00427	0.00366	0.00244	0.00366	0.00207	0.00244	0.00146	0.00110	0.00110	0.00037	0.00171	0.00085	0.00049	0.00171
17	0.96756	0.00223	0.00170	0.00152	0.00223	0.00259	0.00125	0.00340	0.00197	0.00518	0.00161	0.00188	0.00125	0.00107	0.00071	0.00036	0.00089	0.00063	0.00071	0.00125
18	0.00297	0.00134	0.00153	0.00135	0.00179	0.00128	0.00106	0.01833	0.00270	0.24800	0.00396	0.00419	0.00292	0.00137	0.00090	0.00029	0.00066	0.00110	0.70295	0.00132
19	0.00246	0.00243	0.00352	0.19886	0.00404	0.00334	0.00267	0.00282	0.00188	0.00282	0.00163	0.00264	0.00152	0.00184	0.00325	0.00048	0.76101	0.00101	0.00051	0.00127
20	0.96756	0.00223	0.00170	0.00152	0.00223	0.00259	0.00125	0.00340	0.00197	0.00518	0.00161	0.00188	0.00125	0.00107	0.00071	0.00036	0.00089	0.00063	0.00071	0.00125
21	0.00360	0.00294	0.00350	0.00282	0.00335	0.00356	0.00234	0.54805	0.00388	0.00538	0.00224	0.00267	0.00178	0.00166	0.00227	0.00041	0.40599	0.00103	0.00088	0.00167
22	0.00152	0.00102	0.00131	0.00153	0.00164	0.00096	0.00104	0.00177	0.00225	0.00315	0.00607	0.80067	0.01962	0.00329	0.00138	0.00044	0.00066	0.01473	0.13599	0.00096
23	0.02285	0.00254	0.00289	0.00233	0.00315	0.00270	0.00189	0.30083	0.32120	0.32087	0.00399	0.00366	0.00277	0.00146	0.00116	0.00037	0.00105	0.00116	0.00125	0.00191
24	0.00276	0.00319	0.13200	0.00633	0.73624	0.00273	0.08078	0.00355	0.00261	0.00374	0.00222	0.01456	0.00185	0.00107	0.00116	0.00035	0.00146	0.00106	0.00057	0.00178
25	0.01763	0.04192	0.08372	0.02011	0.07270	0.00632	0.56005	0.04828	0.03298	0.02696	0.02160	0.00352	0.01609	0.00125	0.01173	0.00039	0.00168	0.02732	0.00067	0.00506
26	0.00170	0.00115	0.00149	0.00157	0.00178	0.00106	0.00112	0.00207	0.01172	0.05485	0.29016	0.50631	0.08953	0.00303	0.00142	0.00043	0.00066	0.02777	0.00115	0.00105
27	0.00179	0.00148	0.02287	0.00175	0.00212	0.00728	0.03001	0.02453	0.01725	0.01770	0.08051	0.01501	0.30449	0.04902	0.31801	0.00092	0.00159	0.08806	0.01453	0.00109
28	0.00925	0.02547	0.06474	0.13665	0.54488	0.05661	0.03615	0.08358	0.01124	0.01723	0.00222	0.00282	0.00177	0.00110	0.00113	0.00035	0.00145	0.00101	0.00063	0.00171
29	0.00277	0.01309	0.05941	0.07874	0.61651	0.01845	0.08026	0.00759	0.01705	0.01162	0.00233	0.00299	0.01588	0.00115	0.00133	0.00036	0.06347	0.00106	0.00426	0.00170
30	0.00165	0.00113	0.00137	0.00140	0.00145	0.00116	0.00088	0.00175	0.00178	0.00240	0.00386	0.09723	0.00437	0.70021	0.15554	0.00116	0.00139	0.01976	0.00073	0.00078
31	0.06472	0.37243	0.01989	0.00287	0.07969	0.40137	0.02255	0.01856	0.00279	0.00311	0.00177	0.00208	0.00151	0.00109	0.00092	0.00029	0.00160	0.00073	0.00057	0.00145
32	0.00142	0.00101	0.00135	0.00162	0.00169	0.00095	0.00109	0.00162	0.00222	0.00296	0.00636	0.94234	0.00762	0.00361	0.00148	0.00047	0.00068	0.01951	0.00107	0.00094
33	0.00225	0.02319	0.00357	0.90442	0.00774	0.01828	0.01857	0.00300	0.00233	0.00296	0.00204	0.00304	0.00154	0.00115	0.00115	0.00038	0.00155	0.00102	0.00052	0.00129
34	0.05972	0.06562	0.34128	0.13519	0.14120	0.03455	0.02863	0.03674	0.01965	0.12319	0.00241	0.00276	0.00175	0.00115	0.00108	0.00035	0.00146	0.00094	0.00068	0.00165

[dist]
# distance from previous block
# <min> <max>
0	3

[block]
# block no. 8 follows, 282 sequences, length 19
# corresponding to MSA columns:
# 1329-1331,1333-1341,1354-1360
name=unknown_I
#
# <colnr> <probs for GDERKNQSTAVLIFYWHMCP>
#	G	D	E	R	K	N	Q	S	T	A	V	L	I	F	Y	W	H	M	C	P
0	0.03482	0.00202	0.00233	0.01700	0.07958	0.01816	0.01482	0.24917	0.01025	0.07856	0.03975	0.00382	0.00934	0.00143	0.00904	0.00033	0.00093	0.00110	0.42610	0.00146
1	0.00288	0.21673	0.31745	0.01209	0.01512	0.06617	0.27987	0.05133	0.00272	0.01265	0.00210	0.00254	0.00161	0.00106	0.00109	0.00034	0.00165	0.00096	0.01004	0.00160
2	0.03064	0.01692	0.01507	0.00199	0.02350	0.00183	0.01549	0.01992	0.01689	0.03262	0.01485	0.01135	0.00209	0.04669	0.00132	0.00027	0.05860	0.01009	0.00072	0.67915
3	0.00274	0.00304	0.00654	0.00468	0.00583	0.00283	0.88871	0.00369	0.00273	0.01919	0.00243	0.00328	0.00185	0.00102	0.00135	0.00039	0.00189	0.01753	0.00061	0.02969
4	0.00304	0.00257	0.00282	0.00248	0.01407	0.00293	0.02256	0.13663	0.75279	0.00507	0.00449	0.00420	0.02686	0.00156	0.00121	0.00039	0.01206	0.00129	0.00114	0.00181
5	0.00165	0.00123	0.00184	0.00184	0.00204	0.00143	0.00142	0.00205	0.00185	0.00267	0.00311	0.00463	0.00293	0.03628	0.92725	0.00184	0.00304	0.00125	0.00062	0.00102
6	0.73948	0.00220	0.00195	0.00166	0.00242	0.00242	0.00137	0.02454	0.00233	0.20912	0.00227	0.00234	0.00161	0.00116	0.00082	0.00036	0.00092	0.00075	0.00088	0.00142
7	0.00140	0.00112	0.00124	0.00133	0.00160	0.00098	0.00095	0.00166	0.00247	0.00304	0.00962	0.29568	0.60385	0.04394	0.00160	0.00045	0.00065	0.02641	0.00106	0.00095
8	0.96756	0.00223	0.00170	0.00152	0.00223	0.00259	0.00125	0.00340	0.00197	0.00518	0.00161	0.00188	0.00125	0.00107	0.00071	0.00036	0.00089	0.00063	0.00071	0.00125
9	0.00146	0.00109	0.00134	0.00147	0.00166	0.00099	0.00103	0.00173	0.00246	0.00321	0.13608	0.49236	0.26262	0.05060	0.00165	0.00047	0.00067	0.03707	0.00108	0.00096
10	0.00286	0.00275	0.00469	0.00709	0.95219	0.00275	0.00355	0.00355	0.00263	0.00377	0.00217	0.00286	0.00183	0.00103	0.00114	0.00034	0.00137	0.00103	0.00057	0.00183
11	0.00232	0.00598	0.95341	0.00329	0.00500	0.00268	0.00427	0.00366	0.00244	0.00366	0.00207	0.00244	0.00146	0.00110	0.00110	0.00037	0.00171	0.00085	0.00049	0.00171
12	0.00153	0.00111	0.00145	0.00151	0.00171	0.00103	0.00108	0.00192	0.00280	0.00385	0.50497	0.39403	0.05864	0.00291	0.00141	0.00041	0.00061	0.01682	0.00118	0.00102
13	0.00201	0.00100	0.00151	0.00151	0.00151	0.00100	0.00100	0.00151	0.00151	0.00201	0.00201	0.00351	0.00201	0.00401	0.00452	0.96639	0.00100	0.00100	0.00050	0.00050
14	0.00229	0.00391	0.46109	0.12773	0.05266	0.00816	0.03204	0.01270	0.08379	0.01484	0.05089	0.02319	0.10327	0.00149	0.00118	0.00038	0.00139	0.01677	0.00070	0.00153
15	0.00149	0.00117	0.00135	0.00132	0.00164	0.00103	0.00098	0.00190	0.00291	0.00381	0.44589	0.04158	0.48542	0.00269	0.00137	0.00038	0.00057	0.00231	0.00116	0.00103
16	0.00303	0.51018	0.03953	0.01901	0.07782	0.04050	0.07431	0.01427	0.01553	0.04249	0.00203	0.01238	0.00172	0.00104	0.00090	0.00027	0.00128	0.00080	0.00060	0.14228
17	0.00260	0.03116	0.36969	0.00278	0.06653	0.02306	0.00982	0.02737	0.01574	0.03264	0.00218	0.00251	0.00168	0.00101	0.00099	0.00028	0.00128	0.00081	0.00063	0.40723
18	0.01670	0.07764	0.33271	0.00390	0.24338	0.04964	0.01158	0.13698	0.02123	0.09185	0.00242	0.00270	0.00180	0.00116	0.00109	0.00034	0.00145	0.00094	0.00071	0.00176

[dist]
# distance from previous block
# <min> <max>
0	7

[block]
# block no. 9 follows, 282 sequences, length 16
# corresponding to MSA columns:
# 1368-1383
name=unknown_J
#
# <colnr> <probs for GDERKNQSTAVLIFYWHMCP>
#	G	D	E	R	K	N	Q	S	T	A	V	L	I	F	Y	W	H	M	C	P
0	0.00297	0.00325	0.05035	0.02934	0.58314	0.15409	0.07353	0.01187	0.00273	0.00359	0.02725	0.02156	0.00214	0.01964	0.00127	0.00036	0.00958	0.00108	0.00061	0.00165
1	0.00207	0.00162	0.00219	0.00200	0.00203	0.00200	0.00150	0.00210	0.00171	0.00248	0.00246	0.00448	0.00259	0.29074	0.08090	0.21718	0.35039	0.00123	0.02943	0.00090
2	0.00259	0.03857	0.14603	0.24826	0.29999	0.02504	0.13319	0.01223	0.00255	0.00349	0.03355	0.00301	0.00196	0.00116	0.00128	0.00037	0.04354	0.00106	0.00057	0.00156
3	0.00958	0.00235	0.03975	0.04945	0.15970	0.01458	0.00942	0.02105	0.00253	0.03856	0.00237	0.03318	0.00201	0.00107	0.00098	0.00025	0.00104	0.01380	0.00070	0.59762
4	0.96756	0.00223	0.00170	0.00152	0.00223	0.00259	0.00125	0.00340	0.00197	0.00518	0.00161	0.00188	0.00125	0.00107	0.00071	0.00036	0.00089	0.00063	0.00071	0.00125
5	0.00921	0.01153	0.14596	0.25453	0.09694	0.00212	0.04930	0.02514	0.02600	0.00862	0.00353	0.26866	0.00355	0.03732	0.00912	0.00044	0.01445	0.01956	0.01269	0.00132
6	0.00167	0.00122	0.00151	0.00143	0.00174	0.00112	0.00107	0.00223	0.02739	0.01915	0.69975	0.02094	0.19910	0.00244	0.00135	0.00037	0.00057	0.00213	0.01372	0.00110
7	0.00238	0.03133	0.30717	0.01981	0.04959	0.00223	0.08335	0.02744	0.08715	0.04270	0.20976	0.01672	0.05415	0.02116	0.00133	0.00039	0.00760	0.03339	0.00085	0.00149
8	0.00253	0.00253	0.00354	0.00303	0.00303	0.00354	0.00253	0.00278	0.00177	0.00278	0.00152	0.00253	0.00152	0.00202	0.00379	0.00051	0.95728	0.00101	0.00051	0.00126
9	0.01759	0.00265	0.00284	0.00240	0.00314	0.00299	0.00191	0.28965	0.58645	0.05520	0.00410	0.01964	0.00306	0.00153	0.00117	0.00038	0.00102	0.00124	0.00117	0.00185
10	0.00184	0.00127	0.00164	0.00169	0.00197	0.00121	0.00132	0.01722	0.02003	0.04118	0.34885	0.18291	0.09633	0.01367	0.00148	0.00044	0.00075	0.25225	0.01284	0.00110
11	0.92086	0.00239	0.00177	0.00159	0.00230	0.04875	0.00130	0.00346	0.00203	0.00507	0.00162	0.00189	0.00126	0.00108	0.00073	0.00035	0.00095	0.00063	0.00071	0.00126
12	0.00198	0.00110	0.00163	0.00161	0.00167	0.00116	0.00112	0.00172	0.00162	0.01710	0.00234	0.00388	0.00229	0.04235	0.20998	0.68809	0.01809	0.00108	0.00055	0.00066
13	0.00240	0.00205	0.00240	0.00171	0.00274	0.00154	0.00137	0.00291	0.00240	0.00376	0.00205	0.00240	0.00171	0.00086	0.00086	0.00017	0.00086	0.00068	0.00068	0.96646
14	0.00159	0.00110	0.00143	0.00164	0.00176	0.00104	0.00112	0.00189	0.03213	0.02977	0.00625	0.81241	0.02645	0.04408	0.00165	0.00049	0.00072	0.03245	0.00107	0.00099
15	0.04987	0.40936	0.01283	0.01508	0.02338	0.08782	0.05483	0.09512	0.02690	0.00366	0.01890	0.00237	0.00181	0.00108	0.00093	0.00027	0.01097	0.00079	0.00065	0.18337

[dist]
# distance from previous block
# <min> <max>
1	6

[block]
# block no. 10 follows, 282 sequences, length 12
# corresponding to MSA columns:
# 1408-1419
name=unknown_K
#
# <colnr> <probs for GDERKNQSTAVLIFYWHMCP>
#	G	D	E	R	K	N	Q	S	T	A	V	L	I	F	Y	W	H	M	C	P
0	0.00309	0.24178	0.01278	0.04779	0.17191	0.14463	0.02388	0.04269	0.08179	0.01767	0.00224	0.01307	0.00193	0.01071	0.01598	0.00038	0.15698	0.00854	0.00064	0.00151
1	0.00283	0.00242	0.00261	0.00232	0.00296	0.01805	0.02013	0.02528	0.79052	0.01990	0.05862	0.02465	0.02124	0.00166	0.00120	0.00039	0.00093	0.00140	0.00116	0.00174
2	0.00167	0.00122	0.00180	0.00180	0.00198	0.00140	0.00137	0.00201	0.00183	0.00262	0.00308	0.00470	0.00294	0.07637	0.83868	0.05085	0.00285	0.00126	0.00062	0.00098
3	0.86786	0.00230	0.00196	0.00169	0.00243	0.00262	0.02994	0.04478	0.00218	0.03321	0.00177	0.00201	0.00135	0.00109	0.00077	0.00036	0.00094	0.00068	0.00075	0.00131
4	0.96756	0.00223	0.00170	0.00152	0.00223	0.00259	0.00125	0.00340	0.00197	0.00518	0.00161	0.00188	0.00125	0.00107	0.00071	0.00036	0.00089	0.00063	0.00071	0.00125
5	0.19997	0.00292	0.00301	0.00238	0.00324	0.00324	0.00195	0.64345	0.07023	0.05435	0.00276	0.00276	0.00197	0.00134	0.00107	0.00035	0.00116	0.00098	0.00108	0.00181
6	0.00176	0.00109	0.00132	0.00132	0.00132	0.00109	0.00078	0.00164	0.00164	0.00218	0.00322	0.00653	0.00364	0.71637	0.00553	0.24666	0.00109	0.00151	0.00065	0.00065
7	0.00164	0.00140	0.04991	0.00178	0.00204	0.00118	0.00144	0.00207	0.01619	0.00332	0.06233	0.44439	0.10727	0.00312	0.00145	0.00046	0.00082	0.26582	0.03235	0.00104
8	0.00165	0.00124	0.00186	0.00186	0.00206	0.00144	0.00144	0.00206	0.00186	0.00268	0.00309	0.00454	0.00289	0.00866	0.95482	0.00186	0.00309	0.00124	0.00062	0.00103
9	0.00254	0.00255	0.00368	0.00311	0.00316	0.00351	0.04369	0.00282	0.00181	0.00282	0.00155	0.00255	0.00153	0.00198	0.00369	0.00050	0.91569	0.00103	0.00051	0.00128
10	0.01077	0.00128	0.00180	0.00189	0.01638	0.00125	0.04676	0.00198	0.00223	0.00299	0.03192	0.35902	0.03578	0.20030	0.01338	0.04606	0.01539	0.20895	0.00092	0.00095
11	0.25562	0.12782	0.13556	0.00263	0.03851	0.22521	0.03033	0.01813	0.04027	0.06426	0.00208	0.00235	0.00162	0.00118	0.00109	0.00034	0.05003	0.00081	0.00068	0.00148

[dist]
# distance from previous block
# <min> <max>
1	7

[block]
# block no. 11 follows, 282 sequences, length 7
# corresponding to MSA columns:
# 1429-1435
name=unknown_L
#
# <colnr> <probs for GDERKNQSTAVLIFYWHMCP>
#	G	D	E	R	K	N	Q	S	T	A	V	L	I	F	Y	W	H	M	C	P
0	0.08616	0.11321	0.03099	0.03724	0.00327	0.32612	0.00191	0.02075	0.00268	0.00344	0.00190	0.00226	0.00158	0.00120	0.01895	0.00029	0.01791	0.00073	0.00063	0.32877
