[name]
unknown

[dist]
# distance from previous block
# <min> <max>
0	450

[block]
# block no. 0 follows, 363 sequences, length 11
# corresponding to MSA columns:
# 602-612
name=unknown_A
#
# <colnr> <probs for GDERKNQSTAVLIFYWHMCP>
#	G	D	E	R	K	N	Q	S	T	A	V	L	I	F	Y	W	H	M	C	P
0	0.00127	0.00102	0.03642	0.00127	0.00141	0.00088	0.00093	0.00147	0.00173	0.00233	0.03848	0.46492	0.03292	0.25776	0.00206	0.00050	0.00069	0.11538	0.01435	0.02423
1	0.00208	0.03668	0.00163	0.01074	0.00181	0.00122	0.00110	0.02230	0.09440	0.23592	0.08428	0.42238	0.03147	0.00212	0.01965	0.00035	0.00068	0.02926	0.00091	0.00105
2	0.00209	0.06178	0.54312	0.01923	0.00333	0.03730	0.02888	0.02728	0.01866	0.05504	0.01769	0.01621	0.00150	0.00091	0.00083	0.00026	0.00114	0.00072	0.01733	0.14668
3	0.00215	0.02227	0.56880	0.00238	0.03138	0.00213	0.01283	0.17032	0.04222	0.01922	0.05956	0.00251	0.01399	0.00101	0.00089	0.00028	0.00114	0.00933	0.00057	0.03703
4	0.00317	0.00239	0.00258	0.00197	0.00271	0.00256	0.00162	0.77372	0.04646	0.00524	0.00217	0.00220	0.00157	0.00104	0.00088	0.00025	0.00094	0.00079	0.00086	0.14689
5	0.00302	0.02280	0.01387	0.14626	0.03621	0.00257	0.00185	0.66067	0.04286	0.02613	0.00218	0.00237	0.00160	0.02196	0.00098	0.00029	0.00101	0.00083	0.01113	0.00142
6	0.00164	0.00140	0.00123	0.00120	0.00127	0.14495	0.00073	0.00167	0.00151	0.00184	0.00265	0.00532	0.00299	0.82338	0.00407	0.00079	0.00100	0.00121	0.00054	0.00063
7	0.02068	0.02255	0.02013	0.00173	0.02258	0.00158	0.01116	0.17399	0.00267	0.46890	0.02068	0.15225	0.01977	0.00145	0.00095	0.00030	0.00079	0.03806	0.01845	0.00133
8	0.00197	0.00164	0.00180	0.00158	0.00206	0.00175	0.00122	0.01784	0.55523	0.00357	0.15914	0.01979	0.04243	0.01557	0.00097	0.00029	0.00065	0.00112	0.02473	0.14664
9	0.00151	0.00111	0.00139	0.00151	0.03150	0.00111	0.00104	0.14459	0.00218	0.00291	0.03465	0.69362	0.05834	0.00246	0.00111	0.00035	0.00062	0.01826	0.00085	0.00089
10	0.00146	0.00123	0.02904	0.00148	0.00166	0.00114	0.14396	0.00162	0.00147	0.00198	0.00267	0.00526	0.00293	0.76900	0.03079	0.00080	0.00104	0.00126	0.00053	0.00068

[dist]
# distance from previous block
# <min> <max>
0	19

[block]
# block no. 1 follows, 363 sequences, length 20
# corresponding to MSA columns:
# 632-651
name=unknown_B
#
# <colnr> <probs for GDERKNQSTAVLIFYWHMCP>
#	G	D	E	R	K	N	Q	S	T	A	V	L	I	F	Y	W	H	M	C	P
0	0.00197	0.00156	0.00184	0.00137	0.00211	0.00120	0.00108	0.00238	0.01470	0.06268	0.00203	0.07624	0.00178	0.00088	0.00073	0.00016	0.00067	0.00073	0.00061	0.82529
1	0.00236	0.00225	0.02455	0.03433	0.62173	0.00220	0.16231	0.08543	0.01168	0.03172	0.01154	0.00236	0.00154	0.00086	0.00093	0.00028	0.00114	0.00087	0.00052	0.00140
2	0.00136	0.00102	0.00146	0.00145	0.00162	0.00118	0.00111	0.00178	0.05364	0.00218	0.00254	0.00375	0.00238	0.08044	0.83815	0.00136	0.00223	0.00101	0.00052	0.00083
3	0.00181	0.00174	0.00262	0.76849	0.01516	0.05426	0.01335	0.00236	0.00189	0.00241	0.01989	0.03409	0.00152	0.00097	0.00090	0.00029	0.00116	0.00085	0.00045	0.07580
4	0.01876	0.00446	0.82046	0.00249	0.00372	0.07606	0.00308	0.00291	0.00197	0.00286	0.00161	0.00189	0.00116	0.00086	0.00085	0.00028	0.00132	0.00066	0.00040	0.05421
5	0.01015	0.00214	0.03807	0.03994	0.32612	0.07678	0.04289	0.04275	0.11350	0.14188	0.05487	0.06136	0.01179	0.00115	0.00096	0.00029	0.01373	0.00634	0.00068	0.01462
6	0.00146	0.05394	0.07568	0.01988	0.02052	0.00139	0.00139	0.00185	0.00155	0.01167	0.00230	0.00328	0.00209	0.00576	0.79148	0.00125	0.00221	0.00092	0.00048	0.00090
7	0.00129	0.00109	0.00116	0.00131	0.00143	0.07485	0.00091	0.00147	0.00186	0.00234	0.00528	0.75527	0.12841	0.00263	0.00113	0.00035	0.00061	0.01703	0.00082	0.00077
8	0.00223	0.00206	0.00342	0.33597	0.34424	0.01046	0.13947	0.10856	0.00225	0.02116	0.00178	0.00234	0.00138	0.00088	0.00093	0.00028	0.00118	0.00084	0.00050	0.02008
9	0.00301	0.02468	0.62012	0.00358	0.11221	0.00276	0.08352	0.04189	0.07297	0.01819	0.00281	0.00342	0.00225	0.00151	0.00131	0.00046	0.00159	0.00108	0.00079	0.00186
10	0.00219	0.00122	0.00143	0.00126	0.00163	0.00837	0.00099	0.08017	0.01888	0.20298	0.21371	0.00475	0.11812	0.00149	0.00861	0.00028	0.01252	0.02286	0.29747	0.00106
11	0.00157	0.00080	0.00118	0.00118	0.00118	0.00080	0.00078	0.00119	0.00119	0.00159	0.00164	0.00291	0.00166	0.04596	0.00361	0.93036	0.00080	0.00081	0.00040	0.00040
12	0.07835	0.01663	0.00204	0.00152	0.01961	0.00149	0.01402	0.06529	0.02249	0.01575	0.00171	0.00736	0.00140	0.00076	0.00072	0.00017	0.00982	0.00060	0.00058	0.73968
13	0.00820	0.02729	0.01284	0.00642	0.01682	0.01830	0.02919	0.02890	0.01725	0.06181	0.03590	0.54333	0.05705	0.02518	0.00721	0.00036	0.06630	0.03599	0.00079	0.00090
14	0.00128	0.00093	0.00115	0.00111	0.00135	0.00084	0.00083	0.00165	0.00241	0.02198	0.66012	0.05358	0.24539	0.00201	0.00108	0.00030	0.00045	0.00175	0.00096	0.00084
15	0.00218	0.00885	0.06595	0.01096	0.21572	0.00686	0.16374	0.01141	0.43445	0.01100	0.03473	0.01526	0.00739	0.00108	0.00095	0.00030	0.00098	0.00100	0.00583	0.00136
16	0.02957	0.00896	0.02786	0.29121	0.34046	0.01901	0.06960	0.09775	0.03357	0.05224	0.00187	0.00234	0.00143	0.00092	0.00094	0.00029	0.01934	0.00082	0.00053	0.00128
17	0.00955	0.02477	0.01745	0.00675	0.05365	0.00175	0.01378	0.15365	0.11045	0.44671	0.10683	0.00951	0.01285	0.00598	0.00096	0.00029	0.00835	0.01064	0.00468	0.00140
18	0.00117	0.00082	0.00109	0.00128	0.00135	0.00077	0.00088	0.00135	0.00177	0.01428	0.00494	0.88719	0.00587	0.01349	0.00120	0.00037	0.00055	0.04808	0.01280	0.00075
19	0.07444	0.10952	0.26434	0.00294	0.23207	0.06673	0.02228	0.09303	0.01625	0.09219	0.00186	0.00904	0.00142	0.00092	0.00085	0.00027	0.00925	0.00073	0.00055	0.00133

[dist]
# distance from previous block
# <min> <max>
0	1

[block]
# block no. 2 follows, 363 sequences, length 9
# corresponding to MSA columns:
# 655-663
name=unknown_C
#
# <colnr> <probs for GDERKNQSTAVLIFYWHMCP>
#	G	D	E	R	K	N	Q	S	T	A	V	L	I	F	Y	W	H	M	C	P
0	0.02220	0.12530	0.47012	0.03155	0.17504	0.01606	0.01845	0.03385	0.01725	0.03831	0.00171	0.00201	0.00129	0.00088	0.00087	0.00027	0.01906	0.00070	0.00046	0.02461
1	0.00177	0.00154	0.00940	0.01031	0.00922	0.02087	0.02865	0.02610	0.02865	0.02596	0.17277	0.02886	0.01339	0.09048	0.16106	0.00756	0.33308	0.01571	0.01369	0.00094
2	0.41705	0.01517	0.06344	0.01080	0.03539	0.04616	0.00984	0.02416	0.00181	0.01195	0.11170	0.01763	0.00218	0.02865	0.05933	0.00039	0.14196	0.00080	0.00058	0.00101
3	0.00120	0.00099	0.00120	0.11168	0.00184	0.00093	0.00095	0.00150	0.00211	0.00267	0.19586	0.10902	0.56256	0.00212	0.00107	0.00031	0.00055	0.00181	0.00083	0.00081
4	0.03293	0.02032	0.02893	0.03349	0.23803	0.08095	0.00939	0.07178	0.02625	0.20742	0.05525	0.01101	0.03174	0.00963	0.01546	0.00031	0.12426	0.00090	0.00068	0.00127
5	0.07601	0.00171	0.11185	0.00143	0.00201	0.00136	0.00130	0.03384	0.01830	0.35987	0.01783	0.00297	0.00213	0.00106	0.00078	0.00026	0.00071	0.00084	0.35007	0.01569
6	0.01647	0.02537	0.35521	0.01403	0.04203	0.00923	0.01493	0.08639	0.19701	0.01665	0.05660	0.01039	0.01327	0.00111	0.00089	0.00028	0.00930	0.01739	0.11218	0.00127
7	0.00115	0.00082	0.00107	0.00125	0.00131	0.00077	0.00084	0.00131	0.00172	0.00229	0.00490	0.78024	0.03599	0.11352	0.00156	0.00043	0.00058	0.04872	0.00081	0.00072
8	0.00269	0.66914	0.03398	0.00178	0.00252	0.16153	0.00167	0.11260	0.00225	0.00259	0.00141	0.00159	0.00121	0.00084	0.00067	0.00021	0.00110	0.00055	0.00046	0.00120

[dist]
# distance from previous block
# <min> <max>
0	6

[block]
# block no. 3 follows, 363 sequences, length 45
# corresponding to MSA columns:
# 670-689,702-726
name=unknown_D
#
# <colnr> <probs for GDERKNQSTAVLIFYWHMCP>
#	G	D	E	R	K	N	Q	S	T	A	V	L	I	F	Y	W	H	M	C	P
0	0.00119	0.00084	0.00111	0.00127	0.00136	0.00079	0.00087	0.00142	0.01880	0.01456	0.10374	0.82865	0.01173	0.00270	0.00115	0.00036	0.00053	0.00731	0.00087	0.00078
1	0.00125	0.00102	0.01502	0.00109	0.00137	0.00864	0.00084	0.00159	0.00943	0.01762	0.39669	0.05750	0.47146	0.00210	0.00107	0.00030	0.00048	0.01079	0.00090	0.00083
2	0.00809	0.01427	0.77722	0.00272	0.05534	0.02231	0.03059	0.00287	0.01149	0.01110	0.00178	0.00208	0.01672	0.00092	0.00095	0.00029	0.03882	0.00072	0.00041	0.00132
3	0.95870	0.00175	0.00133	0.00119	0.00175	0.00202	0.00098	0.00266	0.00156	0.00406	0.00140	0.00160	0.01650	0.00087	0.00057	0.00028	0.00070	0.00052	0.00057	0.00098
4	0.00322	0.00240	0.00263	0.01212	0.02588	0.00264	0.00523	0.80956	0.05299	0.01111	0.02918	0.00250	0.00562	0.02117	0.00099	0.00029	0.00097	0.00087	0.00913	0.00149
5	0.00144	0.00103	0.00143	0.00163	0.00183	0.00102	0.00140	0.00184	0.00209	0.00271	0.01745	0.05635	0.03646	0.00252	0.00125	0.00041	0.00081	0.86668	0.00084	0.00083
6	0.00247	0.00203	0.00764	0.00192	0.01984	0.00517	0.00436	0.19794	0.65271	0.02284	0.01720	0.00866	0.03286	0.00125	0.00093	0.00030	0.00078	0.00798	0.01169	0.00142
7	0.00129	0.00093	0.00121	0.00114	0.00136	0.00086	0.00086	0.00171	0.00257	0.00364	0.94805	0.00683	0.02238	0.00187	0.00107	0.00029	0.00043	0.00165	0.00100	0.00086
8	0.00627	0.00194	0.00274	0.19938	0.33547	0.02170	0.00209	0.14282	0.10200	0.03434	0.01574	0.01939	0.00186	0.02691	0.01273	0.00031	0.01178	0.00089	0.06036	0.00127
9	0.00230	0.00199	0.00208	0.00186	0.00238	0.01031	0.00145	0.02116	0.93630	0.00383	0.00366	0.00336	0.00275	0.00123	0.00093	0.00031	0.00073	0.00102	0.00092	0.00144
10	0.00231	0.00198	0.00208	0.00186	0.00238	0.00228	0.00145	0.03622	0.92921	0.00387	0.00366	0.00336	0.00274	0.00123	0.00093	0.00031	0.00073	0.00102	0.00093	0.00145
11	0.00195	0.01120	0.01075	0.61022	0.26621	0.02078	0.00251	0.01252	0.00195	0.01715	0.00175	0.01602	0.00140	0.00093	0.00091	0.00029	0.00116	0.00993	0.00045	0.01193
12	0.00226	0.01971	0.00369	0.03773	0.87538	0.01104	0.01858	0.01539	0.00210	0.00297	0.00171	0.00224	0.00143	0.00082	0.00090	0.00027	0.00110	0.00081	0.00045	0.00142
13	0.00229	0.00188	0.00200	0.00180	0.00231	0.00215	0.00141	0.00465	0.86762	0.03730	0.00370	0.00355	0.00280	0.00126	0.00092	0.00031	0.00071	0.02346	0.03848	0.00141
14	0.00158	0.00511	0.00147	0.08912	0.02534	0.00115	0.00103	0.04348	0.00945	0.00544	0.00223	0.00390	0.00597	0.32393	0.14818	0.32043	0.00696	0.00101	0.00358	0.00067
15	0.00244	0.96853	0.00477	0.00156	0.00234	0.00360	0.00156	0.00273	0.00185	0.00214	0.00127	0.00146	0.00117	0.00078	0.00058	0.00019	0.00097	0.00049	0.00039	0.00117
16	0.00189	0.00162	0.00189	0.00135	0.00216	0.00121	0.00108	0.00229	0.00189	0.00297	0.00162	0.00189	0.00135	0.00067	0.00067	0.00013	0.00067	0.00054	0.00054	0.97355
17	0.00162	0.00106	0.00150	0.00144	0.00165	0.00116	0.00110	0.02335	0.00165	0.09389	0.02386	0.00389	0.00254	0.10991	0.71784	0.00123	0.00202	0.00884	0.00058	0.00087
18	0.00228	0.00127	0.00151	0.00130	0.00176	0.00115	0.00104	0.08282	0.00679	0.31023	0.07290	0.01233	0.45363	0.00180	0.00102	0.00030	0.00062	0.04519	0.00095	0.00110
19	0.00109	0.00092	0.00095	0.00095	0.00124	0.00077	0.00071	0.00133	0.00209	0.00253	0.06513	0.05020	0.86437	0.00230	0.00108	0.00031	0.00046	0.00194	0.00086	0.00077
20	0.00115	0.00087	0.00104	0.00112	0.00129	0.00079	0.00079	0.00137	0.00194	0.00251	0.10958	0.39124	0.35684	0.07219	0.00137	0.00038	0.00053	0.04262	0.01162	0.00076
21	0.00234	0.01494	0.00340	0.16981	0.63783	0.12696	0.01136	0.01153	0.00212	0.00875	0.00167	0.00220	0.00137	0.00085	0.00089	0.00027	0.00118	0.00078	0.00045	0.00131
22	0.02193	0.00156	0.00209	0.00161	0.00230	0.00136	0.00133	0.01737	0.00261	0.91704	0.01115	0.00309	0.00227	0.00113	0.00091	0.00028	0.00077	0.00091	0.00875	0.00153
23	0.00174	0.00164	0.00276	0.93559	0.03635	0.00203	0.00254	0.00234	0.00183	0.00235	0.00162	0.00242	0.00122	0.00091	0.00091	0.00030	0.00121	0.00081	0.00041	0.00103
24	0.00242	0.93171	0.02229	0.00162	0.00242	0.00355	0.02064	0.00273	0.00186	0.00217	0.00128	0.00149	0.00117	0.00078	0.00060	0.00020	0.00099	0.00050	0.00039	0.00117
25	0.00121	0.00085	0.00113	0.00131	0.00140	0.00081	0.00093	0.00141	0.00181	0.00776	0.02859	0.69848	0.02116	0.06103	0.00138	0.00040	0.00060	0.16090	0.00809	0.00075
26	0.00110	0.00092	0.00096	0.00098	0.00126	0.00078	0.00073	0.00134	0.00207	0.00251	0.04362	0.07545	0.82263	0.00233	0.00108	0.00031	0.00048	0.03192	0.00874	0.00077
27	0.00220	0.00217	0.02268	0.10747	0.81755	0.00896	0.01304	0.00277	0.00908	0.00291	0.00172	0.00227	0.00142	0.00083	0.00090	0.00027	0.00111	0.00081	0.00045	0.00139
28	0.00115	0.00080	0.00107	0.00128	0.00134	0.00075	0.00086	0.00131	0.00176	0.01382	0.00500	0.94551	0.00597	0.00283	0.00116	0.00037	0.00053	0.01288	0.00085	0.00075
29	0.00112	0.00080	0.00107	0.00127	0.00133	0.00075	0.00086	0.00129	0.00178	0.00236	0.02391	0.90718	0.02432	0.00282	0.00116	0.00037	0.00053	0.02548	0.00085	0.00075
30	0.01594	0.00177	0.00224	0.00172	0.00243	0.00167	0.00142	0.21038	0.00296	0.74461	0.00326	0.00288	0.00209	0.00112	0.00091	0.00028	0.00082	0.00089	0.00107	0.00154
31	0.00172	0.00162	0.00273	0.96579	0.00627	0.00202	0.00253	0.00233	0.00182	0.00233	0.00162	0.00243	0.00121	0.00091	0.00091	0.00030	0.00121	0.00081	0.00040	0.00101
32	0.11061	0.00244	0.00256	0.00198	0.00269	0.00271	0.00164	0.83523	0.00394	0.01697	0.00211	0.00213	0.00150	0.00107	0.00087	0.00027	0.00096	0.00079	0.00806	0.00148
33	0.00128	0.00094	0.00120	0.00114	0.00136	0.00086	0.00086	0.00171	0.00843	0.00355	0.87635	0.02247	0.06488	0.00191	0.00108	0.00029	0.00044	0.00942	0.00099	0.00086
34	0.01017	0.01560	0.00199	0.00141	0.00220	0.00652	0.00710	0.04095	0.00639	0.03640	0.00622	0.00522	0.00144	0.00073	0.00070	0.00015	0.00071	0.00058	0.00058	0.85495
35	0.00188	0.00105	0.00137	0.00127	0.00150	0.00102	0.00092	0.00210	0.00186	0.20767	0.12473	0.07273	0.06007	0.31064	0.20235	0.00073	0.00515	0.00133	0.00076	0.00089
36	0.01745	0.01153	0.42865	0.00224	0.00325	0.03425	0.09803	0.02576	0.03841	0.06403	0.00968	0.00221	0.01289	0.00088	0.00086	0.00025	0.01026	0.00073	0.00053	0.23810
37	0.00216	0.00247	0.01328	0.00377	0.02519	0.01622	0.87132	0.00289	0.00213	0.00289	0.00882	0.00245	0.00142	0.00081	0.00114	0.00031	0.04000	0.00105	0.00046	0.00122
38	0.00401	0.00159	0.00213	0.00164	0.00234	0.00140	0.00135	0.03922	0.01869	0.90414	0.01140	0.00310	0.00229	0.00113	0.00092	0.00028	0.00078	0.00092	0.00112	0.00154
39	0.00151	0.00111	0.00429	0.01930	0.02875	0.00106	0.02169	0.03066	0.03778	0.04130	0.46954	0.14968	0.14849	0.01763	0.00112	0.00031	0.00056	0.01691	0.00738	0.00092
40	0.00201	0.00194	0.01178	0.43935	0.50539	0.00210	0.00266	0.00262	0.01836	0.00270	0.00170	0.00235	0.00136	0.00086	0.00091	0.00029	0.00114	0.00081	0.00044	0.00125
41	0.00121	0.00095	0.00104	0.00101	0.00130	0.00083	0.00076	0.01293	0.00224	0.01825	0.25001	0.01559	0.67616	0.00216	0.00107	0.00030	0.00047	0.00703	0.00588	0.00081
42	0.00117	0.00083	0.00110	0.00130	0.00137	0.00079	0.00090	0.00136	0.00710	0.00236	0.01143	0.80225	0.00580	0.05304	0.00135	0.00040	0.00058	0.10529	0.00083	0.00075
43	0.01452	0.19728	0.34579	0.01225	0.01687	0.08026	0.27351	0.00766	0.01752	0.00669	0.00418	0.00451	0.00130	0.00087	0.00472	0.00028	0.00939	0.00076	0.00044	0.00124
44	0.00244	0.94689	0.01550	0.00158	0.00236	0.01438	0.00158	0.00274	0.00186	0.00215	0.00127	0.00147	0.00117	0.00078	0.00059	0.00020	0.00099	0.00049	0.00039	0.00117

[dist]
# distance from previous block
# <min> <max>
0	1

[block]
# block no. 4 follows, 363 sequences, length 53
# corresponding to MSA columns:
# 728-780
name=unknown_E
#
# <colnr> <probs for GDERKNQSTAVLIFYWHMCP>
#	G	D	E	R	K	N	Q	S	T	A	V	L	I	F	Y	W	H	M	C	P
0	0.22251	0.38333	0.26992	0.00185	0.01192	0.03857	0.00675	0.01311	0.00766	0.02842	0.00148	0.00470	0.00119	0.00085	0.00069	0.00025	0.00104	0.00058	0.00046	0.00473
1	0.00152	0.00122	0.00145	0.00144	0.00598	0.04212	0.01447	0.00210	0.08850	0.01020	0.41290	0.03592	0.10819	0.01424	0.01190	0.00784	0.00067	0.23756	0.00089	0.00091
2	0.06519	0.00875	0.02448	0.00197	0.00261	0.04797	0.14515	0.05588	0.02575	0.48026	0.04005	0.01285	0.00226	0.05285	0.01866	0.00034	0.01183	0.00095	0.00086	0.00132
3	0.00203	0.00101	0.00110	0.00102	0.00130	0.00101	0.00078	0.04296	0.00723	0.10854	0.02275	0.00341	0.00243	0.00114	0.00866	0.00024	0.00578	0.00537	0.78229	0.00096
4	0.00238	0.87408	0.09871	0.00166	0.00250	0.00346	0.00174	0.00274	0.00186	0.00222	0.00130	0.00151	0.00117	0.00079	0.00061	0.00020	0.00101	0.00051	0.00039	0.00119
5	0.00111	0.00092	0.00097	0.00096	0.00125	0.00078	0.00072	0.00138	0.00216	0.00266	0.17134	0.00843	0.79969	0.00223	0.00108	0.00030	0.00046	0.00188	0.00087	0.00078
6	0.00109	0.00092	0.00095	0.00094	0.00124	0.00078	0.00070	0.00134	0.00210	0.00254	0.07794	0.01836	0.87626	0.00942	0.00110	0.00031	0.00046	0.00191	0.00086	0.00077
7	0.00226	0.00217	0.00372	0.02344	0.90419	0.00217	0.03120	0.01454	0.00210	0.00300	0.00172	0.00226	0.00144	0.00082	0.00091	0.00027	0.00110	0.00082	0.00046	0.00143
8	0.00111	0.00095	0.00096	0.00096	0.00127	0.00081	0.00072	0.00141	0.02500	0.00252	0.02770	0.00862	0.90987	0.00228	0.00108	0.00031	0.00047	0.01234	0.00085	0.00079
9	0.67569	0.00185	0.00180	0.15949	0.04965	0.01783	0.00139	0.06497	0.00183	0.01633	0.00144	0.00174	0.00110	0.00088	0.00067	0.00028	0.00084	0.00059	0.00056	0.00106
10	0.19939	0.00291	0.00237	0.02589	0.03349	0.33049	0.00162	0.29765	0.07803	0.00836	0.00186	0.00200	0.00617	0.00100	0.00082	0.00027	0.00510	0.00070	0.00066	0.00124
11	0.00120	0.00089	0.00115	0.00642	0.00144	0.00085	0.00619	0.00145	0.01680	0.00242	0.02423	0.57693	0.13941	0.05474	0.02613	0.00042	0.00064	0.13709	0.00082	0.00077
12	0.00131	0.00097	0.00122	0.00117	0.00140	0.00091	0.00088	0.00181	0.04657	0.00349	0.78250	0.04581	0.09264	0.00192	0.00107	0.00029	0.00045	0.00965	0.00507	0.00087
13	0.02490	0.00171	0.00272	0.82659	0.01377	0.01030	0.01448	0.04364	0.00469	0.00904	0.00550	0.00240	0.00127	0.00093	0.00095	0.00030	0.02245	0.00081	0.00044	0.01311
14	0.00327	0.00403	0.00268	0.00262	0.08943	0.82781	0.00184	0.02671	0.00256	0.00761	0.00147	0.00173	0.00122	0.00094	0.00085	0.00024	0.01085	0.00062	0.00048	0.01305
15	0.00550	0.00204	0.00339	0.22242	0.68881	0.01655	0.01049	0.00268	0.00738	0.00282	0.00840	0.02219	0.00154	0.00089	0.00091	0.00028	0.00111	0.00085	0.00046	0.00132
16	0.00198	0.18050	0.75343	0.00241	0.00364	0.00238	0.02145	0.00288	0.00193	0.01917	0.00161	0.00187	0.00118	0.00085	0.00082	0.00027	0.00127	0.00065	0.00040	0.00132
17	0.00183	0.00172	0.00284	0.77951	0.12103	0.00206	0.01453	0.01335	0.04433	0.00252	0.00177	0.00248	0.00637	0.00092	0.00091	0.00030	0.00117	0.00083	0.00044	0.00109
18	0.00133	0.00088	0.00101	0.00102	0.00103	0.00089	0.00058	0.00133	0.00134	0.00179	0.00289	0.02224	0.00332	0.90369	0.02618	0.01759	0.00091	0.01085	0.00056	0.00056
19	0.00141	0.00101	0.00129	0.00122	0.00807	0.00096	0.00091	0.00180	0.00864	0.04254	0.70397	0.02481	0.15890	0.00190	0.00114	0.00030	0.03768	0.00164	0.00095	0.00088
20	0.00223	0.00214	0.00362	0.07361	0.88674	0.00999	0.00277	0.00277	0.00206	0.00292	0.00170	0.00226	0.00142	0.00082	0.00090	0.00027	0.00110	0.00081	0.00045	0.00141
21	0.00172	0.00162	0.00273	0.96579	0.00627	0.00202	0.00253	0.00233	0.00182	0.00233	0.00162	0.00243	0.00121	0.00091	0.00091	0.00030	0.00121	0.00081	0.00040	0.00101
22	0.00172	0.00162	0.00273	0.96579	0.00627	0.00202	0.00253	0.00233	0.00182	0.00233	0.00162	0.00243	0.00121	0.00091	0.00091	0.00030	0.00121	0.00081	0.00040	0.00101
23	0.04591	0.01223	0.06665	0.00785	0.02236	0.00654	0.78478	0.00293	0.01774	0.00822	0.00186	0.00584	0.00141	0.00081	0.00103	0.00030	0.00532	0.00650	0.00047	0.00123
24	0.00174	0.00165	0.00279	0.90539	0.00608	0.00205	0.02420	0.00233	0.00181	0.00234	0.00161	0.00242	0.00122	0.00097	0.00691	0.00031	0.03394	0.00082	0.00041	0.00102
25	0.00111	0.00083	0.00103	0.00118	0.00130	0.00075	0.00081	0.00129	0.00184	0.00238	0.01371	0.70071	0.25559	0.00270	0.00114	0.00035	0.00051	0.01118	0.00085	0.00075
26	0.00112	0.00088	0.00102	0.00108	0.00129	0.00077	0.00078	0.00136	0.00204	0.00260	0.15411	0.34620	0.47126	0.00243	0.00111	0.00033	0.00048	0.00949	0.00087	0.00077
27	0.97442	0.00176	0.00134	0.00120	0.00176	0.00204	0.00099	0.00268	0.00155	0.00409	0.00127	0.00148	0.00099	0.00085	0.00056	0.00028	0.00070	0.00049	0.00056	0.00099
28	0.00200	0.00167	0.00196	0.00142	0.00222	0.00607	0.01173	0.03344	0.00987	0.02367	0.00170	0.00194	0.00139	0.00070	0.00069	0.00015	0.00070	0.00057	0.00057	0.89753
29	0.07560	0.08775	0.04605	0.01080	0.15695	0.55356	0.02227	0.02435	0.00235	0.00558	0.00148	0.00177	0.00122	0.00090	0.00082	0.00025	0.00606	0.00063	0.00047	0.00115
30	0.81112	0.00190	0.00153	0.00140	0.02189	0.04146	0.00111	0.06862	0.00181	0.01197	0.00148	0.02970	0.00120	0.00093	0.00063	0.00028	0.00077	0.00059	0.00059	0.00104
31	0.00321	0.00242	0.00262	0.00206	0.00272	0.08173	0.05473	0.57331	0.08578	0.10374	0.00889	0.00251	0.00180	0.00109	0.00091	0.00027	0.00636	0.00772	0.05668	0.00143
32	0.00227	0.00196	0.00206	0.00185	0.00237	0.00227	0.00144	0.00484	0.96066	0.00381	0.00371	0.00340	0.00278	0.00124	0.00093	0.00031	0.00072	0.00103	0.00093	0.00144
33	0.00113	0.00080	0.00106	0.00127	0.00133	0.00075	0.00085	0.00130	0.00175	0.01050	0.00505	0.95060	0.01455	0.00283	0.00116	0.00037	0.00053	0.00257	0.00085	0.00075
34	0.00224	0.00215	0.00368	0.02610	0.94188	0.00216	0.00279	0.00279	0.00207	0.00296	0.00171	0.00226	0.00144	0.00081	0.00090	0.00027	0.00109	0.00081	0.00045	0.00143
35	0.00400	0.00160	0.00213	0.00163	0.00233	0.00142	0.00135	0.06414	0.00270	0.88329	0.00349	0.00305	0.00221	0.00112	0.00091	0.00028	0.00078	0.00091	0.02112	0.00154
36	0.00111	0.00086	0.00101	0.00113	0.00129	0.00076	0.00079	0.00131	0.00192	0.00244	0.04452	0.52111	0.40113	0.00258	0.00112	0.00034	0.00050	0.01447	0.00085	0.00076
37	0.00183	0.00467	0.94419	0.00262	0.00396	0.00212	0.02239	0.00289	0.00193	0.00289	0.00164	0.00193	0.00116	0.00086	0.00087	0.00029	0.00135	0.00068	0.00039	0.00134
38	0.00112	0.00082	0.00105	0.00122	0.00132	0.00076	0.00083	0.00130	0.00179	0.00236	0.00554	0.79157	0.14171	0.00283	0.02097	0.00038	0.00056	0.00930	0.01384	0.00075
39	0.00112	0.00080	0.00106	0.00126	0.00132	0.00075	0.00084	0.00129	0.00179	0.00239	0.05280	0.91099	0.01459	0.00280	0.00116	0.00037	0.00052	0.00254	0.00085	0.00075
40	0.00229	0.00197	0.00207	0.00186	0.00238	0.00227	0.00145	0.02028	0.94518	0.00384	0.00368	0.00338	0.00276	0.00123	0.00093	0.00031	0.00073	0.00103	0.00093	0.00144
41	0.28141	0.05435	0.13315	0.01543	0.05687	0.25810	0.12737	0.05451	0.00567	0.00318	0.00152	0.00181	0.00119	0.00087	0.00079	0.00027	0.00121	0.00066	0.00050	0.00115
42	0.00175	0.00095	0.00096	0.00094	0.00118	0.00098	0.00071	0.00238	0.09241	0.00344	0.00304	0.00340	0.00238	0.00108	0.00066	0.00022	0.00045	0.00087	0.88128	0.00091
43	0.00132	0.00100	0.00153	0.00150	0.00168	0.00116	0.02108	0.00165	0.00147	0.00212	0.00244	0.00362	0.00229	0.03233	0.91871	0.00142	0.00238	0.00099	0.00049	0.00082
44	0.00118	0.00092	0.00106	0.00106	0.00131	0.00081	0.00080	0.00149	0.00225	0.00292	0.37286	0.05481	0.51133	0.00217	0.00109	0.00031	0.00047	0.04145	0.00091	0.00081
45	0.00132	0.00098	0.00122	0.00139	0.00151	0.02345	0.00101	0.00160	0.02071	0.01532	0.03649	0.62558	0.01320	0.03256	0.00127	0.00039	0.00064	0.21663	0.00395	0.00079
46	0.00128	0.00093	0.00121	0.00114	0.00136	0.00086	0.00085	0.00171	0.00256	0.00362	0.93331	0.00686	0.03712	0.00188	0.00107	0.00029	0.00043	0.00166	0.00100	0.00086
47	0.00216	0.00241	0.00512	0.00369	0.00454	0.00232	0.87342	0.02278	0.00215	0.00293	0.00186	0.01502	0.00144	0.00085	0.00118	0.00031	0.05507	0.00107	0.00047	0.00122
48	0.95129	0.00174	0.00134	0.00120	0.00175	0.00202	0.00098	0.00266	0.00157	0.00408	0.02410	0.00161	0.00117	0.00087	0.00058	0.00028	0.00070	0.00052	0.00057	0.00098
49	0.05208	0.00373	0.00258	0.01205	0.00280	0.71487	0.04521	0.06973	0.03406	0.00838	0.00162	0.00193	0.00133	0.02406	0.02150	0.00029	0.00151	0.00067	0.00053	0.00109
50	0.00225	0.00193	0.00204	0.00184	0.00235	0.00223	0.00143	0.01220	0.93041	0.00379	0.00373	0.02630	0.00285	0.00127	0.00093	0.00031	0.00072	0.00107	0.00092	0.00143
51	0.00308	0.00221	0.00250	0.00236	0.00273	0.00192	0.00166	0.00312	0.01352	0.02181	0.91445	0.00890	0.00984	0.00292	0.00181	0.00059	0.00105	0.00218	0.00157	0.00178
52	0.00752	0.00208	0.00240	0.00186	0.00254	0.00217	0.00154	0.51806	0.02284	0.35679	0.00919	0.00262	0.00190	0.00112	0.00095	0.00028	0.02383	0.00086	0.03996	0.00150

[dist]
# distance from previous block
# <min> <max>
4	12

[block]
# block no. 5 follows, 363 sequences, length 17
# corresponding to MSA columns:
# 795-800,807-815,817,818
name=unknown_F
#
# <colnr> <probs for GDERKNQSTAVLIFYWHMCP>
#	G	D	E	R	K	N	Q	S	T	A	V	L	I	F	Y	W	H	M	C	P
0	0.00141	0.00108	0.00151	0.02161	0.00164	0.00125	0.00111	0.00162	0.00145	0.00206	0.01335	0.00403	0.02040	0.21475	0.53465	0.05135	0.10743	0.00853	0.00050	0.01026
1	0.03594	0.00228	0.00338	0.05848	0.61144	0.06983	0.06219	0.08464	0.01371	0.01106	0.00864	0.00234	0.00152	0.02303	0.00098	0.00029	0.00112	0.00082	0.00051	0.00782
2	0.84549	0.00938	0.01308	0.00137	0.00946	0.01211	0.02845	0.03337	0.00169	0.01455	0.00144	0.02370	0.00115	0.00090	0.00062	0.00028	0.00076	0.00058	0.00058	0.00102
3	0.00113	0.00082	0.00106	0.00124	0.00133	0.00076	0.00085	0.00132	0.00181	0.00240	0.03444	0.77909	0.10977	0.00283	0.02322	0.00038	0.00057	0.02323	0.01300	0.00075
4	0.00905	0.00209	0.00342	0.08014	0.73063	0.02659	0.03552	0.00957	0.00209	0.02152	0.01138	0.03779	0.00176	0.00095	0.00092	0.00028	0.00108	0.02337	0.00049	0.00135
5	0.00206	0.10323	0.42241	0.00265	0.02748	0.01319	0.21898	0.01329	0.06074	0.03033	0.02567	0.01012	0.03331	0.00703	0.00098	0.00029	0.02561	0.00087	0.00050	0.00126
6	0.00152	0.00100	0.00129	0.00119	0.00145	0.00092	0.00090	0.01060	0.01139	0.07776	0.78389	0.04571	0.04232	0.00184	0.00106	0.00029	0.00047	0.00162	0.01386	0.00092
7	0.00177	0.00168	0.01088	0.84483	0.03097	0.01143	0.00875	0.02235	0.00191	0.00246	0.03082	0.01093	0.00150	0.00100	0.00774	0.00031	0.00836	0.00085	0.00044	0.00103
8	0.00205	0.02657	0.00316	0.48594	0.34880	0.01614	0.02320	0.04593	0.01104	0.00274	0.00171	0.00952	0.00136	0.00090	0.00092	0.00029	0.00977	0.00082	0.00046	0.00868
9	0.00122	0.00093	0.00107	0.00104	0.00130	0.00082	0.00077	0.00153	0.00227	0.01547	0.42266	0.03026	0.48376	0.03143	0.00118	0.00032	0.00047	0.00179	0.00091	0.00081
10	0.00139	0.00099	0.00124	0.00115	0.00141	0.00091	0.00087	0.01516	0.01723	0.03545	0.75195	0.00687	0.15816	0.00189	0.00107	0.00029	0.00046	0.00165	0.00098	0.00089
11	0.00162	0.00955	0.43624	0.00195	0.00270	0.00820	0.01984	0.00244	0.08279	0.00284	0.08217	0.16623	0.09239	0.02180	0.00108	0.00616	0.00096	0.05933	0.00063	0.00110
12	0.00240	0.83830	0.07823	0.00178	0.02139	0.00340	0.02614	0.00277	0.00188	0.01485	0.00135	0.00156	0.00119	0.00079	0.00063	0.00021	0.00102	0.00053	0.00040	0.00119
13	0.00203	0.00138	0.00144	0.00133	0.00170	0.00152	0.00103	0.01804	0.42955	0.02269	0.00330	0.00337	0.00252	0.00114	0.00078	0.00026	0.00057	0.00093	0.50528	0.00114
14	0.00139	0.00101	0.00135	0.00153	0.00173	0.00099	0.00129	0.00175	0.00205	0.00264	0.00541	0.05594	0.14469	0.03434	0.00134	0.00042	0.00077	0.73971	0.00083	0.00081
15	0.00733	0.01000	0.00887	0.04638	0.36273	0.18940	0.05635	0.03946	0.01241	0.11922	0.00620	0.04583	0.00178	0.02017	0.02209	0.00032	0.04458	0.00503	0.00058	0.00126
16	0.00340	0.00428	0.00259	0.00234	0.00282	0.93363	0.00176	0.03415	0.00264	0.00234	0.00143	0.00166	0.00119	0.00094	0.00082	0.00024	0.00162	0.00059	0.00048	0.00107

[dist]
# distance from previous block
# <min> <max>
4	6

[block]
# block no. 6 follows, 363 sequences, length 39
# corresponding to MSA columns:
# 826-864
name=unknown_G
#
# <colnr> <probs for GDERKNQSTAVLIFYWHMCP>
#	G	D	E	R	K	N	Q	S	T	A	V	L	I	F	Y	W	H	M	C	P
0	0.00133	0.00101	0.00149	0.00147	0.00162	0.00119	0.00114	0.00163	0.00147	0.00213	0.02103	0.00371	0.00241	0.06145	0.85081	0.00136	0.04244	0.00100	0.00050	0.00081
1	0.03626	0.00289	0.00252	0.04115	0.01117	0.40275	0.00179	0.00604	0.07128	0.01111	0.00168	0.03771	0.00151	0.00132	0.00887	0.00032	0.35529	0.00480	0.00050	0.00105
2	0.00111	0.00094	0.00098	0.00098	0.00126	0.00081	0.00073	0.00135	0.00209	0.00254	0.07982	0.03026	0.85069	0.00227	0.00112	0.00031	0.01920	0.00190	0.00085	0.00078
3	0.00221	0.00213	0.00367	0.07697	0.86528	0.00216	0.02864	0.00276	0.00206	0.00293	0.00171	0.00227	0.00142	0.00082	0.00091	0.00027	0.00110	0.00082	0.00045	0.00141
4	0.00223	0.00284	0.34074	0.03781	0.00742	0.00203	0.03294	0.05396	0.33633	0.08936	0.01777	0.00301	0.04542	0.00111	0.00091	0.00029	0.00098	0.00092	0.02257	0.00135
5	0.00119	0.00083	0.00109	0.00127	0.00136	0.00077	0.00087	0.00137	0.00180	0.02395	0.00520	0.85641	0.05674	0.00277	0.00116	0.00037	0.00054	0.04069	0.00085	0.00076
6	0.00145	0.00104	0.00145	0.00166	0.00186	0.00104	0.00144	0.00186	0.00208	0.00271	0.00483	0.04929	0.00527	0.00253	0.00125	0.00042	0.00083	0.91730	0.00084	0.00083
7	0.00115	0.00113	0.05214	0.00106	0.00141	0.00086	0.00088	0.00144	0.00209	0.00257	0.06587	0.02214	0.79622	0.00222	0.00107	0.00031	0.00052	0.04526	0.00083	0.00081
8	0.00221	0.00212	0.00364	0.06914	0.87015	0.00214	0.01980	0.00276	0.00206	0.00293	0.00175	0.00237	0.00147	0.00084	0.00091	0.00028	0.00110	0.01250	0.00045	0.00140
9	0.00185	0.00180	0.00293	0.75019	0.10944	0.02806	0.03671	0.00243	0.00186	0.00241	0.00161	0.00237	0.00124	0.00093	0.00102	0.00030	0.05255	0.00081	0.00041	0.00107
10	0.00188	0.05990	0.86151	0.00259	0.02016	0.00222	0.01178	0.00286	0.00191	0.00283	0.00161	0.00191	0.00116	0.00088	0.00090	0.00029	0.02323	0.00067	0.00039	0.00133
11	0.00112	0.00079	0.00105	0.00126	0.00132	0.00074	0.00084	0.00129	0.00175	0.00235	0.00498	0.94694	0.00595	0.00282	0.00115	0.00037	0.00053	0.00255	0.02147	0.00074
12	0.01830	0.00565	0.10259	0.00590	0.00255	0.00162	0.01233	0.12154	0.00717	0.63141	0.00609	0.00336	0.00529	0.00119	0.00093	0.00029	0.00087	0.06751	0.00396	0.00146
13	0.00235	0.00234	0.02852	0.02289	0.82213	0.05437	0.00669	0.02163	0.01085	0.01699	0.00175	0.00224	0.00144	0.00084	0.00090	0.00027	0.00111	0.00080	0.00047	0.00141
14	0.00258	0.77858	0.00433	0.00169	0.00241	0.14311	0.00159	0.02954	0.00202	0.00226	0.00142	0.00161	0.01410	0.00084	0.00066	0.00021	0.01094	0.00053	0.00042	0.00116
15	0.00196	0.02444	0.12957	0.00157	0.00913	0.00144	0.00143	0.02222	0.00771	0.01638	0.00167	0.00192	0.00135	0.00072	0.00071	0.00016	0.00078	0.00057	0.00053	0.77575
16	0.00963	0.13301	0.29592	0.01176	0.25086	0.02910	0.02993	0.03184	0.04278	0.13482	0.01380	0.00230	0.00841	0.00092	0.00086	0.00027	0.00110	0.00077	0.00056	0.00136
17	0.00118	0.00085	0.00116	0.00141	0.02320	0.00081	0.00096	0.00137	0.00178	0.00238	0.00489	0.83369	0.00579	0.00283	0.01412	0.00039	0.00060	0.10099	0.00083	0.00077
18	0.00272	0.00187	0.00884	0.24751	0.32310	0.02347	0.02236	0.01744	0.00224	0.30992	0.02560	0.00267	0.00181	0.00097	0.00091	0.00028	0.00102	0.00086	0.00505	0.00134
19	0.03702	0.05202	0.08538	0.00228	0.03917	0.46802	0.00726	0.08018	0.09756	0.00774	0.03337	0.00606	0.01035	0.00107	0.00096	0.00027	0.05262	0.01694	0.00057	0.00116
20	0.00196	0.02583	0.71722	0.00281	0.00899	0.00217	0.19473	0.00294	0.01116	0.02127	0.00173	0.00206	0.00124	0.00085	0.00090	0.00029	0.00136	0.00076	0.00042	0.00132
21	0.00328	0.11758	0.00289	0.00214	0.00275	0.44703	0.00171	0.38693	0.01037	0.00365	0.00177	0.00189	0.00662	0.00099	0.00083	0.00025	0.00129	0.00068	0.00064	0.00672
22	0.00158	0.00079	0.00119	0.00119	0.00119	0.00079	0.00079	0.00119	0.00119	0.00158	0.00158	0.00277	0.00158	0.00316	0.00356	0.97349	0.00079	0.00079	0.00040	0.00040
23	0.00957	0.41150	0.38082	0.00206	0.00305	0.00833	0.01098	0.12845	0.00703	0.02815	0.00161	0.00180	0.00125	0.00087	0.00075	0.00025	0.00112	0.00062	0.00048	0.00130
24	0.00181	0.00163	0.00271	0.87124	0.03271	0.00197	0.00244	0.00240	0.00185	0.02825	0.00168	0.00242	0.00125	0.00090	0.00090	0.00029	0.00118	0.00080	0.00043	0.04314
25	0.00132	0.00089	0.00104	0.00104	0.00106	0.00091	0.00062	0.00136	0.00134	0.00180	0.00282	0.00570	0.00320	0.86362	0.10884	0.00095	0.00105	0.00129	0.00055	0.00058
26	0.00112	0.00080	0.00107	0.00127	0.00133	0.00075	0.00086	0.00129	0.00177	0.00236	0.02519	0.92245	0.01317	0.00282	0.00116	0.00037	0.00053	0.02009	0.00085	0.00074
27	0.00189	0.00162	0.00189	0.00135	0.00216	0.00121	0.00108	0.00229	0.00189	0.00297	0.00162	0.00189	0.00135	0.00067	0.00067	0.00013	0.00067	0.00054	0.00054	0.97355
28	0.00235	0.00676	0.00367	0.02968	0.50626	0.09689	0.17418	0.02809	0.05533	0.00710	0.00179	0.00228	0.00146	0.00091	0.00109	0.00029	0.07920	0.00085	0.00049	0.00132
29	0.00132	0.00089	0.00104	0.00104	0.00106	0.00091	0.00061	0.00135	0.00135	0.00181	0.00290	0.00576	0.01379	0.86443	0.09736	0.00093	0.00103	0.00130	0.00055	0.00058
30	0.00900	0.00213	0.01172	0.13911	0.70724	0.01339	0.03558	0.01701	0.01198	0.01311	0.00496	0.00230	0.00144	0.00085	0.00092	0.00028	0.00994	0.00082	0.00047	0.01776
31	0.03561	0.00562	0.00324	0.06911	0.53209	0.03153	0.01736	0.12978	0.01181	0.01844	0.00173	0.00220	0.00141	0.00097	0.00115	0.00029	0.12365	0.00080	0.00052	0.01269
32	0.00215	0.00208	0.00341	0.24582	0.59564	0.02857	0.04931	0.00820	0.03226	0.00772	0.00679	0.00238	0.00586	0.00087	0.00091	0.00028	0.00113	0.00083	0.00047	0.00530
33	0.00303	0.00358	0.00252	0.01565	0.02577	0.66912	0.00613	0.04022	0.09838	0.00838	0.04252	0.00218	0.00951	0.00107	0.00100	0.00026	0.06827	0.00072	0.00056	0.00111
34	0.00935	0.00787	0.01135	0.00148	0.01736	0.00106	0.05935	0.00184	0.03137	0.03294	0.34600	0.31761	0.11251	0.00207	0.00111	0.00032	0.01502	0.01811	0.00086	0.01241
35	0.00608	0.00238	0.00323	0.01780	0.33063	0.06749	0.10750	0.30789	0.02517	0.05789	0.00203	0.00948	0.00155	0.00095	0.00092	0.00027	0.00546	0.00084	0.00066	0.05179
36	0.00224	0.00212	0.00341	0.15286	0.52019	0.02380	0.09293	0.03256	0.08611	0.02251	0.00194	0.01087	0.00156	0.00092	0.00099	0.00029	0.03389	0.00087	0.00052	0.00943
37	0.00205	0.00195	0.03122	0.48571	0.30549	0.00759	0.02269	0.05409	0.01055	0.01974	0.00567	0.00879	0.00617	0.00092	0.00092	0.00029	0.00570	0.00381	0.00048	0.02618
38	0.00641	0.00570	0.04652	0.13915	0.65928	0.00699	0.02736	0.01016	0.01142	0.04391	0.00597	0.00233	0.00148	0.00091	0.00889	0.00029	0.01195	0.00082	0.00048	0.00999

[dist]
# distance from previous block
# <min> <max>
2	164

[block]
# block no. 7 follows, 363 sequences, length 13
# corresponding to MSA columns:
# 1029-1041
name=unknown_H
#
# <colnr> <probs for GDERKNQSTAVLIFYWHMCP>
#	G	D	E	R	K	N	Q	S	T	A	V	L	I	F	Y	W	H	M	C	P
0	0.04119	0.01165	0.00790	0.08298	0.46084	0.03432	0.01827	0.03953	0.04402	0.03238	0.02789	0.00767	0.03620	0.00742	0.00092	0.00027	0.01193	0.00579	0.00056	0.12829
1	0.02319	0.03201	0.17801	0.03520	0.30225	0.01528	0.01920	0.11736	0.06507	0.06931	0.08374	0.01021	0.01751	0.00105	0.00090	0.00028	0.00101	0.00743	0.00063	0.02038
2	0.00241	0.08210	0.01445	0.00466	0.72283	0.00221	0.02389	0.01921	0.01346	0.07554	0.00185	0.00226	0.00149	0.00084	0.00087	0.00026	0.00105	0.00079	0.00051	0.02933
3	0.02325	0.00236	0.06974	0.02306	0.71594	0.01489	0.00261	0.08454	0.01138	0.03130	0.00181	0.00224	0.00145	0.00086	0.00089	0.00027	0.00108	0.00080	0.00051	0.01103
4	0.03512	0.07002	0.24323	0.00190	0.01264	0.05524	0.01394	0.07082	0.11197	0.07647	0.13338	0.03709	0.01024	0.00113	0.00087	0.00026	0.00093	0.00092	0.00068	0.12316
5	0.00161	0.02593	0.00181	0.02535	0.09607	0.00131	0.00132	0.00195	0.00163	0.06382	0.00252	0.04918	0.00234	0.03856	0.67050	0.00112	0.00197	0.00102	0.00054	0.01143
6	0.00244	0.00209	0.03401	0.00187	0.00243	0.02681	0.00152	0.07627	0.62762	0.07069	0.01506	0.00304	0.00243	0.00118	0.00100	0.00029	0.04664	0.00094	0.00085	0.08281
7	0.00197	0.00152	0.00181	0.00136	0.00208	0.00117	0.00107	0.00235	0.00195	0.07695	0.02503	0.09006	0.00202	0.00094	0.00075	0.00017	0.00066	0.00078	0.00062	0.78672
8	0.00131	0.00088	0.00101	0.00101	0.00103	0.00087	0.00059	0.00134	0.00142	0.00190	0.04866	0.06022	0.02279	0.84851	0.00420	0.00081	0.00083	0.00142	0.00060	0.00058
9	0.00204	0.00161	0.00191	0.00137	0.00217	0.00122	0.00110	0.00245	0.00194	0.07093	0.00176	0.00197	0.00141	0.00071	0.00069	0.00015	0.00068	0.00057	0.00058	0.90473
10	0.00191	0.00167	0.00189	0.00137	0.00216	0.02675	0.00109	0.00231	0.00193	0.00297	0.02697	0.00201	0.00154	0.00071	0.00069	0.00014	0.00069	0.00057	0.00055	0.92207
11	0.00248	0.03091	0.06197	0.00175	0.00251	0.00148	0.08854	0.01820	0.01251	0.25495	0.01135	0.04601	0.00199	0.00100	0.00083	0.00023	0.00083	0.03125	0.00071	0.43049
12	0.00218	0.00231	0.00445	0.02810	0.00417	0.02136	0.68599	0.05667	0.00223	0.00305	0.00189	0.00253	0.00147	0.00082	0.00100	0.00028	0.00135	0.02471	0.00051	0.15493

[dist]
# distance from previous block
# <min> <max>
4	10

[block]
# block no. 8 follows, 363 sequences, length 27
# corresponding to MSA columns:
# 1069-1072,1087-1090,1124-1142
name=unknown_I
#
# <colnr> <probs for GDERKNQSTAVLIFYWHMCP>
#	G	D	E	R	K	N	Q	S	T	A	V	L	I	F	Y	W	H	M	C	P
0	0.00199	0.01434	0.35730	0.00302	0.00400	0.00206	0.46169	0.00279	0.00205	0.02996	0.00216	0.06667	0.00181	0.00103	0.00100	0.00031	0.00134	0.04475	0.00049	0.00123
1	0.00125	0.00090	0.00112	0.00124	0.00140	0.00083	0.00090	0.00146	0.00190	0.03288	0.01605	0.55817	0.26720	0.00259	0.00117	0.00035	0.01609	0.09286	0.00085	0.00079
2	0.03446	0.02601	0.55010	0.01452	0.00333	0.00190	0.02585	0.00881	0.00629	0.30441	0.00673	0.00235	0.00156	0.00860	0.00090	0.00029	0.00113	0.00076	0.00064	0.00138
3	0.00320	0.00252	0.02076	0.00206	0.00275	0.03654	0.00170	0.70249	0.19615	0.01862	0.00247	0.00242	0.00179	0.00111	0.00091	0.00028	0.00097	0.00085	0.00089	0.00151
4	0.94023	0.00179	0.00139	0.00123	0.00180	0.00207	0.00101	0.03636	0.00165	0.00415	0.00130	0.00150	0.00101	0.00085	0.00058	0.00028	0.00072	0.00050	0.00058	0.00101
5	0.00191	0.01531	0.87790	0.00267	0.03320	0.00216	0.01472	0.03656	0.00201	0.00298	0.00166	0.00194	0.00118	0.00087	0.00087	0.00029	0.00132	0.00069	0.00041	0.00135
6	0.00144	0.00100	0.00145	0.00143	0.00161	0.00112	0.00110	0.00174	0.00153	0.04804	0.00262	0.00401	0.00248	0.10201	0.79127	0.00132	0.00215	0.03233	0.00054	0.00082
7	0.00145	0.00105	0.03159	0.00110	0.00116	0.00097	0.00070	0.00149	0.00138	0.03333	0.00279	0.00559	0.00313	0.86445	0.00434	0.02329	0.01975	0.00127	0.00056	0.00062
8	0.00139	0.01018	0.00131	0.01539	0.01193	0.00090	0.01214	0.00162	0.00188	0.06405	0.03155	0.69672	0.03862	0.00257	0.00114	0.00036	0.00060	0.10598	0.00085	0.00083
9	0.11313	0.03013	0.00962	0.07472	0.32949	0.03844	0.06108	0.22088	0.05971	0.01686	0.00198	0.01631	0.00158	0.00098	0.00089	0.00028	0.00770	0.01427	0.00061	0.00133
10	0.00232	0.05756	0.35773	0.03251	0.21658	0.00946	0.05653	0.05030	0.01759	0.10633	0.00191	0.00218	0.00141	0.00087	0.00086	0.00027	0.00113	0.00075	0.00053	0.08318
11	0.06080	0.05812	0.14510	0.10736	0.14905	0.02556	0.12849	0.12872	0.01459	0.09399	0.00190	0.00226	0.00144	0.00099	0.00581	0.00029	0.06111	0.00619	0.00057	0.00768
12	0.01016	0.07908	0.35502	0.01363	0.05844	0.00203	0.20957	0.00293	0.00751	0.13055	0.07027	0.04067	0.00211	0.00103	0.00094	0.00029	0.00913	0.00478	0.00057	0.00127
13	0.03293	0.00194	0.00323	0.26347	0.60100	0.00205	0.01248	0.00264	0.00201	0.01635	0.01411	0.00266	0.00802	0.00092	0.00091	0.00029	0.00109	0.03216	0.00047	0.00128
14	0.03804	0.01990	0.21569	0.08332	0.33460	0.03062	0.04887	0.02989	0.03720	0.07128	0.01271	0.03621	0.00172	0.00612	0.00646	0.00030	0.01621	0.00900	0.00054	0.00130
15	0.03566	0.00185	0.02442	0.32156	0.12656	0.01232	0.10631	0.03554	0.01369	0.22586	0.01748	0.02138	0.01511	0.00856	0.00537	0.00031	0.00652	0.01963	0.00065	0.00123
16	0.00780	0.00195	0.02171	0.17471	0.41892	0.02232	0.04722	0.00928	0.00215	0.18695	0.01205	0.02261	0.04118	0.00105	0.00094	0.00029	0.00692	0.02004	0.00061	0.00130
17	0.03774	0.02440	0.10633	0.05810	0.40641	0.02078	0.04684	0.01401	0.00820	0.17806	0.02250	0.01649	0.03136	0.00103	0.00095	0.01271	0.00490	0.00727	0.00061	0.00133
18	0.00695	0.03105	0.07707	0.17335	0.16735	0.02261	0.08738	0.02375	0.00893	0.06558	0.04186	0.10521	0.01901	0.00556	0.01671	0.05203	0.00679	0.08711	0.00060	0.00109
19	0.00235	0.02273	0.34707	0.06404	0.10023	0.05129	0.12383	0.02443	0.01495	0.15115	0.01079	0.03099	0.01206	0.00106	0.00757	0.00030	0.01887	0.01443	0.00057	0.00129
20	0.02630	0.02610	0.46252	0.11648	0.12782	0.01056	0.04784	0.00926	0.02141	0.08772	0.00849	0.01932	0.00949	0.00097	0.00092	0.00029	0.01412	0.00861	0.00050	0.00129
21	0.01569	0.00187	0.01421	0.33050	0.35169	0.00611	0.03043	0.06418	0.01080	0.00877	0.01411	0.00820	0.09933	0.00111	0.01016	0.00030	0.00819	0.00422	0.00053	0.01960
22	0.01081	0.01407	0.13067	0.07006	0.30036	0.03397	0.11809	0.00924	0.03690	0.08730	0.02332	0.05985	0.02128	0.00945	0.00103	0.00030	0.02035	0.05110	0.00058	0.00125
23	0.01223	0.03969	0.46296	0.02063	0.06726	0.00615	0.06883	0.04008	0.01968	0.14292	0.07877	0.01101	0.00821	0.00104	0.00091	0.00029	0.00490	0.01255	0.00060	0.00131
