[name]
unknown

[dist]
# distance from previous block
# <min> <max>
0	82

[block]
# block no. 0 follows, 204 sequences, length 8
# corresponding to MSA columns:
# 621-627,630
name=unknown_A
#
# <colnr> <probs for GDERKNQSTAVLIFYWHMCP>
#	G	D	E	R	K	N	Q	S	T	A	V	L	I	F	Y	W	H	M	C	P
0	0.06483	0.02598	0.06629	0.00264	0.01366	0.08350	0.00208	0.11210	0.02566	0.08936	0.01893	0.03605	0.01969	0.34404	0.00379	0.00083	0.00159	0.00174	0.00112	0.08613
1	0.00588	0.00690	0.00441	0.00392	0.00478	0.80316	0.00297	0.10040	0.00471	0.04496	0.00271	0.00301	0.00215	0.00165	0.00143	0.00041	0.00263	0.00107	0.00093	0.00193
2	0.00319	0.00260	0.00309	0.00233	0.00355	0.00200	0.00185	0.00386	0.00330	0.03222	0.02931	0.06450	0.00350	0.00161	0.00128	0.00029	0.00114	0.04180	0.00103	0.79755
3	0.00227	0.00151	0.00170	0.00170	0.00170	0.00151	0.00094	0.00227	0.00227	0.00302	0.00491	0.01019	0.00566	0.94526	0.00793	0.00151	0.00151	0.00227	0.00094	0.00094
4	0.00325	0.08747	0.79362	0.00444	0.00661	0.00386	0.06989	0.00491	0.00331	0.00483	0.00277	0.00329	0.00200	0.00146	0.00146	0.00048	0.00227	0.00117	0.00067	0.00226
5	0.00293	0.00234	0.00284	0.04116	0.06293	0.02352	0.00203	0.05796	0.14028	0.01825	0.36497	0.08602	0.05610	0.11518	0.00253	0.00063	0.01479	0.00244	0.00142	0.00170
6	0.00327	0.00312	0.00514	0.04049	0.49545	0.00315	0.08956	0.00417	0.03097	0.00478	0.00592	0.04776	0.18714	0.00220	0.00184	0.00051	0.04725	0.02425	0.00097	0.00206
7	0.00326	0.00222	0.01694	0.02121	0.01344	0.00219	0.02511	0.04797	0.07593	0.09941	0.12951	0.00753	0.14358	0.01630	0.02449	0.28378	0.04742	0.02325	0.00120	0.01526

[dist]
# distance from previous block
# <min> <max>
2	5

[block]
# block no. 1 follows, 204 sequences, length 9
# corresponding to MSA columns:
# 641-648,652
name=unknown_B
#
# <colnr> <probs for GDERKNQSTAVLIFYWHMCP>
#	G	D	E	R	K	N	Q	S	T	A	V	L	I	F	Y	W	H	M	C	P
0	0.00411	0.06008	0.06520	0.11199	0.13639	0.05671	0.17842	0.10634	0.02636	0.07678	0.02299	0.00427	0.02470	0.00159	0.00153	0.00045	0.00189	0.00144	0.00100	0.11775
1	0.00386	0.00370	0.00632	0.00956	0.93554	0.00370	0.00478	0.00478	0.00355	0.00509	0.00293	0.00386	0.00247	0.00139	0.00154	0.00046	0.00185	0.00139	0.00077	0.00247
2	0.00235	0.00169	0.00209	0.00206	0.00211	0.00184	0.00135	0.00249	0.00236	0.00324	0.00476	0.03421	0.00533	0.68346	0.13986	0.00154	0.07952	0.02772	0.00093	0.00109
3	0.02903	0.28255	0.27780	0.00364	0.00512	0.08105	0.07139	0.07379	0.04903	0.02861	0.02056	0.00357	0.00256	0.02012	0.00154	0.00046	0.01702	0.00120	0.00087	0.03009
4	0.00269	0.00193	0.00229	0.00209	0.00256	0.00187	0.00156	0.08413	0.03912	0.03694	0.47471	0.01078	0.17903	0.12326	0.02963	0.00068	0.00107	0.00259	0.00153	0.00155
5	0.00346	0.00240	0.00287	0.00284	0.03336	0.00249	0.00207	0.00537	0.34816	0.13841	0.04598	0.28805	0.05765	0.02034	0.00186	0.00057	0.00114	0.03946	0.00155	0.00196
6	0.39372	0.00401	0.00364	0.02672	0.03799	0.13984	0.02750	0.17572	0.16535	0.00677	0.00329	0.00350	0.00250	0.00166	0.00130	0.00048	0.00162	0.00119	0.00114	0.00206
7	0.05087	0.07390	0.00449	0.26479	0.09956	0.14099	0.02194	0.06162	0.00373	0.10116	0.00421	0.11124	0.03756	0.00206	0.00158	0.00049	0.01517	0.00171	0.00102	0.00192
8	0.10688	0.00387	0.00527	0.20263	0.38807	0.09508	0.04409	0.09584	0.00378	0.00535	0.00282	0.00366	0.00226	0.00154	0.00160	0.00048	0.03246	0.00131	0.00085	0.00214

[dist]
# distance from previous block
# <min> <max>
3	12

[block]
# block no. 2 follows, 204 sequences, length 14
# corresponding to MSA columns:
# 690,691,694-698,703-706,710-712
name=unknown_C
#
# <colnr> <probs for GDERKNQSTAVLIFYWHMCP>
#	G	D	E	R	K	N	Q	S	T	A	V	L	I	F	Y	W	H	M	C	P
0	0.01473	0.25292	0.23914	0.02556	0.00448	0.00362	0.02160	0.01380	0.06682	0.07724	0.12072	0.01489	0.10644	0.00207	0.00146	0.00046	0.00156	0.01553	0.00108	0.01588
1	0.02064	0.05938	0.16803	0.07016	0.10358	0.02210	0.05306	0.00407	0.01925	0.04263	0.26305	0.07143	0.02802	0.01330	0.00190	0.02566	0.02296	0.00783	0.00113	0.00184
2	0.52729	0.00296	0.00328	0.17671	0.08927	0.00336	0.01163	0.03910	0.00312	0.03265	0.02241	0.01830	0.02754	0.00178	0.01150	0.00051	0.01214	0.00123	0.01340	0.00181
3	0.00283	0.00255	0.00411	0.61426	0.05016	0.00300	0.01931	0.01671	0.03769	0.00423	0.00437	0.20435	0.01370	0.00234	0.00166	0.00054	0.00177	0.01378	0.00092	0.00170
4	0.00322	0.00258	0.00302	0.00232	0.00347	0.00209	0.00185	0.02684	0.03997	0.03982	0.07768	0.00578	0.09091	0.00179	0.00136	0.00033	0.00112	0.03981	0.00113	0.65493
5	0.80038	0.00315	0.00282	0.01606	0.00350	0.00359	0.04024	0.06607	0.02756	0.02124	0.00249	0.00283	0.00190	0.00150	0.00107	0.00048	0.00131	0.00096	0.00102	0.00180
6	0.00268	0.00216	0.03516	0.03448	0.02794	0.00191	0.07365	0.01929	0.00391	0.05929	0.43833	0.25388	0.02509	0.00325	0.00183	0.00053	0.00111	0.01240	0.00148	0.00161
7	0.00571	0.00367	0.00429	0.00336	0.00452	0.00389	0.03203	0.48362	0.15627	0.25557	0.02747	0.00470	0.00360	0.00194	0.00158	0.00048	0.00154	0.00155	0.00164	0.00257
8	0.00319	0.00301	0.00508	0.60708	0.30368	0.00345	0.00435	0.00416	0.00325	0.00433	0.00306	0.04296	0.00254	0.00164	0.00157	0.00051	0.00196	0.00151	0.00075	0.00194
9	0.08791	0.00386	0.00443	0.00342	0.00460	0.00415	0.05531	0.61783	0.01943	0.13414	0.00421	0.00429	0.02202	0.02515	0.00169	0.00050	0.00164	0.00147	0.00150	0.00246
10	0.00320	0.02740	0.00429	0.23825	0.22140	0.02211	0.04229	0.01297	0.00346	0.05210	0.07890	0.18605	0.03675	0.01838	0.00183	0.00054	0.01533	0.02418	0.00873	0.00183
11	0.30307	0.03290	0.02583	0.00264	0.00380	0.00299	0.00224	0.06968	0.00402	0.53103	0.00453	0.00419	0.00299	0.00174	0.00136	0.00048	0.00135	0.00130	0.00153	0.00232
12	0.00263	0.00452	0.38976	0.00300	0.00425	0.03069	0.00326	0.00379	0.03800	0.00476	0.09243	0.04209	0.34258	0.00274	0.00171	0.00051	0.01171	0.01862	0.00112	0.00180
13	0.00350	0.04723	0.50639	0.04594	0.15928	0.04293	0.11711	0.01314	0.01644	0.00486	0.00285	0.00352	0.00216	0.00149	0.00161	0.00049	0.02684	0.00128	0.00072	0.00224

[dist]
# distance from previous block
# <min> <max>
0	1

[block]
# block no. 3 follows, 204 sequences, length 28
# corresponding to MSA columns:
# 714-725,731-733,735-747
name=unknown_D
#
# <colnr> <probs for GDERKNQSTAVLIFYWHMCP>
#	G	D	E	R	K	N	Q	S	T	A	V	L	I	F	Y	W	H	M	C	P
0	0.03260	0.00282	0.00467	0.87159	0.05091	0.00347	0.00426	0.00403	0.00312	0.00412	0.00276	0.00409	0.00208	0.00155	0.00154	0.00052	0.00204	0.00137	0.00070	0.00176
1	0.00374	0.00890	0.01854	0.29096	0.33932	0.02057	0.02645	0.01544	0.17313	0.05246	0.00390	0.00468	0.01405	0.00168	0.00157	0.00050	0.00180	0.01407	0.00605	0.00219
2	0.01915	0.04730	0.24154	0.06024	0.22245	0.06370	0.23042	0.03337	0.00366	0.05139	0.00304	0.00373	0.00230	0.00147	0.00159	0.00048	0.00973	0.00139	0.00082	0.00223
3	0.00411	0.00339	0.00356	0.00317	0.00407	0.02094	0.00248	0.03262	0.83121	0.05435	0.00621	0.00583	0.00466	0.00212	0.00159	0.00052	0.00128	0.01385	0.00159	0.00245
4	0.00191	0.00138	0.00184	0.00217	0.00228	0.00130	0.00146	0.00220	0.00297	0.00396	0.00856	0.87033	0.03553	0.00520	0.05016	0.00073	0.00107	0.00425	0.00141	0.00127
5	0.00211	0.00154	0.00202	0.00227	0.00246	0.00147	0.01261	0.04280	0.00322	0.00427	0.00867	0.82321	0.05738	0.00464	0.00196	0.00062	0.00097	0.02500	0.00144	0.00134
6	0.00338	0.00340	0.05309	0.03990	0.48212	0.00788	0.07257	0.00435	0.02041	0.01178	0.11437	0.07297	0.01268	0.00193	0.00164	0.00048	0.00984	0.01237	0.00097	0.07388
7	0.00332	0.07864	0.82637	0.00427	0.00645	0.00386	0.00540	0.04536	0.00346	0.00505	0.00279	0.00325	0.00200	0.00149	0.00145	0.00048	0.00223	0.00114	0.00070	0.00229
8	0.00234	0.00182	0.00277	0.00272	0.00305	0.00197	0.04968	0.00291	0.00285	0.00394	0.01777	0.09189	0.02774	0.04981	0.53367	0.00174	0.02150	0.17939	0.00103	0.00141
9	0.00355	0.00448	0.15947	0.08888	0.32540	0.02515	0.30636	0.00471	0.00349	0.00484	0.00319	0.04498	0.00264	0.00157	0.00169	0.00050	0.01452	0.00162	0.00078	0.00218
10	0.00809	0.02328	0.21379	0.21496	0.05496	0.03593	0.24887	0.04168	0.03300	0.00479	0.00337	0.04042	0.00279	0.04291	0.00195	0.00055	0.01514	0.01068	0.00083	0.00201
11	0.00365	0.00321	0.00492	0.53498	0.19145	0.00368	0.01418	0.17033	0.01140	0.00532	0.00316	0.01976	0.00246	0.00164	0.00155	0.00050	0.00192	0.00145	0.02241	0.00204
12	0.22270	0.15897	0.09116	0.03778	0.08125	0.26794	0.01058	0.03265	0.02876	0.02996	0.00265	0.00307	0.00212	0.00155	0.00136	0.00044	0.02317	0.00106	0.00087	0.00197
13	0.00381	0.00365	0.00623	0.05986	0.88563	0.00369	0.00476	0.00474	0.00352	0.00503	0.00292	0.00387	0.00245	0.00140	0.00154	0.00047	0.00186	0.00139	0.00077	0.00243
14	0.01180	0.00309	0.00354	0.01078	0.00386	0.01239	0.00233	0.34816	0.10061	0.19799	0.26602	0.00660	0.01554	0.00229	0.00163	0.00048	0.00131	0.00188	0.00746	0.00226
15	0.32201	0.00505	0.00374	0.01834	0.00429	0.37323	0.00256	0.21347	0.01266	0.02731	0.00275	0.00303	0.00211	0.00162	0.00130	0.00045	0.00197	0.00107	0.00106	0.00198
16	0.30496	0.00265	0.00334	0.00369	0.17705	0.00276	0.04152	0.00423	0.04418	0.02925	0.33439	0.01845	0.00691	0.00218	0.00150	0.00049	0.00122	0.01815	0.00125	0.00182
17	0.00212	0.00152	0.00168	0.00171	0.00187	0.00143	0.00106	0.00226	0.00271	0.00347	0.01984	0.08948	0.26622	0.59163	0.00565	0.00115	0.00125	0.00274	0.00114	0.00108
18	0.00246	0.00209	0.00266	0.04951	0.09569	0.02154	0.00681	0.00328	0.06972	0.00481	0.20144	0.22980	0.25126	0.01145	0.00190	0.00055	0.01069	0.03140	0.00138	0.00157
19	0.00416	0.94620	0.00816	0.00267	0.00400	0.00616	0.00267	0.00466	0.00316	0.00366	0.00217	0.00250	0.00200	0.00133	0.00100	0.00033	0.00167	0.00083	0.00067	0.00200
20	0.00341	0.00328	0.00551	0.46513	0.42477	0.01549	0.02784	0.00438	0.00333	0.00450	0.00288	0.00411	0.00232	0.00152	0.00162	0.00050	0.01721	0.00940	0.00074	0.00207
21	0.00294	0.00277	0.00467	0.94151	0.01073	0.00346	0.00433	0.00398	0.00311	0.00398	0.00277	0.00415	0.00208	0.00156	0.00156	0.00052	0.00208	0.00138	0.00069	0.00173
22	0.00212	0.00152	0.00167	0.00171	0.00186	0.00144	0.00105	0.00225	0.00268	0.00343	0.00820	0.09020	0.26078	0.60800	0.00576	0.00117	0.00126	0.00273	0.00112	0.00107
23	0.92600	0.00300	0.00233	0.00207	0.00304	0.00346	0.00171	0.00467	0.00271	0.03662	0.00230	0.00262	0.00176	0.00146	0.00098	0.00048	0.00121	0.00087	0.00099	0.00172
24	0.00314	0.00794	0.91425	0.00441	0.00668	0.00362	0.00567	0.00502	0.02613	0.00497	0.00288	0.00335	0.00204	0.00150	0.00148	0.00049	0.00228	0.00117	0.00068	0.00231
25	0.03449	0.08322	0.00462	0.02311	0.07690	0.22411	0.10012	0.04059	0.01427	0.01683	0.00329	0.00435	0.00284	0.00524	0.34282	0.00119	0.01796	0.00139	0.00085	0.00180
26	0.00464	0.65988	0.01846	0.00307	0.00427	0.26164	0.00280	0.02244	0.00359	0.00384	0.00227	0.00262	0.00201	0.00142	0.00113	0.00036	0.00199	0.00089	0.00072	0.00196
27	0.01086	0.12081	0.07591	0.00764	0.01432	0.01832	0.00259	0.09356	0.21286	0.04620	0.03887	0.00418	0.00335	0.00164	0.00143	0.00039	0.02131	0.00128	0.00114	0.32334

[dist]
# distance from previous block
# <min> <max>
0	2

[block]
# block no. 4 follows, 204 sequences, length 17
# corresponding to MSA columns:
# 768-783,789
name=unknown_E
#
# <colnr> <probs for GDERKNQSTAVLIFYWHMCP>
#	G	D	E	R	K	N	Q	S	T	A	V	L	I	F	Y	W	H	M	C	P
0	0.13594	0.05845	0.03739	0.00305	0.00417	0.03050	0.02391	0.13042	0.29581	0.19074	0.00464	0.01543	0.00340	0.00183	0.00143	0.00047	0.00144	0.00143	0.00140	0.05815
1	0.00331	0.04131	0.27350	0.01072	0.00458	0.00937	0.00304	0.01374	0.01629	0.03128	0.02013	0.04058	0.01309	0.00152	0.00132	0.00035	0.00152	0.00122	0.00092	0.51222
2	0.00302	0.06388	0.63001	0.00367	0.00533	0.00324	0.00437	0.00431	0.00308	0.01633	0.00339	0.00504	0.00295	0.18381	0.03898	0.00076	0.00215	0.02296	0.00075	0.00197
3	0.02655	0.49017	0.31627	0.00360	0.02750	0.00487	0.04871	0.00494	0.00330	0.05736	0.00267	0.00304	0.00212	0.00142	0.00124	0.00041	0.00190	0.00104	0.00075	0.00215
4	0.00372	0.00348	0.00588	0.14834	0.74943	0.00357	0.00457	0.00464	0.00350	0.02160	0.00327	0.00434	0.01859	0.00151	0.00156	0.00048	0.00185	0.01655	0.00080	0.00232
5	0.02313	0.00254	0.02209	0.00276	0.00361	0.01162	0.00235	0.08716	0.00424	0.37715	0.00760	0.01851	0.11376	0.00296	0.00178	0.00057	0.00136	0.31312	0.00161	0.00204
6	0.00271	0.00171	0.00206	0.00209	0.00254	0.00156	0.00156	0.00328	0.03381	0.12270	0.03181	0.33021	0.31374	0.00382	0.00182	0.00056	0.00096	0.07780	0.06374	0.00153
7	0.00303	0.00393	0.22355	0.12075	0.11729	0.00290	0.16059	0.00406	0.00335	0.02762	0.00491	0.22213	0.01969	0.00249	0.00173	0.00055	0.00183	0.06776	0.00996	0.00190
8	0.00302	0.06440	0.00490	0.88018	0.01029	0.00364	0.00422	0.00402	0.00312	0.00396	0.00273	0.00404	0.00207	0.00154	0.00152	0.00051	0.00205	0.00135	0.00069	0.00175
9	0.00280	0.00200	0.00239	0.00220	0.00246	0.00206	0.02568	0.13839	0.00317	0.00424	0.00531	0.08832	0.02790	0.62190	0.04233	0.00125	0.00160	0.02362	0.00109	0.00129
10	0.00475	0.00331	0.01786	0.00404	0.00517	0.00321	0.28277	0.04765	0.12978	0.32224	0.05729	0.02454	0.01726	0.00199	0.00191	0.00052	0.06316	0.00890	0.00139	0.00227
11	0.00290	0.00238	0.00388	0.40995	0.06391	0.00266	0.04842	0.01206	0.00317	0.03682	0.01251	0.22438	0.01070	0.01042	0.00216	0.07548	0.01343	0.06218	0.00099	0.00161
12	0.00328	0.02795	0.80186	0.00480	0.06738	0.00367	0.04595	0.00496	0.00334	0.01864	0.00286	0.00338	0.00205	0.00147	0.00149	0.00049	0.00226	0.00120	0.00069	0.00230
13	0.00336	0.00321	0.00528	0.50037	0.24898	0.01622	0.06923	0.02579	0.03525	0.00455	0.00313	0.01568	0.00254	0.01182	0.00178	0.00052	0.03390	0.01562	0.00079	0.00198
14	0.01089	0.00390	0.02959	0.02047	0.09821	0.00362	0.65141	0.02252	0.01624	0.02531	0.00392	0.05570	0.02285	0.00169	0.00179	0.00053	0.00229	0.02608	0.00090	0.00208
15	0.01866	0.00275	0.00444	0.51279	0.08160	0.00309	0.06142	0.04130	0.01098	0.05728	0.03639	0.11388	0.02559	0.00212	0.00164	0.00053	0.00179	0.02095	0.00098	0.00183
16	0.05534	0.00353	0.00488	0.15023	0.25396	0.09452	0.09620	0.04568	0.02817	0.02497	0.10261	0.04289	0.01882	0.00199	0.00676	0.00051	0.04682	0.00846	0.00100	0.01267

[dist]
# distance from previous block
# <min> <max>
0	6

[block]
# block no. 5 follows, 204 sequences, length 7
# corresponding to MSA columns:
# 807-809,811-814
name=unknown_F
#
# <colnr> <probs for GDERKNQSTAVLIFYWHMCP>
#	G	D	E	R	K	N	Q	S	T	A	V	L	I	F	Y	W	H	M	C	P
0	0.19705	0.10749	0.02521	0.00323	0.00436	0.17700	0.00270	0.39088	0.02558	0.04787	0.00315	0.00329	0.00235	0.00168	0.00135	0.00045	0.00179	0.00116	0.00120	0.00222
1	0.00277	0.00219	0.00317	0.08833	0.14898	0.00218	0.02184	0.01859	0.04153	0.04455	0.09594	0.28306	0.15082	0.00331	0.00181	0.00056	0.00125	0.08612	0.00131	0.00169
2	0.00219	0.00154	0.00199	0.00205	0.00216	0.00162	0.00137	0.00243	0.00246	0.00338	0.00524	0.15680	0.00579	0.47283	0.32956	0.00172	0.00234	0.00240	0.00099	0.00115
3	0.00490	0.26482	0.15324	0.00372	0.02608	0.38341	0.00333	0.05247	0.03429	0.05609	0.00282	0.00311	0.00223	0.00155	0.00133	0.00041	0.00220	0.00106	0.00087	0.00206
4	0.00189	0.00139	0.00177	0.00208	0.00223	0.00127	0.00140	0.00218	0.00307	0.00401	0.00973	0.79698	0.15682	0.00473	0.00196	0.00062	0.00089	0.00425	0.00145	0.00127
5	0.15531	0.03903	0.27206	0.02551	0.02342	0.28356	0.04252	0.09117	0.00389	0.00529	0.00264	0.00311	0.00204	0.00156	0.00146	0.00046	0.02386	0.00111	0.00085	0.02115
6	0.05099	0.33258	0.45897	0.00364	0.00539	0.02341	0.02257	0.03515	0.00341	0.02767	0.00277	0.00334	0.00219	0.00151	0.00131	0.00044	0.00198	0.01976	0.00076	0.00215

[dist]
# distance from previous block
# <min> <max>
50	86

[block]
# block no. 6 follows, 204 sequences, length 52
# corresponding to MSA columns:
# 1007-1029,1035-1063
name=unknown_G
#
# <colnr> <probs for GDERKNQSTAVLIFYWHMCP>
#	G	D	E	R	K	N	Q	S	T	A	V	L	I	F	Y	W	H	M	C	P
0	0.11353	0.11710	0.35292	0.02800	0.02642	0.03281	0.08363	0.01781	0.07190	0.05783	0.01324	0.05088	0.01051	0.00180	0.00548	0.00049	0.00711	0.00550	0.00093	0.00211
1	0.08134	0.06515	0.30932	0.01980	0.01673	0.01450	0.01193	0.07513	0.07053	0.03231	0.00845	0.01191	0.01359	0.00154	0.00136	0.00041	0.00522	0.00119	0.00095	0.25862
2	0.05447	0.06196	0.37254	0.00424	0.03215	0.11080	0.10706	0.06015	0.01414	0.02871	0.01663	0.00829	0.00272	0.00178	0.00538	0.00050	0.05005	0.04601	0.00087	0.02157
3	0.01320	0.00353	0.06435	0.43659	0.35596	0.00358	0.02120	0.03676	0.01721	0.00479	0.01430	0.00406	0.00243	0.00152	0.00154	0.00049	0.00195	0.00139	0.00078	0.01437
4	0.02277	0.00326	0.01859	0.06048	0.26450	0.01455	0.03418	0.00959	0.00785	0.09032	0.00598	0.00388	0.00256	0.00183	0.02487	0.00048	0.12180	0.00648	0.00093	0.30511
5	0.00378	0.00363	0.00619	0.08269	0.86297	0.00368	0.00474	0.00472	0.00351	0.00500	0.00292	0.00388	0.00244	0.00140	0.00154	0.00047	0.00187	0.00139	0.00076	0.00241
6	0.00515	0.00398	0.00424	0.00343	0.00453	0.00447	0.00277	0.58102	0.35792	0.00857	0.00472	0.00452	0.00345	0.00196	0.00157	0.00049	0.00153	0.00154	0.00157	0.00258
7	0.00348	0.00330	0.00526	0.37021	0.45401	0.03845	0.00425	0.00430	0.00328	0.00441	0.00281	0.00399	0.00231	0.00179	0.00195	0.07270	0.01940	0.00137	0.00073	0.00201
8	0.00419	0.00363	0.00629	0.05853	0.56127	0.00931	0.16520	0.01603	0.02176	0.11951	0.00341	0.00413	0.00264	0.00149	0.00165	0.00048	0.01568	0.00149	0.00094	0.00237
9	0.00996	0.03002	0.83252	0.00453	0.00674	0.00369	0.07637	0.00494	0.00332	0.00982	0.00282	0.00334	0.00201	0.00147	0.00149	0.00049	0.00230	0.00120	0.00068	0.00228
10	0.00236	0.00167	0.00226	0.05029	0.02566	0.00159	0.00170	0.00290	0.00372	0.03991	0.42966	0.29123	0.07779	0.01646	0.00207	0.03088	0.00095	0.01596	0.00150	0.00145
11	0.00225	0.00170	0.00217	0.00238	0.00279	0.00163	0.00199	0.00283	0.00350	0.00443	0.01071	0.02358	0.34220	0.00464	0.06022	0.00076	0.00137	0.52808	0.00140	0.00139
12	0.02649	0.07715	0.50299	0.02398	0.21291	0.00378	0.02702	0.03444	0.00352	0.05376	0.00303	0.00366	0.00229	0.00152	0.00149	0.00048	0.00685	0.01154	0.00080	0.00230
13	0.00315	0.02967	0.90562	0.00442	0.00669	0.00368	0.01576	0.00493	0.00329	0.00490	0.00278	0.00328	0.00198	0.00147	0.00147	0.00049	0.00229	0.00115	0.00066	0.00229
14	0.00212	0.00156	0.00196	0.00206	0.00238	0.00144	0.00151	0.00268	0.01757	0.01514	0.31943	0.35441	0.18905	0.00401	0.00191	0.00057	0.00088	0.07840	0.00154	0.00139
15	0.00199	0.00161	0.00168	0.00168	0.00221	0.00136	0.00128	0.00241	0.00359	0.02286	0.03937	0.01485	0.84196	0.00390	0.00185	0.00053	0.00083	0.05319	0.00146	0.00135
16	0.00567	0.00274	0.01386	0.00302	0.00407	0.00248	0.06671	0.05368	0.03664	0.61387	0.03134	0.10587	0.01436	0.00704	0.00172	0.00051	0.01215	0.02017	0.00171	0.00237
17	0.00380	0.00391	0.04983	0.02215	0.84426	0.00370	0.03985	0.00478	0.00353	0.00506	0.00293	0.00385	0.00243	0.00139	0.00155	0.00047	0.00190	0.00139	0.00077	0.00244
18	0.00574	0.03955	0.00474	0.00353	0.00475	0.00483	0.00292	0.84264	0.06042	0.00940	0.00383	0.00381	0.00275	0.00186	0.00154	0.00047	0.00168	0.00140	0.00153	0.00261
19	0.00379	0.00364	0.00621	0.07531	0.87029	0.00368	0.00475	0.00472	0.00352	0.00501	0.00292	0.00388	0.00244	0.00140	0.00154	0.00047	0.00187	0.00139	0.00077	0.00242
20	0.00290	0.00268	0.01558	0.04809	0.11936	0.00261	0.25327	0.01113	0.00312	0.01431	0.00480	0.19351	0.00495	0.20057	0.08611	0.00092	0.00783	0.02563	0.00098	0.00165
21	0.01075	0.01714	0.33253	0.01679	0.03419	0.00334	0.00879	0.00397	0.00283	0.02951	0.00321	0.00477	0.00287	0.12493	0.16590	0.00102	0.23342	0.00146	0.00077	0.00182
22	0.00380	0.00365	0.00623	0.06451	0.88102	0.00369	0.00475	0.00473	0.00352	0.00502	0.00292	0.00387	0.00244	0.00140	0.00154	0.00047	0.00186	0.00139	0.00077	0.00242
23	0.00923	0.00249	0.01422	0.18981	0.00515	0.00264	0.06796	0.00447	0.01006	0.23016	0.00432	0.00564	0.00348	0.02076	0.34405	0.00126	0.05024	0.03114	0.00109	0.00184
24	0.00323	0.02633	0.71118	0.00485	0.04153	0.00366	0.14917	0.00486	0.00337	0.00493	0.01977	0.01462	0.00238	0.00152	0.00154	0.00050	0.00228	0.00133	0.00071	0.00224
25	0.00314	0.00295	0.00497	0.68914	0.23124	0.00346	0.00433	0.00412	0.00319	0.00421	0.00288	0.00427	0.00228	0.03151	0.00176	0.00054	0.00200	0.00141	0.00072	0.00188
26	0.00440	0.00383	0.00782	0.01715	0.03673	0.00356	0.68520	0.00554	0.00384	0.20994	0.00380	0.00443	0.00269	0.00145	0.00177	0.00051	0.00231	0.00176	0.00104	0.00223
27	0.00410	0.00352	0.04341	0.01573	0.26222	0.03553	0.12412	0.02411	0.14440	0.14486	0.13365	0.00570	0.01233	0.00193	0.00172	0.00050	0.02473	0.01400	0.00122	0.00223
28	0.01575	0.09789	0.24854	0.05524	0.01591	0.00357	0.24795	0.00550	0.04014	0.20987	0.03190	0.01096	0.00306	0.00162	0.00156	0.00049	0.00197	0.00150	0.00432	0.00223
29	0.00358	0.00343	0.00586	0.28683	0.65132	0.00363	0.01368	0.00454	0.00342	0.00476	0.00288	0.00395	0.00235	0.00144	0.00155	0.00048	0.00193	0.00139	0.00075	0.00224
30	0.00326	0.14388	0.78752	0.00415	0.00627	0.00395	0.00524	0.00485	0.00327	0.00473	0.00280	0.01831	0.00211	0.00151	0.00142	0.00047	0.00219	0.00116	0.00067	0.00224
31	0.00772	0.19186	0.46222	0.00429	0.07271	0.06328	0.03236	0.07607	0.00371	0.02698	0.00987	0.02654	0.00250	0.00161	0.00142	0.00046	0.00206	0.01132	0.00082	0.00221
32	0.00495	0.33684	0.00537	0.00302	0.01218	0.10527	0.03195	0.03793	0.08167	0.26738	0.06019	0.00472	0.03846	0.00182	0.00138	0.00043	0.00160	0.00140	0.00124	0.00217
33	0.00349	0.18865	0.27536	0.01421	0.00511	0.04334	0.13276	0.00850	0.01878	0.05270	0.00428	0.18049	0.01985	0.00743	0.00170	0.00050	0.03175	0.00820	0.00094	0.00197
34	0.01395	0.22773	0.46023	0.06169	0.02976	0.01429	0.07711	0.00470	0.00327	0.01079	0.01901	0.01178	0.00755	0.00158	0.00159	0.00047	0.05043	0.00123	0.00072	0.00211
35	0.00230	0.00202	0.07023	0.00249	0.00286	0.00160	0.02411	0.00277	0.00318	0.04130	0.04253	0.66540	0.03006	0.02134	0.00204	0.00063	0.00111	0.08119	0.00139	0.00143
36	0.00315	0.00277	0.00851	0.29739	0.01639	0.00315	0.00289	0.00550	0.39858	0.00529	0.06979	0.04707	0.07031	0.00238	0.00166	0.00054	0.00144	0.05992	0.00127	0.00197
37	0.01518	0.10943	0.59632	0.00393	0.01398	0.00995	0.01267	0.04542	0.00362	0.12755	0.00920	0.02330	0.00264	0.00167	0.00146	0.00048	0.00201	0.01800	0.00091	0.00228
38	0.00380	0.00504	0.27399	0.02061	0.44045	0.03334	0.12279	0.00503	0.01459	0.04936	0.00316	0.01519	0.00248	0.00149	0.00156	0.00048	0.00207	0.00141	0.00081	0.00234
39	0.00190	0.00137	0.00181	0.00215	0.00226	0.00127	0.00144	0.00219	0.00302	0.00403	0.02628	0.90284	0.03403	0.00482	0.00198	0.00063	0.00090	0.00437	0.00145	0.00127
40	0.00432	0.85702	0.00781	0.00279	0.00408	0.09477	0.00270	0.00481	0.00328	0.00368	0.00219	0.00253	0.00200	0.00136	0.00104	0.00034	0.00177	0.00085	0.00068	0.00198
41	0.01193	0.01957	0.05209	0.01451	0.40686	0.09356	0.21071	0.12122	0.00712	0.03506	0.00316	0.01138	0.00250	0.00151	0.00159	0.00047	0.00209	0.00146	0.00092	0.00231
42	0.09858	0.39482	0.25231	0.00360	0.04394	0.03657	0.04676	0.02171	0.01142	0.02432	0.00289	0.03842	0.00248	0.00160	0.00128	0.00043	0.00184	0.01417	0.00080	0.00206
43	0.00246	0.00150	0.00200	0.00208	0.00217	0.00150	0.00140	0.00246	0.04470	0.00335	0.00506	0.22099	0.01180	0.20494	0.00511	0.43478	0.00128	0.05045	0.00099	0.00099
44	0.04079	0.03878	0.01572	0.10255	0.31995	0.02215	0.06100	0.06049	0.09933	0.05585	0.00349	0.00402	0.00890	0.00152	0.00148	0.00044	0.00555	0.00135	0.00099	0.15564
45	0.02339	0.16314	0.35178	0.00369	0.00829	0.07308	0.01034	0.24093	0.01615	0.06426	0.01147	0.02083	0.00257	0.00168	0.00143	0.00046	0.00195	0.00126	0.00102	0.00229
46	0.00209	0.00164	0.00194	0.00201	0.00237	0.00150	0.01431	0.02521	0.02568	0.00440	0.06885	0.38048	0.40471	0.04344	0.00214	0.00061	0.00093	0.01488	0.00144	0.00136
47	0.02662	0.03820	0.00510	0.06785	0.00516	0.01336	0.29364	0.00417	0.03855	0.05121	0.10343	0.13458	0.00935	0.03719	0.02738	0.00620	0.08760	0.04754	0.00109	0.00178
48	0.04893	0.01329	0.05668	0.03423	0.03039	0.01525	0.15313	0.12801	0.14368	0.20526	0.01243	0.03074	0.00390	0.00759	0.00173	0.00052	0.01880	0.08055	0.00133	0.01355
49	0.00286	0.00218	0.00802	0.03784	0.01444	0.00217	0.03961	0.15459	0.01336	0.02151	0.02356	0.56611	0.04524	0.01523	0.00192	0.00059	0.00120	0.02373	0.00139	0.02445
50	0.02911	0.01093	0.06399	0.00281	0.03228	0.00745	0.03037	0.02515	0.00335	0.01285	0.01830	0.46320	0.09808	0.00393	0.00189	0.00060	0.00122	0.18187	0.00133	0.01128
51	0.05114	0.01050	0.00353	0.12168	0.04552	0.02124	0.01500	0.05933	0.01675	0.34660	0.11029	0.03180	0.06254	0.04528	0.01428	0.00057	0.01058	0.01842	0.00144	0.01352

[dist]
# distance from previous block
# <min> <max>
4	87

[block]
# block no. 7 follows, 204 sequences, length 14
# corresponding to MSA columns:
# 1248-1261
name=unknown_H
#
# <colnr> <probs for GDERKNQSTAVLIFYWHMCP>
#	G	D	E	R	K	N	Q	S	T	A	V	L	I	F	Y	W	H	M	C	P
0	0.01613	0.08580	0.18549	0.02639	0.15633	0.02072	0.09691	0.03502	0.03510	0.09916	0.01607	0.00951	0.00270	0.00150	0.00145	0.00042	0.00746	0.00130	0.00096	0.20157
1	0.02168	0.00339	0.04705	0.03169	0.37242	0.04171	0.05611	0.00486	0.01931	0.15835	0.04455	0.04211	0.02995	0.06202	0.01341	0.00058	0.00172	0.02872	0.00109	0.01928
2	0.01451	0.20448	0.13039	0.00308	0.04705	0.02852	0.00960	0.04826	0.00344	0.04262	0.05299	0.05446	0.00383	0.11784	0.00219	0.00053	0.01041	0.01091	0.00097	0.21391
3	0.04059	0.41994	0.05921	0.02165	0.25937	0.00454	0.02014	0.02158	0.00339	0.01514	0.01632	0.01969	0.07491	0.00169	0.00137	0.00042	0.01580	0.00134	0.00083	0.00207
4	0.00402	0.26576	0.30632	0.01457	0.03743	0.02584	0.02260	0.06706	0.03243	0.08221	0.00970	0.00367	0.00879	0.02321	0.00153	0.00045	0.01080	0.00119	0.00091	0.08150
5	0.00252	0.00186	0.00259	0.00250	0.00283	0.00212	0.00192	0.07475	0.00285	0.00403	0.00422	0.00637	0.00399	0.10999	0.76747	0.00224	0.00370	0.00171	0.00090	0.00144
6	0.00421	0.77570	0.03999	0.00311	0.00447	0.03805	0.07479	0.03682	0.00340	0.00403	0.00233	0.00271	0.00205	0.00136	0.00111	0.00036	0.00180	0.00095	0.00071	0.00203
7	0.00301	0.00322	0.11898	0.06459	0.21350	0.00276	0.01910	0.01294	0.01481	0.02637	0.07932	0.05960	0.13367	0.00272	0.00201	0.00055	0.07458	0.15659	0.00984	0.00185
8	0.00296	0.00252	0.03304	0.26518	0.00547	0.00255	0.04940	0.02134	0.09459	0.06050	0.00690	0.18717	0.13614	0.01081	0.02238	0.00061	0.00155	0.09397	0.00120	0.00172
9	0.00228	0.00160	0.00211	0.01524	0.00255	0.00151	0.00162	0.00287	0.00386	0.02532	0.51090	0.21388	0.04410	0.04367	0.00216	0.00059	0.00093	0.12182	0.00157	0.00142
10	0.04248	0.00321	0.00470	0.54627	0.17418	0.03981	0.00393	0.09743	0.00365	0.00491	0.02338	0.00426	0.00257	0.01930	0.02319	0.00056	0.00200	0.00140	0.00084	0.00193
11	0.00329	0.02204	0.54739	0.00518	0.04845	0.00365	0.28685	0.00482	0.00342	0.00490	0.00320	0.02806	0.00252	0.00159	0.00162	0.00051	0.00231	0.02726	0.00074	0.00219
12	0.00229	0.00176	0.00268	0.00280	0.00312	0.00170	0.07398	0.00283	0.00327	0.00433	0.00794	0.47537	0.00901	0.00451	0.02129	0.00070	0.00132	0.37833	0.00138	0.00140
13	0.19890	0.00264	0.00319	0.02899	0.02098	0.00269	0.01151	0.03352	0.07375	0.34879	0.06806	0.04299	0.01267	0.02175	0.00175	0.00054	0.02222	0.09362	0.00148	0.00994

[dist]
# distance from previous block
# <min> <max>
1	4

[block]
# block no. 8 follows, 204 sequences, length 40
# corresponding to MSA columns:
# 1266,1285,1287-1305,1307-1310,1312-1316,1321,1322,1329-1336
name=unknown_I
#
# <colnr> <probs for GDERKNQSTAVLIFYWHMCP>
#	G	D	E	R	K	N	Q	S	T	A	V	L	I	F	Y	W	H	M	C	P
0	0.04994	0.00261	0.00412	0.06653	0.17724	0.00261	0.10915	0.00404	0.02433	0.04029	0.02186	0.03020	0.06446	0.00286	0.00182	0.00058	0.00160	0.37114	0.00118	0.02343
1	0.00338	0.00321	0.00542	0.49398	0.43880	0.00358	0.00450	0.00442	0.01921	0.00454	0.00290	0.00404	0.00230	0.00149	0.00155	0.00049	0.00196	0.00139	0.00074	0.00208
2	0.08018	0.00299	0.00371	0.00286	0.00406	0.00285	0.00237	0.17593	0.00484	0.69544	0.00540	0.00480	0.00347	0.00188	0.00152	0.00048	0.00139	0.00148	0.00179	0.00258
3	0.00387	0.00362	0.01775	0.15958	0.28043	0.00359	0.34696	0.00491	0.00356	0.09071	0.00338	0.00448	0.00263	0.00155	0.00178	0.00051	0.03308	0.02477	0.00088	0.01194
4	0.00357	0.00270	0.00321	0.00235	0.00366	0.00207	0.00188	0.00423	0.00335	0.10144	0.00335	0.04099	0.00279	0.00138	0.00123	0.00027	0.00116	0.00113	0.00105	0.81820
5	0.00535	0.00390	0.00426	0.00347	0.01799	0.00431	0.00278	0.57242	0.27316	0.07986	0.01326	0.00453	0.00346	0.00195	0.00157	0.00049	0.00154	0.00153	0.00158	0.00258
6	0.05673	0.34641	0.33324	0.00349	0.00504	0.08872	0.02698	0.03859	0.01911	0.01765	0.03719	0.00950	0.00264	0.00156	0.00131	0.00043	0.00194	0.00657	0.00081	0.00209
7	0.00310	0.00291	0.00483	0.73116	0.15451	0.00340	0.00423	0.00410	0.00319	0.00423	0.00279	0.00404	0.00215	0.00150	0.00153	0.00049	0.00198	0.00135	0.00072	0.06777
8	0.00329	0.00265	0.00305	0.01052	0.01219	0.00292	0.00235	0.04739	0.47080	0.01273	0.00718	0.15749	0.02564	0.00311	0.00179	0.00059	0.00126	0.23155	0.00151	0.00200
9	0.00374	0.00364	0.01939	0.01814	0.86521	0.00358	0.00463	0.00465	0.00352	0.00503	0.00321	0.04261	0.00285	0.00156	0.00157	0.00047	0.00182	0.01118	0.00080	0.00240
10	0.00416	0.01642	0.00373	0.00321	0.00414	0.00400	0.00253	0.11894	0.79911	0.01661	0.00597	0.00551	0.00445	0.00207	0.00157	0.00052	0.00130	0.00170	0.00157	0.00248
11	0.01177	0.09273	0.43858	0.02321	0.06689	0.01667	0.02590	0.00484	0.00875	0.06515	0.00644	0.00344	0.00228	0.00143	0.00141	0.00042	0.00944	0.00114	0.00083	0.21867
12	0.00323	0.05256	0.86198	0.00438	0.00661	0.00373	0.02510	0.00495	0.00331	0.01623	0.00281	0.00329	0.00201	0.00147	0.00147	0.00049	0.00227	0.00116	0.00068	0.00229
13	0.00313	0.00799	0.92092	0.00448	0.00677	0.00362	0.02195	0.00493	0.00330	0.00493	0.00280	0.00330	0.00198	0.00148	0.00149	0.00049	0.00231	0.00116	0.00066	0.00230
14	0.00258	0.00222	0.01298	0.04107	0.22790	0.00210	0.02903	0.00316	0.00340	0.01734	0.07604	0.34319	0.18950	0.00754	0.00184	0.00056	0.00123	0.03542	0.00125	0.00166
15	0.00609	0.01104	0.04066	0.00273	0.00385	0.00227	0.00231	0.00677	0.01865	0.75179	0.03210	0.06386	0.03775	0.01059	0.00166	0.00050	0.00131	0.00183	0.00180	0.00245
16	0.00851	0.00462	0.24149	0.14655	0.23946	0.00837	0.17385	0.01186	0.03367	0.08602	0.00351	0.01061	0.01372	0.00157	0.00161	0.00050	0.00562	0.00535	0.00088	0.00223
17	0.00339	0.08473	0.73865	0.01199	0.04121	0.01141	0.01026	0.01462	0.00338	0.03578	0.00312	0.00894	0.01450	0.00156	0.00146	0.00048	0.00216	0.00935	0.00074	0.00226
18	0.00909	0.01327	0.75127	0.04158	0.02565	0.00351	0.03879	0.00504	0.00945	0.06450	0.01752	0.00792	0.00237	0.00155	0.00151	0.00049	0.00218	0.00126	0.00078	0.00228
19	0.00479	0.00336	0.03220	0.22248	0.11699	0.00772	0.16834	0.06630	0.01053	0.32922	0.01169	0.00463	0.01106	0.00168	0.00161	0.00050	0.00184	0.00155	0.00123	0.00228
20	0.00397	0.04461	0.52543	0.03212	0.06672	0.02949	0.04867	0.02495	0.02427	0.15114	0.01695	0.01253	0.00266	0.00162	0.00153	0.00049	0.00830	0.00133	0.00094	0.00230
21	0.00317	0.00299	0.00508	0.68251	0.18738	0.00351	0.03488	0.00416	0.00320	0.01188	0.00290	0.01391	0.00228	0.00809	0.00171	0.00052	0.02779	0.00144	0.00073	0.00188
22	0.00190	0.00136	0.00181	0.00217	0.00226	0.00127	0.00145	0.00217	0.00298	0.00398	0.00859	0.94424	0.01030	0.00488	0.00199	0.00063	0.00090	0.00443	0.00145	0.00127
23	0.00347	0.02089	0.23579	0.10214	0.24398	0.01691	0.28887	0.00471	0.00841	0.00481	0.00319	0.04618	0.00262	0.00158	0.00166	0.00050	0.00975	0.00159	0.00077	0.00216
24	0.01723	0.05886	0.23591	0.09934	0.37536	0.00707	0.09270	0.01028	0.03335	0.02081	0.00310	0.01457	0.00248	0.01019	0.00160	0.00049	0.00730	0.00139	0.00572	0.00224
25	0.00192	0.00138	0.00183	0.00217	0.00229	0.00130	0.00148	0.00221	0.00301	0.00400	0.00877	0.86138	0.04703	0.00497	0.02118	0.00067	0.00098	0.03072	0.00143	0.00127
26	0.00312	0.00806	0.93719	0.00444	0.00674	0.00362	0.00576	0.00493	0.00329	0.00493	0.00280	0.00329	0.00197	0.00148	0.00148	0.00049	0.00230	0.00115	0.00066	0.00230
27	0.02934	0.07676	0.32302	0.02257	0.05607	0.00333	0.05400	0.02152	0.00380	0.36032	0.00413	0.01005	0.00286	0.00170	0.00155	0.00048	0.01525	0.00970	0.00119	0.00237
28	0.00386	0.25130	0.28664	0.03143	0.22650	0.02918	0.07004	0.05219	0.00360	0.01831	0.00290	0.00346	0.01107	0.00146	0.00140	0.00044	0.00200	0.00121	0.00077	0.00223
29	0.00298	0.00281	0.00474	0.90433	0.04763	0.00347	0.00434	0.00401	0.00313	0.00402	0.00277	0.00414	0.00209	0.00155	0.00156	0.00052	0.00207	0.00138	0.00070	0.00176
30	0.00250	0.00215	0.00361	0.06748	0.03618	0.00210	0.17279	0.01884	0.00332	0.01074	0.05628	0.55972	0.03770	0.00367	0.00191	0.00059	0.00631	0.01132	0.00127	0.00154
31	0.00332	0.00313	0.00520	0.55805	0.25076	0.02140	0.05826	0.01207	0.00332	0.01808	0.00312	0.03819	0.00257	0.01410	0.00167	0.00052	0.00200	0.00153	0.00078	0.00194
32	0.00294	0.00277	0.00467	0.94151	0.01073	0.00346	0.00433	0.00398	0.00311	0.00398	0.00277	0.00415	0.00208	0.00156	0.00156	0.00052	0.00208	0.00138	0.00069	0.00173
33	0.00251	0.00179	0.00251	0.00287	0.00323	0.00179	0.00251	0.00323	0.00359	0.00466	0.00825	0.01757	0.00896	0.00430	0.00215	0.00072	0.00143	0.92506	0.00143	0.00143
34	0.01175	0.00288	0.04664	0.36730	0.09019	0.00931	0.07124	0.02092	0.00332	0.01996	0.01928	0.17776	0.02361	0.00992	0.00187	0.00056	0.03271	0.08306	0.00597	0.00175
35	0.83344	0.01914	0.01365	0.00216	0.00317	0.00342	0.00181	0.00489	0.00285	0.10016	0.00258	0.00282	0.00191	0.00149	0.00103	0.00048	0.00124	0.00092	0.00105	0.00180
36	0.02691	0.12955	0.38249	0.00897	0.05503	0.03072	0.03997	0.01743	0.03646	0.05439	0.03297	0.04499	0.10229	0.00944	0.00156	0.00049	0.00180	0.01415	0.00096	0.00943
37	0.01020	0.27149	0.28369	0.00347	0.01374	0.02605	0.06664	0.04198	0.01266	0.05902	0.04543	0.02129	0.02751	0.03574	0.00162	0.00047	0.00180	0.00136	0.00091	0.07495
38	0.04011	0.18019	0.30782	0.00320	0.00810	0.00356	0.01339	0.09434	0.02126	0.04560	0.13578	0.04410	0.05998	0.00224	0.01851	0.00050	0.00167	0.00629	0.00107	0.01229
39	0.08083	0.12623	0.21061	0.01216	0.01584	0.02190	0.05289	0.31238	0.03195	0.00981	0.01647	0.00410	0.02098	0.03504	0.01284	0.00052	0.00974	0.00533	0.00108	0.01930

[dist]
# distance from previous block
# <min> <max>
96	200

[block]
# block no. 9 follows, 204 sequences, length 11
# corresponding to MSA columns:
# 1954-1964
name=unknown_J
#
# <colnr> <probs for GDERKNQSTAVLIFYWHMCP>
#	G	D	E	R	K	N	Q	S	T	A	V	L	I	F	Y	W	H	M	C	P
0	0.13769	0.07451	0.16051	0.03647	0.04969	0.11763	0.05614	0.06704	0.05005	0.04333	0.06217	0.05786	0.01621	0.00974	0.00154	0.00048	0.01023	0.01439	0.00104	0.03326
1	0.18782	0.04261	0.06913	0.03465	0.03583	0.08608	0.02455	0.12173	0.03199	0.22337	0.04085	0.00448	0.02276	0.00189	0.01012	0.00049	0.01125	0.01050	0.00125	0.03865
2	0.03699	0.05114	0.04394	0.06926	0.07930	0.01975	0.07114	0.09338	0.06530	0.23820	0.07459	0.03171	0.01192	0.00202	0.00168	0.00049	0.03191	0.03374	0.00130	0.04223
3	0.06755	0.11579	0.06406	0.05407	0.16170	0.06582	0.06030	0.11725	0.05932	0.07580	0.01185	0.01210	0.01878	0.00179	0.00170	0.01145	0.05204	0.01204	0.00103	0.03558
4	0.09733	0.09273	0.07382	0.02650	0.04430	0.09129	0.05945	0.13805	0.16573	0.07176	0.00415	0.07037	0.01001	0.00192	0.00151	0.00047	0.01243	0.00155	0.00117	0.03546
5	0.19029	0.13382	0.29279	0.04079	0.04761	0.02835	0.01291	0.11375	0.07993	0.02480	0.00316	0.01981	0.00244	0.00162	0.00135	0.00047	0.00179	0.00122	0.00095	0.00215
6	0.00215	0.00166	0.00219	0.00251	0.05547	0.00150	0.00164	0.00255	0.00325	0.00439	0.10107	0.60293	0.12245	0.00408	0.00186	0.00056	0.00095	0.00365	0.00139	0.08377
7	0.00426	0.00281	0.00344	0.00279	0.03587	0.00243	0.00214	0.08568	0.04706	0.21881	0.04141	0.05776	0.00376	0.00174	0.00139	0.00036	0.00124	0.00144	0.00130	0.48430
8	0.00274	0.04565	0.00269	0.03983	0.00292	0.00215	0.00178	0.03501	0.00282	0.05682	0.00485	0.02767	0.03674	0.28660	0.42733	0.00170	0.00269	0.00189	0.01670	0.00141
9	0.00371	0.00306	0.00345	0.00324	0.04596	0.01913	0.01538	0.11649	0.48038	0.02269	0.11967	0.05586	0.06924	0.00266	0.02206	0.00056	0.00132	0.01145	0.00151	0.00218
10	0.00230	0.00178	0.00246	0.00229	0.00260	0.00180	0.06569	0.00267	0.00279	0.00376	0.00703	0.07205	0.19648	0.32204	0.24153	0.00136	0.02246	0.00238	0.04527	0.00128

[dist]
# distance from previous block
# <min> <max>
0	2

[block]
# block no. 10 follows, 204 sequences, length 14
# corresponding to MSA columns:
# 1970,1972,1973,1988-1998
name=unknown_K
#
# <colnr> <probs for GDERKNQSTAVLIFYWHMCP>
#	G	D	E	R	K	N	Q	S	T	A	V	L	I	F	Y	W	H	M	C	P
0	0.00448	0.00202	0.00253	0.00216	0.00288	0.00187	0.00172	0.02211	0.00400	0.38518	0.15046	0.02345	0.00579	0.00231	0.01414	0.00047	0.00105	0.02025	0.35116	0.00196
1	0.00323	0.00277	0.00323	0.00231	0.00369	0.00208	0.00185	0.00392	0.00323	0.00508	0.00277	0.00323	0.00231	0.00115	0.00115	0.00023	0.00115	0.00092	0.00092	0.95478
2	0.02057	0.02411	0.35595	0.05850	0.09203	0.03167	0.25753	0.02943	0.05084	0.02922	0.00350	0.01380	0.02249	0.00157	0.00159	0.00050	0.00218	0.00149	0.00084	0.00219
3	0.00511	0.02911	0.00432	0.01486	0.02074	0.11121	0.00279	0.47595	0.24765	0.02001	0.01541	0.00434	0.00330	0.00200	0.01191	0.00049	0.00171	0.00146	0.02521	0.00242
4	0.00267	0.00225	0.00322	0.00994	0.02260	0.00272	0.02098	0.01090	0.00274	0.01314	0.03068	0.19171	0.01496	0.06985	0.28830	0.00126	0.28451	0.01382	0.01226	0.00149
5	0.04446	0.09610	0.43440	0.02630	0.08145	0.01904	0.05084	0.10669	0.02903	0.06952	0.01622	0.01337	0.00257	0.00160	0.00146	0.00047	0.00198	0.00129	0.00092	0.00227
6	0.01284	0.21660	0.54685	0.00406	0.02908	0.01163	0.04270	0.01312	0.04892	0.03948	0.00313	0.01239	0.00954	0.00154	0.00140	0.00046	0.00204	0.00121	0.00079	0.00223
7	0.00203	0.00141	0.00179	0.00204	0.00212	0.00135	0.00132	0.00222	0.00282	0.00375	0.02384	0.62243	0.02987	0.25557	0.00366	0.02139	0.00108	0.01883	0.00130	0.00117
8	0.00293	0.00266	0.03980	0.05703	0.24063	0.01310	0.03262	0.03941	0.01363	0.01080	0.05324	0.33214	0.03666	0.00306	0.00841	0.00973	0.00879	0.03300	0.06059	0.00177
9	0.04036	0.10067	0.08021	0.02730	0.08086	0.02903	0.06026	0.29500	0.03202	0.12882	0.03656	0.03847	0.01399	0.00191	0.00159	0.00048	0.02053	0.00843	0.00125	0.00228
10	0.00219	0.00163	0.01445	0.00212	0.00243	0.00145	0.00154	0.00269	0.02664	0.03668	0.09282	0.55165	0.19948	0.00425	0.00191	0.00059	0.00093	0.04025	0.01491	0.00140
11	0.00248	0.00181	0.00219	0.01534	0.00266	0.00181	0.00161	0.01734	0.13789	0.03135	0.11933	0.46766	0.08394	0.10407	0.00251	0.00068	0.00103	0.00336	0.00145	0.00150
12	0.07280	0.10076	0.15735	0.07297	0.18151	0.03420	0.05639	0.06440	0.03265	0.09136	0.01236	0.02762	0.00283	0.00780	0.00174	0.00049	0.06217	0.01017	0.00827	0.00215
13	0.45696	0.14707	0.02789	0.01900	0.06382	0.12967	0.00246	0.03904	0.04943	0.02522	0.00278	0.00310	0.01199	0.00153	0.00117	0.00045	0.00159	0.00102	0.00095	0.01487

[dist]
# distance from previous block
# <min> <max>
1	10

[block]
# block no. 11 follows, 204 sequences, length 21
# corresponding to MSA columns:
# 2009,2020-2039
name=unknown_L
#
# <colnr> <probs for GDERKNQSTAVLIFYWHMCP>
#	G	D	E	R	K	N	Q	S	T	A	V	L	I	F	Y	W	H	M	C	P
0	0.01677	0.04792	0.01498	0.01426	0.02395	0.01734	0.01552	0.35391	0.16927	0.14207	0.01197	0.00431	0.00928	0.00177	0.00147	0.00044	0.00151	0.00140	0.00141	0.15044
1	0.01005	0.11286	0.02930	0.00755	0.00351	0.08439	0.00212	0.06411	0.04432	0.04293	0.09902	0.06460	0.14326	0.01193	0.01588	0.01461	0.00139	0.02286	0.00118	0.22414
2	0.02865	0.16634	0.37703	0.01581	0.02326	0.02597	0.03019	0.12241	0.05510	0.07531	0.03787	0.01286	0.00299	0.00178	0.01041	0.00048	0.00191	0.00839	0.00099	0.00224
3	0.00393	0.22654	0.23684	0.01928	0.14408	0.09650	0.16594	0.03777	0.00358	0.00466	0.00280	0.00343	0.00795	0.00158	0.01054	0.00047	0.02994	0.00125	0.00075	0.00214
4	0.00267	0.00249	0.00440	0.01457	0.01434	0.00235	0.30816	0.00346	0.01586	0.01310	0.13058	0.22739	0.20346	0.00308	0.00859	0.00056	0.01627	0.00285	0.02420	0.00164
5	0.02600	0.02049	0.00308	0.10043	0.00398	0.01468	0.02636	0.01830	0.02193	0.05069	0.06909	0.18772	0.08428	0.00246	0.00152	0.00044	0.00122	0.01567	0.04865	0.30301
6	0.00299	0.05222	0.15306	0.00308	0.03900	0.02736	0.00263	0.00475	0.25872	0.01166	0.09700	0.22717	0.10828	0.00288	0.00168	0.00053	0.00132	0.00248	0.00130	0.00189
7	0.00286	0.00176	0.00211	0.00194	0.00249	0.00155	0.00148	0.00338	0.00391	0.16099	0.32004	0.02607	0.39610	0.05213	0.00212	0.00056	0.00091	0.01644	0.00159	0.00157
8	0.00201	0.00156	0.00184	0.00185	0.00225	0.00138	0.00137	0.00253	0.00380	0.00498	0.37099	0.14667	0.41677	0.00379	0.00187	0.00053	0.00080	0.03208	0.00155	0.00137
9	0.01249	0.02743	0.17442	0.14026	0.02508	0.08100	0.30301	0.04420	0.01982	0.11137	0.00334	0.00399	0.00245	0.00171	0.01588	0.00053	0.02849	0.00147	0.00092	0.00213
10	0.00302	0.00292	0.00481	0.83992	0.01018	0.02798	0.05214	0.00404	0.00317	0.00403	0.00296	0.03270	0.00234	0.00165	0.00158	0.00052	0.00209	0.00149	0.00072	0.00174
11	0.00213	0.00178	0.00188	0.00188	0.00240	0.00164	0.00142	0.00301	0.11181	0.00457	0.05420	0.08188	0.68020	0.00378	0.00183	0.00054	0.00087	0.04125	0.00147	0.00146
