[name]
unknown

[dist]
# distance from previous block
# <min> <max>
1	368

[block]
# block no. 0 follows, 272 sequences, length 19
# corresponding to MSA columns:
# 1461-1463,1465-1467,1473-1475,1480,1482-1490
name=unknown_A
#
# <colnr> <probs for GDERKNQSTAVLIFYWHMCP>
#	G	D	E	R	K	N	Q	S	T	A	V	L	I	F	Y	W	H	M	C	P
0	0.02763	0.01277	0.14485	0.10070	0.13338	0.01908	0.19802	0.02363	0.04312	0.04184	0.01644	0.00803	0.00675	0.00121	0.00611	0.00035	0.01324	0.00716	0.00982	0.18586
1	0.00976	0.01967	0.04482	0.25129	0.44617	0.00269	0.03398	0.03056	0.01440	0.05079	0.01195	0.00308	0.00195	0.00114	0.00116	0.00036	0.00142	0.00105	0.00066	0.07310
2	0.02240	0.02239	0.07542	0.05023	0.21933	0.02904	0.04407	0.03390	0.09242	0.05400	0.08891	0.14137	0.04224	0.00187	0.01050	0.00040	0.00119	0.02211	0.00089	0.04733
3	0.04409	0.00850	0.04790	0.05429	0.03856	0.00219	0.00948	0.05540	0.22190	0.09854	0.04640	0.03073	0.01686	0.14506	0.07450	0.01037	0.02221	0.00758	0.02517	0.04028
4	0.00199	0.00151	0.00187	0.02511	0.02902	0.00143	0.01911	0.02156	0.05581	0.05477	0.26334	0.03136	0.43873	0.01092	0.00145	0.00040	0.01890	0.00212	0.00856	0.01205
5	0.00385	0.05268	0.00970	0.01975	0.02000	0.67091	0.00217	0.01407	0.00309	0.01805	0.00235	0.02146	0.01682	0.02164	0.09721	0.00050	0.01395	0.00094	0.00950	0.00136
6	0.00398	0.23497	0.02911	0.02168	0.03096	0.60239	0.00236	0.03719	0.00314	0.00311	0.00186	0.00218	0.00157	0.00120	0.00107	0.00031	0.02008	0.00077	0.00060	0.00147
7	0.01083	0.00237	0.06091	0.04716	0.20587	0.00222	0.05624	0.01944	0.16596	0.03408	0.26213	0.02241	0.05880	0.00177	0.00134	0.00039	0.02339	0.01339	0.00097	0.01033
8	0.02192	0.11673	0.25966	0.00258	0.01741	0.05678	0.01113	0.07120	0.05680	0.16292	0.07539	0.00826	0.02509	0.00141	0.00114	0.00035	0.00810	0.01587	0.00088	0.08640
9	0.38423	0.03954	0.01124	0.03110	0.00294	0.00228	0.01220	0.01441	0.00279	0.45191	0.01705	0.02042	0.00238	0.00135	0.00101	0.00037	0.00102	0.00101	0.00109	0.00166
10	0.00164	0.00115	0.00151	0.00173	0.00189	0.00108	0.00125	0.00196	0.01332	0.02569	0.01899	0.69678	0.07337	0.00353	0.00152	0.00048	0.00076	0.15120	0.00112	0.00103
11	0.01558	0.03329	0.10249	0.07124	0.28814	0.09112	0.05428	0.01407	0.05150	0.03661	0.01349	0.13204	0.03102	0.00166	0.00134	0.00039	0.03918	0.02025	0.00075	0.00157
12	0.01396	0.03912	0.06391	0.16657	0.04410	0.02477	0.23561	0.09248	0.02210	0.14820	0.02423	0.04712	0.01433	0.00145	0.00136	0.00039	0.04120	0.01666	0.00083	0.00161
13	0.00277	0.00190	0.00268	0.05940	0.23063	0.00191	0.00750	0.05096	0.02565	0.12814	0.04783	0.06675	0.10634	0.02450	0.00986	0.00040	0.01207	0.01652	0.20271	0.00147
14	0.00187	0.00138	0.00186	0.07563	0.00248	0.00142	0.00802	0.00239	0.06844	0.04358	0.04260	0.57875	0.05630	0.01506	0.04710	0.00666	0.03474	0.00956	0.00104	0.00113
15	0.01577	0.08702	0.19053	0.03205	0.13211	0.12629	0.02480	0.09441	0.02262	0.18095	0.02367	0.01115	0.01735	0.00135	0.00119	0.00036	0.01723	0.01257	0.00686	0.00172
16	0.02180	0.17017	0.40742	0.08005	0.03654	0.03335	0.04913	0.09324	0.04609	0.01266	0.00881	0.00872	0.00182	0.00122	0.00116	0.00036	0.02419	0.00095	0.00064	0.00168
17	0.00159	0.00117	0.00134	0.00140	0.00159	0.00108	0.00096	0.00177	0.00230	0.00291	0.02633	0.16080	0.37363	0.31548	0.00310	0.03855	0.00085	0.06330	0.00096	0.00090
18	0.03240	0.02067	0.05605	0.22414	0.24472	0.02627	0.07827	0.08414	0.00940	0.11994	0.02914	0.01535	0.01367	0.00134	0.00123	0.00038	0.01265	0.02010	0.00849	0.00165

[dist]
# distance from previous block
# <min> <max>
1	20

[block]
# block no. 1 follows, 272 sequences, length 11
# corresponding to MSA columns:
# 1515-1525
name=unknown_B
#
# <colnr> <probs for GDERKNQSTAVLIFYWHMCP>
#	G	D	E	R	K	N	Q	S	T	A	V	L	I	F	Y	W	H	M	C	P
0	0.07830	0.14099	0.06724	0.00341	0.15282	0.15602	0.05645	0.16335	0.04710	0.03217	0.01784	0.02164	0.00211	0.00136	0.00960	0.00036	0.02399	0.00101	0.00077	0.02347
1	0.00199	0.01798	0.00194	0.01689	0.00224	0.00143	0.02715	0.00257	0.08499	0.06259	0.07550	0.51454	0.07019	0.01910	0.01175	0.00827	0.01541	0.06320	0.00110	0.00117
2	0.03346	0.05567	0.07039	0.00252	0.07053	0.04263	0.02413	0.06345	0.01855	0.07989	0.01119	0.00272	0.00195	0.00106	0.00099	0.00026	0.00112	0.00085	0.00078	0.51785
3	0.00195	0.00111	0.00148	0.00147	0.00150	0.00109	0.00094	0.00166	0.00167	0.00224	0.00293	0.00526	0.02907	0.33172	0.00497	0.58235	0.00106	0.00131	0.00061	0.02559
4	0.01352	0.03370	0.04330	0.00196	0.00259	0.00979	0.01499	0.20243	0.03213	0.06919	0.20999	0.06662	0.22399	0.01726	0.00876	0.00040	0.00094	0.00178	0.00111	0.04555
5	0.00263	0.04673	0.68413	0.00310	0.00456	0.00272	0.02559	0.02076	0.03866	0.06426	0.02800	0.02704	0.01331	0.01196	0.00127	0.00039	0.02147	0.00106	0.00066	0.00171
6	0.01365	0.00252	0.01452	0.28861	0.01911	0.04235	0.00256	0.02216	0.19641	0.00362	0.04053	0.01257	0.00251	0.00173	0.01281	0.00045	0.29972	0.00117	0.02157	0.00145
7	0.00204	0.00189	0.00315	0.00273	0.00317	0.03451	0.26804	0.00253	0.00255	0.00339	0.02694	0.48916	0.00570	0.00272	0.00152	0.00046	0.01863	0.10523	0.02445	0.00119
8	0.00356	0.32253	0.01380	0.01310	0.00317	0.02288	0.01097	0.23381	0.12444	0.11252	0.08160	0.00361	0.02470	0.00143	0.00107	0.00033	0.00116	0.00110	0.02252	0.00170
9	0.00173	0.00132	0.00164	0.01305	0.00198	0.00128	0.00125	0.01575	0.04258	0.00390	0.34820	0.24610	0.18324	0.01279	0.01141	0.00045	0.02418	0.07417	0.01388	0.00111
10	0.00271	0.01692	0.01177	0.00223	0.00283	0.02058	0.01593	0.04817	0.58835	0.00474	0.12043	0.03571	0.06936	0.00995	0.00129	0.00040	0.00093	0.01743	0.02862	0.00165

[dist]
# distance from previous block
# <min> <max>
7	48

[block]
# block no. 2 follows, 272 sequences, length 30
# corresponding to MSA columns:
# 1575-1586,1604-1606,1611-1614,1626-1634,1640,1667
name=unknown_C
#
# <colnr> <probs for GDERKNQSTAVLIFYWHMCP>
#	G	D	E	R	K	N	Q	S	T	A	V	L	I	F	Y	W	H	M	C	P
0	0.01102	0.52927	0.01601	0.00236	0.01434	0.18489	0.01629	0.04792	0.02288	0.02411	0.01190	0.03252	0.01100	0.00122	0.00093	0.00029	0.00139	0.00086	0.00065	0.07015
1	0.00240	0.00552	0.01196	0.00173	0.00976	0.01219	0.00134	0.00297	0.02178	0.13649	0.43671	0.00701	0.13392	0.00952	0.00613	0.00036	0.01026	0.00662	0.00115	0.18217
2	0.00311	0.15754	0.19431	0.00302	0.01991	0.21805	0.03807	0.03754	0.01003	0.00914	0.01281	0.04339	0.00201	0.00164	0.01895	0.00041	0.22696	0.00102	0.00061	0.00149
3	0.00346	0.71910	0.02066	0.00231	0.00324	0.21532	0.00215	0.00384	0.00263	0.00285	0.00171	0.00199	0.00153	0.00108	0.00088	0.00027	0.01425	0.00068	0.00053	0.00150
4	0.00314	0.89450	0.07002	0.00214	0.00321	0.00460	0.00220	0.00359	0.00243	0.00288	0.00169	0.00196	0.00153	0.00103	0.00079	0.00026	0.00131	0.00066	0.00051	0.00155
5	0.00171	0.00118	0.00143	0.00152	0.00163	0.00113	0.00098	0.00192	0.02146	0.02198	0.01295	0.42798	0.06085	0.40346	0.00340	0.00075	0.00090	0.01497	0.00095	0.01884
6	0.00728	0.02474	0.12498	0.03790	0.27340	0.08967	0.22690	0.03604	0.07382	0.06844	0.01295	0.00312	0.00208	0.00119	0.00125	0.00037	0.01230	0.00113	0.00072	0.00173
7	0.00222	0.00207	0.00346	0.88551	0.02020	0.00256	0.00318	0.00298	0.00240	0.00307	0.00260	0.02512	0.03711	0.00132	0.00121	0.00040	0.00153	0.00117	0.00057	0.00131
8	0.00247	0.00616	0.91645	0.00339	0.00512	0.03822	0.00434	0.00382	0.00255	0.00375	0.00213	0.00251	0.00151	0.00114	0.00113	0.00038	0.00178	0.00088	0.00051	0.00175
9	0.00182	0.00135	0.00184	0.00207	0.03236	0.01047	0.01634	0.00226	0.02234	0.02106	0.08236	0.48742	0.02821	0.00323	0.00151	0.00048	0.00087	0.27315	0.00110	0.00975
10	0.02610	0.00243	0.07440	0.03776	0.05009	0.00924	0.05014	0.08618	0.02529	0.39647	0.01111	0.06348	0.03124	0.04659	0.02449	0.00046	0.01272	0.03196	0.01817	0.00169
11	0.00174	0.00118	0.00133	0.00133	0.00136	0.00117	0.00076	0.01176	0.00183	0.00243	0.00414	0.05044	0.03423	0.87504	0.00568	0.00110	0.00112	0.00183	0.00076	0.00076
12	0.00183	0.00145	0.00222	0.00225	0.03763	0.00170	0.01920	0.00226	0.00197	0.00285	0.00314	0.02274	0.00297	0.01697	0.80641	0.00170	0.06345	0.00752	0.00064	0.00112
13	0.00300	0.01502	0.05530	0.33129	0.29741	0.09010	0.04464	0.04761	0.02962	0.04879	0.00240	0.00304	0.00185	0.00119	0.00121	0.00037	0.01189	0.00105	0.01258	0.00163
14	0.00291	0.00312	0.00642	0.00464	0.00575	0.02409	0.81449	0.01468	0.00286	0.03916	0.01730	0.01573	0.00900	0.01020	0.00148	0.00041	0.01563	0.00988	0.00067	0.00159
15	0.06194	0.00225	0.00272	0.00215	0.00301	0.00788	0.00176	0.13660	0.09074	0.60969	0.01906	0.00389	0.00292	0.00147	0.00116	0.00037	0.00102	0.00117	0.04828	0.00191
16	0.00204	0.00197	0.00862	0.01327	0.01902	0.00186	0.36010	0.00259	0.00252	0.00340	0.02462	0.49781	0.01667	0.01154	0.00155	0.00045	0.01744	0.01236	0.00089	0.00125
17	0.02994	0.10503	0.17328	0.00259	0.00359	0.01735	0.04504	0.09669	0.04100	0.36945	0.01012	0.01180	0.00238	0.00154	0.01573	0.01133	0.05927	0.00108	0.00100	0.00179
18	0.04219	0.00223	0.00279	0.00220	0.00307	0.00213	0.00181	0.12151	0.08520	0.68051	0.00443	0.00404	0.01096	0.00151	0.00121	0.00037	0.00838	0.01254	0.01096	0.00196
19	0.00299	0.00156	0.00201	0.00172	0.00225	0.00141	0.00135	0.01856	0.02475	0.32605	0.49176	0.00729	0.10011	0.00213	0.00133	0.00038	0.00074	0.00183	0.01033	0.00146
20	0.00212	0.01012	0.02353	0.07967	0.18275	0.02895	0.03677	0.01359	0.05191	0.00352	0.04865	0.40830	0.06497	0.00250	0.00138	0.00043	0.00522	0.02733	0.00092	0.00737
21	0.01488	0.07304	0.34366	0.07625	0.08183	0.01890	0.07942	0.02864	0.04178	0.07394	0.03963	0.04079	0.06289	0.00149	0.00449	0.00038	0.01059	0.00503	0.00074	0.00162
22	0.28605	0.00208	0.00240	0.00193	0.00275	0.00203	0.00158	0.03040	0.00303	0.57709	0.03600	0.01248	0.00280	0.00143	0.00107	0.00037	0.00097	0.00658	0.02721	0.00175
23	0.00199	0.00184	0.02345	0.36931	0.11762	0.00193	0.00234	0.00255	0.00249	0.00327	0.04584	0.23864	0.14130	0.00879	0.00681	0.00043	0.01077	0.01857	0.00081	0.00125
24	0.03110	0.03459	0.09002	0.03670	0.14605	0.02353	0.04550	0.07168	0.09262	0.09025	0.01386	0.01526	0.00902	0.00120	0.00108	0.00031	0.00121	0.00102	0.00082	0.29418
25	0.00776	0.00208	0.01837	0.27333	0.24253	0.00919	0.04211	0.00290	0.01681	0.01985	0.00379	0.30106	0.01045	0.00208	0.00810	0.00474	0.01077	0.01557	0.00713	0.00139
26	0.00175	0.00113	0.00146	0.00162	0.00177	0.00105	0.00111	0.00201	0.00242	0.05490	0.06830	0.67150	0.04555	0.06281	0.00822	0.00051	0.00074	0.01752	0.05457	0.00104
27	0.00279	0.01901	0.08467	0.11056	0.25904	0.04097	0.09215	0.01837	0.03357	0.05060	0.01482	0.10548	0.00843	0.00161	0.00167	0.00041	0.15224	0.00135	0.00071	0.00157
28	0.00331	0.03534	0.13279	0.05030	0.36168	0.03951	0.11476	0.04986	0.01556	0.14912	0.01232	0.00325	0.01013	0.00122	0.00122	0.00037	0.01035	0.00636	0.00076	0.00179
29	0.00276	0.01978	0.22783	0.01154	0.01845	0.03030	0.02049	0.04102	0.00268	0.15225	0.00989	0.24785	0.01678	0.01807	0.01694	0.00046	0.09872	0.04151	0.02123	0.00146

[dist]
# distance from previous block
# <min> <max>
0	2

[block]
# block no. 3 follows, 272 sequences, length 23
# corresponding to MSA columns:
# 1670-1687,1715-1719
name=unknown_D
#
# <colnr> <probs for GDERKNQSTAVLIFYWHMCP>
#	G	D	E	R	K	N	Q	S	T	A	V	L	I	F	Y	W	H	M	C	P
0	0.46783	0.02860	0.01151	0.01240	0.16203	0.12640	0.07776	0.05353	0.01239	0.01178	0.00205	0.00243	0.00838	0.00115	0.00098	0.00036	0.00767	0.00085	0.00071	0.01118
1	0.01565	0.00140	0.00169	0.00999	0.01820	0.00634	0.00957	0.01202	0.02453	0.06356	0.36133	0.09353	0.35063	0.01563	0.00145	0.00041	0.00070	0.01102	0.00118	0.00117
2	0.00283	0.00222	0.00276	0.01086	0.09162	0.01146	0.01010	0.04294	0.01068	0.08811	0.03682	0.01630	0.01068	0.01272	0.00513	0.00026	0.00511	0.00094	0.00082	0.63766
3	0.00232	0.00176	0.00198	0.00185	0.00217	0.00194	0.00132	0.00372	0.38465	0.02022	0.02761	0.00596	0.01847	0.38096	0.07595	0.05629	0.00914	0.00151	0.00094	0.00125
4	0.00316	0.01444	0.03064	0.12162	0.34594	0.01963	0.02532	0.15336	0.17290	0.03985	0.01423	0.03407	0.00251	0.00138	0.00124	0.00038	0.01550	0.00120	0.00085	0.00178
5	0.00227	0.00214	0.00361	0.93207	0.03116	0.00266	0.00333	0.00307	0.00240	0.00307	0.00213	0.00318	0.00160	0.00119	0.00119	0.00040	0.00159	0.00106	0.00053	0.00134
6	0.00255	0.00216	0.00255	0.00192	0.02630	0.00165	0.00149	0.01495	0.00254	0.01625	0.00217	0.00252	0.00179	0.00090	0.00090	0.00019	0.00091	0.00073	0.00072	0.91682
7	0.02015	0.22376	0.19376	0.00266	0.01549	0.10074	0.03167	0.05765	0.13344	0.06849	0.01911	0.01474	0.01140	0.00139	0.00948	0.00035	0.02813	0.00584	0.00521	0.05654
8	0.00315	0.93491	0.00614	0.00202	0.00303	0.00464	0.00202	0.00353	0.00244	0.00282	0.00192	0.00216	0.02513	0.00107	0.00078	0.00026	0.00126	0.00069	0.00053	0.00152
9	0.00171	0.00126	0.00182	0.00182	0.00200	0.00144	0.00137	0.00207	0.00189	0.00270	0.00329	0.00518	0.00320	0.15681	0.80571	0.00180	0.00288	0.00135	0.00065	0.00101
10	0.00173	0.00116	0.00135	0.00136	0.00138	0.00118	0.00079	0.00176	0.00177	0.00238	0.00382	0.04158	0.00437	0.85391	0.07572	0.00119	0.00129	0.00176	0.00073	0.00076
11	0.00521	0.00199	0.00269	0.00208	0.00297	0.00172	0.00171	0.00567	0.00338	0.90515	0.00467	0.00409	0.00296	0.00147	0.00118	0.00037	0.00099	0.00120	0.04851	0.00199
12	0.00245	0.02945	0.84807	0.00351	0.00521	0.00284	0.08450	0.00378	0.00255	0.00376	0.00216	0.00257	0.00154	0.00112	0.00115	0.00038	0.00178	0.00092	0.00051	0.00175
13	0.00198	0.00146	0.00206	0.00226	0.00257	0.00147	0.02209	0.00265	0.04006	0.00363	0.00619	0.02683	0.00666	0.00319	0.00163	0.00054	0.00111	0.87141	0.00109	0.00114
14	0.01040	0.00151	0.00198	0.00175	0.00224	0.00138	0.00136	0.01151	0.02099	0.31215	0.42070	0.14163	0.04852	0.00232	0.00135	0.00039	0.00076	0.01631	0.00132	0.00142
15	0.00292	0.00280	0.00478	0.06232	0.89588	0.00283	0.00365	0.00363	0.00270	0.00385	0.00224	0.00297	0.00188	0.00107	0.00118	0.00036	0.00143	0.00106	0.00059	0.00186
16	0.00407	0.02126	0.01520	0.00268	0.01197	0.02126	0.00219	0.60973	0.25431	0.03273	0.00338	0.00328	0.00246	0.00146	0.00119	0.00037	0.00123	0.00113	0.00117	0.00895
17	0.00322	0.90148	0.02876	0.00211	0.00314	0.03899	0.00211	0.00363	0.00246	0.00284	0.00168	0.00194	0.00153	0.00103	0.00079	0.00026	0.00132	0.00065	0.00051	0.00153
18	0.04584	0.09658	0.35675	0.00886	0.00443	0.01530	0.19502	0.03014	0.01232	0.13982	0.02153	0.00746	0.03277	0.00634	0.00125	0.00038	0.02169	0.00111	0.00074	0.00167
19	0.00262	0.01264	0.00420	0.00339	0.00365	0.00344	0.17666	0.00311	0.02860	0.00312	0.00220	0.00309	0.03598	0.00190	0.00326	0.00049	0.70852	0.00117	0.00058	0.00137
20	0.00192	0.00137	0.00192	0.00218	0.00246	0.00137	0.00191	0.00247	0.00277	0.00360	0.02805	0.01337	0.00698	0.00328	0.00164	0.00055	0.00109	0.92086	0.00111	0.00110
21	0.08392	0.05602	0.20109	0.01274	0.11038	0.01804	0.27392	0.01782	0.01425	0.13943	0.00715	0.02672	0.00213	0.00134	0.01382	0.00040	0.01103	0.00738	0.00075	0.00168
22	0.00274	0.00261	0.00444	0.25142	0.66570	0.00275	0.01272	0.00349	0.01045	0.00368	0.00240	0.01149	0.01039	0.00116	0.00120	0.00037	0.00145	0.00924	0.00059	0.00172

[dist]
# distance from previous block
# <min> <max>
3	19

[block]
# block no. 4 follows, 272 sequences, length 49
# corresponding to MSA columns:
# 1740-1773,1781,1784,1790-1797,1800-1804
name=unknown_E
#
# <colnr> <probs for GDERKNQSTAVLIFYWHMCP>
#	G	D	E	R	K	N	Q	S	T	A	V	L	I	F	Y	W	H	M	C	P
0	0.00297	0.00285	0.01258	0.14508	0.51961	0.05637	0.07439	0.03937	0.00281	0.03180	0.03441	0.00328	0.00221	0.02046	0.00143	0.00039	0.04653	0.00113	0.00066	0.00169
1	0.00153	0.00111	0.00147	0.00170	0.00181	0.00106	0.00118	0.00178	0.00236	0.00867	0.02676	0.80845	0.05326	0.00361	0.00157	0.00048	0.01882	0.06228	0.00110	0.00100
2	0.00195	0.00163	0.00650	0.01302	0.03327	0.01433	0.10562	0.00250	0.04022	0.02992	0.13257	0.33028	0.18752	0.00282	0.01124	0.00045	0.01130	0.07261	0.00105	0.00119
3	0.00986	0.20928	0.14935	0.03473	0.06356	0.02595	0.03016	0.15039	0.03539	0.06792	0.01668	0.02463	0.00567	0.07097	0.04623	0.00049	0.04647	0.00989	0.00077	0.00159
4	0.00266	0.05104	0.43994	0.06805	0.31931	0.00285	0.05375	0.00370	0.01079	0.01540	0.00233	0.01689	0.00567	0.00116	0.00116	0.00037	0.00159	0.00102	0.00057	0.00175
5	0.01119	0.02124	0.06535	0.01922	0.11348	0.01157	0.43831	0.07527	0.04425	0.17941	0.00291	0.00328	0.00209	0.00118	0.00129	0.00038	0.00574	0.00124	0.00083	0.00176
6	0.00362	0.00267	0.08684	0.02821	0.12811	0.01163	0.10731	0.03384	0.10299	0.34370	0.03070	0.05040	0.02665	0.00158	0.00128	0.00039	0.01023	0.02703	0.00106	0.00177
7	0.17528	0.01226	0.04533	0.07342	0.10215	0.05831	0.06166	0.10341	0.01378	0.22830	0.04531	0.01259	0.05040	0.00144	0.00115	0.00037	0.00543	0.00682	0.00096	0.00164
8	0.01009	0.00181	0.02716	0.01324	0.15392	0.00164	0.05438	0.01136	0.01061	0.04123	0.05247	0.10154	0.30308	0.00253	0.00141	0.00043	0.00100	0.20981	0.00100	0.00129
9	0.00285	0.04858	0.41277	0.02442	0.29206	0.01031	0.06203	0.02794	0.02409	0.05481	0.01955	0.01083	0.00202	0.00118	0.00117	0.00037	0.00155	0.00104	0.00064	0.00178
10	0.01030	0.00258	0.04956	0.22024	0.21660	0.02433	0.03681	0.02261	0.02342	0.33257	0.01727	0.01124	0.00244	0.00134	0.00124	0.00038	0.01364	0.01075	0.00093	0.00175
11	0.01586	0.00255	0.00297	0.02045	0.00324	0.00267	0.01065	0.48065	0.01517	0.22549	0.11382	0.00453	0.03209	0.02839	0.01422	0.00041	0.00116	0.02265	0.00123	0.00180
12	0.00286	0.03423	0.72666	0.00328	0.01600	0.00270	0.04100	0.00968	0.00681	0.13378	0.00255	0.01090	0.00180	0.00120	0.00115	0.00038	0.00164	0.00097	0.00066	0.00179
13	0.00277	0.05429	0.36084	0.07065	0.33914	0.00838	0.08051	0.00948	0.00607	0.03474	0.00240	0.00948	0.00948	0.00116	0.00117	0.00037	0.00158	0.00515	0.00060	0.00175
14	0.00388	0.00202	0.00279	0.19623	0.04067	0.02640	0.00204	0.00442	0.00312	0.51102	0.12642	0.00483	0.04847	0.00172	0.01529	0.00040	0.00113	0.00628	0.00118	0.00168
15	0.00266	0.00247	0.00421	0.47551	0.45364	0.00273	0.01463	0.00341	0.00257	0.02360	0.00224	0.00310	0.00177	0.00114	0.00119	0.00038	0.00150	0.00107	0.00058	0.00161
16	0.00285	0.00277	0.01702	0.19587	0.50658	0.01681	0.15751	0.00360	0.00267	0.03587	0.00240	0.02332	0.00197	0.00118	0.00129	0.00038	0.02443	0.00117	0.00062	0.00170
17	0.00228	0.00236	0.07250	0.02968	0.03023	0.00202	0.32114	0.02933	0.00269	0.03435	0.02374	0.33207	0.06828	0.01243	0.00146	0.00044	0.00130	0.03147	0.00088	0.00135
18	0.00235	0.00219	0.00375	0.82725	0.02566	0.00264	0.06072	0.01630	0.00248	0.01542	0.00238	0.01738	0.01396	0.00125	0.00122	0.00040	0.00158	0.00114	0.00057	0.00137
19	0.00305	0.20944	0.41226	0.01557	0.05442	0.00307	0.09921	0.01613	0.00812	0.13141	0.02045	0.00288	0.00623	0.00119	0.00113	0.00035	0.01167	0.00098	0.00068	0.00172
20	0.05695	0.00195	0.01491	0.00254	0.00302	0.02823	0.18725	0.00291	0.02779	0.08455	0.00496	0.43259	0.01671	0.00259	0.00150	0.00045	0.03470	0.09413	0.00098	0.00128
21	0.00271	0.00258	0.00440	0.34532	0.61452	0.00277	0.00354	0.00345	0.00260	0.00360	0.00220	0.00304	0.00179	0.00111	0.00119	0.00037	0.00148	0.00106	0.00057	0.00169
22	0.00298	0.00280	0.00478	0.04269	0.88449	0.00281	0.01437	0.00369	0.00272	0.02386	0.00230	0.00299	0.00190	0.00108	0.00119	0.00036	0.00142	0.00107	0.00061	0.00187
23	0.00174	0.00126	0.01036	0.00157	0.00169	0.00128	0.00605	0.00194	0.00199	0.00271	0.06282	0.01422	0.03183	0.54448	0.26189	0.00125	0.00166	0.04960	0.00077	0.00089
24	0.73160	0.00238	0.00211	0.00180	0.00257	0.01862	0.01365	0.05576	0.00248	0.14536	0.00225	0.00246	0.00166	0.00121	0.00086	0.00037	0.00100	0.01154	0.00087	0.00145
25	0.00294	0.00283	0.00483	0.02450	0.93349	0.00284	0.00366	0.00366	0.00271	0.00389	0.00225	0.00296	0.00189	0.00107	0.00118	0.00036	0.00142	0.00106	0.00059	0.00188
26	0.00293	0.01928	0.07427	0.03604	0.36058	0.01295	0.38020	0.00383	0.01937	0.04478	0.00263	0.00340	0.01106	0.00115	0.00128	0.00038	0.00165	0.02187	0.00065	0.00172
27	0.01211	0.00126	0.00159	0.00153	0.00182	0.00117	0.00114	0.00231	0.02512	0.02110	0.71007	0.12698	0.08410	0.00260	0.00141	0.00039	0.00060	0.00229	0.00127	0.00113
28	0.00291	0.00333	0.02473	0.00491	0.01769	0.02846	0.86472	0.01705	0.00287	0.01317	0.00242	0.00318	0.00181	0.00103	0.00140	0.00040	0.00631	0.00137	0.00062	0.00162
29	0.00291	0.00198	0.00259	0.01833	0.02076	0.01980	0.06153	0.06515	0.09353	0.19966	0.25540	0.04189	0.14902	0.00207	0.00145	0.00039	0.04861	0.01228	0.00117	0.00148
30	0.00312	0.03127	0.57359	0.00332	0.00477	0.03248	0.12590	0.01421	0.00278	0.18154	0.00264	0.00288	0.00183	0.00120	0.00121	0.00038	0.01339	0.00100	0.00071	0.00177
31	0.00270	0.00231	0.00355	0.05554	0.49756	0.01510	0.00266	0.01351	0.05186	0.05473	0.24999	0.00495	0.03728	0.00156	0.00125	0.00037	0.00114	0.00142	0.00088	0.00163
32	0.01227	0.00191	0.05692	0.02526	0.10973	0.00165	0.10115	0.00260	0.02149	0.04250	0.03965	0.43389	0.12788	0.00263	0.00140	0.00043	0.00101	0.01539	0.00097	0.00127
33	0.00260	0.00272	0.03267	0.02607	0.24496	0.00253	0.43999	0.00337	0.00271	0.02009	0.03190	0.14703	0.02592	0.00155	0.00138	0.00040	0.01019	0.00164	0.00072	0.00156
34	0.00270	0.03470	0.52496	0.05128	0.20106	0.00997	0.11431	0.01395	0.00265	0.03007	0.00226	0.00275	0.00168	0.00112	0.00117	0.00037	0.00168	0.00099	0.00057	0.00175
35	0.00242	0.00231	0.00395	0.72998	0.20344	0.00270	0.03193	0.00320	0.00247	0.00325	0.00216	0.00314	0.00166	0.00116	0.00120	0.00039	0.00157	0.00107	0.00055	0.00145
36	0.00344	0.09612	0.07235	0.00357	0.03621	0.01268	0.37754	0.03046	0.02228	0.23683	0.01422	0.01561	0.02718	0.00133	0.00135	0.00038	0.03590	0.00999	0.00086	0.00170
37	0.00297	0.02885	0.04447	0.12145	0.46340	0.01874	0.13462	0.01257	0.00745	0.07839	0.02102	0.03369	0.01180	0.00127	0.00125	0.00037	0.01085	0.00442	0.00070	0.00171
38	0.01929	0.08799	0.43774	0.01913	0.07243	0.02608	0.11811	0.05281	0.01899	0.11261	0.00561	0.00297	0.00191	0.00121	0.00117	0.00037	0.00599	0.01316	0.00070	0.00175
39	0.00290	0.00285	0.02254	0.07473	0.86572	0.00282	0.00366	0.00363	0.00269	0.00384	0.00224	0.00297	0.00186	0.00108	0.00118	0.00036	0.00144	0.00106	0.00059	0.00185
40	0.00297	0.00271	0.00424	0.27560	0.54677	0.03686	0.00333	0.03944	0.02275	0.04615	0.00655	0.00310	0.00193	0.00116	0.00119	0.00037	0.00146	0.00107	0.00065	0.00172
41	0.00880	0.13487	0.34754	0.02521	0.08871	0.03887	0.05378	0.03077	0.03434	0.16632	0.01038	0.00297	0.00201	0.00126	0.00125	0.00036	0.04390	0.00617	0.00075	0.00174
42	0.01587	0.01779	0.05233	0.01469	0.00301	0.02099	0.07265	0.02385	0.16465	0.07519	0.00925	0.13844	0.05888	0.02193	0.00150	0.00047	0.00112	0.30495	0.00105	0.00139
43	0.00711	0.02217	0.04683	0.00204	0.02603	0.01407	0.00497	0.01249	0.01397	0.06421	0.03777	0.43670	0.09885	0.00303	0.00146	0.00046	0.00091	0.20468	0.00108	0.00118
44	0.01187	0.22252	0.43988	0.00299	0.01678	0.08479	0.03414	0.06916	0.06313	0.02948	0.01053	0.00265	0.00184	0.00119	0.00107	0.00035	0.00157	0.00371	0.00065	0.00170
45	0.00720	0.04461	0.09355	0.10463	0.24945	0.01632	0.06887	0.09573	0.00748	0.26517	0.03317	0.00339	0.00241	0.00128	0.00119	0.00037	0.00136	0.00112	0.00090	0.00180
46	0.00159	0.00121	0.00146	0.00143	0.00174	0.00108	0.00107	0.00203	0.00305	0.00409	0.53823	0.08362	0.32262	0.00969	0.00146	0.00040	0.00060	0.02234	0.00122	0.00107
47	0.00767	0.03395	0.02731	0.02336	0.63581	0.07633	0.05437	0.04698	0.04659	0.03261	0.00242	0.00296	0.00195	0.00113	0.00117	0.00036	0.00147	0.00106	0.00067	0.00182
48	0.07617	0.01033	0.01539	0.05336	0.39949	0.02609	0.08216	0.07655	0.05005	0.07033	0.02066	0.05907	0.03222	0.00144	0.00122	0.00038	0.00677	0.01583	0.00081	0.00169

[dist]
# distance from previous block
# <min> <max>
8	45

[block]
# block no. 5 follows, 272 sequences, length 9
# corresponding to MSA columns:
# 1879,1886,1887,1889-1894
name=unknown_F
#
# <colnr> <probs for GDERKNQSTAVLIFYWHMCP>
#	G	D	E	R	K	N	Q	S	T	A	V	L	I	F	Y	W	H	M	C	P
0	0.06461	0.51019	0.11360	0.01016	0.02821	0.03961	0.01833	0.02288	0.01249	0.03352	0.00251	0.06472	0.01146	0.03308	0.00112	0.00034	0.00130	0.02115	0.00065	0.01008
1	0.00192	0.00146	0.03312	0.00161	0.00178	0.00134	0.02015	0.03630	0.00210	0.02293	0.01669	0.14173	0.01857	0.64289	0.03125	0.00096	0.00117	0.02230	0.00082	0.00091
2	0.02115	0.34559	0.10087	0.00208	0.00277	0.03427	0.00190	0.03908	0.00257	0.03376	0.00401	0.36883	0.02177	0.00218	0.00116	0.00037	0.00110	0.01436	0.00082	0.00135
3	0.06025	0.14505	0.20950	0.01370	0.01973	0.04387	0.00220	0.04495	0.01073	0.04136	0.20942	0.02818	0.12588	0.00178	0.00120	0.00036	0.01351	0.01239	0.00088	0.01508
4	0.17375	0.14486	0.13632	0.03056	0.04615	0.08126	0.06107	0.02794	0.02622	0.15825	0.04022	0.01294	0.03173	0.00141	0.01133	0.00037	0.00133	0.00104	0.00082	0.01243
5	0.02761	0.14904	0.07007	0.00229	0.06693	0.03088	0.00179	0.02142	0.03613	0.02434	0.10024	0.26696	0.09716	0.02000	0.00134	0.00040	0.00100	0.04163	0.00093	0.03986
6	0.05395	0.18070	0.25609	0.01537	0.07241	0.02712	0.10973	0.03681	0.01285	0.08021	0.02772	0.01630	0.02320	0.00127	0.00112	0.00035	0.00980	0.01061	0.00071	0.06369
7	0.10243	0.21061	0.09524	0.04183	0.14215	0.05075	0.04247	0.06803	0.03548	0.02837	0.01231	0.02247	0.01182	0.01280	0.02641	0.00040	0.02257	0.04670	0.00072	0.02643
8	0.05383	0.05646	0.08090	0.05769	0.10725	0.05263	0.02929	0.10619	0.06935	0.19891	0.02056	0.02300	0.04208	0.02682	0.00138	0.00042	0.00132	0.02258	0.00101	0.04835

[dist]
# distance from previous block
# <min> <max>
0	42

[block]
# block no. 6 follows, 272 sequences, length 20
# corresponding to MSA columns:
# 2006-2017,2019-2026
name=unknown_G
#
# <colnr> <probs for GDERKNQSTAVLIFYWHMCP>
#	G	D	E	R	K	N	Q	S	T	A	V	L	I	F	Y	W	H	M	C	P
0	0.12600	0.08520	0.02987	0.08072	0.29197	0.05483	0.04195	0.07050	0.03433	0.07089	0.00263	0.01248	0.01209	0.00125	0.00112	0.00035	0.00809	0.02209	0.00075	0.05289
1	0.20006	0.02046	0.02969	0.17835	0.22934	0.03142	0.06481	0.04198	0.01174	0.04760	0.00816	0.00906	0.01346	0.02133	0.00122	0.00038	0.01317	0.00745	0.00071	0.06962
2	0.27847	0.02944	0.01469	0.10946	0.24683	0.01427	0.08160	0.04669	0.04657	0.04546	0.00912	0.01826	0.00201	0.00123	0.00110	0.00037	0.01112	0.01249	0.00074	0.03008
3	0.10181	0.01478	0.02296	0.05613	0.15951	0.01318	0.00213	0.14895	0.03556	0.11349	0.07232	0.00969	0.02982	0.00137	0.00114	0.00033	0.01158	0.00912	0.00092	0.19523
4	0.06788	0.02808	0.01329	0.05576	0.11970	0.30651	0.02869	0.13034	0.08030	0.02816	0.00295	0.01366	0.03265	0.00141	0.00114	0.00035	0.00151	0.04121	0.00081	0.04561
5	0.05269	0.03336	0.03041	0.02881	0.17756	0.04405	0.03222	0.08159	0.04519	0.15995	0.01787	0.06807	0.02847	0.03078	0.01187	0.00631	0.02658	0.10199	0.00094	0.02129
6	0.01475	0.00273	0.00430	0.12113	0.62826	0.01317	0.01286	0.07282	0.00927	0.01079	0.00862	0.00297	0.00193	0.00111	0.00116	0.00034	0.00138	0.00104	0.00066	0.09071
7	0.00234	0.00230	0.02078	0.80454	0.07051	0.01620	0.03043	0.00313	0.00247	0.00320	0.03143	0.00332	0.00192	0.00122	0.00120	0.00039	0.00157	0.00110	0.00056	0.00138
8	0.00879	0.08308	0.09274	0.10607	0.14136	0.03583	0.28478	0.04379	0.03875	0.04133	0.02698	0.04462	0.01537	0.00135	0.00129	0.00038	0.01977	0.01142	0.00071	0.00161
9	0.01822	0.02246	0.00765	0.11000	0.17948	0.01444	0.01607	0.03765	0.01136	0.20513	0.02478	0.01906	0.00294	0.06990	0.16095	0.00877	0.04681	0.04195	0.00086	0.00151
10	0.00282	0.00263	0.00447	0.26134	0.67767	0.00277	0.00353	0.00355	0.00265	0.02391	0.00227	0.00304	0.00184	0.00111	0.00119	0.00037	0.00146	0.00107	0.00059	0.00174
11	0.00356	0.57184	0.02444	0.00260	0.03264	0.25084	0.02814	0.01590	0.00278	0.03750	0.00197	0.00236	0.00171	0.00114	0.00092	0.00029	0.00153	0.01770	0.00060	0.00153
12	0.01993	0.05687	0.17794	0.01502	0.24594	0.01741	0.14230	0.06931	0.03679	0.17064	0.01321	0.00333	0.02333	0.00125	0.00119	0.00037	0.00145	0.00113	0.00081	0.00179
13	0.00292	0.00283	0.00462	0.06647	0.83255	0.03245	0.00352	0.00362	0.00274	0.00385	0.03152	0.00313	0.00215	0.00112	0.00119	0.00036	0.00143	0.00109	0.00061	0.00182
14	0.00174	0.00124	0.00160	0.00159	0.00168	0.00135	0.00108	0.00192	0.00181	0.00251	0.00349	0.00645	0.00374	0.55532	0.38695	0.00145	0.02297	0.00154	0.00069	0.00087
15	0.89098	0.00237	0.00203	0.00188	0.03692	0.00271	0.02351	0.02104	0.00214	0.00531	0.00173	0.00203	0.00134	0.00111	0.00078	0.00037	0.00098	0.00069	0.00074	0.00134
16	0.02357	0.00159	0.01025	0.00178	0.01766	0.02753	0.02005	0.02699	0.03643	0.00281	0.00368	0.04602	0.01344	0.61724	0.07528	0.02358	0.03876	0.01166	0.00075	0.00094
17	0.88079	0.03217	0.00194	0.00160	0.00236	0.00268	0.00132	0.00349	0.00207	0.00520	0.00169	0.00197	0.00133	0.00109	0.00075	0.00036	0.00093	0.00065	0.00073	0.05688
18	0.87543	0.00237	0.00194	0.00177	0.02360	0.00272	0.00141	0.05519	0.00227	0.02199	0.00180	0.00205	0.00138	0.00113	0.00078	0.00037	0.00096	0.00069	0.00077	0.00136
19	0.07034	0.00273	0.01206	0.10981	0.54922	0.00274	0.12587	0.01599	0.00271	0.03985	0.01748	0.00306	0.00199	0.00112	0.00120	0.00036	0.01045	0.00109	0.00065	0.03127

[dist]
# distance from previous block
# <min> <max>
1	6

[block]
# block no. 7 follows, 272 sequences, length 10
# corresponding to MSA columns:
# 2051,2052,2054-2060,2062
name=unknown_H
#
# <colnr> <probs for GDERKNQSTAVLIFYWHMCP>
#	G	D	E	R	K	N	Q	S	T	A	V	L	I	F	Y	W	H	M	C	P
0	0.07917	0.01957	0.05232	0.02063	0.12537	0.02809	0.03665	0.24607	0.02174	0.24076	0.00343	0.05273	0.00981	0.01365	0.00126	0.00038	0.00805	0.02859	0.00103	0.01069
1	0.04897	0.00276	0.00445	0.03101	0.79892	0.02318	0.00340	0.00359	0.00270	0.00391	0.00247	0.00358	0.00217	0.00122	0.00119	0.00037	0.00140	0.06229	0.00063	0.00179
2	0.00976	0.00276	0.07779	0.21720	0.04437	0.01221	0.17039	0.19947	0.01261	0.02346	0.03270	0.02030	0.00244	0.01335	0.02374	0.09885	0.01136	0.02500	0.00076	0.00149
3	0.10571	0.00475	0.00325	0.00308	0.06509	0.66852	0.00222	0.04952	0.00325	0.02468	0.00198	0.00228	0.00161	0.00120	0.00105	0.00031	0.00184	0.00080	0.00068	0.05818
4	0.00329	0.28360	0.00413	0.05172	0.00360	0.05829	0.05762	0.04097	0.41400	0.06574	0.00338	0.00335	0.00258	0.00135	0.00108	0.00035	0.00123	0.00108	0.00092	0.00173
5	0.12200	0.03493	0.00337	0.13792	0.20671	0.06365	0.01474	0.04262	0.03162	0.23106	0.01311	0.03298	0.00236	0.01041	0.00116	0.00037	0.00126	0.00110	0.00089	0.04775
6	0.05955	0.11160	0.27009	0.10269	0.06979	0.06146	0.04368	0.02933	0.05388	0.04297	0.02541	0.01276	0.01126	0.01365	0.00977	0.00038	0.00145	0.01529	0.00069	0.06430
7	0.00404	0.05259	0.03575	0.00272	0.00364	0.00348	0.03171	0.70396	0.08218	0.00657	0.00315	0.05912	0.00246	0.00154	0.00120	0.00037	0.00128	0.00122	0.00111	0.00191
8	0.00337	0.06464	0.00300	0.00235	0.00295	0.01228	0.00190	0.27243	0.14727	0.12409	0.03488	0.08809	0.00353	0.04428	0.04990	0.00051	0.09183	0.05001	0.00106	0.00163
9	0.16231	0.23173	0.01323	0.02514	0.01555	0.21566	0.00200	0.09052	0.01365	0.17592	0.00251	0.01266	0.00194	0.00947	0.01267	0.00036	0.01139	0.00089	0.00083	0.00158

[dist]
# distance from previous block
# <min> <max>
7	68

[block]
# block no. 8 follows, 272 sequences, length 10
# corresponding to MSA columns:
# 2151-2154,2156,2157,2160-2163
name=unknown_I
#
# <colnr> <probs for GDERKNQSTAVLIFYWHMCP>
#	G	D	E	R	K	N	Q	S	T	A	V	L	I	F	Y	W	H	M	C	P
0	0.08491	0.00337	0.00366	0.09864	0.11972	0.24851	0.10361	0.11956	0.04581	0.06739	0.01288	0.01332	0.00213	0.00156	0.03470	0.00041	0.00162	0.01073	0.00079	0.02669
1	0.03125	0.03212	0.00405	0.02805	0.44046	0.05959	0.06204	0.08415	0.06306	0.02625	0.09605	0.01143	0.00302	0.00901	0.00125	0.00037	0.00939	0.01149	0.00079	0.02618
2	0.00242	0.00235	0.00345	0.69870	0.09033	0.06897	0.00301	0.00311	0.00246	0.00310	0.00253	0.00361	0.03210	0.05538	0.00146	0.00043	0.00154	0.00112	0.00058	0.02336
3	0.00230	0.00186	0.00244	0.08628	0.00307	0.00162	0.03954	0.00279	0.00244	0.02357	0.02395	0.13078	0.00315	0.06843	0.00146	0.00034	0.01672	0.01472	0.06817	0.50635
4	0.65613	0.08985	0.00262	0.05607	0.07252	0.00277	0.03030	0.00339	0.00221	0.00469	0.00249	0.00279	0.06773	0.00123	0.00087	0.00036	0.00104	0.00085	0.00072	0.00135
5	0.00296	0.00274	0.00421	0.05046	0.69251	0.04217	0.00317	0.05812	0.00292	0.00412	0.05575	0.00337	0.00248	0.00120	0.00117	0.00035	0.00134	0.00112	0.06807	0.00176
6	0.10910	0.03206	0.01647	0.06910	0.07776	0.04280	0.01069	0.35367	0.11700	0.07506	0.01528	0.00335	0.02203	0.00173	0.04074	0.00801	0.00133	0.00110	0.00099	0.00174
7	0.03237	0.00260	0.06994	0.31256	0.13550	0.01454	0.08272	0.01878	0.03748	0.10023	0.05994	0.00380	0.00262	0.04113	0.00158	0.00042	0.06030	0.01125	0.00075	0.01150
8	0.00248	0.00222	0.00353	0.75911	0.06197	0.00268	0.00310	0.08964	0.00267	0.00347	0.00229	0.00340	0.00181	0.05510	0.00147	0.00043	0.00153	0.00110	0.00061	0.00139
9	0.08052	0.00954	0.04251	0.08825	0.15290	0.07633	0.12425	0.08850	0.03329	0.08019	0.02000	0.02709	0.03696	0.00149	0.00124	0.00038	0.01200	0.06763	0.00083	0.05612

[dist]
# distance from previous block
# <min> <max>
0	593

# created by:
# /home/berkeley/.conda/envs/busco_data_prod/bin/msa2prfl.pl pipeline/OGs_align_augustus/2759/443772.fs
