[name]
unknown

[dist]
# distance from previous block
# <min> <max>
2	322

[block]
# block no. 0 follows, 220 sequences, length 17
# corresponding to MSA columns:
# 1015-1022,1024-1032
name=unknown_A
#
# <colnr> <probs for GDERKNQSTAVLIFYWHMCP>
#	G	D	E	R	K	N	Q	S	T	A	V	L	I	F	Y	W	H	M	C	P
0	0.01522	0.21846	0.08974	0.03753	0.10269	0.05074	0.01934	0.05629	0.07469	0.13899	0.02245	0.04341	0.01278	0.00164	0.00135	0.00040	0.01306	0.00131	0.00101	0.09888
1	0.13164	0.11305	0.15171	0.02098	0.06936	0.03968	0.05717	0.10823	0.06033	0.10597	0.01168	0.02441	0.00961	0.00158	0.00137	0.00043	0.02047	0.00124	0.00100	0.07010
2	0.00218	0.00173	0.00206	0.01077	0.01602	0.02741	0.00616	0.01565	0.04098	0.01730	0.10452	0.50456	0.17552	0.02135	0.00193	0.00056	0.02021	0.02320	0.00133	0.00657
3	0.00412	0.00276	0.00392	0.07028	0.03784	0.00291	0.07209	0.12026	0.01451	0.24959	0.06674	0.04069	0.02192	0.00250	0.05453	0.00058	0.14945	0.00159	0.00916	0.07459
4	0.02645	0.05885	0.10641	0.03080	0.05846	0.07502	0.04056	0.11008	0.11418	0.26892	0.02789	0.02568	0.01723	0.00176	0.00146	0.00044	0.01391	0.00142	0.00123	0.01925
5	0.01745	0.16517	0.10324	0.02227	0.03763	0.05001	0.04058	0.12580	0.04023	0.29808	0.01169	0.03144	0.00305	0.00177	0.00668	0.00044	0.01393	0.01656	0.00119	0.01277
6	0.01316	0.00234	0.00280	0.00237	0.00305	0.00233	0.00182	0.17050	0.06248	0.31145	0.01573	0.06959	0.04503	0.18745	0.00284	0.04411	0.00125	0.01770	0.04217	0.00184
7	0.01888	0.00225	0.04200	0.11201	0.04159	0.00219	0.01182	0.03040	0.15102	0.02215	0.05886	0.40845	0.06862	0.00314	0.00166	0.00053	0.00115	0.02043	0.00124	0.00159
8	0.02153	0.02333	0.09310	0.02212	0.05924	0.06237	0.10261	0.15493	0.05687	0.24572	0.03093	0.04786	0.01117	0.01310	0.00619	0.00048	0.03617	0.00154	0.00862	0.00211
9	0.02790	0.00207	0.02734	0.00238	0.00297	0.00187	0.02735	0.00410	0.05079	0.27087	0.09909	0.29423	0.05396	0.03369	0.06140	0.00944	0.01288	0.01459	0.00139	0.00168
10	0.00376	0.00252	0.00290	0.00257	0.00328	0.00265	0.00200	0.09245	0.36662	0.17447	0.15151	0.11280	0.03609	0.02228	0.00169	0.00051	0.00110	0.01729	0.00152	0.00200
11	0.00376	0.00356	0.02786	0.02567	0.75676	0.01568	0.02717	0.03727	0.04375	0.03999	0.00300	0.00371	0.00242	0.00137	0.00145	0.00044	0.00172	0.00132	0.00082	0.00228
12	0.01496	0.07507	0.07995	0.08935	0.03155	0.03615	0.07521	0.06799	0.10406	0.15270	0.03621	0.01374	0.01586	0.03541	0.04503	0.05027	0.06558	0.00145	0.00756	0.00188
13	0.02158	0.00163	0.00203	0.00211	0.00238	0.00165	0.00151	0.02073	0.06405	0.03971	0.06636	0.48102	0.08947	0.06857	0.07451	0.00074	0.02096	0.02488	0.01475	0.00136
14	0.00202	0.00144	0.00188	0.00196	0.00208	0.00151	0.00134	0.00226	0.00242	0.00330	0.02052	0.25834	0.03030	0.34833	0.28137	0.02053	0.01580	0.00249	0.00099	0.00111
15	0.02617	0.67546	0.04784	0.02208	0.02214	0.04701	0.02510	0.02804	0.03206	0.05880	0.00248	0.00275	0.00207	0.00134	0.00107	0.00035	0.00162	0.00092	0.00076	0.00193
16	0.01332	0.02066	0.03273	0.06732	0.02159	0.03410	0.01378	0.03392	0.04071	0.06283	0.04323	0.22373	0.01349	0.07422	0.04363	0.00060	0.01751	0.03906	0.01442	0.18915

[dist]
# distance from previous block
# <min> <max>
4	81

[block]
# block no. 1 follows, 220 sequences, length 8
# corresponding to MSA columns:
# 1146-1149,1154-1157
name=unknown_B
#
# <colnr> <probs for GDERKNQSTAVLIFYWHMCP>
#	G	D	E	R	K	N	Q	S	T	A	V	L	I	F	Y	W	H	M	C	P
0	0.21364	0.01953	0.03112	0.02111	0.07192	0.06141	0.04304	0.02788	0.04377	0.06377	0.09397	0.03677	0.03161	0.01636	0.04989	0.00054	0.00147	0.03165	0.01003	0.13054
1	0.05449	0.05845	0.04447	0.02201	0.02995	0.04515	0.01466	0.24389	0.16855	0.04078	0.00480	0.19706	0.01799	0.01815	0.01782	0.00052	0.00143	0.00191	0.00123	0.01670
2	0.02660	0.03400	0.01690	0.08896	0.08071	0.03611	0.03079	0.03158	0.03644	0.04580	0.03578	0.06206	0.02617	0.00168	0.00150	0.00037	0.05361	0.00137	0.00926	0.38029
3	0.00202	0.00141	0.00180	0.00199	0.00219	0.00133	0.00138	0.00242	0.03393	0.02718	0.06639	0.62449	0.11388	0.05069	0.00221	0.03207	0.00090	0.03116	0.00133	0.00124
4	0.01476	0.13294	0.09753	0.10519	0.17935	0.03815	0.07233	0.08325	0.03731	0.08248	0.02499	0.01602	0.00269	0.00157	0.01053	0.00043	0.00170	0.00127	0.00091	0.09662
5	0.01734	0.02712	0.27063	0.04259	0.20326	0.02868	0.13742	0.08025	0.03842	0.03894	0.01385	0.01261	0.01401	0.00152	0.00156	0.00045	0.03536	0.00133	0.00084	0.03382
6	0.00180	0.00133	0.00169	0.00191	0.00209	0.00121	0.00131	0.00213	0.00305	0.00404	0.13844	0.66909	0.15817	0.00420	0.00181	0.00056	0.00080	0.00375	0.00138	0.00121
7	0.01560	0.02848	0.00280	0.00248	0.00276	0.00241	0.00195	0.00313	0.02848	0.03540	0.24513	0.06270	0.05338	0.06442	0.19477	0.00096	0.22180	0.03083	0.00109	0.00144

[dist]
# distance from previous block
# <min> <max>
5	24

[block]
# block no. 2 follows, 220 sequences, length 18
# corresponding to MSA columns:
# 1196-1208,1214-1218
name=unknown_C
#
# <colnr> <probs for GDERKNQSTAVLIFYWHMCP>
#	G	D	E	R	K	N	Q	S	T	A	V	L	I	F	Y	W	H	M	C	P
0	0.05255	0.20318	0.47351	0.02497	0.00535	0.04399	0.05819	0.04973	0.01119	0.01872	0.00273	0.03056	0.00217	0.00147	0.00130	0.00043	0.00190	0.00114	0.00073	0.01618
1	0.02678	0.00376	0.00781	0.00565	0.00702	0.00358	0.80145	0.02792	0.01804	0.03561	0.00321	0.00433	0.00248	0.00138	0.00172	0.00049	0.01391	0.03207	0.00082	0.00196
2	0.00182	0.00146	0.00163	0.00162	0.00204	0.00126	0.00120	0.00227	0.00350	0.00446	0.28061	0.09224	0.59367	0.00355	0.00173	0.00049	0.00073	0.00303	0.00142	0.00126
3	0.00249	0.00128	0.00189	0.00189	0.00191	0.00128	0.00127	0.00194	0.00196	0.00263	0.02420	0.00477	0.00291	0.03786	0.02797	0.87976	0.00132	0.00133	0.00067	0.00067
4	0.02425	0.02434	0.39096	0.02735	0.00618	0.00340	0.31343	0.02955	0.01831	0.09743	0.00320	0.02682	0.00238	0.00149	0.00158	0.00047	0.02454	0.00141	0.00083	0.00206
5	0.00329	0.00452	0.18361	0.00564	0.00719	0.00355	0.73282	0.00457	0.00334	0.00462	0.00303	0.03126	0.00235	0.00135	0.00166	0.00049	0.00235	0.00167	0.00073	0.00197
6	0.00302	0.00170	0.00216	0.00211	0.00258	0.00155	0.00158	0.02060	0.01503	0.22365	0.06599	0.40056	0.19137	0.00352	0.00172	0.00053	0.00095	0.05834	0.00147	0.00155
7	0.00320	0.10923	0.39116	0.20928	0.08051	0.05472	0.08982	0.00438	0.00316	0.00427	0.02564	0.00359	0.00230	0.00143	0.00139	0.00045	0.00201	0.01085	0.00068	0.00194
8	0.00217	0.00173	0.00252	0.17494	0.05414	0.00180	0.00211	0.00270	0.01598	0.00389	0.02086	0.51323	0.04113	0.02674	0.02356	0.00062	0.00122	0.09067	0.00116	0.01883
9	0.00278	0.00263	0.01033	0.24229	0.08437	0.00266	0.24583	0.00368	0.01856	0.02159	0.16308	0.05145	0.12355	0.01013	0.01027	0.00051	0.00163	0.00201	0.00100	0.00167
10	0.06861	0.00404	0.00316	0.00287	0.00352	0.36863	0.00219	0.03503	0.07062	0.10790	0.06139	0.12722	0.09604	0.00231	0.00159	0.00045	0.03982	0.00179	0.00113	0.00170
11	0.05778	0.16896	0.18940	0.04040	0.06838	0.11574	0.08092	0.09891	0.05172	0.08626	0.01255	0.00351	0.00243	0.00150	0.00135	0.00043	0.00744	0.00938	0.00091	0.00204
12	0.05742	0.01305	0.03124	0.02845	0.07494	0.03993	0.00822	0.07681	0.04098	0.30768	0.02052	0.01113	0.00785	0.00165	0.00144	0.01985	0.00999	0.00126	0.01679	0.23080
13	0.00289	0.00189	0.00238	0.01081	0.02513	0.00184	0.00173	0.04546	0.08124	0.12533	0.27983	0.18641	0.12164	0.03228	0.00187	0.00053	0.00098	0.07471	0.00146	0.00159
14	0.02599	0.01547	0.03183	0.09774	0.01024	0.00205	0.03604	0.06200	0.02451	0.06468	0.07762	0.37113	0.05331	0.00300	0.00160	0.00050	0.00113	0.02421	0.09541	0.00154
15	0.05308	0.17618	0.12859	0.08091	0.16479	0.11105	0.07380	0.04099	0.02140	0.04356	0.02885	0.01504	0.01071	0.00152	0.00137	0.00042	0.01312	0.00943	0.00083	0.02435
16	0.00284	0.04275	0.13573	0.05404	0.01953	0.02817	0.04574	0.01767	0.06881	0.02612	0.09477	0.09988	0.01774	0.06115	0.13718	0.01543	0.09416	0.03113	0.00551	0.00162
17	0.00255	0.00171	0.00206	0.00203	0.00234	0.00169	0.00144	0.05212	0.05492	0.06547	0.15202	0.30478	0.07319	0.21119	0.01185	0.00073	0.01042	0.01878	0.02933	0.00138

[dist]
# distance from previous block
# <min> <max>
3	3

[block]
# block no. 3 follows, 220 sequences, length 14
# corresponding to MSA columns:
# 1227-1235,1241-1245
name=unknown_D
#
# <colnr> <probs for GDERKNQSTAVLIFYWHMCP>
#	G	D	E	R	K	N	Q	S	T	A	V	L	I	F	Y	W	H	M	C	P
0	0.00217	0.00185	0.03887	0.01219	0.00254	0.01521	0.01406	0.01228	0.02180	0.02551	0.24301	0.33772	0.20440	0.04183	0.00197	0.00055	0.00095	0.02038	0.00135	0.00135
1	0.06599	0.13006	0.17062	0.05122	0.05642	0.03827	0.04662	0.09279	0.01982	0.13983	0.02502	0.02966	0.03522	0.00165	0.00138	0.00042	0.01318	0.00133	0.00101	0.07951
2	0.08468	0.05286	0.23437	0.08648	0.09853	0.02869	0.08510	0.03070	0.04414	0.06116	0.02297	0.03177	0.03205	0.02579	0.00920	0.00974	0.01248	0.01187	0.00089	0.03654
3	0.05733	0.08257	0.06158	0.01038	0.01923	0.02182	0.02171	0.03219	0.07203	0.16528	0.09299	0.21018	0.06671	0.03590	0.00177	0.01398	0.00122	0.00214	0.00125	0.02976
4	0.04804	0.03451	0.15324	0.02051	0.01598	0.02632	0.06883	0.04756	0.03705	0.10653	0.13434	0.13793	0.08907	0.01730	0.00163	0.00049	0.00137	0.02771	0.00118	0.03042
5	0.04864	0.07108	0.15761	0.04633	0.15660	0.05139	0.04975	0.10693	0.03991	0.08774	0.03596	0.03686	0.02032	0.01495	0.00156	0.00046	0.02150	0.01729	0.00099	0.03416
6	0.03907	0.33739	0.09250	0.05185	0.04022	0.08331	0.02891	0.05880	0.01745	0.05257	0.02796	0.05678	0.01484	0.00183	0.01045	0.00927	0.00998	0.02608	0.00088	0.03987
7	0.06710	0.12097	0.24657	0.02899	0.09810	0.06036	0.04412	0.06331	0.03692	0.08719	0.02422	0.03008	0.01802	0.00821	0.01163	0.00046	0.01273	0.01151	0.00092	0.02858
8	0.07328	0.21479	0.14261	0.01749	0.06114	0.02993	0.04228	0.05892	0.10247	0.07791	0.04644	0.05927	0.01105	0.01415	0.00149	0.00045	0.02239	0.01281	0.00099	0.01013
9	0.05136	0.09417	0.13501	0.02897	0.03424	0.05244	0.02624	0.07295	0.03073	0.06463	0.05626	0.17177	0.11318	0.01905	0.00164	0.01396	0.00139	0.01297	0.00923	0.00981
10	0.07929	0.04348	0.12598	0.04239	0.05976	0.03424	0.04562	0.10617	0.10644	0.06427	0.06789	0.07736	0.02010	0.01812	0.01796	0.00051	0.02514	0.01019	0.05322	0.00188
11	0.07949	0.11720	0.13029	0.03661	0.03494	0.02705	0.02134	0.07345	0.02896	0.04883	0.05509	0.24876	0.02738	0.02000	0.00156	0.00048	0.00137	0.01000	0.00763	0.02956
12	0.07702	0.10200	0.14136	0.01889	0.04292	0.05810	0.00247	0.04586	0.03351	0.02505	0.05114	0.19520	0.07629	0.03492	0.01499	0.00935	0.00878	0.02206	0.01169	0.02840
13	0.06354	0.09698	0.18851	0.02192	0.03572	0.02070	0.04471	0.11394	0.04786	0.05744	0.06158	0.04722	0.03884	0.01263	0.00152	0.00044	0.02384	0.01881	0.01167	0.09212

[dist]
# distance from previous block
# <min> <max>
25	220

[block]
# block no. 4 follows, 220 sequences, length 26
# corresponding to MSA columns:
# 1680-1690,1695-1697,1708-1717,1719,1720
name=unknown_E
#
# <colnr> <probs for GDERKNQSTAVLIFYWHMCP>
#	G	D	E	R	K	N	Q	S	T	A	V	L	I	F	Y	W	H	M	C	P
0	0.09564	0.21945	0.16690	0.15166	0.08160	0.01017	0.01856	0.03338	0.01805	0.06168	0.05025	0.00368	0.00772	0.00148	0.00126	0.00041	0.00160	0.00483	0.00085	0.07085
1	0.04554	0.05967	0.04824	0.05138	0.21254	0.04885	0.00936	0.07267	0.03123	0.02518	0.08755	0.01156	0.01438	0.00166	0.00167	0.00041	0.09241	0.00131	0.00093	0.18345
2	0.01650	0.04770	0.05596	0.00310	0.02278	0.07556	0.00254	0.32472	0.08208	0.01761	0.04174	0.07365	0.00357	0.03973	0.01972	0.01115	0.07411	0.00152	0.00114	0.08510
3	0.25029	0.06029	0.16837	0.00270	0.02886	0.01657	0.01313	0.04751	0.02895	0.05128	0.12131	0.05416	0.09118	0.00198	0.00132	0.00044	0.00130	0.00157	0.00106	0.05773
4	0.00226	0.00233	0.09536	0.00238	0.02163	0.04732	0.00189	0.00287	0.01799	0.00991	0.31556	0.40477	0.04541	0.02123	0.00182	0.00053	0.00104	0.00298	0.00131	0.00141
5	0.00407	0.54307	0.18741	0.00311	0.00441	0.22841	0.00312	0.00475	0.00325	0.00368	0.00219	0.00254	0.00186	0.00133	0.00111	0.00035	0.00192	0.00087	0.00065	0.00188
6	0.00389	0.81853	0.04523	0.00263	0.00386	0.04824	0.00262	0.01983	0.00309	0.00360	0.00228	0.00290	0.00211	0.00137	0.00102	0.00033	0.00162	0.03431	0.00067	0.00186
7	0.28298	0.16089	0.09147	0.11314	0.16820	0.02762	0.02988	0.00435	0.02224	0.02503	0.00275	0.04614	0.00233	0.00159	0.00950	0.00045	0.00158	0.00118	0.00081	0.00786
8	0.00219	0.00173	0.04190	0.00176	0.00192	0.00154	0.00116	0.00231	0.00221	0.00301	0.00437	0.00876	0.00492	0.81957	0.05232	0.00136	0.00155	0.00199	0.00086	0.04460
9	0.00234	0.00155	0.00187	0.00199	0.04729	0.00152	0.00113	0.00243	0.00233	0.04118	0.00508	0.03151	0.04777	0.79879	0.00648	0.00126	0.00137	0.00214	0.00094	0.00104
10	0.00454	0.11780	0.04330	0.04832	0.25139	0.05166	0.00335	0.43529	0.00489	0.00650	0.00295	0.00333	0.00227	0.00154	0.00143	0.00042	0.01652	0.00121	0.00104	0.00225
11	0.00207	0.00182	0.04762	0.00220	0.00259	0.00154	0.02051	0.00268	0.04563	0.01886	0.02057	0.48067	0.22635	0.00405	0.02501	0.00060	0.00106	0.09352	0.00130	0.00135
12	0.02890	0.36401	0.10107	0.02280	0.01914	0.05515	0.00998	0.16232	0.02146	0.16982	0.00310	0.00323	0.00232	0.00151	0.00133	0.00040	0.02929	0.00108	0.00100	0.00209
13	0.00365	0.38427	0.39280	0.02125	0.01857	0.05708	0.02564	0.03244	0.01857	0.02977	0.00253	0.00289	0.00198	0.00136	0.00121	0.00040	0.00188	0.00100	0.00070	0.00202
14	0.00221	0.00177	0.04211	0.00218	0.00241	0.00158	0.00171	0.00258	0.00271	0.00360	0.00605	0.08752	0.00675	0.44443	0.00448	0.00100	0.00137	0.38327	0.00110	0.00115
15	0.00411	0.06851	0.39080	0.00387	0.01393	0.41384	0.00388	0.00507	0.01247	0.00401	0.00240	0.00286	0.00189	0.00151	0.00155	0.00042	0.06528	0.00102	0.00068	0.00189
16	0.00426	0.07398	0.11126	0.16241	0.20499	0.05862	0.01771	0.06735	0.02891	0.22133	0.02243	0.01034	0.00280	0.00157	0.00141	0.00044	0.00170	0.00532	0.00103	0.00212
17	0.00276	0.04927	0.16094	0.01019	0.04675	0.01676	0.19166	0.00342	0.00275	0.00376	0.01283	0.02483	0.00379	0.36876	0.02636	0.00754	0.03144	0.02880	0.00590	0.00150
18	0.02662	0.04303	0.04842	0.00253	0.00315	0.00257	0.00206	0.10998	0.17607	0.04908	0.06842	0.31530	0.07422	0.00299	0.00174	0.00051	0.03959	0.03068	0.00132	0.00172
19	0.01018	0.28400	0.42011	0.01944	0.05737	0.01056	0.06162	0.00443	0.00308	0.03419	0.01497	0.01629	0.00235	0.00189	0.04705	0.00051	0.00197	0.00732	0.00071	0.00199
20	0.00335	0.17725	0.19435	0.03127	0.11938	0.02673	0.05609	0.01540	0.00311	0.06473	0.04497	0.03430	0.01049	0.07718	0.01907	0.03065	0.05804	0.03100	0.00085	0.00181
21	0.08051	0.00788	0.05541	0.02589	0.00358	0.05074	0.02423	0.06597	0.01484	0.27554	0.05315	0.14399	0.02404	0.05098	0.00185	0.00055	0.00135	0.11635	0.00133	0.00181
22	0.00314	0.14289	0.73455	0.00379	0.00572	0.00372	0.00471	0.04434	0.01224	0.00463	0.00289	0.00327	0.02502	0.00144	0.00133	0.00044	0.00200	0.00110	0.00068	0.00210
23	0.00402	0.13740	0.07806	0.09543	0.32416	0.03724	0.07190	0.01539	0.01385	0.16394	0.01361	0.00386	0.00259	0.02406	0.00155	0.00045	0.00819	0.00129	0.00091	0.00210
24	0.01713	0.06938	0.20904	0.14394	0.11389	0.02788	0.13916	0.00421	0.02610	0.03231	0.00791	0.03123	0.04542	0.04465	0.00177	0.00778	0.00689	0.02140	0.00081	0.04912
25	0.00929	0.27557	0.25227	0.00975	0.06469	0.06649	0.01423	0.03234	0.01348	0.04474	0.00761	0.08541	0.00309	0.01262	0.00905	0.00045	0.00958	0.04156	0.00084	0.04696

[dist]
# distance from previous block
# <min> <max>
7	80

[block]
# block no. 5 follows, 220 sequences, length 7
# corresponding to MSA columns:
# 1819-1825
name=unknown_F
#
# <colnr> <probs for GDERKNQSTAVLIFYWHMCP>
#	G	D	E	R	K	N	Q	S	T	A	V	L	I	F	Y	W	H	M	C	P
0	0.03660	0.42372	0.02384	0.00285	0.03458	0.08955	0.03150	0.00424	0.02937	0.02209	0.03633	0.05447	0.00313	0.03432	0.01670	0.00043	0.01121	0.01813	0.00083	0.12613
1	0.05580	0.02347	0.02584	0.00249	0.01229	0.02472	0.03101	0.02404	0.09385	0.02310	0.06773	0.14453	0.03022	0.12288	0.24202	0.00108	0.00193	0.05201	0.00108	0.01994
2	0.02304	0.02093	0.00201	0.00200	0.03288	0.01852	0.00122	0.02053	0.00248	0.00335	0.03821	0.10097	0.02545	0.65969	0.04182	0.00120	0.00144	0.00221	0.00096	0.00108
3	0.26322	0.02982	0.21387	0.03062	0.04959	0.02995	0.07813	0.08911	0.02511	0.10069	0.02408	0.00357	0.00247	0.00152	0.00133	0.00045	0.01193	0.01159	0.00097	0.03197
4	0.03646	0.47383	0.13244	0.00283	0.00406	0.06573	0.03039	0.01927	0.01887	0.04061	0.00304	0.02243	0.02554	0.02198	0.00129	0.00039	0.00162	0.02326	0.00079	0.07517
5	0.08636	0.11803	0.04811	0.00266	0.05466	0.03190	0.01675	0.01537	0.01830	0.02820	0.12197	0.11569	0.14512	0.04410	0.00175	0.00050	0.00122	0.08957	0.00112	0.05862
6	0.05119	0.33138	0.08186	0.01309	0.03312	0.02129	0.01084	0.03607	0.01426	0.09185	0.01297	0.06675	0.04074	0.01130	0.02840	0.00044	0.00149	0.01075	0.00093	0.14127

[dist]
# distance from previous block
# <min> <max>
3	104

[block]
# block no. 6 follows, 220 sequences, length 17
# corresponding to MSA columns:
# 1947-1951,1959,1968,1972-1981
name=unknown_G
#
# <colnr> <probs for GDERKNQSTAVLIFYWHMCP>
#	G	D	E	R	K	N	Q	S	T	A	V	L	I	F	Y	W	H	M	C	P
0	0.06536	0.01777	0.03871	0.00285	0.00388	0.03399	0.01196	0.30822	0.11509	0.21460	0.06421	0.00489	0.03504	0.01206	0.00148	0.00045	0.00138	0.00994	0.00139	0.05673
1	0.06844	0.04859	0.08550	0.30202	0.00609	0.22044	0.02366	0.04890	0.03795	0.06259	0.03343	0.01717	0.00270	0.00170	0.00871	0.00046	0.01621	0.01276	0.00088	0.00179
2	0.03945	0.36340	0.20611	0.00330	0.01851	0.25934	0.01563	0.01169	0.00338	0.02860	0.02573	0.01399	0.00230	0.00145	0.00120	0.00038	0.00193	0.00101	0.00074	0.00187
3	0.00222	0.00155	0.00193	0.00198	0.00237	0.00139	0.00148	0.00263	0.00320	0.05700	0.09527	0.34687	0.25575	0.02152	0.01567	0.00057	0.00096	0.12619	0.00135	0.06011
4	0.00302	0.00268	0.00408	0.10657	0.31551	0.00290	0.02751	0.01074	0.14056	0.00444	0.00422	0.03532	0.00393	0.07816	0.09109	0.00075	0.04495	0.12083	0.00094	0.00182
5	0.00222	0.00158	0.00231	0.00229	0.00256	0.00180	0.00176	0.00271	0.00238	0.03385	0.00400	0.00597	0.00376	0.07990	0.84337	0.00221	0.00362	0.00160	0.00082	0.00131
6	0.02727	0.07134	0.07147	0.03679	0.42713	0.07131	0.02443	0.05421	0.01626	0.17439	0.00325	0.00365	0.00245	0.00144	0.00139	0.00043	0.00171	0.00125	0.00096	0.00889
7	0.00385	0.85200	0.05886	0.00268	0.00395	0.02542	0.01615	0.00439	0.00298	0.00351	0.00207	0.00241	0.00187	0.00127	0.00103	0.00033	0.01392	0.00082	0.00063	0.00188
8	0.00211	0.00142	0.00166	0.00166	0.00169	0.00145	0.00097	0.00216	0.00214	0.00287	0.00451	0.00914	0.00512	0.85615	0.09994	0.00150	0.00166	0.00206	0.00087	0.00092
9	0.00213	0.00141	0.00161	0.00161	0.00162	0.00141	0.00092	0.00212	0.00211	0.00282	0.00450	0.00925	0.00515	0.89511	0.02945	0.03349	0.00146	0.00207	0.00087	0.00088
10	0.10019	0.36704	0.09560	0.00315	0.07140	0.03015	0.01188	0.04135	0.01246	0.17606	0.01332	0.03998	0.00276	0.00159	0.00121	0.00040	0.00151	0.01498	0.00097	0.01397
11	0.01222	0.03167	0.03953	0.00267	0.03417	0.04153	0.01396	0.03287	0.02083	0.10105	0.01624	0.01027	0.00254	0.00129	0.00119	0.00029	0.00126	0.00103	0.00097	0.63443
12	0.01330	0.03195	0.04237	0.03094	0.00346	0.00212	0.00192	0.03237	0.01403	0.02988	0.21396	0.02036	0.02865	0.00171	0.00129	0.00032	0.00108	0.00143	0.00107	0.52779
13	0.03845	0.16309	0.14012	0.09321	0.09881	0.02412	0.01594	0.03727	0.01560	0.10693	0.02648	0.00383	0.02240	0.00150	0.00134	0.00039	0.01853	0.00909	0.00091	0.18198
14	0.17582	0.10014	0.05399	0.16329	0.11983	0.02927	0.04229	0.10138	0.03134	0.04074	0.00340	0.04851	0.02836	0.01439	0.01950	0.00049	0.00830	0.00136	0.00092	0.01668
15	0.01993	0.07373	0.15719	0.03561	0.17216	0.05091	0.03537	0.09767	0.01777	0.10908	0.02850	0.04861	0.02097	0.01061	0.01627	0.01248	0.01625	0.02325	0.00732	0.04632
16	0.07385	0.09597	0.10292	0.03672	0.08689	0.05829	0.01434	0.10377	0.03921	0.13131	0.04328	0.05259	0.00951	0.00816	0.03300	0.00905	0.00158	0.00821	0.01178	0.07958

[dist]
# distance from previous block
# <min> <max>
18	202

[block]
# block no. 7 follows, 220 sequences, length 24
# corresponding to MSA columns:
# 2343-2366
name=unknown_H
#
# <colnr> <probs for GDERKNQSTAVLIFYWHMCP>
#	G	D	E	R	K	N	Q	S	T	A	V	L	I	F	Y	W	H	M	C	P
0	0.02677	0.03586	0.33433	0.01008	0.09828	0.02521	0.05566	0.17024	0.01959	0.11088	0.05686	0.00389	0.00295	0.00156	0.00141	0.00044	0.00174	0.00129	0.00101	0.04196
1	0.08350	0.06530	0.09362	0.13825	0.08003	0.08810	0.02915	0.07401	0.02442	0.03949	0.07920	0.02743	0.06812	0.00788	0.00150	0.00044	0.02340	0.00980	0.00097	0.06539
2	0.00277	0.00248	0.01398	0.12947	0.36015	0.00247	0.03481	0.00343	0.00310	0.01905	0.01328	0.32895	0.02512	0.00265	0.00163	0.00051	0.00142	0.05199	0.00100	0.00173
3	0.00537	0.00400	0.00428	0.00331	0.00445	0.00444	0.00273	0.86044	0.08164	0.00891	0.00369	0.00365	0.00263	0.00176	0.00146	0.00044	0.00156	0.00134	0.00146	0.00246
4	0.04434	0.00360	0.01497	0.05969	0.07029	0.07053	0.00270	0.31113	0.21702	0.14799	0.01725	0.00416	0.00311	0.00172	0.00142	0.00045	0.00151	0.00136	0.00132	0.02546
5	0.00257	0.00221	0.00291	0.00263	0.00269	0.01252	0.01234	0.00278	0.00223	0.00319	0.00344	0.01595	0.00373	0.43359	0.12009	0.00119	0.37221	0.00172	0.00077	0.00123
6	0.01815	0.00687	0.79498	0.00433	0.02333	0.00336	0.09087	0.00460	0.00312	0.01522	0.00276	0.00342	0.00202	0.00142	0.00142	0.00047	0.00213	0.01876	0.00066	0.00211
7	0.02659	0.00328	0.03677	0.22449	0.55480	0.00329	0.03005	0.02182	0.00945	0.03345	0.00310	0.02972	0.01381	0.00148	0.00145	0.00045	0.00174	0.00139	0.00078	0.00208
8	0.00296	0.00955	0.02894	0.72255	0.06299	0.02047	0.07017	0.00397	0.02071	0.01193	0.00269	0.00384	0.00204	0.00150	0.00157	0.01222	0.01820	0.00131	0.00068	0.00170
9	0.00329	0.00346	0.03915	0.04978	0.02868	0.00320	0.58842	0.04667	0.00350	0.02881	0.01106	0.10132	0.00359	0.00187	0.00171	0.00051	0.00206	0.08015	0.00091	0.00186
10	0.00417	0.01510	0.31833	0.01851	0.08270	0.01078	0.05321	0.02643	0.01534	0.31436	0.02338	0.08647	0.00353	0.00187	0.00151	0.00047	0.00795	0.01261	0.00115	0.00214
11	0.00388	0.01163	0.06940	0.11880	0.50148	0.01548	0.01706	0.03379	0.01137	0.14581	0.01389	0.02202	0.02051	0.00156	0.00146	0.00045	0.00167	0.00665	0.00093	0.00217
12	0.00201	0.00143	0.00187	0.00213	0.00236	0.00134	0.00160	0.00241	0.00307	0.02091	0.03925	0.53511	0.12770	0.00420	0.00187	0.00059	0.00096	0.24858	0.00136	0.00126
13	0.01631	0.01348	0.00480	0.09985	0.09992	0.08016	0.15715	0.19224	0.05242	0.21474	0.00395	0.04502	0.00300	0.00172	0.00150	0.00046	0.00173	0.00828	0.00118	0.00213
14	0.01847	0.05840	0.34981	0.04620	0.17273	0.00348	0.09129	0.08888	0.02094	0.12123	0.00320	0.00368	0.00235	0.00147	0.00142	0.00045	0.00185	0.01106	0.00090	0.00217
15	0.00331	0.00436	0.22238	0.09741	0.25544	0.01367	0.27028	0.01001	0.02616	0.02072	0.01094	0.01530	0.00259	0.00149	0.00156	0.00047	0.00838	0.03272	0.00077	0.00204
16	0.00180	0.00153	0.00155	0.00155	0.00204	0.00132	0.00117	0.00230	0.03481	0.00404	0.03216	0.01367	0.87786	0.00361	0.00171	0.00049	0.00076	0.01499	0.00136	0.00127
17	0.01064	0.05926	0.13150	0.20112	0.14509	0.01357	0.08870	0.05255	0.03237	0.21604	0.01267	0.00410	0.00882	0.00155	0.00147	0.00045	0.00953	0.00748	0.00101	0.00209
18	0.00384	0.08252	0.23797	0.11120	0.15003	0.02982	0.09415	0.11554	0.03854	0.08997	0.02009	0.01420	0.00259	0.00152	0.00142	0.00045	0.00183	0.00131	0.00092	0.00211
19	0.00182	0.00131	0.00173	0.00204	0.00215	0.00123	0.00140	0.00210	0.00283	0.00375	0.01710	0.81904	0.04173	0.02212	0.01816	0.00064	0.00093	0.05741	0.00133	0.00119
20	0.00294	0.00732	0.89438	0.00419	0.00627	0.00341	0.02951	0.00458	0.00306	0.00458	0.00260	0.00309	0.00185	0.00141	0.00147	0.00047	0.02504	0.00110	0.00062	0.00213
21	0.01103	0.06670	0.16040	0.04837	0.23163	0.04915	0.05533	0.07781	0.03034	0.20152	0.00361	0.01858	0.00274	0.00161	0.00147	0.00045	0.01364	0.02244	0.00102	0.00216
22	0.01895	0.02782	0.51513	0.00382	0.02176	0.02764	0.06609	0.03898	0.02413	0.21511	0.00894	0.00916	0.01280	0.00154	0.00142	0.00045	0.00187	0.00126	0.00097	0.00218
23	0.00504	0.00432	0.00348	0.00306	0.00383	0.42198	0.00998	0.04615	0.00404	0.28767	0.03594	0.12882	0.01092	0.00213	0.00147	0.00044	0.00181	0.02581	0.00123	0.00187

[dist]
# distance from previous block
# <min> <max>
2	2

[block]
# block no. 8 follows, 220 sequences, length 55
# corresponding to MSA columns:
# 2373-2395,2399-2408,2412-2416,2453-2468,2478
name=unknown_I
#
# <colnr> <probs for GDERKNQSTAVLIFYWHMCP>
#	G	D	E	R	K	N	Q	S	T	A	V	L	I	F	Y	W	H	M	C	P
0	0.01154	0.04111	0.31662	0.01462	0.37199	0.01473	0.04328	0.01413	0.01792	0.04981	0.01374	0.00350	0.00233	0.00137	0.00138	0.00042	0.00180	0.00121	0.00078	0.07773
1	0.00347	0.00330	0.00559	0.18226	0.75322	0.00343	0.00436	0.01868	0.00329	0.00463	0.00272	0.00365	0.00224	0.00133	0.00144	0.00044	0.00176	0.00129	0.00072	0.00218
2	0.03051	0.21375	0.11052	0.00336	0.09648	0.02254	0.02199	0.05793	0.01051	0.03767	0.00263	0.00304	0.00213	0.00130	0.00126	0.00033	0.02517	0.00099	0.00083	0.35706
3	0.00253	0.00126	0.00189	0.00189	0.00189	0.00126	0.00126	0.00189	0.00189	0.00253	0.00253	0.00442	0.00253	0.00505	0.00568	0.95770	0.00126	0.00126	0.00063	0.00063
4	0.01106	0.00321	0.00522	0.00406	0.00509	0.00330	0.36199	0.01403	0.35665	0.08766	0.06151	0.00550	0.02404	0.00182	0.00168	0.00049	0.02407	0.02537	0.00120	0.00206
5	0.00191	0.00137	0.00182	0.00212	0.00226	0.00131	0.00150	0.00229	0.01932	0.00386	0.02474	0.73699	0.00925	0.03913	0.00207	0.00063	0.00094	0.14594	0.00134	0.00122
6	0.00909	0.00292	0.00400	0.05434	0.16509	0.01748	0.06459	0.20394	0.08708	0.07179	0.04104	0.07406	0.03998	0.00233	0.00161	0.00050	0.00148	0.15550	0.00122	0.00196
7	0.95918	0.00281	0.00214	0.00191	0.00281	0.00326	0.00157	0.00427	0.00247	0.00652	0.00202	0.00236	0.00157	0.00135	0.00090	0.00045	0.00112	0.00079	0.00090	0.00157
8	0.00292	0.00752	0.94138	0.00414	0.00629	0.00338	0.00537	0.00460	0.00307	0.00460	0.00261	0.00307	0.00184	0.00138	0.00138	0.00046	0.00215	0.00107	0.00061	0.00215
9	0.00415	0.00201	0.00264	0.00221	0.00293	0.00181	0.00175	0.01297	0.03502	0.42906	0.43945	0.00807	0.04685	0.00243	0.00159	0.00046	0.00096	0.00207	0.00167	0.00191
10	0.03891	0.01413	0.00396	0.11543	0.08083	0.03944	0.01922	0.23493	0.32434	0.06023	0.03107	0.00891	0.01518	0.00180	0.00145	0.00046	0.00147	0.00482	0.00126	0.00216
11	0.14881	0.00289	0.00339	0.00266	0.00374	0.00288	0.00219	0.21405	0.03865	0.54605	0.01705	0.00433	0.00321	0.00174	0.00138	0.00045	0.00129	0.00135	0.00157	0.00232
12	0.02709	0.01697	0.01379	0.14448	0.22178	0.00336	0.24286	0.08217	0.05461	0.08874	0.03074	0.01222	0.00283	0.00154	0.00445	0.00046	0.01394	0.00147	0.00095	0.03554
13	0.00430	0.22960	0.06235	0.01204	0.20382	0.02341	0.03481	0.12415	0.10006	0.14840	0.02057	0.00391	0.00287	0.00157	0.00138	0.00042	0.01115	0.01196	0.00105	0.00217
14	0.00275	0.00258	0.00436	0.94541	0.01001	0.00323	0.00404	0.00371	0.00291	0.00371	0.00258	0.00388	0.00194	0.00145	0.00145	0.00048	0.00194	0.00129	0.00065	0.00161
15	0.00302	0.02563	0.00310	0.00215	0.00342	0.00202	0.00173	0.00365	0.00300	0.00467	0.00260	0.00311	0.00220	0.01675	0.00118	0.00024	0.00109	0.00088	0.00086	0.91870
16	0.00286	0.02488	0.31616	0.01809	0.05282	0.00275	0.07659	0.03481	0.02130	0.02861	0.18300	0.07901	0.06231	0.00950	0.00175	0.00049	0.04369	0.03855	0.00103	0.00180
17	0.02219	0.07760	0.00435	0.00362	0.00440	0.84894	0.00277	0.00565	0.00399	0.00360	0.00222	0.00260	0.00187	0.00148	0.00130	0.00037	0.00969	0.00092	0.00074	0.00170
18	0.00550	0.00401	0.00431	0.00332	0.00447	0.00443	0.00274	0.88967	0.02942	0.03192	0.00360	0.00357	0.00255	0.00175	0.00146	0.00044	0.00158	0.00132	0.00146	0.00247
19	0.00200	0.00134	0.00180	0.00209	0.00223	0.00125	0.00145	0.00229	0.00288	0.04047	0.00799	0.83280	0.02162	0.00440	0.00185	0.00059	0.00089	0.06945	0.00137	0.00124
20	0.00177	0.00127	0.00168	0.00201	0.00210	0.00118	0.00134	0.00203	0.00280	0.00372	0.00822	0.91888	0.03856	0.00453	0.00185	0.00059	0.00084	0.00410	0.00135	0.00118
21	0.00854	0.05026	0.76631	0.00404	0.00601	0.02010	0.04730	0.01634	0.01655	0.04735	0.00279	0.00319	0.00198	0.00140	0.00138	0.00045	0.00208	0.00111	0.00070	0.00214
22	0.00301	0.02969	0.76176	0.00399	0.00589	0.01180	0.04563	0.00465	0.04057	0.01817	0.02526	0.01515	0.01332	0.00154	0.00141	0.00046	0.00202	0.01286	0.00072	0.00209
23	0.01341	0.61221	0.01894	0.00269	0.00373	0.02162	0.00250	0.03898	0.14070	0.01194	0.04224	0.00354	0.00290	0.00159	0.00134	0.00038	0.05999	0.01854	0.00085	0.00191
24	0.00186	0.00135	0.00177	0.00200	0.00217	0.00125	0.00139	0.00221	0.00306	0.00412	0.16332	0.69249	0.05532	0.00418	0.00182	0.00056	0.00084	0.04572	0.00138	0.01321
25	0.00325	0.29526	0.40893	0.00335	0.00480	0.00386	0.04139	0.01808	0.00977	0.03141	0.01820	0.09561	0.00837	0.00794	0.00149	0.00044	0.03964	0.00550	0.00077	0.00192
26	0.00211	0.00142	0.00164	0.00164	0.00168	0.00142	0.00096	0.00215	0.00220	0.00294	0.02477	0.00935	0.03395	0.82550	0.06311	0.01971	0.00152	0.00210	0.00090	0.00092
27	0.00334	0.34273	0.56698	0.00349	0.00526	0.00421	0.00420	0.02598	0.00313	0.01223	0.00261	0.00298	0.01426	0.00137	0.00123	0.00041	0.00190	0.00100	0.00066	0.00205
28	0.00310	0.00299	0.00483	0.29511	0.00625	0.01642	0.17352	0.01391	0.03902	0.01747	0.00287	0.02029	0.00249	0.05254	0.02908	0.00063	0.30157	0.00580	0.00075	0.01135
29	0.05760	0.00277	0.01856	0.00257	0.00348	0.04224	0.00210	0.05397	0.18161	0.41476	0.11868	0.00624	0.06363	0.00210	0.00149	0.00046	0.00121	0.02287	0.00154	0.00212
30	0.26930	0.00286	0.00311	0.00268	0.01581	0.03120	0.03945	0.16144	0.07642	0.14046	0.15022	0.01133	0.02069	0.00202	0.00139	0.00047	0.00126	0.06337	0.00464	0.00188
31	0.00330	0.00308	0.00521	0.37840	0.54555	0.00332	0.00422	0.00420	0.00316	0.01868	0.00272	0.00372	0.00218	0.00136	0.00144	0.00045	0.00179	0.00129	0.00071	0.01522
32	0.00630	0.00237	0.00308	0.03653	0.02307	0.00667	0.02779	0.01216	0.01795	0.09739	0.07898	0.00704	0.01769	0.00204	0.00145	0.00039	0.00601	0.20590	0.00112	0.44605
33	0.00404	0.01523	0.02070	0.00235	0.01544	0.00194	0.00187	0.00487	0.05512	0.38961	0.39758	0.01821	0.04159	0.00236	0.00157	0.00045	0.00100	0.00202	0.00160	0.02244
34	0.01126	0.00257	0.00299	0.00215	0.00343	0.00194	0.00172	0.00365	0.00301	0.00474	0.00263	0.01165	0.00222	0.00111	0.00108	0.00022	0.00107	0.00089	0.00087	0.94079
35	0.00266	0.00189	0.02617	0.00206	0.00259	0.00626	0.01543	0.01353	0.02973	0.11013	0.64126	0.02651	0.10625	0.00282	0.00167	0.00046	0.00085	0.00246	0.00154	0.00573
36	0.00211	0.00167	0.00188	0.00175	0.00229	0.01149	0.02153	0.00259	0.00873	0.04187	0.16301	0.01243	0.66998	0.00333	0.00169	0.00048	0.00083	0.01981	0.00137	0.03115
37	0.00366	0.00315	0.00331	0.00297	0.00380	0.00364	0.00231	0.03023	0.91463	0.00616	0.00586	0.00538	0.00439	0.00197	0.00148	0.00049	0.00116	0.00164	0.00148	0.00231
38	0.01034	0.02319	0.60894	0.00414	0.02684	0.03417	0.10225	0.03060	0.01943	0.09934	0.00697	0.00355	0.01407	0.00146	0.00142	0.00045	0.00201	0.00122	0.00081	0.00879
39	0.00966	0.01919	0.83306	0.00426	0.01665	0.00343	0.06313	0.01828	0.00315	0.01224	0.00266	0.00314	0.00189	0.00138	0.00140	0.00046	0.00213	0.00112	0.00065	0.00214
40	0.00331	0.01827	0.00313	0.01155	0.04717	0.00290	0.00217	0.04587	0.46002	0.05032	0.25236	0.01949	0.02441	0.00231	0.00163	0.00048	0.02199	0.02919	0.00144	0.00198
41	0.00387	0.01218	0.00347	0.00296	0.00381	0.02733	0.01231	0.19712	0.59861	0.00652	0.07860	0.00566	0.02810	0.00204	0.00150	0.00048	0.00125	0.01056	0.00144	0.00220
42	0.00302	0.01521	0.27349	0.02030	0.04818	0.04771	0.10702	0.02737	0.00321	0.05480	0.02995	0.22531	0.01837	0.06396	0.00204	0.00056	0.02446	0.03233	0.00098	0.00174
43	0.04839	0.10727	0.08228	0.00935	0.02101	0.04564	0.21896	0.24991	0.11890	0.03445	0.01501	0.02251	0.00277	0.00161	0.00148	0.00045	0.01544	0.00140	0.00106	0.00210
44	0.00176	0.00133	0.00163	0.00187	0.00208	0.00120	0.00129	0.00205	0.00294	0.00378	0.00996	0.66471	0.27966	0.00429	0.00182	0.00056	0.00082	0.01568	0.00135	0.00120
45	0.00302	0.04475	0.88644	0.00405	0.00614	0.00345	0.00520	0.00464	0.00309	0.02247	0.00265	0.00308	0.00188	0.00138	0.00136	0.00045	0.00211	0.00107	0.00064	0.00214
46	0.00405	0.48999	0.24368	0.00307	0.00451	0.01742	0.03016	0.01788	0.03207	0.14047	0.00288	0.00306	0.00221	0.00139	0.00118	0.00038	0.00169	0.00102	0.00083	0.00205
47	0.00193	0.00153	0.00191	0.05537	0.01355	0.00144	0.00157	0.00238	0.00982	0.00398	0.04300	0.30912	0.40034	0.01630	0.00186	0.00056	0.00094	0.13182	0.00130	0.00127
48	0.00173	0.00147	0.00149	0.00148	0.00197	0.00123	0.00111	0.00211	0.00334	0.00399	0.04543	0.01389	0.90851	0.00366	0.00172	0.00049	0.00073	0.00305	0.00136	0.00123
49	0.00344	0.00328	0.00555	0.10483	0.79829	0.00334	0.00427	0.00432	0.01125	0.00462	0.00312	0.01446	0.02461	0.00143	0.00146	0.00044	0.00171	0.00666	0.00074	0.00219
50	0.00351	0.01121	0.00625	0.31436	0.15660	0.00342	0.37776	0.02595	0.01131	0.07078	0.00302	0.00392	0.00225	0.00137	0.00155	0.00047	0.00204	0.00147	0.00080	0.00195
51	0.00275	0.00258	0.00436	0.94541	0.01001	0.00323	0.00404	0.00371	0.00291	0.00371	0.00258	0.00388	0.00194	0.00145	0.00145	0.00048	0.00194	0.00129	0.00065	0.00161
52	0.00174	0.00147	0.00150	0.00150	0.00198	0.00123	0.00112	0.00212	0.00335	0.00403	0.06540	0.02340	0.87890	0.00365	0.00172	0.00049	0.00073	0.00306	0.00136	0.00123
53	0.00270	0.00207	0.00306	0.06637	0.22816	0.00204	0.00235	0.01870	0.01973	0.06713	0.04590	0.43118	0.08338	0.01031	0.00172	0.00052	0.00117	0.01070	0.00119	0.00162
54	0.00437	0.48882	0.18470	0.00297	0.01283	0.04915	0.00301	0.03482	0.00341	0.19904	0.00297	0.00308	0.00225	0.00141	0.00117	0.00038	0.00166	0.00101	0.00090	0.00206

[dist]
# distance from previous block
# <min> <max>
0	2

[block]
# block no. 9 follows, 220 sequences, length 11
# corresponding to MSA columns:
# 2481-2491
name=unknown_J
#
# <colnr> <probs for GDERKNQSTAVLIFYWHMCP>
#	G	D	E	R	K	N	Q	S	T	A	V	L	I	F	Y	W	H	M	C	P
0	0.18191	0.04000	0.12521	0.10996	0.06312	0.10001	0.18121	0.10440	0.00351	0.02527	0.00272	0.00344	0.00212	0.03186	0.00161	0.00048	0.01921	0.00123	0.00084	0.00189
1	0.00410	0.09422	0.20281	0.09275	0.04249	0.11097	0.06332	0.04758	0.01508	0.18951	0.03798	0.03503	0.01308	0.00174	0.00153	0.00045	0.03116	0.01320	0.00101	0.00200
2	0.00219	0.00138	0.00169	0.00170	0.00172	0.00139	0.00102	0.00209	0.00210	0.00282	0.00424	0.03789	0.00478	0.67925	0.05466	0.19592	0.00149	0.00198	0.00084	0.00086
3	0.00399	0.81037	0.00739	0.00281	0.00404	0.05901	0.06100	0.03036	0.00316	0.00367	0.00213	0.00248	0.00190	0.00127	0.00102	0.00033	0.00167	0.00086	0.00066	0.00188
4	0.00373	0.66942	0.20621	0.00298	0.00439	0.04259	0.02251	0.00455	0.02513	0.00377	0.00227	0.00261	0.00193	0.00130	0.00107	0.00035	0.00173	0.00089	0.00065	0.00193
5	0.00199	0.00146	0.00186	0.00181	0.00214	0.00134	0.00134	0.00260	0.00390	0.00541	0.74563	0.09761	0.12109	0.00320	0.00173	0.00047	0.00071	0.00282	0.00155	0.00134
6	0.00237	0.00281	0.16940	0.03579	0.02165	0.00198	0.04112	0.00327	0.02245	0.01607	0.41335	0.04917	0.15753	0.00276	0.01956	0.00050	0.00119	0.00226	0.00125	0.03552
7	0.00298	0.00271	0.00440	0.64320	0.16871	0.00306	0.00376	0.00387	0.00301	0.02213	0.00278	0.02201	0.00221	0.00145	0.00142	0.00045	0.00177	0.00130	0.00072	0.10808
8	0.00319	0.00287	0.00480	0.40281	0.37092	0.00308	0.03471	0.00406	0.00319	0.04170	0.03843	0.01682	0.03433	0.00156	0.00147	0.00045	0.00172	0.00145	0.00080	0.03165
9	0.00305	0.00360	0.21222	0.38851	0.02116	0.00298	0.01496	0.04191	0.05290	0.06040	0.04473	0.04464	0.03234	0.00231	0.05479	0.00059	0.01469	0.00153	0.00089	0.00181
10	0.01847	0.02979	0.07308	0.01228	0.25923	0.01112	0.02762	0.03761	0.03236	0.03633	0.01642	0.01958	0.00258	0.00134	0.00127	0.00034	0.00142	0.00116	0.00088	0.41710

[dist]
# distance from previous block
# <min> <max>
17	29

[block]
# block no. 10 follows, 220 sequences, length 18
# corresponding to MSA columns:
# 2529-2546
name=unknown_K
#
# <colnr> <probs for GDERKNQSTAVLIFYWHMCP>
#	G	D	E	R	K	N	Q	S	T	A	V	L	I	F	Y	W	H	M	C	P
0	0.03437	0.02224	0.02649	0.05386	0.44665	0.03599	0.12509	0.10351	0.01580	0.08432	0.01666	0.00376	0.00253	0.00142	0.00144	0.00044	0.00176	0.00134	0.00092	0.02140
1	0.00298	0.00328	0.08824	0.04976	0.29818	0.00287	0.23570	0.01858	0.00324	0.00449	0.02645	0.24314	0.00440	0.00219	0.00162	0.00049	0.00170	0.00993	0.00091	0.00186
2	0.30472	0.00373	0.00366	0.00290	0.00398	0.02275	0.00239	0.62454	0.00541	0.00822	0.00301	0.00312	0.00218	0.00162	0.00128	0.00044	0.00147	0.00114	0.00127	0.00218
3	0.00177	0.00127	0.00169	0.00202	0.00211	0.00118	0.00135	0.00202	0.00278	0.00371	0.00801	0.94796	0.00962	0.00455	0.00186	0.00059	0.00084	0.00413	0.00135	0.00118
4	0.13875	0.00258	0.00324	0.00252	0.00361	0.00237	0.00208	0.03818	0.00402	0.77952	0.00514	0.00454	0.00328	0.00174	0.00138	0.00045	0.00123	0.00136	0.00166	0.00235
5	0.00330	0.14901	0.58213	0.00427	0.02480	0.00380	0.15904	0.03285	0.00325	0.02060	0.00266	0.00316	0.00196	0.00135	0.00137	0.00044	0.00207	0.00115	0.00068	0.00209
6	0.00198	0.00212	0.10189	0.00203	0.00257	0.00156	0.00175	0.00254	0.00334	0.00438	0.21454	0.19569	0.40470	0.00344	0.00178	0.00051	0.01908	0.03343	0.00131	0.00136
7	0.00207	0.00155	0.00231	0.00232	0.00258	0.00179	0.00180	0.00257	0.00235	0.00339	0.00405	0.04153	0.00386	0.01066	0.90736	0.00227	0.00378	0.00166	0.00080	0.00129
8	0.00330	0.00690	0.81939	0.00403	0.00606	0.00326	0.02953	0.00486	0.00319	0.10182	0.00294	0.00329	0.00203	0.00142	0.00140	0.00046	0.00206	0.00113	0.00074	0.00218
9	0.00366	0.26034	0.21859	0.02228	0.12663	0.04452	0.23986	0.01732	0.01749	0.03224	0.00269	0.00325	0.00210	0.00133	0.00136	0.00042	0.00198	0.00121	0.00073	0.00203
10	0.00330	0.16861	0.68215	0.00388	0.00577	0.01830	0.04829	0.00469	0.00313	0.04522	0.00265	0.00306	0.00194	0.00137	0.00132	0.00043	0.00203	0.00107	0.00067	0.00210
11	0.00249	0.00197	0.00271	0.00253	0.00274	0.00239	0.00196	0.03490	0.00246	0.01585	0.00376	0.00591	0.01570	0.18530	0.51188	0.00169	0.20202	0.00161	0.00081	0.00134
12	0.00271	0.00826	0.00320	0.03549	0.04748	0.01734	0.10549	0.05176	0.07772	0.02943	0.12554	0.30215	0.06570	0.04565	0.00197	0.00056	0.00125	0.07550	0.00125	0.00156
13	0.04054	0.01856	0.05137	0.10018	0.47339	0.02484	0.02706	0.01584	0.04134	0.11967	0.01218	0.02981	0.00280	0.00153	0.00142	0.00044	0.00163	0.00139	0.03388	0.00212
14	0.00997	0.02262	0.06131	0.03745	0.11992	0.09123	0.22564	0.01596	0.02194	0.17265	0.02505	0.11705	0.00374	0.03453	0.00174	0.00050	0.00175	0.00879	0.00104	0.02712
15	0.01169	0.02459	0.00417	0.06310	0.03342	0.08635	0.09661	0.08320	0.28867	0.16032	0.05979	0.01215	0.02076	0.00187	0.00164	0.00047	0.04630	0.00156	0.00125	0.00208
16	0.08423	0.14293	0.05133	0.00888	0.01640	0.13507	0.22055	0.09218	0.05282	0.07445	0.01822	0.01399	0.00277	0.00159	0.00142	0.00043	0.01080	0.03605	0.00096	0.03490
17	0.18736	0.02034	0.03494	0.01742	0.07025	0.03045	0.17151	0.05755	0.03664	0.04426	0.00836	0.02048	0.02050	0.03411	0.00150	0.00043	0.00152	0.00128	0.00093	0.24016

[dist]
# distance from previous block
# <min> <max>
3	65

[block]
# block no. 11 follows, 220 sequences, length 39
# corresponding to MSA columns:
# 2627-2645,2663-2665,2668-2677,2685-2689,2708,2711
name=unknown_L
#
# <colnr> <probs for GDERKNQSTAVLIFYWHMCP>
#	G	D	E	R	K	N	Q	S	T	A	V	L	I	F	Y	W	H	M	C	P
0	0.00253	0.02156	0.23428	0.00310	0.05043	0.00222	0.03235	0.01942	0.04848	0.02801	0.05359	0.46104	0.02428	0.00309	0.00165	0.00052	0.00131	0.00939	0.00114	0.00163
1	0.02209	0.06814	0.12805	0.08283	0.21555	0.20093	0.07705	0.01344	0.03750	0.08331	0.02214	0.00387	0.02802	0.00152	0.00140	0.00043	0.00191	0.00128	0.00087	0.00967
2	0.01321	0.01467	0.07758	0.06515	0.39936	0.01999	0.03044	0.00916	0.00924	0.10665	0.00691	0.00994	0.00250	0.00138	0.00136	0.00039	0.00158	0.01052	0.00088	0.21908
3	0.00363	0.05874	0.43858	0.00442	0.11569	0.00328	0.10449	0.04363	0.01057	0.12905	0.03160	0.04365	0.00290	0.00160	0.00144	0.00046	0.00185	0.00139	0.00090	0.00212
4	0.00313	0.00359	0.10162	0.06085	0.02067	0.00808	0.04149	0.00372	0.01107	0.00373	0.00218	0.00334	0.00200	0.00245	0.02511	0.00063	0.69511	0.00128	0.00827	0.00168
5	0.01983	0.08778	0.17672	0.06103	0.15356	0.03517	0.06416	0.01859	0.01939	0.13520	0.13655	0.05086	0.02233	0.00187	0.00148	0.00045	0.00704	0.00499	0.00104	0.00195
6	0.01277	0.03088	0.77806	0.00423	0.04774	0.02577	0.01685	0.02610	0.00323	0.03077	0.00917	0.00318	0.00201	0.00141	0.00138	0.00045	0.00207	0.00111	0.00069	0.00214
7	0.00202	0.00152	0.00165	0.00164	0.00212	0.00130	0.00124	0.00242	0.00339	0.05233	0.08235	0.07058	0.73000	0.00360	0.00172	0.00050	0.00079	0.03814	0.00139	0.00130
8	0.04938	0.08434	0.28086	0.03079	0.05116	0.03545	0.20305	0.06582	0.05594	0.06789	0.00690	0.02336	0.00249	0.00170	0.01956	0.00049	0.01658	0.00134	0.00087	0.00204
9	0.02924	0.02696	0.11822	0.10806	0.26176	0.07836	0.05134	0.03090	0.04903	0.17514	0.00910	0.02179	0.01654	0.00161	0.00146	0.00045	0.01001	0.00694	0.00099	0.00209
