[name]
unknown

[dist]
# distance from previous block
# <min> <max>
1	781

[block]
# block no. 0 follows, 254 sequences, length 9
# corresponding to MSA columns:
# 819-827
name=unknown_A
#
# <colnr> <probs for GDERKNQSTAVLIFYWHMCP>
#	G	D	E	R	K	N	Q	S	T	A	V	L	I	F	Y	W	H	M	C	P
0	0.04144	0.01049	0.02459	0.01229	0.02436	0.02770	0.02377	0.12639	0.11232	0.06480	0.14964	0.17480	0.04273	0.01209	0.00145	0.00847	0.01245	0.01486	0.00773	0.10764
1	0.07133	0.01764	0.02812	0.10853	0.12980	0.03595	0.08317	0.12641	0.10334	0.08033	0.03416	0.03984	0.02417	0.02897	0.00807	0.00044	0.03152	0.00946	0.00804	0.03071
2	0.01381	0.00161	0.02142	0.01443	0.02915	0.00151	0.02886	0.00250	0.04637	0.02895	0.09131	0.38658	0.06552	0.17652	0.04024	0.00067	0.02087	0.00248	0.00104	0.02615
3	0.00327	0.00290	0.01720	0.07603	0.56319	0.00290	0.02400	0.11660	0.02872	0.04116	0.02965	0.03398	0.00258	0.00135	0.00127	0.00038	0.00142	0.00125	0.00080	0.05133
4	0.00338	0.01831	0.05681	0.05766	0.11977	0.01246	0.03425	0.12967	0.36811	0.07870	0.01803	0.02534	0.03451	0.01384	0.00135	0.00042	0.00125	0.00138	0.00108	0.02369
5	0.01924	0.02184	0.00330	0.02227	0.01536	0.27656	0.00220	0.21805	0.21415	0.08210	0.02753	0.00407	0.03293	0.02285	0.00140	0.00040	0.01439	0.01850	0.00106	0.00177
6	0.00183	0.00128	0.00168	0.00170	0.00181	0.00136	0.00116	0.00201	0.00199	0.00273	0.00411	0.06790	0.03000	0.42934	0.39646	0.04912	0.00208	0.00175	0.00076	0.00094
7	0.01830	0.06157	0.20202	0.17383	0.15030	0.02055	0.01682	0.05310	0.04376	0.21669	0.01782	0.00343	0.00233	0.00136	0.00126	0.00039	0.01261	0.00112	0.00088	0.00185
8	0.01577	0.00193	0.01132	0.03195	0.06792	0.01426	0.03368	0.01415	0.02743	0.09120	0.36329	0.05109	0.04350	0.00197	0.00130	0.00037	0.00092	0.00172	0.07356	0.15267

[dist]
# distance from previous block
# <min> <max>
0	1

[block]
# block no. 1 follows, 254 sequences, length 12
# corresponding to MSA columns:
# 829-838,842,843
name=unknown_B
#
# <colnr> <probs for GDERKNQSTAVLIFYWHMCP>
#	G	D	E	R	K	N	Q	S	T	A	V	L	I	F	Y	W	H	M	C	P
0	0.04450	0.06334	0.15090	0.02217	0.07106	0.00279	0.08505	0.15694	0.05004	0.12657	0.10758	0.03887	0.01392	0.00776	0.00133	0.00040	0.01261	0.00740	0.01627	0.02048
1	0.02438	0.02654	0.03172	0.19889	0.19440	0.04008	0.08732	0.10919	0.04558	0.06189	0.00871	0.01989	0.00749	0.00145	0.00751	0.00041	0.06573	0.00119	0.00621	0.06140
2	0.00317	0.00257	0.01413	0.09348	0.32871	0.00263	0.01286	0.13116	0.09345	0.07377	0.14796	0.01307	0.03190	0.02450	0.00144	0.00042	0.00125	0.00144	0.02031	0.00178
3	0.00174	0.00140	0.00176	0.00175	0.00199	0.00140	0.01855	0.00202	0.00251	0.00325	0.03549	0.23534	0.36675	0.13151	0.08633	0.01133	0.07522	0.01956	0.00102	0.00107
4	0.06492	0.07217	0.32150	0.04158	0.02400	0.00308	0.25626	0.04018	0.02815	0.06938	0.01213	0.00309	0.00200	0.00123	0.00128	0.00039	0.01586	0.00112	0.00072	0.04093
5	0.04912	0.03454	0.01233	0.02396	0.02560	0.00214	0.08341	0.01854	0.01770	0.19755	0.02862	0.01170	0.00248	0.00121	0.00110	0.00029	0.00113	0.00103	0.00094	0.48663
6	0.00194	0.00135	0.00153	0.00152	0.00170	0.00132	0.00099	0.02752	0.02256	0.02201	0.03585	0.10771	0.19889	0.52510	0.03182	0.00092	0.00109	0.00216	0.01303	0.00098
7	0.00191	0.00144	0.00204	0.00200	0.00215	0.00169	0.00149	0.00223	0.00199	0.00284	0.00337	0.00553	0.00336	0.21896	0.64013	0.02562	0.08005	0.00145	0.00069	0.00106
8	0.01103	0.01323	0.01500	0.03512	0.10055	0.02140	0.00230	0.10288	0.61357	0.01987	0.01816	0.01283	0.01827	0.00167	0.00129	0.00042	0.00115	0.00814	0.00117	0.00195
9	0.82105	0.00260	0.01337	0.01712	0.00273	0.01992	0.00156	0.02294	0.01741	0.04311	0.00200	0.00227	0.00153	0.00125	0.00094	0.00040	0.02678	0.00076	0.00082	0.00145
10	0.85764	0.03461	0.00227	0.02944	0.00281	0.00292	0.02886	0.00379	0.00224	0.02350	0.00187	0.00219	0.00145	0.00119	0.00083	0.00039	0.00105	0.00074	0.00078	0.00141
11	0.04061	0.02825	0.01195	0.08226	0.24981	0.03443	0.02504	0.09814	0.01967	0.08030	0.00283	0.01417	0.01035	0.01666	0.02694	0.00040	0.01546	0.00109	0.01011	0.23153

[dist]
# distance from previous block
# <min> <max>
6	41

[block]
# block no. 2 follows, 254 sequences, length 7
# corresponding to MSA columns:
# 896-902
name=unknown_C
#
# <colnr> <probs for GDERKNQSTAVLIFYWHMCP>
#	G	D	E	R	K	N	Q	S	T	A	V	L	I	F	Y	W	H	M	C	P
0	0.00233	0.00186	0.01661	0.04632	0.05596	0.01413	0.01385	0.01784	0.02750	0.04742	0.04443	0.07924	0.12368	0.17638	0.15638	0.03831	0.10340	0.01138	0.02175	0.00124
1	0.00178	0.00125	0.00158	0.00171	0.00194	0.00115	0.00124	0.00211	0.00276	0.03418	0.13654	0.44845	0.20265	0.05208	0.00183	0.00052	0.00078	0.10515	0.00120	0.00110
2	0.00274	0.00149	0.00189	0.00175	0.00210	0.00139	0.00125	0.00310	0.02321	0.23187	0.16560	0.17798	0.04724	0.29576	0.03627	0.00074	0.00105	0.00212	0.00117	0.00128
3	0.00306	0.00184	0.00196	0.00176	0.00228	0.00195	0.00137	0.09195	0.21631	0.08416	0.00436	0.00456	0.00329	0.00155	0.00105	0.00034	0.00080	0.00125	0.57460	0.00155
4	0.03263	0.00238	0.02743	0.03330	0.00342	0.00232	0.09675	0.08614	0.19222	0.14077	0.04447	0.05376	0.02007	0.00182	0.01235	0.00041	0.00114	0.03472	0.14126	0.07265
5	0.00237	0.02599	0.00182	0.01870	0.00208	0.03251	0.00128	0.02510	0.03273	0.01732	0.10600	0.16012	0.02796	0.02158	0.03313	0.00045	0.02489	0.01835	0.44639	0.00124
6	0.47258	0.13627	0.07642	0.02676	0.00323	0.06332	0.02233	0.03989	0.01601	0.03416	0.02195	0.01478	0.02218	0.00152	0.02102	0.00042	0.02392	0.00093	0.00079	0.00151

[dist]
# distance from previous block
# <min> <max>
2	5

[block]
# block no. 3 follows, 254 sequences, length 11
# corresponding to MSA columns:
# 922-929,931,932,935
name=unknown_D
#
# <colnr> <probs for GDERKNQSTAVLIFYWHMCP>
#	G	D	E	R	K	N	Q	S	T	A	V	L	I	F	Y	W	H	M	C	P
0	0.00231	0.00143	0.00177	0.00166	0.00207	0.00128	0.00125	0.00282	0.01874	0.14612	0.42543	0.12605	0.24115	0.02019	0.00157	0.00044	0.00072	0.00238	0.00133	0.00130
1	0.01112	0.00307	0.03135	0.01641	0.19547	0.20328	0.04175	0.02250	0.03000	0.05261	0.09064	0.17332	0.05208	0.01908	0.00152	0.00042	0.03214	0.00173	0.01996	0.00153
2	0.00180	0.00134	0.00169	0.01951	0.02370	0.00125	0.00127	0.00224	0.01375	0.02234	0.31172	0.24832	0.25799	0.04754	0.01872	0.00051	0.00080	0.02314	0.00121	0.00115
3	0.00222	0.00173	0.00199	0.00192	0.00231	0.00179	0.00143	0.04122	0.25033	0.00461	0.30551	0.20858	0.09936	0.03579	0.00163	0.00047	0.00081	0.01891	0.01802	0.00139
4	0.00337	0.52422	0.18352	0.02290	0.00395	0.05500	0.02490	0.09851	0.00300	0.00379	0.01349	0.00250	0.00184	0.00124	0.00112	0.00033	0.03924	0.00086	0.01452	0.00170
5	0.00235	0.00165	0.00206	0.00189	0.00234	0.00158	0.02296	0.05971	0.07351	0.08110	0.26734	0.21249	0.19226	0.01940	0.01116	0.00046	0.00085	0.01356	0.00125	0.03207
6	0.03258	0.05737	0.14694	0.05585	0.09541	0.08670	0.02876	0.15654	0.04868	0.20149	0.01946	0.02300	0.00255	0.01137	0.00130	0.00039	0.00858	0.00117	0.01078	0.01107
7	0.03196	0.04833	0.01811	0.00279	0.01793	0.10427	0.00222	0.21692	0.49634	0.01803	0.00395	0.00382	0.00297	0.00168	0.01351	0.00042	0.01245	0.00123	0.00114	0.00194
8	0.78883	0.00246	0.00210	0.02098	0.00272	0.00279	0.00152	0.05541	0.00251	0.08438	0.00225	0.02548	0.00175	0.00130	0.00089	0.00040	0.00102	0.00084	0.00089	0.00148
9	0.01450	0.05204	0.10184	0.08303	0.20696	0.03810	0.07379	0.09724	0.06817	0.10333	0.04728	0.02526	0.04787	0.01310	0.00140	0.00041	0.02168	0.00133	0.00090	0.00178
10	0.01990	0.00249	0.12063	0.04407	0.01959	0.01144	0.06374	0.01744	0.12510	0.00434	0.26064	0.09326	0.14969	0.01011	0.00152	0.00043	0.02556	0.01751	0.00107	0.01148

[dist]
# distance from previous block
# <min> <max>
5	64

[block]
# block no. 4 follows, 254 sequences, length 7
# corresponding to MSA columns:
# 1056-1062
name=unknown_E
#
# <colnr> <probs for GDERKNQSTAVLIFYWHMCP>
#	G	D	E	R	K	N	Q	S	T	A	V	L	I	F	Y	W	H	M	C	P
0	0.03167	0.03081	0.21130	0.10737	0.15998	0.07555	0.05428	0.12205	0.05367	0.04187	0.02149	0.01657	0.02449	0.00150	0.01205	0.00041	0.01248	0.00117	0.00080	0.02048
1	0.00251	0.02468	0.01642	0.04759	0.03913	0.01868	0.04176	0.02616	0.07447	0.01408	0.04915	0.09061	0.06602	0.09987	0.08601	0.00069	0.26962	0.01857	0.01264	0.00137
2	0.00172	0.00119	0.00153	0.00171	0.00187	0.00110	0.00118	0.00202	0.00265	0.02645	0.12906	0.64936	0.08844	0.03968	0.00176	0.00052	0.00075	0.02619	0.02174	0.00108
3	0.00212	0.00141	0.00172	0.00162	0.00197	0.00132	0.00120	0.01971	0.02028	0.07398	0.45589	0.07232	0.17992	0.11652	0.02420	0.00055	0.00082	0.00225	0.02100	0.00122
4	0.00322	0.00229	0.00259	0.00223	0.00288	0.00242	0.00176	0.23256	0.24645	0.09309	0.21153	0.05978	0.10784	0.00219	0.00139	0.00042	0.00097	0.02336	0.00132	0.00171
5	0.04470	0.00207	0.00248	0.00203	0.00270	0.00204	0.00160	0.14192	0.02019	0.39485	0.04892	0.00519	0.03932	0.13529	0.00202	0.00050	0.02116	0.00140	0.12992	0.00170
6	0.05426	0.00302	0.00327	0.00268	0.00344	0.01700	0.00217	0.49924	0.18143	0.02081	0.00341	0.01996	0.00264	0.01786	0.05462	0.01509	0.07684	0.00124	0.01915	0.00188

[dist]
# distance from previous block
# <min> <max>
0	2

[block]
# block no. 5 follows, 254 sequences, length 11
# corresponding to MSA columns:
# 1065-1075
name=unknown_F
#
# <colnr> <probs for GDERKNQSTAVLIFYWHMCP>
#	G	D	E	R	K	N	Q	S	T	A	V	L	I	F	Y	W	H	M	C	P
0	0.01447	0.00263	0.00410	0.56004	0.14466	0.03263	0.05349	0.04208	0.02075	0.02481	0.00250	0.02466	0.00199	0.00139	0.00147	0.00042	0.06446	0.00120	0.00066	0.00157
1	0.02234	0.00342	0.02032	0.04895	0.00406	0.08071	0.02587	0.55618	0.01842	0.15248	0.00329	0.02858	0.00240	0.00156	0.00131	0.00039	0.01592	0.00120	0.00118	0.01141
2	0.09459	0.02714	0.00227	0.06529	0.00278	0.01927	0.03637	0.01377	0.03126	0.01198	0.05092	0.52425	0.00616	0.03440	0.00167	0.00049	0.02346	0.02199	0.00103	0.03092
3	0.00278	0.00204	0.01169	0.00245	0.00298	0.00200	0.10915	0.17133	0.03242	0.08644	0.05181	0.41292	0.02952	0.02288	0.01391	0.00049	0.00111	0.01988	0.02275	0.00146
4	0.00174	0.00131	0.00175	0.00186	0.00209	0.00124	0.02631	0.00216	0.01900	0.00365	0.14454	0.45011	0.14001	0.05419	0.00186	0.00053	0.00084	0.14454	0.00118	0.00111
5	0.00278	0.00257	0.00410	0.50730	0.17953	0.02156	0.06455	0.01300	0.08163	0.02424	0.02382	0.00359	0.00223	0.00143	0.00150	0.02601	0.03666	0.00120	0.00069	0.00159
6	0.00229	0.00210	0.01750	0.00282	0.02784	0.00198	0.23795	0.05512	0.01283	0.00412	0.15428	0.10264	0.21193	0.02395	0.04731	0.02196	0.01659	0.02323	0.03221	0.00135
7	0.00200	0.00121	0.00175	0.00176	0.00185	0.00127	0.00124	0.00191	0.00195	0.00267	0.04697	0.05113	0.02058	0.07783	0.30035	0.48081	0.00179	0.00145	0.00069	0.00082
8	0.05042	0.29305	0.09976	0.02208	0.02984	0.09059	0.03883	0.15622	0.02897	0.10345	0.00271	0.02620	0.00216	0.01123	0.00796	0.00038	0.01683	0.00103	0.00084	0.01744
9	0.00212	0.00140	0.00188	0.01130	0.01523	0.00137	0.01015	0.04783	0.01670	0.02712	0.11626	0.35435	0.05822	0.02553	0.01122	0.24878	0.00094	0.03398	0.00102	0.01460
10	0.03144	0.08015	0.07442	0.14080	0.15382	0.04857	0.02345	0.12323	0.06053	0.04985	0.01126	0.03482	0.01203	0.00865	0.00125	0.00037	0.00888	0.00115	0.00083	0.13448

[dist]
# distance from previous block
# <min> <max>
9	169

[block]
# block no. 6 follows, 254 sequences, length 13
# corresponding to MSA columns:
# 1288-1290,1293-1302
name=unknown_G
#
# <colnr> <probs for GDERKNQSTAVLIFYWHMCP>
#	G	D	E	R	K	N	Q	S	T	A	V	L	I	F	Y	W	H	M	C	P
0	0.11111	0.00929	0.00222	0.00184	0.00256	0.00179	0.00146	0.02473	0.04058	0.22538	0.06494	0.03482	0.19800	0.02965	0.01626	0.00042	0.00095	0.02061	0.03132	0.18208
1	0.00281	0.00270	0.00375	0.02232	0.00340	0.00367	0.00269	0.00317	0.01709	0.02423	0.00200	0.01878	0.00194	0.00219	0.00383	0.00054	0.83757	0.01509	0.00062	0.03160
2	0.03410	0.18052	0.08051	0.07201	0.06533	0.03621	0.03031	0.09903	0.16799	0.05956	0.04744	0.04610	0.04205	0.00169	0.00944	0.00040	0.00133	0.01116	0.00094	0.01388
3	0.35178	0.00249	0.00260	0.00217	0.00297	0.00268	0.00176	0.12737	0.13166	0.26564	0.03884	0.02154	0.01426	0.00157	0.00120	0.00041	0.02697	0.00117	0.00117	0.00177
4	0.00269	0.00221	0.00272	0.00199	0.00304	0.00173	0.03708	0.00329	0.01648	0.04277	0.02069	0.00353	0.04699	0.03109	0.00119	0.00026	0.00098	0.00097	0.00082	0.77945
5	0.00184	0.00134	0.00167	0.00159	0.00193	0.00122	0.00120	0.00242	0.01808	0.02315	0.69686	0.03371	0.18907	0.00274	0.00150	0.00041	0.00064	0.01809	0.00135	0.00120
6	0.00320	0.00203	0.00249	0.02804	0.00289	0.02677	0.00179	0.05965	0.05953	0.23528	0.17815	0.08736	0.08718	0.00235	0.00162	0.00044	0.07041	0.11138	0.00124	0.03819
7	0.05890	0.03162	0.01172	0.04329	0.03347	0.03148	0.01661	0.19358	0.15547	0.07326	0.17438	0.04376	0.01311	0.00188	0.00958	0.00041	0.02342	0.00148	0.08090	0.00167
8	0.01194	0.00158	0.00200	0.00211	0.00246	0.00159	0.00172	0.07063	0.03616	0.03304	0.03146	0.22942	0.06511	0.00319	0.00159	0.00051	0.00100	0.45320	0.05002	0.00127
9	0.01840	0.05820	0.01957	0.01826	0.02084	0.00237	0.01822	0.05282	0.13219	0.49552	0.06312	0.00469	0.02634	0.00166	0.00130	0.00039	0.01349	0.01120	0.03948	0.00193
10	0.00212	0.00139	0.00162	0.00157	0.00182	0.00136	0.00109	0.02317	0.04170	0.03618	0.19027	0.08144	0.10801	0.29923	0.04366	0.01582	0.00099	0.00198	0.14547	0.00111
11	0.00345	0.72689	0.02727	0.00257	0.03683	0.02094	0.00235	0.05114	0.03115	0.01547	0.00201	0.00232	0.00176	0.00123	0.00113	0.00031	0.07009	0.00079	0.00062	0.00168
12	0.04306	0.03650	0.02098	0.07324	0.02614	0.00272	0.04397	0.23544	0.04057	0.06970	0.02028	0.01569	0.00243	0.02282	0.00135	0.00035	0.02774	0.00109	0.01670	0.29924

[dist]
# distance from previous block
# <min> <max>
0	21

[block]
# block no. 7 follows, 254 sequences, length 6
# corresponding to MSA columns:
# 1360-1363,1366,1367
name=unknown_H
#
# <colnr> <probs for GDERKNQSTAVLIFYWHMCP>
#	G	D	E	R	K	N	Q	S	T	A	V	L	I	F	Y	W	H	M	C	P
0	0.16524	0.01681	0.07178	0.00269	0.02921	0.03811	0.03149	0.07529	0.44021	0.03376	0.02339	0.01852	0.00311	0.00155	0.00119	0.00040	0.00118	0.00124	0.02914	0.01569
1	0.00185	0.00150	0.00198	0.02460	0.02092	0.02654	0.02716	0.00221	0.01790	0.00333	0.03808	0.59892	0.04317	0.05517	0.07885	0.00066	0.02988	0.02509	0.00106	0.00112
2	0.00185	0.00122	0.00158	0.00176	0.00192	0.00113	0.00121	0.00211	0.00257	0.05838	0.05779	0.66654	0.06745	0.08320	0.00200	0.00056	0.00081	0.04563	0.00118	0.00110
3	0.03785	0.00213	0.00280	0.00218	0.00309	0.00190	0.00179	0.03756	0.00364	0.78384	0.07306	0.00460	0.00370	0.00163	0.00127	0.00039	0.00104	0.00133	0.03416	0.00204
4	0.00377	0.00292	0.00315	0.00267	0.00348	0.00328	0.00214	0.30804	0.55519	0.04899	0.00457	0.00464	0.00346	0.00174	0.00131	0.00042	0.00115	0.04575	0.00130	0.00203
5	0.79695	0.00249	0.00209	0.00182	0.00263	0.00283	0.00149	0.04411	0.04263	0.08984	0.00226	0.00243	0.00168	0.00126	0.00087	0.00040	0.00101	0.00079	0.00090	0.00151

[dist]
# distance from previous block
# <min> <max>
1	2

[block]
# block no. 8 follows, 254 sequences, length 20
# corresponding to MSA columns:
# 1371-1381,1384,1385,1391-1394,1397-1399
name=unknown_I
#
# <colnr> <probs for GDERKNQSTAVLIFYWHMCP>
#	G	D	E	R	K	N	Q	S	T	A	V	L	I	F	Y	W	H	M	C	P
0	0.00337	0.89018	0.02901	0.00221	0.00330	0.00487	0.00222	0.02144	0.00268	0.00317	0.02677	0.00227	0.00192	0.00114	0.00085	0.00028	0.00135	0.00074	0.00058	0.00164
1	0.44758	0.00270	0.00284	0.12631	0.04455	0.00305	0.00207	0.25285	0.01881	0.04629	0.00249	0.00294	0.00190	0.02275	0.00121	0.00968	0.00122	0.00820	0.00092	0.00164
2	0.03470	0.00253	0.01319	0.02205	0.09040	0.03356	0.00933	0.13631	0.25025	0.10832	0.07831	0.06912	0.07480	0.00197	0.00134	0.00042	0.00713	0.03435	0.03018	0.00174
3	0.00190	0.00134	0.00163	0.00155	0.00191	0.00121	0.00116	0.00243	0.01455	0.04471	0.56304	0.04884	0.28974	0.00277	0.00149	0.00041	0.00064	0.00240	0.01708	0.00121
4	0.00284	0.00266	0.00447	0.22494	0.60969	0.00280	0.01150	0.01159	0.00278	0.00388	0.00276	0.07448	0.00248	0.01724	0.00140	0.00041	0.01010	0.00134	0.01087	0.00177
5	0.00171	0.00128	0.00159	0.00156	0.00187	0.00116	0.00116	0.00220	0.00330	0.00450	0.61329	0.11761	0.22473	0.00292	0.00152	0.00042	0.00063	0.01608	0.00132	0.00115
6	0.00219	0.00114	0.00166	0.00165	0.00168	0.00114	0.00111	0.00175	0.01177	0.00233	0.00263	0.00428	0.02730	0.03525	0.02551	0.86387	0.00114	0.00118	0.01180	0.00061
7	0.00345	0.87361	0.00642	0.00228	0.00330	0.05188	0.00222	0.00385	0.00261	0.00300	0.00178	0.00208	0.00164	0.00114	0.00096	0.00029	0.03662	0.00070	0.00055	0.00162
8	0.01008	0.00139	0.00162	0.00160	0.00194	0.00129	0.00118	0.02806	0.02536	0.02756	0.27267	0.19199	0.33355	0.04371	0.00171	0.00047	0.00073	0.02747	0.02645	0.00118
9	0.02785	0.12039	0.12602	0.10495	0.06063	0.02452	0.05993	0.03063	0.01702	0.08670	0.16427	0.04837	0.08026	0.00182	0.00132	0.00040	0.01327	0.01790	0.00093	0.01283
10	0.30409	0.01320	0.00964	0.17347	0.20735	0.04246	0.07619	0.03569	0.00267	0.02320	0.00222	0.00287	0.00177	0.00152	0.02830	0.00045	0.07162	0.00101	0.00071	0.00160
11	0.46231	0.00293	0.01761	0.01372	0.06655	0.04018	0.23354	0.00974	0.00254	0.03236	0.00219	0.00277	0.00173	0.01689	0.00142	0.00043	0.08131	0.00101	0.00922	0.00153
12	0.00219	0.00157	0.00210	0.00201	0.00224	0.00178	0.00151	0.04179	0.02294	0.03731	0.00366	0.03867	0.00357	0.22133	0.52078	0.00150	0.06525	0.00152	0.02713	0.00117
13	0.05772	0.00149	0.00880	0.00148	0.00184	0.00822	0.00114	0.00969	0.02778	0.02607	0.15095	0.02762	0.01738	0.03781	0.01162	0.00039	0.02682	0.00143	0.57273	0.00902
14	0.00312	0.00269	0.00291	0.00273	0.03624	0.00308	0.00205	0.01973	0.85616	0.00528	0.02746	0.00495	0.02438	0.00176	0.00130	0.00043	0.00101	0.00147	0.00127	0.00198
15	0.03641	0.00277	0.00371	0.00320	0.00327	0.01885	0.00265	0.02369	0.00209	0.00328	0.00195	0.04581	0.00198	0.00224	0.00383	0.00054	0.84051	0.00121	0.00061	0.00139
16	0.00382	0.01771	0.00324	0.00279	0.00340	0.34395	0.00749	0.13728	0.16562	0.04917	0.06613	0.01852	0.01743	0.02306	0.05519	0.00050	0.08086	0.00124	0.00096	0.00163
17	0.00171	0.00118	0.00144	0.00158	0.00162	0.00114	0.00098	0.00183	0.00217	0.00290	0.02811	0.45832	0.00661	0.47992	0.00405	0.00087	0.00098	0.00270	0.00098	0.00091
18	0.00288	0.00268	0.00431	0.31903	0.39391	0.00300	0.02598	0.02634	0.06402	0.01145	0.00274	0.00354	0.02150	0.00676	0.00158	0.00042	0.09114	0.00119	0.00706	0.01046
19	0.83543	0.00252	0.00213	0.01267	0.02516	0.01491	0.01415	0.01216	0.00231	0.02875	0.00193	0.00223	0.00149	0.00119	0.00084	0.00039	0.00104	0.00074	0.00727	0.03269

[dist]
# distance from previous block
# <min> <max>
1	10

[block]
# block no. 9 follows, 254 sequences, length 12
# corresponding to MSA columns:
# 1415-1426
name=unknown_J
#
# <colnr> <probs for GDERKNQSTAVLIFYWHMCP>
#	G	D	E	R	K	N	Q	S	T	A	V	L	I	F	Y	W	H	M	C	P
0	0.21992	0.00309	0.04500	0.09501	0.10439	0.02105	0.12068	0.21894	0.06062	0.02523	0.01015	0.00334	0.00218	0.00736	0.00125	0.00040	0.00981	0.02002	0.00841	0.02313
1	0.77080	0.00248	0.02529	0.00181	0.00259	0.00272	0.00153	0.04237	0.00247	0.03536	0.05238	0.00294	0.00222	0.00158	0.02920	0.00045	0.00108	0.02044	0.00086	0.00143
2	0.03755	0.00143	0.00176	0.00166	0.00202	0.00133	0.00125	0.02561	0.00339	0.03292	0.63834	0.10820	0.10319	0.00268	0.00147	0.00041	0.00068	0.01487	0.00132	0.01991
3	0.00175	0.00132	0.00162	0.00156	0.00188	0.00122	0.00116	0.00230	0.01951	0.00446	0.60244	0.03930	0.23042	0.03946	0.04550	0.00052	0.00078	0.00236	0.00128	0.00116
4	0.01809	0.00312	0.00359	0.04045	0.00388	0.01412	0.03200	0.54042	0.14128	0.02015	0.00341	0.05294	0.00269	0.00184	0.01583	0.00044	0.09236	0.00132	0.01015	0.00192
5	0.00359	0.00207	0.01244	0.01787	0.04454	0.01648	0.01001	0.07263	0.06868	0.32663	0.14261	0.16092	0.01921	0.00219	0.00906	0.00042	0.00102	0.01249	0.06809	0.00905
6	0.00179	0.00127	0.00161	0.00167	0.00192	0.00117	0.00120	0.00225	0.01766	0.02372	0.40880	0.37526	0.11663	0.00317	0.00154	0.00045	0.00069	0.02077	0.01729	0.00115
7	0.01856	0.00819	0.12676	0.04501	0.08925	0.00254	0.07526	0.05932	0.05402	0.14229	0.03552	0.08705	0.04770	0.01319	0.01178	0.00046	0.11109	0.04231	0.02805	0.00166
8	0.00187	0.00123	0.00144	0.00144	0.00146	0.00123	0.00084	0.00185	0.00189	0.00251	0.00419	0.00795	0.04413	0.78788	0.04439	0.09108	0.00129	0.00180	0.00076	0.00078
9	0.00288	0.03401	0.01892	0.05665	0.02268	0.06841	0.02977	0.03156	0.00235	0.03302	0.00244	0.01327	0.00236	0.15731	0.04524	0.00068	0.47515	0.00125	0.00067	0.00137
10	0.00262	0.00971	0.10299	0.01248	0.03532	0.01162	0.07030	0.01980	0.03401	0.01087	0.05262	0.03236	0.02370	0.03701	0.02026	0.00036	0.00822	0.01615	0.00081	0.49878
11	0.02116	0.30506	0.02133	0.04421	0.04828	0.02623	0.02612	0.13684	0.04226	0.05068	0.05368	0.08315	0.03276	0.01142	0.00778	0.00038	0.01642	0.00130	0.00088	0.07006

[dist]
# distance from previous block
# <min> <max>
9	53

[block]
# block no. 10 follows, 254 sequences, length 10
# corresponding to MSA columns:
# 1550-1559
name=unknown_K
#
# <colnr> <probs for GDERKNQSTAVLIFYWHMCP>
#	G	D	E	R	K	N	Q	S	T	A	V	L	I	F	Y	W	H	M	C	P
0	0.27045	0.00271	0.01857	0.00218	0.00288	0.10578	0.00176	0.06727	0.14133	0.13659	0.00332	0.00356	0.00253	0.00249	0.12564	0.00060	0.00146	0.00108	0.10821	0.00160
1	0.06076	0.01081	0.01798	0.08733	0.33345	0.02122	0.02996	0.07605	0.14225	0.05858	0.04774	0.00413	0.02822	0.01200	0.00137	0.00041	0.02241	0.01030	0.03324	0.00179
2	0.00164	0.00133	0.00146	0.00144	0.00182	0.00117	0.00108	0.00214	0.03007	0.00398	0.28795	0.05066	0.60469	0.00303	0.00150	0.00043	0.00065	0.00258	0.00125	0.00114
3	0.00250	0.00230	0.00363	0.68609	0.05135	0.01890	0.01253	0.03362	0.00268	0.00350	0.02783	0.03633	0.01568	0.00177	0.02960	0.01007	0.03979	0.01124	0.00917	0.00143
4	0.04640	0.00145	0.00169	0.00162	0.00201	0.00138	0.00124	0.02908	0.01291	0.03993	0.37109	0.06231	0.26395	0.00280	0.01597	0.01117	0.00077	0.05806	0.07495	0.00123
5	0.00218	0.00119	0.00173	0.00171	0.00172	0.00124	0.00116	0.00176	0.00171	0.00230	0.00243	0.00432	0.00247	0.09503	0.05466	0.78856	0.03343	0.00119	0.00058	0.00063
6	0.01937	0.58998	0.03338	0.03602	0.00358	0.15078	0.00228	0.07195	0.01518	0.01580	0.00213	0.00242	0.00180	0.00120	0.00094	0.00031	0.00148	0.00080	0.04895	0.00163
7	0.00169	0.00123	0.00159	0.00182	0.00196	0.00118	0.00125	0.02850	0.02033	0.00348	0.03193	0.83327	0.02454	0.00392	0.01902	0.00054	0.00081	0.02066	0.00118	0.00109
8	0.03039	0.01023	0.11472	0.10482	0.10019	0.07660	0.09734	0.10764	0.05511	0.02119	0.06675	0.06109	0.01901	0.04770	0.01431	0.00048	0.04454	0.02543	0.00086	0.00161
9	0.01857	0.10360	0.01938	0.01820	0.15501	0.05290	0.01213	0.20506	0.25114	0.08883	0.01289	0.03056	0.00285	0.00152	0.00122	0.00038	0.00130	0.00124	0.01019	0.01302

[dist]
# distance from previous block
# <min> <max>
7	25

[block]
# block no. 11 follows, 254 sequences, length 12
# corresponding to MSA columns:
# 1586-1597
name=unknown_L
#
# <colnr> <probs for GDERKNQSTAVLIFYWHMCP>
#	G	D	E	R	K	N	Q	S	T	A	V	L	I	F	Y	W	H	M	C	P
0	0.35643	0.05251	0.01618	0.01874	0.06582	0.02157	0.02843	0.25863	0.02980	0.09484	0.01170	0.00296	0.00886	0.00137	0.00112	0.00039	0.01559	0.00100	0.01233	0.00175
1	0.00282	0.04991	0.00404	0.00329	0.00334	0.00396	0.00276	0.00310	0.00198	0.00306	0.00168	0.00275	0.00167	0.00217	0.00401	0.00054	0.90587	0.00109	0.00056	0.00140
2	0.00223	0.01025	0.02562	0.01012	0.00247	0.02462	0.02905	0.01197	0.08662	0.02350	0.25429	0.01910	0.03629	0.16069	0.19731	0.00089	0.02012	0.05622	0.02739	0.00126
3	0.02842	0.00353	0.00372	0.00288	0.00388	0.02305	0.00237	0.84938	0.03440	0.03086	0.00312	0.00310	0.00221	0.00152	0.00126	0.00038	0.00139	0.00114	0.00126	0.00213
4	0.01392	0.02870	0.01636	0.08697	0.04506	0.02988	0.00196	0.03214	0.09166	0.22569	0.25640	0.05110	0.02972	0.00204	0.01327	0.00042	0.02035	0.00782	0.00118	0.04537
5	0.00197	0.00139	0.00177	0.00162	0.00201	0.00124	0.00122	0.00252	0.00344	0.03876	0.72881	0.03559	0.10227	0.00255	0.00146	0.00039	0.00065	0.00223	0.00133	0.06876
6	0.00300	0.00263	0.00338	0.27248	0.00501	0.00302	0.04842	0.07781	0.50172	0.00481	0.01973	0.00439	0.02555	0.00159	0.00130	0.00042	0.00127	0.00136	0.00104	0.02105
7	0.22297	0.05011	0.01855	0.00239	0.00331	0.00324	0.00201	0.44972	0.03023	0.12134	0.02442	0.00323	0.00241	0.00146	0.00112	0.00038	0.00120	0.00107	0.05899	0.00187
8	0.00159	0.00119	0.00146	0.00163	0.00182	0.00108	0.00113	0.00186	0.00261	0.00339	0.06927	0.56121	0.24939	0.06205	0.00189	0.00053	0.00075	0.03492	0.00117	0.00104
9	0.02913	0.19331	0.02851	0.00994	0.00346	0.01013	0.05652	0.16491	0.02724	0.33218	0.04742	0.04171	0.01667	0.00159	0.00120	0.00037	0.00123	0.00128	0.03134	0.00186
10	0.00187	0.00132	0.00159	0.00156	0.00173	0.00130	0.00104	0.00211	0.01317	0.01517	0.12280	0.06872	0.13574	0.47335	0.10505	0.01698	0.01080	0.00203	0.00093	0.02275
11	0.01799	0.03564	0.00339	0.00263	0.00347	0.01464	0.00214	0.53763	0.14211	0.07413	0.01118	0.04637	0.00982	0.01784	0.02399	0.00045	0.02471	0.00132	0.02862	0.00194

[dist]
# distance from previous block
# <min> <max>
0	23

[block]
# block no. 12 follows, 254 sequences, length 18
# corresponding to MSA columns:
# 1624-1641
name=unknown_M
#
# <colnr> <probs for GDERKNQSTAVLIFYWHMCP>
#	G	D	E	R	K	N	Q	S	T	A	V	L	I	F	Y	W	H	M	C	P
0	0.05107	0.62234	0.10141	0.00973	0.01713	0.05771	0.01736	0.04812	0.01701	0.01448	0.01484	0.00932	0.00190	0.00120	0.00096	0.00031	0.00655	0.00082	0.00064	0.00708
1	0.57518	0.01221	0.08653	0.01038	0.03723	0.02893	0.09176	0.01713	0.00948	0.05939	0.00231	0.02320	0.00183	0.00130	0.00105	0.00040	0.01837	0.00810	0.00080	0.01443
2	0.03953	0.09707	0.01693	0.12070	0.12835	0.20076	0.04609	0.04950	0.08332	0.03274	0.00277	0.01550	0.01513	0.00176	0.01625	0.05927	0.06181	0.01017	0.00075	0.00159
3	0.01533	0.00231	0.00276	0.03512	0.00752	0.00750	0.01970	0.11670	0.29328	0.11659	0.03945	0.02939	0.11671	0.01771	0.03026	0.05008	0.06096	0.01196	0.02503	0.00166
4	0.00204	0.00131	0.00175	0.00192	0.00215	0.00124	0.00145	0.00240	0.00273	0.07810	0.06930	0.50472	0.02963	0.04423	0.00183	0.00055	0.00089	0.25139	0.00121	0.00116
5	0.00175	0.00126	0.00163	0.00168	0.00192	0.00120	0.00122	0.00215	0.00284	0.02095	0.31133	0.29781	0.16161	0.03924	0.13675	0.00071	0.00109	0.01256	0.00117	0.00112
6	0.00442	0.00329	0.00354	0.00279	0.00372	0.00364	0.00228	0.73117	0.14886	0.02219	0.05815	0.00371	0.00301	0.00162	0.00129	0.00039	0.00129	0.00126	0.00129	0.00209
7	0.21242	0.00256	0.00281	0.00226	0.00314	0.00266	0.00185	0.24822	0.06713	0.36378	0.02505	0.00368	0.00277	0.00151	0.00116	0.00039	0.00110	0.00115	0.05447	0.00191
8	0.58834	0.00299	0.05740	0.00217	0.00309	0.00310	0.00189	0.26037	0.00333	0.06345	0.00235	0.00251	0.00171	0.00130	0.00098	0.00039	0.00116	0.00086	0.00095	0.00167
9	0.00241	0.00227	0.00376	0.84583	0.02814	0.00282	0.00341	0.00320	0.00253	0.00327	0.00251	0.02499	0.01690	0.00141	0.00144	0.00043	0.05146	0.00121	0.00059	0.00141
10	0.05915	0.90069	0.00639	0.00215	0.00322	0.00491	0.00213	0.00381	0.00256	0.00315	0.00177	0.00204	0.00162	0.00109	0.00082	0.00028	0.00134	0.00068	0.00056	0.00162
11	0.11517	0.00311	0.00452	0.12421	0.46600	0.06618	0.08758	0.07514	0.01060	0.01819	0.00247	0.00321	0.00199	0.00124	0.00123	0.00039	0.00156	0.01468	0.00072	0.00181
12	0.00207	0.00164	0.00188	0.00178	0.00218	0.00165	0.00133	0.00330	0.23257	0.00464	0.45491	0.04171	0.19014	0.05244	0.00172	0.00046	0.00075	0.00219	0.00129	0.00135
13	0.00202	0.00131	0.00162	0.00159	0.00191	0.00121	0.00118	0.00251	0.00316	0.05792	0.44937	0.14403	0.15099	0.01749	0.00905	0.00044	0.00070	0.02934	0.12295	0.00120
14	0.01439	0.00229	0.00231	0.01486	0.00269	0.09860	0.00168	0.03559	0.16477	0.06917	0.05976	0.07090	0.27831	0.00246	0.00158	0.00044	0.06427	0.07612	0.03839	0.00144
15	0.00208	0.00140	0.00181	0.00186	0.02931	0.00132	0.00131	0.00252	0.02387	0.06896	0.33183	0.22105	0.16605	0.04124	0.00194	0.05781	0.01155	0.02453	0.00835	0.00120
16	0.00217	0.00112	0.00163	0.00163	0.00165	0.00111	0.00108	0.00167	0.00170	0.00226	0.00262	0.00435	0.02964	0.05418	0.00496	0.88477	0.00110	0.00119	0.00058	0.00058
17	0.00351	0.68928	0.02459	0.02962	0.04033	0.09788	0.01220	0.03236	0.01489	0.01521	0.00205	0.01697	0.00182	0.00121	0.00098	0.00030	0.01371	0.00082	0.00062	0.00165

[dist]
# distance from previous block
# <min> <max>
8	38

[block]
# block no. 13 follows, 254 sequences, length 14
# corresponding to MSA columns:
# 1726-1739
name=unknown_N
#
# <colnr> <probs for GDERKNQSTAVLIFYWHMCP>
#	G	D	E	R	K	N	Q	S	T	A	V	L	I	F	Y	W	H	M	C	P
0	0.00278	0.00234	0.00261	0.00198	0.00298	0.03397	0.00156	0.03050	0.04608	0.02999	0.02170	0.06009	0.02251	0.00129	0.00105	0.00024	0.00098	0.00106	0.00086	0.73541
1	0.00276	0.00184	0.00221	0.01320	0.00254	0.00185	0.00153	0.07430	0.17364	0.12433	0.42607	0.05059	0.07853	0.00231	0.00141	0.00041	0.00082	0.01169	0.02843	0.00153
2	0.07159	0.01148	0.03565	0.01490	0.00236	0.03865	0.01572	0.01585	0.00227	0.00324	0.00416	0.20321	0.01401	0.27271	0.23725	0.00107	0.03528	0.01867	0.00083	0.00111
3	0.00279	0.03161	0.84387	0.00352	0.00530	0.03664	0.00443	0.01986	0.00280	0.03434	0.00236	0.00272	0.00167	0.00123	0.00120	0.00040	0.00185	0.00094	0.00059	0.00187
4	0.10793	0.00277	0.06785	0.05790	0.00954	0.00263	0.02143	0.21389	0.08852	0.18438	0.06064	0.05294	0.01111	0.00170	0.00129	0.00040	0.01731	0.02208	0.02467	0.05102
5	0.00174	0.00130	0.00158	0.00159	0.00190	0.00120	0.00118	0.00227	0.02693	0.00425	0.42422	0.17764	0.27223	0.00300	0.00151	0.00043	0.00067	0.04308	0.03213	0.00116
6	0.00263	0.00620	0.84501	0.00353	0.00525	0.02158	0.00442	0.02410	0.00277	0.00407	0.01850	0.00296	0.01690	0.00131	0.00133	0.00041	0.03562	0.00100	0.00058	0.00184
7	0.16958	0.03011	0.00306	0.00236	0.00326	0.02043	0.00194	0.27806	0.07745	0.35063	0.02528	0.00363	0.00275	0.00151	0.00118	0.00039	0.00116	0.00115	0.02413	0.00195
8	0.00266	0.00151	0.00193	0.00179	0.00222	0.00139	0.00136	0.01673	0.02566	0.20173	0.35980	0.20067	0.07426	0.02036	0.00154	0.00044	0.00078	0.03250	0.05127	0.00138
9	0.37617	0.01575	0.01057	0.01389	0.01229	0.00212	0.02654	0.01172	0.04339	0.02291	0.20089	0.04143	0.07303	0.01086	0.00117	0.00040	0.00089	0.01727	0.11735	0.00135
10	0.00193	0.00134	0.00162	0.00163	0.00185	0.00128	0.00112	0.02032	0.01803	0.02512	0.23700	0.23206	0.10116	0.28475	0.01186	0.00069	0.00090	0.02415	0.01536	0.01782
11	0.00210	0.00156	0.00195	0.00201	0.00229	0.00138	0.02153	0.00234	0.00296	0.01631	0.12912	0.55924	0.17136	0.01767	0.00178	0.00055	0.00089	0.01246	0.01178	0.04072
12	0.03718	0.05375	0.08256	0.03478	0.02062	0.03462	0.04122	0.02216	0.02080	0.03955	0.00796	0.07217	0.00251	0.01765	0.01341	0.00035	0.05779	0.00113	0.01287	0.42693
13	0.05584	0.12491	0.15695	0.02832	0.06653	0.04430	0.02175	0.16892	0.01226	0.06548	0.01170	0.01982	0.02207	0.02348	0.01513	0.00040	0.01712	0.00108	0.00891	0.13502

[dist]
# distance from previous block
# <min> <max>
1	56

[block]
# block no. 14 follows, 254 sequences, length 7
# corresponding to MSA columns:
# 1796-1802
name=unknown_O
#
# <colnr> <probs for GDERKNQSTAVLIFYWHMCP>
#	G	D	E	R	K	N	Q	S	T	A	V	L	I	F	Y	W	H	M	C	P
0	0.01159	0.00187	0.00255	0.09225	0.01825	0.01942	0.01409	0.01391	0.01386	0.01830	0.12960	0.13999	0.02676	0.06198	0.15752	0.03336	0.19149	0.01512	0.03684	0.00124
1	0.00210	0.00143	0.00167	0.00162	0.00185	0.00141	0.00111	0.02880	0.04899	0.04242	0.14542	0.09216	0.12475	0.41781	0.03673	0.00084	0.00107	0.02053	0.02822	0.00109
2	0.00216	0.00138	0.00179	0.00176	0.00206	0.00135	0.00131	0.00256	0.01744	0.09627	0.15369	0.15869	0.15126	0.09667	0.22258	0.04097	0.00144	0.02913	0.01631	0.00118
3	0.02232	0.00257	0.00275	0.00243	0.00313	0.00288	0.00190	0.10949	0.63892	0.04500	0.07129	0.02581	0.03715	0.00185	0.00130	0.00042	0.00100	0.00153	0.02636	0.00189
4	0.24042	0.00209	0.00241	0.00199	0.00277	0.00203	0.00161	0.02265	0.02200	0.47954	0.14711	0.02252	0.02268	0.00171	0.00120	0.00040	0.00096	0.00136	0.02279	0.00176
5	0.88766	0.00255	0.00203	0.00177	0.00258	0.00294	0.00146	0.07873	0.00247	0.00590	0.00188	0.00215	0.00144	0.00121	0.00083	0.00039	0.00102	0.00073	0.00083	0.00144
6	0.02366	0.11185	0.33246	0.01479	0.02309	0.04885	0.02062	0.20780	0.07918	0.05241	0.02270	0.02555	0.00246	0.00144	0.00120	0.00038	0.00153	0.01225	0.00087	0.01689

[dist]
# distance from previous block
# <min> <max>
0	1

[block]
# block no. 15 follows, 254 sequences, length 8
# corresponding to MSA columns:
# 1804,1805,1837-1842
name=unknown_P
#
# <colnr> <probs for GDERKNQSTAVLIFYWHMCP>
#	G	D	E	R	K	N	Q	S	T	A	V	L	I	F	Y	W	H	M	C	P
0	0.83561	0.00270	0.02914	0.00184	0.00267	0.03170	0.00156	0.02838	0.00240	0.05173	0.00199	0.00223	0.00150	0.00122	0.00085	0.00039	0.00107	0.00074	0.00083	0.00146
1	0.02523	0.01919	0.03213	0.07015	0.04481	0.03221	0.05491	0.01566	0.12101	0.01869	0.24582	0.07407	0.12255	0.01099	0.01612	0.00045	0.01157	0.03730	0.04572	0.00142
2	0.00178	0.00129	0.00161	0.00167	0.00193	0.00118	0.00120	0.00221	0.02078	0.02106	0.28905	0.41386	0.15205	0.03469	0.00170	0.00048	0.00073	0.01906	0.00123	0.03244
3	0.00281	0.01712	0.00408	0.62066	0.17632	0.00294	0.02024	0.05766	0.02508	0.02613	0.00249	0.00338	0.00190	0.00129	0.00130	0.00041	0.01560	0.00114	0.01784	0.00160
4	0.03333	0.00134	0.00158	0.00159	0.00191	0.00124	0.00117	0.00228	0.01905	0.02211	0.35674	0.20775	0.29633	0.02094	0.00160	0.00045	0.00070	0.02748	0.00125	0.00116
5	0.00215	0.00113	0.00165	0.00165	0.00167	0.00113	0.00111	0.00170	0.00173	0.00230	0.00278	0.00444	0.04230	0.04201	0.04112	0.84754	0.00118	0.00121	0.00059	0.00061
6	0.00364	0.19376	0.14394	0.04846	0.07027	0.19786	0.06282	0.12655	0.04407	0.03637	0.01615	0.01292	0.00221	0.01110	0.00127	0.00037	0.01439	0.01135	0.00077	0.00173
7	0.01480	0.00221	0.01062	0.00227	0.01115	0.01713	0.01189	0.17090	0.11717	0.20146	0.08694	0.17070	0.04397	0.02103	0.02745	0.01545	0.00110	0.02751	0.03029	0.01595

[dist]
# distance from previous block
# <min> <max>
11	56

[block]
# block no. 16 follows, 254 sequences, length 9
# corresponding to MSA columns:
# 1902-1910
name=unknown_Q
#
# <colnr> <probs for GDERKNQSTAVLIFYWHMCP>
#	G	D	E	R	K	N	Q	S	T	A	V	L	I	F	Y	W	H	M	C	P
0	0.07539	0.10789	0.27838	0.00301	0.02931	0.07031	0.05574	0.09347	0.03259	0.05780	0.06260	0.02195	0.00277	0.00151	0.00992	0.00039	0.01391	0.01565	0.01061	0.05680
1	0.15949	0.03232	0.11121	0.04666	0.06318	0.03428	0.06961	0.06495	0.08369	0.06984	0.05681	0.02099	0.02044	0.00154	0.01222	0.00039	0.00927	0.00962	0.00089	0.13261
2	0.04138	0.06018	0.12338	0.24448	0.01206	0.02407	0.10476	0.05173	0.04923	0.02636	0.01417	0.03973	0.00236	0.00881	0.01221	0.00750	0.06414	0.00834	0.01080	0.09428
3	0.27245	0.01690	0.09429	0.01843	0.00356	0.03205	0.06800	0.16993	0.04977	0.10908	0.01956	0.06473	0.01521	0.01101	0.01538	0.00044	0.02279	0.00124	0.00097	0.01420
4	0.00167	0.03612	0.00162	0.00152	0.00182	0.00128	0.00110	0.00196	0.00262	0.00330	0.05774	0.21456	0.45807	0.12874	0.08149	0.00068	0.00100	0.00258	0.00107	0.00106
5	0.00285	0.00233	0.00270	0.02535	0.01960	0.03478	0.03425	0.05405	0.39495	0.04652	0.18816	0.07488	0.06169	0.01598	0.01249	0.00046	0.00106	0.02503	0.00122	0.00165
6	0.04320	0.13099	0.05113	0.02358	0.02271	0.02618	0.22139	0.11982	0.03042	0.06521	0.03722	0.00355	0.01072	0.01363	0.05961	0.00052	0.12756	0.00122	0.00968	0.00167
7	0.06036	0.00168	0.00203	0.00184	0.00237	0.00160	0.00142	0.02779	0.03563	0.28742	0.08837	0.20326	0.09091	0.01932	0.00142	0.00043	0.00087	0.03371	0.13806	0.00150
8	0.00232	0.01443	0.02788	0.02416	0.00259	0.00175	0.02672	0.02557	0.06485	0.06997	0.13884	0.24190	0.14028	0.05029	0.02051	0.01094	0.05578	0.05133	0.02860	0.00131

[dist]
# distance from previous block
# <min> <max>
3	24

[block]
# block no. 17 follows, 254 sequences, length 17
# corresponding to MSA columns:
# 1935-1951
name=unknown_R
#
# <colnr> <probs for GDERKNQSTAVLIFYWHMCP>
#	G	D	E	R	K	N	Q	S	T	A	V	L	I	F	Y	W	H	M	C	P
0	0.09515	0.07787	0.07896	0.01993	0.05355	0.14969	0.12298	0.16024	0.03910	0.02789	0.01371	0.01823	0.00218	0.00144	0.01131	0.00039	0.03131	0.00108	0.01827	0.07675
1	0.12526	0.00968	0.06465	0.08385	0.05144	0.01305	0.06366	0.08233	0.07522	0.07847	0.04088	0.10321	0.01726	0.06015	0.05298	0.01681	0.01879	0.03201	0.00875	0.00153
2	0.00160	0.00120	0.00146	0.00160	0.00180	0.00109	0.00111	0.00189	0.00267	0.00349	0.13389	0.48946	0.25985	0.06925	0.02305	0.00056	0.00079	0.00302	0.00117	0.00105
3	0.00959	0.00155	0.00198	0.00192	0.00230	0.00148	0.01138	0.02150	0.06797	0.14466	0.17300	0.32099	0.09828	0.03104	0.00939	0.00050	0.00088	0.08323	0.01703	0.00134
4	0.01076	0.00217	0.00246	0.00212	0.00274	0.00228	0.00167	0.17583	0.22943	0.14381	0.16961	0.03021	0.01862	0.01753	0.00136	0.00041	0.00094	0.01780	0.16858	0.00170
5	0.00236	0.00150	0.00189	0.00172	0.00214	0.00139	0.00131	0.02113	0.03871	0.12183	0.65579	0.02695	0.11325	0.00252	0.00147	0.00041	0.00070	0.00219	0.00139	0.00135
6	0.01387	0.01384	0.00343	0.01574	0.00356	0.01712	0.06565	0.07119	0.49332	0.00471	0.00400	0.02723	0.00325	0.01367	0.02300	0.00050	0.19715	0.02596	0.00104	0.00177
7	0.04095	0.01541	0.01411	0.00222	0.00291	0.02592	0.01424	0.06532	0.04527	0.41070	0.12145	0.01380	0.00434	0.09041	0.08231	0.00062	0.01855	0.02852	0.00125	0.00171
8	0.01412	0.72110	0.18049	0.00249	0.00369	0.01975	0.01206	0.00389	0.01394	0.00325	0.00195	0.00229	0.00170	0.01352	0.00098	0.00031	0.00147	0.00076	0.00056	0.00167
9	0.01005	0.00312	0.01158	0.02208	0.01300	0.04048	0.37885	0.02524	0.01537	0.02147	0.00233	0.00322	0.00193	0.00923	0.00259	0.00048	0.39650	0.00127	0.03966	0.00156
10	0.00406	0.04579	0.00977	0.05013	0.00414	0.49835	0.06500	0.08244	0.16244	0.01136	0.02830	0.00322	0.00243	0.00144	0.00124	0.00037	0.01105	0.00830	0.00852	0.00164
11	0.00159	0.00122	0.00141	0.00153	0.00176	0.00109	0.00107	0.00185	0.00263	0.00333	0.04186	0.36646	0.42332	0.11389	0.00213	0.00056	0.00076	0.03135	0.00114	0.00103
12	0.00232	0.00169	0.00748	0.02336	0.01002	0.02432	0.01762	0.03440	0.06981	0.08343	0.12031	0.37578	0.15278	0.03841	0.00168	0.00048	0.00090	0.02259	0.01131	0.00130
13	0.00182	0.00134	0.00170	0.00173	0.00191	0.00130	0.02480	0.00219	0.04851	0.00325	0.06497	0.32157	0.11245	0.33410	0.01121	0.01730	0.00099	0.04681	0.00103	0.00102
14	0.00212	0.00171	0.00246	0.03598	0.00267	0.00206	0.01148	0.00250	0.01051	0.01942	0.00361	0.13421	0.01203	0.06572	0.44185	0.02618	0.21303	0.00164	0.00964	0.00118
15	0.01998	0.15792	0.06652	0.06312	0.06044	0.11715	0.06937	0.30438	0.01365	0.03602	0.01372	0.01289	0.00216	0.00789	0.00610	0.00039	0.03081	0.00108	0.00825	0.00816
16	0.01902	0.01504	0.01772	0.00900	0.02390	0.00173	0.01283	0.02053	0.10874	0.10127	0.08858	0.37185	0.04072	0.01706	0.03526	0.00050	0.00100	0.00675	0.00870	0.09980

[dist]
# distance from previous block
# <min> <max>
1	21

[block]
# block no. 18 follows, 254 sequences, length 21
# corresponding to MSA columns:
# 1999-2016,2019-2021
name=unknown_S
#
# <colnr> <probs for GDERKNQSTAVLIFYWHMCP>
#	G	D	E	R	K	N	Q	S	T	A	V	L	I	F	Y	W	H	M	C	P
0	0.03519	0.00131	0.00172	0.01076	0.01326	0.00128	0.01757	0.00203	0.00242	0.00913	0.04391	0.62611	0.03399	0.15300	0.00238	0.00061	0.01763	0.01957	0.00108	0.00703
1	0.01006	0.04961	0.08065	0.03375	0.08357	0.05335	0.08963	0.15088	0.13582	0.08321	0.03184	0.01569	0.02486	0.00574	0.00128	0.00037	0.00746	0.01033	0.00096	0.13095
2	0.00210	0.00175	0.02032	0.06224	0.02555	0.00161	0.04170	0.01023	0.06265	0.01742	0.13398	0.33263	0.11093	0.00972	0.01016	0.00045	0.00095	0.02415	0.02965	0.10181
3	0.00821	0.01622	0.06686	0.06295	0.05367	0.01309	0.10384	0.13096	0.14419	0.01784	0.06163	0.11972	0.05790	0.04652	0.02796	0.00878	0.03007	0.00986	0.01815	0.00159
4	0.00868	0.00268	0.00448	0.44926	0.32204	0.01797	0.08533	0.01692	0.02234	0.01332	0.02162	0.00931	0.00216	0.00821	0.00136	0.00041	0.01038	0.00121	0.00065	0.00166
5	0.00277	0.00294	0.00591	0.29371	0.00691	0.00302	0.56552	0.00379	0.03084	0.00383	0.02007	0.01790	0.00220	0.00129	0.00153	0.00994	0.02415	0.00142	0.00066	0.00160
6	0.00170	0.00126	0.00147	0.00157	0.00175	0.00118	0.00106	0.01203	0.01272	0.00322	0.03970	0.34163	0.25915	0.27470	0.01821	0.00072	0.00091	0.02494	0.00107	0.00100
7	0.00291	0.00195	0.00225	0.00192	0.00250	0.00193	0.00151	0.22957	0.01952	0.10032	0.35720	0.01899	0.20560	0.00232	0.00140	0.00040	0.00086	0.00195	0.04538	0.00152
8	0.96424	0.00246	0.00187	0.00167	0.00246	0.00286	0.00138	0.00374	0.00217	0.00571	0.00177	0.00207	0.00138	0.00118	0.00079	0.00039	0.00099	0.00069	0.00079	0.00138
9	0.00257	0.00231	0.00247	0.00230	0.00264	0.11727	0.01520	0.02918	0.16501	0.00347	0.00355	0.00508	0.00327	0.19091	0.38593	0.00123	0.05425	0.00139	0.01065	0.00131
10	0.00393	0.01383	0.00347	0.01646	0.00364	0.52227	0.00797	0.06486	0.05036	0.01031	0.00277	0.04447	0.02739	0.00845	0.01266	0.00042	0.18554	0.00749	0.01223	0.00149
11	0.05540	0.77262	0.13705	0.00235	0.00354	0.00463	0.00249	0.00384	0.00258	0.00329	0.00184	0.00213	0.00162	0.00111	0.00087	0.00030	0.00141	0.00072	0.00056	0.00165
