[name]
unknown

[dist]
# distance from previous block
# <min> <max>
0	447

[block]
# block no. 0 follows, 199 sequences, length 14
# corresponding to MSA columns:
# 648-661
name=unknown_A
#
# <colnr> <probs for GDERKNQSTAVLIFYWHMCP>
#	G	D	E	R	K	N	Q	S	T	A	V	L	I	F	Y	W	H	M	C	P
0	0.17804	0.06946	0.05878	0.01063	0.09036	0.03422	0.04130	0.06359	0.05023	0.17208	0.01886	0.00481	0.02663	0.00179	0.00143	0.00046	0.00155	0.03964	0.00120	0.13493
1	0.15359	0.04706	0.08919	0.00925	0.02665	0.03098	0.01890	0.09241	0.08427	0.21483	0.06995	0.04965	0.02115	0.00200	0.00148	0.00047	0.00147	0.00160	0.00135	0.08376
2	0.08139	0.03313	0.05689	0.00371	0.07553	0.04912	0.08763	0.10595	0.05808	0.11754	0.12264	0.01771	0.03568	0.01448	0.00166	0.00048	0.00954	0.00165	0.00125	0.12593
3	0.02246	0.03889	0.03645	0.00383	0.02614	0.12812	0.10412	0.26495	0.07955	0.10806	0.01119	0.02099	0.01690	0.00191	0.00159	0.00047	0.00734	0.03516	0.00128	0.09059
4	0.00240	0.00165	0.00209	0.00219	0.00251	0.00154	0.00157	0.01419	0.03116	0.05173	0.23802	0.49568	0.12013	0.00416	0.00194	0.00059	0.00092	0.02450	0.00158	0.00148
5	0.00490	0.02227	0.13811	0.03857	0.07584	0.01497	0.05175	0.25155	0.06119	0.19877	0.01335	0.01357	0.03078	0.00184	0.00157	0.00047	0.00172	0.00152	0.00133	0.07592
6	0.05481	0.09537	0.04460	0.01595	0.04413	0.04793	0.09189	0.19944	0.07347	0.22972	0.01144	0.01522	0.01344	0.00179	0.00151	0.00047	0.00171	0.00147	0.00133	0.05430
7	0.00233	0.00178	0.00223	0.01115	0.01763	0.03569	0.01037	0.00267	0.00321	0.02933	0.03296	0.76428	0.03231	0.01372	0.00210	0.00063	0.01722	0.01754	0.00143	0.00140
8	0.00234	0.00158	0.00210	0.00217	0.00226	0.00165	0.00148	0.00242	0.00253	0.00344	0.00534	0.22849	0.00596	0.32041	0.19682	0.16883	0.02988	0.02016	0.00102	0.00112
9	0.03039	0.04230	0.03871	0.07650	0.09259	0.05197	0.05514	0.16824	0.21729	0.16890	0.01674	0.00489	0.02539	0.00188	0.00158	0.00050	0.00169	0.00156	0.00135	0.00239
10	0.00382	0.14681	0.35420	0.07122	0.10117	0.02030	0.11865	0.06571	0.02634	0.02573	0.00303	0.00367	0.00232	0.00168	0.00172	0.03530	0.01399	0.00131	0.00082	0.00222
11	0.01675	0.00191	0.00235	0.00237	0.00276	0.00189	0.00172	0.04494	0.10513	0.06278	0.20861	0.50012	0.03462	0.00390	0.00189	0.00058	0.00099	0.00347	0.00158	0.00163
12	0.01379	0.08726	0.05912	0.00418	0.05821	0.33090	0.05785	0.12566	0.14422	0.04505	0.01540	0.01718	0.00297	0.00181	0.00162	0.00047	0.02967	0.00137	0.00109	0.00218
13	0.03231	0.01223	0.04953	0.29467	0.21686	0.00307	0.01333	0.03698	0.02867	0.03301	0.03721	0.12497	0.10593	0.00234	0.00166	0.00053	0.00165	0.00206	0.00105	0.00194

[dist]
# distance from previous block
# <min> <max>
0	13

[block]
# block no. 1 follows, 199 sequences, length 16
# corresponding to MSA columns:
# 682-685,690-695,706,707,725,731-733
name=unknown_B
#
# <colnr> <probs for GDERKNQSTAVLIFYWHMCP>
#	G	D	E	R	K	N	Q	S	T	A	V	L	I	F	Y	W	H	M	C	P
0	0.30762	0.16892	0.05085	0.01950	0.00469	0.06942	0.12798	0.12047	0.01860	0.03070	0.01107	0.01594	0.00245	0.01249	0.00139	0.00047	0.00176	0.00123	0.00100	0.03345
1	0.00427	0.61060	0.15010	0.00334	0.00479	0.05359	0.04476	0.04221	0.02247	0.02398	0.00261	0.00298	0.00218	0.00149	0.00131	0.00040	0.02500	0.00103	0.00078	0.00213
2	0.01056	0.02685	0.03883	0.00278	0.00310	0.02381	0.00220	0.00964	0.01379	0.00378	0.00399	0.05598	0.00409	0.22849	0.30306	0.03803	0.19406	0.00183	0.00088	0.03423
3	0.02736	0.12495	0.34752	0.01229	0.08959	0.02019	0.01894	0.06031	0.12337	0.07047	0.05567	0.00448	0.01318	0.00996	0.00155	0.00049	0.00184	0.00141	0.00104	0.01540
4	0.00349	0.03422	0.18417	0.28225	0.13891	0.02458	0.17467	0.01360	0.03540	0.02109	0.00343	0.05107	0.00280	0.00192	0.02114	0.00056	0.00218	0.00161	0.00084	0.00209
5	0.04028	0.00239	0.00307	0.03344	0.00364	0.00220	0.00206	0.03437	0.01567	0.49087	0.19651	0.03689	0.11553	0.01357	0.00176	0.00052	0.00119	0.00213	0.00175	0.00217
6	0.00226	0.00160	0.00218	0.00227	0.00256	0.00147	0.03048	0.00269	0.00347	0.04270	0.17602	0.59563	0.12197	0.00433	0.00197	0.00060	0.00095	0.00389	0.00153	0.00142
7	0.00412	0.00389	0.02555	0.09359	0.69359	0.02933	0.03797	0.04094	0.00380	0.04731	0.00315	0.00400	0.00253	0.00148	0.00159	0.00048	0.00195	0.00143	0.00087	0.00244
8	0.00435	0.00252	0.00305	0.00268	0.01784	0.01829	0.00205	0.06999	0.10225	0.30874	0.21761	0.07593	0.12158	0.02034	0.00190	0.00053	0.01424	0.00232	0.00168	0.01211
9	0.00485	0.00277	0.03393	0.00269	0.00360	0.00255	0.00221	0.15189	0.06036	0.35322	0.13179	0.09871	0.03644	0.00249	0.00164	0.00050	0.00124	0.00208	0.10485	0.00221
10	0.04823	0.20636	0.03980	0.01252	0.02759	0.50782	0.03645	0.02846	0.03289	0.01077	0.00270	0.00315	0.00224	0.00192	0.03227	0.00049	0.00245	0.00109	0.00084	0.00196
11	0.01222	0.01351	0.12232	0.08167	0.38161	0.02248	0.10344	0.05164	0.01452	0.16443	0.01455	0.00425	0.00282	0.00159	0.00160	0.00049	0.00195	0.00147	0.00103	0.00241
12	0.00260	0.01292	0.02129	0.00208	0.00268	0.02082	0.00980	0.01591	0.03810	0.06990	0.15394	0.11523	0.52159	0.00362	0.00184	0.00053	0.00098	0.00308	0.00152	0.00157
13	0.00202	0.00147	0.00191	0.00223	0.00236	0.00140	0.00150	0.00246	0.03659	0.00419	0.02283	0.85351	0.03591	0.02076	0.00212	0.00065	0.00094	0.00434	0.00148	0.00134
14	0.05493	0.01302	0.07236	0.03065	0.30339	0.01239	0.20348	0.05242	0.03903	0.07324	0.02453	0.01276	0.00292	0.00172	0.00198	0.00052	0.09587	0.00155	0.00097	0.00227
15	0.00362	0.05537	0.13858	0.02954	0.15668	0.01386	0.05931	0.04408	0.04569	0.09953	0.05705	0.09106	0.15314	0.01052	0.00178	0.00052	0.01699	0.00708	0.00119	0.01442

[dist]
# distance from previous block
# <min> <max>
5	9

[block]
# block no. 2 follows, 199 sequences, length 12
# corresponding to MSA columns:
# 779-790
name=unknown_C
#
# <colnr> <probs for GDERKNQSTAVLIFYWHMCP>
#	G	D	E	R	K	N	Q	S	T	A	V	L	I	F	Y	W	H	M	C	P
0	0.01919	0.00262	0.00349	0.00275	0.00388	0.00231	0.00224	0.00717	0.03532	0.78606	0.03312	0.04922	0.02688	0.00219	0.00162	0.00050	0.00130	0.00180	0.00189	0.01645
1	0.00245	0.00205	0.00306	0.00282	0.00319	0.01325	0.12629	0.00298	0.02634	0.00424	0.06003	0.40978	0.07832	0.16532	0.02420	0.01177	0.03296	0.02827	0.00126	0.00142
2	0.00370	0.00339	0.01677	0.20331	0.07112	0.00399	0.14550	0.00449	0.01305	0.08303	0.00308	0.01894	0.00256	0.00248	0.03581	0.00066	0.38374	0.00155	0.00086	0.00194
3	0.00334	0.00189	0.00206	0.00189	0.00242	0.00189	0.00146	0.06001	0.05813	0.07115	0.13358	0.00720	0.06560	0.00222	0.00136	0.00042	0.00088	0.00182	0.58096	0.00170
4	0.00369	0.00352	0.00605	0.07401	0.75350	0.00356	0.03796	0.00460	0.00355	0.00502	0.00351	0.08719	0.00320	0.00175	0.00163	0.00049	0.00185	0.00171	0.00084	0.00235
5	0.00258	0.00182	0.00220	0.00206	0.00254	0.00170	0.00155	0.02980	0.04321	0.05427	0.52436	0.06020	0.24176	0.02240	0.00198	0.00054	0.00087	0.00292	0.00166	0.00158
6	0.03710	0.00180	0.00220	0.00204	0.00253	0.00169	0.00155	0.00347	0.02938	0.06821	0.62715	0.01096	0.12843	0.00336	0.02866	0.00056	0.00093	0.00266	0.04573	0.00160
7	0.02068	0.00230	0.00276	0.00230	0.00312	0.00219	0.00184	0.09134	0.00425	0.39431	0.03223	0.03423	0.00437	0.00204	0.00141	0.00045	0.00111	0.00165	0.39531	0.00211
8	0.00207	0.00154	0.00216	0.00241	0.00256	0.00149	0.02693	0.00240	0.00305	0.00409	0.00826	0.80985	0.00978	0.02649	0.03208	0.00073	0.01922	0.04216	0.00141	0.00133
9	0.00205	0.00161	0.00187	0.00195	0.00234	0.00144	0.00144	0.00259	0.02125	0.00472	0.18882	0.24471	0.45622	0.00411	0.00193	0.00057	0.00087	0.05860	0.00153	0.00139
10	0.00392	0.03274	0.03251	0.05218	0.29942	0.03699	0.36348	0.00494	0.00359	0.04793	0.00326	0.01466	0.00263	0.01345	0.02738	0.00058	0.05568	0.00162	0.00085	0.00220
11	0.04091	0.03836	0.03922	0.00318	0.00384	0.16290	0.08644	0.03768	0.03088	0.05147	0.00605	0.44798	0.00648	0.00329	0.00176	0.00056	0.00159	0.02556	0.01015	0.00172

[dist]
# distance from previous block
# <min> <max>
0	1

[block]
# block no. 3 follows, 199 sequences, length 13
# corresponding to MSA columns:
# 792,803-814
name=unknown_D
#
# <colnr> <probs for GDERKNQSTAVLIFYWHMCP>
#	G	D	E	R	K	N	Q	S	T	A	V	L	I	F	Y	W	H	M	C	P
0	0.24139	0.34782	0.11274	0.00306	0.00439	0.05833	0.00293	0.20240	0.00410	0.00610	0.00265	0.00295	0.00210	0.00154	0.00122	0.00043	0.00174	0.00103	0.00096	0.00213
1	0.01827	0.03934	0.06718	0.31654	0.13451	0.11977	0.07551	0.13586	0.01239	0.02820	0.00315	0.00400	0.00242	0.01454	0.00164	0.00050	0.00210	0.00138	0.02059	0.00211
2	0.00241	0.00173	0.00200	0.00197	0.00212	0.01383	0.00128	0.00264	0.01763	0.01437	0.03387	0.03005	0.10043	0.60097	0.13869	0.01405	0.01741	0.00234	0.00105	0.00116
3	0.02695	0.29197	0.19704	0.05496	0.17938	0.02315	0.07702	0.05125	0.00368	0.06552	0.00296	0.00348	0.00231	0.00151	0.00145	0.00045	0.01262	0.00122	0.00085	0.00225
4	0.02809	0.35300	0.38030	0.01566	0.04551	0.03277	0.04004	0.01940	0.00347	0.03746	0.01545	0.00330	0.00232	0.00152	0.00140	0.00044	0.01578	0.00113	0.00077	0.00220
5	0.03886	0.00271	0.00355	0.00277	0.00393	0.00242	0.00227	0.02682	0.02478	0.80761	0.03031	0.00549	0.00416	0.00199	0.00157	0.00049	0.00132	0.00161	0.03472	0.00260
6	0.00217	0.00168	0.01660	0.00231	0.00252	0.00157	0.00165	0.00260	0.02092	0.02055	0.04856	0.71704	0.09196	0.00471	0.01893	0.00066	0.03872	0.00402	0.00145	0.00139
7	0.04865	0.07507	0.04314	0.12878	0.17483	0.14554	0.05525	0.14942	0.03075	0.07764	0.01138	0.02203	0.00276	0.00177	0.00163	0.01147	0.01526	0.00141	0.00104	0.00220
8	0.01413	0.00236	0.04113	0.00254	0.00315	0.00213	0.03157	0.02767	0.08811	0.13842	0.25149	0.14803	0.06420	0.12893	0.01395	0.00070	0.00930	0.01927	0.01116	0.00175
9	0.00203	0.00158	0.00180	0.00191	0.00227	0.00141	0.00139	0.00241	0.00342	0.00429	0.06478	0.21540	0.49797	0.10052	0.00258	0.00068	0.00097	0.09184	0.00144	0.00132
10	0.03259	0.09345	0.17737	0.07059	0.07245	0.21596	0.12753	0.02636	0.00383	0.04510	0.05978	0.01882	0.00318	0.00189	0.01565	0.00051	0.03056	0.00143	0.00090	0.00206
11	0.03579	0.11506	0.08409	0.02994	0.16350	0.04917	0.03068	0.18972	0.14950	0.11337	0.00411	0.00435	0.01230	0.00177	0.00151	0.00048	0.00176	0.00930	0.00121	0.00240
12	0.12024	0.01530	0.02241	0.00347	0.02496	0.14971	0.01598	0.12873	0.05005	0.10490	0.02380	0.03236	0.02127	0.02059	0.02229	0.00059	0.20102	0.00150	0.02864	0.01218

[dist]
# distance from previous block
# <min> <max>
1	12

[block]
# block no. 4 follows, 199 sequences, length 25
# corresponding to MSA columns:
# 859-862,901-921
name=unknown_E
#
# <colnr> <probs for GDERKNQSTAVLIFYWHMCP>
#	G	D	E	R	K	N	Q	S	T	A	V	L	I	F	Y	W	H	M	C	P
0	0.02553	0.17647	0.16576	0.02009	0.04342	0.06147	0.05838	0.16593	0.03216	0.06349	0.01904	0.04504	0.06131	0.02138	0.00167	0.00049	0.00762	0.00945	0.00109	0.02020
1	0.06594	0.21436	0.08353	0.14722	0.09274	0.04500	0.02871	0.08246	0.04546	0.02314	0.06749	0.02121	0.01796	0.00180	0.00148	0.00046	0.01098	0.01028	0.00099	0.03879
2	0.01984	0.00189	0.00240	0.00227	0.00278	0.00175	0.00168	0.00407	0.01356	0.26239	0.07065	0.27855	0.09305	0.13498	0.01052	0.00071	0.00117	0.05138	0.04466	0.00170
3	0.03778	0.03217	0.02090	0.05746	0.06034	0.02181	0.06357	0.11621	0.06205	0.12542	0.08140	0.12468	0.04974	0.00748	0.00813	0.00053	0.04429	0.01351	0.00131	0.07120
4	0.00223	0.00155	0.00190	0.00199	0.00207	0.00154	0.00126	0.00238	0.00263	0.00354	0.02398	0.28943	0.00724	0.54967	0.06712	0.00129	0.01158	0.01541	0.00113	0.01209
5	0.02343	0.01476	0.74985	0.00417	0.00614	0.00349	0.01448	0.00473	0.00327	0.01461	0.01575	0.02390	0.00265	0.04734	0.03877	0.00064	0.02772	0.00136	0.00075	0.00219
6	0.00349	0.00336	0.01969	0.13909	0.55670	0.00354	0.01371	0.00436	0.00332	0.00472	0.00333	0.01530	0.01555	0.00294	0.11764	0.00076	0.07898	0.00152	0.00984	0.00217
7	0.00689	0.00286	0.00376	0.00290	0.00411	0.00259	0.00239	0.08715	0.02784	0.81534	0.02300	0.00542	0.00406	0.00199	0.00161	0.00049	0.00138	0.00162	0.00193	0.00268
8	0.00228	0.00171	0.00256	0.00256	0.00284	0.00199	0.00199	0.00284	0.00256	0.00370	0.00427	0.00626	0.00398	0.01195	0.93769	0.00256	0.00427	0.00171	0.00085	0.00142
9	0.00409	0.00197	0.00225	0.00198	0.00261	0.00192	0.00155	0.04151	0.03844	0.22681	0.04257	0.00597	0.00446	0.00195	0.00130	0.00042	0.00095	0.00158	0.61580	0.00186
10	0.00244	0.00340	0.24237	0.00314	0.00392	0.00219	0.06422	0.00323	0.01188	0.00437	0.00659	0.57382	0.00739	0.03495	0.01485	0.00066	0.01444	0.00331	0.00119	0.00163
11	0.00228	0.00171	0.00256	0.00256	0.00284	0.00199	0.00199	0.00284	0.00256	0.00370	0.00427	0.00626	0.00398	0.01195	0.93769	0.00256	0.00427	0.00171	0.00085	0.00142
12	0.00346	0.00325	0.00544	0.55003	0.37136	0.00368	0.00457	0.03079	0.00348	0.00468	0.00292	0.00412	0.00230	0.00153	0.00159	0.00051	0.00202	0.00142	0.00076	0.00209
13	0.00296	0.01195	0.00321	0.01248	0.01760	0.01831	0.09214	0.04025	0.07819	0.06352	0.05665	0.52146	0.02938	0.00371	0.00191	0.00059	0.00951	0.01359	0.02094	0.00168
14	0.30942	0.00565	0.01946	0.00351	0.01535	0.51308	0.01417	0.01552	0.03029	0.00514	0.00267	0.01400	0.00223	0.00171	0.00144	0.00046	0.03042	0.01273	0.00091	0.00184
15	0.00371	0.07716	0.06211	0.36253	0.24647	0.06587	0.07930	0.01620	0.00347	0.01211	0.00283	0.00386	0.00225	0.00158	0.00175	0.00050	0.05408	0.00137	0.00076	0.00207
16	0.00253	0.00188	0.00232	0.00230	0.00268	0.01336	0.01190	0.02084	0.04723	0.03173	0.10575	0.39697	0.12494	0.07007	0.07235	0.02354	0.01072	0.00319	0.00138	0.05431
17	0.02440	0.14398	0.38967	0.02685	0.06404	0.06319	0.10523	0.04548	0.04297	0.03032	0.02876	0.01098	0.00273	0.00160	0.00149	0.00047	0.00210	0.00133	0.00087	0.01354
18	0.03386	0.12873	0.47668	0.03014	0.07866	0.08960	0.03590	0.06625	0.01452	0.02105	0.00290	0.00339	0.00218	0.00154	0.00148	0.00047	0.00838	0.00119	0.00081	0.00227
19	0.00688	0.00287	0.00375	0.00289	0.00410	0.00260	0.00238	0.10874	0.00486	0.80293	0.02210	0.00537	0.00400	0.00199	0.00160	0.00049	0.00138	0.00160	0.01681	0.00267
20	0.01334	0.00267	0.11007	0.03075	0.04704	0.01372	0.02905	0.00342	0.01123	0.07346	0.02932	0.53842	0.02867	0.01061	0.02310	0.00532	0.00917	0.01767	0.00131	0.00165
21	0.00406	0.12418	0.19541	0.04005	0.30392	0.02915	0.06905	0.06087	0.03625	0.05970	0.02392	0.01205	0.01874	0.00166	0.00158	0.00048	0.01425	0.00144	0.00094	0.00232
22	0.00332	0.00268	0.02946	0.00263	0.00334	0.00269	0.00208	0.07155	0.33532	0.04423	0.22226	0.09284	0.11788	0.02478	0.00188	0.00055	0.00112	0.00243	0.03020	0.00880
23	0.00331	0.00189	0.00233	0.00222	0.00278	0.00169	0.00166	0.02047	0.02087	0.22722	0.07083	0.32969	0.29313	0.00375	0.00186	0.00056	0.00101	0.01141	0.00162	0.00171
24	0.02794	0.05849	0.21376	0.07788	0.21480	0.04984	0.10304	0.09775	0.00404	0.10683	0.02012	0.00400	0.00269	0.00161	0.00159	0.00049	0.01043	0.00140	0.00098	0.00232

[dist]
# distance from previous block
# <min> <max>
4	23

[block]
# block no. 5 follows, 199 sequences, length 29
# corresponding to MSA columns:
# 972-981,1000-1002,1015,1016,1018-1024,1026-1032
name=unknown_F
#
# <colnr> <probs for GDERKNQSTAVLIFYWHMCP>
#	G	D	E	R	K	N	Q	S	T	A	V	L	I	F	Y	W	H	M	C	P
0	0.00664	0.20756	0.07046	0.22489	0.01811	0.03109	0.03331	0.06531	0.05891	0.03785	0.00911	0.11883	0.01748	0.01090	0.01470	0.00052	0.01152	0.00701	0.00100	0.05481
1	0.22925	0.02775	0.03900	0.15526	0.28669	0.01946	0.00907	0.06122	0.01316	0.12323	0.00325	0.00379	0.00244	0.00158	0.00145	0.00049	0.00886	0.00128	0.00102	0.01176
2	0.00318	0.00256	0.07913	0.01004	0.01477	0.00217	0.00222	0.04679	0.07142	0.11493	0.10617	0.32476	0.08225	0.01046	0.01429	0.00060	0.01898	0.04711	0.03964	0.00851
3	0.00335	0.01300	0.02569	0.14616	0.35950	0.02805	0.07713	0.01181	0.01913	0.01475	0.02392	0.17456	0.01370	0.00243	0.00174	0.00054	0.00176	0.07976	0.00102	0.00201
4	0.01267	0.04322	0.42697	0.00438	0.01753	0.01696	0.09793	0.00455	0.02232	0.00464	0.00329	0.08685	0.00292	0.00226	0.01487	0.00059	0.23360	0.00160	0.00079	0.00206
5	0.00201	0.00144	0.00191	0.00217	0.00233	0.00134	0.00148	0.00238	0.00335	0.00455	0.19943	0.75096	0.01146	0.00463	0.00200	0.00062	0.00089	0.00419	0.00154	0.00134
6	0.00329	0.01456	0.33173	0.04915	0.12626	0.00317	0.04316	0.06541	0.00351	0.03013	0.00410	0.12764	0.00375	0.02960	0.14084	0.00086	0.01359	0.00625	0.00094	0.00204
7	0.21542	0.00296	0.00347	0.00274	0.00390	0.00289	0.00226	0.11459	0.00448	0.59696	0.01593	0.00470	0.00344	0.00187	0.00146	0.00049	0.00136	0.00143	0.01719	0.00246
8	0.00376	0.00430	0.00940	0.00672	0.00833	0.00403	0.92828	0.00510	0.00376	0.00510	0.00322	0.00430	0.00242	0.00134	0.00188	0.00054	0.00269	0.00188	0.00081	0.00215
9	0.00324	0.00195	0.00240	0.00217	0.00278	0.00178	0.00168	0.01568	0.04568	0.18914	0.38864	0.05773	0.25536	0.00325	0.00182	0.00052	0.00094	0.02179	0.00170	0.00175
10	0.00330	0.00221	0.01230	0.05045	0.00357	0.00993	0.02979	0.04254	0.05847	0.15241	0.00678	0.47141	0.00707	0.03700	0.08067	0.00079	0.02510	0.00308	0.00141	0.00173
11	0.00229	0.00170	0.00251	0.00253	0.00281	0.00196	0.00196	0.00284	0.00261	0.00372	0.00455	0.00716	0.00438	0.06641	0.83022	0.00240	0.00395	0.05370	0.00089	0.00140
12	0.00325	0.05607	0.00518	0.75561	0.12960	0.00371	0.00436	0.00426	0.00326	0.01580	0.00286	0.00413	0.00219	0.00156	0.00156	0.00051	0.00206	0.00139	0.00073	0.00189
13	0.01029	0.00206	0.00285	0.01478	0.02246	0.00196	0.04640	0.05848	0.01350	0.10221	0.00750	0.57146	0.02861	0.00387	0.00188	0.00059	0.00119	0.05316	0.00145	0.05532
14	0.24730	0.00664	0.62762	0.00390	0.00583	0.00374	0.02109	0.05703	0.00344	0.00587	0.00276	0.00321	0.00199	0.00152	0.00139	0.00050	0.00204	0.00112	0.00081	0.00221
15	0.00407	0.15912	0.10385	0.19416	0.19767	0.14269	0.02268	0.02708	0.00359	0.03947	0.00298	0.00397	0.00246	0.02433	0.00189	0.05422	0.00205	0.01087	0.00082	0.00203
16	0.00250	0.00182	0.00250	0.05524	0.00305	0.00202	0.00190	0.01731	0.00273	0.01202	0.00490	0.01806	0.00506	0.31599	0.39626	0.01953	0.02628	0.11052	0.00098	0.00132
17	0.04177	0.22245	0.19150	0.01947	0.08591	0.04774	0.04631	0.07189	0.03866	0.08069	0.01118	0.02997	0.06519	0.00184	0.00148	0.00046	0.00893	0.00146	0.00101	0.03209
18	0.02093	0.13311	0.30012	0.08899	0.06027	0.01859	0.06313	0.03310	0.09982	0.13880	0.00377	0.01990	0.00282	0.00170	0.00153	0.00049	0.00821	0.00140	0.00103	0.00229
19	0.00473	0.00231	0.00272	0.00228	0.00307	0.00225	0.00182	0.10224	0.04490	0.32607	0.05780	0.00588	0.00454	0.00199	0.00140	0.00044	0.00108	0.00161	0.43077	0.00208
20	0.01867	0.00221	0.00775	0.02731	0.04243	0.00208	0.01114	0.02779	0.01671	0.27333	0.10314	0.17803	0.10978	0.05405	0.07574	0.00076	0.00147	0.04425	0.00151	0.00187
21	0.02358	0.24209	0.20740	0.03353	0.04845	0.02069	0.05632	0.15363	0.03907	0.11148	0.02559	0.00400	0.00850	0.01160	0.00153	0.00047	0.00740	0.00133	0.00106	0.00229
22	0.01780	0.01291	0.01150	0.01344	0.03518	0.00841	0.00183	0.08177	0.01858	0.03284	0.26180	0.22860	0.21493	0.00373	0.02919	0.00060	0.00112	0.00298	0.02115	0.00163
23	0.00234	0.00178	0.00254	0.00254	0.00281	0.01001	0.00195	0.00292	0.01610	0.00377	0.00460	0.07048	0.00447	0.04809	0.78949	0.00229	0.01971	0.00191	0.01079	0.00142
24	0.01163	0.03799	0.13588	0.25356	0.21204	0.00364	0.11959	0.03325	0.04773	0.02795	0.01119	0.06583	0.01246	0.00183	0.00167	0.00052	0.01511	0.00168	0.00433	0.00212
25	0.01807	0.30221	0.13950	0.02967	0.15406	0.11976	0.06704	0.06174	0.01970	0.01791	0.00299	0.00382	0.00251	0.01841	0.00522	0.00047	0.00961	0.02429	0.00084	0.00216
26	0.01715	0.00147	0.00192	0.00220	0.00237	0.00138	0.00151	0.00245	0.00323	0.02172	0.09324	0.78944	0.03683	0.00469	0.00199	0.00063	0.00092	0.01403	0.00151	0.00135
27	0.01132	0.00989	0.01402	0.02358	0.02157	0.00846	0.06483	0.08782	0.06427	0.08868	0.11157	0.15023	0.26675	0.02157	0.00193	0.00056	0.00125	0.04196	0.00146	0.00829
28	0.04773	0.04713	0.11741	0.20873	0.30515	0.02250	0.04955	0.09901	0.03678	0.02977	0.01006	0.01339	0.00261	0.00161	0.00154	0.00049	0.00195	0.00141	0.00092	0.00225

[dist]
# distance from previous block
# <min> <max>
5	21

[block]
# block no. 6 follows, 199 sequences, length 15
# corresponding to MSA columns:
# 1081-1083,1088-1099
name=unknown_G
#
# <colnr> <probs for GDERKNQSTAVLIFYWHMCP>
#	G	D	E	R	K	N	Q	S	T	A	V	L	I	F	Y	W	H	M	C	P
0	0.00267	0.00227	0.00333	0.40503	0.00625	0.00258	0.00287	0.01601	0.08613	0.00456	0.07399	0.30689	0.04780	0.00318	0.01718	0.00060	0.00152	0.01432	0.00117	0.00165
1	0.00361	0.00425	0.18845	0.14919	0.24818	0.01843	0.04790	0.10444	0.00389	0.01816	0.03552	0.07602	0.02107	0.01419	0.01273	0.00056	0.02103	0.02926	0.00098	0.00214
2	0.00368	0.00258	0.00282	0.00252	0.00329	0.00268	0.00196	0.03458	0.38230	0.12960	0.06846	0.00877	0.25998	0.00269	0.00166	0.00051	0.00109	0.00223	0.08653	0.00207
3	0.00592	0.03245	0.00464	0.00403	0.00490	0.82941	0.00306	0.08864	0.00475	0.00444	0.00258	0.00295	0.00211	0.00166	0.00144	0.00041	0.00274	0.00106	0.00089	0.00193
4	0.02569	0.00211	0.01177	0.01869	0.01155	0.00212	0.02647	0.07818	0.03140	0.02531	0.03910	0.44153	0.08409	0.04088	0.05500	0.00075	0.03077	0.07163	0.00138	0.00157
5	0.10560	0.00265	0.00304	0.01007	0.00345	0.00268	0.01638	0.19991	0.03057	0.17185	0.11442	0.08137	0.19365	0.00297	0.02074	0.01686	0.00128	0.00223	0.01831	0.00197
6	0.00671	0.00261	0.00356	0.00276	0.00392	0.00227	0.00227	0.00734	0.00456	0.85229	0.08901	0.00600	0.00493	0.00209	0.00163	0.00049	0.00130	0.00172	0.00195	0.00260
7	0.04662	0.00231	0.00273	0.00236	0.00303	0.01457	0.00182	0.06785	0.06008	0.22159	0.39804	0.00864	0.03186	0.08661	0.00226	0.00059	0.00111	0.00221	0.04384	0.00189
8	0.00296	0.12944	0.03207	0.02285	0.00334	0.01117	0.03031	0.01324	0.01847	0.06815	0.19661	0.28249	0.05956	0.01253	0.08906	0.00073	0.01075	0.01326	0.00133	0.00166
9	0.00551	0.00250	0.00325	0.00261	0.00359	0.00227	0.00211	0.05967	0.02639	0.57906	0.22210	0.00754	0.07139	0.00242	0.00169	0.00050	0.00120	0.00202	0.00186	0.00233
10	0.09325	0.01978	0.00464	0.00361	0.00466	0.02008	0.19519	0.13203	0.04001	0.25282	0.01420	0.12933	0.00439	0.00252	0.01953	0.01390	0.00170	0.03812	0.00807	0.00216
11	0.07103	0.00218	0.01349	0.01879	0.00343	0.00207	0.07319	0.04244	0.00355	0.13322	0.04478	0.47719	0.01936	0.00372	0.00200	0.03211	0.00125	0.05311	0.00143	0.00166
12	0.19509	0.02193	0.10917	0.02703	0.05750	0.02122	0.05676	0.21305	0.10464	0.08436	0.00422	0.03580	0.02496	0.01096	0.00885	0.00052	0.00167	0.00151	0.01851	0.00223
13	0.00328	0.01327	0.01603	0.24217	0.02917	0.05096	0.10935	0.01853	0.06324	0.02777	0.01700	0.10063	0.02147	0.02559	0.01670	0.19031	0.01544	0.01931	0.01817	0.00162
14	0.01758	0.00313	0.05866	0.01200	0.02531	0.01566	0.05362	0.13686	0.11569	0.17530	0.04319	0.02080	0.02196	0.05354	0.01618	0.18399	0.01075	0.01769	0.00561	0.01248

[dist]
# distance from previous block
# <min> <max>
4	34

[block]
# block no. 7 follows, 199 sequences, length 17
# corresponding to MSA columns:
# 1144-1160
name=unknown_H
#
# <colnr> <probs for GDERKNQSTAVLIFYWHMCP>
#	G	D	E	R	K	N	Q	S	T	A	V	L	I	F	Y	W	H	M	C	P
0	0.22528	0.13883	0.06230	0.12948	0.05196	0.02750	0.02545	0.03065	0.01729	0.03790	0.08903	0.02104	0.03830	0.01890	0.00158	0.00050	0.01211	0.03469	0.00104	0.03619
1	0.00295	0.02839	0.14166	0.01895	0.05471	0.01456	0.00983	0.07384	0.03418	0.02663	0.10774	0.37201	0.03741	0.02546	0.03352	0.00064	0.00146	0.00285	0.00129	0.01193
2	0.02155	0.15062	0.03179	0.14695	0.03280	0.09287	0.06234	0.10658	0.02776	0.11573	0.01905	0.03150	0.00297	0.00171	0.00150	0.00044	0.01300	0.00139	0.00107	0.13836
3	0.01490	0.07866	0.27009	0.04108	0.04269	0.03281	0.01824	0.05105	0.07263	0.09444	0.00464	0.15106	0.01828	0.00224	0.00165	0.00050	0.02197	0.01518	0.00110	0.06679
4	0.04905	0.17843	0.20015	0.01248	0.02814	0.04554	0.02169	0.23126	0.06843	0.06334	0.03489	0.02774	0.00319	0.00193	0.01151	0.00049	0.01691	0.00140	0.00113	0.00229
5	0.03639	0.00332	0.00370	0.01669	0.00414	0.02773	0.03180	0.14926	0.43961	0.10241	0.02005	0.03773	0.00469	0.08902	0.00223	0.00062	0.00146	0.02538	0.00150	0.00228
6	0.00242	0.00181	0.00240	0.00230	0.00256	0.00193	0.00166	0.00279	0.00261	0.00371	0.03252	0.02703	0.00496	0.34457	0.42751	0.00180	0.04166	0.01486	0.00094	0.07995
7	0.00364	0.05971	0.78752	0.00429	0.00646	0.02359	0.00536	0.00528	0.00348	0.08180	0.00310	0.00348	0.00218	0.00155	0.00149	0.00049	0.00225	0.00119	0.00078	0.00236
8	0.02717	0.00226	0.00308	0.00285	0.00338	0.00228	0.09191	0.02364	0.18304	0.03317	0.10577	0.41614	0.05014	0.02705	0.00202	0.00061	0.00120	0.02110	0.00146	0.00172
9	0.02207	0.02263	0.00291	0.02375	0.02702	0.00850	0.00194	0.04871	0.05766	0.31071	0.01308	0.05717	0.02808	0.01617	0.00153	0.00047	0.00115	0.00175	0.35269	0.00204
10	0.00229	0.00165	0.00229	0.00229	0.00249	0.00185	0.00166	0.00267	0.00248	0.00350	0.00451	0.00761	0.00457	0.31344	0.63700	0.00223	0.00339	0.00190	0.00089	0.00127
11	0.08438	0.00722	0.00434	0.00394	0.00477	0.86044	0.00297	0.00622	0.00437	0.00417	0.00244	0.00285	0.00203	0.00163	0.00140	0.00042	0.00274	0.00101	0.00083	0.00184
12	0.00487	0.00306	0.02435	0.00380	0.11654	0.02045	0.01682	0.12992	0.05642	0.32142	0.03942	0.05421	0.02834	0.02217	0.03712	0.00673	0.00933	0.08709	0.01568	0.00226
13	0.08075	0.00296	0.00373	0.00288	0.00410	0.00276	0.00238	0.12105	0.00478	0.74897	0.00567	0.00501	0.00362	0.00193	0.00155	0.00049	0.00140	0.00152	0.00185	0.00263
14	0.01878	0.00184	0.00188	0.00175	0.00224	0.00189	0.00135	0.08034	0.03171	0.02217	0.00529	0.00587	0.02032	0.00190	0.00119	0.00039	0.00086	0.00152	0.79708	0.00164
15	0.11762	0.00708	0.00323	0.04356	0.01869	0.01168	0.03531	0.09855	0.04747	0.17844	0.07279	0.13610	0.05558	0.02955	0.09841	0.01543	0.00164	0.00211	0.02484	0.00191
16	0.00300	0.08017	0.01775	0.01870	0.01048	0.02639	0.01244	0.11774	0.00850	0.01152	0.00652	0.49244	0.01352	0.02614	0.05247	0.00070	0.02168	0.03040	0.04781	0.00163

[dist]
# distance from previous block
# <min> <max>
3	9

[block]
# block no. 8 follows, 199 sequences, length 18
# corresponding to MSA columns:
# 1173-1184,1198,1199,1206-1209
name=unknown_I
#
# <colnr> <probs for GDERKNQSTAVLIFYWHMCP>
#	G	D	E	R	K	N	Q	S	T	A	V	L	I	F	Y	W	H	M	C	P
0	0.60790	0.03625	0.04241	0.02560	0.07184	0.05432	0.01553	0.01714	0.01158	0.01501	0.05498	0.00345	0.00269	0.00163	0.00128	0.00049	0.02421	0.00111	0.01072	0.00185
1	0.01640	0.15523	0.17344	0.06683	0.19756	0.06104	0.18088	0.07023	0.01239	0.01334	0.00299	0.01270	0.00238	0.00155	0.00162	0.00048	0.02649	0.00138	0.00083	0.00223
2	0.01020	0.00177	0.00229	0.00239	0.00264	0.01453	0.00174	0.02399	0.01004	0.02043	0.03168	0.37796	0.04146	0.07973	0.31137	0.01611	0.01374	0.03531	0.00122	0.00140
3	0.07977	0.08888	0.08497	0.02325	0.10583	0.08404	0.04991	0.12453	0.11720	0.09435	0.04672	0.01827	0.03034	0.00191	0.00152	0.00048	0.00172	0.01726	0.00119	0.02787
4	0.02596	0.11811	0.31681	0.03222	0.05481	0.02144	0.19236	0.06879	0.04868	0.04486	0.01506	0.03652	0.00286	0.00168	0.00155	0.00049	0.00208	0.00149	0.00093	0.01331
5	0.13810	0.00290	0.00360	0.00280	0.00400	0.00272	0.00231	0.08081	0.00454	0.73311	0.00553	0.00490	0.00354	0.00190	0.00152	0.00049	0.00137	0.00149	0.00181	0.00257
6	0.00329	0.02437	0.43610	0.01751	0.04571	0.05573	0.02621	0.02562	0.00359	0.03110	0.03073	0.09522	0.03112	0.03382	0.00190	0.00058	0.00194	0.13246	0.00100	0.00201
7	0.02786	0.03569	0.19800	0.02233	0.16247	0.05923	0.13800	0.05741	0.03049	0.04079	0.13433	0.01188	0.04138	0.00743	0.00170	0.00051	0.00804	0.01927	0.00106	0.00213
8	0.00296	0.00270	0.04057	0.00482	0.28096	0.00717	0.04405	0.01220	0.02531	0.01944	0.02207	0.32905	0.03892	0.05652	0.03102	0.02090	0.01092	0.04155	0.00707	0.00180
9	0.00218	0.00156	0.00202	0.00230	0.00246	0.00150	0.00157	0.05449	0.00333	0.00445	0.02713	0.87124	0.01019	0.00478	0.00201	0.00063	0.00097	0.00432	0.00149	0.00138
10	0.00359	0.07531	0.07654	0.17208	0.14457	0.09259	0.18304	0.00450	0.00356	0.02677	0.03918	0.14234	0.00401	0.00220	0.01194	0.00053	0.01242	0.00193	0.00093	0.00197
11	0.00358	0.03730	0.07011	0.20057	0.19828	0.01801	0.10195	0.07336	0.03526	0.03734	0.02884	0.09743	0.06573	0.00219	0.00171	0.00878	0.00181	0.01466	0.00104	0.00205
12	0.02102	0.00280	0.00363	0.00282	0.00401	0.00253	0.00232	0.07252	0.02646	0.78145	0.00661	0.00584	0.05627	0.00208	0.00161	0.00050	0.00135	0.00168	0.00189	0.00261
13	0.00329	0.07009	0.47671	0.19554	0.14320	0.00374	0.02370	0.00466	0.00338	0.00476	0.01423	0.02776	0.01881	0.00166	0.00154	0.00050	0.00212	0.00140	0.00075	0.00218
14	0.00940	0.20210	0.22877	0.16501	0.13486	0.02555	0.01404	0.05497	0.03692	0.06763	0.03187	0.00413	0.00288	0.00165	0.00147	0.00047	0.00192	0.01324	0.00092	0.00221
15	0.00217	0.00184	0.02956	0.00242	0.00276	0.00162	0.03828	0.00276	0.03426	0.00451	0.10544	0.57892	0.13282	0.01234	0.01201	0.00064	0.00107	0.03370	0.00145	0.00143
16	0.16734	0.00179	0.00169	0.00164	0.00213	0.00186	0.00126	0.00394	0.00325	0.02800	0.00479	0.02771	0.00383	0.00187	0.00113	0.00040	0.00085	0.00145	0.74353	0.00155
17	0.00375	0.01699	0.05206	0.38038	0.17994	0.09450	0.13465	0.04018	0.02479	0.01438	0.02487	0.02041	0.00278	0.00165	0.00162	0.00050	0.00214	0.00152	0.00085	0.00205

[dist]
# distance from previous block
# <min> <max>
5	12

[block]
# block no. 9 follows, 199 sequences, length 38
# corresponding to MSA columns:
# 1243-1268,1283-1285,1289-1294,1299-1301
name=unknown_J
#
# <colnr> <probs for GDERKNQSTAVLIFYWHMCP>
#	G	D	E	R	K	N	Q	S	T	A	V	L	I	F	Y	W	H	M	C	P
0	0.00363	0.21934	0.58795	0.00406	0.01559	0.03121	0.02457	0.01325	0.02408	0.01493	0.00284	0.00327	0.00214	0.00149	0.00140	0.00045	0.00213	0.00113	0.00074	0.04581
1	0.03032	0.18074	0.62364	0.01518	0.01459	0.00409	0.04180	0.00503	0.00339	0.03769	0.01309	0.00341	0.00225	0.00151	0.00143	0.00047	0.00214	0.00117	0.00075	0.01731
2	0.00357	0.32112	0.56187	0.00402	0.00597	0.00456	0.05605	0.00492	0.00333	0.00459	0.00269	0.00324	0.00210	0.01387	0.00146	0.00047	0.00214	0.00112	0.00069	0.00222
3	0.00262	0.00232	0.00325	0.02431	0.27804	0.00218	0.00246	0.00665	0.00805	0.00477	0.08380	0.06942	0.45573	0.01076	0.00183	0.00053	0.00119	0.01717	0.00126	0.02366
4	0.00384	0.11265	0.41969	0.02841	0.05365	0.05547	0.12108	0.03284	0.02173	0.05844	0.02530	0.02236	0.01195	0.00171	0.00159	0.00049	0.01415	0.01155	0.00088	0.00223
5	0.02047	0.06819	0.10558	0.05265	0.00873	0.02581	0.04851	0.17625	0.04093	0.31783	0.00539	0.03693	0.06155	0.00217	0.01109	0.00052	0.00168	0.01195	0.00142	0.00234
6	0.02395	0.05498	0.86907	0.00440	0.00667	0.00383	0.00564	0.00502	0.00334	0.00503	0.00281	0.00331	0.00201	0.00151	0.00148	0.00050	0.00230	0.00115	0.00068	0.00233
7	0.00218	0.00160	0.00206	0.01802	0.01483	0.00154	0.00161	0.01413	0.03622	0.01051	0.06648	0.69638	0.09096	0.00446	0.00196	0.00061	0.00096	0.01147	0.02258	0.00141
8	0.08137	0.00242	0.00735	0.00902	0.00345	0.00227	0.00204	0.06331	0.01140	0.44054	0.03587	0.25552	0.00595	0.04677	0.00202	0.00760	0.00126	0.01811	0.00165	0.00209
9	0.02710	0.00264	0.00298	0.00235	0.00341	0.02578	0.01587	0.02744	0.03679	0.02533	0.12341	0.02061	0.17523	0.00212	0.00146	0.00037	0.00114	0.00176	0.00121	0.50300
10	0.00191	0.00160	0.00166	0.00169	0.00218	0.00135	0.00125	0.00232	0.00363	0.00440	0.06726	0.09049	0.80667	0.00407	0.00189	0.00054	0.00081	0.00343	0.00149	0.00135
11	0.02393	0.02339	0.00420	0.19863	0.03795	0.04875	0.02353	0.07757	0.06607	0.15490	0.01897	0.06322	0.06338	0.00236	0.00221	0.00055	0.15040	0.02758	0.01038	0.00201
12	0.08302	0.00213	0.00249	0.00223	0.00284	0.00209	0.00172	0.05418	0.06173	0.11418	0.50683	0.02453	0.10215	0.02004	0.00185	0.00052	0.00097	0.00247	0.01226	0.00176
13	0.00375	0.00439	0.03214	0.00666	0.00829	0.00402	0.90564	0.00510	0.00375	0.00510	0.00321	0.00427	0.00241	0.00135	0.00187	0.00054	0.00268	0.00186	0.00080	0.00215
14	0.00268	0.00259	0.03249	0.05740	0.02086	0.00241	0.23723	0.00348	0.02025	0.00453	0.00672	0.42288	0.02689	0.00352	0.00200	0.00061	0.01469	0.13589	0.00122	0.00165
15	0.14369	0.00246	0.00296	0.00248	0.00340	0.00231	0.00199	0.03584	0.00409	0.48396	0.06218	0.09639	0.11289	0.00253	0.00160	0.00051	0.00120	0.01458	0.02278	0.00216
16	0.00232	0.00174	0.00255	0.00253	0.00278	0.00203	0.00194	0.00284	0.00255	0.00368	0.00428	0.00653	0.00408	0.09095	0.81852	0.00239	0.03228	0.00175	0.01288	0.00139
17	0.00263	0.00176	0.00216	0.00202	0.00249	0.00164	0.00153	0.00349	0.05042	0.06035	0.59042	0.04777	0.13819	0.00318	0.00179	0.00050	0.00083	0.00276	0.08447	0.00159
18	0.00266	0.00225	0.00348	0.02672	0.06638	0.01784	0.11191	0.00327	0.01690	0.01588	0.00659	0.43590	0.01405	0.03256	0.09042	0.00083	0.03957	0.10157	0.00965	0.00158
19	0.02474	0.00405	0.01634	0.00552	0.02356	0.02454	0.59050	0.10028	0.04448	0.04031	0.00399	0.02618	0.02815	0.00183	0.01522	0.00056	0.02847	0.00184	0.01728	0.00216
20	0.01134	0.00233	0.00364	0.13213	0.13000	0.00238	0.07239	0.02592	0.00346	0.02651	0.01915	0.36245	0.04368	0.00328	0.00186	0.00058	0.00972	0.09603	0.05146	0.00170
21	0.00286	0.00285	0.01558	0.02497	0.01413	0.02468	0.36435	0.00364	0.00343	0.00454	0.00623	0.41527	0.01808	0.01291	0.00201	0.00061	0.00176	0.07927	0.00116	0.00169
22	0.81232	0.01555	0.00286	0.03280	0.02108	0.04997	0.02081	0.01015	0.00291	0.01653	0.00234	0.00275	0.00182	0.00149	0.00107	0.00049	0.00140	0.00093	0.00097	0.00178
23	0.00377	0.02462	0.00563	0.31179	0.43314	0.08244	0.02179	0.01255	0.01196	0.00466	0.00304	0.00407	0.01294	0.00162	0.00177	0.00409	0.04982	0.00141	0.00676	0.00214
24	0.02597	0.01200	0.07629	0.01514	0.02250	0.09626	0.00662	0.06598	0.26516	0.05110	0.09064	0.11215	0.05017	0.03385	0.00195	0.00055	0.02381	0.01595	0.00135	0.03258
25	0.01253	0.22510	0.32502	0.01277	0.08854	0.01140	0.10957	0.03644	0.03435	0.04858	0.03586	0.00409	0.00292	0.00161	0.00147	0.00046	0.00198	0.01766	0.00089	0.02876
26	0.00358	0.14440	0.62258	0.00446	0.03335	0.01292	0.08150	0.00506	0.00347	0.04252	0.02183	0.01180	0.00249	0.00156	0.00149	0.00048	0.00219	0.00127	0.00077	0.00228
27	0.00701	0.00271	0.00367	0.00282	0.00404	0.00236	0.00233	0.02123	0.00459	0.89906	0.01555	0.00560	0.01729	0.00201	0.00161	0.00049	0.00135	0.00164	0.00196	0.00268
28	0.00996	0.01737	0.16176	0.04574	0.05163	0.03667	0.06650	0.02847	0.00910	0.07515	0.03302	0.26918	0.05665	0.02869	0.00200	0.00059	0.00978	0.09471	0.00121	0.00182
29	0.03339	0.05501	0.21723	0.04141	0.18346	0.01943	0.17413	0.05598	0.04574	0.09696	0.01699	0.00432	0.02147	0.00166	0.00168	0.00050	0.02588	0.00149	0.00099	0.00230
30	0.03114	0.00190	0.00989	0.00558	0.00278	0.00179	0.00172	0.04235	0.03129	0.11602	0.05724	0.51585	0.13704	0.00417	0.01919	0.00063	0.00109	0.01720	0.00153	0.00161
31	0.01635	0.00222	0.00309	0.00279	0.00335	0.00241	0.02826	0.10763	0.00345	0.12860	0.00462	0.03823	0.00402	0.02379	0.60256	0.00184	0.00328	0.00176	0.02001	0.00175
32	0.04650	0.00519	0.03881	0.01596	0.07850	0.33934	0.06319	0.12960	0.11085	0.05729	0.02114	0.00987	0.01596	0.00186	0.00176	0.00048	0.05903	0.00140	0.00110	0.00215
33	0.03020	0.14630	0.13931	0.03161	0.02300	0.06041	0.22870	0.11721	0.09049	0.05022	0.00379	0.02147	0.00987	0.00177	0.00161	0.00049	0.01230	0.02799	0.00103	0.00221
34	0.00231	0.00169	0.00201	0.00196	0.00239	0.00154	0.00145	0.02171	0.01019	0.03152	0.35527	0.13222	0.35065	0.04572	0.02226	0.00063	0.00095	0.01249	0.00156	0.00146
35	0.01116	0.02903	0.03180	0.00256	0.01206	0.05306	0.01319	0.06672	0.04491	0.03454	0.07694	0.32174	0.23277	0.01572	0.00192	0.00056	0.01000	0.01461	0.00140	0.02529
36	0.02414	0.04402	0.02524	0.07845	0.42144	0.06631	0.02352	0.02477	0.01013	0.03354	0.06062	0.05091	0.07881	0.03041	0.00180	0.00052	0.00173	0.00835	0.00100	0.01429
37	0.02742	0.03711	0.03864	0.09610	0.07110	0.04922	0.11734	0.18289	0.06789	0.10809	0.00470	0.16810	0.00414	0.00227	0.00166	0.00051	0.00175	0.00200	0.00125	0.01781

[dist]
# distance from previous block
# <min> <max>
4	27

[block]
# block no. 10 follows, 199 sequences, length 12
# corresponding to MSA columns:
# 1332-1343
name=unknown_K
#
# <colnr> <probs for GDERKNQSTAVLIFYWHMCP>
#	G	D	E	R	K	N	Q	S	T	A	V	L	I	F	Y	W	H	M	C	P
0	0.00365	0.00295	0.00338	0.00303	0.00372	0.02771	0.02857	0.13043	0.34151	0.03467	0.08655	0.20954	0.04563	0.00320	0.03103	0.00062	0.03780	0.00246	0.00150	0.00206
1	0.02481	0.01537	0.02563	0.24661	0.17017	0.04776	0.07004	0.03263	0.01843	0.03371	0.05196	0.16974	0.04224	0.00901	0.00175	0.00054	0.00173	0.03489	0.00107	0.00189
2	0.01698	0.00302	0.00440	0.04314	0.07319	0.02416	0.10377	0.02011	0.02497	0.39668	0.01947	0.06394	0.07939	0.00241	0.01218	0.00056	0.10608	0.00191	0.00142	0.00222
3	0.00212	0.00164	0.00192	0.00189	0.00231	0.00148	0.00140	0.00277	0.02783	0.00527	0.43267	0.09973	0.38600	0.02334	0.00202	0.00055	0.00082	0.00319	0.00160	0.00143
4	0.01969	0.00261	0.00339	0.00269	0.00376	0.00235	0.00218	0.03349	0.04554	0.69665	0.05273	0.02051	0.07536	0.02926	0.00182	0.00053	0.00129	0.00186	0.00185	0.00245
5	0.00456	0.00375	0.04152	0.06080	0.03415	0.03268	0.21574	0.15346	0.05742	0.17483	0.03414	0.02959	0.01430	0.01690	0.01460	0.00057	0.09296	0.00173	0.01408	0.00222
6	0.00468	0.00517	0.00380	0.00344	0.00410	0.49790	0.00262	0.05032	0.03045	0.03884	0.07824	0.07591	0.10644	0.00243	0.00193	0.00049	0.08854	0.00179	0.00111	0.00181
7	0.00586	0.02918	0.00459	0.00403	0.00488	0.85911	0.00305	0.03499	0.03229	0.00417	0.00262	0.00299	0.00216	0.00166	0.00144	0.00041	0.00276	0.00106	0.00087	0.00190
8	0.03076	0.02382	0.01188	0.00284	0.06932	0.02905	0.00199	0.10463	0.01296	0.05590	0.09807	0.25962	0.25249	0.00336	0.00176	0.00053	0.00115	0.00288	0.03525	0.00172
9	0.03205	0.00170	0.00205	0.00208	0.00247	0.00160	0.00153	0.00287	0.00347	0.06351	0.12967	0.29796	0.31767	0.04347	0.04403	0.00070	0.01895	0.03131	0.00147	0.00145
10	0.02996	0.00290	0.01611	0.00280	0.00374	0.00289	0.00226	0.14615	0.19615	0.31747	0.16020	0.03793	0.00597	0.02076	0.00175	0.00052	0.00127	0.00191	0.04695	0.00230
11	0.01577	0.00245	0.02922	0.02078	0.00333	0.00231	0.00204	0.12536	0.07480	0.12344	0.04787	0.25795	0.21307	0.01834	0.02016	0.00061	0.00124	0.03793	0.00151	0.00182

[dist]
# distance from previous block
# <min> <max>
4	12

[block]
# block no. 11 follows, 199 sequences, length 7
# corresponding to MSA columns:
# 1368-1374
name=unknown_L
#
# <colnr> <probs for GDERKNQSTAVLIFYWHMCP>
#	G	D	E	R	K	N	Q	S	T	A	V	L	I	F	Y	W	H	M	C	P
0	0.05641	0.25565	0.04142	0.00369	0.05204	0.41548	0.00294	0.02752	0.00406	0.03591	0.08806	0.00378	0.00333	0.00171	0.00136	0.00042	0.00213	0.00120	0.00093	0.00197
1	0.06196	0.00256	0.05045	0.00238	0.00326	0.00212	0.00196	0.02927	0.03246	0.05637	0.16946	0.10755	0.13584	0.00325	0.06844	0.00059	0.00134	0.00214	0.00130	0.26729
2	0.00301	0.00227	0.03041	0.00245	0.00282	0.01973	0.00185	0.08451	0.00327	0.05487	0.04529	0.08632	0.00583	0.37363	0.18789	0.00134	0.02391	0.06800	0.00115	0.00147
3	0.02710	0.38200	0.12246	0.00350	0.07675	0.01831	0.02082	0.00456	0.01831	0.07091	0.03856	0.16358	0.00447	0.00226	0.00145	0.00047	0.00162	0.03986	0.00102	0.00200
4	0.12586	0.06120	0.00403	0.00307	0.00410	0.03291	0.00250	0.39071	0.09654	0.11529	0.04145	0.06877	0.00411	0.01827	0.00165	0.00051	0.00152	0.02375	0.00147	0.00229
5	0.00359	0.00294	0.03225	0.04132	0.12792	0.00299	0.10844	0.01945	0.00341	0.13535	0.00546	0.26391	0.04099	0.00313	0.02757	0.00063	0.17515	0.00243	0.00117	0.00192
6	0.00342	0.06187	0.07202	0.39207	0.37928	0.00370	0.00445	0.00441	0.00337	0.00457	0.00318	0.05480	0.00273	0.00169	0.00157	0.00050	0.00196	0.00153	0.00078	0.00210

[dist]
# distance from previous block
# <min> <max>
8	37

[block]
# block no. 12 follows, 199 sequences, length 26
# corresponding to MSA columns:
# 1444-1450,1452-1456,1465-1467,1469-1479
name=unknown_M
#
# <colnr> <probs for GDERKNQSTAVLIFYWHMCP>
#	G	D	E	R	K	N	Q	S	T	A	V	L	I	F	Y	W	H	M	C	P
0	0.34040	0.03171	0.04283	0.02112	0.03848	0.05509	0.02557	0.13364	0.02619	0.04384	0.04246	0.03523	0.00308	0.00172	0.00132	0.00045	0.00150	0.00129	0.00112	0.15294
1	0.03653	0.02115	0.04912	0.02246	0.13551	0.03284	0.00256	0.05169	0.04479	0.05432	0.11893	0.32169	0.04721	0.00310	0.00186	0.00054	0.03266	0.00269	0.00131	0.01903
2	0.01173	0.12561	0.27414	0.01119	0.04755	0.09722	0.04572	0.13075	0.11197	0.04692	0.02560	0.03100	0.00314	0.00179	0.00152	0.00047	0.00735	0.00142	0.00105	0.02389
3	0.06260	0.25515	0.02252	0.00355	0.04458	0.07773	0.05783	0.05721	0.04137	0.04541	0.00349	0.07063	0.00320	0.03937	0.04050	0.00060	0.12698	0.00762	0.00096	0.03869
4	0.00377	0.00378	0.02692	0.10851	0.67393	0.01491	0.08107	0.00474	0.00357	0.00501	0.00316	0.02220	0.00269	0.00156	0.00166	0.00049	0.01466	0.01404	0.00080	0.01252
5	0.00230	0.00176	0.00223	0.00229	0.00264	0.00162	0.00162	0.00271	0.01447	0.00426	0.00734	0.63399	0.02275	0.06439	0.00236	0.00063	0.02916	0.02797	0.00133	0.17419
6	0.03303	0.00282	0.00295	0.00260	0.00318	0.03664	0.00190	0.19685	0.17144	0.05031	0.04863	0.03347	0.01669	0.37286	0.00417	0.00092	0.00150	0.01247	0.00579	0.00180
7	0.06561	0.04451	0.06402	0.08441	0.14323	0.04573	0.05336	0.23278	0.04586	0.10752	0.01569	0.00405	0.00282	0.00168	0.00152	0.00047	0.00676	0.00138	0.00851	0.07010
