[name]
unknown

[dist]
# distance from previous block
# <min> <max>
0	880

[block]
# block no. 0 follows, 247 sequences, length 6
# corresponding to MSA columns:
# 1298-1301,1306,1307
name=unknown_A
#
# <colnr> <probs for GDERKNQSTAVLIFYWHMCP>
#	G	D	E	R	K	N	Q	S	T	A	V	L	I	F	Y	W	H	M	C	P
0	0.06842	0.29395	0.11780	0.02072	0.09490	0.03615	0.01690	0.05249	0.01473	0.04687	0.01559	0.03340	0.00232	0.00176	0.05037	0.00043	0.00151	0.00103	0.00076	0.12990
1	0.05450	0.07113	0.16707	0.05237	0.01376	0.01544	0.02829	0.29317	0.01516	0.01646	0.02770	0.11910	0.01375	0.03006	0.02758	0.00049	0.03813	0.00147	0.01265	0.00173
2	0.04604	0.49853	0.07742	0.00260	0.04617	0.01611	0.00235	0.05235	0.01495	0.01716	0.00291	0.02085	0.02658	0.01587	0.01802	0.00038	0.00139	0.06966	0.00074	0.06991
3	0.00414	0.14085	0.07201	0.00274	0.00372	0.00361	0.00240	0.48127	0.08883	0.07525	0.00346	0.04659	0.00273	0.02589	0.04020	0.00048	0.00146	0.00127	0.00113	0.00198
4	0.05404	0.05926	0.02517	0.00270	0.00365	0.00350	0.00229	0.55906	0.08583	0.05501	0.00358	0.00415	0.00277	0.00167	0.00127	0.00040	0.00131	0.06984	0.04402	0.02049
5	0.00323	0.50722	0.07543	0.00277	0.07256	0.00392	0.00239	0.02686	0.10446	0.02196	0.04137	0.05895	0.00286	0.00145	0.00106	0.00033	0.00130	0.00111	0.00078	0.06998

[dist]
# distance from previous block
# <min> <max>
8	15

[block]
# block no. 1 follows, 247 sequences, length 26
# corresponding to MSA columns:
# 1324-1327,1329-1333,1335,1340-1342,1353-1365
name=unknown_B
#
# <colnr> <probs for GDERKNQSTAVLIFYWHMCP>
#	G	D	E	R	K	N	Q	S	T	A	V	L	I	F	Y	W	H	M	C	P
0	0.02029	0.10576	0.01103	0.04206	0.04395	0.74146	0.00260	0.01182	0.00350	0.00332	0.00204	0.00242	0.00170	0.00131	0.00115	0.00034	0.00216	0.00085	0.00066	0.00156
1	0.00167	0.00133	0.00150	0.00146	0.00184	0.00116	0.00109	0.00212	0.00328	0.00423	0.39706	0.01142	0.56113	0.00305	0.00154	0.00043	0.00064	0.00260	0.00131	0.00116
2	0.00278	0.00236	0.00274	0.00198	0.00313	0.00183	0.00158	0.02687	0.01923	0.00438	0.00240	0.00276	0.00198	0.00100	0.00098	0.00020	0.00098	0.00080	0.00080	0.92124
3	0.00196	0.00143	0.01245	0.00849	0.00236	0.00134	0.00788	0.01563	0.00283	0.02662	0.03664	0.47770	0.05964	0.01159	0.00172	0.00055	0.00096	0.32785	0.00121	0.00118
4	0.00319	0.04343	0.44385	0.04277	0.06599	0.01292	0.03572	0.13805	0.02618	0.03619	0.01860	0.00315	0.00211	0.00158	0.01826	0.00045	0.09909	0.00110	0.00075	0.00663
5	0.00224	0.00121	0.00175	0.00179	0.01776	0.00121	0.00116	0.00184	0.00180	0.01066	0.00269	0.01971	0.00276	0.13767	0.04436	0.74755	0.00125	0.00130	0.00063	0.00067
6	0.00187	0.00140	0.00210	0.00210	0.00233	0.00163	0.00163	0.00233	0.00210	0.00303	0.00350	0.00513	0.00327	0.00980	0.94890	0.00210	0.00350	0.00140	0.00070	0.00117
7	0.00332	0.44281	0.14838	0.07103	0.18971	0.03409	0.05508	0.00407	0.00957	0.02765	0.00222	0.00269	0.00183	0.00118	0.00109	0.00035	0.00160	0.00094	0.00062	0.00179
8	0.02539	0.49847	0.15073	0.00286	0.03153	0.09274	0.00938	0.09054	0.01167	0.03157	0.00890	0.00266	0.00194	0.00129	0.00111	0.00034	0.02588	0.01055	0.00070	0.00176
9	0.00197	0.00189	0.08713	0.00214	0.00245	0.00170	0.00177	0.00241	0.00222	0.00312	0.00408	0.08831	0.00423	0.22790	0.45009	0.00144	0.03582	0.07938	0.00079	0.00115
10	0.00299	0.18717	0.05598	0.00227	0.01346	0.00259	0.02079	0.02690	0.01089	0.02427	0.00238	0.01088	0.00198	0.00108	0.00100	0.00024	0.00115	0.00084	0.00076	0.63237
11	0.00286	0.00286	0.00400	0.00343	0.00343	0.00400	0.00286	0.00314	0.00200	0.00314	0.00172	0.00286	0.00172	0.00229	0.00429	0.00057	0.95168	0.00114	0.00057	0.00143
12	0.00160	0.00131	0.00140	0.00141	0.00179	0.00112	0.00104	0.00195	0.00302	0.00373	0.13926	0.08523	0.72687	0.02237	0.00166	0.00046	0.00068	0.00276	0.00124	0.00111
13	0.96330	0.00253	0.00192	0.00172	0.00253	0.00293	0.00142	0.00384	0.00222	0.00586	0.00182	0.00212	0.00142	0.00121	0.00081	0.00040	0.00101	0.00071	0.00081	0.00142
14	0.00187	0.00140	0.00210	0.00210	0.00233	0.00163	0.00163	0.00233	0.00210	0.00303	0.00350	0.00513	0.00327	0.00980	0.94890	0.00210	0.00350	0.00140	0.00070	0.00117
15	0.01377	0.76693	0.00619	0.00240	0.00345	0.11196	0.00226	0.04248	0.03413	0.00341	0.00201	0.00226	0.00177	0.00119	0.00091	0.00030	0.00149	0.00076	0.00063	0.00169
16	0.01809	0.00133	0.00163	0.01245	0.01683	0.00122	0.00127	0.00212	0.00287	0.01447	0.16242	0.38245	0.30685	0.00345	0.00167	0.02302	0.00076	0.04475	0.00122	0.00114
17	0.00985	0.44484	0.13341	0.01339	0.01825	0.23703	0.01866	0.01237	0.02724	0.02363	0.00222	0.01205	0.00189	0.00131	0.00116	0.00034	0.03395	0.00608	0.00065	0.00168
18	0.90585	0.00251	0.00199	0.00175	0.00258	0.00287	0.00145	0.00399	0.00231	0.06233	0.00202	0.00226	0.00152	0.00124	0.00084	0.00040	0.00102	0.00074	0.00086	0.00146
19	0.00328	0.00327	0.04197	0.13597	0.60810	0.04843	0.04553	0.01509	0.02248	0.03743	0.00257	0.00329	0.00206	0.00125	0.00137	0.00040	0.02372	0.00117	0.00069	0.00193
20	0.00312	0.00291	0.00492	0.17486	0.70533	0.00300	0.01408	0.00390	0.00291	0.02361	0.00251	0.00337	0.00207	0.00122	0.00132	0.00039	0.00884	0.00789	0.00066	0.03307
21	0.00161	0.00131	0.00143	0.00144	0.00182	0.00112	0.00106	0.00199	0.00307	0.00385	0.19806	0.11186	0.66028	0.00327	0.00156	0.00044	0.00066	0.00278	0.00126	0.00112
22	0.04385	0.00165	0.00217	0.02180	0.00982	0.00634	0.01780	0.02673	0.02171	0.06801	0.04935	0.15282	0.09370	0.06172	0.16632	0.00083	0.00149	0.25151	0.00109	0.00129
23	0.00294	0.00280	0.00472	0.36460	0.56813	0.00303	0.00382	0.00383	0.02614	0.00395	0.00248	0.00337	0.00199	0.00123	0.00130	0.00041	0.00161	0.00117	0.00064	0.00184
24	0.01525	0.00252	0.00321	0.01515	0.08141	0.00211	0.03834	0.06206	0.01357	0.01206	0.00245	0.00285	0.00199	0.00105	0.00105	0.00024	0.00111	0.00088	0.00080	0.74191
25	0.03465	0.02380	0.04252	0.00273	0.08036	0.02184	0.02665	0.06227	0.01444	0.38392	0.02257	0.06444	0.19203	0.00202	0.00135	0.00041	0.00114	0.00169	0.00125	0.01992

[dist]
# distance from previous block
# <min> <max>
1	6

[block]
# block no. 2 follows, 247 sequences, length 12
# corresponding to MSA columns:
# 1381-1391,1396
name=unknown_C
#
# <colnr> <probs for GDERKNQSTAVLIFYWHMCP>
#	G	D	E	R	K	N	Q	S	T	A	V	L	I	F	Y	W	H	M	C	P
0	0.44268	0.01990	0.00337	0.05956	0.22027	0.01232	0.04272	0.06646	0.01269	0.03416	0.00259	0.00349	0.00214	0.00139	0.00110	0.00041	0.00129	0.05976	0.00083	0.01284
1	0.02582	0.73309	0.07786	0.00259	0.02588	0.01876	0.01331	0.05269	0.01333	0.01346	0.00203	0.00231	0.00175	0.00118	0.00096	0.00031	0.01153	0.00079	0.00063	0.00173
2	0.06375	0.00456	0.44415	0.02899	0.02803	0.03873	0.02862	0.01267	0.02771	0.21881	0.00332	0.02477	0.00250	0.00153	0.00135	0.00042	0.02593	0.04136	0.00089	0.00188
3	0.00159	0.00119	0.00148	0.00169	0.00186	0.00108	0.00116	0.00185	0.00266	0.00345	0.03958	0.68379	0.24618	0.00385	0.00163	0.00050	0.00073	0.00343	0.00122	0.00108
4	0.00334	0.77364	0.15846	0.00257	0.00383	0.00477	0.03069	0.00396	0.00268	0.00328	0.00193	0.00225	0.00168	0.00114	0.00092	0.00031	0.00151	0.00077	0.00056	0.00172
5	0.00364	0.10340	0.12933	0.06699	0.26105	0.06180	0.07307	0.08065	0.02249	0.12533	0.00302	0.01663	0.00239	0.00142	0.00131	0.00040	0.01157	0.03278	0.00084	0.00189
6	0.00211	0.00131	0.00162	0.00165	0.00177	0.00128	0.00105	0.00226	0.00227	0.07522	0.03020	0.27447	0.00586	0.53880	0.05357	0.00101	0.00121	0.00235	0.00099	0.00101
7	0.00161	0.00118	0.00151	0.00177	0.00191	0.00109	0.00122	0.00187	0.00259	0.00339	0.00806	0.77808	0.14285	0.00396	0.00166	0.00052	0.00076	0.04369	0.00121	0.00107
8	0.00422	0.29781	0.14166	0.02478	0.05630	0.05910	0.02455	0.06460	0.01789	0.29229	0.00313	0.00316	0.00225	0.00135	0.00115	0.00036	0.00148	0.00103	0.00096	0.00193
9	0.02343	0.00316	0.00417	0.14923	0.31258	0.05334	0.01298	0.20865	0.13724	0.06426	0.00312	0.00349	0.00236	0.00141	0.00133	0.00041	0.01472	0.00120	0.00094	0.00196
10	0.00236	0.00204	0.01109	0.00285	0.09293	0.02799	0.03996	0.01344	0.06149	0.01432	0.12857	0.02036	0.19677	0.01356	0.00179	0.00050	0.05466	0.31282	0.00111	0.00139
11	0.00306	0.45822	0.46441	0.00298	0.00448	0.00406	0.00349	0.00413	0.03751	0.00368	0.00220	0.00252	0.00175	0.00120	0.00105	0.00035	0.00164	0.00086	0.00058	0.00182

[dist]
# distance from previous block
# <min> <max>
6	9

[block]
# block no. 3 follows, 247 sequences, length 26
# corresponding to MSA columns:
# 1424-1433,1493-1508
name=unknown_D
#
# <colnr> <probs for GDERKNQSTAVLIFYWHMCP>
#	G	D	E	R	K	N	Q	S	T	A	V	L	I	F	Y	W	H	M	C	P
0	0.00269	0.00835	0.05548	0.03921	0.07736	0.00269	0.10110	0.02980	0.21144	0.00411	0.03720	0.03714	0.01227	0.07607	0.16637	0.00080	0.10706	0.00634	0.00088	0.02363
1	0.00360	0.84654	0.00647	0.00234	0.00340	0.07685	0.00225	0.01877	0.00280	0.00319	0.01414	0.00224	0.00183	0.00117	0.00091	0.00029	0.01020	0.00074	0.00059	0.00167
2	0.00740	0.06293	0.06264	0.07660	0.43195	0.01543	0.01570	0.01710	0.00296	0.07225	0.01939	0.00326	0.00224	0.00131	0.01104	0.00037	0.01211	0.00108	0.00075	0.18348
3	0.00321	0.02524	0.03572	0.01018	0.10943	0.09563	0.09408	0.05313	0.04274	0.11842	0.02841	0.15074	0.00987	0.00272	0.06044	0.00056	0.00154	0.15528	0.00103	0.00161
4	0.01411	0.01962	0.05417	0.00276	0.00354	0.09606	0.01056	0.02892	0.65771	0.01467	0.00475	0.04406	0.00871	0.00182	0.00137	0.00043	0.01601	0.01761	0.00118	0.00192
5	0.67093	0.08727	0.01300	0.00238	0.00328	0.00314	0.13492	0.01131	0.00247	0.01811	0.00217	0.00280	0.00176	0.00129	0.00099	0.00041	0.00863	0.03285	0.00079	0.00150
6	0.01125	0.00331	0.08538	0.10388	0.30936	0.01451	0.20729	0.06463	0.05506	0.05419	0.00770	0.01852	0.00600	0.00144	0.00142	0.00418	0.01168	0.03756	0.00080	0.00186
7	0.00351	0.39213	0.09711	0.00985	0.09752	0.13694	0.01503	0.03397	0.00299	0.02188	0.00226	0.00261	0.00907	0.00118	0.00104	0.00031	0.00153	0.00086	0.00067	0.16956
8	0.00187	0.00151	0.00199	0.00997	0.06069	0.00144	0.01481	0.00239	0.02240	0.00412	0.30425	0.21663	0.29617	0.00305	0.00163	0.00046	0.02641	0.02776	0.00122	0.00124
9	0.00260	0.00284	0.11136	0.09322	0.13692	0.03991	0.07444	0.00780	0.05828	0.01926	0.28367	0.02053	0.06939	0.00188	0.00141	0.00040	0.00820	0.00537	0.00482	0.05770
10	0.00159	0.00115	0.00151	0.00180	0.00189	0.00107	0.00121	0.00183	0.00254	0.00338	0.02342	0.90303	0.04266	0.00404	0.00166	0.00053	0.00075	0.00366	0.00122	0.00107
11	0.00417	0.00338	0.00349	0.00291	0.01335	0.04400	0.00231	0.47297	0.41669	0.00673	0.00403	0.00386	0.00297	0.00164	0.00131	0.00041	0.00130	0.00129	0.00128	0.01193
12	0.00772	0.40651	0.09546	0.06030	0.07166	0.05753	0.12180	0.05002	0.01821	0.05100	0.00961	0.00964	0.00203	0.00124	0.00112	0.00035	0.00159	0.00100	0.00071	0.03250
13	0.01015	0.08157	0.62288	0.06506	0.05641	0.01124	0.06742	0.00414	0.00814	0.03781	0.00244	0.00291	0.00179	0.00130	0.00636	0.00042	0.01646	0.00102	0.00061	0.00187
14	0.00292	0.21119	0.53238	0.00384	0.01839	0.00356	0.20197	0.00410	0.00281	0.00392	0.00230	0.00278	0.00173	0.00118	0.00122	0.00039	0.00187	0.00103	0.00058	0.00184
15	0.00178	0.00128	0.00167	0.00180	0.00202	0.00117	0.01056	0.00214	0.00289	0.02377	0.21234	0.52853	0.14058	0.00356	0.00162	0.00049	0.00076	0.06062	0.00126	0.00114
16	0.02298	0.28594	0.37478	0.01414	0.03747	0.03087	0.03257	0.01878	0.00295	0.12816	0.01171	0.01419	0.01739	0.00134	0.00115	0.00037	0.00160	0.00103	0.00075	0.00184
17	0.00183	0.00138	0.00168	0.01021	0.00865	0.00128	0.00132	0.00234	0.04342	0.02367	0.09339	0.36216	0.33442	0.00350	0.00982	0.00050	0.00081	0.09719	0.00123	0.00119
18	0.00175	0.00131	0.00151	0.00152	0.00188	0.00115	0.00112	0.00213	0.00307	0.03049	0.22714	0.19939	0.51633	0.00327	0.00156	0.00045	0.00068	0.00282	0.00128	0.00116
19	0.01504	0.02922	0.02038	0.28258	0.21468	0.05755	0.18326	0.03017	0.00290	0.02251	0.00249	0.00348	0.00202	0.01279	0.00170	0.00044	0.10071	0.01572	0.00067	0.00169
20	0.01211	0.00272	0.00422	0.69380	0.14864	0.05486	0.03506	0.01802	0.00279	0.00360	0.00234	0.00336	0.00180	0.00129	0.00133	0.00042	0.01031	0.00115	0.00061	0.00157
21	0.00163	0.00125	0.00149	0.00165	0.00189	0.00112	0.00118	0.00193	0.00277	0.00354	0.06140	0.45912	0.37004	0.02376	0.00173	0.00051	0.00075	0.06195	0.00122	0.00109
22	0.00307	0.00332	0.05773	0.06800	0.03361	0.00308	0.59289	0.00961	0.05103	0.04741	0.01111	0.01949	0.00254	0.00149	0.01136	0.00047	0.04114	0.04015	0.00077	0.00174
23	0.06507	0.02827	0.06439	0.25101	0.14869	0.10247	0.04264	0.08147	0.02873	0.08098	0.00306	0.02041	0.00251	0.00154	0.00131	0.00042	0.00756	0.06690	0.00084	0.00172
24	0.51360	0.04246	0.00286	0.01753	0.02686	0.16731	0.01593	0.04280	0.00285	0.08981	0.01042	0.01577	0.00198	0.01063	0.00670	0.00041	0.02255	0.00709	0.00087	0.00156
25	0.00788	0.02886	0.34468	0.09107	0.13261	0.00832	0.23346	0.01323	0.01666	0.04837	0.00279	0.01817	0.00218	0.00738	0.00853	0.00044	0.00656	0.02078	0.00621	0.00182

[dist]
# distance from previous block
# <min> <max>
17	40

[block]
# block no. 4 follows, 247 sequences, length 7
# corresponding to MSA columns:
# 1557-1561,1563,1564
name=unknown_E
#
# <colnr> <probs for GDERKNQSTAVLIFYWHMCP>
#	G	D	E	R	K	N	Q	S	T	A	V	L	I	F	Y	W	H	M	C	P
0	0.02927	0.00289	0.11021	0.01810	0.22792	0.00243	0.09925	0.00393	0.09941	0.05258	0.23557	0.02832	0.02007	0.00175	0.00137	0.00041	0.00128	0.01348	0.00099	0.05078
1	0.00258	0.02778	0.21631	0.03179	0.02971	0.03228	0.01771	0.07360	0.00317	0.00421	0.00518	0.04540	0.03259	0.00262	0.00155	0.00051	0.00144	0.46909	0.00099	0.00150
2	0.00219	0.07967	0.02112	0.00222	0.05038	0.00186	0.04915	0.00283	0.04790	0.02559	0.15221	0.06852	0.41899	0.00261	0.00144	0.00042	0.00092	0.02564	0.00112	0.04522
3	0.02478	0.00232	0.00311	0.00284	0.00305	0.00289	0.02545	0.00335	0.11502	0.00364	0.00401	0.05471	0.02330	0.08323	0.00326	0.00061	0.44001	0.20215	0.00087	0.00139
4	0.05399	0.00246	0.00280	0.00204	0.00317	0.00203	0.00165	0.09326	0.00306	0.04502	0.00250	0.00279	0.00199	0.00107	0.00101	0.00023	0.00102	0.00083	0.00086	0.77823
5	0.00175	0.00126	0.00162	0.00174	0.00196	0.00116	0.00127	0.00208	0.00288	0.00383	0.24473	0.38054	0.17211	0.00358	0.00188	0.07174	0.00078	0.10276	0.00122	0.00109
6	0.10932	0.01634	0.00303	0.01611	0.02522	0.09758	0.00204	0.23125	0.24128	0.05080	0.08955	0.02586	0.04109	0.00203	0.02509	0.01778	0.00130	0.00140	0.00115	0.00179

[dist]
# distance from previous block
# <min> <max>
0	1

[block]
# block no. 5 follows, 247 sequences, length 24
# corresponding to MSA columns:
# 1566-1577,1579-1584,1614-1619
name=unknown_F
#
# <colnr> <probs for GDERKNQSTAVLIFYWHMCP>
#	G	D	E	R	K	N	Q	S	T	A	V	L	I	F	Y	W	H	M	C	P
0	0.11575	0.05243	0.05844	0.03405	0.03996	0.31686	0.01423	0.11213	0.00361	0.20773	0.00285	0.00298	0.00207	0.00137	0.00117	0.00037	0.00166	0.00100	0.00095	0.03039
1	0.01355	0.04989	0.00361	0.27574	0.06458	0.01355	0.01169	0.04002	0.06000	0.29727	0.00922	0.00403	0.00265	0.03839	0.05666	0.00054	0.04217	0.00124	0.00101	0.01417
2	0.00279	0.00809	0.03020	0.00219	0.00325	0.05685	0.02878	0.00341	0.01235	0.01164	0.00281	0.00339	0.02597	0.00164	0.05543	0.00034	0.00126	0.02109	0.00079	0.72772
3	0.00312	0.03769	0.53287	0.00866	0.01647	0.01491	0.02653	0.01810	0.00295	0.13564	0.00320	0.05841	0.01673	0.00147	0.00125	0.00039	0.00159	0.00567	0.00080	0.11356
4	0.00302	0.14080	0.00381	0.05766	0.03173	0.02327	0.01727	0.04756	0.03186	0.00408	0.00230	0.00280	0.00193	0.00127	0.00149	0.00030	0.13607	0.00090	0.00074	0.49116
5	0.00323	0.00310	0.00530	0.00802	0.94592	0.00310	0.00401	0.00401	0.00298	0.00427	0.00246	0.00323	0.00207	0.00116	0.00129	0.00039	0.00155	0.00116	0.00065	0.00207
6	0.00335	0.00252	0.00379	0.65616	0.00735	0.00295	0.00320	0.14777	0.00331	0.14105	0.00285	0.00356	0.00203	0.00140	0.00134	0.00043	0.01321	0.00119	0.00084	0.00168
7	0.01812	0.00290	0.00409	0.48705	0.00668	0.00336	0.05758	0.34655	0.00393	0.02556	0.00268	0.00334	0.00196	0.00142	0.00140	0.00042	0.02913	0.00118	0.00088	0.00177
8	0.00193	0.00129	0.00150	0.00149	0.00150	0.00132	0.00086	0.00192	0.00190	0.00254	0.00397	0.00814	0.00454	0.86709	0.02865	0.05036	0.01760	0.00184	0.00077	0.00080
9	0.00202	0.00154	0.00193	0.05685	0.00254	0.00144	0.02303	0.00265	0.05134	0.04906	0.25332	0.12016	0.41168	0.00291	0.00153	0.00044	0.00081	0.01424	0.00125	0.00127
10	0.00292	0.00232	0.00276	0.02717	0.00327	0.00179	0.00163	0.00351	0.00278	0.06997	0.00252	0.00285	0.00202	0.00102	0.00100	0.00021	0.00100	0.00082	0.00083	0.86960
11	0.00497	0.00366	0.00392	0.00301	0.00405	0.00405	0.00248	0.94157	0.00614	0.00824	0.00314	0.00314	0.00222	0.00157	0.00131	0.00039	0.00144	0.00118	0.00131	0.00222
12	0.00277	0.00253	0.01958	0.03529	0.55878	0.00958	0.00303	0.00338	0.00288	0.03202	0.01037	0.22671	0.06937	0.00206	0.00143	0.00043	0.00823	0.00900	0.00085	0.00173
13	0.03052	0.01198	0.00245	0.00218	0.00245	0.03853	0.00166	0.07794	0.01405	0.03957	0.04859	0.02717	0.13140	0.01558	0.02052	0.35567	0.17197	0.00577	0.00084	0.00114
14	0.00261	0.02407	0.89378	0.00364	0.00549	0.00302	0.00466	0.00407	0.00273	0.00408	0.00238	0.00284	0.00172	0.00157	0.03747	0.00048	0.00198	0.00098	0.00056	0.00190
15	0.00353	0.00294	0.04579	0.12136	0.39407	0.00958	0.04356	0.00422	0.00293	0.18655	0.00302	0.02015	0.00239	0.00152	0.00174	0.00043	0.13532	0.01817	0.00083	0.00188
16	0.00297	0.01316	0.18482	0.12635	0.34642	0.01118	0.12863	0.00978	0.00293	0.04397	0.00314	0.07031	0.00897	0.00153	0.00136	0.00042	0.00165	0.03985	0.00073	0.00181
17	0.00289	0.00272	0.00452	0.18733	0.61206	0.00283	0.01165	0.00372	0.03011	0.00403	0.00336	0.05921	0.04251	0.00153	0.00135	0.00042	0.00149	0.02573	0.00073	0.00183
18	0.00174	0.00133	0.00160	0.00154	0.00190	0.00119	0.00116	0.00226	0.00343	0.00460	0.59130	0.01087	0.34973	0.00292	0.00155	0.00043	0.00064	0.01927	0.00135	0.00119
19	0.08278	0.00262	0.00298	0.01657	0.00338	0.06607	0.04637	0.27190	0.00392	0.03782	0.05034	0.05935	0.02312	0.00243	0.00148	0.00047	0.00132	0.32434	0.00116	0.00159
20	0.00313	0.00304	0.00525	0.10817	0.75485	0.00313	0.05901	0.00392	0.00291	0.00412	0.00243	0.00326	0.00202	0.00122	0.00142	0.00040	0.03794	0.00119	0.00064	0.00196
21	0.00169	0.00131	0.00160	0.00174	0.00203	0.00121	0.00132	0.00206	0.00276	0.00351	0.01951	0.29511	0.39624	0.00424	0.09644	0.00066	0.00107	0.16522	0.00116	0.00112
22	0.00189	0.00134	0.00174	0.00167	0.00199	0.00123	0.00126	0.00246	0.00354	0.02157	0.76431	0.08118	0.07365	0.00283	0.00156	0.00043	0.00066	0.03407	0.00140	0.00123
23	0.01182	0.00284	0.00416	0.32588	0.15288	0.03254	0.02434	0.06186	0.00275	0.00382	0.03025	0.00335	0.00213	0.00168	0.00235	0.00047	0.33345	0.00119	0.00067	0.00159

[dist]
# distance from previous block
# <min> <max>
0	4

[block]
# block no. 6 follows, 247 sequences, length 12
# corresponding to MSA columns:
# 1630-1633,1635-1642
name=unknown_G
#
# <colnr> <probs for GDERKNQSTAVLIFYWHMCP>
#	G	D	E	R	K	N	Q	S	T	A	V	L	I	F	Y	W	H	M	C	P
0	0.07643	0.00241	0.02284	0.08105	0.08266	0.00220	0.00224	0.01759	0.00345	0.66012	0.00450	0.02016	0.01518	0.00158	0.00128	0.00041	0.00120	0.00129	0.00135	0.00205
1	0.00163	0.00134	0.00151	0.00167	0.02950	0.00117	0.00117	0.00196	0.00286	0.00351	0.01122	0.21252	0.66497	0.02158	0.00167	0.00048	0.00074	0.03820	0.00119	0.00112
2	0.00275	0.00290	0.06796	0.54818	0.34558	0.00298	0.00385	0.00363	0.00275	0.00373	0.00237	0.00335	0.00185	0.00125	0.00130	0.00042	0.00169	0.00115	0.00060	0.00171
3	0.00303	0.01440	0.17921	0.03697	0.14426	0.02878	0.07048	0.08792	0.01515	0.06361	0.00424	0.05274	0.00400	0.00213	0.00149	0.00047	0.00962	0.27884	0.00095	0.00169
4	0.88407	0.00261	0.00240	0.00203	0.00288	0.00296	0.07896	0.00387	0.00229	0.00572	0.00189	0.00224	0.00146	0.00120	0.00087	0.00041	0.00111	0.00078	0.00080	0.00144
5	0.00268	0.00190	0.00304	0.32520	0.11787	0.00212	0.00244	0.00290	0.00235	0.06657	0.00270	0.04487	0.00239	0.00275	0.00293	0.38201	0.03212	0.00127	0.00068	0.00121
6	0.00173	0.00134	0.00155	0.00159	0.00196	0.00121	0.00121	0.00211	0.00290	0.02078	0.06171	0.11329	0.59948	0.00396	0.08972	0.00062	0.00099	0.09152	0.00118	0.00114
7	0.00299	0.00270	0.00425	0.03920	0.43734	0.00275	0.08479	0.08123	0.09415	0.00472	0.12974	0.06562	0.03162	0.00173	0.00139	0.00042	0.00135	0.01125	0.00093	0.00182
8	0.03038	0.00236	0.00307	0.04361	0.08119	0.00208	0.03507	0.01927	0.04654	0.01285	0.02568	0.02978	0.00288	0.01409	0.00125	0.00031	0.01185	0.06410	0.00085	0.57279
9	0.03347	0.08096	0.02210	0.37618	0.08855	0.03639	0.02491	0.05431	0.04106	0.02618	0.00272	0.01260	0.00224	0.01591	0.08474	0.00887	0.02827	0.01268	0.00073	0.04714
10	0.04804	0.02631	0.04128	0.22631	0.35471	0.01833	0.05661	0.01466	0.01888	0.04660	0.02227	0.01309	0.00908	0.00190	0.06513	0.00052	0.00938	0.00122	0.00073	0.02495
11	0.01203	0.02386	0.10983	0.00996	0.12625	0.00238	0.02252	0.03287	0.11618	0.02531	0.02871	0.07159	0.01636	0.00149	0.00119	0.00033	0.00119	0.00772	0.00088	0.38935

[dist]
# distance from previous block
# <min> <max>
1	18

[block]
# block no. 7 follows, 247 sequences, length 12
# corresponding to MSA columns:
# 1688-1699
name=unknown_H
#
# <colnr> <probs for GDERKNQSTAVLIFYWHMCP>
#	G	D	E	R	K	N	Q	S	T	A	V	L	I	F	Y	W	H	M	C	P
0	0.02216	0.09433	0.15316	0.07878	0.16855	0.03546	0.08338	0.05018	0.10626	0.07385	0.02574	0.02783	0.01100	0.01067	0.00134	0.00040	0.00949	0.00728	0.00085	0.03930
1	0.05382	0.04543	0.04497	0.04742	0.01297	0.04244	0.02337	0.04278	0.02498	0.05340	0.08017	0.01742	0.05173	0.01082	0.02774	0.00037	0.00955	0.00118	0.00090	0.40854
2	0.00312	0.01968	0.06560	0.14570	0.18796	0.03434	0.12735	0.03979	0.06934	0.06563	0.04355	0.01866	0.02155	0.02880	0.01113	0.01009	0.02182	0.00133	0.00815	0.07640
3	0.00927	0.01881	0.00237	0.05243	0.01291	0.06568	0.00852	0.04586	0.03706	0.01550	0.09611	0.02860	0.01616	0.30369	0.22879	0.00799	0.02662	0.01036	0.00087	0.01239
4	0.00195	0.00145	0.00206	0.00203	0.00224	0.00166	0.00153	0.02160	0.00216	0.00307	0.00363	0.02649	0.00357	0.16127	0.73593	0.00186	0.02410	0.00152	0.00074	0.00113
5	0.02814	0.55338	0.00531	0.00247	0.00339	0.08270	0.04269	0.04723	0.00299	0.06509	0.00298	0.09253	0.00284	0.00163	0.00109	0.00035	0.00141	0.06134	0.00079	0.00163
6	0.00172	0.00126	0.00155	0.00171	0.00195	0.00114	0.00123	0.00203	0.00279	0.02153	0.06553	0.51291	0.29700	0.00368	0.00163	0.00050	0.00076	0.07874	0.00123	0.00112
7	0.00227	0.00113	0.00170	0.00170	0.00170	0.00113	0.00113	0.00170	0.00170	0.00227	0.00227	0.00397	0.00227	0.00454	0.00511	0.96198	0.00113	0.00113	0.00057	0.00057
8	0.04276	0.08272	0.03642	0.01586	0.10185	0.04876	0.02193	0.16317	0.04040	0.37714	0.00372	0.00382	0.00265	0.03033	0.00145	0.00042	0.01473	0.00869	0.00117	0.00200
9	0.03541	0.39328	0.07662	0.01348	0.09036	0.13910	0.05267	0.06851	0.04715	0.03107	0.00234	0.00268	0.00191	0.00129	0.00121	0.00035	0.03916	0.00094	0.00072	0.00176
10	0.01283	0.23170	0.46459	0.00314	0.01631	0.02573	0.02003	0.04549	0.03522	0.05111	0.01208	0.00285	0.00198	0.00126	0.00114	0.00036	0.00163	0.00095	0.00070	0.07091
11	0.04845	0.37874	0.12753	0.01120	0.02931	0.03118	0.04383	0.04861	0.06151	0.12555	0.04690	0.00331	0.01260	0.00137	0.00110	0.00035	0.00141	0.00104	0.00085	0.02517

[dist]
# distance from previous block
# <min> <max>
1	17

[block]
# block no. 8 follows, 247 sequences, length 32
# corresponding to MSA columns:
# 1732-1735,1737-1741,1751-1756,1775-1788,1810-1812
name=unknown_I
#
# <colnr> <probs for GDERKNQSTAVLIFYWHMCP>
#	G	D	E	R	K	N	Q	S	T	A	V	L	I	F	Y	W	H	M	C	P
0	0.00320	0.25847	0.02787	0.29789	0.08733	0.04759	0.01466	0.06186	0.03822	0.03019	0.00261	0.03918	0.00218	0.00139	0.00123	0.00037	0.01999	0.00111	0.00072	0.06395
1	0.07814	0.01289	0.00351	0.02128	0.01691	0.03263	0.01603	0.00916	0.01944	0.04802	0.00272	0.01450	0.03489	0.01220	0.06998	0.00062	0.55217	0.01401	0.00072	0.04019
2	0.01260	0.00239	0.01765	0.13625	0.14826	0.00592	0.02404	0.02372	0.02230	0.05203	0.05976	0.09297	0.04764	0.00167	0.00135	0.00036	0.03163	0.00143	0.00088	0.31715
3	0.00294	0.01062	0.01250	0.00909	0.01076	0.05272	0.04462	0.07695	0.04865	0.07495	0.02033	0.01734	0.00546	0.00269	0.00164	0.00050	0.02438	0.52137	0.00114	0.06135
4	0.00311	0.01725	0.00371	0.01837	0.01177	0.15543	0.02571	0.01259	0.01138	0.01347	0.00218	0.00312	0.00199	0.00291	0.12702	0.00068	0.49758	0.00110	0.00065	0.08998
5	0.00180	0.00135	0.00159	0.00164	0.00198	0.00121	0.00124	0.01119	0.00305	0.02257	0.19207	0.19368	0.44162	0.00340	0.01204	0.00900	0.00078	0.09738	0.00125	0.00116
6	0.00306	0.00239	0.00289	0.01111	0.00928	0.00191	0.01799	0.03881	0.01724	0.08042	0.00268	0.00304	0.00214	0.00109	0.00104	0.00023	0.00103	0.00993	0.00087	0.79285
7	0.00566	0.00222	0.00300	0.00231	0.00332	0.00191	0.00190	0.00617	0.00368	0.88751	0.00504	0.00449	0.00322	0.00161	0.00130	0.00040	0.00111	0.01321	0.00157	0.05038
8	0.00278	0.00233	0.00272	0.00196	0.00311	0.00177	0.00157	0.00342	0.02102	0.02111	0.00243	0.00278	0.00200	0.00100	0.00098	0.00020	0.00097	0.00080	0.00080	0.92626
9	0.00320	0.00309	0.00534	0.03047	0.87469	0.00309	0.04212	0.00399	0.00297	0.00424	0.00246	0.00325	0.00206	0.00116	0.00130	0.00039	0.00158	0.00118	0.00065	0.01277
10	0.00203	0.00183	0.05787	0.01543	0.01277	0.00151	0.01677	0.00614	0.03022	0.01027	0.08143	0.40361	0.07431	0.00312	0.00155	0.00048	0.00097	0.17437	0.00816	0.09717
11	0.00315	0.01285	0.03424	0.13228	0.18202	0.00234	0.01681	0.02251	0.01043	0.11320	0.01041	0.01961	0.02579	0.00132	0.00123	0.00033	0.01561	0.00602	0.00085	0.38902
12	0.00193	0.00151	0.00190	0.01500	0.00235	0.00129	0.00134	0.00228	0.00257	0.00361	0.00577	0.64813	0.01801	0.00312	0.00145	0.00043	0.00083	0.00280	0.00107	0.28461
13	0.02265	0.00233	0.00269	0.00193	0.00309	0.00177	0.00155	0.00330	0.00270	0.00429	0.00231	0.00270	0.00192	0.00097	0.00096	0.00020	0.00097	0.00077	0.00077	0.94212
14	0.64942	0.05028	0.02271	0.00990	0.03448	0.00313	0.00179	0.03988	0.14945	0.00561	0.01315	0.00274	0.00202	0.00133	0.00098	0.00041	0.00935	0.00089	0.00089	0.00159
15	0.00285	0.00284	0.00356	0.00312	0.00323	0.07711	0.00254	0.00328	0.03792	0.00319	0.00223	0.00347	0.00215	0.04611	0.13532	0.00079	0.66704	0.00120	0.00064	0.00140
16	0.01668	0.14404	0.29316	0.02974	0.00428	0.02022	0.03918	0.04222	0.00322	0.29434	0.03459	0.00385	0.02771	0.00156	0.00825	0.00041	0.02440	0.00930	0.00098	0.00189
17	0.00265	0.01901	0.82239	0.00367	0.00545	0.00297	0.04937	0.00408	0.01179	0.01324	0.00266	0.04052	0.00206	0.00138	0.00128	0.00042	0.00187	0.01271	0.00061	0.00188
18	0.00497	0.00366	0.00392	0.00301	0.00405	0.00405	0.00248	0.94157	0.00614	0.00824	0.00314	0.00314	0.00222	0.00157	0.00131	0.00039	0.00144	0.00118	0.00131	0.00222
19	0.00187	0.00140	0.00208	0.00208	0.00230	0.00162	0.00160	0.00232	0.00211	0.00305	0.01530	0.00529	0.00342	0.03616	0.91064	0.00206	0.00340	0.00143	0.00071	0.00116
20	0.00446	0.00553	0.00376	0.05969	0.00425	0.76165	0.00264	0.00482	0.00340	0.00320	0.00200	0.00249	0.00169	0.00147	0.00162	0.00038	0.13391	0.00090	0.00065	0.00150
21	0.00271	0.00232	0.00271	0.00194	0.00310	0.00174	0.00155	0.00329	0.00271	0.00426	0.00232	0.00271	0.00194	0.00097	0.00097	0.00019	0.00097	0.00077	0.00077	0.96206
22	0.00279	0.00237	0.00275	0.00198	0.00312	0.00183	0.00158	0.04390	0.00286	0.00442	0.00242	0.01461	0.00203	0.00103	0.00099	0.00021	0.00099	0.00083	0.00080	0.90849
23	0.00320	0.02811	0.15352	0.02743	0.05456	0.01637	0.01269	0.01992	0.00992	0.12733	0.01107	0.01328	0.00225	0.00127	0.00947	0.00031	0.00126	0.00098	0.00085	0.50621
24	0.00262	0.00676	0.94730	0.00372	0.00566	0.00303	0.00483	0.00414	0.00276	0.00414	0.00235	0.00276	0.00166	0.00124	0.00124	0.00041	0.00193	0.00097	0.00055	0.00193
25	0.00187	0.00140	0.00209	0.00209	0.00232	0.00163	0.00162	0.00232	0.00210	0.00302	0.00351	0.00520	0.00330	0.02902	0.92972	0.00208	0.00345	0.00141	0.00070	0.00116
26	0.00164	0.00118	0.00155	0.00182	0.00193	0.00111	0.00123	0.00195	0.01694	0.00348	0.05560	0.84443	0.03955	0.00395	0.00165	0.00052	0.00076	0.01838	0.00123	0.00109
27	0.00231	0.00184	0.00218	0.00181	0.00247	0.00151	0.00132	0.00268	0.00246	0.00364	0.00361	0.14398	0.00378	0.23297	0.01671	0.01790	0.00106	0.02616	0.00085	0.53077
28	0.00380	0.21143	0.01037	0.00270	0.00358	0.09490	0.00225	0.18409	0.44767	0.01277	0.00381	0.00375	0.00293	0.00156	0.00121	0.00039	0.00133	0.00842	0.00109	0.00195
29	0.00302	0.15339	0.41342	0.01178	0.18629	0.00773	0.07663	0.01007	0.01373	0.02493	0.00243	0.00773	0.00189	0.00121	0.00119	0.00037	0.00168	0.00102	0.00064	0.08084
30	0.00918	0.06985	0.56235	0.02792	0.06330	0.04122	0.06313	0.03041	0.00302	0.10875	0.00265	0.00299	0.00190	0.00128	0.00126	0.00040	0.00673	0.00104	0.00071	0.00192
31	0.01491	0.03010	0.87727	0.00364	0.00550	0.00307	0.01151	0.00420	0.01126	0.02337	0.00241	0.00279	0.00171	0.00125	0.00123	0.00041	0.00188	0.00097	0.00058	0.00192

[dist]
# distance from previous block
# <min> <max>
6	22

[block]
# block no. 9 follows, 247 sequences, length 17
# corresponding to MSA columns:
# 1866-1875,1877,1881-1886
name=unknown_J
#
# <colnr> <probs for GDERKNQSTAVLIFYWHMCP>
#	G	D	E	R	K	N	Q	S	T	A	V	L	I	F	Y	W	H	M	C	P
0	0.00190	0.00133	0.00164	0.00163	0.00173	0.00137	0.00105	0.00210	0.01175	0.00286	0.04039	0.04175	0.01836	0.61889	0.23188	0.00137	0.00174	0.00185	0.00082	0.01557
1	0.00174	0.00137	0.01053	0.00196	0.02638	0.00124	0.01311	0.00214	0.01333	0.00374	0.13241	0.52976	0.19323	0.00354	0.00161	0.00049	0.00080	0.05272	0.00874	0.00116
2	0.00288	0.00236	0.00275	0.00199	0.00313	0.00183	0.00159	0.02657	0.01785	0.03592	0.00249	0.00281	0.00202	0.00102	0.00099	0.00021	0.00099	0.00081	0.00082	0.89096
3	0.01009	0.00307	0.02856	0.15744	0.14774	0.01484	0.35279	0.03467	0.08912	0.08126	0.02023	0.01298	0.01596	0.00139	0.00142	0.00043	0.00885	0.00968	0.00766	0.00180
4	0.01293	0.09806	0.01127	0.05852	0.49902	0.07373	0.06017	0.06630	0.02848	0.05442	0.00261	0.00317	0.00209	0.00127	0.00132	0.00039	0.02245	0.00113	0.00075	0.00193
5	0.00212	0.00167	0.00222	0.00209	0.00220	0.00198	0.00154	0.01536	0.00207	0.00294	0.00359	0.00619	0.02316	0.39210	0.34240	0.00139	0.19360	0.00158	0.00073	0.00108
6	0.04568	0.28961	0.06625	0.02953	0.04995	0.04990	0.01347	0.25289	0.04397	0.05116	0.00268	0.01286	0.00210	0.00135	0.00113	0.00035	0.00725	0.00100	0.00089	0.07797
7	0.01410	0.00287	0.00325	0.05432	0.00373	0.04289	0.01056	0.38632	0.01744	0.29364	0.00382	0.00379	0.00265	0.00156	0.00128	0.00039	0.01284	0.00121	0.14136	0.00198
8	0.00163	0.00117	0.00154	0.00180	0.00190	0.00110	0.00122	0.00187	0.00249	0.00331	0.00716	0.81017	0.04647	0.05329	0.03228	0.00062	0.00088	0.02886	0.00117	0.00106
9	0.00244	0.00229	0.00382	0.89157	0.00858	0.00285	0.00350	0.00327	0.00261	0.00334	0.00275	0.00384	0.04026	0.00141	0.00138	0.00044	0.02235	0.00123	0.00061	0.00144
10	0.00341	0.04764	0.05135	0.04207	0.29428	0.01201	0.10532	0.04434	0.03584	0.15055	0.02047	0.13009	0.00330	0.00175	0.00151	0.00043	0.05133	0.00157	0.00093	0.00183
11	0.00184	0.00136	0.00172	0.00164	0.00196	0.00126	0.00123	0.00248	0.02421	0.00501	0.80086	0.04771	0.09828	0.00277	0.00154	0.00042	0.00064	0.00243	0.00141	0.00123
12	0.03268	0.00230	0.00265	0.00193	0.00304	0.00180	0.00155	0.01271	0.01176	0.02887	0.01317	0.00291	0.00214	0.00104	0.00098	0.00022	0.00096	0.00083	0.02987	0.84859
13	0.36735	0.00238	0.00271	0.01533	0.02121	0.00239	0.01478	0.02687	0.00314	0.49814	0.00372	0.01416	0.00254	0.01089	0.00862	0.00043	0.00113	0.00111	0.00124	0.00186
14	0.00190	0.00140	0.00202	0.00201	0.00220	0.00160	0.00151	0.00226	0.00206	0.00294	0.00353	0.00559	0.00344	0.15340	0.76445	0.02745	0.01897	0.00146	0.00071	0.00110
15	0.08346	0.21568	0.08228	0.04538	0.05653	0.04028	0.03134	0.19321	0.01453	0.08668	0.00268	0.01288	0.00208	0.00687	0.00117	0.00036	0.00754	0.00101	0.00088	0.11518
16	0.04519	0.09677	0.02479	0.41074	0.08649	0.15610	0.05038	0.01324	0.03594	0.00938	0.00236	0.00315	0.00188	0.00134	0.00137	0.00040	0.04627	0.00640	0.00066	0.00715

[dist]
# distance from previous block
# <min> <max>
0	1

[block]
# block no. 10 follows, 247 sequences, length 22
# corresponding to MSA columns:
# 1888-1907,1927,1928
name=unknown_K
#
# <colnr> <probs for GDERKNQSTAVLIFYWHMCP>
#	G	D	E	R	K	N	Q	S	T	A	V	L	I	F	Y	W	H	M	C	P
0	0.00176	0.00136	0.00158	0.00157	0.00193	0.00123	0.00118	0.00224	0.01826	0.01687	0.28316	0.07338	0.48076	0.01751	0.06581	0.00057	0.00088	0.02752	0.00125	0.00117
1	0.00916	0.00338	0.01775	0.18360	0.29207	0.10612	0.22323	0.01009	0.00932	0.00385	0.00239	0.00325	0.00194	0.00151	0.02216	0.00046	0.10615	0.00122	0.00064	0.00173
2	0.00267	0.03708	0.85143	0.00366	0.00548	0.01830	0.02477	0.00409	0.00278	0.00408	0.00248	0.01454	0.00186	0.00132	0.00125	0.00041	0.00190	0.01942	0.00058	0.00189
3	0.00261	0.00240	0.00401	0.78065	0.10408	0.00287	0.01549	0.00351	0.02216	0.01857	0.01309	0.00375	0.00953	0.00136	0.00132	0.00043	0.00168	0.01028	0.00064	0.00154
4	0.00191	0.00131	0.00155	0.00155	0.00158	0.00135	0.00094	0.00198	0.00194	0.00262	0.00408	0.01856	0.00461	0.81417	0.11058	0.00133	0.01594	0.01237	0.00079	0.00085
5	0.00298	0.10728	0.65697	0.00358	0.00523	0.03426	0.07123	0.05102	0.01537	0.01731	0.01527	0.00290	0.00191	0.00128	0.00125	0.00040	0.00822	0.00102	0.00064	0.00189
6	0.00247	0.00232	0.00392	0.95093	0.00900	0.00290	0.00363	0.00334	0.00261	0.00334	0.00232	0.00348	0.00174	0.00131	0.00131	0.00044	0.00174	0.00116	0.00058	0.00145
7	0.00260	0.00152	0.00179	0.00162	0.00202	0.01165	0.06222	0.03710	0.00290	0.01399	0.00421	0.04056	0.00340	0.00159	0.00100	0.00033	0.00077	0.00133	0.80810	0.00130
8	0.00163	0.00119	0.00164	0.00188	0.00200	0.00111	0.01908	0.00188	0.00253	0.00336	0.00726	0.89920	0.03216	0.00401	0.00166	0.00053	0.00079	0.01580	0.00120	0.00108
9	0.00349	0.95486	0.00685	0.00224	0.00335	0.00517	0.00224	0.00391	0.00266	0.00307	0.00182	0.00210	0.00168	0.00112	0.00084	0.00028	0.00140	0.00070	0.00056	0.00168
10	0.00160	0.00115	0.00153	0.00183	0.00192	0.00107	0.00123	0.00184	0.00251	0.00335	0.00720	0.93035	0.00862	0.00408	0.00167	0.00053	0.00077	0.02647	0.00121	0.00106
11	0.00196	0.00150	0.00216	0.00214	0.00241	0.00174	0.00166	0.00265	0.06589	0.00320	0.00362	0.00512	0.00332	0.00926	0.88469	0.00199	0.00333	0.00141	0.00074	0.00123
12	0.00163	0.00116	0.00153	0.00181	0.00189	0.00109	0.00121	0.00185	0.00247	0.00330	0.00699	0.86374	0.00835	0.06845	0.00201	0.00058	0.00080	0.02893	0.00118	0.00105
13	0.00403	0.00172	0.00209	0.00175	0.00239	0.00158	0.00140	0.02058	0.00325	0.43178	0.00465	0.00465	0.00328	0.00157	0.00110	0.00035	0.00085	0.00126	0.51004	0.00169
14	0.00280	0.00235	0.00274	0.00197	0.00312	0.00181	0.00158	0.01758	0.01899	0.01758	0.00243	0.00278	0.00199	0.00100	0.00098	0.00020	0.00098	0.00080	0.00080	0.91753
15	0.00247	0.00232	0.00392	0.95093	0.00900	0.00290	0.00363	0.00334	0.00261	0.00334	0.00232	0.00348	0.00174	0.00131	0.00131	0.00044	0.00174	0.00116	0.00058	0.00145
16	0.00964	0.00235	0.00392	0.00896	0.05191	0.00227	0.27444	0.06704	0.04644	0.05285	0.29863	0.01918	0.09375	0.00209	0.00150	0.00043	0.00128	0.06062	0.00112	0.00157
17	0.00263	0.00260	0.02804	0.62491	0.10270	0.01370	0.09419	0.00352	0.01513	0.01603	0.02070	0.04180	0.01239	0.00145	0.00135	0.00043	0.00168	0.00662	0.00067	0.00944
18	0.00287	0.00272	0.00459	0.36949	0.53009	0.00295	0.00372	0.00366	0.00285	0.00392	0.03514	0.00366	0.01356	0.00131	0.00135	0.00041	0.01405	0.00122	0.00065	0.00178
19	0.00304	0.00953	0.00310	0.12155	0.07066	0.14093	0.01005	0.09709	0.06055	0.02027	0.12928	0.02827	0.01638	0.00228	0.00154	0.00046	0.02542	0.25703	0.00104	0.00153
20	0.00293	0.00289	0.00440	0.52089	0.35565	0.06707	0.00367	0.00378	0.01924	0.00371	0.00240	0.00334	0.00190	0.00126	0.00129	0.00041	0.00170	0.00115	0.00062	0.00170
21	0.00213	0.00158	0.00210	0.00205	0.00237	0.00154	0.02999	0.06600	0.01198	0.02315	0.21900	0.44828	0.04409	0.01257	0.00169	0.00049	0.02258	0.07377	0.00123	0.03340

[dist]
# distance from previous block
# <min> <max>
2	5

[block]
# block no. 11 follows, 247 sequences, length 28
# corresponding to MSA columns:
# 1942-1947,1955-1969,1980-1985,1988
name=unknown_L
#
# <colnr> <probs for GDERKNQSTAVLIFYWHMCP>
#	G	D	E	R	K	N	Q	S	T	A	V	L	I	F	Y	W	H	M	C	P
0	0.02441	0.64707	0.01810	0.02287	0.04441	0.14460	0.01412	0.00426	0.05457	0.00337	0.00209	0.00240	0.00182	0.00121	0.00099	0.00031	0.01027	0.00081	0.00063	0.00168
1	0.00306	0.00231	0.00282	0.02800	0.03102	0.00185	0.00172	0.02436	0.00291	0.10889	0.00304	0.03026	0.02302	0.00121	0.00107	0.00025	0.00102	0.00099	0.00089	0.73133
2	0.00310	0.14714	0.58592	0.05719	0.02310	0.06450	0.01576	0.02658	0.02256	0.03900	0.00244	0.00281	0.00180	0.00126	0.00119	0.00039	0.00180	0.00097	0.00064	0.00186
3	0.00408	0.40349	0.03322	0.00290	0.04721	0.00431	0.00912	0.40682	0.02582	0.02137	0.02825	0.00294	0.00230	0.00138	0.00112	0.00035	0.00141	0.00101	0.00094	0.00194
4	0.00160	0.00115	0.00151	0.00180	0.00188	0.00107	0.00120	0.00182	0.00250	0.00332	0.00731	0.90459	0.03616	0.02511	0.00177	0.00054	0.00077	0.00365	0.00120	0.00106
5	0.00159	0.00125	0.00144	0.00154	0.00183	0.00110	0.00110	0.00191	0.00287	0.00362	0.10052	0.36947	0.50003	0.00355	0.00159	0.00047	0.00069	0.00308	0.00123	0.00110
6	0.00271	0.00232	0.00271	0.00194	0.00310	0.00174	0.00155	0.00329	0.00271	0.00426	0.00232	0.00271	0.00194	0.00097	0.00097	0.00019	0.00097	0.00077	0.00077	0.96206
7	0.00324	0.04819	0.01732	0.04162	0.68652	0.00917	0.12671	0.02842	0.01244	0.00428	0.00834	0.00327	0.00211	0.00119	0.00131	0.00039	0.00163	0.00120	0.00067	0.00198
8	0.00167	0.00123	0.00169	0.02197	0.02896	0.00117	0.00136	0.00194	0.00254	0.00340	0.02262	0.87778	0.00836	0.00392	0.00165	0.00052	0.00081	0.01614	0.00119	0.00110
9	0.00272	0.00233	0.00271	0.00195	0.00310	0.00177	0.00156	0.00336	0.02141	0.00428	0.00238	0.00275	0.00198	0.00098	0.00097	0.00020	0.00097	0.00079	0.00079	0.94299
10	0.00391	0.15754	0.00483	0.07224	0.33275	0.08012	0.00971	0.26396	0.00385	0.03793	0.00264	0.01294	0.00210	0.00135	0.00124	0.00037	0.00862	0.00110	0.00085	0.00195
11	0.00271	0.00228	0.00275	0.01403	0.03885	0.00177	0.00165	0.00328	0.00275	0.01872	0.02823	0.04090	0.00251	0.00116	0.00103	0.00023	0.00098	0.00096	0.00082	0.83436
12	0.00325	0.10081	0.11295	0.24146	0.25997	0.06000	0.09068	0.09720	0.00318	0.00421	0.00240	0.00309	0.00188	0.00127	0.00130	0.00551	0.00725	0.00111	0.00068	0.00180
13	0.00336	0.53882	0.28492	0.00276	0.00409	0.00430	0.00301	0.07004	0.05734	0.01714	0.00232	0.00256	0.00186	0.00123	0.00103	0.00034	0.00153	0.00087	0.00067	0.00182
14	0.00159	0.00114	0.00152	0.00182	0.00190	0.00106	0.00121	0.00182	0.00250	0.00334	0.00720	0.95322	0.00864	0.00409	0.00167	0.00053	0.00076	0.00371	0.00121	0.00106
15	0.00279	0.00296	0.03110	0.40788	0.13897	0.00307	0.31959	0.00371	0.00281	0.00378	0.00253	0.00367	0.00200	0.00138	0.00970	0.00045	0.04037	0.02097	0.00063	0.00165
16	0.00271	0.00232	0.00271	0.00194	0.00310	0.00174	0.00155	0.00329	0.00271	0.00426	0.00232	0.00271	0.00194	0.00097	0.00097	0.00019	0.00097	0.00077	0.00077	0.96206
17	0.00190	0.00128	0.00147	0.00147	0.00149	0.00129	0.00085	0.00193	0.00191	0.00257	0.00407	0.00832	0.00465	0.88872	0.07187	0.00132	0.00142	0.00187	0.00079	0.00082
18	0.00271	0.00232	0.00271	0.00194	0.00310	0.00174	0.00155	0.00329	0.00271	0.00426	0.00232	0.00271	0.00194	0.00097	0.00097	0.00019	0.00097	0.00077	0.00077	0.96206
19	0.00333	0.00298	0.01896	0.00277	0.02394	0.06085	0.01000	0.07550	0.65861	0.01464	0.02313	0.03762	0.03714	0.00187	0.00134	0.00043	0.00115	0.01151	0.01230	0.00194
20	0.00795	0.00231	0.00284	0.07394	0.02288	0.00261	0.01103	0.06121	0.36502	0.04770	0.10854	0.02004	0.03273	0.01295	0.10159	0.00063	0.05545	0.03730	0.03160	0.00169
21	0.01560	0.00274	0.08994	0.05762	0.07357	0.01105	0.27467	0.01532	0.02877	0.01843	0.03909	0.16737	0.00384	0.00726	0.00143	0.01026	0.00142	0.00754	0.17253	0.00154
22	0.04133	0.01959	0.00330	0.00260	0.01279	0.00788	0.01839	0.32434	0.02512	0.38064	0.03758	0.00446	0.00325	0.00191	0.02791	0.00045	0.00984	0.03863	0.03797	0.00201
23	0.00200	0.00158	0.01189	0.00196	0.01347	0.01633	0.00143	0.00268	0.09493	0.02419	0.11194	0.42058	0.18496	0.01753	0.01765	0.00052	0.00089	0.06821	0.00601	0.00125
24	0.01704	0.01191	0.07090	0.08559	0.04761	0.00209	0.02797	0.06771	0.09769	0.01844	0.25180	0.08804	0.18640	0.00243	0.01182	0.00045	0.00107	0.00202	0.00753	0.00149
25	0.00189	0.00140	0.00191	0.00190	0.00208	0.00155	0.00140	0.00223	0.00217	0.00303	0.03589	0.00680	0.05188	0.26223	0.56737	0.00166	0.02475	0.02799	0.00079	0.00107
26	0.00292	0.05655	0.08350	0.29738	0.14531	0.02779	0.03241	0.05521	0.06660	0.02800	0.02523	0.06542	0.02893	0.01123	0.00143	0.00042	0.02271	0.01095	0.00080	0.03720
27	0.67924	0.00263	0.01122	0.01659	0.00290	0.00313	0.00182	0.00385	0.02633	0.03674	0.00201	0.00245	0.00161	0.00147	0.00159	0.00044	0.20286	0.00085	0.00079	0.00147

[dist]
# distance from previous block
# <min> <max>
2	9

[block]
# block no. 12 follows, 247 sequences, length 9
# corresponding to MSA columns:
# 2061-2069
name=unknown_M
#
# <colnr> <probs for GDERKNQSTAVLIFYWHMCP>
#	G	D	E	R	K	N	Q	S	T	A	V	L	I	F	Y	W	H	M	C	P
