[name]
unknown

[dist]
# distance from previous block
# <min> <max>
7	595

[block]
# block no. 0 follows, 228 sequences, length 6
# corresponding to MSA columns:
# 1682-1686,1688
name=unknown_A
#
# <colnr> <probs for GDERKNQSTAVLIFYWHMCP>
#	G	D	E	R	K	N	Q	S	T	A	V	L	I	F	Y	W	H	M	C	P
0	0.03143	0.07433	0.23435	0.07674	0.11309	0.04640	0.08988	0.07132	0.04019	0.09939	0.03748	0.03471	0.00288	0.00159	0.00145	0.00044	0.02638	0.00134	0.01464	0.00196
1	0.02194	0.02997	0.04702	0.06809	0.06994	0.12556	0.15436	0.06647	0.07124	0.12905	0.06270	0.05909	0.03757	0.00207	0.02732	0.00050	0.02260	0.00160	0.00104	0.00185
2	0.00227	0.00195	0.01777	0.18307	0.02339	0.02406	0.02177	0.00268	0.00268	0.00351	0.06262	0.09081	0.12423	0.34620	0.02686	0.00085	0.02647	0.02222	0.01541	0.00122
3	0.13751	0.04615	0.06375	0.05068	0.04686	0.07021	0.16290	0.06215	0.04021	0.04982	0.00308	0.01643	0.01717	0.00179	0.01439	0.00048	0.15255	0.01431	0.03459	0.01496
4	0.00348	0.03162	0.23895	0.10613	0.13090	0.02960	0.16103	0.09253	0.04094	0.05927	0.01987	0.02214	0.01946	0.00158	0.00150	0.00045	0.01887	0.01883	0.00087	0.00197
5	0.00220	0.00159	0.00193	0.00194	0.00229	0.00153	0.00143	0.02812	0.07430	0.03287	0.28219	0.29155	0.17704	0.04609	0.00193	0.00054	0.00086	0.04887	0.00138	0.00135

[dist]
# distance from previous block
# <min> <max>
0	7

[block]
# block no. 1 follows, 228 sequences, length 7
# corresponding to MSA columns:
# 1696,1697,1707-1711
name=unknown_B
#
# <colnr> <probs for GDERKNQSTAVLIFYWHMCP>
#	G	D	E	R	K	N	Q	S	T	A	V	L	I	F	Y	W	H	M	C	P
0	0.01376	0.00360	0.00306	0.02760	0.00350	0.30221	0.01525	0.10621	0.07586	0.02021	0.09515	0.19626	0.03488	0.03262	0.00172	0.00048	0.01887	0.01956	0.01619	0.01301
1	0.02068	0.05437	0.06929	0.11689	0.07347	0.08100	0.11707	0.09143	0.06479	0.10342	0.00353	0.03673	0.01422	0.00184	0.01121	0.00048	0.09624	0.02393	0.01754	0.00188
2	0.00266	0.05981	0.00336	0.00332	0.14980	0.02148	0.07573	0.01858	0.02710	0.03365	0.10191	0.15354	0.22838	0.01571	0.00174	0.01724	0.01437	0.04196	0.02812	0.00154
3	0.03234	0.00134	0.00172	0.00197	0.00213	0.00128	0.00139	0.00218	0.00281	0.00384	0.07657	0.65617	0.04763	0.03876	0.00205	0.02371	0.00089	0.10077	0.00128	0.00116
4	0.03282	0.09068	0.04600	0.24120	0.09225	0.02845	0.09446	0.05920	0.02401	0.00422	0.00329	0.01421	0.03589	0.03444	0.02332	0.01349	0.10806	0.02951	0.02281	0.00169
5	0.09546	0.05933	0.15652	0.14879	0.06432	0.05676	0.03842	0.14892	0.04670	0.06066	0.00328	0.03103	0.00263	0.00172	0.01179	0.00046	0.00166	0.03256	0.02576	0.01326
6	0.00194	0.00141	0.00182	0.00205	0.00223	0.00136	0.00145	0.02503	0.03436	0.00389	0.04190	0.70191	0.04435	0.00428	0.02426	0.02534	0.00095	0.07896	0.00129	0.00122

[dist]
# distance from previous block
# <min> <max>
5	11

[block]
# block no. 2 follows, 228 sequences, length 17
# corresponding to MSA columns:
# 1743-1747,1755-1760,1764-1767,1769,1770
name=unknown_C
#
# <colnr> <probs for GDERKNQSTAVLIFYWHMCP>
#	G	D	E	R	K	N	Q	S	T	A	V	L	I	F	Y	W	H	M	C	P
0	0.05515	0.00273	0.00310	0.00253	0.00339	0.00282	0.00203	0.29618	0.11370	0.26826	0.10498	0.02132	0.04019	0.03907	0.00164	0.00047	0.00120	0.00160	0.03761	0.00205
1	0.21262	0.00393	0.20260	0.01940	0.00473	0.01947	0.18650	0.06615	0.05178	0.14678	0.02402	0.00389	0.01700	0.02462	0.00150	0.00047	0.01035	0.00129	0.00099	0.00192
2	0.03296	0.27661	0.18497	0.11636	0.04978	0.04428	0.06331	0.02849	0.03527	0.02269	0.01478	0.00360	0.03260	0.00161	0.01338	0.01815	0.00170	0.00737	0.00075	0.05134
3	0.01344	0.00223	0.01721	0.00229	0.00314	0.00197	0.00187	0.03185	0.05202	0.50362	0.16110	0.04796	0.08529	0.00222	0.00148	0.00044	0.00106	0.02231	0.01460	0.03390
4	0.00211	0.00145	0.00183	0.00180	0.00209	0.00139	0.00130	0.00253	0.00308	0.03415	0.32991	0.11812	0.12017	0.18553	0.12934	0.00088	0.00127	0.01987	0.02681	0.01635
5	0.02190	0.00263	0.02097	0.00256	0.00339	0.00265	0.00206	0.03783	0.36903	0.32518	0.04217	0.04440	0.07529	0.02056	0.00164	0.00048	0.02197	0.00173	0.00147	0.00207
6	0.02908	0.04047	0.15859	0.02471	0.01560	0.07355	0.02713	0.25490	0.19425	0.05412	0.00385	0.01123	0.02467	0.02019	0.00164	0.00046	0.05024	0.00133	0.01193	0.00205
7	0.00300	0.00174	0.00214	0.00198	0.00251	0.00159	0.00151	0.01555	0.05663	0.22630	0.18940	0.20390	0.26949	0.00306	0.00162	0.00048	0.00088	0.01519	0.00146	0.00157
8	0.00224	0.00151	0.00187	0.00195	0.00232	0.00138	0.00150	0.00273	0.01816	0.07614	0.09481	0.26720	0.30531	0.00360	0.00172	0.00053	0.00090	0.19667	0.01815	0.00132
9	0.02262	0.10240	0.00405	0.02149	0.01326	0.06000	0.05017	0.03874	0.00268	0.02103	0.00315	0.05943	0.02278	0.11364	0.08172	0.00076	0.37830	0.00150	0.00078	0.00151
10	0.02067	0.04510	0.08891	0.13437	0.16703	0.09866	0.10219	0.11392	0.01747	0.04550	0.01971	0.06317	0.01500	0.02159	0.00162	0.01121	0.01185	0.01928	0.00089	0.00185
11	0.00243	0.00214	0.02469	0.08619	0.08158	0.00212	0.08142	0.00316	0.04481	0.02206	0.08099	0.31798	0.04636	0.01793	0.02850	0.00059	0.04541	0.10904	0.00111	0.00148
12	0.00188	0.00149	0.00173	0.00184	0.00219	0.00137	0.00138	0.00247	0.05709	0.00402	0.06370	0.28583	0.43816	0.00372	0.00173	0.00052	0.00084	0.12747	0.00133	0.00126
13	0.01604	0.07143	0.25650	0.06649	0.20654	0.01526	0.06560	0.08689	0.10373	0.02806	0.00331	0.01503	0.01702	0.00185	0.03976	0.00051	0.00181	0.00129	0.00085	0.00203
14	0.02039	0.11094	0.23381	0.03342	0.04239	0.07165	0.13535	0.09916	0.07414	0.07334	0.02497	0.00377	0.01744	0.00155	0.00152	0.00044	0.04670	0.00613	0.00090	0.00198
15	0.00276	0.00254	0.00383	0.20906	0.11405	0.00316	0.01773	0.00329	0.01297	0.00350	0.00278	0.00459	0.00265	0.16217	0.10126	0.00085	0.34923	0.00141	0.00069	0.00149
16	0.00195	0.00147	0.00186	0.00192	0.01502	0.00135	0.00145	0.00250	0.00355	0.00476	0.46482	0.08043	0.25720	0.00331	0.00171	0.00049	0.00080	0.15269	0.00141	0.00128

[dist]
# distance from previous block
# <min> <max>
15	58

[block]
# block no. 3 follows, 228 sequences, length 6
# corresponding to MSA columns:
# 1870,1871,1880-1883
name=unknown_D
#
# <colnr> <probs for GDERKNQSTAVLIFYWHMCP>
#	G	D	E	R	K	N	Q	S	T	A	V	L	I	F	Y	W	H	M	C	P
0	0.02168	0.03637	0.19204	0.14943	0.11927	0.01971	0.15030	0.01979	0.03442	0.00429	0.01768	0.11077	0.00325	0.02077	0.01259	0.00051	0.04691	0.01636	0.02208	0.00177
1	0.03522	0.08292	0.23111	0.09227	0.11051	0.03982	0.07328	0.03666	0.05586	0.08459	0.01788	0.05673	0.01499	0.00187	0.01641	0.01378	0.01981	0.01352	0.00088	0.00189
2	0.00239	0.00125	0.00184	0.00184	0.00185	0.00126	0.00123	0.00189	0.00187	0.00251	0.00266	0.00469	0.00269	0.07012	0.06328	0.83463	0.00139	0.00130	0.00064	0.00067
3	0.00198	0.00147	0.00172	0.00179	0.00215	0.00133	0.00132	0.00250	0.04125	0.03513	0.12605	0.31806	0.40783	0.00364	0.00170	0.00051	0.00080	0.04812	0.00136	0.00128
4	0.02489	0.14257	0.48030	0.05730	0.06206	0.04782	0.09369	0.02882	0.02175	0.00437	0.00252	0.00304	0.00191	0.00135	0.00137	0.00043	0.02207	0.00109	0.00067	0.00197
5	0.01824	0.09282	0.05159	0.08651	0.12625	0.14839	0.06342	0.08122	0.07594	0.14703	0.01762	0.03969	0.00288	0.01453	0.00153	0.00044	0.02762	0.00135	0.00099	0.00195

[dist]
# distance from previous block
# <min> <max>
0	1

[block]
# block no. 4 follows, 228 sequences, length 12
# corresponding to MSA columns:
# 1910,1914,1917-1926
name=unknown_E
#
# <colnr> <probs for GDERKNQSTAVLIFYWHMCP>
#	G	D	E	R	K	N	Q	S	T	A	V	L	I	F	Y	W	H	M	C	P
0	0.01320	0.00161	0.00197	0.00183	0.00220	0.00151	0.00131	0.02777	0.00313	0.01729	0.33399	0.10040	0.06520	0.22970	0.05948	0.02227	0.00113	0.01037	0.00119	0.10446
1	0.06989	0.00185	0.00223	0.01392	0.00267	0.00182	0.00163	0.06653	0.02856	0.15204	0.07010	0.28911	0.11907	0.05475	0.01762	0.02209	0.00107	0.08226	0.00131	0.00149
2	0.23463	0.00311	0.04231	0.22974	0.05410	0.03433	0.08109	0.07630	0.01952	0.04623	0.01093	0.00356	0.00224	0.00142	0.00125	0.00042	0.00153	0.01815	0.01645	0.12269
3	0.00226	0.00134	0.00186	0.00189	0.00192	0.00139	0.00127	0.00201	0.00206	0.00277	0.00373	0.13174	0.00410	0.21343	0.04509	0.52255	0.03681	0.02219	0.00078	0.00081
4	0.02535	0.00149	0.00190	0.01638	0.00236	0.00140	0.00143	0.00274	0.01578	0.09354	0.13607	0.54946	0.06866	0.02927	0.00182	0.00054	0.00088	0.02018	0.01566	0.01508
5	0.05811	0.03844	0.03352	0.11164	0.06852	0.03632	0.07878	0.15733	0.04048	0.02919	0.12381	0.03501	0.03670	0.02505	0.02825	0.00052	0.05961	0.01291	0.02407	0.00175
6	0.00323	0.02274	0.22214	0.09269	0.08207	0.03597	0.04590	0.08251	0.01001	0.08050	0.01797	0.12094	0.02825	0.06002	0.00200	0.02740	0.02052	0.04243	0.00095	0.00176
7	0.00208	0.00145	0.00180	0.00176	0.00211	0.00132	0.00131	0.00261	0.00357	0.04133	0.52594	0.12612	0.20034	0.02854	0.00181	0.00049	0.00075	0.03466	0.02069	0.00130
8	0.00208	0.00157	0.00202	0.00208	0.00227	0.01469	0.01514	0.00255	0.04760	0.00357	0.04077	0.34522	0.02022	0.21339	0.19682	0.01214	0.01403	0.04909	0.01356	0.00119
9	0.03763	0.03216	0.05224	0.02599	0.01736	0.07104	0.02893	0.18675	0.03777	0.16488	0.02228	0.11773	0.01313	0.04201	0.01908	0.00052	0.06121	0.00650	0.04989	0.01290
10	0.10990	0.02661	0.04929	0.01875	0.06268	0.05970	0.10017	0.13317	0.02871	0.03445	0.00370	0.04736	0.02524	0.01419	0.09280	0.00061	0.02346	0.00141	0.13450	0.03330
11	0.02915	0.13997	0.09265	0.01472	0.02969	0.07675	0.02444	0.09076	0.01425	0.01924	0.02421	0.31703	0.04097	0.03533	0.00170	0.01226	0.00136	0.00959	0.00103	0.02489

[dist]
# distance from previous block
# <min> <max>
10	83

[block]
# block no. 5 follows, 228 sequences, length 24
# corresponding to MSA columns:
# 2025-2033,2045-2047,2061-2069,2073-2075
name=unknown_F
#
# <colnr> <probs for GDERKNQSTAVLIFYWHMCP>
#	G	D	E	R	K	N	Q	S	T	A	V	L	I	F	Y	W	H	M	C	P
0	0.02727	0.00359	0.11273	0.03918	0.14932	0.01455	0.32894	0.01850	0.03578	0.00901	0.01683	0.06656	0.02594	0.01133	0.00796	0.00051	0.08106	0.04829	0.00083	0.00182
1	0.00299	0.06468	0.17372	0.11819	0.04369	0.03307	0.12607	0.02253	0.01571	0.01936	0.01343	0.00431	0.00266	0.04858	0.15631	0.00081	0.12624	0.02128	0.00470	0.00169
2	0.00234	0.00163	0.00206	0.05106	0.00259	0.00167	0.00155	0.02812	0.01824	0.03873	0.01123	0.06032	0.11478	0.38072	0.08632	0.00532	0.00888	0.18217	0.00105	0.00119
3	0.11715	0.00190	0.00230	0.00208	0.00264	0.00181	0.00158	0.01591	0.00319	0.32387	0.06367	0.22470	0.04005	0.14472	0.00235	0.00062	0.00108	0.04741	0.00135	0.00161
4	0.00202	0.00151	0.00194	0.00194	0.00223	0.00800	0.00146	0.00244	0.00269	0.01017	0.08031	0.07451	0.22535	0.05962	0.43087	0.01889	0.01886	0.00211	0.05385	0.00122
5	0.17357	0.04255	0.34747	0.15545	0.02655	0.06057	0.04115	0.03567	0.01494	0.02101	0.00251	0.00309	0.00190	0.00150	0.00939	0.00046	0.04796	0.00107	0.01135	0.00183
6	0.02243	0.02072	0.02644	0.24610	0.07220	0.01380	0.01137	0.06421	0.22916	0.03603	0.04406	0.01920	0.15055	0.00224	0.02722	0.00051	0.00921	0.00168	0.00108	0.00179
7	0.00187	0.00136	0.00189	0.00203	0.00219	0.00143	0.00145	0.00221	0.00248	0.00342	0.02472	0.43173	0.01929	0.09837	0.39718	0.00135	0.00210	0.00272	0.00104	0.00117
8	0.34177	0.00259	0.00300	0.00246	0.00337	0.00267	0.05712	0.03072	0.10531	0.32336	0.09408	0.02055	0.00381	0.00173	0.00127	0.00044	0.00117	0.00137	0.00130	0.00192
9	0.02654	0.11312	0.06922	0.17448	0.11784	0.10451	0.02225	0.11096	0.08280	0.10144	0.02917	0.00397	0.00278	0.00158	0.00138	0.00043	0.01264	0.02200	0.00096	0.00194
10	0.00276	0.00181	0.00239	0.00236	0.00278	0.00178	0.02723	0.05184	0.08079	0.11728	0.05593	0.43626	0.03670	0.00345	0.00171	0.00054	0.00104	0.17046	0.00137	0.00151
11	0.00262	0.00247	0.00418	0.84977	0.00907	0.00303	0.03113	0.00352	0.00283	0.00362	0.00300	0.03745	0.02709	0.00158	0.00147	0.00047	0.01307	0.00140	0.00067	0.00155
12	0.00200	0.00160	0.00175	0.00172	0.00218	0.00147	0.00129	0.00279	0.10242	0.01701	0.18957	0.09201	0.55821	0.00331	0.00165	0.00048	0.00077	0.01706	0.00137	0.00134
13	0.03953	0.21907	0.27891	0.04491	0.02643	0.02025	0.01917	0.19775	0.02696	0.07161	0.00296	0.00341	0.00226	0.00148	0.00126	0.00041	0.00167	0.02316	0.00091	0.01789
14	0.00315	0.01941	0.53133	0.00467	0.05978	0.06082	0.25299	0.00454	0.01912	0.00445	0.02490	0.00340	0.00222	0.00134	0.00143	0.00044	0.00210	0.00125	0.00068	0.00199
15	0.00186	0.00128	0.00169	0.00196	0.00209	0.00120	0.00134	0.00213	0.00274	0.02657	0.00777	0.81181	0.04077	0.04449	0.00202	0.00060	0.00087	0.04635	0.00130	0.00117
16	0.00203	0.00136	0.00156	0.00157	0.00158	0.00137	0.00089	0.00205	0.00207	0.00277	0.00453	0.04126	0.00522	0.89587	0.02928	0.00136	0.00140	0.00210	0.00087	0.00087
17	0.01815	0.37964	0.11887	0.00306	0.01299	0.19392	0.01813	0.16236	0.00794	0.00459	0.00250	0.01225	0.00208	0.00141	0.00116	0.00036	0.00176	0.00709	0.01715	0.03460
18	0.00179	0.00145	0.00161	0.00163	0.00204	0.00129	0.00124	0.00219	0.00316	0.00391	0.09009	0.01272	0.66857	0.04261	0.07307	0.00066	0.00102	0.08849	0.00127	0.00120
19	0.00177	0.00143	0.00157	0.00155	0.00198	0.00124	0.00117	0.00222	0.00344	0.00435	0.28768	0.01269	0.65057	0.00337	0.00167	0.00047	0.00071	0.01952	0.00138	0.00123
20	0.00211	0.00169	0.00228	0.18260	0.02580	0.00168	0.00183	0.00271	0.00341	0.02057	0.35974	0.05645	0.31630	0.00285	0.00161	0.00047	0.00096	0.01430	0.00126	0.00136
21	0.02243	0.41611	0.32031	0.03907	0.00478	0.04880	0.03518	0.01096	0.00303	0.03865	0.00253	0.00313	0.00206	0.00138	0.00120	0.00039	0.01037	0.02636	0.01138	0.00188
22	0.00221	0.00138	0.00192	0.00191	0.00198	0.00147	0.00131	0.00212	0.00203	0.00279	0.00340	0.00604	0.00352	0.27639	0.28626	0.38456	0.01758	0.00154	0.00072	0.00089
23	0.00319	0.21366	0.02867	0.00235	0.00360	0.01829	0.02483	0.01979	0.00300	0.00435	0.00240	0.00280	0.00202	0.00111	0.00104	0.00025	0.00124	0.00085	0.00078	0.66579

[dist]
# distance from previous block
# <min> <max>
0	6

[block]
# block no. 6 follows, 228 sequences, length 20
# corresponding to MSA columns:
# 2082,2090,2091,2094,2097-2109,2169-2171
name=unknown_G
#
# <colnr> <probs for GDERKNQSTAVLIFYWHMCP>
#	G	D	E	R	K	N	Q	S	T	A	V	L	I	F	Y	W	H	M	C	P
0	0.01885	0.39580	0.29848	0.01984	0.01609	0.03438	0.03325	0.08081	0.02058	0.03765	0.01676	0.00295	0.00214	0.00137	0.00122	0.00038	0.01573	0.00101	0.00075	0.00195
1	0.00521	0.00384	0.00411	0.00317	0.00427	0.00425	0.00261	0.87620	0.04410	0.00866	0.00350	0.00350	0.00250	0.00170	0.00140	0.00042	0.00151	0.00128	0.02542	0.00236
2	0.00303	0.00314	0.08563	0.10970	0.19877	0.02773	0.12744	0.07860	0.03730	0.01241	0.01716	0.18912	0.01839	0.01540	0.00635	0.00050	0.00159	0.05991	0.00603	0.00177
3	0.31355	0.01234	0.00284	0.00221	0.01454	0.00255	0.00177	0.05246	0.00299	0.05785	0.00252	0.00285	0.00199	0.00124	0.00112	0.00032	0.02509	0.00088	0.00092	0.49997
4	0.08948	0.00244	0.00315	0.02289	0.00360	0.00224	0.00204	0.04521	0.00395	0.75449	0.03927	0.00482	0.01638	0.00176	0.00138	0.00044	0.00119	0.00141	0.00161	0.00224
5	0.00175	0.00137	0.00158	0.00168	0.00199	0.00121	0.00120	0.00212	0.00313	0.00400	0.15595	0.30646	0.45748	0.03016	0.00186	0.00053	0.00077	0.02422	0.00133	0.00119
6	0.00299	0.09915	0.48517	0.04176	0.04219	0.02571	0.06246	0.00412	0.00302	0.03317	0.01108	0.08466	0.01707	0.00181	0.00149	0.00046	0.02902	0.05207	0.00076	0.00187
7	0.00372	0.91298	0.04546	0.00247	0.00371	0.00547	0.00252	0.00422	0.00286	0.00336	0.00198	0.00229	0.00180	0.00121	0.00092	0.00031	0.00153	0.00076	0.00060	0.00182
8	0.00172	0.00125	0.00162	0.00190	0.00203	0.00115	0.00128	0.00198	0.00278	0.00367	0.03537	0.83350	0.09799	0.00428	0.00178	0.00056	0.00080	0.00386	0.00131	0.00115
9	0.00341	0.00309	0.00523	0.16593	0.61480	0.00320	0.05123	0.00427	0.01333	0.05622	0.00323	0.00399	0.03644	0.00143	0.00151	0.00044	0.02809	0.00135	0.00077	0.00205
10	0.01070	0.02846	0.18769	0.03189	0.02845	0.01663	0.09464	0.05182	0.04320	0.08792	0.05976	0.07270	0.02154	0.09843	0.08327	0.00070	0.04097	0.01289	0.00875	0.01956
11	0.00259	0.00152	0.00179	0.00173	0.00207	0.00161	0.00132	0.03202	0.01794	0.02426	0.04123	0.03053	0.00409	0.02321	0.23576	0.00085	0.01588	0.00150	0.55873	0.00136
12	0.00188	0.00137	0.00171	0.00188	0.00210	0.00128	0.00131	0.00232	0.03326	0.01827	0.12398	0.58859	0.16905	0.03115	0.00189	0.00056	0.00082	0.01602	0.00133	0.00122
13	0.01599	0.04016	0.27675	0.02385	0.11583	0.00328	0.05300	0.04268	0.26439	0.06385	0.01394	0.00404	0.00290	0.00163	0.01095	0.00045	0.00160	0.00926	0.00099	0.05445
14	0.00327	0.00314	0.02391	0.16681	0.21787	0.06028	0.04346	0.03494	0.23893	0.01388	0.02388	0.04944	0.01765	0.00228	0.05670	0.00056	0.03350	0.00153	0.00608	0.00189
15	0.02342	0.00274	0.00303	0.00259	0.00346	0.01234	0.01940	0.01149	0.52669	0.01795	0.04379	0.01803	0.03107	0.00183	0.00135	0.00041	0.00110	0.02615	0.01077	0.24239
16	0.12760	0.16315	0.02944	0.01608	0.02391	0.21129	0.07481	0.12914	0.01743	0.09491	0.01524	0.01112	0.01422	0.00152	0.00131	0.00040	0.02290	0.00786	0.00094	0.03673
17	0.04146	0.00838	0.04787	0.07660	0.00466	0.01199	0.23742	0.02724	0.10929	0.12081	0.00493	0.21884	0.03122	0.00791	0.00703	0.02072	0.00738	0.01343	0.00109	0.00174
18	0.00276	0.00264	0.00447	0.70414	0.08126	0.00320	0.05449	0.00362	0.00281	0.00370	0.00266	0.03812	0.00219	0.00159	0.00172	0.00048	0.08650	0.00137	0.00066	0.00162
19	0.04466	0.01182	0.00920	0.02952	0.10428	0.02387	0.13879	0.17275	0.09154	0.12275	0.02370	0.09440	0.00356	0.03471	0.01609	0.01031	0.00518	0.00163	0.00112	0.06011

[dist]
# distance from previous block
# <min> <max>
7	8

[block]
# block no. 7 follows, 228 sequences, length 14
# corresponding to MSA columns:
# 2195,2196,2200-2211
name=unknown_H
#
# <colnr> <probs for GDERKNQSTAVLIFYWHMCP>
#	G	D	E	R	K	N	Q	S	T	A	V	L	I	F	Y	W	H	M	C	P
0	0.05587	0.04917	0.02022	0.05088	0.05122	0.03402	0.08629	0.31367	0.12837	0.16412	0.01348	0.00401	0.00285	0.00980	0.00143	0.00044	0.00153	0.00927	0.00122	0.00214
1	0.00484	0.02036	0.01951	0.00300	0.01323	0.00247	0.12693	0.08224	0.03353	0.50097	0.13915	0.00564	0.01883	0.00188	0.00149	0.00044	0.00132	0.02057	0.00147	0.00211
2	0.00183	0.00136	0.00168	0.00191	0.00205	0.01454	0.00130	0.00209	0.00273	0.00359	0.03926	0.66800	0.08652	0.10626	0.03171	0.00070	0.00099	0.03108	0.00124	0.00114
3	0.01270	0.02824	0.39513	0.12661	0.06655	0.01709	0.07883	0.14385	0.01578	0.01917	0.00305	0.04073	0.00242	0.00183	0.03115	0.00051	0.00192	0.01165	0.00081	0.00197
4	0.03089	0.00946	0.00409	0.14390	0.07648	0.07684	0.10511	0.08739	0.17508	0.08024	0.00955	0.01889	0.00882	0.01201	0.08298	0.00063	0.02430	0.05045	0.00103	0.00186
5	0.00271	0.00256	0.00432	0.88566	0.07078	0.00314	0.00393	0.00364	0.00284	0.00366	0.00251	0.00373	0.00190	0.00140	0.00141	0.00047	0.00186	0.00125	0.00063	0.00161
6	0.00171	0.00124	0.00162	0.00193	0.00203	0.00115	0.00129	0.00196	0.00272	0.00360	0.00812	0.89705	0.06165	0.00436	0.00179	0.00057	0.00081	0.00394	0.00131	0.00115
7	0.00171	0.00122	0.00163	0.00196	0.00204	0.00114	0.00131	0.00196	0.00269	0.00359	0.00775	0.94964	0.00931	0.00441	0.00180	0.00057	0.00082	0.00400	0.00131	0.00114
8	0.00305	0.00302	0.00434	0.03342	0.00405	0.00397	0.07067	0.00380	0.09351	0.00374	0.00286	0.01852	0.03664	0.00235	0.00384	0.00058	0.70787	0.00140	0.00074	0.00161
9	0.00349	0.00251	0.00312	0.00230	0.00346	0.00203	0.03063	0.04662	0.00330	0.14720	0.04127	0.02913	0.00296	0.00135	0.00118	0.00028	0.00111	0.00112	0.00104	0.67591
10	0.84115	0.00273	0.00225	0.00196	0.00286	0.00310	0.00161	0.03679	0.00269	0.09096	0.00233	0.00255	0.00173	0.00136	0.00094	0.00043	0.00111	0.00084	0.00097	0.00163
11	0.00371	0.00195	0.00260	0.06364	0.00322	0.00184	0.00181	0.02290	0.03343	0.34418	0.45242	0.00770	0.03478	0.00232	0.00153	0.00044	0.00097	0.00199	0.01682	0.00177
12	0.00485	0.01799	0.01669	0.00325	0.00411	0.31355	0.00260	0.31030	0.12653	0.08504	0.00339	0.01917	0.00260	0.00172	0.00159	0.00042	0.06964	0.00123	0.00113	0.01419
13	0.00350	0.00302	0.00318	0.00286	0.00366	0.00350	0.00223	0.00748	0.93924	0.00589	0.00573	0.00525	0.00429	0.00191	0.00143	0.00048	0.00111	0.00159	0.00143	0.00223

[dist]
# distance from previous block
# <min> <max>
2	2

[block]
# block no. 8 follows, 228 sequences, length 32
# corresponding to MSA columns:
# 2222-2224,2232-2241,2244,2245,2248-2251,2255-2258,2260-2268
name=unknown_I
#
# <colnr> <probs for GDERKNQSTAVLIFYWHMCP>
#	G	D	E	R	K	N	Q	S	T	A	V	L	I	F	Y	W	H	M	C	P
0	0.00168	0.00143	0.00145	0.00144	0.00191	0.00120	0.00108	0.00205	0.00325	0.00390	0.06336	0.01338	0.89204	0.00353	0.00166	0.00047	0.00071	0.00295	0.00132	0.00120
1	0.00170	0.00127	0.00158	0.00183	0.00201	0.00115	0.00125	0.00197	0.00282	0.00364	0.00936	0.71778	0.24013	0.00420	0.00176	0.00055	0.00079	0.00374	0.00131	0.00115
2	0.00344	0.02965	0.02719	0.09205	0.00484	0.03483	0.14043	0.03351	0.49259	0.01136	0.00833	0.01530	0.00887	0.00179	0.00174	0.00048	0.08897	0.00151	0.00111	0.00200
3	0.03206	0.00227	0.00350	0.00287	0.00360	0.00218	0.18437	0.00424	0.09319	0.19944	0.17838	0.14642	0.08413	0.02466	0.00175	0.00050	0.01129	0.02213	0.00131	0.00170
4	0.00201	0.00150	0.00225	0.00225	0.00249	0.00175	0.00174	0.00250	0.00226	0.00326	0.00378	0.00560	0.00355	0.02798	0.92760	0.00224	0.00372	0.00152	0.00076	0.00125
5	0.00174	0.00143	0.00153	0.00151	0.00196	0.00122	0.00114	0.00216	0.00337	0.00419	0.20891	0.01293	0.73349	0.00342	0.00167	0.00047	0.00071	0.01556	0.00136	0.00122
6	0.02014	0.00348	0.00387	0.01233	0.00409	0.02922	0.01622	0.61659	0.00552	0.17699	0.00381	0.02329	0.00278	0.02031	0.02112	0.00049	0.01813	0.00136	0.01802	0.00223
7	0.00940	0.00229	0.00277	0.00241	0.00317	0.00226	0.00192	0.03659	0.23902	0.35788	0.06829	0.06718	0.12018	0.00242	0.00153	0.00048	0.00108	0.07766	0.00152	0.00196
8	0.00168	0.00143	0.00146	0.00146	0.00192	0.00120	0.00110	0.00206	0.00324	0.00387	0.04777	0.01347	0.89226	0.00354	0.00167	0.00048	0.00072	0.01817	0.00132	0.00119
9	0.00307	0.00293	0.00505	0.41909	0.45444	0.00319	0.04914	0.00394	0.00301	0.00411	0.00268	0.00386	0.00218	0.00143	0.00150	0.01755	0.00178	0.01851	0.00068	0.00188
10	0.01432	0.00261	0.00331	0.00259	0.00363	0.00247	0.00212	0.11159	0.10497	0.69744	0.03607	0.00484	0.00375	0.00179	0.00142	0.00044	0.00121	0.00145	0.00166	0.00233
11	0.00186	0.00130	0.00164	0.00186	0.00193	0.00125	0.00121	0.00205	0.00251	0.00334	0.00663	0.57907	0.00784	0.31885	0.00359	0.00084	0.00103	0.06101	0.00115	0.00106
12	0.00865	0.00275	0.00415	0.53440	0.09273	0.02245	0.02033	0.04207	0.06213	0.05339	0.00321	0.01313	0.02120	0.00185	0.02557	0.00052	0.07803	0.00587	0.00584	0.00173
13	0.00284	0.01511	0.27257	0.04089	0.00407	0.00249	0.03255	0.02397	0.08544	0.07377	0.23326	0.04910	0.10037	0.00958	0.00167	0.00047	0.03915	0.00983	0.00112	0.00174
14	0.00173	0.00126	0.00163	0.00190	0.00204	0.00116	0.00130	0.00200	0.00280	0.00368	0.03387	0.79689	0.11934	0.00426	0.00178	0.00056	0.00081	0.02053	0.00131	0.00116
15	0.00370	0.88503	0.07317	0.00252	0.00379	0.00541	0.00260	0.00423	0.00287	0.00339	0.00200	0.00231	0.00180	0.00121	0.00093	0.00031	0.00154	0.00077	0.00060	0.00182
16	0.01240	0.00276	0.00341	0.01742	0.02604	0.01756	0.04302	0.04935	0.00830	0.00890	0.00254	0.00303	0.00209	0.00121	0.00136	0.00028	0.06793	0.00094	0.00084	0.73063
17	0.01465	0.00338	0.00420	0.06563	0.18207	0.00367	0.00972	0.40512	0.19477	0.09055	0.00961	0.00396	0.00287	0.00164	0.00141	0.00044	0.00147	0.00135	0.00125	0.00225
18	0.61075	0.00246	0.00239	0.03175	0.06478	0.00276	0.00191	0.01180	0.00270	0.00565	0.00330	0.00536	0.00305	0.00185	0.00115	0.00047	0.00117	0.19116	0.05401	0.00152
19	0.00201	0.00148	0.00188	0.00178	0.00211	0.00138	0.00132	0.00271	0.02924	0.00538	0.80514	0.02143	0.06886	0.03928	0.00942	0.00050	0.00073	0.00253	0.00149	0.00132
20	0.00177	0.00133	0.00160	0.00175	0.00197	0.00121	0.00121	0.00209	0.00996	0.00376	0.08273	0.47712	0.30114	0.09385	0.00225	0.00061	0.00083	0.01239	0.00128	0.00115
21	0.00174	0.00124	0.00166	0.00198	0.00207	0.00116	0.00134	0.00200	0.00271	0.00362	0.00774	0.91387	0.00926	0.00439	0.00180	0.00057	0.00083	0.03956	0.00131	0.00115
22	0.01759	0.26067	0.44253	0.00371	0.00531	0.04139	0.12699	0.06585	0.00326	0.00444	0.00974	0.00295	0.00196	0.00133	0.00128	0.00041	0.00689	0.00106	0.00068	0.00197
23	0.00305	0.00224	0.00322	0.28835	0.01311	0.02018	0.03821	0.00402	0.08639	0.13817	0.20577	0.11951	0.03333	0.00779	0.00161	0.00048	0.01454	0.01722	0.00117	0.00164
24	0.00282	0.00161	0.00211	0.00189	0.00237	0.00146	0.00145	0.00344	0.00393	0.18425	0.70021	0.01870	0.04208	0.00267	0.00160	0.00044	0.00077	0.00233	0.02435	0.00152
25	0.14157	0.02800	0.00253	0.00206	0.00279	0.00237	0.00166	0.08277	0.10319	0.23366	0.05566	0.00476	0.00373	0.00170	0.00119	0.00040	0.00100	0.00134	0.32784	0.00181
26	0.00302	0.04665	0.39756	0.19808	0.00650	0.00325	0.16741	0.02450	0.00307	0.02717	0.01180	0.01058	0.00216	0.00166	0.03069	0.00050	0.01402	0.00124	0.00070	0.04947
27	0.01299	0.00273	0.00304	0.02168	0.00355	0.03626	0.00180	0.05258	0.00314	0.00477	0.00253	0.00294	0.00208	0.00110	0.00108	0.00023	0.00114	0.00087	0.00086	0.84464
28	0.00177	0.00141	0.00159	0.00161	0.00199	0.00123	0.00119	0.00221	0.00336	0.00429	0.26789	0.12091	0.55871	0.00348	0.00168	0.00048	0.00072	0.02288	0.00137	0.00122
29	0.01283	0.01744	0.00479	0.63590	0.14430	0.00321	0.09588	0.01446	0.00296	0.00396	0.00258	0.00367	0.00198	0.00137	0.00144	0.00045	0.01289	0.00127	0.01501	0.02362
30	0.00319	0.04527	0.10068	0.23483	0.26938	0.04652	0.07184	0.02299	0.00793	0.02968	0.00334	0.08954	0.01794	0.00169	0.00150	0.00045	0.02719	0.00151	0.02269	0.00183
31	0.00204	0.00154	0.00228	0.00227	0.00254	0.00180	0.00177	0.00263	0.02371	0.00333	0.00381	0.00552	0.00354	0.01035	0.92339	0.00222	0.00371	0.00151	0.00077	0.00128

[dist]
# distance from previous block
# <min> <max>
3	4

[block]
# block no. 9 follows, 228 sequences, length 15
# corresponding to MSA columns:
# 2295,2299-2301,2326-2336
name=unknown_J
#
# <colnr> <probs for GDERKNQSTAVLIFYWHMCP>
#	G	D	E	R	K	N	Q	S	T	A	V	L	I	F	Y	W	H	M	C	P
0	0.00266	0.00250	0.00422	0.94717	0.00969	0.00313	0.00391	0.00359	0.00281	0.00359	0.00250	0.00375	0.00188	0.00141	0.00141	0.00047	0.00188	0.00125	0.00063	0.00156
1	0.02064	0.26336	0.44444	0.00407	0.12747	0.01233	0.01495	0.05589	0.01645	0.00444	0.00246	0.00289	0.00192	0.00132	0.00125	0.00040	0.00930	0.00101	0.00068	0.01474
2	0.00382	0.91593	0.00725	0.00245	0.00364	0.04084	0.00242	0.00427	0.00290	0.00332	0.00196	0.00227	0.00181	0.00121	0.00092	0.00030	0.00154	0.00076	0.00061	0.00180
3	0.00367	0.00288	0.00310	0.00276	0.00354	0.00326	0.00214	0.00712	0.80496	0.08840	0.00564	0.00543	0.00427	0.05426	0.00175	0.00052	0.00113	0.00160	0.00143	0.00217
4	0.00228	0.00157	0.00196	0.00180	0.00224	0.00143	0.00137	0.02659	0.00388	0.05780	0.66092	0.01052	0.18737	0.00289	0.00163	0.00045	0.00074	0.01482	0.00149	0.01825
5	0.00298	0.00281	0.00457	0.61856	0.26770	0.01657	0.00390	0.02396	0.01819	0.00406	0.02183	0.00381	0.00226	0.00141	0.00141	0.00045	0.00178	0.00128	0.00070	0.00177
6	0.01698	0.00187	0.00274	0.00237	0.01285	0.00183	0.14552	0.01468	0.01462	0.00477	0.13337	0.01933	0.15948	0.00271	0.05760	0.01718	0.01828	0.01316	0.35924	0.00141
7	0.00172	0.00142	0.00151	0.00151	0.00194	0.00121	0.00112	0.00213	0.00332	0.00411	0.17552	0.05097	0.74169	0.00348	0.00167	0.00047	0.00071	0.00294	0.00135	0.00121
8	0.00228	0.00151	0.00192	0.00178	0.00219	0.00137	0.00135	0.00289	0.00388	0.07828	0.73662	0.01049	0.14432	0.00289	0.00164	0.00045	0.00071	0.00252	0.00153	0.00139
9	0.06658	0.00305	0.03667	0.01638	0.01454	0.02367	0.03506	0.16027	0.26122	0.19380	0.01740	0.02800	0.06245	0.01723	0.01799	0.00050	0.03101	0.00156	0.01059	0.00203
10	0.36454	0.00304	0.00283	0.00245	0.00327	0.05689	0.00201	0.30088	0.00403	0.01729	0.00402	0.01944	0.05474	0.00195	0.00127	0.00045	0.00130	0.11709	0.04076	0.00175
11	0.00175	0.00124	0.00163	0.00194	0.00203	0.00116	0.00130	0.00200	0.00270	0.00361	0.00773	0.87379	0.02740	0.03109	0.00193	0.00059	0.00083	0.01827	0.01788	0.00114
12	0.00284	0.02088	0.00277	0.01806	0.00320	0.00267	0.01310	0.00528	0.54610	0.00492	0.00640	0.29822	0.02934	0.02415	0.00168	0.00053	0.00105	0.01568	0.00134	0.00180
13	0.15633	0.36530	0.09673	0.00262	0.01605	0.02239	0.00245	0.04400	0.02545	0.21621	0.01946	0.00337	0.01255	0.01013	0.00118	0.00039	0.00142	0.00105	0.00098	0.00193
14	0.10842	0.47284	0.17184	0.00287	0.00415	0.05961	0.01750	0.11610	0.02721	0.00460	0.00235	0.00264	0.00191	0.00133	0.00108	0.00037	0.00163	0.00091	0.00076	0.00190

[dist]
# distance from previous block
# <min> <max>
20	103

[block]
# block no. 10 follows, 228 sequences, length 13
# corresponding to MSA columns:
# 2501-2513
name=unknown_K
#
# <colnr> <probs for GDERKNQSTAVLIFYWHMCP>
#	G	D	E	R	K	N	Q	S	T	A	V	L	I	F	Y	W	H	M	C	P
0	0.18997	0.18950	0.04656	0.00239	0.00952	0.05999	0.01133	0.05519	0.02521	0.03452	0.01422	0.07343	0.07160	0.00961	0.00191	0.14151	0.00133	0.05024	0.00092	0.01106
1	0.05736	0.05814	0.10556	0.00305	0.06559	0.06929	0.00248	0.19604	0.03515	0.05328	0.02778	0.02223	0.08419	0.02029	0.02803	0.11742	0.01580	0.02637	0.01024	0.00172
2	0.03890	0.27892	0.21628	0.00315	0.01331	0.23694	0.00305	0.02674	0.01737	0.11003	0.00267	0.00292	0.00206	0.00150	0.01235	0.00040	0.01156	0.00098	0.00081	0.02006
3	0.01536	0.15179	0.00386	0.00252	0.00335	0.01858	0.08859	0.01779	0.01264	0.14863	0.00319	0.01228	0.01032	0.05894	0.00256	0.21715	0.00920	0.00121	0.00090	0.22113
4	0.04365	0.03383	0.42411	0.01127	0.01385	0.01439	0.07757	0.02091	0.01655	0.01922	0.01352	0.05378	0.00327	0.02100	0.01538	0.08425	0.02149	0.10944	0.00080	0.00171
5	0.08817	0.23094	0.08309	0.08396	0.05565	0.13361	0.02435	0.07131	0.04572	0.09365	0.00299	0.02072	0.00238	0.00158	0.00872	0.00042	0.01309	0.00835	0.02944	0.00186
6	0.00244	0.00122	0.00183	0.00183	0.00183	0.00122	0.00122	0.00183	0.00183	0.00244	0.00244	0.00428	0.00244	0.00489	0.00550	0.95907	0.00122	0.00122	0.00061	0.00061
7	0.00285	0.00348	0.19556	0.03710	0.01866	0.03141	0.13020	0.03120	0.13099	0.01245	0.15433	0.03721	0.02155	0.08163	0.01371	0.00057	0.00155	0.07465	0.01920	0.00170
8	0.00299	0.08199	0.00329	0.00211	0.00336	0.00218	0.00173	0.00360	0.00291	0.00448	0.00245	0.00286	0.00206	0.00106	0.00103	0.00022	0.00108	0.00083	0.00081	0.87896
9	0.00388	0.72471	0.02512	0.00249	0.00363	0.00489	0.00240	0.00466	0.08139	0.08397	0.00270	0.01875	0.00229	0.00138	0.00107	0.00034	0.01458	0.00095	0.00079	0.02004
10	0.00303	0.00257	0.00298	0.00214	0.00338	0.00199	0.00172	0.04816	0.00309	0.00479	0.00254	0.00294	0.00210	0.00107	0.00106	0.00022	0.00107	0.00085	0.00086	0.91343
11	0.00251	0.08130	0.00253	0.00197	0.00250	0.00202	0.00156	0.04905	0.08605	0.03650	0.47879	0.04467	0.18298	0.00276	0.00157	0.00045	0.00086	0.01903	0.00140	0.00150
12	0.02341	0.60817	0.19051	0.00281	0.01813	0.00462	0.00291	0.00424	0.00289	0.02331	0.00220	0.00255	0.00186	0.00126	0.00111	0.00034	0.02612	0.00085	0.00065	0.08206

[dist]
# distance from previous block
# <min> <max>
4	26

[block]
# block no. 11 follows, 228 sequences, length 17
# corresponding to MSA columns:
# 2594-2609,2611
name=unknown_L
#
# <colnr> <probs for GDERKNQSTAVLIFYWHMCP>
#	G	D	E	R	K	N	Q	S	T	A	V	L	I	F	Y	W	H	M	C	P
0	0.01913	0.00319	0.01326	0.30901	0.41282	0.01417	0.02149	0.13482	0.03397	0.01245	0.00285	0.01152	0.00225	0.00142	0.00140	0.00044	0.00171	0.00128	0.00081	0.00200
1	0.03959	0.00341	0.00454	0.19704	0.33330	0.10134	0.03801	0.11634	0.03493	0.05202	0.00888	0.00957	0.03223	0.00892	0.01354	0.00046	0.00173	0.00132	0.00088	0.00195
2	0.06939	0.00299	0.01346	0.41860	0.02788	0.01488	0.05971	0.21240	0.01350	0.03999	0.04266	0.00394	0.01257	0.00155	0.00143	0.00044	0.01714	0.00130	0.00093	0.04524
3	0.02749	0.00307	0.04800	0.50001	0.38631	0.00322	0.00407	0.00394	0.00297	0.00411	0.00255	0.00357	0.00200	0.00134	0.00138	0.00045	0.00178	0.00123	0.00066	0.00185
4	0.03394	0.01178	0.00416	0.04683	0.16644	0.04712	0.01783	0.37812	0.09385	0.06705	0.02676	0.01202	0.00292	0.00189	0.02492	0.00048	0.02646	0.00972	0.00116	0.02657
5	0.06576	0.02980	0.12384	0.02636	0.01285	0.02276	0.02463	0.31836	0.02768	0.08618	0.08976	0.02634	0.06597	0.03957	0.00167	0.00047	0.01191	0.01269	0.00118	0.01221
6	0.00377	0.87829	0.05035	0.00252	0.00375	0.03494	0.00255	0.00427	0.00290	0.00337	0.00199	0.00230	0.00180	0.00122	0.00093	0.00031	0.00156	0.00077	0.00061	0.00181
7	0.00189	0.00156	0.00169	0.00165	0.00206	0.02470	0.00124	0.00237	0.00351	0.00450	0.37124	0.04710	0.51091	0.00328	0.00166	0.00047	0.00075	0.01680	0.00139	0.00125
8	0.00176	0.00142	0.00157	0.00164	0.00201	0.00125	0.00120	0.00220	0.02527	0.00397	0.09489	0.24855	0.58650	0.00368	0.00170	0.00050	0.00075	0.01858	0.00133	0.00122
9	0.41660	0.00330	0.02708	0.00253	0.00351	0.02248	0.00211	0.34797	0.04428	0.05621	0.00288	0.00306	0.00213	0.00164	0.00133	0.03969	0.00132	0.00105	0.00112	0.01971
10	0.00320	0.00224	0.00271	0.00256	0.00310	0.00236	0.00207	0.20061	0.09196	0.07149	0.00621	0.15302	0.04517	0.04224	0.05128	0.00066	0.01831	0.29785	0.00131	0.00165
11	0.00174	0.00127	0.00164	0.00192	0.00206	0.00117	0.00132	0.00203	0.00282	0.00372	0.04334	0.77234	0.11514	0.00423	0.00178	0.00056	0.00082	0.03963	0.00131	0.00116
12	0.00188	0.00141	0.00175	0.00175	0.00207	0.00128	0.00129	0.00241	0.00359	0.00488	0.56753	0.15595	0.21713	0.00329	0.00169	0.00048	0.00072	0.02819	0.00145	0.00127
13	0.15186	0.05952	0.00395	0.00302	0.00401	0.18697	0.00245	0.48413	0.07959	0.00686	0.00303	0.00313	0.00226	0.00157	0.00127	0.00041	0.00163	0.00111	0.00115	0.00206
14	0.00194	0.00144	0.00166	0.00173	0.00210	0.00127	0.00127	0.00236	0.01768	0.04166	0.07054	0.29819	0.50254	0.00369	0.00170	0.00051	0.00079	0.04634	0.00134	0.00125
15	0.00196	0.00144	0.00192	0.00194	0.00215	0.00153	0.00140	0.00229	0.00240	0.00327	0.02286	0.06024	0.14756	0.21791	0.49847	0.02616	0.00248	0.00200	0.00090	0.00113
16	0.59149	0.22790	0.14347	0.00230	0.00343	0.00374	0.00228	0.00420	0.00259	0.00533	0.00204	0.00238	0.00163	0.00129	0.00095	0.00041	0.00133	0.00080	0.00077	0.00167

[dist]
# distance from previous block
# <min> <max>
0	1

[block]
# block no. 12 follows, 228 sequences, length 18
# corresponding to MSA columns:
# 2613-2630
name=unknown_M
#
# <colnr> <probs for GDERKNQSTAVLIFYWHMCP>
#	G	D	E	R	K	N	Q	S	T	A	V	L	I	F	Y	W	H	M	C	P
0	0.00339	0.00346	0.03396	0.08150	0.68930	0.01555	0.10443	0.00433	0.01847	0.00451	0.00269	0.00352	0.00220	0.00127	0.00141	0.00042	0.00176	0.00128	0.00071	0.02582
1	0.02242	0.54225	0.33146	0.00318	0.03083	0.00459	0.01290	0.01625	0.01759	0.00393	0.00226	0.00262	0.00185	0.00127	0.00109	0.00036	0.00170	0.00090	0.00063	0.00192
2	0.00233	0.06161	0.02860	0.00239	0.00291	0.00191	0.09389	0.00302	0.04653	0.03613	0.20329	0.34803	0.13947	0.00315	0.00164	0.00049	0.00104	0.02089	0.00125	0.00143
3	0.00202	0.00135	0.00154	0.00157	0.00160	0.00133	0.00091	0.00207	0.00216	0.00291	0.00500	0.11268	0.02411	0.80220	0.00630	0.00123	0.00127	0.00226	0.02659	0.00090
4	0.00196	0.00148	0.00172	0.00165	0.00206	0.00132	0.00123	0.00253	0.02134	0.02273	0.46968	0.01161	0.42375	0.02855	0.00180	0.00048	0.00072	0.00268	0.00142	0.00129
5	0.00429	0.09842	0.04379	0.04002	0.27970	0.36261	0.01023	0.06719	0.05245	0.01809	0.00264	0.00309	0.00213	0.00141	0.00132	0.00039	0.00842	0.00109	0.00079	0.00193
6	0.00285	0.00711	0.89701	0.00410	0.00615	0.00328	0.05129	0.00446	0.00299	0.00446	0.00254	0.00301	0.00180	0.00133	0.00135	0.00045	0.00209	0.00107	0.00060	0.00207
7	0.00198	0.00146	0.00203	0.00206	0.00224	0.00161	0.00151	0.00234	0.00230	0.00322	0.00474	0.13704	0.03210	0.20344	0.58026	0.00177	0.01588	0.00200	0.00086	0.00116
8	0.01801	0.00309	0.01756	0.45060	0.09203	0.00328	0.33185	0.00405	0.00976	0.01756	0.00270	0.00374	0.00205	0.00137	0.00157	0.00736	0.02038	0.00139	0.00990	0.00175
9	0.01767	0.03261	0.00349	0.03788	0.07870	0.15082	0.00237	0.11207	0.27809	0.07526	0.09726	0.02903	0.07476	0.00198	0.00142	0.00044	0.00140	0.00161	0.00122	0.00192
10	0.00192	0.00144	0.00180	0.00195	0.00223	0.00135	0.00147	0.00245	0.02994	0.00424	0.20345	0.35746	0.20441	0.00374	0.00176	0.00054	0.00086	0.17638	0.00136	0.00125
11	0.00176	0.00127	0.00168	0.00197	0.00210	0.00119	0.00137	0.00206	0.00281	0.00373	0.04477	0.79590	0.05683	0.00427	0.00179	0.00057	0.00084	0.07261	0.00131	0.00116
12	0.23689	0.00260	0.00303	0.00240	0.00342	0.00254	0.00197	0.08694	0.01589	0.60888	0.00448	0.00407	0.00293	0.00163	0.00128	0.00043	0.00119	0.00124	0.01602	0.00217
13	0.00346	0.45886	0.38707	0.00328	0.00481	0.05383	0.03788	0.01882	0.00303	0.00391	0.00225	0.00264	0.00182	0.00129	0.00117	0.00037	0.01204	0.00092	0.00062	0.00192
14	0.00287	0.00275	0.00439	0.70397	0.10705	0.02728	0.01829	0.01400	0.00288	0.00375	0.00255	0.00379	0.00201	0.00164	0.01611	0.00050	0.07282	0.01106	0.00065	0.00164
15	0.00172	0.00127	0.00159	0.00185	0.00200	0.00116	0.00125	0.00197	0.00276	0.00360	0.00881	0.74571	0.17778	0.03901	0.00197	0.00058	0.00082	0.00374	0.00129	0.00114
16	0.00171	0.00123	0.00162	0.00194	0.00203	0.00114	0.00130	0.00196	0.00272	0.00360	0.00804	0.90778	0.05098	0.00437	0.00179	0.00057	0.00081	0.00395	0.00131	0.00114
17	0.02427	0.00371	0.01231	0.05690	0.18381	0.12034	0.03823	0.19532	0.08887	0.02526	0.00307	0.02294	0.00820	0.00179	0.00210	0.00047	0.20824	0.00131	0.00093	0.00195

[dist]
# distance from previous block
# <min> <max>
8	33

[block]
# block no. 13 follows, 228 sequences, length 8
# corresponding to MSA columns:
# 2673,2692-2698
name=unknown_N
#
# <colnr> <probs for GDERKNQSTAVLIFYWHMCP>
#	G	D	E	R	K	N	Q	S	T	A	V	L	I	F	Y	W	H	M	C	P
0	0.05115	0.03043	0.02138	0.06994	0.00292	0.00179	0.03215	0.00271	0.04157	0.00410	0.07048	0.08662	0.54368	0.02081	0.01370	0.00051	0.00099	0.00255	0.00119	0.00133
1	0.02632	0.00265	0.00437	0.65403	0.08843	0.00316	0.05534	0.02112	0.01768	0.00393	0.00291	0.00420	0.02072	0.00160	0.00165	0.01347	0.05031	0.02576	0.00070	0.00163
2	0.00289	0.00283	0.00260	0.00249	0.00291	0.21189	0.00187	0.00379	0.12367	0.00424	0.21213	0.15780	0.03454	0.00433	0.20315	0.00084	0.02340	0.00205	0.00111	0.00147
3	0.00176	0.00127	0.00166	0.00190	0.00203	0.00118	0.00129	0.00206	0.00287	0.00385	0.13488	0.75634	0.04455	0.03486	0.00195	0.00058	0.00081	0.00370	0.00132	0.00116
4	0.05214	0.03744	0.77820	0.00385	0.00575	0.02955	0.02761	0.04161	0.00312	0.00466	0.00251	0.00294	0.00180	0.00134	0.00131	0.00044	0.00201	0.00104	0.00065	0.00204
5	0.00182	0.00132	0.00175	0.00202	0.00211	0.00129	0.00139	0.00208	0.00268	0.00363	0.00733	0.83266	0.00870	0.02884	0.00203	0.00059	0.03883	0.03181	0.02796	0.00116
6	0.00176	0.00125	0.00161	0.00188	0.00196	0.00118	0.00123	0.00197	0.00263	0.00348	0.00759	0.77637	0.05155	0.13540	0.00253	0.00068	0.00089	0.00368	0.00124	0.00110
7	0.00344	0.00328	0.00551	0.06037	0.84667	0.00334	0.00420	0.00442	0.04654	0.00460	0.00278	0.00358	0.00230	0.00129	0.00140	0.00042	0.00166	0.00127	0.00073	0.00219

[dist]
# distance from previous block
# <min> <max>
0	5

[block]
# block no. 14 follows, 228 sequences, length 6
# corresponding to MSA columns:
# 2704,2726-2730
name=unknown_O
#
# <colnr> <probs for GDERKNQSTAVLIFYWHMCP>
#	G	D	E	R	K	N	Q	S	T	A	V	L	I	F	Y	W	H	M	C	P
0	0.00206	0.00168	0.02635	0.03500	0.03490	0.00155	0.00171	0.00253	0.02099	0.02422	0.05877	0.51658	0.15194	0.02040	0.00189	0.00055	0.02650	0.06983	0.00124	0.00130
1	0.00267	0.00293	0.09532	0.70618	0.00826	0.00311	0.00376	0.00359	0.00277	0.00372	0.00271	0.03776	0.00219	0.00161	0.00168	0.00048	0.08358	0.00133	0.03477	0.00159
2	0.00196	0.00135	0.00154	0.00159	0.00164	0.00131	0.00094	0.00203	0.00225	0.00296	0.00587	0.14691	0.09672	0.72038	0.00584	0.00116	0.00122	0.00242	0.00096	0.00093
3	0.83505	0.07071	0.00252	0.00193	0.00284	0.00326	0.00162	0.00430	0.00252	0.06189	0.00217	0.00243	0.00166	0.00132	0.00091	0.00043	0.00112	0.00080	0.00090	0.00160
4	0.00312	0.30300	0.65012	0.00351	0.00531	0.00399	0.00432	0.00438	0.00294	0.00410	0.00235	0.00275	0.00179	0.00130	0.00120	0.00040	0.00190	0.00095	0.00060	0.00199
5	0.09902	0.09391	0.03361	0.00314	0.00425	0.03649	0.10485	0.32679	0.03512	0.19404	0.02159	0.00384	0.00276	0.00160	0.00134	0.00042	0.00153	0.01645	0.00121	0.01805

[dist]
# distance from previous block
# <min> <max>
0	4

[block]
# block no. 15 follows, 228 sequences, length 12
# corresponding to MSA columns:
# 2741-2752
name=unknown_P
#
# <colnr> <probs for GDERKNQSTAVLIFYWHMCP>
#	G	D	E	R	K	N	Q	S	T	A	V	L	I	F	Y	W	H	M	C	P
0	0.00192	0.00138	0.00186	0.00218	0.00236	0.00132	0.00166	0.00232	0.00291	0.00383	0.00785	0.56949	0.03833	0.00419	0.00185	0.00060	0.00099	0.35246	0.00130	0.00120
1	0.01734	0.00328	0.00582	0.00450	0.00515	0.00379	0.39761	0.00382	0.00270	0.00396	0.01719	0.02078	0.00231	0.00203	0.01614	0.00057	0.47222	0.00147	0.00069	0.01860
2	0.01672	0.00272	0.00355	0.05563	0.11910	0.06235	0.04314	0.10176	0.02545	0.14423	0.00383	0.05687	0.00332	0.08403	0.20206	0.00091	0.05238	0.00154	0.00903	0.01136
3	0.00264	0.00137	0.00139	0.00135	0.00172	0.00134	0.00102	0.00329	0.00295	0.00521	0.00449	0.00513	0.00353	0.00161	0.00099	0.00032	0.00067	0.00129	0.91265	0.04705
