[name]
unknown

[dist]
# distance from previous block
# <min> <max>
2	995

[block]
# block no. 0 follows, 256 sequences, length 12
# corresponding to MSA columns:
# 1934,1935,1943,1944,1946-1953
name=unknown_A
#
# <colnr> <probs for GDERKNQSTAVLIFYWHMCP>
#	G	D	E	R	K	N	Q	S	T	A	V	L	I	F	Y	W	H	M	C	P
0	0.02651	0.16513	0.07926	0.08230	0.04086	0.02778	0.03137	0.33551	0.03662	0.03275	0.01547	0.01773	0.01530	0.01433	0.01746	0.00040	0.01106	0.00112	0.00781	0.04121
1	0.49387	0.00265	0.03157	0.09418	0.07318	0.00280	0.03877	0.06474	0.01619	0.05157	0.01626	0.01199	0.00191	0.00129	0.00109	0.00039	0.02798	0.00094	0.00082	0.06782
2	0.12850	0.01075	0.10542	0.12862	0.08428	0.00244	0.01232	0.04359	0.06022	0.17917	0.05198	0.01583	0.02781	0.03490	0.00140	0.00041	0.01058	0.01181	0.00095	0.08901
3	0.01783	0.01555	0.06684	0.21735	0.30555	0.00274	0.02787	0.03351	0.05675	0.07149	0.07145	0.02413	0.01338	0.00722	0.00144	0.00041	0.04370	0.01351	0.00081	0.00848
4	0.15604	0.01516	0.05358	0.01847	0.00334	0.07132	0.00203	0.08174	0.07942	0.40559	0.03022	0.00403	0.02330	0.00164	0.01198	0.00041	0.01052	0.01546	0.00119	0.01458
5	0.82227	0.05378	0.00224	0.00178	0.00259	0.05469	0.00148	0.00377	0.00227	0.00532	0.00179	0.00209	0.00142	0.00117	0.00081	0.00037	0.00107	0.00069	0.00076	0.03965
6	0.00194	0.00152	0.00191	0.00218	0.05374	0.02188	0.00143	0.05647	0.00271	0.00363	0.01947	0.73538	0.03454	0.00340	0.00152	0.00047	0.00085	0.00306	0.00112	0.05276
7	0.00252	0.00225	0.00361	0.04085	0.02870	0.00221	0.23117	0.08616	0.01663	0.00439	0.22444	0.06754	0.06182	0.05213	0.01137	0.00047	0.03913	0.03238	0.00097	0.09126
8	0.01255	0.04286	0.00346	0.00979	0.01286	0.01778	0.01813	0.37808	0.28806	0.06980	0.01019	0.05419	0.01244	0.00173	0.00143	0.00041	0.05324	0.00136	0.00118	0.01048
9	0.15275	0.01856	0.01277	0.05810	0.04313	0.00232	0.00198	0.02349	0.04807	0.39004	0.06041	0.03425	0.01594	0.00164	0.00138	0.00040	0.06157	0.00978	0.00115	0.06228
10	0.03901	0.19783	0.16488	0.03490	0.11623	0.01533	0.06045	0.11178	0.03460	0.13304	0.01323	0.00305	0.00213	0.00135	0.00136	0.00038	0.06676	0.00105	0.00082	0.00182
11	0.00280	0.11289	0.22834	0.00311	0.00416	0.00282	0.19583	0.03380	0.04327	0.04715	0.10285	0.03319	0.06741	0.00881	0.00149	0.00040	0.05795	0.00142	0.01245	0.03988

[dist]
# distance from previous block
# <min> <max>
10	47

[block]
# block no. 1 follows, 256 sequences, length 13
# corresponding to MSA columns:
# 2050,2051,2063,2064,2066-2073,2075
name=unknown_B
#
# <colnr> <probs for GDERKNQSTAVLIFYWHMCP>
#	G	D	E	R	K	N	Q	S	T	A	V	L	I	F	Y	W	H	M	C	P
0	0.05522	0.09286	0.37417	0.01032	0.02074	0.01751	0.03082	0.11977	0.05014	0.12056	0.01095	0.02162	0.01089	0.00142	0.00121	0.00039	0.01046	0.01465	0.01285	0.02346
1	0.03417	0.08873	0.15271	0.08904	0.05142	0.00908	0.01486	0.01061	0.04347	0.13433	0.10627	0.06866	0.06369	0.00198	0.01720	0.00043	0.02330	0.04568	0.00095	0.04341
2	0.06791	0.07771	0.14755	0.01083	0.05710	0.02046	0.01403	0.28549	0.09880	0.06103	0.02433	0.08104	0.01255	0.00164	0.00122	0.00039	0.00132	0.00917	0.00100	0.02644
3	0.47856	0.05274	0.02950	0.01969	0.01070	0.00291	0.00179	0.17812	0.01713	0.06917	0.03314	0.00313	0.00227	0.03431	0.01208	0.00043	0.00115	0.01230	0.00093	0.03997
4	0.05130	0.03069	0.06039	0.40594	0.16030	0.01077	0.09211	0.01843	0.00922	0.05914	0.01668	0.04951	0.00237	0.00141	0.00129	0.00041	0.00975	0.00909	0.00071	0.01050
5	0.25603	0.07457	0.04604	0.01090	0.00344	0.21947	0.04593	0.04070	0.03205	0.10468	0.01073	0.00289	0.00202	0.01265	0.04266	0.00046	0.06547	0.00096	0.00082	0.02754
6	0.03360	0.02452	0.06805	0.00910	0.02600	0.05215	0.11742	0.06491	0.02905	0.49051	0.00391	0.01420	0.00271	0.00947	0.00136	0.00040	0.01757	0.01212	0.00680	0.01615
7	0.02054	0.02013	0.54967	0.01668	0.07827	0.00281	0.09536	0.01645	0.02626	0.10957	0.04239	0.00337	0.01018	0.00131	0.00125	0.00040	0.00166	0.00112	0.00074	0.00185
8	0.00322	0.03865	0.00295	0.00247	0.00321	0.02687	0.00194	0.00608	0.72966	0.05401	0.03181	0.02320	0.00387	0.00169	0.00125	0.00040	0.00103	0.00140	0.00122	0.06507
9	0.00192	0.03743	0.00192	0.00173	0.02388	0.00143	0.00128	0.00256	0.04033	0.01989	0.60324	0.00943	0.24506	0.00260	0.00145	0.00040	0.00068	0.00224	0.00129	0.00124
10	0.00199	0.00160	0.00210	0.00207	0.01217	0.03740	0.01518	0.00234	0.00217	0.00299	0.04024	0.02798	0.02177	0.21203	0.54934	0.00153	0.04120	0.02406	0.00075	0.00109
11	0.00239	0.00225	0.00379	0.95253	0.00871	0.00281	0.00351	0.00323	0.00253	0.00323	0.00225	0.00337	0.00169	0.00126	0.00126	0.00042	0.00169	0.00112	0.00056	0.00140
12	0.00326	0.79147	0.07576	0.00230	0.00338	0.02311	0.00233	0.00381	0.02384	0.00312	0.00223	0.00249	0.03205	0.00121	0.00096	0.00030	0.02541	0.00079	0.00058	0.00162

[dist]
# distance from previous block
# <min> <max>
1	3

[block]
# block no. 2 follows, 256 sequences, length 14
# corresponding to MSA columns:
# 2094-2107
name=unknown_C
#
# <colnr> <probs for GDERKNQSTAVLIFYWHMCP>
#	G	D	E	R	K	N	Q	S	T	A	V	L	I	F	Y	W	H	M	C	P
0	0.89840	0.00248	0.00208	0.00208	0.06744	0.00285	0.00154	0.00373	0.00220	0.00557	0.00180	0.00213	0.00141	0.00117	0.00081	0.00039	0.00101	0.00071	0.00077	0.00141
1	0.02129	0.00267	0.03427	0.53396	0.29376	0.01570	0.02371	0.00347	0.00267	0.00363	0.02279	0.01334	0.00207	0.00129	0.00132	0.00041	0.02028	0.00116	0.00061	0.00160
2	0.00286	0.00261	0.01165	0.36113	0.33862	0.02612	0.00318	0.06810	0.01091	0.02706	0.04495	0.01260	0.07236	0.00148	0.00132	0.00040	0.01093	0.00131	0.00075	0.00166
3	0.00198	0.00173	0.00253	0.41841	0.00487	0.00192	0.00220	0.00259	0.01232	0.00351	0.10927	0.10027	0.27046	0.01522	0.00152	0.00045	0.01645	0.03215	0.00091	0.00124
4	0.02158	0.45434	0.08060	0.00264	0.00367	0.16556	0.00244	0.21359	0.03729	0.00432	0.00224	0.00244	0.00181	0.00125	0.00102	0.00032	0.00154	0.00085	0.00075	0.00174
5	0.02299	0.00200	0.00245	0.02609	0.14202	0.06691	0.00187	0.00299	0.04341	0.04299	0.11934	0.27150	0.07512	0.03084	0.02501	0.00051	0.00111	0.10120	0.00105	0.02062
6	0.03218	0.10175	0.37632	0.01352	0.13901	0.02055	0.01929	0.02564	0.02775	0.15178	0.01591	0.05367	0.00251	0.00144	0.00122	0.00039	0.00753	0.00691	0.00081	0.00183
7	0.01232	0.03037	0.24309	0.08414	0.03216	0.02103	0.07493	0.06899	0.01642	0.11328	0.03579	0.09125	0.02133	0.00682	0.02480	0.00047	0.00631	0.09415	0.00090	0.02146
8	0.00265	0.02771	0.46207	0.02709	0.06857	0.00244	0.02222	0.00359	0.00263	0.06983	0.01642	0.04136	0.01188	0.09618	0.06571	0.00058	0.00167	0.00894	0.00071	0.06777
9	0.00255	0.00883	0.04947	0.30981	0.12601	0.00917	0.10329	0.00324	0.01301	0.05715	0.01673	0.22054	0.01868	0.01619	0.00153	0.00877	0.01749	0.01527	0.00081	0.00147
10	0.00348	0.01650	0.15625	0.05022	0.16309	0.00238	0.05919	0.06869	0.00320	0.25944	0.03518	0.12841	0.02971	0.00180	0.00133	0.00041	0.00132	0.01658	0.00103	0.00178
11	0.00286	0.01583	0.42536	0.05885	0.17014	0.01686	0.04708	0.06771	0.00297	0.04187	0.00309	0.08162	0.01582	0.00161	0.01100	0.00042	0.00162	0.02108	0.00073	0.01348
12	0.00315	0.01184	0.09284	0.04475	0.19518	0.00978	0.27850	0.01264	0.01896	0.13547	0.01319	0.10639	0.00303	0.00163	0.00149	0.00042	0.04058	0.02758	0.00084	0.00173
13	0.01421	0.02087	0.09338	0.23804	0.17390	0.06799	0.14394	0.03954	0.01270	0.14439	0.00285	0.02486	0.00217	0.00133	0.00132	0.00040	0.01436	0.00121	0.00079	0.00174

[dist]
# distance from previous block
# <min> <max>
1	13

[block]
# block no. 3 follows, 256 sequences, length 15
# corresponding to MSA columns:
# 2138,2140,2141,2146-2155,2165,2166
name=unknown_D
#
# <colnr> <probs for GDERKNQSTAVLIFYWHMCP>
#	G	D	E	R	K	N	Q	S	T	A	V	L	I	F	Y	W	H	M	C	P
0	0.01127	0.01200	0.33672	0.03285	0.10393	0.01042	0.04840	0.04686	0.03195	0.24774	0.00359	0.03442	0.02580	0.01104	0.00131	0.00041	0.00147	0.01333	0.00093	0.02558
1	0.02023	0.02279	0.27427	0.15616	0.16277	0.00257	0.03064	0.00902	0.00819	0.16209	0.02530	0.04007	0.01789	0.00161	0.01878	0.00043	0.00152	0.01573	0.00082	0.02913
2	0.00289	0.03001	0.11195	0.17008	0.34759	0.00275	0.05210	0.03161	0.00821	0.04343	0.01899	0.04266	0.03196	0.00144	0.00133	0.00039	0.02501	0.01444	0.00073	0.06244
3	0.00311	0.16030	0.27296	0.05345	0.22048	0.01870	0.05024	0.01170	0.01118	0.09475	0.02498	0.03653	0.01811	0.00139	0.00120	0.00038	0.00152	0.01084	0.00074	0.00745
4	0.02024	0.03665	0.36028	0.14438	0.12311	0.00273	0.03758	0.01475	0.01071	0.15121	0.02101	0.01991	0.00782	0.00144	0.00132	0.01344	0.01033	0.02055	0.00078	0.00177
5	0.00319	0.01321	0.24454	0.06496	0.28207	0.01194	0.08931	0.00414	0.02548	0.15327	0.02038	0.04060	0.03180	0.00145	0.00129	0.00040	0.00152	0.00779	0.00082	0.00183
6	0.00998	0.03419	0.15723	0.08534	0.14764	0.01628	0.06447	0.00336	0.01994	0.05070	0.00323	0.00950	0.02925	0.05268	0.26905	0.00090	0.01961	0.01196	0.00071	0.01399
7	0.00311	0.02242	0.10126	0.01942	0.13407	0.00212	0.02824	0.02784	0.03613	0.20735	0.07111	0.14761	0.01517	0.00234	0.03109	0.00048	0.01001	0.10709	0.00106	0.03208
8	0.00277	0.05969	0.50648	0.10406	0.08576	0.00299	0.10909	0.00394	0.01581	0.04022	0.02495	0.00321	0.01510	0.00128	0.00129	0.00040	0.01946	0.00110	0.00064	0.00177
9	0.01584	0.00162	0.01941	0.01667	0.01189	0.01368	0.01256	0.02867	0.00229	0.18252	0.00299	0.01643	0.00262	0.02254	0.00372	0.61322	0.00115	0.03037	0.00080	0.00102
10	0.53089	0.00258	0.00268	0.04975	0.02217	0.04839	0.06830	0.04656	0.01738	0.08809	0.00284	0.07447	0.00243	0.00153	0.00106	0.00041	0.00118	0.03691	0.00089	0.00149
11	0.04223	0.00272	0.00439	0.13357	0.54903	0.00283	0.04949	0.03387	0.06277	0.00424	0.02752	0.04407	0.01172	0.00143	0.00128	0.00040	0.00143	0.02448	0.00075	0.00179
12	0.90885	0.00243	0.00192	0.00170	0.00249	0.00278	0.00140	0.00386	0.00224	0.06040	0.00195	0.00218	0.00147	0.00120	0.00081	0.00039	0.00098	0.00072	0.00083	0.00141
13	0.01069	0.13354	0.05919	0.01468	0.03972	0.00195	0.00174	0.01198	0.00275	0.03586	0.13450	0.39728	0.03263	0.01756	0.00146	0.00044	0.00097	0.04492	0.00103	0.05714
14	0.00340	0.00199	0.02038	0.01616	0.12614	0.00179	0.01748	0.00405	0.02076	0.33713	0.36847	0.01780	0.01952	0.00201	0.00138	0.00040	0.00098	0.03719	0.00130	0.00167

[dist]
# distance from previous block
# <min> <max>
6	75

[block]
# block no. 4 follows, 256 sequences, length 18
# corresponding to MSA columns:
# 2269-2271,2273-2277,2279,2282-2290
name=unknown_E
#
# <colnr> <probs for GDERKNQSTAVLIFYWHMCP>
#	G	D	E	R	K	N	Q	S	T	A	V	L	I	F	Y	W	H	M	C	P
0	0.01050	0.05464	0.19054	0.08183	0.16585	0.01533	0.23096	0.04732	0.02620	0.11330	0.01545	0.01230	0.00824	0.00135	0.00612	0.00041	0.00610	0.01099	0.00078	0.00181
1	0.01698	0.01505	0.02816	0.38328	0.15763	0.10370	0.06721	0.01851	0.01906	0.08908	0.01167	0.03779	0.00237	0.00154	0.01315	0.00577	0.00853	0.01817	0.00075	0.00160
2	0.00936	0.00212	0.01980	0.27940	0.14399	0.00218	0.04829	0.01513	0.01259	0.08353	0.11075	0.16817	0.04065	0.01131	0.00151	0.01552	0.01126	0.02206	0.00091	0.00147
3	0.01308	0.02696	0.27178	0.10323	0.12227	0.03275	0.15581	0.02728	0.01650	0.11854	0.01642	0.05833	0.01372	0.00147	0.00130	0.00041	0.00161	0.01600	0.00079	0.00175
4	0.00303	0.26737	0.35199	0.10308	0.02628	0.01735	0.08299	0.00398	0.01779	0.06812	0.00254	0.03373	0.00202	0.00134	0.00715	0.00038	0.00744	0.00105	0.00066	0.00172
5	0.00277	0.02994	0.04946	0.00936	0.00261	0.00163	0.01111	0.01153	0.02043	0.22602	0.02481	0.45984	0.01585	0.02311	0.01552	0.00051	0.01683	0.07607	0.00119	0.00141
6	0.01185	0.02406	0.36475	0.05784	0.03653	0.00810	0.04698	0.00949	0.00285	0.12193	0.06228	0.17656	0.04006	0.00197	0.00134	0.00042	0.00139	0.02909	0.00089	0.00162
7	0.00900	0.09449	0.18296	0.13365	0.13920	0.01378	0.02706	0.02822	0.00274	0.08892	0.01909	0.05139	0.00704	0.00190	0.03655	0.00048	0.13987	0.02128	0.00074	0.00165
8	0.00309	0.02247	0.52727	0.00300	0.00435	0.02778	0.02161	0.00413	0.00294	0.19035	0.04391	0.03350	0.04751	0.00165	0.00128	0.00041	0.00153	0.06057	0.00087	0.00177
9	0.00341	0.00249	0.00390	0.11917	0.35690	0.00252	0.04100	0.06355	0.01968	0.18937	0.02735	0.01470	0.01688	0.00168	0.00135	0.00042	0.00136	0.13151	0.00096	0.00180
10	0.06531	0.08198	0.04576	0.00284	0.00363	0.11158	0.12879	0.14920	0.06440	0.07920	0.02305	0.03892	0.00291	0.06305	0.08556	0.00059	0.02859	0.02213	0.00091	0.00161
11	0.01300	0.00269	0.04740	0.12395	0.44250	0.01618	0.03085	0.00368	0.02832	0.05833	0.02552	0.06646	0.01518	0.00173	0.00135	0.00042	0.00140	0.11851	0.00082	0.00171
12	0.09820	0.03232	0.01374	0.02856	0.02628	0.00217	0.00174	0.03071	0.08316	0.02977	0.00253	0.00282	0.00202	0.00108	0.00099	0.00026	0.00102	0.00085	0.00082	0.64096
13	0.00172	0.00123	0.00155	0.00166	0.00178	0.00119	0.00113	0.00197	0.00249	0.00337	0.17754	0.41862	0.03369	0.27778	0.00303	0.00070	0.01875	0.04972	0.00108	0.00100
14	0.05521	0.00235	0.01749	0.00230	0.00327	0.00212	0.00192	0.06480	0.05213	0.77757	0.00466	0.00410	0.00299	0.00154	0.00125	0.00039	0.00110	0.00124	0.00148	0.00210
15	0.00244	0.00226	0.00373	0.85598	0.03437	0.00278	0.00339	0.02209	0.01645	0.00345	0.03943	0.00362	0.00214	0.00132	0.00127	0.00042	0.00162	0.00117	0.00062	0.00144
16	0.05834	0.01284	0.00270	0.05614	0.00306	0.00848	0.01124	0.08033	0.07318	0.03080	0.00313	0.00420	0.00273	0.01829	0.50493	0.00129	0.12491	0.00125	0.00078	0.00138
17	0.00363	0.01621	0.06571	0.16325	0.10415	0.01231	0.03295	0.01366	0.00313	0.35232	0.07899	0.00944	0.08963	0.00184	0.02034	0.00629	0.00948	0.00142	0.01351	0.00173

[dist]
# distance from previous block
# <min> <max>
0	1

[block]
# block no. 5 follows, 256 sequences, length 26
# corresponding to MSA columns:
# 2303-2328
name=unknown_F
#
# <colnr> <probs for GDERKNQSTAVLIFYWHMCP>
#	G	D	E	R	K	N	Q	S	T	A	V	L	I	F	Y	W	H	M	C	P
0	0.01281	0.78889	0.01569	0.00226	0.00326	0.09006	0.00216	0.01878	0.00272	0.00314	0.02125	0.00243	0.01446	0.01107	0.00095	0.00030	0.00682	0.00077	0.00059	0.00159
1	0.00342	0.92816	0.00653	0.00220	0.00326	0.03304	0.00217	0.00382	0.00260	0.00298	0.00176	0.00204	0.00162	0.00109	0.00082	0.00027	0.00138	0.00068	0.00054	0.00162
2	0.00320	0.05821	0.29216	0.05797	0.13073	0.01773	0.05997	0.01333	0.02215	0.15799	0.04486	0.02539	0.01138	0.00624	0.00127	0.00038	0.00747	0.00495	0.00083	0.08380
3	0.02363	0.42889	0.31902	0.04148	0.01917	0.00370	0.01008	0.00388	0.00267	0.06384	0.02474	0.03052	0.00216	0.00130	0.00111	0.00035	0.02014	0.00096	0.00065	0.00170
4	0.00182	0.00132	0.00188	0.02123	0.00231	0.00129	0.02934	0.00214	0.00253	0.02570	0.00654	0.64963	0.02995	0.01169	0.01134	0.01671	0.02034	0.16203	0.00112	0.00110
5	0.00384	0.33670	0.13817	0.00291	0.00388	0.44598	0.01635	0.00437	0.00309	0.00325	0.02957	0.00247	0.00193	0.00125	0.00105	0.00032	0.00185	0.00084	0.00062	0.00157
6	0.01032	0.09597	0.26666	0.18133	0.13204	0.01501	0.07162	0.01819	0.03020	0.15716	0.00809	0.00321	0.00207	0.00127	0.00122	0.00039	0.00158	0.00109	0.00077	0.00181
7	0.00888	0.03504	0.32179	0.03756	0.04601	0.00240	0.03050	0.03446	0.01289	0.07034	0.00807	0.07984	0.00388	0.01638	0.02502	0.00051	0.02286	0.24113	0.00087	0.00158
8	0.00178	0.00142	0.00219	0.13155	0.00312	0.00144	0.05812	0.00217	0.00251	0.00332	0.00604	0.68959	0.00697	0.00338	0.00157	0.00050	0.00098	0.08115	0.00106	0.00113
9	0.00277	0.00262	0.00443	0.38859	0.51966	0.00284	0.00363	0.00355	0.00274	0.00375	0.00255	0.00381	0.00215	0.00131	0.00128	0.00040	0.00156	0.05001	0.00063	0.00172
10	0.09969	0.12844	0.40291	0.01472	0.03504	0.06063	0.03054	0.02560	0.02701	0.15264	0.00270	0.00295	0.00196	0.00128	0.00113	0.00038	0.00157	0.00823	0.00078	0.00180
11	0.00279	0.00304	0.10047	0.23718	0.13751	0.00275	0.28623	0.00375	0.02517	0.04965	0.04569	0.00929	0.03819	0.00145	0.00141	0.00042	0.01764	0.03500	0.00074	0.00164
12	0.01326	0.16150	0.45869	0.00291	0.00420	0.00291	0.05265	0.03649	0.02094	0.00867	0.07830	0.02529	0.09776	0.00162	0.00122	0.00039	0.00148	0.02390	0.00075	0.00707
13	0.00236	0.00222	0.00367	0.85341	0.00807	0.00277	0.00335	0.00315	0.00251	0.00323	0.00259	0.02584	0.02109	0.00144	0.00142	0.00043	0.04834	0.01213	0.00060	0.00138
14	0.00271	0.13476	0.15299	0.00212	0.00270	0.00206	0.00871	0.01279	0.00221	0.08098	0.00258	0.01757	0.00234	0.05123	0.00820	0.48379	0.00127	0.00672	0.00067	0.02361
15	0.42589	0.11004	0.05828	0.00229	0.00307	0.27527	0.00193	0.01584	0.00268	0.00429	0.00215	0.03040	0.00190	0.05977	0.00129	0.00041	0.00146	0.00090	0.00072	0.00142
16	0.00338	0.95633	0.00662	0.00216	0.00324	0.00500	0.00216	0.00379	0.00257	0.00297	0.00176	0.00203	0.00162	0.00108	0.00081	0.00027	0.00135	0.00068	0.00054	0.00162
17	0.00262	0.00224	0.00261	0.00188	0.00298	0.00170	0.00150	0.00323	0.01795	0.00416	0.01898	0.00278	0.00208	0.00098	0.00095	0.00019	0.00093	0.00079	0.00077	0.93069
18	0.00308	0.00166	0.00227	0.00225	0.00274	0.00157	0.00191	0.01320	0.00314	0.27486	0.02587	0.01100	0.03380	0.02231	0.00169	0.00053	0.00112	0.59428	0.00128	0.00145
19	0.00467	0.00213	0.00290	0.01841	0.03080	0.02039	0.02148	0.01172	0.00334	0.66888	0.00501	0.15436	0.00388	0.00196	0.00141	0.00042	0.02471	0.02027	0.00139	0.00190
20	0.14302	0.05962	0.07579	0.01339	0.02951	0.04118	0.08927	0.07777	0.00315	0.31245	0.00681	0.00359	0.00240	0.01686	0.01640	0.00044	0.07239	0.02199	0.00101	0.01297
21	0.00197	0.00145	0.00186	0.00205	0.04991	0.00764	0.00134	0.02173	0.00226	0.00305	0.01550	0.17385	0.00523	0.45678	0.11715	0.00103	0.02006	0.11524	0.00088	0.00102
22	0.04159	0.00136	0.00169	0.00182	0.01406	0.00129	0.00131	0.00240	0.02544	0.06114	0.10374	0.47324	0.17219	0.01301	0.00157	0.00048	0.00079	0.08050	0.00119	0.00118
23	0.08295	0.00275	0.04135	0.15048	0.21103	0.00996	0.02062	0.10863	0.17495	0.06646	0.01156	0.02381	0.00930	0.05997	0.00163	0.01932	0.00133	0.00127	0.00091	0.00173
24	0.01499	0.03597	0.07172	0.10788	0.50359	0.02359	0.05227	0.07368	0.03599	0.02553	0.01336	0.00354	0.00227	0.00129	0.00126	0.00039	0.00153	0.02856	0.00073	0.00186
25	0.02640	0.01186	0.04832	0.09620	0.64961	0.06471	0.00970	0.03196	0.01721	0.01503	0.00906	0.00312	0.00202	0.00119	0.00123	0.00038	0.00155	0.00110	0.00067	0.00867

[dist]
# distance from previous block
# <min> <max>
2	69

[block]
# block no. 6 follows, 256 sequences, length 9
# corresponding to MSA columns:
# 2432-2437,2441-2443
name=unknown_G
#
# <colnr> <probs for GDERKNQSTAVLIFYWHMCP>
#	G	D	E	R	K	N	Q	S	T	A	V	L	I	F	Y	W	H	M	C	P
0	0.03455	0.00301	0.02100	0.02931	0.14477	0.07576	0.03905	0.12273	0.08063	0.02429	0.02136	0.02427	0.01403	0.00164	0.00186	0.01233	0.19830	0.01289	0.00083	0.13741
1	0.14873	0.04127	0.12098	0.09881	0.12226	0.01900	0.02525	0.22789	0.08059	0.03816	0.03433	0.01582	0.01868	0.00143	0.00119	0.00039	0.00137	0.00115	0.00091	0.00178
2	0.01688	0.00255	0.06832	0.20284	0.34455	0.01248	0.00291	0.01245	0.02204	0.00352	0.01359	0.02195	0.01104	0.02446	0.04384	0.19176	0.00152	0.00121	0.00064	0.00146
3	0.00252	0.00218	0.00286	0.05508	0.06727	0.00185	0.03876	0.03310	0.00276	0.00404	0.00367	0.09257	0.07609	0.00151	0.00114	0.00029	0.00104	0.02497	0.00083	0.58747
4	0.00260	0.00253	0.07238	0.22901	0.19036	0.00242	0.03805	0.02227	0.11563	0.03495	0.08381	0.14813	0.03001	0.00191	0.00136	0.00043	0.00130	0.02036	0.00090	0.00159
5	0.00196	0.00151	0.00229	0.18848	0.00342	0.00177	0.00187	0.00244	0.00213	0.00302	0.00318	0.00475	0.00291	0.05077	0.64318	0.03669	0.00274	0.00131	0.04442	0.00115
6	0.16429	0.00311	0.02598	0.05533	0.30525	0.05724	0.16285	0.05665	0.05731	0.04707	0.00270	0.02047	0.00216	0.00130	0.00125	0.00040	0.01242	0.00984	0.00078	0.01359
7	0.73175	0.00214	0.00177	0.00164	0.00228	0.00241	0.00131	0.00327	0.00226	0.00513	0.04719	0.08456	0.06299	0.00175	0.00112	0.04421	0.00092	0.00115	0.00086	0.00127
8	0.04441	0.10546	0.02237	0.01704	0.00322	0.01469	0.01177	0.06030	0.00294	0.17749	0.00285	0.01384	0.00223	0.01237	0.04970	0.00038	0.01681	0.00096	0.00090	0.44028

[dist]
# distance from previous block
# <min> <max>
1	3

[block]
# block no. 7 follows, 256 sequences, length 36
# corresponding to MSA columns:
# 2448-2466,2476-2482,2485-2489,2493,2494,2507-2509
name=unknown_H
#
# <colnr> <probs for GDERKNQSTAVLIFYWHMCP>
#	G	D	E	R	K	N	Q	S	T	A	V	L	I	F	Y	W	H	M	C	P
0	0.00873	0.01033	0.03481	0.00227	0.03210	0.00187	0.01449	0.01917	0.00719	0.18998	0.01442	0.01655	0.00260	0.00128	0.00109	0.00028	0.00104	0.04673	0.00094	0.59414
1	0.00740	0.00220	0.00728	0.00199	0.01214	0.00171	0.01280	0.01259	0.00705	0.05951	0.01780	0.06487	0.01625	0.00124	0.00103	0.00024	0.00095	0.00104	0.00084	0.77106
2	0.00472	0.00603	0.00358	0.00326	0.00391	0.95050	0.00244	0.00505	0.00358	0.00309	0.00195	0.00228	0.00163	0.00130	0.00114	0.00033	0.00228	0.00081	0.00065	0.00147
3	0.00239	0.00225	0.00379	0.95253	0.00871	0.00281	0.00351	0.00323	0.00253	0.00323	0.00225	0.00337	0.00169	0.00126	0.00126	0.00042	0.00169	0.00112	0.00056	0.00140
4	0.00183	0.00128	0.00164	0.00164	0.00173	0.00137	0.00109	0.00201	0.00192	0.00264	0.00375	0.00695	0.00402	0.57849	0.38273	0.00155	0.00209	0.00165	0.00073	0.00091
5	0.54401	0.02599	0.00268	0.00236	0.01217	0.35234	0.00184	0.00994	0.00274	0.01644	0.00194	0.00231	0.00157	0.00126	0.00096	0.00037	0.00856	0.01037	0.00074	0.00143
6	0.00151	0.00127	0.00131	0.00133	0.00173	0.00107	0.00099	0.00183	0.00286	0.00344	0.02818	0.07111	0.86004	0.00324	0.00150	0.00043	0.00065	0.01524	0.00118	0.00107
7	0.00248	0.00211	0.01393	0.34463	0.09825	0.00220	0.06204	0.00663	0.00257	0.02877	0.01548	0.08128	0.00313	0.00216	0.01303	0.11461	0.00897	0.10038	0.00074	0.09660
8	0.00266	0.00227	0.00264	0.00189	0.00301	0.00172	0.00151	0.01906	0.00268	0.00418	0.00226	0.00263	0.00188	0.00095	0.00094	0.00019	0.00094	0.00076	0.00076	0.94707
9	0.96450	0.00244	0.00186	0.00166	0.00244	0.00284	0.00137	0.00372	0.00215	0.00567	0.00176	0.00205	0.00137	0.00117	0.00078	0.00039	0.00098	0.00068	0.00078	0.00137
10	0.00216	0.00183	0.00262	0.10963	0.00320	0.01561	0.00203	0.01041	0.00212	0.00303	0.00287	0.00432	0.00266	0.02952	0.56516	0.02131	0.20492	0.00127	0.01412	0.00121
11	0.00250	0.00233	0.00384	0.78385	0.03857	0.00291	0.01012	0.00327	0.00250	0.01661	0.00227	0.00343	0.00178	0.00139	0.00160	0.00044	0.10912	0.01146	0.00058	0.00143
12	0.00219	0.00110	0.00166	0.00166	0.00166	0.00111	0.00111	0.00166	0.00166	0.00221	0.00222	0.00387	0.00222	0.00451	0.02679	0.94101	0.00115	0.00110	0.00055	0.00056
13	0.00338	0.95633	0.00662	0.00216	0.00324	0.00500	0.00216	0.00379	0.00257	0.00297	0.00176	0.00203	0.00162	0.00108	0.00081	0.00027	0.00135	0.00068	0.00054	0.00162
14	0.96450	0.00244	0.00186	0.00166	0.00244	0.00284	0.00137	0.00372	0.00215	0.00567	0.00176	0.00205	0.00137	0.00117	0.00078	0.00039	0.00098	0.00068	0.00078	0.00137
15	0.00182	0.00131	0.00172	0.01740	0.00201	0.00122	0.00124	0.00241	0.00352	0.01332	0.87762	0.01904	0.03901	0.00259	0.00149	0.00040	0.00063	0.01066	0.00137	0.00120
16	0.00335	0.82451	0.02678	0.00227	0.00331	0.05694	0.01553	0.00379	0.00267	0.00310	0.03816	0.00245	0.01044	0.00117	0.00088	0.00028	0.00139	0.00078	0.00059	0.00160
17	0.00239	0.00225	0.00379	0.95253	0.00871	0.00281	0.00351	0.00323	0.00253	0.00323	0.00225	0.00337	0.00169	0.00126	0.00126	0.00042	0.00169	0.00112	0.00056	0.00140
18	0.26901	0.01674	0.00329	0.00255	0.00350	0.00362	0.00211	0.66296	0.00483	0.01574	0.00268	0.00276	0.00194	0.00142	0.00113	0.00038	0.00127	0.00101	0.00112	0.00193
19	0.01216	0.00545	0.00345	0.00986	0.00382	0.79085	0.00236	0.02274	0.11345	0.00348	0.00249	0.00272	0.01305	0.00138	0.00116	0.00034	0.00207	0.00092	0.00673	0.00153
20	0.92077	0.00254	0.00193	0.00172	0.00251	0.02436	0.00141	0.01694	0.00225	0.01399	0.00181	0.00209	0.00140	0.00118	0.00080	0.00039	0.00101	0.00070	0.00079	0.00139
21	0.00191	0.00129	0.00154	0.00152	0.00156	0.00134	0.00093	0.00845	0.01178	0.00256	0.00377	0.00747	0.00422	0.76167	0.10714	0.06189	0.01766	0.00172	0.00075	0.00082
22	0.00254	0.00654	0.94902	0.00360	0.00547	0.00294	0.00467	0.00400	0.00267	0.00400	0.00227	0.00267	0.00160	0.00120	0.00120	0.00040	0.00187	0.00093	0.00053	0.00187
23	0.02968	0.02630	0.04828	0.07652	0.46655	0.03001	0.17380	0.01525	0.01447	0.08952	0.01590	0.00331	0.00217	0.00121	0.00127	0.00039	0.00159	0.00118	0.00073	0.00186
24	0.01239	0.03143	0.19576	0.08501	0.40451	0.02111	0.14369	0.00394	0.03409	0.01128	0.00948	0.02166	0.00217	0.00126	0.00129	0.00040	0.00821	0.00985	0.00065	0.00182
25	0.00208	0.00155	0.00232	0.26206	0.00383	0.00172	0.00192	0.01732	0.00240	0.01202	0.05087	0.18386	0.03157	0.04353	0.14400	0.16828	0.00708	0.05733	0.00515	0.00110
26	0.00182	0.00124	0.00150	0.00154	0.00159	0.00126	0.00096	0.00193	0.00198	0.00266	0.01425	0.08318	0.00492	0.70718	0.12374	0.00123	0.00145	0.04589	0.00081	0.00086
27	0.01065	0.02504	0.12356	0.02525	0.16213	0.01931	0.14574	0.06451	0.07123	0.21865	0.01169	0.05142	0.01804	0.00160	0.00132	0.00041	0.00144	0.04519	0.00098	0.00184
28	0.00338	0.00249	0.02191	0.39150	0.12123	0.01875	0.03765	0.02321	0.03993	0.23201	0.01037	0.00797	0.00662	0.00691	0.00869	0.00043	0.01593	0.04840	0.00090	0.00170
29	0.02226	0.00229	0.01704	0.19706	0.07182	0.01220	0.20251	0.02118	0.01423	0.02870	0.02823	0.08850	0.16507	0.01497	0.00151	0.00045	0.00532	0.10436	0.00088	0.00143
30	0.02879	0.00444	0.00333	0.00287	0.00362	0.53212	0.00223	0.09597	0.00928	0.25577	0.01317	0.00305	0.00223	0.00160	0.02229	0.00039	0.01519	0.00100	0.00097	0.00170
31	0.00807	0.14651	0.23106	0.11404	0.11353	0.07706	0.03026	0.11386	0.02238	0.11351	0.01084	0.00871	0.00209	0.00130	0.00118	0.00037	0.00158	0.00105	0.00079	0.00181
32	0.00784	0.00271	0.00445	0.28575	0.47369	0.01742	0.04974	0.02155	0.02082	0.02313	0.02943	0.02244	0.00843	0.00135	0.00132	0.00040	0.01388	0.01321	0.00069	0.00174
33	0.02433	0.01349	0.04720	0.13124	0.45998	0.01294	0.07505	0.04975	0.03129	0.08456	0.01178	0.01100	0.02183	0.00132	0.00131	0.00039	0.01441	0.00552	0.00077	0.00184
34	0.01209	0.04869	0.02415	0.10464	0.00392	0.08060	0.00221	0.06143	0.04343	0.52816	0.01243	0.01173	0.00288	0.00164	0.00967	0.00041	0.02583	0.02296	0.00123	0.00190
35	0.02050	0.00217	0.00734	0.13357	0.07967	0.05094	0.04496	0.01331	0.11324	0.01468	0.24855	0.12107	0.03703	0.02668	0.00520	0.00046	0.02709	0.05110	0.00103	0.00141

[dist]
# distance from previous block
# <min> <max>
0	2

[block]
# block no. 8 follows, 256 sequences, length 8
# corresponding to MSA columns:
# 2545-2551,2555
name=unknown_I
#
# <colnr> <probs for GDERKNQSTAVLIFYWHMCP>
#	G	D	E	R	K	N	Q	S	T	A	V	L	I	F	Y	W	H	M	C	P
0	0.00257	0.08571	0.36608	0.02185	0.00392	0.00244	0.03868	0.03293	0.01408	0.05753	0.03480	0.18581	0.03281	0.00213	0.00135	0.00043	0.00138	0.11305	0.00087	0.00157
1	0.01699	0.06933	0.09423	0.01899	0.10852	0.01648	0.00247	0.08979	0.00339	0.46033	0.00382	0.00392	0.01264	0.01574	0.01734	0.00043	0.04558	0.01694	0.00114	0.00194
2	0.00215	0.02827	0.08068	0.05408	0.00309	0.00214	0.01847	0.03607	0.00231	0.00329	0.01938	0.04568	0.00313	0.03001	0.57660	0.00142	0.08988	0.00139	0.00070	0.00128
3	0.01682	0.00250	0.03460	0.05530	0.26042	0.00234	0.07052	0.04302	0.00310	0.27973	0.00407	0.15687	0.00354	0.00185	0.00140	0.00042	0.01807	0.04262	0.00103	0.00178
4	0.08158	0.00131	0.00187	0.00179	0.00191	0.00135	0.02930	0.00195	0.00177	0.00262	0.00234	0.00391	0.00228	0.03009	0.09722	0.73495	0.00135	0.00112	0.00059	0.00071
5	0.04247	0.05943	0.04307	0.00321	0.03764	0.01998	0.11590	0.49629	0.00452	0.08151	0.00324	0.00398	0.00252	0.00156	0.00128	0.00040	0.00146	0.07854	0.00108	0.00192
6	0.00240	0.00197	0.01760	0.08075	0.00334	0.00197	0.07217	0.02920	0.15629	0.03091	0.34016	0.00847	0.03090	0.00236	0.00148	0.00045	0.00105	0.21592	0.00118	0.00143
7	0.03102	0.23983	0.34872	0.00277	0.00404	0.00320	0.03416	0.07107	0.01701	0.13166	0.00350	0.00363	0.07995	0.00159	0.02228	0.00040	0.00150	0.00110	0.00080	0.00177

[dist]
# distance from previous block
# <min> <max>
0	426

# created by:
# /home/berkeley/.conda/envs/busco_data_prod/bin/msa2prfl.pl pipeline/OGs_align_augustus/2759/6022.fs
