[name]
unknown

[dist]
# distance from previous block
# <min> <max>
0	274

[block]
# block no. 0 follows, 307 sequences, length 18
# corresponding to MSA columns:
# 278-295
name=unknown_A
#
# <colnr> <probs for GDERKNQSTAVLIFYWHMCP>
#	G	D	E	R	K	N	Q	S	T	A	V	L	I	F	Y	W	H	M	C	P
0	0.00203	0.00186	0.06621	0.00210	0.00249	0.05934	0.00189	0.06289	0.00263	0.00338	0.00497	0.01004	0.01494	0.00261	0.00142	0.01177	0.00109	0.74636	0.00092	0.00108
1	0.15197	0.00239	0.00256	0.00207	0.00277	0.00260	0.00168	0.49397	0.08528	0.11586	0.00292	0.06731	0.00229	0.00154	0.00121	0.05894	0.00101	0.00107	0.00099	0.00156
2	0.12586	0.06179	0.67645	0.00255	0.00383	0.00241	0.00312	0.00318	0.00220	0.00350	0.00247	0.00274	0.06214	0.00112	0.00095	0.00033	0.00134	0.00085	0.04172	0.00144
3	0.06728	0.00194	0.00302	0.73589	0.06383	0.00233	0.00268	0.04314	0.00227	0.00309	0.00247	0.00322	0.06218	0.00117	0.00105	0.00035	0.00131	0.00101	0.00055	0.00122
4	0.00276	0.00265	0.00399	0.04631	0.73299	0.06032	0.00297	0.06370	0.00260	0.00361	0.00201	0.00257	0.00166	0.00097	0.00103	0.00031	0.00128	0.00091	0.00057	0.06679
5	0.02824	0.00162	0.06599	0.00161	0.00205	0.00138	0.00134	0.04307	0.05504	0.09549	0.62105	0.06729	0.00761	0.00198	0.00120	0.00034	0.00068	0.00172	0.00110	0.00119
6	0.00150	0.00118	0.00177	0.00180	0.00200	0.00113	0.08435	0.02018	0.00217	0.00289	0.00552	0.68844	0.05183	0.00333	0.06228	0.00051	0.00090	0.06636	0.00093	0.00095
7	0.00328	0.00423	0.12809	0.06067	0.00373	0.52449	0.06619	0.05395	0.09021	0.00321	0.02112	0.00263	0.02229	0.00117	0.00102	0.00031	0.00163	0.00088	0.00954	0.00135
8	0.00260	0.00249	0.00423	0.05863	0.87025	0.00255	0.00322	0.00322	0.00239	0.00341	0.00198	0.00264	0.00167	0.00099	0.00114	0.00032	0.03515	0.00095	0.00052	0.00164
9	0.00152	0.00114	0.00171	0.00171	0.00191	0.00133	0.00133	0.00191	0.00171	0.00248	0.00286	0.00419	0.00267	0.00800	0.95827	0.00171	0.00286	0.00114	0.00057	0.00095
10	0.00152	0.00112	0.00161	0.00161	0.00177	0.00127	0.00121	0.00184	0.00170	0.00242	0.00313	0.00480	0.02546	0.16792	0.77581	0.00157	0.00250	0.00124	0.00059	0.00090
11	0.02312	0.00195	0.00224	0.00162	0.00255	0.00153	0.00130	0.04682	0.00233	0.00366	0.00192	0.00222	0.00158	0.00082	0.00080	0.00017	0.00081	0.00065	0.00065	0.90326
12	0.00226	0.00185	0.00218	0.00158	0.00248	0.00140	0.00126	0.00274	0.00229	0.03707	0.05419	0.00258	0.00208	0.00089	0.00083	0.00017	0.00078	0.00072	0.00069	0.88197
13	0.00282	0.84103	0.08260	0.00195	0.00291	0.02668	0.00200	0.00329	0.02373	0.00263	0.00159	0.00181	0.00141	0.00094	0.00073	0.00024	0.00119	0.00061	0.00047	0.00139
14	0.00156	0.00104	0.00123	0.00123	0.00125	0.00106	0.00072	0.00158	0.00157	0.00211	0.00328	0.00661	0.00371	0.84249	0.10410	0.02245	0.00122	0.00150	0.00063	0.00067
15	0.00290	0.92541	0.00549	0.00186	0.00276	0.04179	0.00184	0.00324	0.00220	0.00251	0.00149	0.00172	0.00137	0.00092	0.00070	0.00023	0.00117	0.00058	0.00046	0.00136
16	0.00225	0.00189	0.00222	0.00160	0.00252	0.00145	0.00128	0.00270	0.00220	0.01756	0.00192	0.00225	0.00160	0.00086	0.00089	0.01534	0.01612	0.00065	0.00064	0.92406
17	0.00387	0.00970	0.05179	0.04198	0.02221	0.01866	0.00193	0.36632	0.04522	0.35424	0.05535	0.00906	0.00262	0.00133	0.00107	0.00033	0.00106	0.00106	0.01049	0.00170

[dist]
# distance from previous block
# <min> <max>
0	1

[block]
# block no. 1 follows, 307 sequences, length 6
# corresponding to MSA columns:
# 298-303
name=unknown_B
#
# <colnr> <probs for GDERKNQSTAVLIFYWHMCP>
#	G	D	E	R	K	N	Q	S	T	A	V	L	I	F	Y	W	H	M	C	P
0	0.00130	0.00103	0.00116	0.00124	0.00149	0.00090	0.00089	0.00156	0.00237	0.00297	0.10178	0.31206	0.56179	0.00285	0.00129	0.00038	0.00056	0.00247	0.00101	0.00090
1	0.03349	0.00221	0.05247	0.02674	0.02146	0.00185	0.01909	0.07267	0.11984	0.02507	0.02787	0.00283	0.02192	0.00103	0.00090	0.00023	0.00090	0.00084	0.00074	0.56782
2	0.00224	0.00214	0.00357	0.58076	0.31452	0.00249	0.00302	0.00289	0.00219	0.00296	0.00190	0.00274	0.00151	0.00109	0.00124	0.00035	0.07160	0.00095	0.00049	0.00135
3	0.07351	0.00183	0.00231	0.19785	0.02355	0.03816	0.02281	0.06459	0.07254	0.10537	0.07003	0.18599	0.02661	0.03881	0.00133	0.00039	0.01417	0.04045	0.01848	0.00123
4	0.01796	0.00236	0.00367	0.30971	0.44922	0.03924	0.03287	0.02505	0.01860	0.00330	0.01803	0.00298	0.02844	0.00109	0.00110	0.00033	0.01893	0.00099	0.00056	0.02556
5	0.10719	0.00198	0.05071	0.15874	0.12628	0.01488	0.07053	0.00278	0.03611	0.04987	0.02090	0.23833	0.02305	0.02028	0.00120	0.00038	0.00105	0.04237	0.01323	0.02014

[dist]
# distance from previous block
# <min> <max>
0	10

[block]
# block no. 2 follows, 307 sequences, length 14
# corresponding to MSA columns:
# 329-332,338-347
name=unknown_C
#
# <colnr> <probs for GDERKNQSTAVLIFYWHMCP>
#	G	D	E	R	K	N	Q	S	T	A	V	L	I	F	Y	W	H	M	C	P
0	0.03114	0.21074	0.05599	0.02699	0.01408	0.31100	0.00186	0.01691	0.03547	0.00919	0.01010	0.05878	0.00196	0.02426	0.00103	0.00028	0.00837	0.00086	0.00060	0.18039
1	0.01337	0.01078	0.05003	0.31722	0.27377	0.03266	0.08364	0.03813	0.00850	0.04947	0.00828	0.02763	0.00831	0.00111	0.00110	0.00033	0.01565	0.00101	0.00060	0.05842
2	0.00224	0.00237	0.01438	0.01642	0.01750	0.00224	0.60155	0.00992	0.04911	0.00349	0.12629	0.05323	0.01829	0.00878	0.05764	0.00044	0.00153	0.00142	0.00068	0.01246
3	0.00192	0.01325	0.01384	0.00226	0.00954	0.00178	0.18680	0.02049	0.05821	0.00301	0.03094	0.02741	0.13443	0.13779	0.16921	0.01582	0.07439	0.07652	0.01200	0.01039
4	0.02188	0.01482	0.04527	0.00333	0.28133	0.07427	0.01132	0.03243	0.25758	0.00394	0.19216	0.00415	0.02666	0.00139	0.00108	0.00033	0.00103	0.00120	0.00930	0.01653
5	0.00151	0.00114	0.00140	0.00133	0.00161	0.00105	0.00100	0.00207	0.04040	0.00403	0.74642	0.00823	0.18133	0.00225	0.00125	0.00034	0.00052	0.00196	0.00114	0.00101
6	0.00205	0.00192	0.00315	0.90352	0.00708	0.00239	0.00289	0.00290	0.05819	0.00283	0.00204	0.00291	0.00153	0.00109	0.00107	0.00036	0.00139	0.00096	0.00051	0.00121
7	0.00155	0.00117	0.00147	0.00162	0.00183	0.00115	0.00122	0.00213	0.09909	0.00314	0.07417	0.47460	0.09756	0.00291	0.00134	0.00043	0.00071	0.23189	0.00101	0.00099
8	0.00184	0.00125	0.00175	0.00196	0.00223	0.00124	0.00171	0.00233	0.00248	0.04185	0.00559	0.01170	0.00600	0.00288	0.00146	0.00048	0.00098	0.91024	0.00100	0.00102
9	0.00350	0.00164	0.00218	0.00184	0.00244	0.00151	0.01760	0.01999	0.08670	0.55058	0.01599	0.23863	0.03548	0.00190	0.00116	0.00036	0.00084	0.01498	0.00118	0.00151
10	0.00221	0.00190	0.00221	0.00158	0.00253	0.00142	0.00126	0.00269	0.00221	0.00348	0.00190	0.00221	0.00158	0.00079	0.00079	0.00016	0.00079	0.00063	0.00063	0.96902
11	0.00163	0.00109	0.00132	0.00138	0.00147	0.00110	0.00096	0.00181	0.00184	0.00252	0.00392	0.00787	0.00429	0.59591	0.05568	0.00087	0.00108	0.23894	0.07555	0.00077
12	0.01926	0.00360	0.00304	0.00250	0.00322	0.33661	0.00199	0.49715	0.04434	0.03858	0.00233	0.00241	0.00173	0.00122	0.00107	0.00031	0.02078	0.00087	0.00087	0.01811
13	0.00159	0.00118	0.00155	0.00172	0.00198	0.00113	0.00145	0.00203	0.00247	0.00318	0.06691	0.04738	0.20686	0.00286	0.00141	0.00045	0.00085	0.65303	0.00100	0.00096

[dist]
# distance from previous block
# <min> <max>
0	2

[block]
# block no. 3 follows, 307 sequences, length 22
# corresponding to MSA columns:
# 350-371
name=unknown_D
#
# <colnr> <probs for GDERKNQSTAVLIFYWHMCP>
#	G	D	E	R	K	N	Q	S	T	A	V	L	I	F	Y	W	H	M	C	P
0	0.00218	0.00210	0.00357	0.65742	0.13401	0.01834	0.10045	0.00286	0.00221	0.00291	0.00199	0.00290	0.00155	0.00111	0.00117	0.01862	0.01537	0.00808	0.02189	0.00126
1	0.00199	0.00099	0.00099	0.00099	0.00124	0.00099	0.00075	0.00249	0.00224	0.00398	0.00348	0.00398	0.00273	0.00124	0.00075	0.00025	0.00050	0.00099	0.96842	0.00099
2	0.01755	0.02615	0.04541	0.01925	0.20616	0.33256	0.00818	0.04763	0.14391	0.01958	0.02342	0.06656	0.01717	0.00138	0.00643	0.00033	0.00137	0.01483	0.00071	0.00141
3	0.01714	0.00229	0.01328	0.02476	0.01754	0.00910	0.00175	0.09836	0.67508	0.04239	0.04851	0.00993	0.00335	0.00939	0.00615	0.00037	0.00091	0.01703	0.00105	0.00162
4	0.00199	0.00099	0.00099	0.00099	0.00124	0.00099	0.00075	0.00249	0.00224	0.00398	0.00348	0.00398	0.00273	0.00124	0.00075	0.00025	0.00050	0.00099	0.96842	0.00099
5	0.84513	0.00220	0.00176	0.03151	0.01260	0.04036	0.00130	0.01657	0.01685	0.02156	0.00162	0.00187	0.00125	0.00101	0.00071	0.00033	0.00090	0.00062	0.00067	0.00119
6	0.03472	0.08937	0.58049	0.00278	0.00398	0.12610	0.01951	0.01764	0.05808	0.00333	0.00940	0.00231	0.00154	0.00109	0.00109	0.00033	0.04542	0.00080	0.00053	0.00149
7	0.00154	0.00111	0.00161	0.00161	0.00177	0.00126	0.00121	0.00182	0.00169	0.00239	0.00302	0.00462	0.02098	0.13572	0.75386	0.06067	0.00245	0.00121	0.00058	0.00088
8	0.00132	0.00109	0.00117	0.00120	0.00153	0.00094	0.00092	0.00162	0.00244	0.00297	0.05116	0.04894	0.77398	0.00273	0.00129	0.00038	0.00059	0.10379	0.00100	0.00091
9	0.03772	0.00130	0.00182	0.00173	0.00203	0.00145	0.00136	0.02974	0.00192	0.06645	0.00286	0.00395	0.00255	0.00687	0.80077	0.00148	0.00254	0.00110	0.00064	0.03172
10	0.00260	0.00244	0.00418	0.08112	0.79092	0.00246	0.04191	0.00323	0.00243	0.02641	0.00232	0.00292	0.03022	0.00102	0.00107	0.00032	0.00127	0.00100	0.00056	0.00162
11	0.81118	0.00212	0.00181	0.01309	0.01847	0.00242	0.00130	0.07524	0.00215	0.06164	0.00174	0.00194	0.00131	0.00103	0.00073	0.00033	0.00087	0.00065	0.00073	0.00125
12	0.00253	0.00236	0.00368	0.13905	0.58943	0.00251	0.00283	0.00371	0.21753	0.00359	0.00259	0.02107	0.00211	0.00112	0.00107	0.00033	0.00118	0.00105	0.00066	0.00160
13	0.00264	0.00254	0.00433	0.00655	0.95584	0.00254	0.00327	0.00327	0.00243	0.00349	0.00201	0.00264	0.00169	0.00095	0.00106	0.00032	0.00127	0.00095	0.00053	0.00169
14	0.00154	0.00103	0.00117	0.00117	0.00118	0.00103	0.00066	0.00155	0.00157	0.00209	0.00344	0.03683	0.00398	0.93252	0.00530	0.00102	0.00102	0.00160	0.00066	0.00065
15	0.00390	0.00495	0.00297	0.00271	0.00324	0.92757	0.00203	0.00417	0.00299	0.00262	0.00178	0.03265	0.00156	0.00117	0.00097	0.00028	0.00188	0.00076	0.00056	0.00123
16	0.01719	0.00213	0.00262	0.00204	0.00284	0.00208	0.00168	0.27132	0.02793	0.61026	0.00373	0.00352	0.00249	0.00134	0.00107	0.00033	0.00097	0.02289	0.02181	0.00177
17	0.00209	0.00196	0.00325	0.78633	0.10248	0.01000	0.01082	0.00281	0.01531	0.00285	0.00214	0.01430	0.00173	0.00116	0.00109	0.00036	0.00138	0.03821	0.00052	0.00123
18	0.00259	0.00248	0.01094	0.01695	0.85597	0.00247	0.00985	0.01047	0.01879	0.00351	0.00222	0.00307	0.00191	0.00105	0.00107	0.00032	0.00125	0.04009	0.01336	0.00164
19	0.00214	0.00552	0.95697	0.00304	0.00462	0.00248	0.00394	0.00338	0.00225	0.00338	0.00191	0.00225	0.00135	0.00101	0.00101	0.00034	0.00158	0.00079	0.00045	0.00158
20	0.00278	0.22044	0.01098	0.03072	0.01905	0.08391	0.00740	0.02067	0.50849	0.01767	0.02327	0.02282	0.00274	0.00132	0.00099	0.00032	0.00103	0.00633	0.00086	0.01821
21	0.00196	0.00132	0.00164	0.00812	0.00187	0.00805	0.00113	0.01446	0.06238	0.08737	0.68742	0.00688	0.03754	0.00196	0.00119	0.00033	0.00060	0.00170	0.02576	0.04831

[dist]
# distance from previous block
# <min> <max>
0	1

[block]
# block no. 4 follows, 307 sequences, length 7
# corresponding to MSA columns:
# 373,374,377-381
name=unknown_E
#
# <colnr> <probs for GDERKNQSTAVLIFYWHMCP>
#	G	D	E	R	K	N	Q	S	T	A	V	L	I	F	Y	W	H	M	C	P
0	0.39451	0.16400	0.15908	0.00207	0.00291	0.20291	0.00195	0.03092	0.02697	0.00377	0.00170	0.00194	0.00134	0.00102	0.00081	0.00030	0.00124	0.00066	0.00059	0.00131
1	0.00221	0.06278	0.64385	0.00314	0.08597	0.00244	0.03531	0.02174	0.00236	0.00339	0.02359	0.02334	0.00212	0.00124	0.00106	0.00034	0.00143	0.08166	0.00055	0.00150
2	0.00260	0.20859	0.05203	0.03083	0.13224	0.10105	0.02527	0.03452	0.14158	0.01976	0.03834	0.05595	0.00272	0.01676	0.07571	0.00044	0.01746	0.04210	0.00070	0.00137
3	0.00163	0.00131	0.00208	0.00194	0.00217	0.00150	0.06983	0.00203	0.00176	0.00253	0.00277	0.00415	0.00259	0.04979	0.80769	0.00154	0.04198	0.00116	0.00057	0.00098
4	0.00166	0.00124	0.00163	0.00176	0.01969	0.00130	0.00126	0.07019	0.00222	0.00302	0.00490	0.57190	0.02608	0.03070	0.12831	0.00061	0.05507	0.06044	0.01705	0.00098
5	0.69145	0.02617	0.00200	0.00164	0.00234	0.04224	0.00135	0.10074	0.02941	0.09138	0.00193	0.00206	0.00143	0.00107	0.00076	0.00033	0.00092	0.00068	0.00076	0.00131
6	0.00130	0.00103	0.00117	0.00126	0.00151	0.00091	0.00091	0.00156	0.00232	0.00290	0.04772	0.33519	0.55738	0.00291	0.00130	0.00039	0.00058	0.03775	0.00100	0.00090

[dist]
# distance from previous block
# <min> <max>
7	35

[block]
# block no. 5 follows, 307 sequences, length 38
# corresponding to MSA columns:
# 462,465-469,480-485,492-496,501-521
name=unknown_F
#
# <colnr> <probs for GDERKNQSTAVLIFYWHMCP>
#	G	D	E	R	K	N	Q	S	T	A	V	L	I	F	Y	W	H	M	C	P
0	0.02162	0.00228	0.00375	0.41934	0.49694	0.01494	0.00307	0.00303	0.00228	0.00316	0.00193	0.00270	0.00155	0.00102	0.00109	0.00034	0.01806	0.00094	0.00051	0.00145
1	0.00197	0.00100	0.00100	0.00100	0.00125	0.00099	0.00075	0.00247	0.00224	0.00396	0.00363	0.00410	0.02168	0.00127	0.00076	0.00025	0.00050	0.00102	0.94918	0.00099
2	0.00248	0.00213	0.00237	0.00203	0.01646	0.00659	0.01207	0.03133	0.52364	0.00411	0.02089	0.01537	0.01246	0.00127	0.00100	0.00029	0.00084	0.01160	0.01082	0.32225
3	0.01647	0.00208	0.00318	0.53134	0.16307	0.03685	0.02977	0.01372	0.05538	0.01577	0.02746	0.05714	0.00946	0.00128	0.00111	0.00035	0.00866	0.01942	0.00620	0.00129
4	0.00199	0.00099	0.00099	0.00099	0.00124	0.00099	0.00075	0.00249	0.00224	0.00398	0.00348	0.00398	0.00273	0.00124	0.00075	0.00025	0.00050	0.00099	0.96842	0.00099
5	0.03222	0.00205	0.00235	0.01454	0.02445	0.01234	0.00160	0.39118	0.00349	0.12051	0.06728	0.20959	0.03842	0.00192	0.00851	0.00036	0.00663	0.03059	0.03053	0.00143
6	0.07374	0.00226	0.00280	0.02025	0.00305	0.02467	0.05128	0.22028	0.05505	0.50451	0.00340	0.01229	0.00229	0.00129	0.00109	0.00033	0.01756	0.00103	0.00111	0.00170
7	0.00213	0.00527	0.88973	0.00301	0.00452	0.00244	0.02900	0.00335	0.01327	0.00339	0.01114	0.00253	0.02337	0.00107	0.00103	0.00034	0.00154	0.00085	0.00048	0.00155
8	0.00131	0.00107	0.00111	0.00113	0.00144	0.00092	0.00083	0.00157	0.00236	0.00288	0.03276	0.06363	0.78381	0.06450	0.00153	0.00041	0.00058	0.01845	0.01882	0.00089
9	0.00284	0.00221	0.00237	0.00208	0.00270	0.00247	0.00164	0.10065	0.69448	0.07401	0.02434	0.01029	0.04616	0.00151	0.00109	0.00035	0.00085	0.00600	0.02232	0.00164
10	0.00154	0.00105	0.00121	0.00122	0.00128	0.00104	0.00075	0.00160	0.00171	0.00225	0.01592	0.00749	0.09878	0.75456	0.02614	0.02129	0.00101	0.05973	0.00070	0.00070
11	0.00250	0.00239	0.00405	0.15421	0.77585	0.00246	0.00315	0.00314	0.00238	0.00335	0.00218	0.01332	0.01238	0.00104	0.00107	0.00033	0.00127	0.01282	0.00054	0.00159
12	0.00265	0.00229	0.00241	0.00217	0.00277	0.00265	0.00169	0.00567	0.95392	0.00446	0.00434	0.00398	0.00326	0.00145	0.00109	0.00036	0.00084	0.00121	0.00109	0.00169
13	0.00288	0.93962	0.00553	0.00185	0.00275	0.02764	0.00183	0.00322	0.00219	0.00251	0.00149	0.00172	0.00137	0.00092	0.00069	0.00023	0.00116	0.00057	0.00046	0.00137
14	0.00213	0.00181	0.00213	0.00157	0.00244	0.00138	0.00124	0.00258	0.00219	0.00341	0.00222	0.07797	0.00203	0.00107	0.01174	0.00020	0.00080	0.00083	0.00066	0.88158
15	0.00262	0.00331	0.26783	0.02768	0.48986	0.00245	0.08662	0.01975	0.00247	0.06630	0.01058	0.00276	0.00176	0.00103	0.00107	0.00033	0.00137	0.00999	0.00058	0.00162
16	0.00834	0.00463	0.02646	0.00745	0.02621	0.75722	0.00213	0.08651	0.01515	0.00304	0.00188	0.00215	0.01309	0.00116	0.00108	0.00029	0.04055	0.00076	0.00060	0.00130
17	0.09622	0.00237	0.02185	0.00220	0.00284	0.02432	0.03408	0.22966	0.30973	0.08192	0.01360	0.01269	0.00848	0.00161	0.01693	0.00038	0.02683	0.09168	0.02109	0.00153
18	0.02221	0.90501	0.01921	0.00186	0.00277	0.01886	0.00185	0.01338	0.00221	0.00262	0.00150	0.00173	0.00137	0.00092	0.00070	0.00023	0.00115	0.00058	0.00047	0.00137
19	0.00152	0.00114	0.00171	0.00171	0.00191	0.00133	0.00133	0.00191	0.00171	0.00248	0.00286	0.00419	0.00267	0.00800	0.95827	0.00171	0.00286	0.00114	0.00057	0.00095
20	0.00243	0.01760	0.10645	0.00621	0.01827	0.00168	0.02261	0.01387	0.16323	0.17529	0.32298	0.01479	0.10411	0.00530	0.00117	0.00035	0.00083	0.02043	0.00104	0.00135
21	0.00235	0.00126	0.00160	0.00154	0.00190	0.00117	0.00121	0.00968	0.01075	0.21502	0.13059	0.18570	0.05785	0.00217	0.00117	0.00036	0.00071	0.17759	0.18846	0.00889
22	0.00214	0.02455	0.91272	0.00297	0.00450	0.00247	0.00382	0.00334	0.00227	0.00339	0.02708	0.00239	0.00158	0.00104	0.00101	0.00034	0.00154	0.00081	0.00047	0.00156
23	0.01809	0.00581	0.01416	0.10006	0.08343	0.02935	0.03054	0.09308	0.02252	0.12801	0.01261	0.00761	0.01954	0.02191	0.01336	0.00042	0.37991	0.01754	0.00070	0.00136
24	0.87925	0.00231	0.00171	0.00152	0.00218	0.07578	0.00124	0.01957	0.00196	0.00465	0.00152	0.00176	0.00118	0.00100	0.00069	0.00033	0.00092	0.00059	0.00066	0.00117
25	0.01640	0.00174	0.00234	0.00182	0.00259	0.00152	0.00150	0.00487	0.00298	0.85031	0.03919	0.02146	0.00298	0.00138	0.00107	0.00033	0.00087	0.00113	0.04381	0.00172
26	0.00272	0.00235	0.01404	0.01021	0.18849	0.00250	0.05416	0.15427	0.38683	0.01939	0.06963	0.01216	0.04424	0.00146	0.00564	0.00035	0.01927	0.00978	0.00092	0.00158
27	0.00204	0.00192	0.00323	0.90845	0.04277	0.00236	0.00295	0.00275	0.00215	0.00277	0.00190	0.00283	0.00144	0.00106	0.00106	0.00035	0.00141	0.00094	0.00048	0.01716
28	0.01367	0.00467	0.00287	0.00263	0.00315	0.84706	0.00197	0.02105	0.01468	0.00275	0.00199	0.05961	0.00179	0.00125	0.00099	0.00029	0.00179	0.00687	0.00970	0.00123
29	0.00167	0.00113	0.00135	0.00133	0.00141	0.00117	0.00085	0.00187	0.03908	0.02420	0.01398	0.02419	0.00808	0.72238	0.11497	0.00103	0.01293	0.02690	0.00069	0.00077
30	0.00221	0.03521	0.71433	0.00322	0.02027	0.00250	0.15001	0.00332	0.00230	0.00335	0.00210	0.00266	0.00771	0.00105	0.00105	0.00034	0.00155	0.02745	0.00049	0.01886
31	0.02010	0.00198	0.00235	0.00177	0.00262	0.01721	0.00144	0.08342	0.00276	0.32022	0.02963	0.00299	0.00620	0.00109	0.00095	0.00025	0.00759	0.00776	0.01145	0.47825
32	0.00201	0.00173	0.12735	0.02374	0.00218	0.00135	0.00965	0.02106	0.01696	0.04683	0.02143	0.10449	0.03678	0.01093	0.01466	0.52224	0.02659	0.00856	0.00062	0.00084
33	0.00232	0.00214	0.01093	0.54848	0.32787	0.00237	0.01591	0.00302	0.01471	0.03662	0.00218	0.01710	0.00958	0.00109	0.00107	0.00034	0.00133	0.00100	0.00054	0.00138
34	0.01017	0.15981	0.23616	0.03940	0.01905	0.03506	0.04025	0.01729	0.06266	0.05281	0.01073	0.26858	0.01101	0.00177	0.00109	0.00035	0.00112	0.03063	0.00073	0.00131
35	0.06082	0.04864	0.13267	0.04160	0.11402	0.04679	0.03521	0.01472	0.06588	0.24639	0.03136	0.07467	0.04522	0.00549	0.00720	0.00035	0.01094	0.00694	0.00084	0.01024
36	0.05797	0.09330	0.41268	0.03542	0.05097	0.00615	0.09441	0.03030	0.02026	0.04960	0.01900	0.05559	0.01380	0.00126	0.00113	0.00945	0.02984	0.00994	0.00060	0.00832
37	0.04138	0.09919	0.29273	0.02166	0.16842	0.01103	0.08146	0.01590	0.01226	0.13309	0.02775	0.02031	0.02424	0.01489	0.00110	0.00034	0.00463	0.01574	0.00067	0.01322

[dist]
# distance from previous block
# <min> <max>
8	35

[block]
# block no. 6 follows, 307 sequences, length 8
# corresponding to MSA columns:
# 565-571,577
name=unknown_G
#
# <colnr> <probs for GDERKNQSTAVLIFYWHMCP>
#	G	D	E	R	K	N	Q	S	T	A	V	L	I	F	Y	W	H	M	C	P
0	0.06668	0.04823	0.58491	0.00271	0.02360	0.01403	0.03147	0.00336	0.00232	0.09511	0.02284	0.03511	0.02858	0.00123	0.00107	0.00034	0.02028	0.01602	0.00061	0.00148
1	0.04144	0.05443	0.46783	0.01846	0.10304	0.01573	0.04288	0.01386	0.01290	0.07980	0.01309	0.07756	0.00231	0.00133	0.00106	0.00034	0.00132	0.05051	0.00063	0.00147
2	0.14162	0.05385	0.08256	0.13039	0.09025	0.21271	0.03410	0.04901	0.04099	0.03850	0.02633	0.04771	0.00219	0.00135	0.01191	0.00034	0.00133	0.03288	0.00067	0.00133
3	0.07448	0.34450	0.00383	0.00231	0.00301	0.51447	0.00191	0.03887	0.00271	0.00289	0.00161	0.00186	0.00137	0.00103	0.00085	0.00026	0.00154	0.00065	0.00054	0.00130
4	0.00302	0.00191	0.00236	0.02067	0.04587	0.01817	0.00149	0.02727	0.02043	0.29278	0.05949	0.00335	0.03743	0.00115	0.00095	0.00025	0.00086	0.00094	0.00090	0.46071
5	0.00167	0.00120	0.00165	0.00188	0.00213	0.00119	0.00162	0.00213	0.00244	0.00315	0.00602	0.05394	0.07287	0.00295	0.00145	0.00048	0.00094	0.84033	0.00098	0.00097
6	0.02243	0.00261	0.10005	0.04245	0.53313	0.00229	0.03871	0.00353	0.03874	0.13593	0.02490	0.02834	0.00224	0.00116	0.00108	0.00033	0.00121	0.01859	0.00069	0.00161
7	0.02326	0.02239	0.19272	0.02219	0.05686	0.03344	0.04956	0.07304	0.01165	0.22616	0.10142	0.10052	0.01497	0.01155	0.00117	0.00036	0.00110	0.05533	0.00089	0.00144

[dist]
# distance from previous block
# <min> <max>
0	8

[block]
# block no. 7 follows, 307 sequences, length 25
# corresponding to MSA columns:
# 586-610
name=unknown_H
#
# <colnr> <probs for GDERKNQSTAVLIFYWHMCP>
#	G	D	E	R	K	N	Q	S	T	A	V	L	I	F	Y	W	H	M	C	P
0	0.00131	0.00094	0.00125	0.00149	0.00156	0.00088	0.00100	0.00151	0.00207	0.00276	0.02400	0.92846	0.00710	0.00331	0.00136	0.00043	0.00062	0.01809	0.00099	0.00087
1	0.00214	0.00552	0.95697	0.00304	0.00462	0.00248	0.00394	0.00338	0.00225	0.00338	0.00191	0.00225	0.00135	0.00101	0.00101	0.00034	0.00158	0.00079	0.00045	0.00158
2	0.01940	0.01393	0.03840	0.01544	0.09344	0.56694	0.05506	0.01830	0.03243	0.09382	0.00212	0.00241	0.00612	0.00118	0.00634	0.00031	0.02709	0.00524	0.00064	0.00137
3	0.00231	0.00212	0.00353	0.67855	0.17201	0.01174	0.05134	0.03247	0.00233	0.03055	0.00201	0.00282	0.00153	0.00105	0.00107	0.00035	0.00140	0.00097	0.00053	0.00132
4	0.00272	0.00228	0.00253	0.00233	0.03243	0.02215	0.02166	0.05345	0.71553	0.03585	0.03030	0.00442	0.01450	0.00152	0.00111	0.00036	0.00091	0.05328	0.00105	0.00162
5	0.00233	0.03037	0.05583	0.05876	0.28836	0.01983	0.05079	0.00288	0.01639	0.09204	0.06414	0.20149	0.05618	0.00181	0.00889	0.00037	0.01135	0.03606	0.00078	0.00134
6	0.00293	0.64769	0.09380	0.00229	0.00327	0.01541	0.11830	0.00346	0.01165	0.08967	0.00188	0.00210	0.00153	0.00097	0.00083	0.00027	0.00125	0.00073	0.00055	0.00144
7	0.00412	0.00274	0.00303	0.00234	0.00317	0.00295	0.00193	0.72916	0.05305	0.18196	0.00296	0.00283	0.00204	0.00130	0.00107	0.00032	0.00111	0.00099	0.00112	0.00181
8	0.00245	0.00235	0.00399	0.14827	0.69636	0.00243	0.03356	0.00307	0.00236	0.00330	0.00247	0.01434	0.05035	0.00111	0.00115	0.00033	0.02895	0.00105	0.00055	0.00154
9	0.00880	0.00244	0.04607	0.43460	0.02173	0.11982	0.12953	0.00288	0.01169	0.00290	0.01036	0.09250	0.02345	0.00725	0.02260	0.00396	0.01412	0.04352	0.00059	0.00120
10	0.00219	0.07260	0.86056	0.03272	0.00457	0.00260	0.00376	0.00335	0.00224	0.00330	0.00188	0.00223	0.00136	0.00101	0.00099	0.00033	0.00154	0.00078	0.00045	0.00155
11	0.00164	0.00119	0.00162	0.00185	0.00209	0.00117	0.00158	0.00209	0.00242	0.00313	0.00612	0.09382	0.08876	0.00296	0.00145	0.00047	0.00091	0.78480	0.00098	0.00097
12	0.00286	0.30580	0.38418	0.01144	0.01132	0.00292	0.04258	0.00360	0.00235	0.17121	0.00217	0.00236	0.00160	0.00107	0.00106	0.00031	0.05024	0.00080	0.00061	0.00152
13	0.00177	0.01019	0.03219	0.02416	0.01347	0.00571	0.08123	0.00849	0.04120	0.04468	0.24488	0.05620	0.38825	0.00221	0.00124	0.00036	0.00077	0.04094	0.00098	0.00109
14	0.00211	0.00118	0.00156	0.00160	0.00188	0.00108	0.00119	0.01183	0.00239	0.20217	0.04064	0.54644	0.07556	0.00277	0.00130	0.00041	0.00071	0.10304	0.00107	0.00109
15	0.00275	0.44131	0.40075	0.00237	0.00355	0.01414	0.00270	0.03976	0.00998	0.07091	0.00192	0.00213	0.00148	0.00100	0.00087	0.00029	0.00131	0.00072	0.00054	0.00151
16	0.01855	0.00243	0.01806	0.00235	0.04255	0.13975	0.04897	0.05819	0.03932	0.50994	0.02728	0.06344	0.01649	0.00142	0.00109	0.00033	0.00110	0.00611	0.00106	0.00159
17	0.00130	0.00094	0.00123	0.00146	0.00154	0.00087	0.00098	0.00149	0.00207	0.00273	0.00617	0.90591	0.06277	0.00331	0.00136	0.00043	0.00061	0.00299	0.00099	0.00087
18	0.01235	0.38129	0.38856	0.00277	0.00397	0.00319	0.16276	0.01060	0.00975	0.00309	0.00184	0.00226	0.00147	0.00098	0.00093	0.00030	0.00142	0.01052	0.00049	0.00146
19	0.01535	0.19697	0.67932	0.00285	0.03159	0.02003	0.00336	0.02168	0.00231	0.01463	0.00186	0.00217	0.00139	0.00100	0.00095	0.00031	0.00146	0.00075	0.00048	0.00153
20	0.00142	0.00107	0.00130	0.00144	0.00166	0.00098	0.00108	0.00175	0.01806	0.01102	0.02730	0.40631	0.34262	0.00297	0.00134	0.00041	0.00066	0.17667	0.00100	0.00092
21	0.00230	0.00220	0.00378	0.49323	0.42307	0.00244	0.03854	0.00298	0.00228	0.00309	0.00208	0.00286	0.01446	0.00103	0.00107	0.00034	0.00136	0.00098	0.00051	0.00141
22	0.00727	0.12910	0.22011	0.00241	0.00331	0.01279	0.04794	0.19071	0.17035	0.08040	0.02198	0.05191	0.00246	0.00154	0.03083	0.00037	0.01191	0.01225	0.00081	0.00154
23	0.00188	0.00155	0.00230	0.32072	0.03333	0.01230	0.02375	0.00248	0.05415	0.03118	0.01237	0.31710	0.04422	0.00217	0.00125	0.00040	0.00655	0.13041	0.00080	0.00111
24	0.01973	0.00443	0.00328	0.02494	0.08708	0.70643	0.05061	0.05768	0.03046	0.00305	0.00184	0.00215	0.00149	0.00109	0.00099	0.00029	0.00176	0.00077	0.00059	0.00133

[dist]
# distance from previous block
# <min> <max>
0	1

[block]
# block no. 8 follows, 307 sequences, length 9
# corresponding to MSA columns:
# 612-616,618,619,622,636
name=unknown_I
#
# <colnr> <probs for GDERKNQSTAVLIFYWHMCP>
#	G	D	E	R	K	N	Q	S	T	A	V	L	I	F	Y	W	H	M	C	P
0	0.00379	0.02614	0.02767	0.03621	0.06099	0.03740	0.12860	0.09470	0.04848	0.47046	0.01472	0.00345	0.00241	0.00125	0.00109	0.00033	0.00114	0.02151	0.01800	0.00165
1	0.00217	0.00206	0.02395	0.69937	0.12253	0.00236	0.03206	0.00286	0.00220	0.02899	0.00212	0.02226	0.00170	0.00116	0.00116	0.00036	0.03074	0.02017	0.00053	0.00127
2	0.01240	0.00265	0.01880	0.05678	0.07622	0.17359	0.16141	0.01279	0.03671	0.01090	0.02623	0.08150	0.07620	0.01231	0.03019	0.00042	0.18918	0.01985	0.00065	0.00124
3	0.01350	0.03120	0.36908	0.03346	0.00364	0.05753	0.02962	0.05739	0.01920	0.27473	0.03594	0.05247	0.00239	0.00130	0.00109	0.00034	0.01372	0.00105	0.00081	0.00155
4	0.03514	0.04158	0.03039	0.37876	0.09584	0.06566	0.06289	0.04886	0.07650	0.04899	0.02904	0.03001	0.00209	0.00131	0.01488	0.00036	0.02705	0.00103	0.00827	0.00135
5	0.02044	0.00136	0.01151	0.01290	0.01805	0.00124	0.00120	0.03717	0.02138	0.10357	0.41800	0.12677	0.16254	0.00218	0.00121	0.00035	0.00066	0.02496	0.01305	0.02145
6	0.08600	0.40147	0.10360	0.02165	0.01527	0.08033	0.01102	0.09051	0.06408	0.06586	0.01157	0.00245	0.02111	0.00109	0.00086	0.00028	0.00118	0.00078	0.01023	0.01066
7	0.02299	0.02236	0.01768	0.06471	0.08408	0.02929	0.02544	0.04741	0.06539	0.09695	0.06470	0.06868	0.03160	0.12030	0.08469	0.00055	0.09217	0.00127	0.00077	0.05896
8	0.05701	0.27663	0.29118	0.01545	0.05390	0.05036	0.01651	0.04236	0.02323	0.07431	0.03350	0.02547	0.01523	0.01072	0.00100	0.00031	0.00987	0.00088	0.00062	0.00145

[dist]
# distance from previous block
# <min> <max>
11	38

[block]
# block no. 9 follows, 307 sequences, length 11
# corresponding to MSA columns:
# 709-717,722,726
name=unknown_J
#
# <colnr> <probs for GDERKNQSTAVLIFYWHMCP>
#	G	D	E	R	K	N	Q	S	T	A	V	L	I	F	Y	W	H	M	C	P
0	0.02931	0.12415	0.40977	0.02338	0.08619	0.01791	0.07451	0.01175	0.01212	0.03087	0.00979	0.06631	0.05051	0.00131	0.00108	0.00033	0.02103	0.01900	0.00059	0.01006
1	0.00238	0.11281	0.55294	0.05881	0.07497	0.01152	0.02803	0.02076	0.00234	0.03984	0.00936	0.02258	0.02224	0.00114	0.00106	0.00033	0.02071	0.00790	0.00054	0.00976
2	0.01016	0.05589	0.77094	0.01307	0.02146	0.00248	0.02121	0.00329	0.00225	0.02344	0.00216	0.02400	0.00999	0.01689	0.00111	0.00035	0.01005	0.00925	0.00050	0.00152
3	0.03651	0.64559	0.12848	0.00203	0.00294	0.04269	0.02587	0.00312	0.00224	0.00280	0.02349	0.01713	0.03990	0.00117	0.01045	0.00028	0.00120	0.01223	0.00052	0.00134
4	0.00230	0.09620	0.69569	0.02441	0.00419	0.01204	0.01783	0.01551	0.01415	0.03627	0.02869	0.02325	0.00183	0.00126	0.02162	0.00036	0.00148	0.00088	0.00053	0.00151
5	0.00278	0.06513	0.25466	0.19919	0.11760	0.06042	0.04608	0.01118	0.01372	0.16214	0.01417	0.01392	0.00886	0.00119	0.00781	0.00034	0.00135	0.01008	0.00790	0.00148
6	0.00201	0.00981	0.27321	0.00211	0.02320	0.00160	0.01360	0.01653	0.01651	0.08484	0.04695	0.26287	0.09144	0.06589	0.02316	0.00045	0.00844	0.05534	0.00082	0.00121
7	0.00237	0.00151	0.02575	0.01180	0.02554	0.00135	0.00133	0.00300	0.08623	0.22679	0.16071	0.10150	0.24127	0.01626	0.01062	0.00038	0.00076	0.05356	0.02805	0.00124
8	0.00268	0.02419	0.05304	0.27739	0.31513	0.03617	0.07836	0.02209	0.00245	0.10269	0.00972	0.00308	0.00187	0.00114	0.00115	0.00783	0.02243	0.02869	0.00842	0.00146
9	0.01125	0.05133	0.16354	0.09538	0.08194	0.05426	0.06750	0.16416	0.02055	0.16474	0.02425	0.04628	0.00230	0.00144	0.02511	0.00037	0.00129	0.01273	0.01008	0.00152
10	0.00203	0.02505	0.03148	0.01306	0.01386	0.00128	0.01236	0.00244	0.01156	0.14323	0.15948	0.09124	0.28777	0.02135	0.04374	0.01994	0.00085	0.11014	0.00805	0.00111

[dist]
# distance from previous block
# <min> <max>
1	267

# created by:
# /home/berkeley/.conda/envs/busco_data_prod/bin/msa2prfl.pl pipeline/OGs_align_augustus/2759/674963.fs
