[name]
unknown

[dist]
# distance from previous block
# <min> <max>
1	321

[block]
# block no. 0 follows, 255 sequences, length 6
# corresponding to MSA columns:
# 873,874,891,892,894,895
name=unknown_A
#
# <colnr> <probs for GDERKNQSTAVLIFYWHMCP>
#	G	D	E	R	K	N	Q	S	T	A	V	L	I	F	Y	W	H	M	C	P
0	0.02607	0.04552	0.04492	0.03546	0.00360	0.17794	0.09489	0.06883	0.06440	0.09165	0.03211	0.03488	0.01985	0.12707	0.01671	0.00051	0.03122	0.00132	0.02231	0.06075
1	0.00326	0.06612	0.07313	0.03279	0.04369	0.03287	0.02240	0.06959	0.03359	0.13580	0.02417	0.02529	0.02363	0.01402	0.02737	0.00037	0.01513	0.00111	0.00090	0.35477
2	0.03568	0.03329	0.06830	0.03211	0.04637	0.02814	0.02092	0.01488	0.02742	0.10126	0.10475	0.04384	0.03525	0.00151	0.00115	0.00032	0.00110	0.01241	0.00093	0.39039
3	0.03540	0.03126	0.06869	0.00209	0.00315	0.00204	0.00180	0.02736	0.06756	0.04838	0.00287	0.06178	0.00244	0.00126	0.00104	0.00026	0.00103	0.00102	0.00085	0.63973
4	0.02312	0.04937	0.07720	0.05551	0.12027	0.01805	0.03488	0.15010	0.03198	0.12735	0.02770	0.02059	0.01468	0.03215	0.00142	0.00038	0.02382	0.00118	0.03411	0.15612
5	0.06121	0.10763	0.03235	0.09231	0.07565	0.20471	0.01859	0.07724	0.02038	0.10375	0.01743	0.01645	0.01148	0.01050	0.01181	0.01232	0.07570	0.00107	0.01886	0.03057

[dist]
# distance from previous block
# <min> <max>
2	6

[block]
# block no. 1 follows, 255 sequences, length 12
# corresponding to MSA columns:
# 902-913
name=unknown_B
#
# <colnr> <probs for GDERKNQSTAVLIFYWHMCP>
#	G	D	E	R	K	N	Q	S	T	A	V	L	I	F	Y	W	H	M	C	P
0	0.01526	0.11421	0.28628	0.07358	0.06881	0.03776	0.04682	0.07043	0.02562	0.13610	0.02331	0.02377	0.00941	0.01720	0.00144	0.01439	0.03186	0.00115	0.00081	0.00176
1	0.00295	0.05990	0.02695	0.02495	0.06489	0.04190	0.02725	0.07882	0.03448	0.09116	0.15514	0.02087	0.12649	0.01423	0.01930	0.03146	0.14923	0.01657	0.01197	0.00150
2	0.07603	0.00262	0.05416	0.09899	0.15805	0.02825	0.02273	0.05732	0.12201	0.10186	0.07978	0.07785	0.05447	0.00187	0.00830	0.00042	0.01044	0.01945	0.02374	0.00166
3	0.01695	0.05526	0.17838	0.09271	0.07620	0.02651	0.08341	0.05777	0.08417	0.16043	0.01925	0.01664	0.02732	0.01401	0.04061	0.00048	0.02649	0.00721	0.00852	0.00768
4	0.02670	0.01447	0.02391	0.12326	0.20914	0.01072	0.14942	0.03271	0.03025	0.08198	0.05491	0.16518	0.03775	0.00188	0.00140	0.00042	0.01153	0.01399	0.00090	0.00947
5	0.00254	0.00156	0.00199	0.00193	0.00234	0.00148	0.00152	0.03618	0.02675	0.15126	0.25962	0.13646	0.10435	0.04220	0.00173	0.00049	0.00090	0.22408	0.00128	0.00134
6	0.01462	0.03228	0.07990	0.22930	0.13090	0.03801	0.07142	0.06285	0.04591	0.15621	0.01863	0.01925	0.01456	0.00185	0.05037	0.00049	0.01782	0.00124	0.01269	0.00172
7	0.02576	0.10904	0.26809	0.04700	0.08168	0.04374	0.05187	0.05422	0.02238	0.26068	0.01089	0.00325	0.00224	0.00134	0.00123	0.00038	0.01234	0.00108	0.00090	0.00188
8	0.00184	0.00122	0.00139	0.00140	0.00142	0.00121	0.00080	0.00184	0.00189	0.00251	0.00437	0.03024	0.04354	0.85829	0.00608	0.03731	0.00119	0.00189	0.00079	0.00078
9	0.00279	0.00155	0.00189	0.00169	0.00221	0.00139	0.00131	0.00336	0.03568	0.24755	0.28258	0.06384	0.27674	0.00248	0.00140	0.00041	0.00076	0.00211	0.06886	0.00143
10	0.04405	0.07838	0.16518	0.08459	0.09213	0.04835	0.07322	0.07480	0.02375	0.22288	0.03471	0.01315	0.00940	0.00149	0.00812	0.00040	0.01217	0.01049	0.00093	0.00181
11	0.05739	0.01653	0.04237	0.23014	0.13074	0.01291	0.08956	0.07838	0.02179	0.03205	0.00884	0.04731	0.02414	0.04635	0.03835	0.00723	0.09734	0.00133	0.00768	0.00958

[dist]
# distance from previous block
# <min> <max>
3	19

[block]
# block no. 2 follows, 255 sequences, length 35
# corresponding to MSA columns:
# 936-939,955-973,975,977,978,983-991
name=unknown_C
#
# <colnr> <probs for GDERKNQSTAVLIFYWHMCP>
#	G	D	E	R	K	N	Q	S	T	A	V	L	I	F	Y	W	H	M	C	P
0	0.00185	0.00139	0.00169	0.00161	0.00195	0.00130	0.00120	0.03422	0.02343	0.00466	0.61058	0.06652	0.21000	0.02550	0.00161	0.00043	0.00067	0.00889	0.00131	0.00120
1	0.01387	0.00144	0.00186	0.00167	0.00208	0.00132	0.00127	0.00295	0.00348	0.13357	0.72281	0.00836	0.01866	0.02328	0.00153	0.00041	0.00069	0.00206	0.03511	0.02357
2	0.00174	0.00119	0.00152	0.00171	0.00185	0.00115	0.00118	0.02262	0.00257	0.00357	0.05781	0.70082	0.01702	0.04141	0.02367	0.00055	0.00081	0.01388	0.10385	0.00107
3	0.00174	0.00134	0.00171	0.00160	0.00194	0.00121	0.02291	0.00226	0.00334	0.00454	0.64206	0.02489	0.25925	0.02366	0.00161	0.00043	0.00066	0.00239	0.00130	0.00116
4	0.00320	0.02483	0.00314	0.00268	0.00343	0.00322	0.03392	0.03202	0.86594	0.00528	0.00494	0.00458	0.00371	0.00168	0.00129	0.00043	0.00106	0.00141	0.00125	0.00199
5	0.00487	0.00348	0.00376	0.00288	0.00390	0.00382	0.00238	0.89363	0.00584	0.05781	0.00315	0.00311	0.00221	0.00153	0.00127	0.00038	0.00138	0.00115	0.00129	0.00216
6	0.96437	0.00245	0.00186	0.00167	0.00245	0.00285	0.00137	0.00373	0.00216	0.00569	0.00177	0.00206	0.00137	0.00118	0.00079	0.00039	0.00098	0.00069	0.00079	0.00137
7	0.96437	0.00245	0.00186	0.00167	0.00245	0.00285	0.00137	0.00373	0.00216	0.00569	0.00177	0.00206	0.00137	0.00118	0.00079	0.00039	0.00098	0.00069	0.00079	0.00137
8	0.00316	0.00273	0.00287	0.00258	0.00330	0.00316	0.00201	0.00674	0.94520	0.00531	0.00516	0.00473	0.00387	0.00172	0.00129	0.00043	0.00100	0.00143	0.00129	0.00201
9	0.00332	0.00274	0.00346	0.02204	0.17422	0.00300	0.03618	0.03787	0.59366	0.07187	0.00460	0.00455	0.02237	0.00162	0.00130	0.00042	0.00116	0.01249	0.00115	0.00197
10	0.00197	0.00134	0.00174	0.00162	0.00195	0.00123	0.00122	0.00256	0.00358	0.04911	0.87916	0.00931	0.03525	0.00256	0.00149	0.00040	0.00062	0.00226	0.00140	0.00124
11	0.00274	0.00233	0.00266	0.00192	0.00303	0.02027	0.00153	0.00330	0.00267	0.02644	0.00231	0.00266	0.00190	0.00096	0.00095	0.00020	0.00097	0.00077	0.00077	0.92161
12	0.00156	0.00112	0.00149	0.00177	0.00186	0.00104	0.00120	0.00179	0.00246	0.00328	0.01878	0.91127	0.01818	0.00394	0.00162	0.00051	0.00074	0.02517	0.00118	0.00104
13	0.00254	0.00656	0.94884	0.00362	0.00549	0.00295	0.00469	0.00402	0.00268	0.00402	0.00228	0.00268	0.00161	0.00121	0.00121	0.00040	0.00188	0.00094	0.00054	0.00188
14	0.01115	0.00804	0.01071	0.09341	0.12183	0.11331	0.13414	0.20296	0.03565	0.08942	0.00711	0.02889	0.00232	0.00154	0.00168	0.00042	0.12742	0.00736	0.00088	0.00177
15	0.00332	0.00372	0.00435	0.40460	0.02936	0.31198	0.16107	0.02023	0.00301	0.00343	0.00228	0.01401	0.00182	0.00724	0.00137	0.00040	0.02456	0.00112	0.00063	0.00150
16	0.00320	0.00237	0.00258	0.00229	0.00296	0.01267	0.00179	0.01312	0.58821	0.10380	0.08510	0.00524	0.00441	0.00177	0.00126	0.00040	0.00095	0.02673	0.10666	0.03449
17	0.00180	0.00130	0.00170	0.00160	0.00190	0.00120	0.00120	0.00239	0.00359	0.00509	0.94683	0.00948	0.01197	0.00259	0.00150	0.00040	0.00060	0.00229	0.00140	0.00120
18	0.00240	0.00226	0.00381	0.95236	0.00874	0.00282	0.00352	0.00324	0.00254	0.00324	0.00226	0.00338	0.00169	0.00127	0.00127	0.00042	0.00169	0.00113	0.00056	0.00141
19	0.00189	0.00129	0.00152	0.00151	0.00156	0.00133	0.00093	0.01635	0.00195	0.00266	0.00389	0.00763	0.00432	0.77310	0.15637	0.00133	0.00157	0.00175	0.01820	0.00086
20	0.00157	0.00122	0.00143	0.00153	0.00180	0.00108	0.00109	0.00190	0.00283	0.00363	0.16505	0.36972	0.42608	0.00340	0.00155	0.00046	0.00068	0.01267	0.00121	0.00108
21	0.00331	0.86661	0.09551	0.00231	0.00347	0.00482	0.00241	0.00382	0.00259	0.00308	0.00181	0.00210	0.00163	0.00110	0.00085	0.00028	0.00141	0.00070	0.00054	0.00165
22	0.00474	0.00605	0.00360	0.00327	0.00392	0.95032	0.00245	0.00507	0.00360	0.00311	0.00196	0.00229	0.00163	0.00131	0.00114	0.00033	0.00229	0.00082	0.00065	0.00147
23	0.00185	0.00123	0.00138	0.00138	0.00139	0.00123	0.00078	0.00186	0.00188	0.00252	0.00421	0.00833	0.02708	0.91592	0.00624	0.00119	0.00120	0.00185	0.01768	0.00078
24	0.00482	0.00355	0.00381	0.00292	0.00393	0.00393	0.00241	0.94327	0.00597	0.00800	0.00305	0.00305	0.00216	0.00152	0.00127	0.00038	0.00140	0.00114	0.00127	0.00216
25	0.01515	0.00280	0.00337	0.00273	0.02606	0.01134	0.03171	0.35911	0.10977	0.36421	0.02457	0.01377	0.02617	0.00162	0.00129	0.00039	0.00122	0.00132	0.00134	0.00205
26	0.96437	0.00245	0.00186	0.00167	0.00245	0.00285	0.00137	0.00373	0.00216	0.00569	0.00177	0.00206	0.00137	0.00118	0.00079	0.00039	0.00098	0.00069	0.00079	0.00137
27	0.01313	0.00274	0.00332	0.22650	0.03656	0.03364	0.00789	0.05986	0.47842	0.02031	0.00376	0.00396	0.00286	0.00166	0.00159	0.02066	0.07911	0.00127	0.00100	0.00177
28	0.00240	0.00226	0.00381	0.95236	0.00874	0.00282	0.00352	0.00324	0.00254	0.00324	0.00226	0.00338	0.00169	0.00127	0.00127	0.00042	0.00169	0.00113	0.00056	0.00141
29	0.96437	0.00245	0.00186	0.00167	0.00245	0.00285	0.00137	0.00373	0.00216	0.00569	0.00177	0.00206	0.00137	0.00118	0.00079	0.00039	0.00098	0.00069	0.00079	0.00137
30	0.00552	0.00244	0.00312	0.00239	0.00338	0.00228	0.00198	0.19526	0.00410	0.75863	0.00461	0.00406	0.00294	0.00156	0.00127	0.00039	0.00114	0.00125	0.00151	0.00216
31	0.01771	0.00243	0.00285	0.01361	0.00324	0.00252	0.00191	0.11448	0.33863	0.38174	0.04516	0.00471	0.02755	0.00169	0.00127	0.00040	0.00105	0.00138	0.03568	0.00198
32	0.00479	0.00351	0.00377	0.00290	0.00391	0.00388	0.00239	0.90145	0.03164	0.02416	0.00314	0.00311	0.00222	0.00153	0.00127	0.00038	0.00138	0.00115	0.00128	0.00215
33	0.00516	0.00219	0.00287	0.00227	0.00318	0.00200	0.00185	0.00606	0.12790	0.77586	0.05299	0.00464	0.00369	0.00164	0.00129	0.00040	0.00105	0.00135	0.00152	0.00209
34	0.00254	0.00656	0.94884	0.00362	0.00549	0.00295	0.00469	0.00402	0.00268	0.00402	0.00228	0.00268	0.00161	0.00121	0.00121	0.00040	0.00188	0.00094	0.00054	0.00188

[dist]
# distance from previous block
# <min> <max>
5	15

[block]
# block no. 3 follows, 255 sequences, length 23
# corresponding to MSA columns:
# 1035-1047,1052-1061
name=unknown_D
#
# <colnr> <probs for GDERKNQSTAVLIFYWHMCP>
#	G	D	E	R	K	N	Q	S	T	A	V	L	I	F	Y	W	H	M	C	P
0	0.84469	0.05288	0.01014	0.00785	0.01037	0.02099	0.00816	0.01154	0.00227	0.01370	0.00183	0.00213	0.00143	0.00119	0.00084	0.00039	0.00672	0.00071	0.00077	0.00141
1	0.00181	0.00136	0.00202	0.00202	0.00224	0.00158	0.00157	0.00226	0.00203	0.00293	0.00341	0.00506	0.00321	0.03244	0.92751	0.00202	0.00335	0.00137	0.00068	0.00112
2	0.11081	0.00234	0.00297	0.02292	0.03170	0.01761	0.01013	0.06061	0.00352	0.67253	0.02473	0.00401	0.00297	0.00166	0.01814	0.00042	0.00117	0.00121	0.00137	0.00919
3	0.00180	0.00129	0.00168	0.00158	0.00188	0.00119	0.00119	0.00239	0.00356	0.00504	0.90554	0.00945	0.03461	0.00259	0.00148	0.00040	0.00060	0.00228	0.02025	0.00119
4	0.00159	0.00127	0.00136	0.00137	0.00175	0.00110	0.00102	0.00196	0.00295	0.00372	0.14891	0.07941	0.68998	0.00310	0.00148	0.00043	0.00065	0.01222	0.04464	0.00109
5	0.00185	0.00124	0.00143	0.00144	0.00146	0.00125	0.00084	0.00188	0.00188	0.00251	0.00402	0.00823	0.00458	0.88591	0.05785	0.00126	0.00135	0.01945	0.00077	0.00080
6	0.00162	0.00115	0.00154	0.00181	0.00192	0.00109	0.00126	0.00188	0.00251	0.00334	0.03828	0.79651	0.00830	0.02715	0.00175	0.00054	0.00079	0.10633	0.00117	0.00104
7	0.00275	0.00257	0.00338	0.00295	0.00309	0.03511	0.00241	0.04381	0.02262	0.01661	0.00229	0.00348	0.00216	0.03940	0.19056	0.00085	0.62274	0.00119	0.00065	0.00137
8	0.00240	0.00226	0.00381	0.95236	0.00874	0.00282	0.00352	0.00324	0.00254	0.00324	0.00226	0.00338	0.00169	0.00127	0.00127	0.00042	0.00169	0.00113	0.00056	0.00141
9	0.00336	0.00303	0.04388	0.12299	0.04991	0.04852	0.24848	0.05427	0.02685	0.14355	0.00982	0.03836	0.00243	0.01741	0.00182	0.00043	0.13773	0.00132	0.00083	0.04500
10	0.23397	0.00249	0.01568	0.31570	0.12019	0.03228	0.00844	0.00809	0.02891	0.00393	0.00247	0.00374	0.00216	0.11609	0.01257	0.00053	0.07630	0.01433	0.00069	0.00142
11	0.02545	0.00336	0.00361	0.00281	0.00378	0.00371	0.00231	0.79260	0.07796	0.05031	0.00329	0.00324	0.00234	0.00153	0.00125	0.00038	0.00133	0.00116	0.01746	0.00211
12	0.00230	0.00141	0.00188	0.00201	0.02935	0.00133	0.01001	0.02018	0.01077	0.12618	0.05551	0.58429	0.03953	0.01760	0.02144	0.00051	0.00088	0.01242	0.06116	0.00126
13	0.00263	0.00272	0.11092	0.07359	0.02627	0.00228	0.28563	0.01593	0.00268	0.07269	0.00366	0.11909	0.00343	0.12903	0.10317	0.00071	0.00177	0.03416	0.00816	0.00146
14	0.00263	0.00226	0.00263	0.00188	0.00301	0.00169	0.00150	0.00319	0.00263	0.00413	0.00226	0.00263	0.00188	0.00094	0.00094	0.00019	0.00094	0.00075	0.00075	0.96317
15	0.00185	0.00128	0.00165	0.00165	0.00174	0.00136	0.00110	0.00200	0.00191	0.00264	0.00368	0.00680	0.00394	0.54078	0.37729	0.04500	0.00208	0.00162	0.00072	0.00090
16	0.00370	0.00255	0.03178	0.02288	0.00322	0.01719	0.01629	0.23876	0.16756	0.18284	0.02778	0.07152	0.01112	0.02319	0.01400	0.00044	0.01687	0.01071	0.13583	0.00177
17	0.01605	0.00237	0.00385	0.82700	0.00810	0.00294	0.02005	0.04598	0.00266	0.00350	0.00226	0.00332	0.00171	0.00133	0.00142	0.00043	0.05388	0.00113	0.00060	0.00145
18	0.00294	0.01529	0.00371	0.11466	0.03804	0.00970	0.04134	0.06149	0.05225	0.04840	0.00996	0.03246	0.00797	0.01430	0.02623	0.00937	0.46849	0.02978	0.01210	0.00150
19	0.00173	0.00124	0.00160	0.00169	0.00182	0.00126	0.00116	0.00197	0.00225	0.00304	0.04961	0.28360	0.07484	0.29431	0.25271	0.00112	0.00158	0.02254	0.00093	0.00099
20	0.01542	0.04124	0.01172	0.01063	0.01142	0.03713	0.07553	0.31677	0.04450	0.03258	0.02941	0.03454	0.01583	0.00764	0.00127	0.00034	0.01730	0.00753	0.00098	0.28822
21	0.14413	0.07562	0.07953	0.03809	0.04023	0.08132	0.01825	0.03911	0.07367	0.01730	0.00262	0.02455	0.01132	0.00158	0.00177	0.00040	0.21050	0.02129	0.01349	0.10521
22	0.01903	0.11642	0.05696	0.01058	0.04135	0.08303	0.09921	0.16565	0.04814	0.07444	0.04785	0.04483	0.06438	0.00181	0.01583	0.00973	0.01551	0.01783	0.01849	0.04892

[dist]
# distance from previous block
# <min> <max>
2	18

[block]
# block no. 4 follows, 255 sequences, length 7
# corresponding to MSA columns:
# 1081-1087
name=unknown_E
#
# <colnr> <probs for GDERKNQSTAVLIFYWHMCP>
#	G	D	E	R	K	N	Q	S	T	A	V	L	I	F	Y	W	H	M	C	P
0	0.00231	0.04989	0.05380	0.00205	0.00242	0.03840	0.00161	0.05709	0.03169	0.04036	0.02916	0.51191	0.01902	0.07685	0.00191	0.00052	0.02285	0.02884	0.02805	0.00126
1	0.06129	0.45740	0.08027	0.00248	0.03774	0.03096	0.00223	0.04982	0.00281	0.03688	0.03230	0.04978	0.05476	0.02835	0.00133	0.00038	0.04188	0.02702	0.00075	0.00157
2	0.00284	0.02828	0.04158	0.00222	0.03900	0.00187	0.00169	0.08727	0.01989	0.14754	0.07692	0.17526	0.02839	0.15017	0.05471	0.00064	0.01318	0.05277	0.07438	0.00141
3	0.02117	0.14102	0.00273	0.00221	0.03696	0.00204	0.02778	0.01981	0.03174	0.00352	0.04676	0.39800	0.05198	0.07745	0.03856	0.00058	0.01949	0.07597	0.00099	0.00124
4	0.03367	0.17232	0.13937	0.11485	0.04486	0.01217	0.07904	0.04870	0.06158	0.04040	0.10288	0.02760	0.01344	0.05728	0.01060	0.00045	0.02745	0.00130	0.01043	0.00159
5	0.03271	0.02547	0.11755	0.00240	0.02453	0.00202	0.04608	0.06384	0.04126	0.05734	0.09274	0.15517	0.06607	0.05497	0.01139	0.02728	0.00114	0.04136	0.01464	0.12206
6	0.08324	0.06744	0.11487	0.04363	0.02432	0.04293	0.06428	0.08620	0.12745	0.04026	0.03047	0.07634	0.01885	0.03694	0.00146	0.00042	0.01528	0.03567	0.02372	0.06621

[dist]
# distance from previous block
# <min> <max>
3	61

[block]
# block no. 5 follows, 255 sequences, length 17
# corresponding to MSA columns:
# 1248-1250,1254-1256,1260-1270
name=unknown_F
#
# <colnr> <probs for GDERKNQSTAVLIFYWHMCP>
#	G	D	E	R	K	N	Q	S	T	A	V	L	I	F	Y	W	H	M	C	P
0	0.01800	0.01241	0.08424	0.04979	0.06889	0.05016	0.13525	0.10518	0.09536	0.03985	0.16126	0.02895	0.04418	0.02857	0.01937	0.00046	0.01570	0.01688	0.02390	0.00161
1	0.00257	0.02837	0.01628	0.00185	0.01067	0.02026	0.00144	0.02365	0.00947	0.14770	0.55004	0.06301	0.08638	0.00241	0.00142	0.00040	0.00079	0.00788	0.01089	0.01450
2	0.02331	0.18857	0.07539	0.09270	0.16902	0.10037	0.03784	0.09842	0.05226	0.04835	0.00809	0.04891	0.00829	0.00143	0.00119	0.00037	0.00726	0.00652	0.01894	0.01278
3	0.06720	0.06150	0.18062	0.03697	0.03311	0.01944	0.15041	0.04919	0.05021	0.08413	0.02171	0.01586	0.00234	0.01514	0.00128	0.00037	0.01220	0.00111	0.01094	0.18627
4	0.03198	0.06442	0.15657	0.01961	0.09972	0.04629	0.11367	0.16792	0.06041	0.09188	0.02631	0.02906	0.00256	0.01526	0.00130	0.00039	0.00148	0.00120	0.00090	0.06907
5	0.00304	0.04785	0.05688	0.01504	0.08211	0.05202	0.02128	0.02494	0.01194	0.14476	0.08290	0.01035	0.01470	0.03933	0.21192	0.00963	0.15589	0.01304	0.00087	0.00152
6	0.03402	0.02351	0.08515	0.08730	0.04163	0.00244	0.12323	0.11044	0.03470	0.09623	0.05840	0.18412	0.00913	0.01929	0.01149	0.00046	0.02014	0.03587	0.00867	0.01379
7	0.02269	0.06276	0.17161	0.02837	0.08690	0.02952	0.06026	0.07611	0.06165	0.13801	0.00921	0.00324	0.00889	0.00709	0.00121	0.00035	0.00630	0.00105	0.00087	0.22394
8	0.06984	0.06586	0.07897	0.08296	0.19161	0.11432	0.04110	0.06008	0.01934	0.08770	0.03818	0.00353	0.00810	0.01179	0.00142	0.00039	0.05745	0.01770	0.00762	0.04202
9	0.00187	0.00131	0.00166	0.00176	0.00202	0.00122	0.00133	0.00231	0.01444	0.03473	0.19186	0.30983	0.17110	0.04748	0.00180	0.00052	0.00082	0.19260	0.02021	0.00114
10	0.03975	0.00635	0.01206	0.07220	0.12973	0.01058	0.02155	0.02420	0.01643	0.18077	0.15617	0.21531	0.05531	0.01508	0.00151	0.00044	0.02144	0.01248	0.00712	0.00152
11	0.03624	0.10746	0.08666	0.07898	0.09420	0.01060	0.06845	0.13320	0.05279	0.11141	0.00870	0.01868	0.00227	0.00141	0.00990	0.00037	0.02912	0.00110	0.00087	0.14759
12	0.00281	0.02052	0.00218	0.00188	0.01008	0.00156	0.01269	0.02129	0.02132	0.22463	0.40680	0.05969	0.15913	0.00242	0.00145	0.00041	0.00978	0.01928	0.02062	0.00145
13	0.00168	0.00120	0.00154	0.00172	0.00189	0.00112	0.00120	0.01215	0.00266	0.01703	0.10496	0.65828	0.13570	0.00378	0.02128	0.01167	0.00079	0.01908	0.00119	0.00108
14	0.02574	0.00947	0.08912	0.29604	0.20350	0.01876	0.10333	0.07145	0.05118	0.04240	0.01619	0.03691	0.00887	0.00146	0.00742	0.00042	0.01401	0.00127	0.00076	0.00171
15	0.02370	0.05140	0.05872	0.14454	0.22614	0.03260	0.11163	0.09346	0.01789	0.13080	0.00994	0.03142	0.02149	0.00143	0.00130	0.00039	0.01357	0.00667	0.02114	0.00178
16	0.00203	0.00155	0.00227	0.02123	0.00251	0.00186	0.00174	0.00249	0.01384	0.02368	0.00335	0.01909	0.00314	0.03171	0.74033	0.01042	0.10426	0.01260	0.00071	0.00118

[dist]
# distance from previous block
# <min> <max>
4	9

[block]
# block no. 6 follows, 255 sequences, length 26
# corresponding to MSA columns:
# 1310-1335
name=unknown_G
#
# <colnr> <probs for GDERKNQSTAVLIFYWHMCP>
#	G	D	E	R	K	N	Q	S	T	A	V	L	I	F	Y	W	H	M	C	P
0	0.43974	0.03945	0.04955	0.06952	0.03670	0.25736	0.02326	0.02354	0.00717	0.01423	0.00204	0.00247	0.00162	0.01208	0.00107	0.00038	0.00745	0.00084	0.01003	0.00149
1	0.00270	0.00224	0.01016	0.12386	0.05306	0.04310	0.02571	0.05425	0.19298	0.04985	0.02462	0.24508	0.01653	0.01970	0.01064	0.00049	0.00600	0.10924	0.00829	0.00150
2	0.00158	0.00114	0.00148	0.00173	0.00184	0.00107	0.00118	0.00182	0.00245	0.00325	0.00721	0.79259	0.07608	0.04221	0.01404	0.00056	0.00080	0.03650	0.01142	0.00103
3	0.00166	0.00123	0.00165	0.00187	0.00195	0.00125	0.00129	0.00190	0.00239	0.00324	0.00653	0.82108	0.01769	0.01467	0.02371	0.00056	0.06556	0.01347	0.01725	0.00106
4	0.00937	0.00250	0.03969	0.01811	0.14160	0.01380	0.04134	0.10391	0.10439	0.05824	0.02227	0.12159	0.03321	0.02609	0.01381	0.00580	0.03986	0.10539	0.01013	0.08891
5	0.00162	0.00124	0.00150	0.00158	0.00185	0.00112	0.00114	0.00200	0.01089	0.00376	0.22206	0.38721	0.32399	0.00334	0.00154	0.00046	0.00069	0.01759	0.00122	0.01521
6	0.01831	0.05675	0.22604	0.00995	0.03135	0.02590	0.01509	0.14156	0.09231	0.01932	0.00266	0.00293	0.00204	0.00124	0.00119	0.00032	0.02609	0.00096	0.00871	0.31726
7	0.00184	0.00125	0.00146	0.00146	0.00149	0.00127	0.00087	0.00190	0.00187	0.00252	0.00392	0.00790	0.00444	0.84059	0.12104	0.00133	0.00149	0.00179	0.00076	0.00081
8	0.00720	0.00273	0.02407	0.00824	0.02695	0.06878	0.03054	0.06974	0.45265	0.01529	0.18704	0.02763	0.02888	0.00942	0.00143	0.00042	0.01522	0.02086	0.00119	0.00172
9	0.01908	0.00282	0.00297	0.00260	0.00335	0.01177	0.00205	0.15230	0.72302	0.02349	0.01053	0.00453	0.00360	0.00186	0.02049	0.00045	0.00113	0.01072	0.00127	0.00199
10	0.00159	0.00120	0.00147	0.00159	0.00182	0.00108	0.00112	0.00193	0.00283	0.00372	0.22886	0.47223	0.26905	0.00344	0.00156	0.00046	0.00068	0.00304	0.00123	0.00108
11	0.04386	0.03072	0.01935	0.00262	0.00338	0.12388	0.03406	0.28471	0.18709	0.07490	0.02501	0.00427	0.00303	0.12857	0.00895	0.00051	0.00708	0.00962	0.00107	0.00734
12	0.00303	0.43927	0.47998	0.00293	0.00441	0.00393	0.00345	0.04308	0.00277	0.00371	0.00208	0.00240	0.00164	0.00116	0.00103	0.00034	0.00162	0.00083	0.00057	0.00177
13	0.00181	0.00136	0.00204	0.00204	0.00227	0.00159	0.00159	0.00227	0.00204	0.00295	0.00340	0.00498	0.00317	0.00952	0.95038	0.00204	0.00340	0.00136	0.00068	0.00113
14	0.00162	0.00114	0.00151	0.00177	0.00188	0.00107	0.00121	0.00186	0.00246	0.01325	0.00701	0.83953	0.03370	0.03664	0.00179	0.00054	0.00078	0.05004	0.00117	0.00104
15	0.00246	0.00196	0.01234	0.00260	0.00287	0.00216	0.13312	0.00263	0.00211	0.04287	0.00288	0.03913	0.00284	0.17362	0.11300	0.24067	0.21953	0.00142	0.00068	0.00111
16	0.00590	0.01054	0.08131	0.00225	0.03622	0.01216	0.00634	0.02782	0.01364	0.02372	0.01730	0.51384	0.08940	0.01849	0.05413	0.00058	0.01163	0.07243	0.00106	0.00124
17	0.00158	0.00115	0.00150	0.00178	0.00187	0.00108	0.00119	0.00188	0.02459	0.00329	0.00707	0.91342	0.02705	0.00391	0.00161	0.00051	0.00074	0.00354	0.00118	0.00105
18	0.01321	0.00264	0.02334	0.55124	0.19242	0.00294	0.11469	0.00346	0.00262	0.00355	0.00233	0.00339	0.00184	0.00140	0.01404	0.00044	0.05539	0.00890	0.00059	0.00157
19	0.08521	0.02464	0.17021	0.00934	0.01267	0.00640	0.01025	0.06478	0.02311	0.38816	0.03452	0.04368	0.04423	0.00187	0.01206	0.00043	0.00124	0.06421	0.00117	0.00181
20	0.01775	0.00168	0.00200	0.00177	0.00233	0.00153	0.00139	0.05149	0.01923	0.26429	0.17253	0.05955	0.32206	0.00247	0.00139	0.00041	0.00082	0.02536	0.05048	0.00147
21	0.04469	0.00246	0.00299	0.00233	0.00326	0.00240	0.00191	0.23290	0.03505	0.58575	0.00434	0.00396	0.00286	0.00154	0.00123	0.00038	0.00112	0.00122	0.06757	0.00205
22	0.01746	0.01427	0.12367	0.10807	0.05733	0.04160	0.26197	0.02677	0.11006	0.01731	0.03580	0.08423	0.04055	0.00864	0.00144	0.00043	0.01234	0.03559	0.00083	0.00162
23	0.00360	0.00233	0.08057	0.01193	0.01520	0.00196	0.00192	0.12473	0.01625	0.32781	0.07391	0.19418	0.05503	0.00218	0.00134	0.00041	0.00104	0.01242	0.06213	0.01106
24	0.00186	0.00130	0.00174	0.00197	0.00217	0.00125	0.00151	0.01184	0.00956	0.02270	0.04798	0.51183	0.03023	0.01549	0.00171	0.00054	0.00090	0.33310	0.00119	0.00113
25	0.07289	0.02925	0.04285	0.18697	0.08016	0.11476	0.08291	0.20933	0.02336	0.11276	0.00275	0.00313	0.00202	0.00136	0.00129	0.00039	0.02522	0.00110	0.00572	0.00177

[dist]
# distance from previous block
# <min> <max>
2	10

[block]
# block no. 7 follows, 255 sequences, length 30
# corresponding to MSA columns:
# 1355-1365,1370-1388
name=unknown_H
#
# <colnr> <probs for GDERKNQSTAVLIFYWHMCP>
#	G	D	E	R	K	N	Q	S	T	A	V	L	I	F	Y	W	H	M	C	P
0	0.69744	0.02342	0.06632	0.03745	0.04239	0.02791	0.01476	0.05122	0.00252	0.02400	0.00199	0.00231	0.00152	0.00121	0.00090	0.00039	0.00117	0.00079	0.00078	0.00150
1	0.01517	0.00290	0.02636	0.20060	0.09835	0.03291	0.03909	0.22541	0.02783	0.06206	0.00758	0.00856	0.00213	0.00130	0.00123	0.00035	0.01581	0.00108	0.01020	0.22108
2	0.01308	0.05660	0.03204	0.25925	0.17284	0.12879	0.02565	0.14290	0.01097	0.01248	0.00263	0.01933	0.01284	0.00535	0.01776	0.00043	0.06387	0.00777	0.01375	0.00166
3	0.22160	0.00218	0.00257	0.00207	0.00292	0.00210	0.00170	0.04350	0.01309	0.56119	0.10859	0.00449	0.00375	0.00162	0.00119	0.00040	0.00101	0.01559	0.00859	0.00185
4	0.00189	0.00133	0.00179	0.00203	0.00226	0.00128	0.00162	0.00232	0.00277	0.01761	0.05115	0.32817	0.05918	0.02782	0.00179	0.00056	0.00097	0.49317	0.00118	0.00112
5	0.00184	0.00124	0.00154	0.00160	0.00169	0.00124	0.00104	0.00198	0.00212	0.02145	0.00510	0.25488	0.04336	0.50882	0.10545	0.01577	0.00774	0.02131	0.00090	0.00092
6	0.00181	0.00135	0.00198	0.00198	0.00220	0.00154	0.00152	0.00223	0.00208	0.00297	0.02223	0.02077	0.01563	0.06138	0.85200	0.00192	0.00314	0.00146	0.00071	0.00111
7	0.00156	0.00111	0.00148	0.00177	0.00185	0.00104	0.00119	0.00178	0.00243	0.00324	0.00695	0.92625	0.00832	0.01750	0.00169	0.00053	0.00075	0.01838	0.00117	0.00103
8	0.00561	0.00214	0.00292	0.00224	0.00321	0.00185	0.00185	0.00611	0.00363	0.92912	0.02423	0.00442	0.00332	0.00159	0.00128	0.00039	0.00107	0.00130	0.00157	0.00214
9	0.00562	0.00216	0.00292	0.00225	0.00321	0.00188	0.00185	0.01858	0.00364	0.91793	0.00496	0.00431	0.00313	0.00157	0.00127	0.00039	0.00107	0.00127	0.01984	0.00214
10	0.00569	0.00216	0.00294	0.00226	0.00324	0.00186	0.00186	0.00618	0.00363	0.94837	0.00501	0.00432	0.00314	0.00157	0.00128	0.00039	0.00108	0.00128	0.00157	0.00216
11	0.00187	0.00131	0.00172	0.00161	0.00192	0.00121	0.00121	0.00247	0.00359	0.02320	0.92874	0.00938	0.01180	0.00257	0.00149	0.00040	0.00061	0.00227	0.00140	0.00122
12	0.00484	0.00353	0.00379	0.00291	0.00392	0.00390	0.00240	0.92567	0.00592	0.02565	0.00308	0.00307	0.00218	0.00152	0.00127	0.00038	0.00139	0.00114	0.00127	0.00216
13	0.00339	0.95617	0.00665	0.00217	0.00326	0.00502	0.00217	0.00380	0.00258	0.00299	0.00176	0.00204	0.00163	0.00109	0.00081	0.00027	0.00136	0.00068	0.00054	0.00163
14	0.00184	0.00123	0.00141	0.00141	0.00141	0.00124	0.00080	0.00186	0.00185	0.00248	0.00398	0.00819	0.00456	0.92366	0.03815	0.00126	0.00130	0.00183	0.00077	0.00078
15	0.00186	0.00135	0.00184	0.00183	0.00196	0.00151	0.00131	0.00213	0.00199	0.00280	0.02034	0.00616	0.00378	0.34588	0.54894	0.02384	0.02925	0.00154	0.00072	0.00100
16	0.00163	0.00127	0.00148	0.00148	0.00181	0.00112	0.00109	0.00206	0.00313	0.00411	0.40807	0.13049	0.43162	0.00305	0.00151	0.00043	0.00064	0.00263	0.00127	0.00112
17	0.00270	0.02428	0.00275	0.00191	0.00304	0.00182	0.00154	0.02690	0.00271	0.00421	0.00226	0.00263	0.00188	0.00096	0.00095	0.00019	0.00096	0.00076	0.00076	0.91678
18	0.00348	0.06707	0.03445	0.08967	0.10736	0.01567	0.06746	0.09388	0.05195	0.18111	0.04265	0.01031	0.00861	0.00179	0.00570	0.10491	0.02512	0.00120	0.00093	0.08669
19	0.02591	0.25319	0.13665	0.01393	0.05248	0.07256	0.08769	0.20495	0.05283	0.04928	0.00259	0.00289	0.00200	0.00134	0.00498	0.00037	0.02247	0.00504	0.00082	0.00802
20	0.00959	0.06752	0.28414	0.18813	0.16374	0.06646	0.08983	0.07507	0.01562	0.01897	0.00243	0.00855	0.00186	0.00124	0.00123	0.00039	0.00172	0.00107	0.00066	0.00177
21	0.00199	0.00144	0.00196	0.00221	0.00249	0.00143	0.00187	0.00260	0.03251	0.00378	0.02556	0.14688	0.03946	0.00349	0.00171	0.00056	0.00107	0.72664	0.00118	0.00117
22	0.00368	0.00255	0.02595	0.00230	0.00328	0.00228	0.01827	0.19194	0.04282	0.21030	0.08468	0.00391	0.00868	0.00143	0.00121	0.00032	0.01451	0.00767	0.00111	0.37312
23	0.00257	0.02376	0.74033	0.00353	0.03165	0.00287	0.03291	0.00406	0.06345	0.00414	0.05229	0.00854	0.01135	0.00135	0.00124	0.00040	0.00171	0.00599	0.00603	0.00182
24	0.00278	0.00278	0.00389	0.00333	0.00333	0.00389	0.00278	0.00305	0.00194	0.00305	0.00167	0.00278	0.00167	0.00222	0.00416	0.00056	0.95309	0.00111	0.00056	0.00139
25	0.00314	0.00301	0.00515	0.00779	0.94750	0.00301	0.00389	0.00389	0.00289	0.00415	0.00239	0.00314	0.00201	0.00113	0.00126	0.00038	0.00151	0.00113	0.00063	0.00201
26	0.00153	0.00129	0.00132	0.00134	0.00176	0.00109	0.00101	0.00186	0.00290	0.00346	0.02388	0.02368	0.88550	0.00323	0.00151	0.00044	0.00066	0.04129	0.00118	0.00108
27	0.00301	0.00338	0.00722	0.00518	0.00642	0.00321	0.88256	0.01971	0.01166	0.00412	0.00261	0.00350	0.00199	0.00113	0.00155	0.00043	0.02317	0.00938	0.00066	0.00912
28	0.00482	0.00355	0.00381	0.00292	0.00393	0.00393	0.00241	0.94327	0.00597	0.00800	0.00305	0.00305	0.00216	0.00152	0.00127	0.00038	0.00140	0.00114	0.00127	0.00216
29	0.23093	0.03069	0.02761	0.03781	0.01131	0.01910	0.00654	0.39843	0.10190	0.10615	0.00958	0.00313	0.00226	0.00144	0.00116	0.00039	0.00751	0.00106	0.00110	0.00188

[dist]
# distance from previous block
# <min> <max>
1	74

[block]
# block no. 8 follows, 255 sequences, length 18
# corresponding to MSA columns:
# 1498-1515
name=unknown_I
#
# <colnr> <probs for GDERKNQSTAVLIFYWHMCP>
#	G	D	E	R	K	N	Q	S	T	A	V	L	I	F	Y	W	H	M	C	P
0	0.04869	0.00904	0.00942	0.07317	0.09444	0.03704	0.03881	0.15691	0.01072	0.04882	0.00957	0.01921	0.00215	0.00122	0.00114	0.00030	0.01063	0.00100	0.00085	0.42687
1	0.00173	0.00123	0.00162	0.01707	0.00206	0.00113	0.00125	0.00199	0.00248	0.02178	0.01673	0.81082	0.02055	0.01606	0.00162	0.00050	0.00078	0.01252	0.00114	0.06694
2	0.02177	0.09995	0.04613	0.01308	0.01353	0.09999	0.18866	0.04474	0.10676	0.03492	0.15563	0.01511	0.10369	0.00178	0.00143	0.00040	0.04069	0.00924	0.00094	0.00157
3	0.00162	0.00124	0.00150	0.00164	0.00190	0.00112	0.00121	0.00197	0.00280	0.00359	0.11317	0.36360	0.36715	0.00347	0.00158	0.00048	0.00074	0.12892	0.00120	0.00108
4	0.01763	0.15903	0.16882	0.14261	0.05468	0.03096	0.04529	0.15580	0.11019	0.01583	0.03060	0.00338	0.01086	0.00142	0.00132	0.00039	0.04252	0.00612	0.00081	0.00176
5	0.00170	0.00121	0.00162	0.00189	0.00202	0.00116	0.00138	0.00201	0.00252	0.00333	0.00669	0.62628	0.00780	0.07781	0.00203	0.00059	0.00089	0.25688	0.00114	0.00105
6	0.00347	0.28362	0.09115	0.03036	0.11605	0.05301	0.10411	0.09231	0.03858	0.07418	0.02436	0.00905	0.00231	0.00135	0.00129	0.00037	0.04594	0.00883	0.01792	0.00176
7	0.00266	0.00243	0.01334	0.02183	0.02673	0.02785	0.24351	0.01402	0.01135	0.03744	0.02115	0.12354	0.01940	0.00190	0.00136	0.00039	0.00133	0.15624	0.00089	0.27264
8	0.00200	0.00143	0.00182	0.00169	0.00204	0.00137	0.00128	0.00283	0.07994	0.02790	0.83286	0.02387	0.01104	0.00252	0.00148	0.00040	0.00065	0.00222	0.00139	0.00128
9	0.00263	0.00226	0.00263	0.00188	0.00301	0.00169	0.00150	0.00319	0.00263	0.00413	0.00226	0.00263	0.00188	0.00094	0.00094	0.00019	0.00094	0.00075	0.00075	0.96317
10	0.00314	0.00301	0.00515	0.00779	0.94750	0.00301	0.00389	0.00389	0.00289	0.00415	0.00239	0.00314	0.00201	0.00113	0.00126	0.00038	0.00151	0.00113	0.00063	0.00201
11	0.00192	0.00134	0.00172	0.00185	0.00208	0.00130	0.00144	0.00231	0.00271	0.01728	0.10445	0.09890	0.12425	0.21245	0.00270	0.00067	0.00101	0.40595	0.01461	0.00107
12	0.00154	0.00112	0.00146	0.00173	0.00183	0.00103	0.00116	0.00177	0.00246	0.00325	0.00741	0.88710	0.07560	0.00392	0.00161	0.00051	0.00073	0.00354	0.00118	0.00103
13	0.10311	0.00293	0.02261	0.08467	0.27994	0.00302	0.04567	0.22655	0.05801	0.03566	0.00941	0.02624	0.00232	0.00927	0.00131	0.00039	0.01951	0.00117	0.00695	0.06127
14	0.00281	0.01202	0.00279	0.03407	0.02618	0.05981	0.03242	0.03496	0.02416	0.05762	0.11690	0.08903	0.02529	0.00696	0.00120	0.00031	0.00106	0.00135	0.00671	0.46434
15	0.00159	0.00114	0.00151	0.00179	0.00188	0.00106	0.00122	0.00183	0.00248	0.00330	0.02241	0.84979	0.02427	0.01668	0.00169	0.00053	0.00077	0.06386	0.00118	0.00104
16	0.00215	0.00162	0.00225	0.20147	0.00346	0.00167	0.00176	0.02416	0.01523	0.04085	0.62216	0.00785	0.05534	0.00227	0.00146	0.00041	0.01140	0.00198	0.00120	0.00131
17	0.01401	0.17880	0.07567	0.07005	0.29885	0.08548	0.05526	0.06378	0.02515	0.03689	0.00255	0.00311	0.01029	0.01521	0.01023	0.00040	0.03271	0.00106	0.01874	0.00176

[dist]
# distance from previous block
# <min> <max>
7	8

[block]
# block no. 9 follows, 255 sequences, length 25
# corresponding to MSA columns:
# 1550-1554,1573-1577,1579-1589,1603-1605,1607
name=unknown_J
#
# <colnr> <probs for GDERKNQSTAVLIFYWHMCP>
#	G	D	E	R	K	N	Q	S	T	A	V	L	I	F	Y	W	H	M	C	P
0	0.00185	0.00137	0.00158	0.00153	0.00189	0.00128	0.00115	0.01447	0.04390	0.01061	0.38645	0.04881	0.35852	0.01138	0.02286	0.00045	0.00072	0.00836	0.08162	0.00119
1	0.00189	0.00143	0.00168	0.00159	0.00198	0.00134	0.00120	0.00265	0.08485	0.01969	0.53941	0.00982	0.31279	0.00269	0.00147	0.00041	0.00066	0.00232	0.01091	0.00124
2	0.00471	0.00350	0.00375	0.00290	0.00389	0.00388	0.00238	0.88101	0.06840	0.00782	0.00319	0.00316	0.00227	0.00154	0.00127	0.00038	0.00137	0.00116	0.00127	0.00215
3	0.00185	0.00123	0.00138	0.00138	0.00138	0.00123	0.00077	0.00185	0.00185	0.00246	0.00400	0.00830	0.00461	0.95541	0.00646	0.00123	0.00123	0.00185	0.00077	0.00077
4	0.00314	0.00301	0.00515	0.00779	0.94750	0.00301	0.00389	0.00389	0.00289	0.00415	0.00239	0.00314	0.00201	0.00113	0.00126	0.00038	0.00151	0.00113	0.00063	0.00201
5	0.00155	0.00110	0.00147	0.00177	0.00184	0.00103	0.00118	0.00177	0.00243	0.00324	0.00699	0.95458	0.00839	0.00397	0.00162	0.00052	0.00074	0.00361	0.00118	0.00103
6	0.00254	0.00656	0.94884	0.00362	0.00549	0.00295	0.00469	0.00402	0.00268	0.00402	0.00228	0.00268	0.00161	0.00121	0.00121	0.00040	0.00188	0.00094	0.00054	0.00188
7	0.00316	0.00273	0.00287	0.00258	0.00330	0.00316	0.00201	0.00674	0.94520	0.00531	0.00516	0.00473	0.00387	0.00172	0.00129	0.00043	0.00100	0.00143	0.00129	0.00201
8	0.00346	0.88326	0.02332	0.00226	0.00334	0.04852	0.00223	0.01585	0.00267	0.00307	0.00180	0.00207	0.00163	0.00110	0.00084	0.00028	0.00141	0.00070	0.00056	0.00163
9	0.01006	0.03030	0.09281	0.03514	0.02823	0.00225	0.02998	0.06693	0.04065	0.07961	0.03195	0.00364	0.02207	0.01167	0.00121	0.00031	0.01537	0.02069	0.00087	0.47624
10	0.02599	0.10113	0.09159	0.01633	0.07040	0.11221	0.02153	0.32293	0.07427	0.11865	0.00805	0.01616	0.00235	0.00690	0.00125	0.00038	0.00586	0.00112	0.00101	0.00191
11	0.00159	0.00129	0.00156	0.00162	0.00194	0.00114	0.02707	0.00191	0.00275	0.00344	0.03332	0.34043	0.53194	0.00342	0.00155	0.00046	0.00074	0.04159	0.00117	0.00108
12	0.00157	0.00113	0.00149	0.00174	0.00185	0.00105	0.00118	0.00183	0.00254	0.00339	0.07530	0.83936	0.04317	0.00384	0.00161	0.00050	0.00073	0.01549	0.00119	0.00105
13	0.00828	0.01476	0.02856	0.01215	0.01756	0.00138	0.01026	0.02150	0.01724	0.01043	0.19626	0.28712	0.34129	0.00306	0.00150	0.00044	0.00078	0.01892	0.00731	0.00119
14	0.02310	0.15795	0.13777	0.03408	0.10256	0.03371	0.06552	0.10143	0.03247	0.03449	0.00963	0.03726	0.00229	0.00149	0.01350	0.00038	0.05458	0.00792	0.00700	0.14287
15	0.00305	0.00294	0.00491	0.13775	0.77872	0.01487	0.00379	0.00379	0.00282	0.00398	0.00234	0.00315	0.00195	0.00118	0.00134	0.00039	0.02937	0.00113	0.00062	0.00190
16	0.00553	0.00222	0.00295	0.00227	0.00323	0.00198	0.00187	0.06878	0.00376	0.85692	0.00485	0.00425	0.00308	0.00156	0.00126	0.00039	0.00109	0.00126	0.03061	0.00213
17	0.01091	0.03764	0.05514	0.46217	0.17048	0.01273	0.10815	0.01893	0.01178	0.01809	0.00815	0.03623	0.00212	0.00140	0.00682	0.00042	0.02880	0.00124	0.00720	0.00159
18	0.07468	0.00723	0.08161	0.11902	0.11183	0.05384	0.16077	0.05670	0.02848	0.08472	0.01370	0.01362	0.01311	0.00718	0.07741	0.00564	0.02545	0.05858	0.00480	0.00163
19	0.00553	0.00242	0.00310	0.00238	0.00337	0.00225	0.00197	0.17874	0.00406	0.77521	0.00464	0.00408	0.00296	0.00156	0.00127	0.00039	0.00114	0.00125	0.00151	0.00216
20	0.00159	0.00117	0.00158	0.01365	0.00198	0.00110	0.01326	0.00184	0.00246	0.00326	0.01940	0.83635	0.05001	0.03305	0.00176	0.00053	0.00078	0.01404	0.00115	0.00104
21	0.00892	0.15530	0.31210	0.05280	0.09462	0.06618	0.08253	0.02554	0.04073	0.07891	0.01242	0.02281	0.02201	0.00138	0.00123	0.00038	0.00880	0.01084	0.00074	0.00176
22	0.00288	0.03589	0.00413	0.28180	0.38393	0.01731	0.00797	0.01498	0.14849	0.01143	0.03567	0.01373	0.02780	0.00142	0.00127	0.00040	0.00142	0.00695	0.00077	0.00175
23	0.00194	0.00154	0.00211	0.00209	0.00235	0.02953	0.00162	0.00249	0.03103	0.00302	0.00341	0.00490	0.00315	0.00904	0.89334	0.00194	0.00329	0.00135	0.00070	0.00117
24	0.31443	0.02682	0.01832	0.22225	0.07734	0.05714	0.10380	0.09203	0.00290	0.03855	0.00228	0.00283	0.00174	0.00127	0.00119	0.00040	0.02760	0.00100	0.00653	0.00159

[dist]
# distance from previous block
# <min> <max>
0	2

[block]
# block no. 10 follows, 255 sequences, length 21
# corresponding to MSA columns:
# 1610-1630
name=unknown_K
#
# <colnr> <probs for GDERKNQSTAVLIFYWHMCP>
#	G	D	E	R	K	N	Q	S	T	A	V	L	I	F	Y	W	H	M	C	P
0	0.00263	0.00253	0.00354	0.00311	0.00317	0.00344	0.00260	0.00297	0.00215	0.00325	0.05003	0.00461	0.00291	0.00241	0.00372	0.00055	0.78193	0.12243	0.00068	0.00135
1	0.00307	0.02379	0.02984	0.02546	0.04834	0.05533	0.47173	0.03010	0.01563	0.00381	0.00228	0.00312	0.00185	0.00145	0.00220	0.00045	0.27801	0.00128	0.00064	0.00163
2	0.00232	0.00139	0.00181	0.00179	0.00212	0.00127	0.00134	0.01082	0.00312	0.14101	0.35519	0.32320	0.05183	0.01492	0.00157	0.00046	0.00077	0.06771	0.01609	0.00128
3	0.00180	0.00130	0.00170	0.00160	0.00190	0.00120	0.00120	0.00239	0.00359	0.00509	0.94683	0.00948	0.01197	0.00259	0.00150	0.00040	0.00060	0.00229	0.00140	0.00120
4	0.00165	0.00129	0.00150	0.00144	0.00181	0.00114	0.00108	0.00211	0.00325	0.00428	0.48979	0.01081	0.46951	0.00290	0.00150	0.00041	0.00062	0.00248	0.00129	0.00114
5	0.32808	0.00229	0.00260	0.00207	0.00299	0.00224	0.00171	0.02437	0.00318	0.61227	0.00388	0.00353	0.00253	0.00144	0.00111	0.00039	0.00105	0.00108	0.00130	0.00190
6	0.00474	0.00605	0.00360	0.00327	0.00392	0.95032	0.00245	0.00507	0.00360	0.00311	0.00196	0.00229	0.00163	0.00131	0.00114	0.00033	0.00229	0.00082	0.00065	0.00147
7	0.00213	0.06423	0.17653	0.01754	0.00292	0.00190	0.01662	0.02502	0.03398	0.02086	0.11764	0.25572	0.22157	0.00266	0.00142	0.00044	0.00103	0.03540	0.00104	0.00135
8	0.00154	0.00111	0.00147	0.00175	0.00184	0.00103	0.00117	0.00177	0.00244	0.00324	0.00715	0.92963	0.03325	0.00395	0.00162	0.00051	0.00073	0.00358	0.00118	0.00103
9	0.00335	0.15844	0.18586	0.00310	0.01257	0.05188	0.08567	0.11797	0.05423	0.07512	0.01142	0.06550	0.00253	0.00164	0.00167	0.00041	0.14963	0.00675	0.00082	0.01145
10	0.00346	0.02184	0.03923	0.07961	0.01918	0.05430	0.00237	0.18372	0.55154	0.00537	0.00410	0.01115	0.00310	0.00161	0.00130	0.00041	0.01335	0.00129	0.00113	0.00193
11	0.00237	0.00221	0.00367	0.84802	0.01745	0.00275	0.00334	0.00322	0.01724	0.00327	0.00260	0.02364	0.01750	0.00161	0.02780	0.00047	0.01961	0.00122	0.00060	0.00140
12	0.02109	0.00285	0.00452	0.21648	0.57410	0.04033	0.02333	0.00372	0.00900	0.01506	0.00244	0.00334	0.00203	0.02192	0.03526	0.00047	0.02052	0.00114	0.00064	0.00177
13	0.08235	0.03351	0.12657	0.08869	0.08429	0.03382	0.04838	0.08953	0.06015	0.00406	0.03234	0.01225	0.00259	0.05904	0.04685	0.13137	0.05524	0.00675	0.00075	0.00147
14	0.00259	0.00406	0.40584	0.05605	0.05178	0.00260	0.08532	0.04544	0.05189	0.01085	0.03543	0.02420	0.00276	0.06523	0.09190	0.01346	0.01376	0.00876	0.02646	0.00163
15	0.00178	0.00130	0.00168	0.00158	0.00189	0.00119	0.00119	0.00237	0.00356	0.00501	0.90342	0.00960	0.05543	0.00262	0.00150	0.00040	0.00060	0.00231	0.00139	0.00119
16	0.00205	0.00157	0.01383	0.00188	0.01930	0.00149	0.01188	0.01688	0.07182	0.02068	0.52707	0.04991	0.13117	0.01773	0.01872	0.05577	0.01623	0.01049	0.01028	0.00125
17	0.00169	0.00124	0.00146	0.00151	0.00171	0.00115	0.00103	0.00196	0.00265	0.00347	0.20578	0.19912	0.26586	0.27580	0.00295	0.00067	0.00084	0.02900	0.00111	0.00101
18	0.00176	0.00129	0.00163	0.00156	0.00186	0.00118	0.00116	0.00231	0.00343	0.00479	0.78747	0.04920	0.10083	0.02306	0.00160	0.00042	0.00062	0.00236	0.01228	0.00117
19	0.01268	0.02198	0.07955	0.01102	0.01884	0.00306	0.00853	0.12131	0.55054	0.05600	0.00859	0.01920	0.01182	0.01758	0.01438	0.00045	0.02328	0.00605	0.01322	0.00191
20	0.00965	0.01385	0.07831	0.15235	0.21642	0.01223	0.03247	0.09661	0.02238	0.08839	0.00955	0.01530	0.00721	0.00137	0.00878	0.00037	0.01641	0.00655	0.00948	0.20234

[dist]
# distance from previous block
# <min> <max>
10	113

[block]
# block no. 11 follows, 255 sequences, length 22
# corresponding to MSA columns:
# 1802-1811,1813-1824
name=unknown_L
#
# <colnr> <probs for GDERKNQSTAVLIFYWHMCP>
#	G	D	E	R	K	N	Q	S	T	A	V	L	I	F	Y	W	H	M	C	P
0	0.05752	0.04684	0.06063	0.03986	0.07313	0.17283	0.10738	0.09672	0.01485	0.11057	0.02188	0.00929	0.00226	0.00602	0.00690	0.00037	0.02478	0.00473	0.00085	0.14259
1	0.32003	0.09472	0.18382	0.01096	0.02664	0.02324	0.03968	0.09999	0.04005	0.04018	0.02831	0.00297	0.00642	0.01007	0.00121	0.00039	0.03362	0.00550	0.00081	0.03142
2	0.01004	0.04337	0.04088	0.05996	0.09669	0.00799	0.01189	0.07451	0.02705	0.04114	0.22815	0.10373	0.09038	0.00221	0.00147	0.00041	0.03664	0.05551	0.02435	0.04366
3	0.00266	0.17505	0.65456	0.00313	0.00466	0.01157	0.00380	0.00380	0.00266	0.01333	0.01284	0.05755	0.00219	0.00159	0.02710	0.00043	0.00172	0.00107	0.00835	0.01195
4	0.00154	0.00128	0.00134	0.00135	0.00174	0.00108	0.00100	0.00188	0.00294	0.00360	0.11565	0.06842	0.78743	0.00319	0.00151	0.00043	0.00064	0.00269	0.00120	0.00108
5	0.00258	0.00636	0.89449	0.00386	0.05974	0.00295	0.00464	0.00401	0.00269	0.00403	0.00228	0.00271	0.00163	0.00120	0.00121	0.00040	0.00185	0.00095	0.00054	0.00188
