[name]
unknown

[dist]
# distance from previous block
# <min> <max>
0	453

[block]
# block no. 0 follows, 287 sequences, length 18
# corresponding to MSA columns:
# 927-944
name=unknown_A
#
# <colnr> <probs for GDERKNQSTAVLIFYWHMCP>
#	G	D	E	R	K	N	Q	S	T	A	V	L	I	F	Y	W	H	M	C	P
0	0.02140	0.10566	0.02232	0.03990	0.01820	0.05611	0.02538	0.20392	0.11571	0.08775	0.05822	0.07552	0.04072	0.01219	0.00641	0.00037	0.02086	0.05513	0.01498	0.01924
1	0.02766	0.07963	0.14946	0.04476	0.03595	0.03675	0.05804	0.09918	0.08108	0.04253	0.02731	0.03964	0.01429	0.00168	0.01157	0.00039	0.08687	0.10913	0.00079	0.05330
2	0.02405	0.06130	0.16268	0.05412	0.16093	0.02487	0.02668	0.16526	0.05513	0.15231	0.02412	0.02795	0.01024	0.00133	0.00115	0.00035	0.01535	0.01159	0.00085	0.01973
3	0.00300	0.21064	0.13102	0.01540	0.07358	0.09416	0.08379	0.06699	0.04094	0.06711	0.02634	0.02914	0.02381	0.00129	0.00696	0.00032	0.02162	0.00101	0.00071	0.10217
4	0.00209	0.01278	0.01990	0.00879	0.00207	0.01111	0.00130	0.03664	0.02677	0.10429	0.09649	0.28167	0.21207	0.00789	0.06362	0.01954	0.00092	0.05984	0.02412	0.00810
5	0.06678	0.02350	0.07737	0.01979	0.00789	0.00148	0.04190	0.01245	0.00762	0.00800	0.04059	0.40426	0.08816	0.10756	0.01229	0.01504	0.00094	0.04826	0.00571	0.01042
6	0.06623	0.02886	0.09866	0.05661	0.04364	0.06021	0.16861	0.20274	0.02883	0.10631	0.01528	0.03253	0.01646	0.00796	0.00876	0.00037	0.00832	0.01311	0.00083	0.03571
7	0.00940	0.01784	0.06550	0.06259	0.12108	0.01083	0.07089	0.05085	0.02015	0.06658	0.05140	0.26844	0.08680	0.02947	0.01053	0.00043	0.01066	0.03945	0.00580	0.00131
8	0.00203	0.00133	0.00167	0.00156	0.00190	0.00127	0.00118	0.05022	0.01069	0.09063	0.42721	0.11584	0.13479	0.05196	0.06750	0.00052	0.00085	0.02895	0.00878	0.00114
9	0.05629	0.01151	0.01365	0.42313	0.26422	0.00251	0.01511	0.03282	0.02620	0.03870	0.01123	0.00308	0.00188	0.00619	0.02682	0.00040	0.01779	0.00102	0.03611	0.01133
10	0.01756	0.00302	0.07199	0.09612	0.17268	0.10809	0.08737	0.17264	0.03314	0.11414	0.00295	0.07699	0.01009	0.00141	0.00121	0.00036	0.01995	0.00787	0.00082	0.00160
11	0.00165	0.00130	0.00168	0.00162	0.00196	0.00119	0.05383	0.01298	0.01886	0.01797	0.11524	0.18249	0.41578	0.04756	0.01154	0.00045	0.00078	0.09620	0.01588	0.00104
12	0.00173	0.00135	0.00151	0.00145	0.00182	0.00128	0.00110	0.00251	0.14044	0.01897	0.29398	0.06075	0.42269	0.01336	0.00136	0.00039	0.00063	0.01481	0.01874	0.00113
13	0.00251	0.00202	0.00237	0.00170	0.00270	0.00152	0.00136	0.00301	0.00241	0.05659	0.00216	0.00244	0.00175	0.00087	0.00086	0.00018	0.00085	0.00070	0.00071	0.91328
14	0.00917	0.01201	0.02918	0.01243	0.02606	0.01906	0.01546	0.03374	0.10607	0.04766	0.03119	0.02818	0.03306	0.00117	0.00097	0.00025	0.00093	0.00097	0.01196	0.58048
15	0.00153	0.00116	0.00169	0.00180	0.00197	0.00109	0.05389	0.00180	0.00226	0.00302	0.02322	0.74129	0.01752	0.01944	0.00155	0.00847	0.00078	0.10709	0.00102	0.00942
16	0.03607	0.15199	0.02099	0.02449	0.00817	0.04074	0.00180	0.21837	0.21685	0.03599	0.01907	0.13752	0.00946	0.05502	0.00139	0.00040	0.01152	0.00136	0.00094	0.00787
17	0.10227	0.03448	0.14322	0.03338	0.02053	0.10113	0.02157	0.15955	0.04578	0.07361	0.00259	0.02836	0.00212	0.05926	0.03889	0.00043	0.02170	0.00100	0.00078	0.10934

[dist]
# distance from previous block
# <min> <max>
2	12

[block]
# block no. 1 follows, 287 sequences, length 10
# corresponding to MSA columns:
# 957-961,988-992
name=unknown_B
#
# <colnr> <probs for GDERKNQSTAVLIFYWHMCP>
#	G	D	E	R	K	N	Q	S	T	A	V	L	I	F	Y	W	H	M	C	P
0	0.00249	0.00240	0.00331	0.05661	0.00321	0.00325	0.00240	0.02718	0.07124	0.00300	0.00188	0.00278	0.00173	0.00230	0.06275	0.00056	0.75003	0.00103	0.00057	0.00129
1	0.00269	0.00258	0.00439	0.18138	0.77952	0.00267	0.00343	0.00338	0.00253	0.00356	0.00212	0.00285	0.00175	0.00104	0.00113	0.00035	0.00138	0.00101	0.00055	0.00170
2	0.79082	0.00217	0.00199	0.17691	0.00323	0.00255	0.00158	0.00326	0.00200	0.00470	0.00166	0.00206	0.00128	0.00107	0.00078	0.00036	0.00100	0.00069	0.00067	0.00124
3	0.00253	0.06921	0.03010	0.00365	0.00453	0.00254	0.56802	0.04910	0.00268	0.02181	0.00324	0.19598	0.00307	0.00160	0.00131	0.00039	0.00153	0.03657	0.00072	0.00142
4	0.02137	0.17004	0.00389	0.00257	0.00335	0.02607	0.17555	0.16809	0.00310	0.20750	0.00325	0.08660	0.01170	0.00165	0.02389	0.00038	0.02715	0.02053	0.04176	0.00156
5	0.96809	0.00220	0.00167	0.00149	0.00220	0.00255	0.00123	0.00334	0.00193	0.00510	0.00158	0.00185	0.00123	0.00106	0.00070	0.00035	0.00088	0.00062	0.00070	0.00123
6	0.00218	0.00200	0.00315	0.53494	0.14987	0.01713	0.00268	0.00284	0.00248	0.00335	0.17654	0.02246	0.00340	0.00143	0.00129	0.00037	0.04771	0.00124	0.02364	0.00130
7	0.00160	0.00133	0.00171	0.17678	0.00278	0.00132	0.00138	0.00211	0.03054	0.00342	0.22881	0.11641	0.42268	0.00247	0.00131	0.00039	0.00076	0.00213	0.00100	0.00106
8	0.38378	0.00213	0.00220	0.00186	0.00256	0.00226	0.00151	0.17729	0.00297	0.25728	0.00321	0.08732	0.00259	0.00152	0.00100	0.00036	0.00095	0.03789	0.02981	0.00151
9	0.00217	0.00161	0.00184	0.00163	0.00208	0.00159	0.00127	0.17607	0.05021	0.02601	0.44080	0.02493	0.26083	0.00226	0.00129	0.00036	0.00071	0.00192	0.00117	0.00125

[dist]
# distance from previous block
# <min> <max>
0	26

[block]
# block no. 2 follows, 287 sequences, length 6
# corresponding to MSA columns:
# 1019-1024
name=unknown_C
#
# <colnr> <probs for GDERKNQSTAVLIFYWHMCP>
#	G	D	E	R	K	N	Q	S	T	A	V	L	I	F	Y	W	H	M	C	P
0	0.00163	0.00135	0.00166	0.00160	0.00182	0.00141	0.00121	0.00194	0.00244	0.00323	0.20844	0.11085	0.36181	0.09408	0.02630	0.00051	0.15122	0.02654	0.00096	0.00100
1	0.96809	0.00220	0.00167	0.00149	0.00220	0.00255	0.00123	0.00334	0.00193	0.00510	0.00158	0.00185	0.00123	0.00106	0.00070	0.00035	0.00088	0.00062	0.00070	0.00123
2	0.81610	0.00201	0.00162	0.00151	0.00211	0.00229	0.00120	0.00306	0.00197	0.00475	0.00232	0.15238	0.00222	0.00145	0.00082	0.00037	0.00084	0.00103	0.00076	0.00118
3	0.00329	0.00228	0.00256	0.15216	0.00342	0.03538	0.00183	0.38362	0.00365	0.07260	0.00304	0.00334	0.00224	0.00131	0.00102	0.00032	0.00106	0.00103	0.32435	0.00151
4	0.01825	0.02209	0.18169	0.10476	0.03461	0.00220	0.19034	0.01758	0.02065	0.18255	0.02985	0.07278	0.05772	0.01912	0.00128	0.00038	0.00131	0.01744	0.00082	0.02455
5	0.00251	0.25293	0.39018	0.00253	0.01944	0.02638	0.00274	0.01912	0.00245	0.00337	0.01824	0.02359	0.03441	0.00122	0.00105	0.00031	0.02428	0.02134	0.00058	0.15331

[dist]
# distance from previous block
# <min> <max>
0	30

[block]
# block no. 3 follows, 287 sequences, length 12
# corresponding to MSA columns:
# 1055-1066
name=unknown_D
#
# <colnr> <probs for GDERKNQSTAVLIFYWHMCP>
#	G	D	E	R	K	N	Q	S	T	A	V	L	I	F	Y	W	H	M	C	P
0	0.00166	0.00128	0.00193	0.11012	0.00262	0.00148	0.00155	0.00207	0.00191	0.00268	0.00328	0.10259	0.00322	0.04528	0.71121	0.00149	0.00255	0.00142	0.00065	0.00102
1	0.00284	0.00251	0.00299	0.09813	0.10112	0.03062	0.00219	0.03714	0.56220	0.01921	0.00359	0.00365	0.00275	0.00148	0.00143	0.00039	0.10957	0.00117	0.01535	0.00166
2	0.96809	0.00220	0.00167	0.00149	0.00220	0.00255	0.00123	0.00334	0.00193	0.00510	0.00158	0.00185	0.00123	0.00106	0.00070	0.00035	0.00088	0.00062	0.00070	0.00123
3	0.00484	0.00202	0.00286	0.00258	0.11063	0.00179	0.00188	0.00531	0.00318	0.84603	0.00422	0.00375	0.00270	0.00136	0.00114	0.00035	0.00101	0.00113	0.00131	0.00192
4	0.00235	0.00193	0.00225	0.00164	0.00258	0.00146	0.00131	0.00283	0.00241	0.03580	0.00305	0.00326	0.09656	0.00106	0.00090	0.00020	0.00082	0.00086	0.00074	0.83798
5	0.00200	0.00189	0.09975	0.00190	0.00229	0.00169	0.00159	0.10950	0.00230	0.00321	0.03087	0.00500	0.01962	0.23642	0.47548	0.00126	0.00212	0.00131	0.00070	0.00111
6	0.00161	0.00109	0.00132	0.00138	0.00142	0.00110	0.00086	0.00171	0.00180	0.00245	0.00406	0.19980	0.00463	0.62638	0.12226	0.00104	0.00124	0.00190	0.02317	0.00079
7	0.01744	0.00224	0.00269	0.00217	0.00286	0.00236	0.00177	0.22025	0.12166	0.39032	0.02698	0.00363	0.00274	0.00148	0.00137	0.00036	0.09935	0.00112	0.09745	0.00173
8	0.06547	0.00221	0.00264	0.00212	0.00289	0.00224	0.00173	0.22706	0.10093	0.45717	0.00374	0.00358	0.00258	0.00210	0.09630	0.00050	0.00122	0.00110	0.02269	0.00176
9	0.09819	0.00149	0.00160	0.00159	0.00195	0.01029	0.00122	0.01449	0.10995	0.01320	0.02349	0.04408	0.32402	0.14791	0.02035	0.00054	0.00089	0.18270	0.00097	0.00108
10	0.02192	0.00253	0.00294	0.10046	0.00354	0.00274	0.00197	0.47209	0.08627	0.19226	0.00323	0.00357	0.00240	0.09698	0.00160	0.00043	0.00117	0.00112	0.00107	0.00172
11	0.02480	0.00205	0.00284	0.00225	0.00299	0.00197	0.10896	0.13678	0.04154	0.43192	0.00403	0.10853	0.00309	0.00157	0.00115	0.00036	0.00102	0.00136	0.12114	0.00165

[dist]
# distance from previous block
# <min> <max>
8	47

[block]
# block no. 4 follows, 287 sequences, length 7
# corresponding to MSA columns:
# 1135-1141
name=unknown_E
#
# <colnr> <probs for GDERKNQSTAVLIFYWHMCP>
#	G	D	E	R	K	N	Q	S	T	A	V	L	I	F	Y	W	H	M	C	P
0	0.00245	0.00231	0.00321	0.00276	0.00289	0.00306	0.02673	0.05448	0.03817	0.00304	0.00200	0.00305	0.00189	0.03804	0.13959	0.00069	0.67274	0.00107	0.00058	0.00126
1	0.00176	0.00144	0.00158	0.00152	0.00184	0.04405	0.00113	0.00230	0.04291	0.00407	0.57626	0.08103	0.23075	0.00250	0.00135	0.00038	0.00066	0.00215	0.00118	0.00111
2	0.00153	0.00112	0.00124	0.00124	0.00143	0.00103	0.00082	0.00172	0.00222	0.00288	0.10978	0.06800	0.35274	0.41608	0.00325	0.00069	0.00080	0.00205	0.03051	0.00086
3	0.00243	0.00138	0.00144	0.00134	0.00172	0.00144	0.00103	0.04074	0.14237	0.04288	0.00384	0.00416	0.00295	0.00136	0.00088	0.00029	0.00063	0.00109	0.74679	0.00124
4	0.00266	0.03052	0.25250	0.00246	0.00338	0.01507	0.02143	0.08487	0.28987	0.02911	0.04259	0.05587	0.02036	0.00149	0.00118	0.00035	0.02194	0.01172	0.01162	0.10102
5	0.00271	0.06189	0.11091	0.03536	0.21069	0.01293	0.02464	0.05753	0.02278	0.04824	0.01629	0.01368	0.01331	0.00119	0.01259	0.00030	0.00118	0.01054	0.00070	0.34255
6	0.10569	0.31131	0.13918	0.00249	0.03415	0.04201	0.03008	0.13852	0.06943	0.09291	0.00235	0.00249	0.00179	0.00114	0.00095	0.00031	0.00126	0.00084	0.00075	0.02235

[dist]
# distance from previous block
# <min> <max>
1	3

[block]
# block no. 5 follows, 287 sequences, length 19
# corresponding to MSA columns:
# 1146-1159,1164-1168
name=unknown_F
#
# <colnr> <probs for GDERKNQSTAVLIFYWHMCP>
#	G	D	E	R	K	N	Q	S	T	A	V	L	I	F	Y	W	H	M	C	P
0	0.21848	0.00205	0.00244	0.00192	0.00275	0.00196	0.00158	0.05860	0.00306	0.67242	0.00373	0.00336	0.00241	0.00132	0.00104	0.00035	0.00096	0.00102	0.01878	0.00176
1	0.06326	0.01673	0.00293	0.00235	0.01454	0.06480	0.08760	0.10661	0.19605	0.12623	0.05899	0.02235	0.04072	0.00141	0.00112	0.00033	0.00928	0.00916	0.00096	0.17458
2	0.00237	0.00148	0.00187	0.00160	0.00210	0.00132	0.00125	0.01745	0.03188	0.16558	0.60348	0.00672	0.02573	0.00194	0.00123	0.00033	0.00067	0.00168	0.00119	0.13012
3	0.00134	0.00115	0.00116	0.00116	0.00154	0.00096	0.00087	0.00163	0.00258	0.00307	0.01135	0.03967	0.92388	0.00290	0.00135	0.00039	0.00058	0.00242	0.00106	0.00096
4	0.00281	0.00270	0.00461	0.00698	0.95297	0.00270	0.00349	0.00349	0.00259	0.00371	0.00214	0.00281	0.00180	0.00101	0.00113	0.00034	0.00135	0.00101	0.00056	0.00180
5	0.04546	0.00281	0.00300	0.00241	0.00321	0.00312	0.00195	0.57909	0.25595	0.05420	0.00330	0.00320	0.00239	0.00140	0.00111	0.00035	0.00110	0.00108	0.03303	0.00184
6	0.00171	0.00132	0.00201	0.00220	0.07603	0.00150	0.00155	0.00212	0.00189	0.00271	0.00307	0.02673	0.00291	0.04075	0.82611	0.00165	0.00279	0.00126	0.00062	0.00106
7	0.00427	0.00311	0.00332	0.00256	0.00345	0.01603	0.00211	0.85545	0.03268	0.04627	0.00286	0.00283	0.00202	0.00137	0.00113	0.00034	0.00123	0.00103	0.01603	0.00191
8	0.02253	0.00229	0.00242	0.00178	0.00275	0.07581	0.00142	0.00305	0.00243	0.02141	0.00204	0.00235	0.00168	0.00088	0.00086	0.00019	0.00094	0.00069	0.00068	0.85381
9	0.00280	0.26829	0.52161	0.00280	0.00409	0.16106	0.00320	0.00368	0.00252	0.00322	0.01604	0.00227	0.00159	0.00108	0.00098	0.00032	0.00160	0.00078	0.00051	0.00155
10	0.00143	0.00103	0.00131	0.00152	0.00164	0.00095	0.00103	0.00166	0.00225	0.00301	0.03716	0.77999	0.09619	0.02024	0.00148	0.00045	0.00065	0.00298	0.03074	0.01429
11	0.00149	0.00120	0.00136	0.00144	0.00179	0.00107	0.00116	0.00185	0.00260	0.00317	0.00982	0.01152	0.66039	0.00296	0.00141	0.00043	0.00072	0.29358	0.00105	0.00099
12	0.00165	0.00115	0.00148	0.00140	0.00167	0.00107	0.00105	0.00218	0.00315	0.00453	0.87851	0.00816	0.01012	0.00225	0.00130	0.00035	0.00054	0.00198	0.07639	0.00107
13	0.00242	0.00236	0.00319	0.07709	0.00322	0.03209	0.00235	0.01413	0.00195	0.00286	0.01498	0.05091	0.00944	0.01311	0.01832	0.00050	0.71454	0.02307	0.01223	0.00122
14	0.02405	0.00213	0.00247	0.02814	0.00290	0.00177	0.00148	0.07671	0.03140	0.02608	0.00220	0.00249	0.00177	0.00093	0.00089	0.00020	0.00090	0.00074	0.00074	0.79203
15	0.00169	0.02894	0.00813	0.00157	0.00187	0.00133	0.01205	0.00984	0.04146	0.00942	0.20182	0.19402	0.24833	0.03568	0.13021	0.00061	0.01402	0.02281	0.03514	0.00106
16	0.00164	0.00151	0.07566	0.00180	0.00207	0.00121	0.00145	0.02403	0.00234	0.00314	0.00573	0.60107	0.03282	0.04753	0.00162	0.00048	0.00084	0.17061	0.00098	0.02346
17	0.03735	0.28921	0.09039	0.23301	0.02477	0.06119	0.02138	0.09149	0.01457	0.02132	0.00213	0.02109	0.00176	0.00136	0.02495	0.00036	0.01982	0.00634	0.00062	0.03691
18	0.02681	0.05787	0.15142	0.02468	0.02012	0.01837	0.11689	0.28872	0.06615	0.08291	0.01303	0.02696	0.02325	0.01156	0.00124	0.00036	0.02671	0.00111	0.00087	0.04097

[dist]
# distance from previous block
# <min> <max>
4	34

[block]
# block no. 6 follows, 287 sequences, length 23
# corresponding to MSA columns:
# 1292-1297,1307-1310,1314,1315,1320-1330
name=unknown_G
#
# <colnr> <probs for GDERKNQSTAVLIFYWHMCP>
#	G	D	E	R	K	N	Q	S	T	A	V	L	I	F	Y	W	H	M	C	P
0	0.02596	0.11732	0.20617	0.01813	0.10502	0.00807	0.02702	0.08364	0.05308	0.06864	0.03966	0.05402	0.08235	0.04843	0.00754	0.00040	0.00120	0.03583	0.01605	0.00148
1	0.08150	0.06418	0.14912	0.00973	0.25378	0.01855	0.03147	0.09128	0.02124	0.07698	0.00786	0.01215	0.00203	0.03672	0.00123	0.00035	0.00599	0.01389	0.00072	0.12123
2	0.00183	0.00112	0.00154	0.00160	0.00170	0.00112	0.00114	0.02489	0.00200	0.00268	0.03829	0.24347	0.05133	0.01199	0.01373	0.47332	0.01692	0.09633	0.01425	0.00076
3	0.00153	0.00110	0.00140	0.00158	0.00171	0.00105	0.00110	0.02490	0.00231	0.00307	0.04456	0.67132	0.06476	0.08057	0.01371	0.00052	0.00076	0.07300	0.01009	0.00095
4	0.01893	0.06127	0.12516	0.07741	0.02622	0.01202	0.02341	0.11217	0.03204	0.03179	0.00227	0.00265	0.00178	0.00105	0.00099	0.00027	0.00767	0.01059	0.00071	0.45160
5	0.00249	0.00227	0.00337	0.75687	0.03264	0.05366	0.00295	0.03642	0.00895	0.03976	0.00213	0.00297	0.00160	0.00117	0.00119	0.00037	0.02462	0.00099	0.00058	0.02499
6	0.00167	0.00113	0.00146	0.00161	0.00176	0.00108	0.00114	0.01599	0.00229	0.03826	0.03998	0.56493	0.05237	0.12922	0.03871	0.00059	0.00086	0.10500	0.00101	0.00097
7	0.00260	0.10735	0.00376	0.00287	0.00303	0.02481	0.01660	0.00300	0.04123	0.00283	0.00165	0.00249	0.00157	0.00183	0.00320	0.00046	0.77795	0.00096	0.00053	0.00130
8	0.05705	0.00192	0.00220	0.00184	0.00244	0.00195	0.00147	0.21015	0.07663	0.21129	0.28717	0.00505	0.01705	0.00167	0.00114	0.00034	0.00083	0.00138	0.11691	0.00151
9	0.00153	0.00110	0.00141	0.00152	0.00170	0.00102	0.00108	0.00183	0.00250	0.02128	0.22723	0.53618	0.14504	0.01238	0.00148	0.00043	0.01314	0.02708	0.00110	0.00099
10	0.00170	0.00125	0.00156	0.00146	0.00176	0.00117	0.00110	0.04832	0.00320	0.00442	0.74562	0.04878	0.13058	0.00240	0.00134	0.00036	0.00058	0.00210	0.00121	0.00109
11	0.00162	0.00118	0.00137	0.00133	0.00168	0.00103	0.00100	0.00200	0.00280	0.05000	0.32515	0.08915	0.50064	0.00268	0.00134	0.00038	0.00059	0.01386	0.00114	0.00104
12	0.96809	0.00220	0.00167	0.00149	0.00220	0.00255	0.00123	0.00334	0.00193	0.00510	0.00158	0.00185	0.00123	0.00106	0.00070	0.00035	0.00088	0.00062	0.00070	0.00123
13	0.00246	0.00207	0.00240	0.00174	0.00273	0.00163	0.00139	0.06085	0.00254	0.00390	0.00213	0.01808	0.00179	0.00092	0.00087	0.00018	0.00086	0.00074	0.00071	0.89201
14	0.96809	0.00220	0.00167	0.00149	0.00220	0.00255	0.00123	0.00334	0.00193	0.00510	0.00158	0.00185	0.00123	0.00106	0.00070	0.00035	0.00088	0.00062	0.00070	0.00123
15	0.00141	0.00101	0.00135	0.00161	0.00169	0.00094	0.00110	0.00162	0.00220	0.00293	0.00625	0.91015	0.00747	0.00354	0.00146	0.00046	0.00068	0.05217	0.00105	0.00093
16	0.87134	0.00225	0.00184	0.03702	0.00249	0.00261	0.00136	0.06311	0.00216	0.00515	0.00167	0.00195	0.00129	0.00108	0.00075	0.00035	0.00093	0.00066	0.00072	0.00128
17	0.00224	0.00218	0.00340	0.84460	0.01953	0.04903	0.02130	0.00296	0.00233	0.00292	0.00217	0.03845	0.00174	0.00122	0.00115	0.00038	0.00152	0.00109	0.00053	0.00126
18	0.00301	0.63064	0.14485	0.03458	0.00341	0.04081	0.00232	0.03478	0.03273	0.02978	0.01430	0.00222	0.00170	0.00108	0.00091	0.00028	0.01978	0.00074	0.00057	0.00151
19	0.00866	0.23289	0.16495	0.00899	0.06525	0.01174	0.06419	0.02757	0.01417	0.05748	0.00233	0.04918	0.00197	0.00114	0.00100	0.00028	0.01339	0.00093	0.00066	0.27326
20	0.01215	0.01446	0.07163	0.01116	0.06433	0.07413	0.01419	0.07877	0.03631	0.10304	0.10357	0.15260	0.05989	0.07795	0.05083	0.00449	0.05106	0.01332	0.00481	0.00132
21	0.00196	0.00147	0.00180	0.01279	0.01548	0.02109	0.00149	0.00270	0.12277	0.04023	0.08421	0.28311	0.09482	0.00281	0.00140	0.00045	0.00086	0.30833	0.00107	0.00115
22	0.00201	0.03732	0.00316	0.05814	0.04444	0.00182	0.22743	0.00997	0.00237	0.01644	0.01490	0.40741	0.03080	0.03857	0.00163	0.01531	0.02524	0.06102	0.00084	0.00117

[dist]
# distance from previous block
# <min> <max>
0	17

[block]
# block no. 7 follows, 287 sequences, length 8
# corresponding to MSA columns:
# 1348-1350,1356-1360
name=unknown_H
#
# <colnr> <probs for GDERKNQSTAVLIFYWHMCP>
#	G	D	E	R	K	N	Q	S	T	A	V	L	I	F	Y	W	H	M	C	P
0	0.05099	0.17245	0.19142	0.05848	0.12461	0.06258	0.07514	0.04815	0.01853	0.10971	0.00265	0.01858	0.02822	0.01656	0.00117	0.00035	0.01715	0.00100	0.00069	0.00156
1	0.00275	0.00230	0.01342	0.02150	0.00266	0.10907	0.02610	0.04348	0.30262	0.06335	0.07341	0.02974	0.03509	0.06352	0.03170	0.00044	0.01728	0.00132	0.15884	0.00141
2	0.05624	0.00154	0.00190	0.00166	0.00217	0.00146	0.00130	0.01854	0.04805	0.30620	0.31953	0.05523	0.05686	0.02396	0.00130	0.00038	0.00076	0.02777	0.07377	0.00138
3	0.04801	0.00262	0.06750	0.16097	0.28476	0.01676	0.01671	0.09506	0.02619	0.13643	0.03170	0.01801	0.01456	0.01358	0.00132	0.00037	0.05303	0.00110	0.00973	0.00160
4	0.08313	0.04803	0.12954	0.07534	0.08956	0.01657	0.02496	0.04352	0.04266	0.08027	0.05278	0.11888	0.06576	0.00186	0.01953	0.00993	0.05298	0.01275	0.01891	0.01303
5	0.00213	0.00133	0.00160	0.00148	0.00188	0.00120	0.00112	0.02348	0.02336	0.15105	0.30733	0.12083	0.33323	0.00246	0.00130	0.00038	0.00065	0.00211	0.02189	0.00118
6	0.00143	0.00112	0.00129	0.00138	0.00164	0.00099	0.00101	0.00173	0.00251	0.00318	0.10867	0.27285	0.48694	0.03275	0.00153	0.00044	0.00065	0.07787	0.00106	0.00096
7	0.03645	0.05470	0.26079	0.12303	0.14596	0.04031	0.05851	0.04879	0.06061	0.06963	0.01577	0.02782	0.01301	0.00125	0.00114	0.00035	0.01637	0.00105	0.02288	0.00157

[dist]
# distance from previous block
# <min> <max>
5	22

[block]
# block no. 8 follows, 287 sequences, length 13
# corresponding to MSA columns:
# 1392,1393,1397-1402,1442-1446
name=unknown_I
#
# <colnr> <probs for GDERKNQSTAVLIFYWHMCP>
#	G	D	E	R	K	N	Q	S	T	A	V	L	I	F	Y	W	H	M	C	P
0	0.19479	0.14230	0.04626	0.01753	0.20955	0.20358	0.04707	0.03279	0.00261	0.01508	0.00194	0.00239	0.00159	0.00111	0.00101	0.00811	0.00824	0.00933	0.00062	0.05410
1	0.00179	0.00146	0.00199	0.01805	0.14244	0.00138	0.01104	0.00228	0.02348	0.01558	0.10268	0.14094	0.34861	0.00259	0.00136	0.00041	0.00083	0.18091	0.00099	0.00115
2	0.03262	0.00200	0.00234	0.00178	0.00261	0.01186	0.00973	0.02192	0.02469	0.02601	0.00232	0.01622	0.00198	0.02961	0.04792	0.01051	0.03816	0.00083	0.02927	0.68761
3	0.00157	0.00117	0.00137	0.00144	0.00169	0.00108	0.00105	0.00196	0.03142	0.01421	0.12782	0.25597	0.34211	0.09982	0.00182	0.00048	0.00070	0.08955	0.02378	0.00098
4	0.00155	0.00115	0.00145	0.00139	0.00167	0.00105	0.00103	0.00203	0.00307	0.00424	0.75215	0.04156	0.17853	0.00246	0.00134	0.00037	0.00055	0.00216	0.00121	0.00105
5	0.03425	0.00114	0.00128	0.00135	0.00161	0.00104	0.00097	0.00175	0.00243	0.00316	0.09110	0.28084	0.45365	0.08328	0.00173	0.00047	0.00067	0.03731	0.00103	0.00095
6	0.00304	0.96074	0.00596	0.00194	0.00292	0.00450	0.00194	0.00340	0.00231	0.00267	0.00158	0.00182	0.00146	0.00097	0.00073	0.00024	0.00122	0.00061	0.00049	0.00146
7	0.11407	0.00196	0.00253	0.00196	0.00282	0.00177	0.00162	0.00529	0.00310	0.84640	0.00416	0.00364	0.00263	0.00137	0.00109	0.00035	0.00096	0.00108	0.00133	0.00185
8	0.00304	0.86606	0.02679	0.00202	0.00298	0.02729	0.00199	0.00357	0.05226	0.00281	0.00175	0.00197	0.00156	0.00101	0.00077	0.00025	0.00123	0.00065	0.00052	0.00148
9	0.61817	0.00215	0.00200	0.00171	0.00243	0.00235	0.00141	0.08578	0.00257	0.18504	0.05242	0.00303	0.00227	0.00129	0.00089	0.00036	0.00092	0.03291	0.00091	0.00141
10	0.00145	0.00106	0.00134	0.00155	0.00165	0.00100	0.00104	0.00174	0.03026	0.00296	0.03146	0.77572	0.07116	0.06974	0.00173	0.00050	0.00069	0.00298	0.00104	0.00094
11	0.01264	0.00141	0.00195	0.03226	0.00215	0.00144	0.03358	0.04533	0.00202	0.04783	0.00303	0.03010	0.02063	0.21728	0.13126	0.31368	0.02461	0.02641	0.00068	0.05173
12	0.00170	0.00114	0.00147	0.00160	0.00177	0.00109	0.00113	0.01713	0.00231	0.05353	0.02600	0.62860	0.08152	0.06856	0.03246	0.00053	0.01215	0.04915	0.01716	0.00100

[dist]
# distance from previous block
# <min> <max>
1	2

[block]
# block no. 9 follows, 287 sequences, length 7
# corresponding to MSA columns:
# 1449-1453,1458,1459
name=unknown_J
#
# <colnr> <probs for GDERKNQSTAVLIFYWHMCP>
#	G	D	E	R	K	N	Q	S	T	A	V	L	I	F	Y	W	H	M	C	P
0	0.05341	0.01397	0.01703	0.03693	0.01983	0.07040	0.16982	0.13672	0.18996	0.10359	0.01601	0.08234	0.01533	0.00153	0.00116	0.00037	0.00122	0.02060	0.04822	0.00155
1	0.01394	0.05940	0.08629	0.08649	0.08520	0.19828	0.17794	0.12465	0.07094	0.00388	0.02858	0.01525	0.01306	0.00126	0.00118	0.00035	0.01962	0.01144	0.00071	0.00153
2	0.00306	0.14716	0.10248	0.04469	0.06675	0.14879	0.14213	0.06950	0.02646	0.06450	0.00252	0.06130	0.00213	0.00150	0.01789	0.01530	0.06040	0.00109	0.02087	0.00148
3	0.01590	0.00211	0.05382	0.00187	0.00267	0.00169	0.01460	0.06748	0.02810	0.00379	0.01806	0.14089	0.03360	0.01983	0.01783	0.00031	0.01603	0.01253	0.00078	0.54808
4	0.05406	0.25510	0.21760	0.07081	0.03337	0.00326	0.08154	0.16729	0.01565	0.02807	0.00215	0.00255	0.00168	0.01350	0.01665	0.00037	0.03321	0.00089	0.00066	0.00157
5	0.00185	0.00153	0.00173	0.00192	0.05339	0.05967	0.00129	0.01985	0.03509	0.01662	0.13032	0.46327	0.14858	0.01847	0.00141	0.00042	0.00079	0.01468	0.01385	0.01526
6	0.00155	0.00145	0.05297	0.00142	0.00184	0.00112	0.00115	0.00195	0.00267	0.00351	0.27676	0.10560	0.44519	0.03687	0.00147	0.00040	0.00067	0.00217	0.00104	0.06021

[dist]
# distance from previous block
# <min> <max>
4	12

[block]
# block no. 10 follows, 287 sequences, length 20
# corresponding to MSA columns:
# 1491-1510
name=unknown_K
#
# <colnr> <probs for GDERKNQSTAVLIFYWHMCP>
#	G	D	E	R	K	N	Q	S	T	A	V	L	I	F	Y	W	H	M	C	P
0	0.06918	0.00174	0.00216	0.00177	0.00244	0.00162	0.00142	0.01230	0.05468	0.54532	0.11102	0.01480	0.03961	0.01282	0.00116	0.00035	0.00084	0.00128	0.12385	0.00161
1	0.00152	0.00119	0.00135	0.00132	0.00166	0.00105	0.00099	0.00195	0.02032	0.01605	0.33827	0.04475	0.53350	0.00277	0.01918	0.00041	0.00063	0.01095	0.00112	0.00103
2	0.00139	0.00100	0.00131	0.00155	0.00164	0.00093	0.00104	0.00160	0.00223	0.00295	0.02791	0.87913	0.06614	0.00349	0.00144	0.00045	0.00065	0.00315	0.00106	0.00093
3	0.00283	0.00244	0.00257	0.00231	0.00296	0.00283	0.00180	0.00604	0.95092	0.00475	0.00463	0.00424	0.00347	0.00154	0.00116	0.00039	0.00090	0.00128	0.00116	0.00180
4	0.00236	0.00202	0.00236	0.00168	0.00269	0.00152	0.00135	0.00286	0.00236	0.00370	0.00202	0.00236	0.00168	0.00084	0.00084	0.00017	0.00084	0.00067	0.00067	0.96701
5	0.00425	0.00542	0.00322	0.00293	0.00351	0.95550	0.00220	0.00454	0.00322	0.00278	0.00176	0.00205	0.00146	0.00117	0.00102	0.00029	0.00205	0.00073	0.00059	0.00132
6	0.00807	0.01380	0.00198	0.05566	0.03210	0.00144	0.01094	0.01019	0.00879	0.09421	0.43663	0.03715	0.08888	0.08093	0.07325	0.00054	0.02397	0.00689	0.00643	0.00814
7	0.02715	0.00206	0.00202	0.01817	0.00894	0.16498	0.00155	0.00289	0.00961	0.06546	0.34519	0.01378	0.06985	0.00225	0.00718	0.00039	0.00101	0.23316	0.00103	0.02335
8	0.00228	0.00588	0.95417	0.00324	0.00492	0.00264	0.00420	0.00360	0.00240	0.00360	0.00204	0.00240	0.00144	0.00108	0.00108	0.00036	0.00168	0.00084	0.00048	0.00168
9	0.00171	0.00115	0.00139	0.00138	0.00142	0.00119	0.00085	0.00177	0.00173	0.01588	0.00365	0.07131	0.00412	0.75118	0.09663	0.01403	0.02747	0.00168	0.00071	0.00077
10	0.16457	0.03073	0.02871	0.06031	0.23111	0.03836	0.02467	0.17200	0.07907	0.11944	0.00273	0.00295	0.01421	0.00122	0.00108	0.00035	0.01272	0.00098	0.01313	0.00165
11	0.00222	0.01187	0.00333	0.83701	0.01547	0.00248	0.00299	0.00292	0.00227	0.02832	0.00222	0.03344	0.00176	0.00137	0.01745	0.00041	0.03156	0.00108	0.00055	0.00127
12	0.00142	0.00103	0.00134	0.00158	0.00167	0.00097	0.00106	0.00169	0.02173	0.00298	0.02522	0.88839	0.03976	0.00347	0.00144	0.00046	0.00066	0.00314	0.00106	0.00095
13	0.00248	0.00150	0.01072	0.00174	0.00212	0.00152	0.01095	0.06354	0.01401	0.15496	0.12036	0.01028	0.02301	0.06267	0.29907	0.03293	0.01644	0.00651	0.16397	0.00122
14	0.02992	0.08696	0.30537	0.04373	0.23740	0.03667	0.10616	0.04227	0.03851	0.02683	0.00223	0.00272	0.00173	0.01269	0.00774	0.00037	0.01552	0.00096	0.00060	0.00163
15	0.01683	0.01500	0.00314	0.01393	0.15940	0.01885	0.01442	0.19955	0.03631	0.44228	0.03382	0.01116	0.00924	0.01929	0.00123	0.00036	0.00111	0.00115	0.00112	0.00180
16	0.00200	0.00144	0.00193	0.00705	0.06195	0.01143	0.01375	0.02213	0.02603	0.05301	0.33214	0.18587	0.04398	0.02282	0.00148	0.00984	0.00081	0.18372	0.01746	0.00116
17	0.19578	0.03389	0.04251	0.00224	0.05561	0.05570	0.02876	0.01131	0.02825	0.01483	0.05025	0.24735	0.03099	0.04708	0.00569	0.00043	0.06654	0.05964	0.01174	0.01141
18	0.17997	0.03657	0.03401	0.09130	0.04454	0.04400	0.03435	0.02861	0.02004	0.00379	0.13131	0.06708	0.16179	0.01546	0.00135	0.00038	0.06411	0.00569	0.01287	0.02279
19	0.03995	0.26136	0.17756	0.04171	0.08321	0.03829	0.02039	0.05711	0.03401	0.03533	0.02092	0.01463	0.01944	0.00122	0.00560	0.00031	0.01232	0.00092	0.06010	0.07562

[dist]
# distance from previous block
# <min> <max>
2	35

[block]
# block no. 11 follows, 287 sequences, length 9
# corresponding to MSA columns:
# 1588-1596
name=unknown_L
#
# <colnr> <probs for GDERKNQSTAVLIFYWHMCP>
#	G	D	E	R	K	N	Q	S	T	A	V	L	I	F	Y	W	H	M	C	P
0	0.09026	0.08229	0.16516	0.09197	0.11108	0.02028	0.08361	0.08011	0.06234	0.03404	0.01472	0.04667	0.02937	0.01046	0.00123	0.00037	0.03575	0.01596	0.01231	0.01204
1	0.02006	0.03940	0.03381	0.11334	0.04389	0.04724	0.12669	0.11948	0.04950	0.15990	0.02725	0.08816	0.01684	0.00156	0.00124	0.00037	0.02702	0.03225	0.04199	0.01004
2	0.00254	0.00148	0.01447	0.00162	0.00207	0.00133	0.00126	0.02419	0.03986	0.21844	0.31207	0.17093	0.06173	0.00214	0.00122	0.00036	0.00071	0.00185	0.11288	0.02885
3	0.02698	0.02964	0.12623	0.05568	0.14941	0.01076	0.08446	0.07483	0.02981	0.09094	0.02290	0.15852	0.02139	0.00186	0.01247	0.00717	0.00903	0.07822	0.00083	0.00888
4	0.01170	0.04025	0.10345	0.11418	0.09747	0.01914	0.17239	0.13715	0.03909	0.08915	0.00300	0.06428	0.02128	0.00146	0.01141	0.00038	0.02408	0.01649	0.00078	0.03287
5	0.00153	0.00108	0.00143	0.02719	0.00185	0.00102	0.00113	0.00180	0.00234	0.02289	0.11152	0.68770	0.05942	0.03427	0.00156	0.00046	0.00070	0.04006	0.00106	0.00097
6	0.00422	0.00239	0.00290	0.00227	0.00308	0.00242	0.02853	0.39916	0.02948	0.38601	0.02034	0.06008	0.00285	0.00152	0.00115	0.00035	0.00106	0.00124	0.04915	0.00180
7	0.02856	0.03479	0.08936	0.16592	0.23677	0.08463	0.11962	0.03164	0.02219	0.02940	0.03717	0.05022	0.02512	0.00136	0.00120	0.00036	0.01659	0.02293	0.00067	0.00149
8	0.02381	0.01186	0.02196	0.07096	0.13483	0.01359	0.02090	0.09076	0.02670	0.49562	0.01164	0.01259	0.01765	0.00139	0.00120	0.00785	0.01437	0.00882	0.01176	0.00175

[dist]
# distance from previous block
# <min> <max>
1	3

[block]
# block no. 12 follows, 287 sequences, length 16
# corresponding to MSA columns:
# 1601-1606,1610-1616,1618-1620
name=unknown_M
#
# <colnr> <probs for GDERKNQSTAVLIFYWHMCP>
#	G	D	E	R	K	N	Q	S	T	A	V	L	I	F	Y	W	H	M	C	P
0	0.43447	0.01528	0.00257	0.04418	0.00302	0.26765	0.01970	0.08287	0.00263	0.00424	0.02787	0.00239	0.00172	0.01507	0.01483	0.00038	0.05834	0.00080	0.00069	0.00131
1	0.02820	0.00126	0.00157	0.00148	0.00181	0.00116	0.00110	0.00226	0.01912	0.02297	0.63387	0.14246	0.05688	0.00235	0.00129	0.00036	0.00060	0.00206	0.01146	0.06773
2	0.00304	0.00247	0.00261	0.00236	0.00296	0.02734	0.00182	0.00550	0.71720	0.05308	0.05554	0.03000	0.03099	0.00184	0.00133	0.00043	0.01833	0.01866	0.02273	0.00179
3	0.00141	0.00114	0.00125	0.00125	0.00158	0.00099	0.00093	0.00176	0.00272	0.00343	0.24573	0.07668	0.65157	0.00279	0.00135	0.00038	0.00057	0.00237	0.00110	0.00099
4	0.00157	0.00111	0.00140	0.00145	0.00165	0.00102	0.00103	0.00193	0.00267	0.01731	0.41011	0.33908	0.12276	0.05371	0.00160	0.00044	0.00063	0.01352	0.02605	0.00100
5	0.00244	0.00248	0.04734	0.14135	0.03361	0.01097	0.37653	0.03890	0.00259	0.02659	0.02213	0.14336	0.00294	0.00157	0.00140	0.00039	0.05470	0.02897	0.06035	0.00137
6	0.00281	0.00270	0.00461	0.00698	0.95297	0.00270	0.00349	0.00349	0.00259	0.00371	0.00214	0.00281	0.00180	0.00101	0.00113	0.00034	0.00135	0.00101	0.00056	0.00180
7	0.89440	0.04108	0.01947	0.00155	0.00229	0.00261	0.00132	0.00339	0.00198	0.02148	0.00164	0.00189	0.00127	0.00106	0.00072	0.00035	0.00091	0.00063	0.00070	0.00126
8	0.06049	0.00950	0.19645	0.05107	0.14264	0.02110	0.05520	0.07672	0.00779	0.20445	0.01296	0.01462	0.00210	0.00601	0.03509	0.00040	0.03192	0.00102	0.00600	0.06445
9	0.00784	0.01315	0.11495	0.08128	0.14254	0.02925	0.07684	0.09904	0.10491	0.07717	0.10937	0.03518	0.03443	0.02516	0.00750	0.00039	0.01679	0.00129	0.00835	0.01457
10	0.00304	0.96074	0.00596	0.00194	0.00292	0.00450	0.00194	0.00340	0.00231	0.00267	0.00158	0.00182	0.00146	0.00097	0.00073	0.00024	0.00122	0.00061	0.00049	0.00146
11	0.00954	0.00733	0.04022	0.03685	0.00673	0.00603	0.00726	0.00224	0.04652	0.02353	0.16512	0.27117	0.23794	0.02230	0.05765	0.01624	0.01864	0.00960	0.01402	0.00108
12	0.00149	0.00117	0.00125	0.00124	0.00161	0.00100	0.00093	0.00181	0.00266	0.03050	0.11155	0.04424	0.77676	0.00281	0.00134	0.00038	0.00059	0.01659	0.00109	0.00100
13	0.00381	0.00261	0.00287	0.00229	0.00305	0.01131	0.00186	0.52009	0.13979	0.14121	0.04598	0.00380	0.04122	0.00948	0.00122	0.00036	0.01676	0.00118	0.04931	0.00177
14	0.01447	0.41951	0.00422	0.00230	0.01236	0.25980	0.00904	0.07198	0.06651	0.02196	0.04769	0.00269	0.00901	0.01735	0.00103	0.00030	0.00948	0.00085	0.01049	0.01895
15	0.74220	0.02384	0.00901	0.00168	0.01000	0.02843	0.00137	0.01935	0.02812	0.03244	0.00199	0.04081	0.00165	0.00118	0.00081	0.00035	0.00899	0.00078	0.00074	0.04627

[dist]
# distance from previous block
# <min> <max>
11	68

[block]
# block no. 13 follows, 287 sequences, length 26
# corresponding to MSA columns:
# 1725-1740,1747-1756
name=unknown_N
#
# <colnr> <probs for GDERKNQSTAVLIFYWHMCP>
#	G	D	E	R	K	N	Q	S	T	A	V	L	I	F	Y	W	H	M	C	P
0	0.10355	0.00199	0.00220	0.04978	0.02598	0.04335	0.00150	0.08392	0.00257	0.02295	0.00338	0.25796	0.01459	0.01088	0.01245	0.00034	0.00096	0.00577	0.01048	0.34541
1	0.01877	0.00230	0.00367	0.46633	0.30982	0.00260	0.02345	0.00353	0.12930	0.00349	0.00244	0.00313	0.00190	0.00115	0.00112	0.00036	0.00136	0.00105	0.02271	0.00151
2	0.00216	0.00254	0.13062	0.82967	0.00744	0.00254	0.00330	0.00300	0.00229	0.00300	0.00202	0.00295	0.00150	0.00113	0.00113	0.00038	0.00154	0.00099	0.00050	0.00132
3	0.00242	0.00141	0.00155	0.00145	0.01659	0.00143	0.00109	0.12632	0.00293	0.03188	0.15425	0.00477	0.00404	0.00150	0.00095	0.00030	0.00066	0.01095	0.63430	0.00121
4	0.83885	0.00217	0.00190	0.12938	0.00295	0.00255	0.00149	0.00328	0.00198	0.00481	0.00164	0.00200	0.00127	0.00107	0.00076	0.00036	0.00096	0.00067	0.00068	0.00124
5	0.83878	0.00205	0.00161	0.00146	0.00207	0.00236	0.00116	0.00311	0.00190	0.00471	0.00185	0.00259	0.00162	0.12936	0.00138	0.00045	0.00091	0.00075	0.00070	0.00116
6	0.00247	0.00272	0.00578	0.00422	0.00520	0.00258	0.77468	0.00332	0.00255	0.00347	0.00275	0.02391	0.02922	0.00208	0.12901	0.00058	0.00200	0.00140	0.00060	0.00143
7	0.83914	0.00233	0.00190	0.00164	0.00238	0.00268	0.00136	0.12989	0.00239	0.00538	0.00174	0.00196	0.00132	0.00110	0.00076	0.00035	0.00093	0.00067	0.00076	0.00132
8	0.00285	0.83235	0.00532	0.00185	0.00269	0.00404	0.00178	0.00317	0.00222	0.00261	0.00185	0.00257	0.00182	0.12929	0.00141	0.00036	0.00120	0.00075	0.00051	0.00136
9	0.00159	0.00124	0.00147	0.00151	0.00178	0.00118	0.00110	0.00223	0.10461	0.00358	0.24912	0.33521	0.27039	0.00283	0.00136	0.00041	0.00064	0.01757	0.00112	0.00107
10	0.00143	0.00103	0.00136	0.00162	0.00170	0.00097	0.00110	0.00169	0.01852	0.00295	0.00623	0.90399	0.00741	0.00351	0.00145	0.00046	0.00068	0.04191	0.00106	0.00094
11	0.02498	0.00256	0.00283	0.00231	0.00304	0.00278	0.00185	0.51804	0.15798	0.12102	0.01158	0.13114	0.00310	0.00169	0.00117	0.00037	0.00106	0.00138	0.00940	0.00175
12	0.81824	0.00233	0.00194	0.02232	0.00250	0.00268	0.00140	0.12988	0.00240	0.00533	0.00175	0.00199	0.00133	0.00110	0.00077	0.00035	0.00094	0.00068	0.00076	0.00133
13	0.00980	0.00248	0.00274	0.00221	0.00294	0.00265	0.00179	0.51867	0.08724	0.14234	0.03156	0.02070	0.05212	0.02469	0.00125	0.00037	0.00105	0.01840	0.07529	0.00171
14	0.00168	0.00119	0.00149	0.00155	0.00180	0.00112	0.00115	0.00926	0.03965	0.03221	0.27505	0.36654	0.16142	0.00287	0.00138	0.00041	0.00066	0.08201	0.01751	0.00106
15	0.48483	0.00209	0.00215	0.00176	0.00254	0.00216	0.00145	0.03644	0.00266	0.42472	0.01781	0.00290	0.00212	0.00124	0.00092	0.00035	0.00092	0.00089	0.01050	0.00156
16	0.00245	0.00172	0.00202	0.00181	0.00229	0.00178	0.00140	0.01983	0.32917	0.11066	0.44019	0.03746	0.03206	0.00198	0.00125	0.00037	0.00073	0.00171	0.00971	0.00143
17	0.00169	0.00116	0.00136	0.00141	0.00148	0.00116	0.00089	0.01629	0.02753	0.00260	0.00431	0.21233	0.01076	0.61760	0.01753	0.01596	0.00101	0.04823	0.01589	0.00081
18	0.00238	0.00147	0.00180	0.00173	0.00203	0.01115	0.00127	0.09604	0.00979	0.14552	0.05256	0.37187	0.01872	0.17359	0.03021	0.00784	0.00684	0.05334	0.01069	0.00116
19	0.04638	0.00213	0.00272	0.00226	0.01137	0.01032	0.00637	0.11197	0.02115	0.42161	0.00859	0.00358	0.00938	0.02816	0.09068	0.00779	0.19363	0.00111	0.01919	0.00159
20	0.01427	0.00101	0.00149	0.00149	0.00151	0.00103	0.00100	0.00153	0.00150	0.00205	0.00204	0.00355	0.00204	0.02248	0.04274	0.89715	0.00107	0.00100	0.00050	0.00053
21	0.10417	0.00215	0.03461	0.11104	0.02177	0.00200	0.00191	0.04348	0.03048	0.58330	0.00375	0.00360	0.01177	0.00143	0.01243	0.00037	0.00107	0.00769	0.02125	0.00172
22	0.01204	0.04369	0.02462	0.21964	0.17996	0.03291	0.06794	0.02226	0.03861	0.00678	0.01811	0.07206	0.02846	0.09048	0.02962	0.00600	0.09709	0.00129	0.00711	0.00133
23	0.03117	0.01606	0.02582	0.02998	0.02796	0.05516	0.20238	0.06545	0.03868	0.19570	0.01369	0.12074	0.05834	0.00169	0.00553	0.00038	0.02014	0.02292	0.06675	0.00147
24	0.02346	0.01354	0.00238	0.02525	0.05574	0.05365	0.01239	0.03531	0.02619	0.21115	0.00373	0.14654	0.01461	0.05612	0.24109	0.02791	0.03521	0.00576	0.00866	0.00131
25	0.10810	0.02477	0.11433	0.04198	0.05805	0.03420	0.05582	0.08107	0.01732	0.05724	0.15954	0.11959	0.02453	0.00547	0.00902	0.00038	0.04204	0.01272	0.02227	0.01157

[dist]
# distance from previous block
# <min> <max>
0	47

[block]
# block no. 14 follows, 287 sequences, length 21
# corresponding to MSA columns:
# 1804-1816,1820-1827
name=unknown_O
#
# <colnr> <probs for GDERKNQSTAVLIFYWHMCP>
#	G	D	E	R	K	N	Q	S	T	A	V	L	I	F	Y	W	H	M	C	P
0	0.07804	0.02981	0.21595	0.06690	0.03320	0.22795	0.01291	0.06622	0.04238	0.03520	0.01348	0.03039	0.01159	0.00128	0.00115	0.00033	0.03836	0.00669	0.00068	0.08750
1	0.02483	0.00947	0.02823	0.01302	0.01436	0.01647	0.00963	0.03379	0.04268	0.03211	0.03805	0.15742	0.08117	0.00168	0.00109	0.00030	0.00722	0.03595	0.01480	0.43772
2	0.03758	0.00215	0.03952	0.00196	0.00257	0.04387	0.00157	0.07530	0.14315	0.10957	0.02549	0.15011	0.01726	0.07385	0.00158	0.02006	0.00907	0.05266	0.00718	0.18550
3	0.03256	0.00133	0.00176	0.01447	0.00209	0.00129	0.03166	0.01805	0.02082	0.05308	0.16099	0.38866	0.09180	0.04147	0.00156	0.00045	0.00861	0.10619	0.00688	0.01628
4	0.00164	0.00116	0.00147	0.00157	0.00176	0.00110	0.00111	0.02895	0.01813	0.01960	0.19226	0.56065	0.07200	0.01453	0.01887	0.00045	0.00071	0.02368	0.03285	0.00752
5	0.12163	0.00198	0.00249	0.00194	0.00278	0.00181	0.00160	0.03670	0.00313	0.75303	0.02040	0.00364	0.00271	0.00137	0.00108	0.00035	0.00095	0.00108	0.01988	0.02145
6	0.11595	0.00197	0.00239	0.00190	0.00267	0.00187	0.00155	0.10043	0.00322	0.60887	0.04599	0.00376	0.00290	0.00139	0.00106	0.00034	0.00092	0.00110	0.09998	0.00172
7	0.00183	0.00133	0.00164	0.00161	0.00180	0.02696	0.00116	0.00216	0.03979	0.02588	0.06224	0.03349	0.09442	0.24101	0.35849	0.09376	0.00173	0.00899	0.00076	0.00094
8	0.46662	0.00208	0.00213	0.00176	0.00251	0.00216	0.00144	0.03942	0.02696	0.38435	0.00315	0.00320	0.01955	0.02709	0.00107	0.00038	0.00093	0.01265	0.00102	0.00153
9	0.34486	0.00206	0.00232	0.00185	0.00267	0.00203	0.00153	0.03236	0.00285	0.59135	0.00341	0.00312	0.00223	0.00128	0.00099	0.00035	0.00094	0.00095	0.00115	0.00169
10	0.00338	0.00209	0.00226	0.00185	0.00246	0.00221	0.00149	0.41112	0.01929	0.10162	0.00338	0.00355	0.00249	0.00135	0.00098	0.00031	0.00089	0.00106	0.43669	0.00154
11	0.00307	0.00193	0.00244	0.10297	0.01042	0.01047	0.00178	0.13521	0.09750	0.23554	0.05367	0.12669	0.04685	0.02176	0.02201	0.00043	0.03574	0.06787	0.02218	0.00147
12	0.00157	0.00114	0.00142	0.00153	0.00173	0.00108	0.00109	0.00197	0.04045	0.02135	0.14362	0.48785	0.18222	0.04111	0.02725	0.00049	0.00074	0.04129	0.00107	0.00100
13	0.00269	0.00212	0.00230	0.00209	0.00264	0.01881	0.00162	0.02847	0.59449	0.06684	0.11989	0.08273	0.04470	0.00187	0.00122	0.00039	0.00086	0.02350	0.00116	0.00159
14	0.00220	0.00208	0.00351	0.87839	0.08633	0.00254	0.00318	0.00295	0.00230	0.00297	0.00203	0.00301	0.00154	0.00113	0.00114	0.00038	0.00150	0.00101	0.00051	0.00131
15	0.00729	0.02336	0.18300	0.11572	0.14939	0.02063	0.12950	0.01457	0.17173	0.04143	0.02289	0.01877	0.00245	0.01044	0.02207	0.01218	0.01077	0.02370	0.00072	0.01939
16	0.00298	0.00152	0.00174	0.01913	0.00207	0.00151	0.00120	0.08856	0.03754	0.21803	0.03004	0.00427	0.02158	0.00917	0.00099	0.00031	0.00073	0.00114	0.55613	0.00136
17	0.03029	0.00317	0.00302	0.00244	0.00323	0.18824	0.00196	0.44635	0.02166	0.23621	0.02045	0.00312	0.00229	0.00137	0.00111	0.00034	0.00129	0.01064	0.02108	0.00175
18	0.02275	0.00257	0.01741	0.39533	0.10395	0.07901	0.04481	0.11857	0.01227	0.06764	0.00826	0.03290	0.00200	0.01180	0.01477	0.00040	0.05377	0.00109	0.00924	0.00145
19	0.00225	0.01822	0.05122	0.13969	0.04948	0.01786	0.19170	0.01360	0.04671	0.04849	0.04325	0.30145	0.03617	0.01412	0.00138	0.00041	0.01364	0.00824	0.00083	0.00130
20	0.04573	0.00198	0.00256	0.00200	0.00284	0.00180	0.00164	0.02107	0.07408	0.79335	0.01812	0.00400	0.02257	0.00144	0.00113	0.00035	0.00095	0.00117	0.00134	0.00186

[dist]
# distance from previous block
# <min> <max>
0	5

[block]
# block no. 15 follows, 287 sequences, length 9
# corresponding to MSA columns:
# 1833-1841
name=unknown_P
#
# <colnr> <probs for GDERKNQSTAVLIFYWHMCP>
#	G	D	E	R	K	N	Q	S	T	A	V	L	I	F	Y	W	H	M	C	P
0	0.06290	0.00118	0.00131	0.00129	0.00135	0.00120	0.00077	0.00179	0.00172	0.00247	0.02987	0.00689	0.00403	0.80950	0.04520	0.02438	0.00115	0.00156	0.00070	0.00074
1	0.01789	0.01865	0.14734	0.10112	0.12252	0.03434	0.13476	0.04944	0.00275	0.18220	0.02652	0.08572	0.01165	0.01074	0.01337	0.00040	0.02643	0.01181	0.00080	0.00155
2	0.00274	0.02350	0.10123	0.13064	0.47061	0.07045	0.04228	0.02008	0.01786	0.01907	0.02825	0.01755	0.01463	0.00127	0.01199	0.00037	0.02422	0.00107	0.00061	0.00160
3	0.00248	0.00230	0.02971	0.04761	0.26066	0.04788	0.02744	0.01436	0.00998	0.03474	0.01050	0.04561	0.00260	0.09353	0.10989	0.01290	0.17710	0.02764	0.04174	0.00134
