[name]
unknown

[dist]
# distance from previous block
# <min> <max>
3	2687

[block]
# block no. 0 follows, 367 sequences, length 7
# corresponding to MSA columns:
# 3285-3287,3289-3291,3294
name=unknown_A
#
# <colnr> <probs for GDERKNQSTAVLIFYWHMCP>
#	G	D	E	R	K	N	Q	S	T	A	V	L	I	F	Y	W	H	M	C	P
0	0.03111	0.11399	0.02261	0.06165	0.01248	0.06860	0.06369	0.02250	0.02491	0.02854	0.02100	0.44029	0.01306	0.01224	0.00108	0.00032	0.03007	0.01714	0.00068	0.01405
1	0.02476	0.71831	0.09855	0.00177	0.00256	0.03245	0.04696	0.00280	0.03670	0.00237	0.02472	0.00174	0.00140	0.00083	0.00066	0.00022	0.00102	0.00058	0.00043	0.00117
2	0.05651	0.01565	0.04205	0.17783	0.02456	0.11551	0.12881	0.01283	0.09914	0.08258	0.09159	0.01692	0.01329	0.03701	0.02876	0.00035	0.04122	0.01364	0.00062	0.00111
3	0.00129	0.00096	0.00141	0.00141	0.00156	0.00111	0.00108	0.00159	0.00144	0.00207	0.00245	0.00373	0.00234	0.08335	0.88826	0.00140	0.00229	0.00099	0.00049	0.00078
4	0.05063	0.30744	0.39840	0.04590	0.00322	0.02302	0.03319	0.03800	0.02328	0.03176	0.00159	0.00185	0.00123	0.00088	0.00084	0.00026	0.03618	0.00064	0.00045	0.00124
5	0.28334	0.05005	0.08790	0.03533	0.01639	0.02577	0.06264	0.08625	0.02597	0.16016	0.02001	0.01636	0.01693	0.00100	0.00082	0.00027	0.01857	0.01339	0.00066	0.07818
6	0.02895	0.13043	0.20790	0.14551	0.04230	0.02299	0.02382	0.03463	0.02256	0.15840	0.05462	0.02206	0.04940	0.01127	0.00090	0.00028	0.00099	0.02046	0.00062	0.02192

[dist]
# distance from previous block
# <min> <max>
9	15

[block]
# block no. 1 follows, 367 sequences, length 20
# corresponding to MSA columns:
# 3337-3346,3348-3357
name=unknown_B
#
# <colnr> <probs for GDERKNQSTAVLIFYWHMCP>
#	G	D	E	R	K	N	Q	S	T	A	V	L	I	F	Y	W	H	M	C	P
0	0.00150	0.04056	0.04227	0.01084	0.01384	0.00125	0.12106	0.00188	0.00195	0.01551	0.01176	0.33111	0.05421	0.00220	0.00671	0.00036	0.00083	0.34053	0.00074	0.00089
1	0.01190	0.33259	0.02561	0.03065	0.02094	0.01485	0.00961	0.23174	0.09169	0.04001	0.01501	0.00860	0.12136	0.00112	0.00080	0.00025	0.00088	0.00086	0.00066	0.04086
2	0.00706	0.01818	0.06082	0.00920	0.00205	0.00123	0.03993	0.00228	0.01026	0.13965	0.08072	0.10133	0.12120	0.03743	0.02866	0.00035	0.01370	0.15666	0.00075	0.16854
3	0.13527	0.10669	0.09908	0.04359	0.00269	0.03175	0.03121	0.15091	0.03587	0.29871	0.02644	0.00246	0.00181	0.00110	0.01578	0.00029	0.00855	0.00574	0.00076	0.00131
4	0.01371	0.22793	0.10907	0.00215	0.00294	0.00227	0.18910	0.02591	0.12930	0.25942	0.00907	0.00937	0.01377	0.00098	0.00086	0.00027	0.00101	0.00085	0.00069	0.00132
5	0.00174	0.00160	0.00268	0.91567	0.02201	0.00197	0.00246	0.00233	0.00183	0.01814	0.02013	0.00250	0.00136	0.00092	0.00090	0.00030	0.00118	0.00082	0.00042	0.00101
6	0.00199	0.00747	0.06381	0.51571	0.02086	0.00711	0.06199	0.00252	0.00195	0.12581	0.03012	0.09405	0.00814	0.00567	0.00102	0.00031	0.02691	0.02293	0.00057	0.00108
7	0.00829	0.02977	0.08966	0.11522	0.02280	0.01054	0.10219	0.01169	0.00228	0.49067	0.01387	0.05581	0.00661	0.00683	0.00095	0.00029	0.00095	0.02943	0.00082	0.00132
8	0.00316	0.00133	0.00178	0.00146	0.00200	0.00116	0.00117	0.00349	0.00244	0.66966	0.11724	0.11243	0.07567	0.00148	0.00096	0.00029	0.00068	0.00125	0.00105	0.00131
9	0.00194	0.16761	0.78323	0.00239	0.00361	0.02072	0.00300	0.00284	0.00190	0.00272	0.00155	0.00182	0.00114	0.00084	0.00081	0.00027	0.00128	0.00063	0.00038	0.00130
10	0.00819	0.01658	0.10690	0.25383	0.05003	0.00891	0.06032	0.02037	0.00219	0.29397	0.05499	0.04959	0.03057	0.00120	0.00094	0.00029	0.00098	0.03822	0.00071	0.00121
11	0.00223	0.04026	0.34129	0.12024	0.08964	0.00607	0.05640	0.00837	0.02625	0.17188	0.04969	0.02844	0.00901	0.01492	0.00674	0.00030	0.00109	0.02532	0.00060	0.00125
12	0.00130	0.00097	0.00124	0.00142	0.00156	0.02184	0.00110	0.00157	0.00192	0.00250	0.03034	0.48559	0.05098	0.00260	0.00118	0.00038	0.00067	0.39122	0.00083	0.00078
13	0.01582	0.22962	0.07461	0.26736	0.03980	0.17736	0.03755	0.01924	0.01177	0.09446	0.00173	0.00774	0.00135	0.00095	0.00861	0.00027	0.00939	0.00071	0.00050	0.00116
14	0.01125	0.02758	0.05098	0.41328	0.11623	0.03316	0.12582	0.00279	0.03266	0.11210	0.01365	0.00805	0.00614	0.00836	0.00929	0.00031	0.01087	0.01580	0.00053	0.00116
15	0.00176	0.00162	0.00272	0.86853	0.03535	0.00198	0.01450	0.01157	0.00981	0.01246	0.00175	0.00264	0.00136	0.00095	0.00091	0.00030	0.00118	0.02914	0.00043	0.00103
16	0.00919	0.76573	0.11952	0.02085	0.00258	0.01247	0.01029	0.00273	0.01000	0.01346	0.00142	0.01335	0.00126	0.00089	0.01286	0.00023	0.00103	0.00056	0.00041	0.00117
17	0.07301	0.00169	0.03713	0.54889	0.03489	0.00182	0.02369	0.00852	0.00684	0.14845	0.02697	0.03019	0.02121	0.01097	0.00096	0.00030	0.01064	0.01218	0.00057	0.00109
18	0.02219	0.07171	0.37004	0.16516	0.03806	0.01052	0.06602	0.02685	0.01162	0.11911	0.00922	0.02901	0.00734	0.00103	0.00091	0.00029	0.01311	0.03607	0.00054	0.00123
19	0.04773	0.02294	0.26275	0.11934	0.02063	0.00796	0.08522	0.03031	0.03990	0.10805	0.05449	0.11431	0.01289	0.00778	0.00991	0.00031	0.00944	0.02918	0.00063	0.01624

[dist]
# distance from previous block
# <min> <max>
41	138

[block]
# block no. 2 follows, 367 sequences, length 12
# corresponding to MSA columns:
# 3557-3568
name=unknown_C
#
# <colnr> <probs for GDERKNQSTAVLIFYWHMCP>
#	G	D	E	R	K	N	Q	S	T	A	V	L	I	F	Y	W	H	M	C	P
0	0.17867	0.06789	0.03496	0.06992	0.01813	0.04620	0.03128	0.10135	0.02567	0.05001	0.03624	0.03010	0.00189	0.01000	0.09033	0.00041	0.15837	0.02075	0.00747	0.02037
1	0.00271	0.01447	0.06157	0.01442	0.04300	0.05388	0.00166	0.43096	0.13739	0.01907	0.01847	0.03206	0.00191	0.00108	0.00089	0.00026	0.01149	0.00085	0.03846	0.11537
2	0.00130	0.00104	0.02602	0.03544	0.00161	0.00092	0.00097	0.00166	0.03357	0.02730	0.20316	0.42144	0.18592	0.01931	0.01315	0.00035	0.00058	0.01128	0.00084	0.01413
3	0.05847	0.01052	0.01254	0.34232	0.06388	0.03111	0.06859	0.09699	0.09066	0.09148	0.04955	0.01368	0.01284	0.00105	0.00090	0.00029	0.00101	0.01696	0.00063	0.03654
4	0.00209	0.18502	0.56899	0.00236	0.03464	0.01560	0.03621	0.04068	0.00206	0.04363	0.04346	0.00222	0.01735	0.00092	0.00083	0.00027	0.00117	0.00073	0.00047	0.00128
5	0.02672	0.00091	0.00133	0.00127	0.00135	0.00092	0.02517	0.00141	0.00131	0.03316	0.00199	0.02404	0.02582	0.06153	0.03906	0.73365	0.01850	0.00089	0.00045	0.00052
6	0.00132	0.00104	0.00120	0.02499	0.00149	0.03502	0.00089	0.00165	0.00227	0.01716	0.48980	0.17376	0.24197	0.00206	0.00106	0.00030	0.00052	0.00179	0.00090	0.00083
7	0.03715	0.02825	0.03746	0.03311	0.03399	0.01516	0.08682	0.20917	0.15475	0.15975	0.06752	0.04842	0.01039	0.00122	0.00097	0.00029	0.02610	0.02038	0.02780	0.00129
8	0.02729	0.02937	0.07425	0.03613	0.01912	0.06326	0.20816	0.01810	0.08131	0.02088	0.01652	0.10541	0.04125	0.00158	0.00104	0.00033	0.00102	0.25325	0.00067	0.00106
9	0.00233	0.14561	0.22285	0.02541	0.03684	0.01695	0.03854	0.04716	0.01403	0.14336	0.00909	0.03362	0.01786	0.00097	0.00083	0.00024	0.00841	0.01078	0.00059	0.22453
10	0.14896	0.02201	0.05791	0.11857	0.03560	0.06516	0.02699	0.07952	0.03087	0.28390	0.04016	0.01380	0.01360	0.00147	0.00115	0.00040	0.01014	0.00105	0.00096	0.04780
11	0.00176	0.00137	0.00161	0.00141	0.02618	0.01628	0.00106	0.00238	0.10347	0.05050	0.34800	0.00441	0.07660	0.00140	0.01523	0.00025	0.00062	0.00112	0.02193	0.32440

[dist]
# distance from previous block
# <min> <max>
0	2

[block]
# block no. 3 follows, 367 sequences, length 14
# corresponding to MSA columns:
# 3571-3579,3603-3607
name=unknown_D
#
# <colnr> <probs for GDERKNQSTAVLIFYWHMCP>
#	G	D	E	R	K	N	Q	S	T	A	V	L	I	F	Y	W	H	M	C	P
0	0.00191	0.00178	0.00903	0.59363	0.04816	0.00804	0.14117	0.01365	0.01219	0.03740	0.00790	0.01296	0.00151	0.00109	0.01554	0.00033	0.06579	0.02639	0.00047	0.00107
1	0.00872	0.01834	0.03416	0.47972	0.12053	0.06377	0.03245	0.01787	0.03835	0.06116	0.00217	0.09426	0.00186	0.00112	0.00094	0.00030	0.00816	0.01450	0.00053	0.00111
2	0.02448	0.01394	0.37429	0.07045	0.01186	0.00192	0.03089	0.03974	0.16707	0.09697	0.01279	0.02253	0.00194	0.08164	0.00125	0.00993	0.01603	0.00088	0.02017	0.00123
3	0.00122	0.00093	0.00101	0.00099	0.00128	0.00080	0.00075	0.00148	0.00213	0.03484	0.16195	0.03979	0.70247	0.01907	0.00112	0.00031	0.00048	0.01468	0.01392	0.00080
4	0.03374	0.00184	0.07702	0.10572	0.18713	0.00166	0.04526	0.02693	0.00761	0.25433	0.05394	0.02997	0.02283	0.02951	0.07731	0.00040	0.01798	0.02492	0.00069	0.00122
5	0.00210	0.00204	0.00277	0.49949	0.17075	0.12193	0.01288	0.01655	0.01429	0.03087	0.00988	0.01511	0.00147	0.01054	0.02939	0.00033	0.05724	0.00082	0.00047	0.00110
6	0.00193	0.05458	0.22407	0.36917	0.10951	0.01837	0.03969	0.00259	0.01830	0.03017	0.00190	0.00243	0.02524	0.00803	0.02559	0.00032	0.05790	0.00080	0.00826	0.00115
7	0.00129	0.00087	0.00101	0.00103	0.00104	0.00088	0.00060	0.00132	0.00135	0.00181	0.00299	0.08171	0.00343	0.84025	0.05609	0.00086	0.00093	0.00139	0.00057	0.00057
8	0.02017	0.00188	0.01535	0.35677	0.39048	0.01454	0.02037	0.00264	0.03408	0.03840	0.01816	0.02346	0.01269	0.00100	0.00096	0.00029	0.02421	0.02285	0.00050	0.00120
9	0.01975	0.02892	0.05062	0.05048	0.10233	0.20944	0.05846	0.16760	0.08358	0.10131	0.00886	0.02100	0.00173	0.00113	0.00728	0.00876	0.05996	0.01690	0.00065	0.00125
10	0.00130	0.00087	0.00099	0.00100	0.00101	0.00086	0.00057	0.00132	0.00137	0.00184	0.02993	0.06714	0.00360	0.87971	0.00427	0.00083	0.00084	0.00140	0.00058	0.00057
11	0.00112	0.00080	0.00105	0.00124	0.00130	0.00075	0.00083	0.00127	0.00172	0.00229	0.00501	0.86033	0.04162	0.05402	0.00133	0.00039	0.00055	0.02285	0.00082	0.00073
12	0.00193	0.02560	0.03269	0.25428	0.08393	0.02369	0.02998	0.02425	0.27044	0.01314	0.02320	0.10848	0.02585	0.00639	0.00553	0.00032	0.00776	0.05618	0.00525	0.00114
13	0.02011	0.03853	0.19231	0.00213	0.02020	0.04608	0.03000	0.12354	0.44987	0.02091	0.00277	0.00274	0.01844	0.00110	0.00094	0.00029	0.02709	0.00088	0.00073	0.00136

[dist]
# distance from previous block
# <min> <max>
1	53

[block]
# block no. 4 follows, 367 sequences, length 14
# corresponding to MSA columns:
# 3663-3671,3678-3682
name=unknown_E
#
# <colnr> <probs for GDERKNQSTAVLIFYWHMCP>
#	G	D	E	R	K	N	Q	S	T	A	V	L	I	F	Y	W	H	M	C	P
0	0.67875	0.03521	0.02593	0.03608	0.03017	0.07693	0.00888	0.05202	0.01023	0.01899	0.00142	0.00164	0.00110	0.00086	0.00064	0.00027	0.00085	0.00055	0.00056	0.01892
1	0.01530	0.11825	0.11233	0.09119	0.10618	0.09283	0.04490	0.06386	0.05596	0.05942	0.04417	0.01737	0.01917	0.00113	0.00850	0.00029	0.12801	0.00083	0.00056	0.01977
2	0.01203	0.01813	0.02663	0.01972	0.01222	0.16865	0.02102	0.26520	0.00259	0.03614	0.01746	0.09732	0.02489	0.07867	0.05584	0.00037	0.01314	0.00099	0.01282	0.11615
3	0.00140	0.01496	0.10426	0.02544	0.00178	0.00109	0.00118	0.00189	0.03103	0.01909	0.52134	0.10359	0.09654	0.03956	0.02483	0.00035	0.00065	0.00929	0.00084	0.00091
4	0.00132	0.00100	0.00145	0.00143	0.00156	0.00116	0.00109	0.00160	0.00143	0.00205	0.00242	0.00377	0.00234	0.12441	0.80778	0.00134	0.04160	0.00100	0.00049	0.00078
5	0.21080	0.00171	0.03661	0.11108	0.16604	0.00728	0.02143	0.01641	0.01347	0.05639	0.10630	0.04368	0.02473	0.00137	0.01972	0.01808	0.03527	0.06260	0.00062	0.04639
6	0.01052	0.07961	0.33373	0.13433	0.03570	0.06177	0.07139	0.04909	0.05253	0.02389	0.01384	0.00948	0.01504	0.00097	0.00089	0.00027	0.01406	0.02413	0.00051	0.06826
7	0.00194	0.00168	0.00280	0.47670	0.20505	0.00185	0.06562	0.03129	0.00199	0.05684	0.00236	0.11990	0.02581	0.00116	0.00095	0.00030	0.00106	0.00107	0.00053	0.00111
8	0.00121	0.00093	0.00100	0.00100	0.00129	0.00080	0.00075	0.00146	0.00208	0.03810	0.08259	0.05653	0.75799	0.01896	0.00113	0.00032	0.00049	0.03172	0.00085	0.00079
9	0.00696	0.01588	0.04988	0.36153	0.13974	0.14148	0.02871	0.11138	0.01490	0.01652	0.03027	0.01243	0.01780	0.00105	0.00098	0.01870	0.01709	0.00832	0.00527	0.00114
10	0.00225	0.14470	0.18574	0.09481	0.04596	0.04961	0.09634	0.03567	0.12984	0.07540	0.02758	0.01908	0.01043	0.00111	0.00632	0.00029	0.03782	0.03525	0.00059	0.00123
11	0.00140	0.00097	0.00134	0.00152	0.00170	0.00095	0.00125	0.00174	0.00201	0.02071	0.03355	0.25980	0.02707	0.00253	0.00120	0.00039	0.00073	0.63948	0.00084	0.00082
12	0.22335	0.00115	0.00117	0.00108	0.00142	0.00118	0.00085	0.00236	0.01954	0.08593	0.22362	0.00387	0.02164	0.00124	0.00076	0.00025	0.00053	0.01386	0.39525	0.00094
13	0.00241	0.01015	0.33641	0.07151	0.12181	0.01840	0.08751	0.10644	0.01168	0.15724	0.00955	0.04378	0.00897	0.00103	0.00091	0.00029	0.00112	0.00886	0.00061	0.00132

[dist]
# distance from previous block
# <min> <max>
0	3

[block]
# block no. 5 follows, 367 sequences, length 12
# corresponding to MSA columns:
# 3712-3723
name=unknown_F
#
# <colnr> <probs for GDERKNQSTAVLIFYWHMCP>
#	G	D	E	R	K	N	Q	S	T	A	V	L	I	F	Y	W	H	M	C	P
0	0.03247	0.00295	0.33767	0.03144	0.02183	0.01031	0.25382	0.12381	0.00229	0.04878	0.01203	0.01098	0.00158	0.00095	0.00092	0.00028	0.00969	0.01418	0.08275	0.00125
1	0.00325	0.00240	0.00257	0.00200	0.00268	0.00266	0.00164	0.85674	0.05393	0.00543	0.00245	0.00244	0.02748	0.00112	0.00090	0.00027	0.00095	0.00085	0.02875	0.00149
2	0.00113	0.00081	0.00105	0.00122	0.00128	0.00076	0.00081	0.00129	0.00172	0.00228	0.02527	0.77540	0.04482	0.11316	0.00154	0.00042	0.00057	0.02495	0.00081	0.00072
3	0.00176	0.04964	0.48913	0.00204	0.00288	0.00182	0.02222	0.02986	0.01176	0.01842	0.17800	0.03383	0.06042	0.01832	0.00870	0.00031	0.05556	0.00101	0.00057	0.01373
4	0.00121	0.00091	0.00112	0.00109	0.00131	0.00082	0.00081	0.00156	0.00236	0.00320	0.63934	0.08756	0.25134	0.00204	0.00107	0.00030	0.00044	0.00178	0.00094	0.00082
5	0.01989	0.35307	0.10308	0.00193	0.00265	0.16940	0.00178	0.26905	0.02243	0.00331	0.01403	0.00187	0.00140	0.00094	0.00079	0.00024	0.01700	0.00065	0.01525	0.00125
6	0.00130	0.00095	0.00135	0.00134	0.00147	0.00107	0.00100	0.00153	0.00144	0.00202	0.00272	0.01966	0.03748	0.17684	0.68316	0.04848	0.01587	0.00108	0.00051	0.00074
7	0.05029	0.07220	0.16027	0.03781	0.08926	0.17133	0.05764	0.05905	0.06932	0.01317	0.01200	0.08821	0.03002	0.00115	0.00090	0.00027	0.01602	0.01564	0.00820	0.04726
8	0.00205	0.17990	0.05588	0.00218	0.01351	0.02189	0.08891	0.00249	0.04291	0.02950	0.05915	0.01501	0.03909	0.00140	0.01088	0.00033	0.40639	0.02694	0.00051	0.00107
9	0.00115	0.00081	0.00105	0.00122	0.00129	0.00076	0.00083	0.00131	0.00174	0.00231	0.02344	0.72879	0.07017	0.07341	0.00145	0.02601	0.00056	0.04316	0.01980	0.00072
10	0.01725	0.01076	0.01033	0.01755	0.00232	0.00154	0.04810	0.12388	0.03412	0.47276	0.04715	0.01603	0.10979	0.01005	0.02285	0.00032	0.01140	0.03049	0.01201	0.00130
11	0.01370	0.06857	0.07545	0.01741	0.04144	0.04686	0.13037	0.17511	0.06690	0.17855	0.01475	0.03805	0.00870	0.01412	0.04546	0.00034	0.04873	0.00092	0.01329	0.00127

[dist]
# distance from previous block
# <min> <max>
0	13

[block]
# block no. 6 follows, 367 sequences, length 32
# corresponding to MSA columns:
# 3739-3765,3771-3775
name=unknown_G
#
# <colnr> <probs for GDERKNQSTAVLIFYWHMCP>
#	G	D	E	R	K	N	Q	S	T	A	V	L	I	F	Y	W	H	M	C	P
0	0.00179	0.03285	0.00444	0.00939	0.02282	0.09387	0.05041	0.00935	0.13009	0.02871	0.26507	0.04314	0.19219	0.02152	0.00105	0.00029	0.00072	0.02346	0.04289	0.02593
1	0.00111	0.00082	0.00103	0.00118	0.00128	0.00075	0.00080	0.00129	0.00182	0.00238	0.06088	0.70443	0.18214	0.03405	0.00124	0.00037	0.00052	0.00235	0.00084	0.00074
2	0.02617	0.00163	0.00210	0.00163	0.00230	0.01262	0.00134	0.05256	0.02876	0.81246	0.00336	0.01523	0.00219	0.00113	0.00092	0.00028	0.01094	0.00090	0.00106	0.02243
3	0.00142	0.02946	0.00147	0.01580	0.00918	0.00113	0.00842	0.00681	0.01728	0.03281	0.07879	0.03338	0.18595	0.09439	0.42708	0.00692	0.00144	0.04680	0.00065	0.00083
4	0.00154	0.02209	0.00121	0.00112	0.00119	0.00093	0.00073	0.00146	0.00138	0.04861	0.01411	0.04475	0.00274	0.48398	0.05101	0.31998	0.00090	0.00114	0.00053	0.00058
5	0.00119	0.00084	0.00109	0.00123	0.00134	0.00079	0.00085	0.00144	0.02323	0.01177	0.11766	0.74963	0.05465	0.00259	0.00112	0.00035	0.00051	0.00766	0.02129	0.00077
6	0.01531	0.00155	0.00197	0.00157	0.00859	0.00139	0.01943	0.06850	0.05592	0.42667	0.06438	0.04058	0.04822	0.00121	0.00089	0.00026	0.00073	0.02297	0.00768	0.21218
7	0.03190	0.33035	0.24279	0.00219	0.03978	0.24129	0.03377	0.01270	0.00208	0.01516	0.00851	0.00926	0.00640	0.00088	0.00075	0.00024	0.00121	0.00063	0.01893	0.00118
8	0.00337	0.00166	0.02740	0.00173	0.01937	0.00150	0.01958	0.08863	0.02310	0.62254	0.05058	0.01445	0.00245	0.00129	0.02208	0.00030	0.02981	0.00094	0.06783	0.00140
9	0.00190	0.00162	0.00189	0.00135	0.00215	0.00124	0.00108	0.02310	0.00192	0.00300	0.00161	0.00188	0.00134	0.00068	0.00067	0.00014	0.00067	0.00054	0.00054	0.95268
10	0.01505	0.01436	0.07453	0.07515	0.08780	0.01875	0.10490	0.06102	0.16966	0.22985	0.04124	0.03088	0.00648	0.02218	0.00104	0.00031	0.01387	0.03088	0.00076	0.00129
11	0.00768	0.05782	0.49365	0.00245	0.03068	0.00904	0.10027	0.10674	0.01098	0.05739	0.01478	0.00242	0.04516	0.00096	0.00090	0.00027	0.01323	0.00080	0.00053	0.04427
12	0.00140	0.00103	0.00132	0.00139	0.00163	0.00100	0.00113	0.00189	0.05583	0.01457	0.25480	0.05283	0.16970	0.00221	0.00114	0.00035	0.00064	0.43539	0.00088	0.00086
13	0.00112	0.00081	0.00104	0.00121	0.00129	0.00075	0.00082	0.00129	0.00175	0.00232	0.01179	0.79882	0.08334	0.05202	0.00131	0.00038	0.00054	0.02054	0.01813	0.00073
14	0.00973	0.02919	0.27009	0.05160	0.25693	0.00979	0.05153	0.03591	0.03916	0.07905	0.01558	0.00739	0.00156	0.00088	0.00086	0.00026	0.00106	0.00376	0.00054	0.13513
15	0.00117	0.00098	0.00104	0.00106	0.00131	0.02251	0.00078	0.00144	0.00782	0.00258	0.14869	0.15223	0.60668	0.00242	0.03525	0.00035	0.00056	0.01149	0.00084	0.00078
16	0.00128	0.00088	0.00107	0.00115	0.00119	0.00087	0.00075	0.00138	0.00152	0.00202	0.00361	0.22915	0.00416	0.59255	0.01553	0.00070	0.00081	0.14008	0.00065	0.00063
17	0.01050	0.64870	0.10410	0.00184	0.00939	0.12713	0.00179	0.02141	0.00195	0.00230	0.00133	0.00157	0.00117	0.00086	0.00080	0.00022	0.06284	0.00054	0.00041	0.00116
18	0.01424	0.07864	0.59441	0.02710	0.05788	0.00963	0.10624	0.02098	0.01188	0.04038	0.01682	0.00217	0.00632	0.00089	0.00087	0.00028	0.00411	0.00540	0.00045	0.00130
19	0.01384	0.00128	0.01863	0.00136	0.00178	0.00114	0.00109	0.02703	0.04325	0.30432	0.55084	0.00518	0.01914	0.00154	0.00099	0.00028	0.00058	0.00133	0.00101	0.00539
20	0.02146	0.00149	0.00197	0.00157	0.00219	0.00133	0.00127	0.00407	0.04905	0.80142	0.02433	0.06783	0.01526	0.00126	0.00092	0.00029	0.00074	0.00104	0.00107	0.00144
21	0.00588	0.00162	0.00235	0.10365	0.27179	0.02914	0.03503	0.00251	0.12391	0.01620	0.01086	0.15224	0.00303	0.07166	0.01306	0.01252	0.00094	0.14189	0.00064	0.00108
22	0.00217	0.19572	0.47446	0.03485	0.08624	0.04093	0.03563	0.04960	0.00721	0.03335	0.00180	0.00206	0.02135	0.00089	0.00084	0.00027	0.01020	0.00070	0.00046	0.00128
23	0.00149	0.00108	0.01162	0.00135	0.01083	0.00100	0.03504	0.00192	0.02231	0.05932	0.60193	0.08948	0.05199	0.03667	0.02965	0.00035	0.00630	0.03065	0.00611	0.00090
24	0.00155	0.00110	0.00134	0.00124	0.00152	0.00108	0.00094	0.00228	0.15273	0.04641	0.62871	0.01506	0.08624	0.01006	0.00105	0.00029	0.00050	0.00898	0.03795	0.00096
25	0.00745	0.00096	0.00120	0.01766	0.01518	0.02064	0.00864	0.00143	0.00794	0.00227	0.01304	0.64617	0.04585	0.16014	0.00172	0.00490	0.01024	0.03307	0.00076	0.00074
26	0.01545	0.05755	0.15206	0.06071	0.07193	0.03490	0.04130	0.11932	0.03883	0.12235	0.02332	0.17318	0.02419	0.00151	0.02301	0.00032	0.01405	0.02415	0.00069	0.00118
27	0.01234	0.01683	0.06051	0.03870	0.01324	0.00140	0.03100	0.02258	0.01032	0.01438	0.02377	0.18372	0.11085	0.04414	0.09531	0.00048	0.11300	0.20586	0.00067	0.00090
28	0.00136	0.00102	0.00139	0.00136	0.00144	0.00118	0.00098	0.00154	0.00140	0.00198	0.00251	0.02541	0.00262	0.36763	0.49012	0.00111	0.09461	0.00111	0.00051	0.00072
29	0.01158	0.00193	0.08339	0.00985	0.03206	0.00142	0.03806	0.02016	0.02258	0.00301	0.01051	0.00199	0.00142	0.00073	0.00073	0.00017	0.00672	0.00060	0.00053	0.75254
30	0.04387	0.15219	0.12605	0.02995	0.12419	0.24540	0.05420	0.08832	0.00728	0.02261	0.00521	0.00200	0.00134	0.00108	0.02344	0.00029	0.06398	0.00690	0.00050	0.00120
31	0.00132	0.00105	0.01571	0.00146	0.00163	0.00117	0.00115	0.00163	0.00144	0.00208	0.00239	0.00362	0.00227	0.06794	0.86002	0.00136	0.03148	0.00098	0.00048	0.00080

[dist]
# distance from previous block
# <min> <max>
4	11

[block]
# block no. 7 follows, 367 sequences, length 12
# corresponding to MSA columns:
# 3792-3803
name=unknown_H
#
# <colnr> <probs for GDERKNQSTAVLIFYWHMCP>
#	G	D	E	R	K	N	Q	S	T	A	V	L	I	F	Y	W	H	M	C	P
0	0.04398	0.10381	0.06508	0.03712	0.20797	0.03730	0.13045	0.18677	0.01192	0.04704	0.00181	0.00213	0.00140	0.00099	0.01509	0.00028	0.03683	0.00077	0.00057	0.06870
1	0.01042	0.15480	0.55944	0.04243	0.05246	0.00234	0.01660	0.02180	0.01346	0.01930	0.01044	0.00208	0.01739	0.00094	0.00098	0.00028	0.07244	0.00070	0.00043	0.00126
2	0.00116	0.00093	0.00103	0.00102	0.00128	0.00082	0.00076	0.00149	0.02530	0.00277	0.27302	0.06968	0.59384	0.02146	0.00114	0.00031	0.00047	0.00184	0.00088	0.00080
3	0.00185	0.00170	0.00227	0.02687	0.00216	0.01900	0.00162	0.03124	0.00152	0.01339	0.00177	0.00289	0.01290	0.15050	0.13546	0.00060	0.59198	0.00091	0.00046	0.00092
4	0.00132	0.00093	0.00120	0.00114	0.00136	0.00085	0.00085	0.00172	0.00250	0.02434	0.85588	0.03923	0.06151	0.00189	0.00106	0.00029	0.00044	0.00166	0.00098	0.00086
5	0.00171	0.00162	0.00271	0.92288	0.00604	0.00204	0.00248	0.00230	0.00178	0.00230	0.00158	0.00238	0.00120	0.00093	0.00099	0.00030	0.04455	0.00080	0.00040	0.00100
6	0.00114	0.00093	0.00100	0.00100	0.00127	0.00081	0.00074	0.00143	0.01660	0.00266	0.19039	0.04810	0.68063	0.03254	0.00118	0.00032	0.00048	0.01714	0.00086	0.00078
7	0.03828	0.00201	0.04719	0.02234	0.01755	0.01865	0.00150	0.27977	0.22980	0.11831	0.08660	0.01666	0.01629	0.01261	0.01458	0.00030	0.00084	0.00743	0.03744	0.03185
8	0.07425	0.30365	0.14314	0.00207	0.02434	0.23524	0.00188	0.02571	0.00202	0.03795	0.00149	0.01175	0.00125	0.00098	0.00103	0.00026	0.13076	0.00063	0.00046	0.00114
9	0.00122	0.00089	0.00114	0.00127	0.00137	0.00088	0.00088	0.00151	0.03718	0.00250	0.07582	0.66758	0.06219	0.02971	0.01729	0.00038	0.02891	0.02324	0.04526	0.00078
10	0.00186	0.00159	0.00191	0.00141	0.00214	0.00126	0.02919	0.04860	0.00200	0.00301	0.00230	0.04649	0.06635	0.00090	0.00074	0.00017	0.00069	0.00075	0.00058	0.78808
11	0.01980	0.00125	0.03696	0.00146	0.01187	0.00114	0.04482	0.02126	0.05210	0.02506	0.18068	0.28550	0.22910	0.01102	0.04398	0.00037	0.03019	0.00175	0.00080	0.00090

[dist]
# distance from previous block
# <min> <max>
0	17

[block]
# block no. 8 follows, 367 sequences, length 39
# corresponding to MSA columns:
# 3821-3859
name=unknown_I
#
# <colnr> <probs for GDERKNQSTAVLIFYWHMCP>
#	G	D	E	R	K	N	Q	S	T	A	V	L	I	F	Y	W	H	M	C	P
0	0.01882	0.01300	0.02797	0.00594	0.01413	0.01949	0.04179	0.10794	0.04970	0.03101	0.24633	0.07617	0.15599	0.01383	0.06240	0.00038	0.05166	0.03886	0.01785	0.00673
1	0.01589	0.28441	0.42698	0.00204	0.00662	0.01973	0.00655	0.06500	0.01071	0.00274	0.00175	0.01542	0.00532	0.01751	0.09820	0.00038	0.00605	0.00070	0.01280	0.00120
2	0.00241	0.09554	0.25668	0.04748	0.04283	0.03988	0.07025	0.17419	0.15585	0.04725	0.00220	0.03098	0.00170	0.00103	0.00092	0.00028	0.02177	0.00084	0.00062	0.00731
3	0.00109	0.00083	0.00100	0.00114	0.00128	0.00074	0.00079	0.00127	0.00183	0.00235	0.00633	0.65516	0.31765	0.00265	0.00112	0.00035	0.00050	0.00235	0.00084	0.00074
4	0.00171	0.00159	0.00268	0.92478	0.00603	0.00197	0.01447	0.00230	0.00181	0.00234	0.00165	0.00243	0.00124	0.00090	0.00090	0.00030	0.00118	0.00081	0.02991	0.00100
5	0.00263	0.39077	0.04275	0.00198	0.00269	0.07561	0.08944	0.23194	0.06982	0.02092	0.00193	0.02045	0.00160	0.02107	0.00086	0.00026	0.00105	0.01444	0.00854	0.00125
6	0.00112	0.00081	0.00102	0.00119	0.00128	0.00075	0.00080	0.00129	0.00175	0.00231	0.00538	0.74837	0.13854	0.05874	0.00133	0.00038	0.00054	0.01263	0.02102	0.00073
7	0.00172	0.00162	0.00273	0.93775	0.03449	0.00201	0.00251	0.00232	0.00181	0.00232	0.00161	0.00240	0.00121	0.00090	0.00090	0.00030	0.00120	0.00080	0.00040	0.00101
8	0.00215	0.00232	0.02175	0.05061	0.05926	0.01449	0.63753	0.01805	0.04079	0.02265	0.01593	0.00247	0.00152	0.00094	0.00670	0.00031	0.09979	0.00099	0.00049	0.00121
9	0.01747	0.02544	0.02373	0.01052	0.00469	0.03292	0.01468	0.17621	0.06497	0.02431	0.10332	0.26946	0.12801	0.01596	0.01027	0.01016	0.06456	0.00152	0.00079	0.00102
10	0.00206	0.04892	0.00285	0.00231	0.00241	0.05037	0.02501	0.00796	0.02053	0.00223	0.00131	0.00206	0.00127	0.02144	0.01119	0.00039	0.79549	0.00079	0.00042	0.00100
11	0.00111	0.00079	0.00105	0.00124	0.00131	0.00074	0.00083	0.00128	0.00177	0.00236	0.04677	0.90423	0.02764	0.00277	0.00115	0.00036	0.00052	0.00251	0.00084	0.00074
12	0.03091	0.05523	0.01133	0.00225	0.00274	0.85963	0.00173	0.00962	0.00248	0.00228	0.00139	0.00162	0.00116	0.00093	0.00082	0.00023	0.01356	0.00058	0.00046	0.00105
13	0.02045	0.00203	0.00330	0.02799	0.06733	0.02951	0.37069	0.07726	0.14307	0.07237	0.01981	0.01171	0.00195	0.01190	0.00098	0.00029	0.00771	0.00097	0.12945	0.00122
14	0.00114	0.00081	0.00108	0.00129	0.00135	0.00076	0.00089	0.00132	0.00176	0.00234	0.01317	0.85742	0.00587	0.01751	0.00121	0.00038	0.00056	0.08957	0.00083	0.00074
15	0.00116	0.00091	0.00105	0.00102	0.00128	0.00080	0.00077	0.00148	0.00228	0.00298	0.45463	0.02817	0.49604	0.00209	0.00107	0.00030	0.00044	0.00179	0.00091	0.00080
16	0.01613	0.00172	0.00283	0.72785	0.16628	0.00683	0.01315	0.00249	0.02163	0.02154	0.00171	0.00240	0.00130	0.00089	0.00089	0.00029	0.00115	0.00081	0.00901	0.00109
17	0.00164	0.00132	0.00150	0.00139	0.00172	0.00139	0.00106	0.00287	0.37847	0.00353	0.47869	0.00557	0.09379	0.02172	0.00108	0.00031	0.00055	0.00141	0.00094	0.00106
18	0.09201	0.01087	0.03284	0.04441	0.06261	0.04836	0.04091	0.45650	0.05990	0.02833	0.02305	0.02831	0.00186	0.01300	0.00588	0.00029	0.01508	0.01282	0.01844	0.00454
19	0.95796	0.00173	0.00132	0.00118	0.00174	0.00200	0.00097	0.00263	0.00155	0.00404	0.01777	0.00156	0.00111	0.00085	0.00057	0.00028	0.00069	0.00051	0.00057	0.00097
20	0.00127	0.00092	0.00119	0.00113	0.00134	0.00085	0.00084	0.00169	0.00253	0.00357	0.92811	0.00680	0.04264	0.00186	0.00106	0.00028	0.00043	0.00164	0.00099	0.00085
21	0.00127	0.00092	0.00118	0.00112	0.00134	0.00085	0.00084	0.00168	0.00251	0.00354	0.89461	0.00680	0.06341	0.00186	0.00106	0.00028	0.00043	0.00164	0.01382	0.00085
22	0.00230	0.00197	0.00206	0.00184	0.00235	0.01130	0.00143	0.06008	0.87491	0.00386	0.02520	0.00335	0.00280	0.00123	0.00092	0.00030	0.00073	0.00102	0.00091	0.00142
23	0.00234	0.00187	0.00266	0.57838	0.03844	0.00218	0.00218	0.26096	0.03242	0.05755	0.00195	0.00241	0.00142	0.00097	0.00090	0.00029	0.00109	0.00082	0.00998	0.00120
24	0.00529	0.00161	0.00234	0.61189	0.00463	0.01567	0.00628	0.07134	0.07670	0.03022	0.00718	0.00272	0.00163	0.00099	0.00087	0.00028	0.00102	0.01204	0.14624	0.00106
25	0.02293	0.00209	0.00221	0.00189	0.00246	0.00239	0.00150	0.26760	0.67759	0.00430	0.00320	0.00299	0.00238	0.00118	0.00091	0.00030	0.00079	0.00095	0.00091	0.00145
26	0.71882	0.00198	0.01379	0.00145	0.00205	0.03812	0.02812	0.11690	0.01431	0.04621	0.00152	0.00169	0.00114	0.00088	0.00065	0.00028	0.00080	0.00057	0.00062	0.01010
27	0.00125	0.00092	0.00117	0.00111	0.00134	0.00084	0.00084	0.00165	0.00247	0.00343	0.81146	0.00707	0.14031	0.00192	0.00107	0.00029	0.00044	0.02061	0.00097	0.00084
28	0.00129	0.00094	0.00118	0.00127	0.01948	0.00586	0.00935	0.00139	0.00153	0.00204	0.00365	0.36430	0.01541	0.48061	0.03847	0.00066	0.02834	0.02292	0.00065	0.00067
29	0.00187	0.00160	0.00187	0.00134	0.00214	0.00120	0.00107	0.00227	0.00187	0.00294	0.00160	0.00187	0.00134	0.00067	0.00067	0.00013	0.00067	0.00053	0.00053	0.97383
30	0.00211	0.00242	0.01891	0.01203	0.02138	0.00226	0.88197	0.00285	0.00210	0.00286	0.00186	0.00256	0.00143	0.00081	0.00110	0.00031	0.02220	0.01918	0.00046	0.00121
31	0.00113	0.00080	0.00107	0.00127	0.00134	0.00076	0.00087	0.00131	0.00177	0.00236	0.03486	0.87262	0.00597	0.01202	0.00119	0.00037	0.00054	0.05816	0.00084	0.00074
32	0.03774	0.01075	0.00329	0.05211	0.37735	0.01603	0.13459	0.26367	0.00705	0.01048	0.01721	0.02751	0.00666	0.00108	0.01816	0.00030	0.01049	0.00089	0.00331	0.00133
33	0.00152	0.00128	0.03757	0.01426	0.03200	0.00121	0.06414	0.01070	0.01968	0.02911	0.14624	0.13034	0.04358	0.02643	0.23385	0.00439	0.01139	0.19070	0.00071	0.00091
34	0.00139	0.00095	0.00122	0.00114	0.00139	0.00087	0.00087	0.00179	0.00248	0.05038	0.78755	0.02206	0.10690	0.00188	0.00106	0.00029	0.00045	0.01550	0.00098	0.00087
35	0.00216	0.00193	0.00316	0.05739	0.68211	0.00198	0.00523	0.02167	0.03325	0.03084	0.01603	0.01900	0.00509	0.01949	0.02352	0.00032	0.02094	0.04813	0.00646	0.00131
36	0.00130	0.00093	0.00127	0.00127	0.00137	0.00102	0.00091	0.00149	0.00142	0.00199	0.01175	0.02984	0.00279	0.34960	0.57131	0.01102	0.00177	0.00773	0.00052	0.00071
37	0.01662	0.55816	0.01088	0.01055	0.02865	0.27849	0.00163	0.02117	0.03642	0.00235	0.01288	0.00171	0.00133	0.00094	0.01468	0.00023	0.00116	0.00057	0.00045	0.00114
38	0.00168	0.00084	0.00084	0.00084	0.00105	0.00084	0.00063	0.00210	0.00189	0.00336	0.00294	0.00336	0.00231	0.00105	0.00063	0.00021	0.00042	0.00084	0.97332	0.00084

[dist]
# distance from previous block
# <min> <max>
0	1

[block]
# block no. 9 follows, 367 sequences, length 12
# corresponding to MSA columns:
# 3863-3868,3870-3875
name=unknown_J
#
# <colnr> <probs for GDERKNQSTAVLIFYWHMCP>
#	G	D	E	R	K	N	Q	S	T	A	V	L	I	F	Y	W	H	M	C	P
0	0.01576	0.00200	0.00311	0.10686	0.59536	0.03014	0.00236	0.02634	0.02722	0.09129	0.00198	0.01456	0.00160	0.00124	0.05500	0.00034	0.02214	0.00084	0.00053	0.00132
1	0.00168	0.00084	0.00084	0.00084	0.00105	0.00084	0.00063	0.00210	0.00189	0.00336	0.00294	0.00336	0.00231	0.00105	0.00063	0.00021	0.00042	0.00084	0.97332	0.00084
2	0.50080	0.06959	0.00225	0.05842	0.05255	0.13121	0.03729	0.07186	0.01273	0.01399	0.00145	0.00173	0.00115	0.00090	0.00078	0.00027	0.04080	0.00060	0.00054	0.00108
3	0.00863	0.01464	0.16723	0.04870	0.01506	0.03587	0.06118	0.04888	0.05044	0.13698	0.04665	0.01806	0.01965	0.18025	0.07332	0.00048	0.03034	0.01218	0.03036	0.00108
4	0.00153	0.00122	0.01404	0.05417	0.01849	0.00118	0.01794	0.04956	0.09192	0.01729	0.43511	0.08936	0.18720	0.00179	0.00103	0.00030	0.00058	0.00156	0.01477	0.00095
5	0.00158	0.00122	0.00157	0.00157	0.01837	0.02647	0.04916	0.05398	0.07765	0.03661	0.06936	0.53237	0.07435	0.01237	0.00112	0.00034	0.00067	0.03951	0.00083	0.00092
6	0.72480	0.05612	0.02357	0.05378	0.00214	0.02414	0.00120	0.03465	0.03959	0.00381	0.02837	0.00177	0.00131	0.00089	0.00063	0.00028	0.00078	0.00057	0.00057	0.00103
7	0.05640	0.00157	0.00180	0.00132	0.00207	0.00123	0.00105	0.00226	0.00189	0.00304	0.05381	0.00211	0.00171	0.00074	0.00068	0.00015	0.00066	0.00059	0.00056	0.86636
8	0.00137	0.00103	0.00123	0.00119	0.00131	0.00108	0.00082	0.00161	0.04667	0.00216	0.04751	0.02613	0.14368	0.51721	0.08232	0.00071	0.06732	0.03500	0.00063	0.02103
9	0.02916	0.00145	0.00763	0.01517	0.08465	0.00829	0.04639	0.05066	0.08006	0.06310	0.08158	0.02171	0.01206	0.15510	0.19896	0.01296	0.04603	0.03472	0.02192	0.02839
10	0.00201	0.00208	0.00417	0.00307	0.00381	0.00198	0.67769	0.02054	0.06119	0.01513	0.08406	0.02855	0.04432	0.00104	0.00104	0.00030	0.00124	0.01174	0.03485	0.00116
11	0.04055	0.19364	0.07111	0.03198	0.04234	0.10234	0.08644	0.17288	0.15373	0.04534	0.01170	0.01724	0.00169	0.00100	0.00088	0.00027	0.02417	0.00079	0.00063	0.00127

[dist]
# distance from previous block
# <min> <max>
1	18

[block]
# block no. 10 follows, 367 sequences, length 13
# corresponding to MSA columns:
# 3914,3915,3920-3930
name=unknown_K
#
# <colnr> <probs for GDERKNQSTAVLIFYWHMCP>
#	G	D	E	R	K	N	Q	S	T	A	V	L	I	F	Y	W	H	M	C	P
0	0.01368	0.06559	0.05387	0.03603	0.07706	0.06071	0.18066	0.13245	0.08851	0.06892	0.08411	0.02792	0.02349	0.00796	0.00097	0.00028	0.01635	0.00096	0.00066	0.05981
1	0.00198	0.02119	0.77346	0.00244	0.01469	0.02552	0.00296	0.01676	0.02274	0.05064	0.01938	0.02038	0.00155	0.00097	0.00087	0.00029	0.00124	0.02118	0.00047	0.00131
2	0.00157	0.00115	0.00145	0.02904	0.03199	0.01216	0.00872	0.00197	0.02529	0.07370	0.42569	0.06928	0.21650	0.01122	0.00110	0.00030	0.02122	0.01751	0.00087	0.04929
3	0.03445	0.02515	0.01467	0.15573	0.52423	0.00901	0.03317	0.05638	0.03656	0.02086	0.01381	0.00245	0.00159	0.00089	0.00088	0.00027	0.00104	0.01866	0.00051	0.04966
4	0.00147	0.00122	0.00146	0.04915	0.00188	0.00102	0.00099	0.00182	0.00203	0.00283	0.16536	0.08037	0.27076	0.00153	0.00091	0.00024	0.00059	0.02090	0.00072	0.39478
5	0.31072	0.02326	0.02756	0.05213	0.03725	0.06726	0.03012	0.24421	0.10763	0.01505	0.00219	0.00263	0.01967	0.00107	0.00081	0.00028	0.00093	0.05534	0.00068	0.00120
6	0.00225	0.00168	0.00205	0.03264	0.01460	0.01653	0.03466	0.25933	0.09709	0.06461	0.03951	0.02727	0.03760	0.14589	0.10480	0.00051	0.04413	0.05965	0.01408	0.00111
7	0.00168	0.00084	0.00084	0.00084	0.00105	0.00084	0.00063	0.00210	0.00189	0.00336	0.00294	0.00336	0.00231	0.00105	0.00063	0.00021	0.00042	0.00084	0.97332	0.00084
8	0.01420	0.00198	0.05793	0.00181	0.00254	0.02186	0.10123	0.12626	0.03795	0.06469	0.06677	0.00269	0.02704	0.00099	0.00767	0.00023	0.01572	0.01005	0.00065	0.43773
9	0.04122	0.02789	0.35561	0.02779	0.00316	0.21848	0.04907	0.08884	0.00991	0.05903	0.02313	0.02318	0.00166	0.01723	0.01822	0.00031	0.01676	0.01678	0.00054	0.00121
10	0.00168	0.00084	0.00084	0.00084	0.00105	0.00084	0.00063	0.00210	0.00189	0.00336	0.00294	0.00336	0.00231	0.00105	0.00063	0.00021	0.00042	0.00084	0.97332	0.00084
11	0.06776	0.06177	0.16195	0.00304	0.00394	0.01156	0.55512	0.03475	0.02399	0.02576	0.00182	0.00231	0.00138	0.00085	0.00099	0.00029	0.02008	0.01107	0.00049	0.01107
12	0.08824	0.00228	0.00256	0.03570	0.04833	0.00248	0.01179	0.65864	0.02170	0.05741	0.00212	0.00219	0.00153	0.00108	0.01133	0.00028	0.00096	0.00078	0.00082	0.04978

[dist]
# distance from previous block
# <min> <max>
2	8

[block]
# block no. 11 follows, 367 sequences, length 61
# corresponding to MSA columns:
# 3940-3946,3955-3999,4003-4011
name=unknown_L
#
# <colnr> <probs for GDERKNQSTAVLIFYWHMCP>
#	G	D	E	R	K	N	Q	S	T	A	V	L	I	F	Y	W	H	M	C	P
0	0.00131	0.00087	0.00099	0.00100	0.00100	0.00087	0.00056	0.00131	0.00133	0.00177	0.00292	0.04857	0.00337	0.91241	0.00442	0.01398	0.00086	0.00136	0.00056	0.00055
1	0.00212	0.02312	0.30253	0.07268	0.02913	0.03990	0.04446	0.09108	0.24409	0.01644	0.01935	0.00788	0.05922	0.00113	0.00091	0.00029	0.00340	0.02888	0.00064	0.01275
2	0.00116	0.00089	0.00106	0.00108	0.00129	0.00079	0.00078	0.00144	0.00216	0.00284	0.36284	0.22462	0.37533	0.01350	0.00113	0.00032	0.00047	0.00665	0.00089	0.00079
3	0.00326	0.04985	0.00263	0.00225	0.00273	0.85430	0.00630	0.03474	0.00255	0.00233	0.00151	0.00660	0.00871	0.00101	0.01205	0.00025	0.00156	0.00061	0.00570	0.00106
4	0.00224	0.01966	0.02697	0.00186	0.00233	0.00417	0.06112	0.22436	0.05264	0.09280	0.06319	0.00975	0.03582	0.00830	0.00110	0.00034	0.00661	0.38479	0.00084	0.00113
5	0.00204	0.02397	0.74856	0.00985	0.01108	0.00212	0.06416	0.04689	0.01818	0.05575	0.00819	0.00207	0.00131	0.00089	0.00087	0.00028	0.00127	0.00072	0.00046	0.00134
6	0.00623	0.01864	0.27903	0.05162	0.14942	0.01306	0.38456	0.00931	0.00204	0.02639	0.00841	0.02407	0.00148	0.00089	0.00099	0.00029	0.01828	0.00357	0.00046	0.00126
7	0.00231	0.00197	0.00208	0.00185	0.00237	0.00228	0.00144	0.06212	0.90361	0.00389	0.00358	0.00329	0.00268	0.00121	0.00092	0.00030	0.00073	0.00101	0.00092	0.00143
8	0.00127	0.00099	0.00949	0.01868	0.00150	0.00089	0.01545	0.00165	0.01168	0.01536	0.51571	0.10969	0.26796	0.00205	0.00674	0.00031	0.00051	0.01833	0.00090	0.00084
9	0.00129	0.00096	0.00143	0.00143	0.00158	0.00111	0.00110	0.00159	0.00144	0.00208	0.00244	0.00366	0.00231	0.05495	0.91662	0.00142	0.00234	0.00098	0.00049	0.00079
10	0.03545	0.01436	0.01354	0.51801	0.10039	0.00214	0.24507	0.02433	0.01498	0.00267	0.00168	0.00234	0.00129	0.00087	0.00096	0.00030	0.01919	0.00085	0.00044	0.00112
11	0.00333	0.04316	0.00265	0.00229	0.00277	0.90583	0.00173	0.02354	0.00256	0.00228	0.00140	0.00163	0.00117	0.00093	0.00081	0.00023	0.00159	0.00058	0.00047	0.00106
12	0.00129	0.00095	0.00139	0.00140	0.00154	0.00109	0.00106	0.00157	0.00144	0.00206	0.00251	0.02129	0.00243	0.10874	0.84535	0.00137	0.00222	0.00103	0.00050	0.00078
13	0.00213	0.00243	0.00532	0.00380	0.00471	0.00228	0.95942	0.00289	0.00213	0.00289	0.00182	0.00243	0.00137	0.00076	0.00106	0.00030	0.00152	0.00106	0.00046	0.00122
14	0.00198	0.00187	0.00314	0.42309	0.48531	0.00207	0.00257	0.01084	0.00882	0.00266	0.00171	0.01323	0.00140	0.00100	0.01843	0.00031	0.01910	0.00083	0.00044	0.00122
15	0.00114	0.00091	0.00104	0.00110	0.00133	0.00080	0.00083	0.00140	0.00205	0.00257	0.10932	0.18839	0.55803	0.00236	0.00110	0.00033	0.00051	0.12514	0.00085	0.00077
16	0.00216	0.00188	0.00210	0.04831	0.06579	0.02099	0.00151	0.02797	0.70128	0.00748	0.03921	0.02836	0.04278	0.00128	0.00093	0.00030	0.00076	0.00471	0.00085	0.00133
17	0.00110	0.00085	0.00101	0.00112	0.00128	0.00075	0.00079	0.00130	0.00190	0.00242	0.05216	0.52760	0.38643	0.00256	0.00111	0.00034	0.00050	0.01519	0.00084	0.00075
18	0.00213	0.00243	0.00532	0.00380	0.00471	0.00228	0.95942	0.00289	0.00213	0.00289	0.00182	0.00243	0.00137	0.00076	0.00106	0.00030	0.00152	0.00106	0.00046	0.00122
19	0.00181	0.00466	0.96364	0.00257	0.00390	0.00209	0.00333	0.00286	0.00190	0.00286	0.00162	0.00190	0.00114	0.00086	0.00086	0.00029	0.00133	0.00067	0.00038	0.00133
20	0.00320	0.00233	0.00253	0.00833	0.00268	0.00252	0.00161	0.74397	0.07845	0.05285	0.01314	0.00234	0.00173	0.00107	0.00089	0.00026	0.00093	0.00082	0.00561	0.07473
21	0.00187	0.00162	0.00190	0.00137	0.00214	0.00125	0.00110	0.00227	0.00185	0.00291	0.00159	0.00187	0.00133	0.00070	0.00075	0.00014	0.03351	0.00054	0.00053	0.94075
22	0.87602	0.00192	0.00146	0.00129	0.00185	0.05258	0.00105	0.04969	0.00172	0.00403	0.00131	0.00151	0.00101	0.00085	0.00059	0.00028	0.00076	0.00051	0.00057	0.00101
23	0.00241	0.00211	0.00280	0.05345	0.38042	0.01523	0.00204	0.19541	0.28744	0.00367	0.00269	0.00283	0.04331	0.00105	0.00091	0.00028	0.00094	0.00091	0.00069	0.00139
24	0.00125	0.00092	0.00117	0.00111	0.00133	0.00084	0.00083	0.00166	0.00250	0.00349	0.86284	0.00694	0.10796	0.00189	0.00106	0.00029	0.00043	0.00166	0.00098	0.00084
25	0.00239	0.00548	0.00200	0.00152	0.01963	0.00133	0.00750	0.05264	0.00568	0.19956	0.01083	0.02170	0.00169	0.00084	0.00075	0.00018	0.00071	0.00069	0.00068	0.66418
26	0.03662	0.00155	0.00202	0.00154	0.00225	0.00132	0.00126	0.00392	0.00241	0.74227	0.00310	0.00278	0.00201	0.00102	0.00085	0.00025	0.00075	0.00082	0.00098	0.19228
27	0.97468	0.00174	0.00133	0.00119	0.00174	0.00202	0.00098	0.00265	0.00153	0.00405	0.00126	0.00146	0.00098	0.00084	0.00056	0.00028	0.00070	0.00049	0.00056	0.00098
28	0.00170	0.00160	0.00270	0.96615	0.00621	0.00200	0.00250	0.00230	0.00180	0.00230	0.00160	0.00240	0.00120	0.00090	0.00090	0.00030	0.00120	0.00080	0.00040	0.00100
29	0.00111	0.00081	0.00105	0.00120	0.00130	0.00075	0.00082	0.00131	0.00185	0.00245	0.10297	0.76270	0.11302	0.00266	0.00113	0.00035	0.00051	0.00239	0.00085	0.00075
30	0.00187	0.00160	0.00187	0.00134	0.00214	0.00120	0.00107	0.00227	0.00187	0.00294	0.00160	0.00187	0.00134	0.00067	0.00067	0.00013	0.00067	0.00053	0.00053	0.97383
31	0.00171	0.00161	0.00270	0.95714	0.00617	0.00201	0.00250	0.00230	0.00180	0.00230	0.00160	0.00240	0.00120	0.00091	0.00092	0.00030	0.01023	0.00080	0.00040	0.00100
32	0.00272	0.00210	0.00256	0.00207	0.00254	0.00244	0.03213	0.48002	0.06505	0.04404	0.00213	0.00243	0.00166	0.00192	0.12531	0.00045	0.21997	0.00085	0.00831	0.00129
33	0.00212	0.00206	0.01189	0.19874	0.76188	0.00211	0.00272	0.00267	0.00200	0.00282	0.00168	0.00226	0.00138	0.00082	0.00089	0.00027	0.00110	0.00080	0.00044	0.00134
34	0.00217	0.46690	0.41325	0.00203	0.00990	0.00931	0.00230	0.02916	0.01978	0.00260	0.00149	0.00172	0.00120	0.00082	0.00072	0.00024	0.00111	0.00058	0.00041	0.03431
35	0.00197	0.00108	0.00139	0.00122	0.00156	0.00099	0.00095	0.01277	0.00989	0.22914	0.57968	0.00568	0.07421	0.00163	0.00099	0.00028	0.00052	0.00141	0.07362	0.00102
36	0.00115	0.00099	0.00100	0.00099	0.00128	0.01872	0.00075	0.00142	0.01149	0.00255	0.09539	0.03414	0.80013	0.00227	0.01118	0.00032	0.00051	0.01411	0.00084	0.00078
37	0.00112	0.00080	0.00105	0.00123	0.00130	0.00074	0.00083	0.00130	0.00176	0.00237	0.03655	0.87346	0.02542	0.01363	0.00117	0.00036	0.00052	0.01021	0.02543	0.00074
38	0.00126	0.00098	0.00630	0.00139	0.00881	0.00522	0.00658	0.00167	0.09278	0.00248	0.03446	0.76769	0.01267	0.01278	0.01911	0.00038	0.01813	0.00567	0.00082	0.00082
