[name]
unknown

[dist]
# distance from previous block
# <min> <max>
0	465

[block]
# block no. 0 follows, 334 sequences, length 29
# corresponding to MSA columns:
# 546-562,567-569,579-582,634,635,644-646
name=unknown_A
#
# <colnr> <probs for GDERKNQSTAVLIFYWHMCP>
#	G	D	E	R	K	N	Q	S	T	A	V	L	I	F	Y	W	H	M	C	P
0	0.02595	0.00193	0.00267	0.44545	0.02437	0.04053	0.00878	0.08463	0.03893	0.18845	0.02560	0.01644	0.00832	0.00139	0.03470	0.00037	0.04277	0.00676	0.00070	0.00127
1	0.21356	0.00128	0.00148	0.00140	0.00162	0.00143	0.01666	0.00194	0.00159	0.00268	0.01469	0.00430	0.01242	0.35211	0.30506	0.00675	0.04210	0.00109	0.01131	0.00653
2	0.01537	0.00111	0.00136	0.02511	0.01339	0.00105	0.00100	0.00193	0.03718	0.02259	0.48724	0.07435	0.28539	0.00214	0.00117	0.00033	0.01024	0.01712	0.00098	0.00095
3	0.00707	0.00129	0.00173	0.05952	0.00785	0.00917	0.05092	0.02320	0.04386	0.00585	0.02925	0.18720	0.01053	0.03198	0.01240	0.18665	0.00079	0.00430	0.19920	0.12722
4	0.00234	0.00250	0.01696	0.00354	0.00446	0.00232	0.70629	0.03320	0.01602	0.01734	0.00207	0.01444	0.00162	0.00091	0.00116	0.00031	0.03179	0.00907	0.00055	0.13311
5	0.00138	0.00089	0.00110	0.00125	0.00137	0.00085	0.00087	0.00164	0.00199	0.00287	0.02985	0.61412	0.05828	0.00252	0.00111	0.00035	0.00055	0.03000	0.24819	0.00084
6	0.00225	0.00943	0.02858	0.25211	0.27099	0.00234	0.32991	0.01915	0.01376	0.01532	0.00201	0.02147	0.00161	0.00098	0.00109	0.00032	0.02019	0.00662	0.00051	0.00133
7	0.00217	0.00209	0.01433	0.49576	0.39718	0.00916	0.01475	0.02994	0.00217	0.00292	0.00185	0.01223	0.00148	0.00097	0.00100	0.00031	0.00900	0.00090	0.00048	0.00131
8	0.00129	0.00094	0.00118	0.00130	0.00146	0.00085	0.00092	0.00154	0.00215	0.01499	0.17425	0.54713	0.19826	0.00274	0.00122	0.00037	0.00056	0.04705	0.00095	0.00085
9	0.00222	0.08290	0.05242	0.01355	0.01625	0.03321	0.03889	0.09609	0.27340	0.01598	0.19868	0.02989	0.10770	0.00153	0.00107	0.00031	0.01992	0.00128	0.01345	0.00127
10	0.00131	0.00093	0.00111	0.00118	0.00128	0.00088	0.00077	0.00145	0.00186	0.00245	0.10251	0.34332	0.15292	0.38042	0.00271	0.00060	0.00070	0.00205	0.00081	0.00074
11	0.01407	0.04416	0.11101	0.10216	0.14909	0.06833	0.06903	0.10582	0.01629	0.01984	0.05724	0.03536	0.04839	0.01695	0.01401	0.00035	0.11092	0.00104	0.01468	0.00127
12	0.00142	0.00102	0.00138	0.00139	0.00150	0.00112	0.00099	0.00164	0.00158	0.00222	0.01923	0.04391	0.01278	0.33298	0.55409	0.00127	0.00811	0.00128	0.01131	0.00078
13	0.00241	0.02410	0.00165	0.00137	0.00176	0.02712	0.00108	0.25283	0.00275	0.00425	0.00287	0.00320	0.00222	0.00116	0.00082	0.00025	0.01976	0.00089	0.64839	0.00113
14	0.00720	0.28584	0.16169	0.05676	0.26437	0.03342	0.03156	0.01837	0.00563	0.01499	0.00174	0.00212	0.00142	0.00091	0.00088	0.00026	0.01671	0.00073	0.01971	0.07568
15	0.01261	0.08219	0.07187	0.06010	0.09248	0.04888	0.01220	0.09587	0.09811	0.02224	0.01461	0.02986	0.02341	0.05685	0.03979	0.18117	0.04266	0.01335	0.00062	0.00112
16	0.20383	0.00751	0.00633	0.03108	0.01260	0.05097	0.01324	0.20429	0.00839	0.19971	0.00233	0.01258	0.00180	0.02139	0.02304	0.10652	0.07984	0.01252	0.00077	0.00125
17	0.47765	0.02134	0.01110	0.01822	0.01601	0.00786	0.06077	0.01198	0.03187	0.07777	0.04839	0.00567	0.00179	0.00107	0.01132	0.00030	0.02784	0.00074	0.00067	0.16765
18	0.06055	0.05506	0.00803	0.00216	0.00815	0.00902	0.01756	0.67885	0.03585	0.06845	0.01662	0.00561	0.00184	0.00431	0.00098	0.00030	0.01039	0.00088	0.00428	0.01111
19	0.01805	0.00271	0.00295	0.00228	0.00303	0.03375	0.03276	0.80438	0.00426	0.03710	0.00236	0.00241	0.00169	0.00117	0.00102	0.00030	0.02138	0.00089	0.02592	0.00161
20	0.00847	0.01865	0.00705	0.49721	0.15076	0.02347	0.02743	0.03513	0.01157	0.06640	0.01439	0.07220	0.01254	0.00583	0.01629	0.00035	0.02629	0.00418	0.00058	0.00121
21	0.77202	0.01159	0.00181	0.02359	0.01294	0.05349	0.02208	0.01359	0.00695	0.01102	0.00147	0.00178	0.00117	0.00987	0.00082	0.00031	0.04344	0.00060	0.00437	0.00706
22	0.00200	0.00126	0.00162	0.00157	0.00191	0.00121	0.00930	0.00262	0.09666	0.15601	0.22069	0.11448	0.10804	0.01109	0.00122	0.00037	0.00071	0.26716	0.00100	0.00108
23	0.00203	0.00207	0.01869	0.77071	0.03748	0.09102	0.00259	0.00266	0.01196	0.00257	0.00918	0.00748	0.02308	0.00106	0.00100	0.00032	0.00764	0.00686	0.00047	0.00112
24	0.01599	0.15705	0.29051	0.02520	0.01396	0.07255	0.05202	0.05254	0.11196	0.12913	0.00247	0.01818	0.01274	0.04021	0.00108	0.00032	0.00119	0.00088	0.00066	0.00138
25	0.00144	0.00099	0.00122	0.00122	0.00127	0.00104	0.00078	0.00153	0.00150	0.00205	0.01248	0.02089	0.01327	0.66832	0.22907	0.02193	0.01298	0.00135	0.00599	0.00068
26	0.00126	0.00096	0.00115	0.00123	0.00143	0.00087	0.00089	0.00153	0.00219	0.00283	0.18058	0.33751	0.34860	0.04513	0.00138	0.00039	0.00057	0.06974	0.00093	0.00083
27	0.01029	0.03829	0.45104	0.08363	0.11360	0.02133	0.04804	0.02048	0.05882	0.06803	0.00712	0.04206	0.00797	0.00109	0.00098	0.00031	0.00939	0.00548	0.00056	0.01147
28	0.01996	0.05229	0.14017	0.07662	0.11106	0.17652	0.06565	0.14050	0.08000	0.00708	0.00198	0.00237	0.00156	0.01206	0.01383	0.00033	0.09526	0.00084	0.00059	0.00135

[dist]
# distance from previous block
# <min> <max>
1	20

[block]
# block no. 1 follows, 334 sequences, length 17
# corresponding to MSA columns:
# 669-681,687-690
name=unknown_B
#
# <colnr> <probs for GDERKNQSTAVLIFYWHMCP>
#	G	D	E	R	K	N	Q	S	T	A	V	L	I	F	Y	W	H	M	C	P
0	0.00150	0.00097	0.00126	0.00135	0.00152	0.00089	0.00096	0.00175	0.00214	0.07342	0.17639	0.59401	0.05530	0.03672	0.00134	0.00039	0.00059	0.03316	0.01546	0.00089
1	0.00849	0.02248	0.07077	0.00192	0.05114	0.01202	0.03956	0.02928	0.04516	0.04275	0.20453	0.07696	0.04763	0.00581	0.01061	0.00896	0.00813	0.02952	0.00077	0.28351
2	0.01230	0.31976	0.13642	0.03722	0.07899	0.01735	0.07339	0.05598	0.06958	0.10390	0.01977	0.00844	0.00737	0.00595	0.00093	0.00028	0.01660	0.00081	0.00062	0.03435
3	0.00141	0.00094	0.00114	0.00118	0.00121	0.00094	0.00073	0.00145	0.00157	0.00210	0.02699	0.16296	0.02887	0.63179	0.05520	0.06507	0.00095	0.01419	0.00066	0.00065
4	0.02551	0.00190	0.01988	0.02994	0.17368	0.00175	0.01940	0.03102	0.04820	0.58615	0.01068	0.00330	0.03042	0.00118	0.00099	0.00031	0.00092	0.00100	0.01221	0.00157
5	0.00829	0.04421	0.21798	0.23985	0.24406	0.01997	0.06236	0.02699	0.01927	0.06845	0.00205	0.02435	0.00160	0.00102	0.00100	0.00031	0.01543	0.00090	0.00054	0.00137
6	0.02614	0.02833	0.09404	0.16579	0.21078	0.05174	0.13270	0.07947	0.03368	0.12469	0.00779	0.02360	0.00177	0.00105	0.00100	0.00031	0.00861	0.00094	0.00616	0.00140
7	0.00317	0.00380	0.03198	0.01508	0.00291	0.62119	0.00757	0.06354	0.01687	0.00269	0.00784	0.00221	0.00151	0.02949	0.04133	0.01568	0.12010	0.00075	0.01114	0.00114
8	0.00210	0.00892	0.00996	0.01435	0.02663	0.00143	0.01980	0.02826	0.00212	0.01052	0.00190	0.03154	0.00163	0.00083	0.00077	0.00017	0.00078	0.00069	0.00060	0.83701
9	0.20735	0.05501	0.05607	0.01534	0.00338	0.01350	0.28394	0.13557	0.03653	0.02558	0.00192	0.00235	0.00149	0.00114	0.01098	0.01477	0.09676	0.00675	0.00061	0.03097
10	0.00151	0.00116	0.00147	0.00139	0.00168	0.00110	0.03018	0.01506	0.07958	0.01917	0.40167	0.17070	0.23805	0.00228	0.01313	0.00035	0.00060	0.01896	0.00098	0.00097
11	0.03169	0.02653	0.44979	0.00226	0.02697	0.01555	0.01902	0.01150	0.04831	0.04755	0.28538	0.01376	0.00386	0.00132	0.00102	0.00031	0.00675	0.00645	0.00070	0.00129
12	0.00137	0.00100	0.00122	0.00121	0.00141	0.00093	0.00087	0.00170	0.01438	0.00312	0.42517	0.08879	0.20826	0.17020	0.00188	0.01249	0.00060	0.05500	0.00956	0.00084
13	0.00178	0.02989	0.04744	0.01098	0.00217	0.01189	0.04682	0.02083	0.07216	0.03099	0.25776	0.03271	0.03943	0.00361	0.32623	0.00075	0.05528	0.00129	0.00693	0.00105
14	0.00167	0.00132	0.02034	0.00146	0.01102	0.01228	0.00112	0.00243	0.13816	0.04039	0.52631	0.10350	0.10643	0.00201	0.00113	0.00033	0.00059	0.01969	0.00101	0.00881
15	0.00259	0.01032	0.09738	0.05076	0.17516	0.02971	0.14785	0.23100	0.10486	0.01412	0.04738	0.03620	0.00229	0.00135	0.02852	0.00035	0.00782	0.01022	0.00071	0.00142
16	0.00203	0.00191	0.04192	0.02533	0.04119	0.01883	0.07521	0.00937	0.03605	0.02441	0.04293	0.12142	0.01682	0.00128	0.00106	0.00026	0.05480	0.02619	0.00066	0.45833

[dist]
# distance from previous block
# <min> <max>
2	6

[block]
# block no. 2 follows, 334 sequences, length 10
# corresponding to MSA columns:
# 711-720
name=unknown_C
#
# <colnr> <probs for GDERKNQSTAVLIFYWHMCP>
#	G	D	E	R	K	N	Q	S	T	A	V	L	I	F	Y	W	H	M	C	P
0	0.05025	0.01023	0.06571	0.28306	0.19241	0.05468	0.10273	0.03526	0.02699	0.03050	0.01113	0.01143	0.01627	0.00112	0.00965	0.00033	0.06232	0.00092	0.01746	0.01755
1	0.05296	0.02047	0.04470	0.01752	0.01361	0.01889	0.03657	0.08031	0.04460	0.08925	0.08277	0.01943	0.02806	0.01498	0.00192	0.00036	0.38069	0.00100	0.00067	0.05124
2	0.00220	0.00174	0.00205	0.00149	0.00233	0.00135	0.00119	0.00271	0.03154	0.06884	0.02848	0.00233	0.00179	0.00082	0.00077	0.00017	0.00073	0.00066	0.00065	0.84817
3	0.00193	0.00162	0.00230	0.10859	0.11988	0.01725	0.05179	0.07202	0.03125	0.01769	0.17303	0.09667	0.09129	0.04328	0.07662	0.00045	0.05368	0.01257	0.02700	0.00110
4	0.00149	0.00102	0.00125	0.00129	0.00153	0.00092	0.00096	0.00179	0.00227	0.06927	0.20368	0.29480	0.29923	0.02908	0.00130	0.00037	0.00059	0.08730	0.00096	0.00090
5	0.00188	0.00163	0.02123	0.18089	0.11466	0.00933	0.01996	0.02285	0.11533	0.01899	0.26481	0.06189	0.07186	0.00169	0.02101	0.00034	0.01548	0.00136	0.05367	0.00114
6	0.34595	0.00170	0.00187	0.00154	0.00217	0.00170	0.00125	0.01666	0.02111	0.47875	0.04767	0.00316	0.00237	0.03950	0.00103	0.00033	0.00080	0.01535	0.01571	0.00136
7	0.00196	0.02337	0.49319	0.02518	0.03478	0.01100	0.02878	0.02087	0.04124	0.00296	0.03132	0.03498	0.01525	0.10856	0.03950	0.00045	0.07621	0.00861	0.00053	0.00125
8	0.00148	0.00109	0.00156	0.00154	0.00171	0.00124	0.00118	0.02706	0.00164	0.00234	0.00264	0.00404	0.00252	0.09676	0.81373	0.03459	0.00238	0.00108	0.00054	0.00086
9	0.01045	0.00120	0.00158	0.07706	0.05094	0.00948	0.00123	0.02037	0.01149	0.06985	0.05237	0.50292	0.13776	0.00240	0.00116	0.00036	0.00070	0.02605	0.01185	0.01077

[dist]
# distance from previous block
# <min> <max>
5	57

[block]
# block no. 3 follows, 334 sequences, length 27
# corresponding to MSA columns:
# 785-790,799-819
name=unknown_D
#
# <colnr> <probs for GDERKNQSTAVLIFYWHMCP>
#	G	D	E	R	K	N	Q	S	T	A	V	L	I	F	Y	W	H	M	C	P
0	0.00153	0.00714	0.14369	0.00162	0.01423	0.00123	0.01980	0.00811	0.01680	0.01533	0.26735	0.10780	0.27563	0.02286	0.00124	0.00035	0.00729	0.08612	0.00087	0.00100
1	0.07266	0.06704	0.01486	0.02512	0.02095	0.06034	0.01089	0.19167	0.02454	0.02755	0.01608	0.04975	0.02139	0.01010	0.00580	0.00028	0.02304	0.00552	0.24924	0.10317
2	0.00865	0.00103	0.00128	0.00129	0.00152	0.00096	0.00095	0.00192	0.03102	0.03956	0.38498	0.27834	0.12928	0.00857	0.00117	0.00034	0.00055	0.03514	0.06614	0.00732
3	0.01825	0.01381	0.01430	0.26586	0.22530	0.07876	0.01720	0.06202	0.06589	0.06320	0.00489	0.00265	0.00701	0.00592	0.01655	0.00034	0.10547	0.00447	0.00964	0.01845
4	0.07471	0.06609	0.03282	0.03166	0.12918	0.47452	0.01507	0.08856	0.00642	0.01169	0.00175	0.00209	0.00142	0.00108	0.01172	0.00029	0.01135	0.00566	0.02552	0.00840
5	0.00591	0.00144	0.01102	0.02785	0.22663	0.00560	0.02589	0.00572	0.00201	0.00277	0.01160	0.27462	0.00410	0.12632	0.04142	0.00049	0.00995	0.18107	0.02769	0.00791
6	0.02372	0.12188	0.15927	0.01301	0.02476	0.07729	0.04263	0.18077	0.24365	0.03559	0.00251	0.01149	0.00528	0.00110	0.00093	0.00029	0.00618	0.00087	0.00073	0.04803
7	0.01491	0.01678	0.04030	0.12738	0.06916	0.01741	0.01346	0.13642	0.02030	0.16530	0.06091	0.01897	0.01728	0.01108	0.00537	0.00029	0.01546	0.01150	0.02794	0.20978
8	0.01177	0.15993	0.35062	0.03454	0.05515	0.06522	0.07883	0.03857	0.05256	0.03006	0.00741	0.03618	0.00171	0.00485	0.00450	0.01111	0.01719	0.00624	0.00054	0.03304
9	0.03761	0.11869	0.47529	0.00288	0.02737	0.00825	0.19688	0.01360	0.03037	0.01842	0.00191	0.00557	0.00147	0.00106	0.01089	0.00860	0.02713	0.01217	0.00049	0.00137
10	0.00125	0.00099	0.00110	0.00109	0.00138	0.00086	0.00081	0.00156	0.00240	0.00306	0.30008	0.04825	0.61654	0.00236	0.00116	0.00033	0.00049	0.00200	0.01343	0.00086
11	0.02740	0.02513	0.07850	0.04842	0.04009	0.03882	0.05526	0.08535	0.02220	0.13385	0.06644	0.22237	0.02666	0.00181	0.02034	0.00035	0.01397	0.03447	0.05118	0.00741
12	0.02040	0.05191	0.18048	0.07097	0.20942	0.03663	0.18757	0.01768	0.02176	0.05713	0.01480	0.05210	0.00666	0.00126	0.01719	0.02075	0.01433	0.01313	0.00057	0.00525
13	0.00190	0.00154	0.01565	0.01928	0.23014	0.00469	0.02045	0.01025	0.02422	0.01422	0.04002	0.15851	0.03337	0.00231	0.01735	0.28011	0.09773	0.01907	0.00822	0.00097
14	0.00191	0.00111	0.00142	0.00136	0.00166	0.00101	0.00103	0.00227	0.00944	0.18195	0.32112	0.21537	0.15265	0.02461	0.00124	0.00035	0.00060	0.05760	0.02228	0.00102
15	0.02255	0.07420	0.24063	0.02648	0.08251	0.09349	0.14226	0.04003	0.13531	0.01252	0.01885	0.01473	0.00965	0.00121	0.01277	0.01033	0.03803	0.01918	0.00392	0.00134
16	0.00182	0.00617	0.00783	0.08625	0.14268	0.04169	0.02227	0.02987	0.02758	0.01234	0.02787	0.34524	0.02413	0.08200	0.05171	0.01690	0.05054	0.02137	0.00071	0.00103
17	0.00144	0.00098	0.00130	0.00651	0.00159	0.00095	0.00104	0.00167	0.00196	0.04453	0.01202	0.63386	0.04849	0.03769	0.05376	0.00048	0.02062	0.10591	0.02433	0.00086
18	0.00217	0.00173	0.00258	0.47576	0.09038	0.01273	0.00215	0.04756	0.06884	0.08906	0.03463	0.14095	0.01006	0.00933	0.00106	0.00034	0.00107	0.00122	0.00720	0.00119
19	0.05394	0.23303	0.04517	0.01484	0.01047	0.25497	0.01463	0.07554	0.21435	0.01622	0.00593	0.00974	0.00181	0.00111	0.00093	0.00600	0.02275	0.00672	0.01053	0.00131
20	0.00919	0.00663	0.02593	0.15428	0.01963	0.00964	0.27307	0.22039	0.03473	0.15644	0.00246	0.00790	0.00708	0.00111	0.00116	0.00032	0.05201	0.01162	0.00499	0.00141
21	0.01647	0.01323	0.02824	0.00227	0.02214	0.03110	0.04198	0.60294	0.05322	0.04731	0.00950	0.06978	0.00943	0.00135	0.00107	0.02010	0.00742	0.00104	0.01990	0.00150
22	0.88671	0.01708	0.00161	0.00140	0.01156	0.01693	0.00114	0.03592	0.00181	0.00439	0.00142	0.00164	0.00110	0.00092	0.00063	0.00030	0.00080	0.00055	0.00062	0.01346
23	0.03399	0.08451	0.11791	0.13865	0.03641	0.04358	0.02434	0.02927	0.01494	0.08414	0.05979	0.19079	0.01696	0.01779	0.03962	0.00038	0.02540	0.01187	0.00069	0.02897
24	0.02760	0.14705	0.11107	0.02888	0.33351	0.04547	0.05822	0.02636	0.02897	0.02119	0.00190	0.01225	0.00157	0.00095	0.00094	0.00027	0.02141	0.00869	0.00053	0.12317
25	0.00498	0.02119	0.04381	0.01527	0.01784	0.04341	0.02413	0.04377	0.06336	0.04850	0.15335	0.12217	0.30778	0.01471	0.01973	0.00551	0.02091	0.01093	0.00086	0.01780
26	0.01452	0.00705	0.01695	0.09948	0.15190	0.02505	0.03903	0.05075	0.05073	0.02233	0.12563	0.03833	0.19874	0.04341	0.03610	0.01135	0.02716	0.03219	0.00075	0.00855

[dist]
# distance from previous block
# <min> <max>
12	31

[block]
# block no. 4 follows, 334 sequences, length 11
# corresponding to MSA columns:
# 906-908,910,935-941
name=unknown_E
#
# <colnr> <probs for GDERKNQSTAVLIFYWHMCP>
#	G	D	E	R	K	N	Q	S	T	A	V	L	I	F	Y	W	H	M	C	P
0	0.00157	0.00111	0.00130	0.00121	0.00155	0.00098	0.00092	0.00199	0.03079	0.07563	0.38804	0.03205	0.42526	0.00213	0.00114	0.00032	0.00053	0.00182	0.00100	0.03068
1	0.00229	0.00237	0.00463	0.32306	0.00553	0.00244	0.56129	0.08012	0.00239	0.00319	0.00194	0.00262	0.00145	0.00091	0.00109	0.00033	0.00150	0.00105	0.00052	0.00128
2	0.86368	0.00219	0.07916	0.00145	0.00213	0.00224	0.00130	0.03247	0.00180	0.00437	0.00144	0.00166	0.00110	0.00092	0.00065	0.00031	0.00083	0.00056	0.00061	0.00112
3	0.00169	0.00864	0.01328	0.01338	0.01002	0.00934	0.11458	0.00236	0.10638	0.01932	0.13164	0.08165	0.26942	0.00866	0.09545	0.00046	0.00841	0.05323	0.00082	0.05125
4	0.00168	0.00087	0.00129	0.00129	0.00130	0.00088	0.00087	0.00132	0.00131	0.00175	0.00182	0.00319	0.00183	0.04355	0.05892	0.87536	0.00096	0.00089	0.00044	0.00046
5	0.00285	0.01764	0.00293	0.03553	0.09304	0.05847	0.03279	0.33028	0.21591	0.00422	0.00266	0.00293	0.02281	0.00129	0.00132	0.00033	0.14280	0.01775	0.01301	0.00144
6	0.08866	0.00194	0.00229	0.00201	0.08510	0.01870	0.01518	0.03705	0.08736	0.04429	0.01112	0.01070	0.01046	0.00093	0.00087	0.00022	0.02462	0.00074	0.00066	0.55711
7	0.03720	0.06481	0.01493	0.00153	0.00180	0.01839	0.02637	0.05615	0.01286	0.05240	0.01230	0.14611	0.01196	0.36688	0.04683	0.01345	0.00753	0.10685	0.00072	0.00091
8	0.00197	0.01091	0.00216	0.00196	0.00998	0.01165	0.00931	0.01276	0.20799	0.01469	0.05133	0.13672	0.03518	0.08008	0.02162	0.02512	0.30208	0.04784	0.00073	0.01590
9	0.08926	0.04104	0.04403	0.01610	0.08000	0.20506	0.04691	0.05504	0.05090	0.06331	0.05781	0.08078	0.00253	0.04662	0.02638	0.05040	0.03169	0.00104	0.00067	0.01043
10	0.04484	0.04523	0.05608	0.10242	0.18194	0.05214	0.04243	0.05089	0.02554	0.06579	0.10333	0.06139	0.01659	0.06179	0.01363	0.00036	0.01525	0.01432	0.00068	0.04536

[dist]
# distance from previous block
# <min> <max>
0	253

# created by:
# /home/berkeley/.conda/envs/busco_data_prod/bin/msa2prfl.pl pipeline/OGs_align_augustus/2759/88.fs
